### header ###
fiducial parameters:
Omega_m = 0.31
Omega_nu = 0
Omega_de = 0.69
Omega_k = 0
H_0 = 100
w_de = -1
zeff = 0
beta = 0
fgrowth = 0
b_1 = 2
gamma = 0.55
Lx = 3500 Ly = 3500 Lz = 3500
nx = 700 ny = 700 nz = 700
xoffset = -685.467585 yoffset = -31.7331281 zoffset = 572.489161
bins = 400 dk = 0.001
kx_ny = 0.628318531 ky_ny = 0.628318531 kz_ny = 0.628318531
############################
A(data) = 8.03778653 (not used)
A(ran) = 8.0401944 (used)
Ngal = 478038
weighted Ngal = 0
Nran = 23820508
weighted Nran = 0
SN(data) = 3480.89331
SN(ran) = 70.0330092
SN(data+ran) = 3550.92632
############################
13 columns: k_central k_mean P_0(k) sigma^{lin}_{P_0(k)} P^img_1(k) sigma^{lin}_{P_1(k)} P_2(k) sigma^{lin}_{P_2(k)} P^img_3(k) sigma^{lin}_{P_3(k)} P_4(k) sigma^{lin}_{P_4(k)} N_modes
### header ###
0.00050000 0 0 0 0 0 0 0 0 0 0 0 0
0.00150000 0.00179520 12467.76991554 0 -23081.47904020 0 -8612.85145133 0 -26092.26560488 0 -11424.97836412 0 3
0.00250000 0.00253879 26196.01328844 0 -25786.11582365 0 -33925.38179784 0 18559.32013777 0 -2150.74373440 0 6
0.00350000 0.00331552 55175.94120602 0 -53694.35342204 0 -40467.90780993 0 9816.73425654 0 -16963.13379191 0 7
0.00450000 0.00420575 75547.80091660 0 -50652.67507111 0 -55909.03983227 0 -20175.32594505 0 -12124.19567642 0 24
0.00550000 0.00557378 115496.52741578 0 -16264.24864936 0 -36587.39013073 0 -51756.80730202 0 -8837.13246286 0 45
0.00650000 0.00659388 92404.30822051 0 11833.65787318 0 -38100.97693344 0 -64927.66984355 0 33699.17420179 0 40
0.00750000 0.00754703 97954.64320560 0 20741.45391303 0 -33890.17180491 0 -38571.99363123 0 6853.70262879 0 57
0.00850000 0.00846663 77239.98431864 0 10344.29731717 0 -33911.20922207 0 -17993.19216979 0 35250.51763213 0 75
0.00950000 0.00948925 94092.17341586 0 -5799.08583447 0 -22508.15406109 0 -14269.23716353 0 -24442.37848366 0 112
0.01050000 0.01054430 81381.91958680 0 4919.53356785 0 -13778.95462056 0 3260.76644212 0 -14216.86506714 0 105
0.01150000 0.01145670 77481.02882994 0 7920.49898042 0 -15784.92770796 0 -17761.55913458 0 -6916.75951864 0 144
0.01250000 0.01249090 69079.12731105 0 10216.29016994 0 -21265.94993968 0 12597.98045541 0 -14693.08575759 0 169
0.01350000 0.01339930 62388.67503939 0 1381.78184807 0 -7024.95827676 0 -4547.27093512 0 -18913.74525521 0 180
0.01450000 0.01448870 63783.23435029 0 -2357.84049781 0 -4218.09071826 0 -6047.39379085 0 -16361.90655426 0 267
0.01550000 0.01550050 68713.85131529 0 3548.18184976 0 8928.96632490 0 -18344.73848278 0 4069.71049337 0 238
0.01650000 0.01653350 65050.90481878 0 3354.56010566 0 18767.03695136 0 -16624.32065246 0 18270.88607624 0 315
0.01750000 0.01747870 65849.55160795 0 1359.90293423 0 19001.43806778 0 5185.20292955 0 11731.34959185 0 297
0.01850000 0.01844180 73432.76542974 0 -7460.02313586 0 31799.82760240 0 4644.76275515 0 24269.20732349 0 388
0.01950000 0.01947590 78358.28912532 0 -1656.65231169 0 39750.86405467 0 16312.08109257 0 18071.80567600 0 399
0.02050000 0.02045430 73947.18564082 0 4195.62497120 0 31820.53284981 0 14771.58854056 0 14439.08662625 0 462
0.02150000 0.02154770 71625.65129609 0 5824.59647085 0 24606.80250722 0 3864.78390562 0 11891.01251574 0 571
0.02250000 0.02255340 61358.61666151 0 3681.71408707 0 22632.16409906 0 -1046.54839123 0 15287.33743061 0 510
0.02350000 0.02348930 62538.70504068 0 1474.12503706 0 16107.46452993 0 -1612.81697773 0 1028.61786842 0 555
0.02450000 0.02439640 60834.45280459 0 2701.20436276 0 20413.82382164 0 657.53665275 0 -4258.34969130 0 592
0.02550000 0.02547300 60286.37272607 0 -290.29531933 0 16491.00986164 0 -5714.47112820 0 383.37703238 0 837
0.02650000 0.02652900 60435.07404838 0 4688.62023376 0 23240.80979434 0 -6340.93219412 0 4989.59923930 0 723
0.02750000 0.02749970 59895.74110647 0 2453.35037169 0 24770.00857504 0 3517.35649746 0 5568.64861034 0 826
0.02850000 0.02848090 58763.37444726 0 -856.39339203 0 28682.74671946 0 3530.87580607 0 2501.93573300 0 831
0.02950000 0.02946900 58415.92489446 0 2637.30597623 0 25319.08516280 0 3972.88301283 0 -2163.08937657 0 996
0.03050000 0.03053250 56741.90010512 0 1247.86207939 0 29503.42743501 0 3129.60368232 0 -2413.04710935 0 1041
0.03150000 0.03150510 55225.10232822 0 900.01724458 0 24763.91879639 0 -1802.69627605 0 2049.05550326 0 1036
0.03250000 0.03246190 55060.45685816 0 987.58051094 0 23985.09146865 0 4557.67892045 0 -12555.90562110 0 1059
0.03350000 0.03345080 54854.51161654 0 647.68671259 0 18769.69430932 0 1072.55617500 0 -11850.15563716 0 1302
0.03450000 0.03451200 54459.67251350 0 534.43897435 0 20902.00262290 0 4581.82766088 0 -12265.25709461 0 1339
0.03550000 0.03553350 52725.96789340 0 2061.75545983 0 17854.56666306 0 -2518.41135233 0 -8799.96266844 0 1365
0.03650000 0.03647120 53073.86033920 0 4518.29466107 0 17012.18419086 0 3281.33882163 0 -4993.37490206 0 1308
0.03750000 0.03744890 48207.90575115 0 2417.25459278 0 22369.63927761 0 2683.66580024 0 -3192.84880168 0 1579
0.03850000 0.03847530 46367.24247330 0 -219.93180234 0 20440.61884770 0 3210.74167859 0 18.07103061 0 1662
0.03950000 0.03950240 47020.73108410 0 411.47084214 0 23218.11152846 0 3208.16182690 0 -503.54386640 0 1683
0.04050000 0.04050350 46377.87190513 0 898.81368287 0 22046.77028590 0 -862.52192382 0 -2031.20691566 0 1822
0.04150000 0.04152450 45580.44307169 0 1207.84669749 0 20418.14202832 0 -648.57360581 0 -2445.32293620 0 1887
0.04250000 0.04250150 44390.05743043 0 1288.23177568 0 20895.35922800 0 512.95644973 0 390.08464676 0 1920
0.04350000 0.04349210 42791.10300337 0 2107.59488458 0 18317.38984048 0 447.32856607 0 -4905.25026883 0 2005
0.04450000 0.04448520 43722.06407413 0 118.83151165 0 17757.79454414 0 5136.01966270 0 -2746.41266499 0 2151
0.04550000 0.04548030 41044.11159349 0 481.16005455 0 16715.77805546 0 1297.54360085 0 -5373.97499538 0 2274
0.04650000 0.04648670 40973.47016115 0 2792.03064324 0 17263.85813399 0 3475.44774803 0 -4797.33939115 0 2311
0.04750000 0.04749250 38207.93559119 0 2454.07007280 0 16434.43028182 0 934.31709240 0 -291.84876650 0 2568
0.04850000 0.04851840 36290.31965585 0 496.39889520 0 14657.87576467 0 2234.73839047 0 1539.08636677 0 2493
0.04950000 0.04949480 36800.31093700 0 284.65839876 0 16791.40203397 0 1186.23351945 0 1210.19403035 0 2644
0.05050000 0.05050630 37893.70301284 0 -1023.59435465 0 15495.05424421 0 842.11562917 0 -1404.84550067 0 2829
0.05150000 0.05149060 36320.32565611 0 864.17834361 0 15383.44521003 0 -1541.63300147 0 3601.62796166 0 2784
0.05250000 0.05249300 36414.44041707 0 1361.27590250 0 14900.58112469 0 585.84445678 0 -108.64563716 0 3055
0.05350000 0.05348950 35584.34822541 0 15.70996807 0 15112.39469847 0 2412.01738314 0 -186.99827940 0 3009
0.05450000 0.05448610 35177.66173482 0 1395.34544597 0 13673.54608829 0 1448.80263020 0 -2046.05490324 0 3336
0.05550000 0.05550870 33907.00173864 0 1301.91716915 0 13177.17376667 0 -136.33796442 0 -2967.30554512 0 3349
0.05650000 0.05647670 33447.05736567 0 1213.11712411 0 12570.18892011 0 707.56695244 0 -454.07714805 0 3324
0.05750000 0.05747970 32320.11614563 0 1365.23979479 0 14836.25091750 0 20.37972106 0 -383.18105223 0 3639
0.05850000 0.05849280 31154.86468171 0 475.76118897 0 13137.31339732 0 2434.44991323 0 455.11905381 0 3846
0.05950000 0.05951020 32293.43184282 0 -1710.03198964 0 13112.28994323 0 4000.12093188 0 -518.92886174 0 3787
0.06050000 0.06049470 32109.63125083 0 -377.82204702 0 10997.86343424 0 3373.87024014 0 -25.15820428 0 3930
0.06150000 0.06148310 32829.00019429 0 378.34244629 0 10896.83954260 0 1231.57468958 0 104.06169468 0 4083
0.06250000 0.06249100 31736.05101145 0 1093.08980137 0 9973.26371250 0 -651.87980200 0 2438.67954131 0 4303
0.06350000 0.06350600 30094.80030358 0 1424.54316652 0 9452.20010653 0 -773.62887124 0 2634.61540130 0 4470
0.06450000 0.06451750 29908.34235363 0 547.23415291 0 10764.90172006 0 -9.22320228 0 1265.68852234 0 4479
0.06550000 0.06550280 30285.57646020 0 -260.60377309 0 11312.81571371 0 -799.22255006 0 -543.33115841 0 4636
0.06650000 0.06648880 30313.25727225 0 -206.56086289 0 11586.85575297 0 -444.02126264 0 -676.04957985 0 4653
0.06750000 0.06749660 30396.18898514 0 -131.79609678 0 11632.03083823 0 -577.25676165 0 -1872.44085008 0 5220
0.06850000 0.06852730 30031.02371262 0 443.91275386 0 12281.64413534 0 208.43762194 0 -1728.64456766 0 5029
0.06950000 0.06949320 30119.15941818 0 1495.99287857 0 12903.35517391 0 -207.66588090 0 -2908.17933059 0 5040
0.07050000 0.07048030 28686.40058665 0 956.48942285 0 11985.90233943 0 1052.30600014 0 -1122.50121779 0 5475
0.07150000 0.07148790 28046.53093538 0 448.54762903 0 11967.63300348 0 2410.63334254 0 -1463.63954545 0 5509
0.07250000 0.07249820 27777.03054929 0 -178.16588589 0 10382.72935662 0 1270.54927294 0 -2464.10159909 0 5916
0.07350000 0.07351270 27534.65735901 0 -78.40346421 0 9332.94009591 0 1899.56804589 0 -1278.65421471 0 5721
0.07450000 0.07449140 27775.48042382 0 -256.14716235 0 9504.42826270 0 1155.69604760 0 -1618.22027225 0 6028
0.07550000 0.07549160 28068.45413852 0 -502.16425473 0 7646.87968950 0 947.75003687 0 1099.03563980 0 6183
0.07650000 0.07648840 28320.79242113 0 676.25773955 0 8963.79985878 0 2139.40567378 0 2423.15614191 0 6330
0.07750000 0.07749960 27239.13700960 0 1113.44405609 0 6965.34487994 0 629.15164085 0 1465.40004510 0 6583
0.07850000 0.07848650 26398.08321638 0 1750.68956638 0 9019.49365262 0 575.52726452 0 2810.79823381 0 6549
0.07950000 0.07947320 25154.99330899 0 1280.53650993 0 9263.83771672 0 41.00557990 0 4756.69288674 0 6828
0.08050000 0.08048110 23877.24702491 0 945.22665405 0 9699.14616696 0 -456.41562305 0 5068.05773297 0 7147
0.08150000 0.08149960 23922.86500317 0 115.15217811 0 10612.56867520 0 -686.62475728 0 4073.08755244 0 7386
0.08250000 0.08250610 23113.92095192 0 783.67257708 0 10067.98745132 0 330.70819768 0 4260.14340792 0 7227
0.08350000 0.08350160 23302.59336683 0 474.52994645 0 10942.81183524 0 -778.00576124 0 3212.00392362 0 7798
0.08450000 0.08449610 22909.63655901 0 -388.78918475 0 9780.83777947 0 -593.52865021 0 2138.70811732 0 7371
0.08550000 0.08548940 23081.14687045 0 -19.36294947 0 10598.73934150 0 -42.79531049 0 677.27860790 0 8256
0.08650000 0.08650700 23084.46856790 0 388.07059087 0 9929.52802946 0 -635.52154931 0 -838.74853520 0 8037
0.08750000 0.08749060 22406.28867276 0 824.73429367 0 9521.73430639 0 356.82449023 0 -154.42017808 0 8155
0.08850000 0.08849210 21950.44105997 0 341.24462198 0 8912.65679044 0 1369.52478449 0 -659.66253912 0 8718
0.08950000 0.08949900 21213.24567355 0 308.95329388 0 8305.99304131 0 1354.62143529 0 -331.09019289 0 8571
0.09050000 0.09049190 20855.60958191 0 613.74007193 0 7040.20486804 0 2049.59804718 0 -1299.37053444 0 8932
0.09150000 0.09150830 20266.89407130 0 507.95286615 0 6457.06980914 0 974.26050419 0 171.99085034 0 9285
0.09250000 0.09250820 19829.53724096 0 366.82722847 0 6343.00271886 0 1119.05772477 0 -235.10310180 0 9204
0.09350000 0.09350330 19193.32145688 0 439.88574933 0 6021.29632125 0 -204.59884693 0 172.66183322 0 9349
0.09450000 0.09448040 19082.04459246 0 780.03864008 0 6391.61022481 0 -231.78583329 0 1200.21786569 0 9564
0.09550000 0.09549270 18410.50809220 0 296.91989127 0 6964.62517883 0 -64.59970758 0 601.24052444 0 10155
0.09650000 0.09649430 18209.54539675 0 383.63944648 0 7316.73618038 0 89.52904691 0 438.61796813 0 9913
0.09750000 0.09749140 18089.29994922 0 322.79259267 0 6821.38251265 0 -117.23045348 0 -10.20507390 0 10476
0.09850000 0.09850240 17796.21551127 0 -150.53932823 0 6890.94992948 0 340.86262677 0 234.49190947 0 10575
0.09950000 0.09950330 17952.88890745 0 261.82615775 0 6600.15746277 0 594.30260571 0 47.36906642 0 10882
0.10050000 0.10051200 17507.33855675 0 752.30135918 0 6226.58829571 0 -119.23897320 0 326.02903321 0 10875
0.10150000 0.10150300 17048.83358601 0 548.13211845 0 5996.66039853 0 1047.69326962 0 1479.49511459 0 11118
0.10250000 0.10250800 16561.87274048 0 -46.46567544 0 5774.67135824 0 830.20955830 0 423.99364151 0 11575
0.10350000 0.10349800 16439.74499773 0 165.07729072 0 5948.94975089 0 510.36552573 0 248.52608118 0 11364
0.10450000 0.10450100 16327.91451706 0 297.27420566 0 5895.02752902 0 110.95798147 0 -166.13137604 0 12093
0.10550000 0.10551000 16056.31038926 0 374.25897289 0 5521.55801289 0 -243.00874172 0 1088.49146488 0 12067
0.10650000 0.10649700 15948.79811527 0 -48.01679742 0 5621.78469715 0 -422.42137139 0 -3.50325036 0 12054
0.10750000 0.10749900 16054.20664755 0 90.88939274 0 5795.54269052 0 190.50045574 0 -113.12704990 0 12807
0.10850000 0.10850100 15732.88778131 0 492.61991074 0 5598.03456041 0 -65.41042321 0 -94.00724868 0 12736
0.10950000 0.10950300 15349.67461934 0 236.44285311 0 4705.61625235 0 989.67539480 0 -364.14218971 0 12933
0.11050000 0.11050200 15174.95333370 0 -12.90457313 0 5028.38559314 0 525.43385257 0 -631.12805083 0 13428
0.11150000 0.11150900 15066.33382723 0 266.29494805 0 4595.28053553 0 513.20225534 0 -691.79664020 0 13453
0.11250000 0.11250000 15073.64156161 0 73.23235635 0 4737.98065780 0 619.13340135 0 -128.47439934 0 13668
0.11350000 0.11349100 14908.11030557 0 236.87245931 0 4383.74376987 0 -427.77151874 0 32.97006161 0 13791
0.11450000 0.11448600 15111.17674274 0 68.46926366 0 4997.58238549 0 -124.17612284 0 49.86487916 0 14205
0.11550000 0.11549300 14930.69784820 0 -102.99199738 0 5176.97619221 0 -175.42437826 0 336.85333796 0 14776
0.11650000 0.11649800 15306.27110605 0 162.23502494 0 4689.87140646 0 103.80525964 0 264.77693232 0 14553
0.11750000 0.11747300 14826.61799490 0 166.44250837 0 5531.42345430 0 -184.92221849 0 586.27627745 0 14568
0.11850000 0.11849100 14740.25386132 0 359.19950391 0 5249.01273748 0 183.29458675 0 390.23190868 0 16015
0.11950000 0.11950300 14445.17640490 0 551.33977095 0 5635.35936737 0 -201.33583280 0 688.23910224 0 15270
0.12050000 0.12050700 13912.48685788 0 637.45809892 0 5545.52959612 0 44.60607849 0 1058.50207311 0 15999
0.12150000 0.12150000 13846.16363221 0 254.30804920 0 5616.19317311 0 -97.19962138 0 877.57474941 0 15670
0.12250000 0.12250700 13634.23933518 0 -288.07421097 0 5809.62668769 0 149.13092852 0 1038.62282113 0 16887
0.12350000 0.12352200 13948.02902055 0 -148.92387604 0 5497.36498316 0 1018.29292553 0 1116.48894541 0 16407
0.12450000 0.12449800 13828.00501951 0 -71.03937170 0 4681.70003074 0 829.73566279 0 1193.48589220 0 16306
0.12550000 0.12549900 13734.33315155 0 132.02197221 0 4196.74327601 0 1253.85220711 0 736.83110694 0 17523
0.12650000 0.12650100 13720.38202227 0 236.81377599 0 3528.52847321 0 642.02764738 0 1008.58471113 0 17154
0.12750000 0.12750600 13205.74036470 0 308.67537853 0 3437.50289087 0 62.20432083 0 719.82623048 0 18007
0.12850000 0.12850300 13015.07493133 0 474.85215110 0 3526.33615289 0 -201.23507465 0 964.47921244 0 17496
0.12950000 0.12949900 12612.37447767 0 194.84523600 0 3659.28155699 0 -235.40426904 0 722.96966350 0 18405
0.13050000 0.13049000 12535.97543642 0 80.64782445 0 3820.29530450 0 -46.23459602 0 995.62787662 0 18100
0.13150000 0.13148800 12406.53995929 0 106.71539877 0 3993.47753699 0 -191.22237132 0 499.66855272 0 19059
0.13250000 0.13249300 12477.07066839 0 179.42591645 0 4099.00786484 0 390.61390388 0 495.41567276 0 18957
0.13350000 0.13349100 12343.31698458 0 9.79657155 0 3632.89620695 0 246.13999518 0 157.52042903 0 19468
0.13450000 0.13450700 12178.56079128 0 194.57617850 0 3729.90084468 0 43.81296786 0 252.47115051 0 19953
0.13550000 0.13551000 12116.99866529 0 78.80527888 0 3930.70852759 0 160.20325334 0 147.49333168 0 19956
0.13650000 0.13649900 12003.28588940 0 441.37054808 0 3915.29585145 0 135.39570958 0 45.03967073 0 19723
0.13750000 0.13749600 11713.63387214 0 390.06914550 0 3788.24092415 0 -95.37135910 0 779.35769210 0 20946
0.13850000 0.13851100 11233.64859125 0 336.23107330 0 3884.63658402 0 42.46867690 0 1034.92245017 0 20955
0.13950000 0.13949800 11253.57877593 0 204.94873239 0 4190.14417042 0 233.03811323 0 1395.29008435 0 20506
0.14050000 0.14048300 11131.11886343 0 -42.08358145 0 3916.05984186 0 498.94774437 0 1168.98283738 0 21447
0.14150000 0.14148400 11189.02712223 0 18.05486502 0 3930.35421320 0 240.05685993 0 1189.24519180 0 21771
0.14250000 0.14249400 11130.78669369 0 -31.37708624 0 3532.14912342 0 202.11200277 0 1217.20281196 0 22470
0.14350000 0.14350900 11097.34827274 0 26.86921064 0 3396.93389274 0 362.43483722 0 1195.76679111 0 22519
0.14450000 0.14449900 11079.07893679 0 87.22389961 0 3583.40291501 0 -290.89654657 0 592.17007595 0 22218
0.14550000 0.14550500 10862.85857773 0 304.25641369 0 3290.05274126 0 -210.74730890 0 -117.60580529 0 23559
0.14650000 0.14650700 10661.70765275 0 419.56249712 0 3787.98626068 0 -333.25372516 0 307.85049033 0 23044
0.14750000 0.14750500 10279.31384281 0 305.32600027 0 3560.79322773 0 -191.70623191 0 170.54923365 0 23649
0.14850000 0.14849900 10093.44272608 0 138.21250901 0 3832.13161973 0 154.90403868 0 747.44393028 0 23640
0.14950000 0.14949500 10162.36794808 0 95.34223889 0 3675.87897189 0 401.65522619 0 185.27542566 0 24457
0.15050000 0.15050000 10019.04777562 0 0.77273423 0 3602.50267532 0 407.20578262 0 673.57380802 0 24591
0.15150000 0.15149900 10109.94049006 0 -77.87664300 0 3529.09316177 0 21.37645174 0 440.39950520 0 25020
0.15250000 0.15250500 10105.77729593 0 159.59316824 0 3402.87973116 0 204.14488161 0 845.00439872 0 25297
0.15350000 0.15350100 9981.98870445 0 108.72768308 0 3211.61639225 0 33.77014780 0 510.61354580 0 25452
0.15450000 0.15450400 9870.68969538 0 78.83761007 0 3156.22155118 0 57.94258301 0 458.06318498 0 26061
0.15550000 0.15549900 9785.07847988 0 218.59094380 0 3197.83134785 0 161.34370279 0 473.27323758 0 26128
0.15650000 0.15649500 9800.60187928 0 -39.92481028 0 3017.93928652 0 401.50242811 0 356.92524839 0 26331
0.15750000 0.15749700 9693.25569016 0 55.68936491 0 2860.70120177 0 237.33306802 0 456.30489980 0 27345
0.15850000 0.15849900 9553.50080630 0 317.44244532 0 2948.93655825 0 -56.77102032 0 413.24795028 0 26980
0.15950000 0.15949700 9335.37600737 0 255.14179526 0 3120.22542319 0 -90.05077486 0 728.93321765 0 27777
0.16050000 0.16050000 9195.63219583 0 119.09835468 0 3282.41283714 0 -139.61758703 0 705.68576446 0 28224
0.16150000 0.16150500 9085.67293806 0 129.44987115 0 3448.78558986 0 75.30088807 0 731.87402712 0 28075
0.16250000 0.16249700 9130.87016797 0 14.97244051 0 3365.55492420 0 274.87932148 0 864.23038353 0 28590
0.16350000 0.16349900 9087.14555726 0 -3.22802558 0 2999.52601035 0 370.79112076 0 574.86513949 0 29163
0.16450000 0.16449100 9158.28524422 0 -7.49482345 0 2785.32081440 0 503.99783172 0 675.10178884 0 28996
0.16550000 0.16550500 8958.89481889 0 98.00457939 0 2614.60771035 0 19.75147735 0 495.89842612 0 30777
0.16650000 0.16650700 9125.26757161 0 65.79496505 0 2390.31562650 0 76.83274421 0 454.41817565 0 29211
0.16750000 0.16749900 8878.46545140 0 -52.29702603 0 2277.15646685 0 -122.11667042 0 100.23177753 0 30922
0.16850000 0.16850800 8929.47565184 0 190.72300947 0 2291.32904262 0 -138.68861898 0 -32.76378420 0 30867
0.16950000 0.16949900 8761.49741202 0 256.30771106 0 2293.98640058 0 -245.01836868 0 -347.03212616 0 30852
0.17050000 0.17049200 8498.71792710 0 330.94514543 0 2158.09575808 0 -39.90056189 0 -276.04302282 0 31257
0.17150000 0.17149500 8328.39235441 0 149.29258446 0 2303.47538295 0 208.64688888 0 -151.56241105 0 32608
0.17250000 0.17250900 8181.91656939 0 87.36119644 0 2173.08768588 0 257.26878886 0 -154.65934030 0 32361
0.17350000 0.17350400 8180.22250369 0 13.66380244 0 2014.69807935 0 517.81941479 0 -363.43023922 0 32508
0.17450000 0.17449800 7953.70488255 0 191.68408726 0 2016.91254431 0 160.82994692 0 13.18215631 0 32791
0.17550000 0.17549800 8061.71541116 0 113.85117995 0 1927.79140185 0 244.27430845 0 142.38456101 0 33633
0.17650000 0.17650100 7941.45889130 0 -140.92190690 0 2094.76206011 0 -63.52093098 0 227.24285842 0 33984
0.17750000 0.17750300 8062.50154622 0 87.45110371 0 2009.61588226 0 -133.80350927 0 183.95560454 0 34069
0.17850000 0.17849800 8095.92889485 0 102.23631121 0 2434.42776858 0 -350.23313527 0 400.72404367 0 34536
0.17950000 0.17950400 7914.66386524 0 82.74470133 0 2428.32691760 0 -317.03830546 0 209.18832557 0 35343
0.18050000 0.18050100 7998.59208737 0 120.68501883 0 2840.92602964 0 -111.09749277 0 589.09418412 0 34990
0.18150000 0.18150500 7833.48157967 0 182.53391803 0 2686.73283422 0 3.24537591 0 115.51977930 0 36243
0.18250000 0.18250200 7777.44454376 0 88.87013286 0 2782.85168597 0 271.64509540 0 105.56996677 0 35694
0.18350000 0.18350400 7583.78958269 0 114.18888585 0 2501.26032118 0 218.28313317 0 48.90413354 0 37087
0.18450000 0.18450600 7608.21513123 0 102.42786243 0 2475.59467225 0 229.54258028 0 -22.45423184 0 36651
0.18550000 0.18550700 7366.59485904 0 126.65521637 0 2260.57012427 0 230.96094509 0 -48.67438280 0 37818
0.18650000 0.18651000 7252.08487577 0 106.22644491 0 2101.93692660 0 173.35274629 0 -66.58043577 0 37267
0.18750000 0.18750100 7241.21185280 0 115.63271701 0 2047.36143757 0 65.01835218 0 -108.32498263 0 38334
0.18850000 0.18850000 7132.37089983 0 181.21409691 0 2164.62842972 0 -136.08883711 0 -104.46306646 0 38223
0.18950000 0.18949500 6955.91125919 0 123.78084085 0 2217.35484051 0 -54.28727642 0 137.26582524 0 39064
0.19050000 0.19050000 7008.99198437 0 61.96693019 0 2240.40742078 0 48.55911989 0 163.86154946 0 39609
0.19150000 0.19149800 6928.44082132 0 -22.97009145 0 2074.72115219 0 338.43114424 0 311.76012822 0 39576
0.19250000 0.19250400 7062.96956787 0 -38.67098022 0 2133.03908701 0 356.52332300 0 132.91993775 0 40909
0.19350000 0.19350500 7083.37586251 0 -29.90922814 0 1832.13758774 0 106.29221452 0 434.86998618 0 40191
0.19450000 0.19450100 7074.59550893 0 22.52852714 0 1766.45655692 0 222.06211763 0 415.17121310 0 41232
0.19550000 0.19549800 6942.67983104 0 121.39143315 0 1713.98480960 0 117.96787032 0 435.94289446 0 40873
0.19650000 0.19649700 6949.75504659 0 83.26000732 0 1757.02293617 0 68.79689375 0 348.23790234 0 42816
0.19750000 0.19750200 6764.98009002 0 196.48172560 0 1753.19191178 0 27.54572968 0 472.47492296 0 41727
0.19850000 0.19849000 6691.03910488 0 162.19627180 0 1619.96969957 0 80.70971875 0 579.63620426 0 42610
0.19950000 0.19949900 6624.73802387 0 30.51488431 0 1677.53471630 0 67.21731589 0 531.97870377 0 43863
0.20050000 0.20050100 6565.40143517 0 -3.67761733 0 1605.49817103 0 -75.13004210 0 543.98996173 0 43302
0.20150000 0.20150100 6646.21833402 0 85.10033843 0 1794.73527450 0 30.53282147 0 153.12028715 0 44487
0.20250000 0.20249700 6502.13417115 0 98.47703549 0 1651.02757068 0 -219.23203141 0 267.74542260 0 43759
0.20350000 0.20349100 6417.63018814 0 210.78384757 0 1714.70451071 0 -8.07437108 0 151.89790249 0 45282
0.20450000 0.20449700 6374.73600179 0 34.31424185 0 1593.72828975 0 176.88481791 0 90.05531451 0 45483
0.20550000 0.20549900 6246.85065013 0 -13.67376753 0 1382.84479125 0 247.31366161 0 132.23898977 0 46138
0.20650000 0.20650200 6351.15194992 0 17.33151004 0 1283.78070110 0 183.59907568 0 -48.14357554 0 46227
0.20750000 0.20749300 6306.89586762 0 -14.24166707 0 1257.29570013 0 71.77689925 0 -23.50532763 0 46236
0.20850000 0.20850300 6235.39079395 0 126.32193939 0 1333.98262183 0 -130.60803633 0 -199.91636076 0 48361
0.20950000 0.20950400 6157.60771209 0 232.99160946 0 1257.22926618 0 -175.72111657 0 147.24974053 0 46812
0.21050000 0.21050300 6018.24035960 0 182.03787788 0 1464.99036908 0 -110.96573210 0 204.86901165 0 48813
0.21150000 0.21149700 5989.79555714 0 82.54551020 0 1518.02680496 0 -100.14685280 0 186.32729651 0 47215
0.21250000 0.21249000 5929.37388061 0 42.25841346 0 1617.74416228 0 86.54073717 0 130.50838540 0 50004
0.21350000 0.21350300 5852.22192127 0 110.47445305 0 1644.26238022 0 -98.29644587 0 90.10635793 0 49509
0.21450000 0.21449800 5848.71199430 0 137.08756081 0 1615.08680432 0 137.73750628 0 275.93229957 0 49660
0.21550000 0.21550100 5702.55730670 0 76.50245676 0 1629.94586423 0 85.73290035 0 181.68356348 0 50841
0.21650000 0.21649800 5670.93474702 0 6.06943879 0 1632.83574101 0 181.54958835 0 337.46895922 0 50424
0.21750000 0.21750300 5673.73604519 0 27.05312195 0 1546.64876462 0 316.71167188 0 274.35006436 0 52231
0.21850000 0.21850300 5650.62810330 0 -16.98782508 0 1352.94951424 0 241.29585308 0 321.62889133 0 51078
0.21950000 0.21950100 5668.99709017 0 72.36616838 0 1287.94389523 0 59.58936988 0 345.64808556 0 52791
0.22050000 0.22050700 5633.93103747 0 72.42939135 0 1275.67575933 0 31.86825457 0 562.63243503 0 52969
0.22150000 0.22150000 5593.90458325 0 64.77199296 0 1149.17444828 0 -38.94036988 0 490.57485234 0 52704
0.22250000 0.22250100 5561.56232246 0 51.84206420 0 1244.15285057 0 -59.74537894 0 775.66950071 0 54051
0.22350000 0.22349900 5536.35063885 0 88.20678988 0 1329.71977677 0 130.71986681 0 568.49633826 0 53938
0.22450000 0.22449800 5498.48328797 0 63.01226837 0 1274.97820287 0 127.78016457 0 710.07261955 0 54735
0.22550000 0.22549100 5437.67408006 0 40.35818107 0 1357.25664859 0 -1.10130990 0 741.73171790 0 54774
0.22650000 0.22649900 5407.75665840 0 137.88366097 0 1412.68470664 0 95.82731744 0 895.00591037 0 56911
0.22750000 0.22749800 5346.88101655 0 86.39624333 0 1338.37833478 0 60.71830412 0 865.48266347 0 54879
0.22850000 0.22849100 5258.93354051 0 80.77460257 0 1358.68497850 0 -54.26845346 0 895.06237922 0 57210
0.22950000 0.22949800 5300.07829954 0 -32.09235842 0 1285.65192399 0 71.22372591 0 796.68920214 0 57375
0.23050000 0.23049600 5260.29543647 0 41.96555046 0 1262.49969280 0 137.78179558 0 799.61118866 0 57604
0.23150000 0.23150100 5292.51590169 0 46.65401569 0 1142.96287405 0 89.04197534 0 571.49915275 0 58629
0.23250000 0.23250200 5193.00891854 0 81.10909750 0 1029.53576415 0 19.03963759 0 636.45162460 0 58560
0.23350000 0.23350400 5156.20451085 0 109.33367142 0 1007.58377296 0 80.76585543 0 536.49067614 0 59305
0.23450000 0.23449700 5070.57115070 0 36.34490622 0 970.67749988 0 -37.32679998 0 504.48169232 0 59196
0.23550000 0.23549300 5093.33585053 0 22.24895094 0 982.39423400 0 19.04694532 0 374.35640935 0 60063
0.23650000 0.23649900 5027.67696435 0 66.50857638 0 983.88567615 0 -68.83752918 0 421.29642319 0 61537
0.23750000 0.23750400 5018.99626169 0 114.70374896 0 1038.69589847 0 -51.77983774 0 288.84595201 0 61224
0.23850000 0.23850100 4935.35592001 0 104.23298355 0 1011.24981971 0 -84.63430428 0 299.17975276 0 61221
0.23950000 0.23949400 4827.97651392 0 100.30452270 0 1074.07640520 0 -18.92138516 0 288.55142817 0 62332
0.24050000 0.24050100 4771.77339314 0 125.16266698 0 1015.37536794 0 -65.43146062 0 200.48658549 0 63447
0.24150000 0.24150500 4663.57463502 0 65.57617591 0 948.00691481 0 245.09476772 0 327.14290909 0 63342
0.24250000 0.24250300 4663.44176712 0 16.55899394 0 925.79915292 0 112.79155846 0 168.30819510 0 63379
0.24350000 0.24349600 4670.76057382 0 -7.16210009 0 885.53021479 0 197.43948170 0 169.11536758 0 64266
0.24450000 0.24449500 4634.85302444 0 33.51958109 0 809.41905399 0 122.81422689 0 148.56623995 0 64695
0.24550000 0.24549600 4642.61472413 0 50.76118385 0 788.21112303 0 -49.44933481 0 291.72254200 0 65947
0.24650000 0.24650000 4589.34576943 0 3.67234690 0 711.10788192 0 53.96529321 0 233.58840777 0 66018
0.24750000 0.24750000 4634.07796170 0 26.56915063 0 787.17475342 0 41.38303546 0 294.07873272 0 66303
0.24850000 0.24849600 4629.64903177 0 92.37928477 0 760.58456537 0 -49.28513223 0 380.91565457 0 66958
0.24950000 0.24949200 4586.99843657 0 81.72195068 0 797.46647934 0 -27.92960719 0 360.23255181 0 66975
0.25050000 0.25048900 4556.64919424 0 45.21417057 0 850.15967316 0 -60.02595165 0 442.97271348 0 68676
0.25150000 0.25150000 4507.29984252 0 51.15447283 0 830.78199749 0 6.50464759 0 433.99084359 0 69349
0.25250000 0.25249900 4543.78315280 0 48.52235978 0 891.96766444 0 5.38840223 0 307.44967217 0 68592
0.25350000 0.25349900 4503.15879304 0 33.25938146 0 925.71721772 0 -84.12497734 0 210.66426646 0 70437
0.25450000 0.25450100 4434.01212455 0 132.13933885 0 957.64315910 0 -100.67112738 0 220.76665563 0 70099
0.25550000 0.25550100 4395.20362606 0 134.65829275 0 881.16550434 0 -40.18822089 0 153.98171402 0 71064
0.25650000 0.25650300 4261.01812158 0 33.05974744 0 805.47619912 0 -29.00727656 0 79.81562852 0 71409
0.25750000 0.25750600 4301.34352857 0 41.46984248 0 858.54142304 0 125.94326588 0 52.99203586 0 72612
0.25850000 0.25850600 4247.48774066 0 -3.30578651 0 790.98141870 0 148.50312770 0 -3.07807308 0 71845
0.25950000 0.25949600 4280.69364279 0 -7.62370531 0 681.39861997 0 152.64971334 0 43.20775459 0 72816
0.26050000 0.26049800 4286.35160077 0 38.55914973 0 588.52838832 0 16.81421102 0 42.31167134 0 73743
0.26150000 0.26149900 4284.69075205 0 47.59173087 0 603.69636609 0 89.29996051 0 50.49478372 0 74662
0.26250000 0.26250300 4254.82869201 0 17.66091170 0 607.17307608 0 -18.38005920 0 49.43638019 0 74931
0.26350000 0.26350100 4225.18807847 0 97.36393468 0 602.93459014 0 28.93320271 0 102.21040197 0 75087
0.26450000 0.26450200 4200.26427530 0 140.88093930 0 727.88356125 0 -77.53406527 0 72.98300760 0 76678
0.26550000 0.26550600 4063.37712357 0 88.49157008 0 656.91328086 0 -22.78330133 0 216.02880784 0 76035
0.26650000 0.26650100 4026.63914982 0 108.46028644 0 701.34652036 0 17.75613370 0 203.22034249 0 77094
0.26750000 0.26750600 3969.67203863 0 73.76703892 0 713.94904047 0 -39.53318215 0 228.99671467 0 78463
0.26850000 0.26850100 3954.51402595 0 30.17762129 0 724.95160964 0 60.33088347 0 213.45781402 0 77076
0.26950000 0.26949700 3925.55989655 0 18.06383360 0 588.93917157 0 74.13729746 0 128.95383100 0 79149
0.27050000 0.27049900 3932.95620953 0 18.20921323 0 623.39292471 0 -16.37142875 0 7.69617368 0 79648
0.27150000 0.27150200 3901.30043288 0 45.31415366 0 537.61008817 0 61.14314922 0 29.24599588 0 80241
0.27250000 0.27250500 3885.44486374 0 -1.80573009 0 483.30919280 0 71.28938479 0 -25.45117800 0 80835
0.27350000 0.27350000 3923.97655410 0 24.08274937 0 444.44422545 0 47.27849481 0 37.66040913 0 80680
0.27450000 0.27450400 3863.08983993 0 83.97837976 0 472.92999551 0 121.04376215 0 13.23386407 0 82617
0.27550000 0.27550800 3842.51746041 0 77.53838347 0 450.02799886 0 80.08092142 0 147.22316695 0 82548
0.27650000 0.27649900 3820.28423218 0 54.28794076 0 550.01994983 0 -47.44646197 0 233.40682164 0 81181
0.27750000 0.27748900 3829.47426178 0 -0.88682900 0 531.40294288 0 26.54645237 0 370.11792341 0 84096
0.27850000 0.27849800 3845.87237483 0 -22.07755135 0 543.19496881 0 42.15798747 0 362.74818401 0 85215
0.27950000 0.27950200 3878.94540907 0 18.84166442 0 573.72690450 0 -31.87368001 0 432.29234896 0 84514
0.28050000 0.28050300 3893.84875827 0 67.20336476 0 557.17377890 0 -55.21834821 0 266.77659418 0 85815
0.28150000 0.28150100 3819.47595247 0 105.32803647 0 502.63150684 0 -23.57718702 0 312.70791923 0 85485
0.28250000 0.28250000 3786.50256916 0 108.99507973 0 520.76686766 0 -29.16262128 0 198.34519787 0 87220
0.28350000 0.28350400 3703.69265184 0 31.32836801 0 479.51138539 0 35.36345535 0 401.21122597 0 87147
0.28450000 0.28449700 3711.77544895 0 8.97886929 0 499.02192895 0 157.47503250 0 261.81951436 0 87102
0.28550000 0.28549800 3738.50404107 0 -24.78362753 0 428.36610258 0 109.81786419 0 373.49055355 0 88971
0.28650000 0.28649900 3688.53463916 0 54.04756058 0 428.39046170 0 115.02041745 0 215.48294223 0 89434
0.28750000 0.28750100 3686.61912697 0 109.87887270 0 361.33756983 0 -40.63332834 0 344.20093271 0 89619
0.28850000 0.28849900 3611.81450049 0 71.46742777 0 370.82876666 0 -33.23491162 0 430.55399397 0 90240
0.28950000 0.28950100 3560.92609563 0 60.59684071 0 393.49492280 0 -40.63155677 0 375.14032995 0 91333
0.29050000 0.29050500 3557.91442327 0 35.09317990 0 328.98645117 0 65.67195152 0 435.32062980 0 92139
0.29150000 0.29150600 3515.66243177 0 16.19471445 0 330.97061178 0 79.61566233 0 253.34918587 0 92370
0.29250000 0.29250200 3542.65675967 0 20.60459998 0 222.46847195 0 127.67054855 0 309.26996237 0 91819
0.29350000 0.29349600 3512.57325314 0 23.56866133 0 292.07353469 0 -31.77236824 0 99.24766930 0 93552
0.29450000 0.29450000 3494.45892974 0 90.12606667 0 290.30085549 0 -151.60448588 0 164.71079677 0 94701
0.29550000 0.29550200 3453.03736259 0 90.06539033 0 357.61837592 0 -62.77432411 0 215.27810422 0 95020
0.29650000 0.29650300 3411.52721685 0 34.78835879 0 372.48629369 0 -13.26099127 0 313.83508189 0 95151
0.29750000 0.29749800 3426.24233653 0 10.28737450 0 257.89437521 0 202.98893090 0 339.52398270 0 95802
0.29850000 0.29850000 3413.88562203 0 15.59326577 0 211.29428175 0 184.60333554 0 284.56428400 0 97399
0.29950000 0.29950700 3427.95854688 0 43.71254187 0 174.82425826 0 163.34890082 0 321.01216284 0 97881
0.30050000 0.30050300 3356.78564294 0 93.64463005 0 100.92136192 0 -11.30561870 0 376.18445018 0 97188
0.30150000 0.30149700 3335.30533280 0 105.94255050 0 131.36649058 0 -125.47601377 0 435.39259991 0 98263
0.30250000 0.30249700 3244.05830397 0 62.41602368 0 207.85300319 0 -110.89708369 0 515.52301463 0 100050
0.30350000 0.30350600 3249.73840660 0 35.19238793 0 275.00443875 0 -49.72802523 0 420.94543049 0 100779
0.30450000 0.30450500 3222.98766984 0 20.59098102 0 273.29044287 0 -34.04905967 0 370.27957935 0 99982
0.30550000 0.30550300 3270.70938980 0 17.46426721 0 230.79928915 0 47.68241322 0 301.80057205 0 101559
0.30650000 0.30649700 3236.56234006 0 37.07722978 0 308.13283461 0 -12.89028983 0 265.75794030 0 100935
0.30750000 0.30749800 3259.39347384 0 49.89964626 0 315.17040427 0 -65.50653099 0 200.69363797 0 103762
0.30850000 0.30850200 3179.36271005 0 76.75457360 0 275.75735684 0 -43.73601520 0 171.01870022 0 102951
0.30950000 0.30950100 3181.06784807 0 54.66307112 0 254.77197961 0 -20.62807331 0 187.39909756 0 104394
0.31050000 0.31050000 3126.14911697 0 24.43274556 0 161.84970804 0 36.19288320 0 96.67988645 0 103963
0.31150000 0.31149700 3169.69657048 0 27.64095168 0 168.14100300 0 134.13457178 0 105.01114654 0 105936
0.31250000 0.31250000 3133.23540486 0 22.91063307 0 73.69396157 0 108.93207820 0 108.98234656 0 105717
0.31350000 0.31349800 3110.91359802 0 53.39650788 0 15.42906319 0 84.99061169 0 120.58426067 0 106776
0.31450000 0.31450400 3077.57482799 0 50.28584895 0 21.88378566 0 8.81124537 0 66.40859329 0 108733
0.31550000 0.31549900 3039.25351180 0 61.21578367 0 0.87876281 0 -35.07402477 0 81.56715958 0 105891
0.31650000 0.31650000 3010.86407096 0 70.03909787 0 44.22928727 0 -42.34566338 0 136.93365550 0 111072
0.31750000 0.31750600 3016.66596917 0 29.12364669 0 86.47928576 0 -11.25546107 0 221.82406265 0 108121
0.31850000 0.31849900 2987.74505674 0 17.21237182 0 25.62877809 0 9.83291092 0 186.67386028 0 110484
0.31950000 0.31950100 3006.22476686 0 26.66481552 0 64.84086282 0 99.36913270 0 219.80336337 0 110817
0.32050000 0.32049800 2978.35572529 0 39.13468918 0 3.47713074 0 49.95068968 0 214.36685188 0 111088
0.32150000 0.32149900 2966.97337538 0 58.96311919 0 10.85544012 0 21.97756826 0 231.12813719 0 112635
0.32250000 0.32250100 2942.59211613 0 61.63952154 0 2.50989673 0 -19.92885599 0 243.61550512 0 113202
0.32350000 0.32350400 2916.16247679 0 59.67927716 0 69.73161941 0 -95.52382501 0 301.87143493 0 113863
0.32450000 0.32450300 2914.18053064 0 53.91380690 0 79.22458782 0 -8.60546621 0 299.57614199 0 114045
0.32550000 0.32549900 2857.13591318 0 58.60935841 0 91.28268172 0 -2.04675246 0 336.62635530 0 114828
0.32650000 0.32650300 2867.49960921 0 39.86944865 0 104.29321699 0 85.59682148 0 318.41680990 0 116431
0.32750000 0.32750400 2834.84732332 0 5.55204012 0 -17.02203856 0 84.94565805 0 364.96154174 0 116442
0.32850000 0.32850400 2844.02628059 0 41.09648369 0 36.52007040 0 93.22476749 0 321.82044255 0 116955
0.32950000 0.32949800 2840.30597945 0 48.56277376 0 -39.89115041 0 -27.54561896 0 311.56304084 0 117028
0.33050000 0.33049700 2815.88043090 0 51.39463156 0 -8.66933138 0 -20.21108955 0 271.81450197 0 119061
0.33150000 0.33150100 2771.85686742 0 57.47400222 0 -64.89921397 0 -100.92169409 0 368.13597727 0 120060
0.33250000 0.33250400 2774.40350213 0 34.05802825 0 -14.85894918 0 -2.13858632 0 316.41161188 0 119737
0.33350000 0.33350100 2749.19181852 0 33.72552633 0 -2.43338697 0 21.10174736 0 236.87799547 0 120531
0.33450000 0.33450000 2777.94664607 0 13.51587618 0 -1.74545236 0 26.22734797 0 191.25780275 0 121704
0.33550000 0.33550300 2726.59320357 0 65.89838056 0 -15.27847957 0 -7.36469042 0 231.31636672 0 122761
0.33650000 0.33650300 2728.40906484 0 44.83616140 0 -27.97954337 0 23.69355716 0 287.56709849 0 122472
0.33750000 0.33749900 2695.00386086 0 -10.46875025 0 -56.49664811 0 46.30401950 0 329.21675553 0 122985
0.33850000 0.33849800 2742.01695204 0 10.07232780 0 -77.95448144 0 50.74269307 0 187.05806995 0 125380
0.33950000 0.33950300 2762.88828432 0 31.82186153 0 -39.60271635 0 15.00432881 0 78.08768151 0 125223
0.34050000 0.34050000 2717.39210164 0 82.45837101 0 -65.53055793 0 -67.75941692 0 162.59487550 0 125178
0.34150000 0.34149900 2710.73763443 0 68.30760772 0 -89.11903872 0 -38.17361138 0 164.99867721 0 127059
0.34250000 0.34250300 2655.84104797 0 16.63893612 0 -116.48860772 0 36.59148689 0 210.53582750 0 127957
0.34350000 0.34349800 2666.14938238 0 34.12634449 0 -83.53205434 0 31.49035612 0 142.06014189 0 126732
0.34450000 0.34449700 2655.59745683 0 57.70784972 0 -196.15952095 0 32.41068776 0 195.04121615 0 129639
0.34550000 0.34550000 2626.80941230 0 29.90889597 0 -161.63379770 0 38.19586676 0 254.63136109 0 129826
0.34650000 0.34650400 2614.71843360 0 30.55098009 0 -295.19039413 0 99.13971413 0 308.25130849 0 130875
0.34750000 0.34750200 2626.96442485 0 25.48550220 0 -236.82041938 0 92.32469821 0 257.14256436 0 130686
0.34850000 0.34850200 2604.56511174 0 45.88061380 0 -295.14167590 0 67.50242826 0 192.50011760 0 132211
0.34950000 0.34950400 2555.19361537 0 65.46357036 0 -291.44351941 0 -36.96407062 0 229.69870006 0 132768
0.35050000 0.35050300 2509.13274413 0 79.12792642 0 -286.45875878 0 -83.21881827 0 151.27674507 0 132957
0.35150000 0.35150100 2489.97762219 0 50.97587623 0 -238.23546250 0 -44.78057833 0 240.87953366 0 133987
0.35250000 0.35249800 2490.67517866 0 35.05398387 0 -228.56489400 0 -12.16339171 0 197.76611528 0 134778
0.35350000 0.35349800 2477.21123168 0 3.00468571 0 -285.44564106 0 26.90353484 0 133.89208787 0 135699
0.35450000 0.35450100 2495.83488202 0 21.96682810 0 -280.64025209 0 -30.05139679 0 115.66261229 0 137380
0.35550000 0.35550100 2485.99158526 0 60.05695416 0 -243.52581929 0 -55.17261951 0 91.04163721 0 136161
0.35650000 0.35649900 2456.89351563 0 88.75940961 0 -259.17322873 0 -65.67726623 0 103.77148905 0 138792
0.35750000 0.35750000 2407.85418901 0 47.13942641 0 -227.75661429 0 -6.64692696 0 208.03126762 0 138097
0.35850000 0.35849800 2420.44342233 0 13.78537657 0 -197.81926244 0 23.15322771 0 111.05763240 0 140028
0.35950000 0.35950300 2427.93938623 0 15.56436700 0 -211.31864086 0 58.30398369 0 155.04244274 0 141099
0.36050000 0.36050500 2424.06407255 0 26.52342193 0 -237.37514286 0 -29.24145623 0 101.21821095 0 140821
0.36150000 0.36150200 2425.65848732 0 29.32671313 0 -207.73895825 0 -4.31075500 0 152.65635674 0 141756
0.36250000 0.36250400 2422.51394707 0 34.01263172 0 -216.81826460 0 -7.72265868 0 165.15258253 0 142971
0.36350000 0.36349900 2415.81519056 0 25.20315792 0 -213.87634789 0 6.75084073 0 179.42813092 0 142270
0.36450000 0.36450000 2411.98416617 0 44.69997180 0 -207.29052909 0 42.18566828 0 178.82358198 0 145311
0.36550000 0.36550300 2412.40491451 0 69.50773700 0 -189.36886414 0 -37.43087984 0 85.87639768 0 145434
0.36650000 0.36650100 2365.10394289 0 73.68244635 0 -192.27092048 0 -56.71300134 0 200.68478011 0 144547
0.36750000 0.36749600 2347.41036783 0 74.98953430 0 -159.44037016 0 -43.74520523 0 248.05107845 0 146892
0.36850000 0.36849900 2327.07050713 0 37.51381155 0 -77.22758331 0 -62.49840178 0 225.53882763 0 148113
0.36950000 0.36949900 2326.69404809 0 27.24168364 0 -124.83049724 0 46.34897314 0 303.45809907 0 147387
0.37050000 0.37049800 2322.80766208 0 5.48025824 0 -124.98440255 0 72.68073313 0 210.41735362 0 149758
0.37150000 0.37150100 2340.63410504 0 22.59307879 0 -159.05616048 0 57.41720120 0 241.96683596 0 150099
0.37250000 0.37250000 2312.79828044 0 57.51906658 0 -181.12108938 0 -26.20763923 0 177.59898286 0 150468
0.37350000 0.37349800 2289.51318135 0 74.82256364 0 -198.24001079 0 20.33775695 0 216.45398511 0 150709
0.37450000 0.37449700 2244.42667469 0 61.75954554 0 -215.16295204 0 -70.36074891 0 211.42272071 0 153108
0.37550000 0.37550100 2229.82227825 0 46.59721466 0 -202.25483576 0 -21.95431637 0 174.88515605 0 153189
0.37650000 0.37649900 2224.96152766 0 24.70036365 0 -182.67896549 0 -1.30864914 0 124.68102085 0 153547
0.37750000 0.37749900 2216.95623681 0 5.16867195 0 -205.62525144 0 7.78351218 0 106.91879738 0 155424
0.37850000 0.37850200 2237.60612260 0 22.51302588 0 -202.24819237 0 -30.74164552 0 81.24971603 0 155313
0.37950000 0.37949900 2233.55365172 0 59.95287430 0 -176.62240381 0 -8.16985881 0 98.38424941 0 156100
0.38050000 0.38050000 2201.32211417 0 65.59156644 0 -150.70873480 0 -19.10795383 0 128.99147690 0 157557
0.38150000 0.38149800 2175.92220104 0 68.53281880 0 -148.33372113 0 -5.38995236 0 142.58164839 0 157692
0.38250000 0.38250100 2141.23260738 0 58.77732558 0 -124.80060196 0 20.35104374 0 133.48130462 0 159703
0.38350000 0.38350500 2109.93114512 0 30.34392761 0 -188.46314797 0 102.98491109 0 221.52732434 0 160338
0.38450000 0.38450600 2128.41085524 0 -0.71240113 0 -242.76847228 0 80.91588544 0 177.45947157 0 160167
0.38550000 0.38550000 2126.83858511 0 -3.83123476 0 -252.83875170 0 55.45496379 0 148.69800062 0 160033
0.38650000 0.38649600 2145.50652476 0 34.29785480 0 -286.99023037 0 3.35105018 0 103.21997655 0 162444
0.38750000 0.38750200 2144.14462881 0 50.73560678 0 -317.30182679 0 -70.58939242 0 135.87735571 0 164307
0.38850000 0.38850400 2120.97025296 0 45.53936475 0 -340.77294094 0 -58.35358771 0 121.99598208 0 163882
0.38950000 0.38950500 2125.31060429 0 29.26238292 0 -310.27643670 0 -67.10227444 0 105.08367026 0 164595
0.39050000 0.39050100 2117.12815625 0 49.51100766 0 -310.86769884 0 11.51543926 0 75.92957468 0 165006
0.39150000 0.39150100 2078.20893451 0 67.68988272 0 -273.19411365 0 1.07993809 0 65.14701260 0 166687
0.39250000 0.39250100 2059.37490999 0 68.54211956 0 -294.27692733 0 16.24520425 0 130.17067950 0 167256
0.39350000 0.39350100 2003.67004383 0 42.20371617 0 -281.09089571 0 75.97275674 0 178.34857925 0 167937
0.39450000 0.39449600 2012.69398856 0 22.31604923 0 -329.59542904 0 18.24918432 0 118.76839940 0 167719
0.39550000 0.39549700 2022.06117536 0 18.58855108 0 -316.42379143 0 43.43894473 0 113.14808732 0 171636
0.39650000 0.39650400 2036.90916294 0 14.67348774 0 -307.90142302 0 -21.29617739 0 186.11360064 0 171093
0.39750000 0.39750000 2036.62128249 0 56.59164866 0 -374.92663408 0 -12.39790355 0 164.03981389 0 170464
0.39850000 0.39849800 2019.01628603 0 42.04482831 0 -329.70504505 0 0.60621532 0 229.83710412 0 172113
0.39950000 0.39949500 1993.98175962 0 45.75151049 0 -346.50619073 0 32.33428872 0 224.52017374 0 173232
