### header ###
fiducial parameters:
Omega_m = 0.31
Omega_nu = 0
Omega_de = 0.69
Omega_k = 0
H_0 = 100
w_de = -1
zeff = 0
beta = 0
fgrowth = 0
b_1 = 2
gamma = 0.55
Lx = 3500 Ly = 3500 Lz = 3500
nx = 700 ny = 700 nz = 700
xoffset = -685.467585 yoffset = -31.7331281 zoffset = 572.489161
bins = 400 dk = 0.001
kx_ny = 0.628318531 ky_ny = 0.628318531 kz_ny = 0.628318531
############################
A(data) = 8.02573279 (not used)
A(ran) = 8.02595572 (used)
Ngal = 477084
weighted Ngal = 0
Nran = 23820508
weighted Nran = 0
SN(data) = 3483.00352
SN(ran) = 69.9089851
SN(data+ran) = 3552.91251
############################
13 columns: k_central k_mean P_0(k) sigma^{lin}_{P_0(k)} P^img_1(k) sigma^{lin}_{P_1(k)} P_2(k) sigma^{lin}_{P_2(k)} P^img_3(k) sigma^{lin}_{P_3(k)} P_4(k) sigma^{lin}_{P_4(k)} N_modes
### header ###
0.00050000 0 0 0 0 0 0 0 0 0 0 0 0
0.00150000 0.00179520 10657.30086747 0 -11121.04304785 0 -19662.78802919 0 30739.20960802 0 -2869.76943580 0 3
0.00250000 0.00253879 19092.78474753 0 -12652.23484702 0 -5021.25501596 0 1758.84986977 0 9727.44702920 0 6
0.00350000 0.00331552 23389.84328640 0 -7890.39332924 0 -2049.89699995 0 -7328.40641074 0 1579.31212283 0 7
0.00450000 0.00420575 42615.38520850 0 -20001.49044540 0 -9170.99627311 0 2451.71166762 0 -20658.19003039 0 24
0.00550000 0.00557378 57442.11392666 0 -14043.36173723 0 -12236.91194307 0 -2143.43600002 0 -14432.11106162 0 45
0.00650000 0.00659388 81993.99770277 0 -1361.40877040 0 -22475.26925638 0 12906.89831785 0 23280.00582420 0 40
0.00750000 0.00754703 64163.34726132 0 701.97099948 0 -20594.41343943 0 -7577.54479149 0 -11763.57005707 0 57
0.00850000 0.00846663 69039.70983470 0 -1517.06351270 0 -27803.82557535 0 24250.05220156 0 28841.30241086 0 75
0.00950000 0.00948925 58046.99503150 0 4524.76089876 0 -20989.47398896 0 46.00274154 0 1212.46385694 0 112
0.01050000 0.01054430 60365.76129502 0 -2222.92421989 0 -35765.93435244 0 2624.34028387 0 30368.61889634 0 105
0.01150000 0.01145670 57167.40954790 0 -4407.32782174 0 -27138.82174674 0 6695.93307245 0 8701.66256870 0 144
0.01250000 0.01249090 63646.60186203 0 -6123.00669704 0 -32441.35810239 0 -5863.91429628 0 21140.27905299 0 169
0.01350000 0.01339930 63045.04245463 0 -1633.64402072 0 -18215.52445215 0 -8557.72234606 0 8435.93784538 0 180
0.01450000 0.01448870 66909.83743258 0 -5443.21024247 0 -16401.10258412 0 -13980.80310201 0 -30.64952378 0 267
0.01550000 0.01550050 69974.32477264 0 -750.03485429 0 -4768.06416433 0 -29176.90457611 0 6236.96306407 0 238
0.01650000 0.01653350 78185.22868840 0 1031.42691723 0 10857.70994669 0 -28531.49876243 0 -7723.64411747 0 315
0.01750000 0.01747870 79350.59087557 0 -6413.81023607 0 16311.97036933 0 -9371.70430510 0 2493.26610266 0 297
0.01850000 0.01844180 83689.28135575 0 1209.37467832 0 16836.13422624 0 -1548.14352847 0 -16561.31912424 0 388
0.01950000 0.01947590 83639.56661732 0 1239.48032950 0 34261.09468634 0 -6978.25521068 0 -20101.14136876 0 399
0.02050000 0.02045430 81712.53920588 0 9595.34312179 0 40995.39336429 0 -10094.49459694 0 -15153.25157705 0 462
0.02150000 0.02154770 71979.74424379 0 11152.37772709 0 42717.02915034 0 -3243.39396448 0 -662.60002689 0 571
0.02250000 0.02255340 65591.67716292 0 1114.42949300 0 44595.22760932 0 14102.26650527 0 6589.62768187 0 510
0.02350000 0.02348930 68556.40285636 0 -3843.99007961 0 45210.29525300 0 16662.74161958 0 8269.63152660 0 555
0.02450000 0.02439640 75550.34755131 0 -4446.29133277 0 38810.60223107 0 21871.38466077 0 14711.02292380 0 592
0.02550000 0.02547300 76904.38215338 0 -2265.34229627 0 33423.58403705 0 18302.66364847 0 25179.13097709 0 837
0.02650000 0.02652900 79436.17994641 0 1719.54311666 0 26920.80767106 0 5627.44265513 0 27494.46481992 0 723
0.02750000 0.02749970 73955.37916118 0 3431.06987015 0 30836.31389668 0 12690.54509089 0 25388.73008591 0 826
0.02850000 0.02848090 74845.37263011 0 5087.32357815 0 25820.21858409 0 -3063.04793783 0 26951.69945731 0 831
0.02950000 0.02946900 67543.83875170 0 2353.82124390 0 27190.64022689 0 3239.58508474 0 23853.77369630 0 996
0.03050000 0.03053250 66007.11079012 0 1591.15951039 0 29659.32576846 0 -7317.72161729 0 12738.37753411 0 1041
0.03150000 0.03150510 66288.12639402 0 5520.56150365 0 31821.75080554 0 5408.91925251 0 15488.96446556 0 1036
0.03250000 0.03246190 63943.11872068 0 2813.11234970 0 37050.87764764 0 4358.45457999 0 13728.90771238 0 1059
0.03350000 0.03345080 58472.06158129 0 1939.61664476 0 29323.16998697 0 4349.45277991 0 11138.20515132 0 1302
0.03450000 0.03451200 61398.36630761 0 -383.02161075 0 33734.71636446 0 4068.65862251 0 5167.98546445 0 1339
0.03550000 0.03553350 57403.36078979 0 3358.76758909 0 30652.07041170 0 5006.16343723 0 9979.28705720 0 1365
0.03650000 0.03647120 53347.56820872 0 5529.89547348 0 24166.78831892 0 8948.88543725 0 9139.01939904 0 1308
0.03750000 0.03744890 49938.51012031 0 808.66945759 0 21219.66762194 0 3413.14377627 0 13255.78727288 0 1579
0.03850000 0.03847530 50546.49147610 0 912.96632846 0 18452.47220327 0 8405.17892703 0 3474.57303436 0 1662
0.03950000 0.03950240 48367.45795179 0 908.00039078 0 15904.06592301 0 4038.06578904 0 8037.79918955 0 1683
0.04050000 0.04050350 47936.74451634 0 1310.87467993 0 13672.66030231 0 638.20105192 0 8625.47390162 0 1822
0.04150000 0.04152450 47195.34164649 0 205.42594959 0 15555.28769122 0 -525.81252608 0 8656.48748344 0 1887
0.04250000 0.04250150 46374.88237743 0 2616.64501812 0 19967.83057795 0 -744.49979911 0 11165.55379362 0 1920
0.04350000 0.04349210 43815.84666534 0 2718.53255110 0 19924.42706466 0 604.55668573 0 13353.44517778 0 2005
0.04450000 0.04448520 43984.14600258 0 1604.30235995 0 22341.51557257 0 1239.90107784 0 10743.12245714 0 2151
0.04550000 0.04548030 41819.28505404 0 858.75511891 0 20476.16101037 0 4658.65852280 0 10943.80834448 0 2274
0.04650000 0.04648670 40160.54007296 0 1139.55259801 0 21067.20170919 0 520.71814943 0 9109.44521945 0 2311
0.04750000 0.04749250 40374.23594196 0 1737.36955962 0 21339.13800674 0 -371.97696675 0 6318.69896588 0 2568
0.04850000 0.04851840 37191.82834258 0 2537.75470378 0 21815.46942043 0 -1138.56716110 0 6830.74969944 0 2493
0.04950000 0.04949480 36352.87829108 0 1249.52292811 0 19744.05889336 0 822.44564413 0 6740.15593778 0 2644
0.05050000 0.05050630 35870.67854522 0 -1117.59617789 0 18498.64379776 0 4984.51704221 0 4777.81888249 0 2829
0.05150000 0.05149060 37015.11403848 0 -1355.79510172 0 16053.65303131 0 4553.98076396 0 5275.17664102 0 2784
0.05250000 0.05249300 39079.99189391 0 -1969.19082435 0 14040.59365603 0 3393.41289344 0 289.27445098 0 3055
0.05350000 0.05348950 38624.80862061 0 -321.00773391 0 13101.99268115 0 1769.63431414 0 3743.77446768 0 3009
0.05450000 0.05448610 38495.04097374 0 1796.73936530 0 10735.01751537 0 2294.29642567 0 2220.31115123 0 3336
0.05550000 0.05550870 37525.88038236 0 793.43836757 0 11030.08389946 0 1269.85171648 0 5549.23882493 0 3349
0.05650000 0.05647670 35824.83912047 0 473.79585131 0 9254.92449524 0 437.08112945 0 1658.23565414 0 3324
0.05750000 0.05747970 35636.38815206 0 1164.23281003 0 10301.03774410 0 -59.71958042 0 18.54193659 0 3639
0.05850000 0.05849280 34915.13691337 0 1016.82362802 0 12005.38963111 0 -1736.76058175 0 -1729.79608944 0 3846
0.05950000 0.05951020 33344.85980759 0 1705.03837115 0 11332.74589838 0 -1873.49272094 0 433.76718263 0 3787
0.06050000 0.06049470 32830.43959652 0 400.30329533 0 11432.39682175 0 -878.94993215 0 701.25904899 0 3930
0.06150000 0.06148310 32669.33727041 0 -262.48606831 0 12001.51431743 0 1496.07038485 0 -1837.70696713 0 4083
0.06250000 0.06249100 33265.80340839 0 -320.85936476 0 11026.64040644 0 2905.21194754 0 -1957.16627959 0 4303
0.06350000 0.06350600 33042.80678654 0 660.70776658 0 10697.54876818 0 1537.07120365 0 46.09729919 0 4470
0.06450000 0.06451750 31964.25162596 0 796.32381542 0 9090.64441190 0 2360.36498786 0 460.84566021 0 4479
0.06550000 0.06550280 31984.29253388 0 614.23611208 0 8259.35640917 0 947.14105901 0 1560.59989389 0 4636
0.06650000 0.06648880 30751.94278156 0 417.42332397 0 8633.87779616 0 1401.01447628 0 2712.50920640 0 4653
0.06750000 0.06749660 31252.07969362 0 310.84001803 0 8613.70402034 0 274.58701211 0 2167.09755816 0 5220
0.06850000 0.06852730 30406.04335423 0 19.78203697 0 8031.31080721 0 -176.65562078 0 1197.77088191 0 5029
0.06950000 0.06949320 31239.56796658 0 754.59997381 0 9363.53292938 0 25.49192415 0 2806.95613710 0 5040
0.07050000 0.07048030 29851.09843432 0 668.47057351 0 9584.51438812 0 -789.05815588 0 2187.12739375 0 5475
0.07150000 0.07148790 29749.23304599 0 686.27819351 0 7997.32984234 0 776.34491252 0 1869.45132238 0 5509
0.07250000 0.07249820 28946.37877339 0 591.07945196 0 9195.16715819 0 864.49611933 0 -416.70140839 0 5916
0.07350000 0.07351270 28901.86802762 0 343.42144104 0 7177.04773047 0 823.95369477 0 -802.93177887 0 5721
0.07450000 0.07449140 27625.45042252 0 616.29556450 0 6873.66603044 0 1028.00889055 0 -2256.75017221 0 6028
0.07550000 0.07549160 27064.85861695 0 783.86412830 0 5762.74646441 0 148.53855914 0 -1725.11249604 0 6183
0.07650000 0.07648840 26746.52927842 0 118.34875829 0 6520.24849455 0 11.43837588 0 -1180.71950169 0 6330
0.07750000 0.07749960 26424.54607269 0 246.58620987 0 5142.39732180 0 306.04570138 0 -2071.68733519 0 6583
0.07850000 0.07848650 26513.45684099 0 405.06218054 0 7696.80480211 0 -419.60567919 0 -2753.93077354 0 6549
0.07950000 0.07947320 25825.20113026 0 1461.15934469 0 7511.64231417 0 -803.43999858 0 -2079.43796257 0 6828
0.08050000 0.08048110 25440.43784281 0 1703.11178663 0 9677.28939777 0 -2326.38402300 0 60.84895755 0 7147
0.08150000 0.08149960 23568.32916247 0 988.74974845 0 9607.33444957 0 -359.74094059 0 1623.50177118 0 7386
0.08250000 0.08250610 23529.57602561 0 174.71907117 0 10044.28160388 0 1504.13103731 0 1824.45339432 0 7227
0.08350000 0.08350160 23085.24363064 0 101.69819623 0 9278.08779876 0 1939.46163221 0 443.82860419 0 7798
0.08450000 0.08449610 22633.04988504 0 90.57538161 0 9280.03652793 0 2322.50870931 0 46.18931021 0 7371
0.08550000 0.08548940 22539.48874033 0 402.31513675 0 7860.91880057 0 462.35038915 0 657.58426375 0 8256
0.08650000 0.08650700 22044.66654418 0 548.51189919 0 8170.94389549 0 -48.58779722 0 -222.42418265 0 8037
0.08750000 0.08749060 21536.11466526 0 392.38547585 0 6474.54193770 0 -211.63420212 0 -365.21620521 0 8155
0.08850000 0.08849210 21199.40526752 0 426.35536840 0 7022.40056973 0 -563.90575239 0 -1704.82799698 0 8718
0.08950000 0.08949900 21041.18174587 0 141.24300432 0 7273.99700658 0 -221.88496044 0 -1908.54770131 0 8571
0.09050000 0.09049190 20741.56463627 0 127.06157069 0 6506.17556971 0 26.75616220 0 -3149.09097400 0 8932
0.09150000 0.09150830 20893.03403979 0 327.38207131 0 6574.63575406 0 389.87980875 0 -2800.81099683 0 9285
0.09250000 0.09250820 20355.36194660 0 197.99641964 0 6280.97555522 0 442.44345636 0 -2185.37796643 0 9204
0.09350000 0.09350330 20296.12500882 0 214.64698170 0 6311.07013408 0 640.94698847 0 -2241.57001489 0 9349
0.09450000 0.09448040 19709.95613292 0 502.26279842 0 6222.15936579 0 333.36998457 0 -1387.11870863 0 9564
0.09550000 0.09549270 19076.50843005 0 803.41674670 0 6078.92777193 0 560.71581561 0 -928.22842099 0 10155
0.09650000 0.09649430 18475.94553188 0 590.39186058 0 5780.50647342 0 252.97826299 0 -683.37835164 0 9913
0.09750000 0.09749140 17725.13118593 0 269.69968793 0 5605.57481361 0 1129.43249313 0 45.02771262 0 10476
0.09850000 0.09850240 17878.48288467 0 131.58350814 0 4695.11968842 0 955.36890358 0 -381.41501642 0 10575
0.09950000 0.09950330 17667.11220388 0 0.72848811 0 3933.33266858 0 279.90062079 0 -1135.23439133 0 10882
0.10050000 0.10051200 17564.69319931 0 52.86536846 0 4344.78025884 0 -101.49878366 0 -922.73654788 0 10875
0.10150000 0.10150300 17648.39997494 0 327.91022120 0 4302.05215736 0 24.83655325 0 -1115.39278526 0 11118
0.10250000 0.10250800 17062.45254553 0 516.18403242 0 4611.29111722 0 45.45344351 0 -688.69306756 0 11575
0.10350000 0.10349800 16744.34465349 0 612.91186203 0 4105.17514976 0 245.28189001 0 42.82952397 0 11364
0.10450000 0.10450100 16288.05414772 0 463.93262437 0 4648.90380463 0 1002.97436414 0 -119.95978155 0 12093
0.10550000 0.10551000 16056.64255901 0 267.28038496 0 4636.76853663 0 -60.82780941 0 299.24950841 0 12067
0.10650000 0.10649700 15633.34758119 0 449.85748506 0 4888.86322810 0 -28.60059007 0 233.79103131 0 12054
0.10750000 0.10749900 15656.93163306 0 282.83810856 0 5115.60229574 0 -283.69510650 0 1075.30875495 0 12807
0.10850000 0.10850100 15165.09896461 0 248.16401616 0 5118.81326993 0 -528.62489658 0 985.35275919 0 12736
0.10950000 0.10950300 15332.62323912 0 53.85844528 0 6046.53014951 0 -267.15969662 0 662.72625139 0 12933
0.11050000 0.11050200 15112.61614497 0 227.39787096 0 5859.19748591 0 641.97782192 0 925.04844930 0 13428
0.11150000 0.11150900 15055.48294891 0 209.69986697 0 5825.20544871 0 464.80623079 0 1054.85927824 0 13453
0.11250000 0.11250000 14847.76613531 0 225.03835854 0 5862.71848520 0 650.54669409 0 1722.34441484 0 13668
0.11350000 0.11349100 14854.63097670 0 99.90248659 0 5379.85439986 0 748.12487825 0 819.28006647 0 13791
0.11450000 0.11448600 14711.13364705 0 86.31829416 0 5436.15717156 0 85.10986063 0 1428.37419090 0 14205
0.11550000 0.11549300 14466.54599180 0 366.78293917 0 5045.80236008 0 272.86305113 0 833.15590393 0 14776
0.11650000 0.11649800 14361.69107577 0 185.04955023 0 5039.84544933 0 -534.95494468 0 1150.65813980 0 14553
0.11750000 0.11747300 13994.86495453 0 271.86654190 0 4885.82941110 0 -93.78690942 0 -25.97445607 0 14568
0.11850000 0.11849100 13902.41104229 0 266.48982097 0 5474.95459773 0 -206.03824916 0 148.72014527 0 16015
0.11950000 0.11950300 13918.46591328 0 -16.55246126 0 5624.92923739 0 -256.98755181 0 9.39202202 0 15270
0.12050000 0.12050700 13664.35605869 0 36.52538511 0 5350.64560699 0 380.19484623 0 717.75681297 0 15999
0.12150000 0.12150000 13977.25995807 0 -118.71968117 0 5698.05087050 0 608.21387461 0 1318.07169106 0 15670
0.12250000 0.12250700 14185.08749491 0 -336.60642511 0 5262.04486379 0 830.53065572 0 1625.16261991 0 16887
0.12350000 0.12352200 14245.87455817 0 101.39127138 0 4852.14739900 0 733.21156396 0 1293.40255137 0 16407
0.12450000 0.12449800 14038.37919107 0 376.85875476 0 4502.91520190 0 201.84294528 0 1569.04807773 0 16306
0.12550000 0.12549900 13760.90673111 0 217.61436475 0 4675.89813254 0 -94.48435516 0 1116.32286054 0 17523
0.12650000 0.12650100 13512.22231568 0 188.25830996 0 4721.81506356 0 -77.95248842 0 1848.01530153 0 17154
0.12750000 0.12750600 13461.28962152 0 153.43363394 0 4584.13070444 0 205.36283734 0 1349.16277915 0 18007
0.12850000 0.12850300 13454.75694987 0 183.15507545 0 4317.03301284 0 212.59860161 0 950.60337498 0 17496
0.12950000 0.12949900 13133.10591389 0 372.52726129 0 4647.92944005 0 109.57515883 0 1294.53192850 0 18405
0.13050000 0.13049000 13085.49491717 0 102.40261753 0 4612.07725228 0 137.05766554 0 1729.23140088 0 18100
0.13150000 0.13148800 13028.80461410 0 -402.47457823 0 4408.71186234 0 608.48071764 0 1014.13969649 0 19059
0.13250000 0.13249300 13191.12489594 0 -205.70497218 0 4251.08624622 0 499.61872726 0 1220.04839944 0 18957
0.13350000 0.13349100 13377.80429238 0 289.67748360 0 3998.60402338 0 456.25507434 0 732.22059088 0 19468
0.13450000 0.13450700 12859.84093737 0 381.03191398 0 3683.44136974 0 280.18960847 0 824.94688231 0 19953
0.13550000 0.13551000 12890.40055387 0 228.58482418 0 3070.16744269 0 -20.05674135 0 471.38983513 0 19956
0.13650000 0.13649900 12451.49359806 0 265.43905734 0 3662.16036144 0 -76.30016539 0 283.92873256 0 19723
0.13750000 0.13749600 12459.90856492 0 308.62666030 0 3495.57723455 0 -462.40464354 0 -0.09262055 0 20946
0.13850000 0.13851100 12095.96124813 0 279.73896485 0 3917.42173781 0 -233.53968954 0 195.06336080 0 20955
0.13950000 0.13949800 11910.49980742 0 320.32678593 0 3914.84188613 0 -204.00094139 0 591.44151698 0 20506
0.14050000 0.14048300 11732.89971733 0 242.01444696 0 4072.47857457 0 278.18108874 0 793.79046750 0 21447
0.14150000 0.14148400 11439.37238638 0 200.28839088 0 4160.27103806 0 602.43412106 0 1087.32112014 0 21771
0.14250000 0.14249400 11357.32645948 0 252.78892624 0 3929.55700581 0 489.39122082 0 875.27392031 0 22470
0.14350000 0.14350900 11086.60811766 0 229.72084471 0 3533.14563266 0 509.31254764 0 1139.70761056 0 22519
0.14450000 0.14449900 10747.89462914 0 213.38695114 0 3614.53829240 0 46.42083253 0 1349.43958727 0 22218
0.14550000 0.14550500 10767.18261897 0 25.10727159 0 3178.75373219 0 382.25429864 0 1241.11903357 0 23559
0.14650000 0.14650700 10873.87554092 0 -242.87919552 0 3244.86658368 0 302.17260216 0 1185.44738438 0 23044
0.14750000 0.14750500 10976.68207686 0 71.34685016 0 3082.38021696 0 157.67211988 0 979.04153404 0 23649
0.14850000 0.14849900 10850.20291046 0 168.33698315 0 3228.19166250 0 -155.35025337 0 800.63316424 0 23640
0.14950000 0.14949500 10566.57423791 0 251.98175376 0 3113.00626741 0 -281.19386833 0 497.17285070 0 24457
0.15050000 0.15050000 10519.92653344 0 239.79998199 0 3451.05541645 0 -528.98474714 0 472.03978060 0 24591
0.15150000 0.15149900 10327.21271998 0 174.62384918 0 3559.84100779 0 -384.62820509 0 38.40026187 0 25020
0.15250000 0.15250500 10230.18593759 0 67.05233825 0 3416.58726929 0 28.74220510 0 -150.73530838 0 25297
0.15350000 0.15350100 10329.18359379 0 17.67253764 0 3283.91867331 0 22.59916857 0 -756.53098726 0 25452
0.15450000 0.15450400 9990.79120269 0 72.75303541 0 2989.64949661 0 438.44523987 0 -271.25534957 0 26061
0.15550000 0.15549900 10052.90694492 0 313.84836868 0 2989.31732686 0 350.11798309 0 -629.08299243 0 26128
0.15650000 0.15649500 9844.81367228 0 108.64264763 0 2859.15107629 0 390.96932551 0 -279.42340359 0 26331
0.15750000 0.15749700 9722.27625351 0 53.55229549 0 2832.11245909 0 194.83194921 0 -226.33271332 0 27345
0.15850000 0.15849900 9666.30565155 0 179.38827055 0 2757.48498981 0 86.88110043 0 -101.14646228 0 26980
0.15950000 0.15949700 9408.53085745 0 181.94819205 0 2694.18450882 0 3.64084614 0 63.64693403 0 27777
0.16050000 0.16050000 9508.23714244 0 51.43205602 0 2701.56974948 0 286.16866387 0 225.91528667 0 28224
0.16150000 0.16150500 9342.75017570 0 72.06234379 0 2463.21581310 0 360.48832252 0 643.49583765 0 28075
0.16250000 0.16249700 9301.82686317 0 105.70095237 0 2296.68804783 0 512.58441962 0 38.22244034 0 28590
0.16350000 0.16349900 9104.60661350 0 173.78013803 0 2356.22393838 0 92.91894988 0 19.07650843 0 29163
0.16450000 0.16449100 8907.47494243 0 322.91660271 0 2276.32604249 0 -209.11746269 0 161.82756339 0 28996
0.16550000 0.16550500 8680.65836852 0 288.34991186 0 2361.06254433 0 -202.79295075 0 535.29929398 0 30777
0.16650000 0.16650700 8614.85554212 0 128.85307284 0 2484.50789373 0 17.00786598 0 899.53338399 0 29211
0.16750000 0.16749900 8518.29379738 0 -110.53302565 0 2286.30220715 0 325.69797070 0 755.44368496 0 30922
0.16850000 0.16850800 8647.04279037 0 -8.86152479 0 2403.82386278 0 383.41467829 0 493.78914824 0 30867
0.16950000 0.16949900 8465.05805965 0 202.44970868 0 2296.15657624 0 76.22022320 0 694.81495595 0 30852
0.17050000 0.17049200 8456.93097323 0 163.48730488 0 2109.61004770 0 69.53995747 0 776.93174573 0 31257
0.17150000 0.17149500 8275.78773920 0 132.80478557 0 2313.07508856 0 9.98496716 0 710.90082945 0 32608
0.17250000 0.17250900 8102.35084324 0 154.79663713 0 2095.08315753 0 -2.62158327 0 450.18411864 0 32361
0.17350000 0.17350400 8072.14554114 0 90.82439819 0 2169.44489102 0 -2.61689968 0 691.21312869 0 32508
0.17450000 0.17449800 7979.52554403 0 21.47377748 0 1953.34632753 0 101.71170446 0 479.17035778 0 32791
0.17550000 0.17549800 8136.01071069 0 -52.55678277 0 1849.54328236 0 144.68206841 0 510.12082735 0 33633
0.17650000 0.17650100 8130.07594459 0 -17.26131150 0 1664.39186674 0 -12.73483439 0 112.11725388 0 33984
0.17750000 0.17750300 8100.73428382 0 102.39021653 0 1647.84981346 0 176.89589023 0 219.99270012 0 34069
0.17850000 0.17849800 7990.76395372 0 82.93913135 0 1593.61756650 0 -33.27765080 0 179.34176679 0 34536
0.17950000 0.17950400 7916.29149699 0 107.86304524 0 1553.62432925 0 5.04335538 0 13.93894971 0 35343
0.18050000 0.18050100 7928.22746314 0 -24.74265993 0 1598.03542410 0 182.60920984 0 -18.12262765 0 34990
0.18150000 0.18150500 7804.91498164 0 -4.02338389 0 1431.14227211 0 96.98847214 0 -175.55060277 0 36243
0.18250000 0.18250200 8001.57054274 0 86.15099133 0 1486.73641502 0 -27.62688982 0 -22.65364441 0 35694
0.18350000 0.18350400 7833.78053244 0 130.60692910 0 1570.40997368 0 -72.78448081 0 9.22861665 0 37087
0.18450000 0.18450600 7784.64155490 0 172.79470112 0 1603.87053928 0 -91.86198575 0 319.34134902 0 36651
0.18550000 0.18550700 7688.95452381 0 117.84939644 0 1563.54513229 0 -1.31738521 0 286.67909804 0 37818
0.18650000 0.18651000 7576.59257155 0 113.08386784 0 1833.39983277 0 121.50879979 0 373.00558572 0 37267
0.18750000 0.18750100 7456.92288491 0 244.81574514 0 1792.46544792 0 124.10525996 0 440.74828343 0 38334
0.18850000 0.18850000 7281.16080074 0 121.06037064 0 1734.98900978 0 206.38149122 0 290.35178818 0 38223
0.18950000 0.18949500 7278.54773208 0 35.22726575 0 1689.52604408 0 -149.89934786 0 168.74555193 0 39064
0.19050000 0.19050000 7172.40842637 0 115.01931022 0 1930.48197678 0 -104.21360698 0 128.84421498 0 39609
0.19150000 0.19149800 7166.93869791 0 127.13021910 0 1902.03717432 0 -383.45343142 0 269.18371760 0 39576
0.19250000 0.19250400 7076.37815322 0 -44.85675592 0 1891.48524877 0 75.61467776 0 159.96409112 0 40909
0.19350000 0.19350500 7217.73852418 0 -13.63756103 0 1949.45994152 0 188.93040008 0 66.57246370 0 40191
0.19450000 0.19450100 7124.37668131 0 146.09600428 0 1916.45334124 0 98.18284382 0 -128.85860901 0 41232
0.19550000 0.19549800 7008.42729581 0 171.62989255 0 1698.40604858 0 36.58074674 0 -86.91453885 0 40873
0.19650000 0.19649700 6890.79491694 0 131.30891449 0 1784.74803752 0 -16.05564605 0 -46.35816317 0 42816
0.19750000 0.19750200 6753.99634380 0 123.94471125 0 1744.23440101 0 -47.28513820 0 37.07711906 0 41727
0.19850000 0.19849000 6761.39265678 0 88.37309620 0 1997.25916776 0 10.25598445 0 120.28641513 0 42610
0.19950000 0.19949900 6570.25111344 0 177.46168603 0 1862.32074520 0 121.51987212 0 156.90259331 0 43863
0.20050000 0.20050100 6588.33221986 0 110.76753749 0 1815.55124516 0 294.70210461 0 612.07368704 0 43302
0.20150000 0.20150100 6472.68178713 0 -21.92187446 0 1563.17974557 0 436.88625653 0 642.59676487 0 44487
0.20250000 0.20249700 6572.17769795 0 -97.04294798 0 1518.17074518 0 337.35048534 0 772.19832687 0 43759
0.20350000 0.20349100 6529.54924740 0 9.01209734 0 1451.40462653 0 212.03834197 0 602.31896888 0 45282
0.20450000 0.20449700 6623.63079139 0 -45.30839605 0 1385.62394478 0 24.53062491 0 790.18421131 0 45483
0.20550000 0.20549900 6500.90514310 0 84.39968172 0 1265.58887142 0 -85.48510172 0 619.54972076 0 46138
0.20650000 0.20650200 6591.82000218 0 126.31529600 0 1271.47934822 0 -107.12031369 0 648.96113718 0 46227
0.20750000 0.20749300 6411.81721761 0 118.88133711 0 1312.75697515 0 23.45295554 0 496.21730907 0 46236
0.20850000 0.20850300 6321.45597476 0 94.35303739 0 1189.56628922 0 115.65818336 0 654.66227723 0 48361
0.20950000 0.20950400 6297.88299522 0 72.46637292 0 1340.58172742 0 27.07737034 0 289.30877519 0 46812
0.21050000 0.21050300 6216.19138271 0 64.32489248 0 1319.06820029 0 44.50842058 0 384.88840472 0 48813
0.21150000 0.21149700 6196.84803125 0 128.15773085 0 1358.65176152 0 -106.68218180 0 498.48602843 0 47215
0.21250000 0.21249000 6093.70932557 0 164.49267197 0 1332.33284543 0 -21.96040615 0 446.70519418 0 50004
0.21350000 0.21350300 6011.44195216 0 110.10541246 0 1366.08129147 0 28.24240036 0 486.68182294 0 49509
0.21450000 0.21449800 5900.75192095 0 57.04162794 0 1232.89229623 0 196.99769594 0 396.57856526 0 49660
0.21550000 0.21550100 5978.09210981 0 -17.39827616 0 1094.42955268 0 104.98623380 0 248.80288930 0 50841
0.21650000 0.21649800 5934.78824744 0 -4.57783055 0 1058.12893576 0 83.12880027 0 177.19152131 0 50424
0.21750000 0.21750300 5937.66705190 0 64.58343126 0 933.67932649 0 -33.18408965 0 1.57631152 0 52231
0.21850000 0.21850300 5885.01814738 0 60.70767469 0 825.94006985 0 -7.89806645 0 203.93450744 0 51078
0.21950000 0.21950100 5891.26293858 0 42.44298911 0 968.82399270 0 -106.20762196 0 70.18403460 0 52791
0.22050000 0.22050700 5841.83608059 0 80.02389895 0 1021.83606947 0 -6.61271348 0 -43.65773387 0 52969
0.22150000 0.22150000 5797.29211785 0 112.86020688 0 1043.22337209 0 -27.04061023 0 -199.91968246 0 52704
0.22250000 0.22250100 5664.86711302 0 181.97698009 0 996.83476003 0 -177.40632441 0 -107.16349576 0 54051
0.22350000 0.22349900 5575.19235431 0 142.45653112 0 1124.48316393 0 -11.74873314 0 -9.34911676 0 53938
0.22450000 0.22449800 5516.66404532 0 8.82900538 0 956.28126315 0 250.96642157 0 90.21276297 0 54735
0.22550000 0.22549100 5529.68509930 0 -108.97060989 0 849.30488968 0 295.24464852 0 -35.41339153 0 54774
0.22650000 0.22649900 5584.75884295 0 -42.35640353 0 595.69218248 0 287.95684433 0 -76.31677388 0 56911
0.22750000 0.22749800 5578.63584733 0 86.29094552 0 667.27919136 0 95.72733435 0 -14.59531713 0 54879
0.22850000 0.22849100 5474.38990916 0 173.61405316 0 600.11889794 0 -107.73682074 0 -34.64785099 0 57210
0.22950000 0.22949800 5382.12422645 0 173.49447205 0 661.06208097 0 -88.58236314 0 221.33355866 0 57375
0.23050000 0.23049600 5257.00695600 0 105.14445733 0 875.60609005 0 -161.76445114 0 131.10075478 0 57604
0.23150000 0.23150100 5187.73849193 0 90.13547814 0 788.62965691 0 47.97106872 0 240.58500982 0 58629
0.23250000 0.23250200 5149.80470710 0 63.56533100 0 876.98238003 0 65.85597356 0 156.34786983 0 58560
0.23350000 0.23350400 5099.81316055 0 78.69942745 0 851.48060151 0 28.98203166 0 222.45407793 0 59305
0.23450000 0.23449700 5009.62907490 0 94.83800522 0 898.60441593 0 82.47641890 0 220.25732869 0 59196
0.23550000 0.23549300 4979.74487021 0 153.87874140 0 892.20350496 0 4.13152728 0 294.08316165 0 60063
0.23650000 0.23649900 4893.76826799 0 36.32231867 0 885.79484335 0 23.40379442 0 437.16860081 0 61537
0.23750000 0.23750400 4872.88586339 0 -31.12186915 0 864.82939631 0 91.00343768 0 451.22602440 0 61224
0.23850000 0.23850100 4957.22376153 0 -40.77007155 0 787.98081867 0 141.02930845 0 537.75292116 0 61221
0.23950000 0.23949400 4971.51813287 0 24.55575909 0 808.17895361 0 112.85356348 0 455.82103920 0 62332
0.24050000 0.24050100 4943.92589942 0 81.78151979 0 774.64531066 0 67.47541178 0 476.64697496 0 63447
0.24150000 0.24150500 4884.89933582 0 125.84693666 0 722.01855080 0 -91.90638577 0 476.84406234 0 63342
0.24250000 0.24250300 4793.63016234 0 61.59268561 0 702.95754362 0 -62.26809742 0 421.24549049 0 63379
0.24350000 0.24349600 4795.87784427 0 110.16387434 0 770.23631092 0 -151.67202706 0 422.02830386 0 64266
0.24450000 0.24449500 4730.46254924 0 58.69273301 0 730.00501869 0 29.50929577 0 423.72015509 0 64695
0.24550000 0.24549600 4708.45076751 0 -2.98823224 0 762.47682568 0 59.25055674 0 358.01808685 0 65947
0.24650000 0.24650000 4765.48431265 0 -11.02724938 0 537.97326043 0 118.95995062 0 233.34703109 0 66018
0.24750000 0.24750000 4687.20297618 0 79.23776389 0 623.14601186 0 94.08353700 0 325.59056915 0 66303
0.24850000 0.24849600 4707.48747525 0 108.23839705 0 546.52552412 0 67.25994434 0 227.56617030 0 66958
0.24950000 0.24949200 4563.22615518 0 63.98630079 0 530.89140147 0 -73.97398067 0 426.91230634 0 66975
0.25050000 0.25048900 4581.44012951 0 79.71077360 0 534.48990704 0 35.48381152 0 392.47737615 0 68676
0.25150000 0.25150000 4508.44029198 0 18.78508484 0 564.98198236 0 48.44452133 0 322.30651761 0 69349
0.25250000 0.25249900 4583.37778635 0 -9.33460094 0 481.21873787 0 37.44405590 0 330.53325495 0 68592
0.25350000 0.25349900 4537.27262581 0 51.07109823 0 513.43366693 0 -2.94924658 0 169.95132811 0 70437
0.25450000 0.25450100 4541.03721625 0 57.69965620 0 561.04023472 0 -49.24715416 0 352.58600429 0 70099
0.25550000 0.25550100 4471.60266731 0 85.31469864 0 534.45115390 0 -71.19626654 0 286.30485346 0 71064
0.25650000 0.25650300 4424.84423960 0 112.56789750 0 690.59307850 0 -51.60046608 0 177.92672367 0 71409
0.25750000 0.25750600 4317.30982096 0 117.61134146 0 626.89842274 0 -4.35100291 0 226.38253878 0 72612
0.25850000 0.25850600 4265.92316148 0 93.79532439 0 678.99481825 0 41.37694568 0 243.38409354 0 71845
0.25950000 0.25949600 4241.68584245 0 55.72778587 0 589.43964065 0 -53.63666661 0 176.27141111 0 72816
0.26050000 0.26049800 4224.24693086 0 0.01981226 0 654.86490077 0 107.26192872 0 154.07915048 0 73743
0.26150000 0.26149900 4237.21262322 0 26.37206325 0 561.56506292 0 -22.82338315 0 62.71840887 0 74662
0.26250000 0.26250300 4156.10784393 0 51.61696384 0 524.36758769 0 10.42407342 0 143.71102552 0 74931
0.26350000 0.26350100 4211.95665031 0 53.56857181 0 558.92099175 0 42.24656607 0 10.74157233 0 75087
0.26450000 0.26450200 4166.01757464 0 42.95408762 0 476.18858071 0 67.67449218 0 151.46940352 0 76678
0.26550000 0.26550600 4154.29198266 0 47.92268266 0 441.45469775 0 -6.29075242 0 0.42837717 0 76035
0.26650000 0.26650100 4099.28467296 0 32.65217517 0 420.61768968 0 56.68288461 0 86.62056863 0 77094
0.26750000 0.26750600 4160.54784618 0 -8.35992634 0 391.91379482 0 9.28809718 0 3.64062469 0 78463
0.26850000 0.26850100 4104.99799256 0 49.65860175 0 477.85496559 0 -58.76414951 0 11.19489545 0 77076
0.26950000 0.26949700 4122.27081928 0 43.99200735 0 471.21046347 0 -13.98811084 0 19.25765166 0 79149
0.27050000 0.27049900 4079.07768016 0 29.95451395 0 446.85577780 0 19.44997795 0 120.05611078 0 79648
0.27150000 0.27150200 4141.75811096 0 22.50317151 0 422.32393493 0 119.35191092 0 62.11131330 0 80241
0.27250000 0.27250500 4091.64476883 0 50.41107694 0 441.26093207 0 75.20666259 0 143.11422721 0 80835
0.27350000 0.27350000 4066.24485570 0 81.17863170 0 321.74404351 0 57.58981874 0 218.39385642 0 80680
0.27450000 0.27450400 4019.60822356 0 34.74528745 0 349.52339925 0 57.43347751 0 163.03001786 0 82617
0.27550000 0.27550800 4040.82279792 0 34.89409950 0 251.11479072 0 42.89219333 0 123.20286549 0 82548
0.27650000 0.27649900 3961.31243339 0 58.49210249 0 239.60178738 0 5.83135059 0 -9.15186330 0 81181
0.27750000 0.27748900 3955.79841563 0 91.04152648 0 235.14296217 0 -24.84087145 0 10.09315485 0 84096
0.27850000 0.27849800 3891.09174939 0 55.21325494 0 242.90023294 0 -54.23590083 0 -57.34899567 0 85215
0.27950000 0.27950200 3842.26279694 0 100.29920799 0 286.24395568 0 -32.73178518 0 -16.96711983 0 84514
0.28050000 0.28050300 3840.65730984 0 71.36711251 0 318.71133374 0 -107.96313906 0 38.35564040 0 85815
0.28150000 0.28150100 3771.47742438 0 43.10289967 0 352.01467233 0 6.62498162 0 132.01311435 0 85485
0.28250000 0.28250000 3808.09360255 0 -12.77170523 0 406.71527863 0 64.52352999 0 235.37326653 0 87220
0.28350000 0.28350400 3803.93040842 0 46.32273173 0 427.05513933 0 140.69935317 0 217.61325752 0 87147
0.28450000 0.28449700 3735.79132149 0 57.35973583 0 324.17552604 0 167.90294801 0 199.09257980 0 87102
0.28550000 0.28549800 3714.98642315 0 76.26705914 0 249.33989706 0 121.88858053 0 284.73922673 0 88971
0.28650000 0.28649900 3630.74817593 0 75.75917160 0 176.54711200 0 114.53323516 0 347.33550786 0 89434
0.28750000 0.28750100 3611.63734329 0 56.54902021 0 123.09657117 0 15.52339940 0 243.93660254 0 89619
0.28850000 0.28849900 3540.90733235 0 78.54563286 0 127.75248376 0 -19.57000195 0 356.55543274 0 90240
0.28950000 0.28950100 3516.53714543 0 99.10605426 0 216.55031434 0 -135.47985925 0 318.03149300 0 91333
0.29050000 0.29050500 3463.30140770 0 72.84593221 0 231.00523439 0 -125.17816824 0 371.98361014 0 92139
0.29150000 0.29150600 3433.06288862 0 16.94121059 0 339.51955377 0 -7.04267400 0 304.08589989 0 92370
0.29250000 0.29250200 3478.41513108 0 -20.26025068 0 282.78053247 0 9.06972879 0 292.68472702 0 91819
0.29350000 0.29349600 3495.32257108 0 17.84692676 0 316.32746221 0 44.84191901 0 103.45338116 0 93552
0.29450000 0.29450000 3510.10412471 0 26.50880646 0 246.05695275 0 2.65342728 0 166.18009427 0 94701
0.29550000 0.29550200 3486.13254148 0 32.47103193 0 237.34414035 0 9.53380314 0 144.47390870 0 95020
0.29650000 0.29650300 3446.17252121 0 91.81869296 0 171.87237646 0 5.61155387 0 20.48136500 0 95151
0.29750000 0.29749800 3394.73050010 0 96.43485590 0 210.62440610 0 -54.24265495 0 57.94634760 0 95802
0.29850000 0.29850000 3336.56757783 0 123.53392800 0 243.56346520 0 -85.06845014 0 90.66163502 0 97399
0.29950000 0.29950700 3280.03228730 0 47.86566019 0 347.70864521 0 -1.55283819 0 230.12387733 0 97881
0.30050000 0.30050300 3278.61502972 0 33.53740754 0 369.10923462 0 36.84116782 0 197.51034458 0 97188
0.30150000 0.30149700 3263.30200450 0 23.43977947 0 351.35697624 0 29.43976157 0 159.70610595 0 98263
0.30250000 0.30249700 3251.39925532 0 34.60090434 0 316.34739239 0 36.65028094 0 191.44824674 0 100050
0.30350000 0.30350600 3275.62550202 0 9.41210722 0 283.99073758 0 58.78275102 0 110.53424360 0 100779
0.30450000 0.30450500 3232.76453265 0 30.35477849 0 238.28196626 0 56.74444674 0 162.64802266 0 99982
0.30550000 0.30550300 3243.23895193 0 35.32193413 0 102.32732572 0 98.24108425 0 188.43435993 0 101559
0.30650000 0.30649700 3232.58737545 0 12.07824553 0 57.43690993 0 146.24105174 0 192.86328985 0 100935
0.30750000 0.30749800 3221.74756946 0 24.85227595 0 -26.91183909 0 43.39653772 0 182.87937456 0 103762
0.30850000 0.30850200 3243.08393938 0 47.40604799 0 68.44302225 0 10.80980000 0 234.74657295 0 102951
0.30950000 0.30950100 3201.73987851 0 44.41220208 0 42.66067102 0 -64.27373834 0 246.54967120 0 104394
0.31050000 0.31050000 3179.98276024 0 36.87737432 0 24.71342900 0 34.85855733 0 367.27455040 0 103963
0.31150000 0.31149700 3197.00092349 0 6.88117307 0 85.36131313 0 30.94415834 0 281.61904560 0 105936
0.31250000 0.31250000 3194.11104671 0 12.56498493 0 -11.10609541 0 2.85912893 0 241.40436186 0 105717
0.31350000 0.31349800 3182.46296100 0 61.74205127 0 25.01980022 0 -26.66824794 0 130.37883920 0 106776
0.31450000 0.31450400 3141.97146914 0 43.49175972 0 -39.15616949 0 -84.99105458 0 72.44345321 0 108733
0.31550000 0.31549900 3136.29136651 0 46.07116851 0 12.97831481 0 -55.43359420 0 79.55443238 0 105891
0.31650000 0.31650000 3143.27800347 0 38.47001752 0 -0.10974589 0 -63.16772381 0 74.03277471 0 111072
0.31750000 0.31750600 3124.57684685 0 51.81859087 0 7.78292534 0 69.14334680 0 134.65607828 0 108121
0.31850000 0.31849900 3074.43028774 0 65.95274568 0 -10.03010903 0 64.08406942 0 80.31189012 0 110484
0.31950000 0.31950100 3064.76414818 0 53.57012194 0 6.72598336 0 87.27892906 0 130.09095876 0 110817
0.32050000 0.32049800 3033.25231174 0 54.31163553 0 -19.69965887 0 55.11747933 0 120.13915321 0 111088
0.32150000 0.32149900 2987.91114161 0 39.40607186 0 -76.05447050 0 -0.25145693 0 169.32242006 0 112635
0.32250000 0.32250100 2994.41059628 0 24.87098818 0 -24.96886753 0 -47.50204504 0 207.37246430 0 113202
0.32350000 0.32350400 2973.84928909 0 51.95621987 0 -42.08214205 0 27.59322996 0 242.11299065 0 113863
0.32450000 0.32450300 2957.19651256 0 47.04763683 0 14.33866064 0 3.47026590 0 192.42925472 0 114045
0.32550000 0.32549900 2951.68249480 0 64.02549682 0 -28.85126750 0 -42.78479178 0 198.06506805 0 114828
0.32650000 0.32650300 2913.04008119 0 67.72077450 0 38.28045932 0 -16.09196328 0 152.62867593 0 116431
0.32750000 0.32750400 2909.69623909 0 61.43988753 0 114.45129995 0 -150.09975694 0 210.33763288 0 116442
0.32850000 0.32850400 2865.04155310 0 73.07070041 0 88.59576065 0 -8.38808326 0 188.16530243 0 116955
0.32950000 0.32949800 2842.32114257 0 48.45537221 0 76.63144935 0 44.65767552 0 232.71590857 0 117028
0.33050000 0.33049700 2815.27145304 0 34.48364842 0 19.59026430 0 122.84633663 0 247.43877888 0 119061
0.33150000 0.33150100 2800.98815402 0 35.58158014 0 13.71263139 0 54.21918162 0 174.17652726 0 120060
0.33250000 0.33250400 2766.86324893 0 81.38036946 0 -33.01036487 0 6.08846104 0 73.92570533 0 119737
0.33350000 0.33350100 2725.27559691 0 93.07551255 0 -14.05531985 0 -73.61435156 0 210.63326396 0 120531
0.33450000 0.33450000 2683.67687257 0 24.87508494 0 -68.98866642 0 -35.67680214 0 226.62723716 0 121704
0.33550000 0.33550300 2705.52256944 0 -23.43612560 0 -20.32646318 0 68.65771463 0 197.22357137 0 122761
0.33650000 0.33650300 2725.15380134 0 -6.07552857 0 -103.30944093 0 52.80269910 0 155.29046281 0 122472
0.33750000 0.33749900 2747.36488493 0 42.68469796 0 -129.29928753 0 59.30912934 0 65.54306966 0 122985
0.33850000 0.33849800 2717.74641604 0 69.26779973 0 -202.46742440 0 -5.04295677 0 153.81452192 0 125380
0.33950000 0.33950300 2688.17223645 0 47.79889407 0 -166.57648350 0 -13.12225504 0 141.31829613 0 125223
0.34050000 0.34050000 2663.86848347 0 18.36732603 0 -192.25874092 0 33.97875040 0 146.91867802 0 125178
0.34150000 0.34149900 2659.82708491 0 48.34442752 0 -190.67318400 0 -1.83446278 0 94.96622274 0 127059
0.34250000 0.34250300 2658.18838084 0 42.04516048 0 -195.87164051 0 7.80605543 0 145.35748022 0 127957
0.34350000 0.34349800 2634.03964041 0 54.17134918 0 -191.83688534 0 -23.18710902 0 76.54574955 0 126732
0.34450000 0.34449700 2610.75454131 0 55.98521743 0 -130.14632038 0 -53.53402616 0 92.26579344 0 129639
0.34550000 0.34550000 2608.40720845 0 24.77598763 0 -190.11403160 0 35.79837626 0 126.25218374 0 129826
0.34650000 0.34650400 2589.52889464 0 7.99938929 0 -196.38428915 0 11.31137631 0 105.10869372 0 130875
0.34750000 0.34750200 2625.94577096 0 -0.89683617 0 -266.35030967 0 109.24188185 0 45.72194738 0 130686
0.34850000 0.34850200 2627.78377688 0 -4.26097383 0 -313.65903193 0 126.70061290 0 136.08108649 0 132211
0.34950000 0.34950400 2621.81579381 0 36.02059782 0 -333.50838863 0 83.72615220 0 142.41224182 0 132768
0.35050000 0.35050300 2591.06794779 0 54.57726060 0 -367.13836080 0 27.11125166 0 129.59491861 0 132957
0.35150000 0.35150100 2612.38217306 0 61.35784160 0 -332.79533091 0 -48.13427479 0 204.87565505 0 133987
0.35250000 0.35249800 2535.11949048 0 69.42746265 0 -274.31020399 0 -74.96296072 0 256.11394538 0 134778
0.35350000 0.35349800 2556.09047368 0 67.85895712 0 -165.59658276 0 -77.78297113 0 256.12501770 0 135699
0.35450000 0.35450100 2504.61523560 0 66.12104501 0 -210.61001207 0 -40.45340306 0 374.10063865 0 137380
0.35550000 0.35550100 2485.69263249 0 63.00584642 0 -176.31348595 0 67.46910056 0 361.05301108 0 136161
0.35650000 0.35649900 2467.02469284 0 56.48745808 0 -232.58082621 0 13.23452841 0 368.87782303 0 138792
0.35750000 0.35750000 2426.72143050 0 36.14394352 0 -243.84580948 0 33.08222426 0 305.05805001 0 138097
0.35850000 0.35849800 2423.01220169 0 27.92772489 0 -256.65427483 0 -28.19102477 0 295.98206535 0 140028
0.35950000 0.35950300 2425.19344968 0 35.62454076 0 -236.54914743 0 -69.02155122 0 257.10491845 0 141099
0.36050000 0.36050500 2412.78137356 0 31.86017177 0 -220.95599238 0 -44.28874566 0 189.47626569 0 140821
0.36150000 0.36150200 2369.37786027 0 64.06524646 0 -220.02148817 0 -58.43319772 0 181.62930909 0 141756
0.36250000 0.36250400 2370.82833482 0 43.84452399 0 -216.09192009 0 7.25180807 0 196.33446368 0 142971
0.36350000 0.36349900 2383.11861537 0 14.30278631 0 -155.68574481 0 41.21329672 0 161.68362316 0 142270
0.36450000 0.36450000 2386.55103606 0 23.37002382 0 -207.85078873 0 -18.05907250 0 131.45949811 0 145311
0.36550000 0.36550300 2406.75802885 0 24.13999329 0 -212.57424250 0 17.04562261 0 236.76173606 0 145434
0.36650000 0.36650100 2392.29757264 0 11.00307850 0 -245.03386993 0 68.66369368 0 275.26906732 0 144547
0.36750000 0.36749600 2428.00582018 0 18.84598263 0 -238.42922818 0 17.68969975 0 200.91065553 0 146892
0.36850000 0.36849900 2432.05829107 0 19.28721477 0 -241.63466621 0 -2.77743732 0 208.22281884 0 148113
0.36950000 0.36949900 2412.61528868 0 65.22008994 0 -247.93814073 0 -25.72754323 0 177.56465865 0 147387
0.37050000 0.37049800 2361.31720780 0 77.61810421 0 -245.97169585 0 -32.67974526 0 194.43113105 0 149758
0.37150000 0.37150100 2349.38124164 0 63.45560426 0 -243.32873191 0 -50.80824123 0 112.20693971 0 150099
0.37250000 0.37250000 2291.51727214 0 25.73706542 0 -239.97049579 0 59.31222959 0 173.03718503 0 150468
0.37350000 0.37349800 2299.17932092 0 24.51767029 0 -289.78377792 0 41.34538955 0 117.33342610 0 150709
0.37450000 0.37449700 2317.96905613 0 26.67500206 0 -302.20914083 0 51.91314853 0 191.09282512 0 153108
0.37550000 0.37550100 2297.77313566 0 46.54517473 0 -290.09601748 0 0.60669586 0 133.28089554 0 153189
0.37650000 0.37649900 2289.61283227 0 79.76846041 0 -241.37003765 0 -98.36332271 0 236.40852890 0 153547
0.37750000 0.37749900 2246.59685035 0 61.54928209 0 -261.25925472 0 -49.42552931 0 239.66822133 0 155424
0.37850000 0.37850200 2214.54247000 0 53.81548466 0 -176.35556078 0 4.79809231 0 291.73915048 0 155313
0.37950000 0.37949900 2214.47603605 0 15.44666818 0 -225.71044866 0 30.29410215 0 317.26528812 0 156100
0.38050000 0.38050000 2223.25638964 0 26.69061404 0 -213.83759476 0 87.70931033 0 285.08025434 0 157557
0.38150000 0.38149800 2192.57497756 0 60.25083056 0 -279.01594203 0 -5.05159319 0 238.35061467 0 157692
0.38250000 0.38250100 2183.52888819 0 46.61205158 0 -296.47367658 0 -1.06250361 0 268.94012645 0 159703
0.38350000 0.38350500 2146.74662514 0 43.85039232 0 -322.50249776 0 -8.89434317 0 296.70065924 0 160338
0.38450000 0.38450600 2141.77515129 0 32.37038450 0 -303.23886704 0 -22.83246246 0 245.96173075 0 160167
0.38550000 0.38550000 2144.03390556 0 10.34041093 0 -301.45179382 0 -7.14323285 0 179.16682405 0 160033
0.38650000 0.38649600 2128.57694011 0 31.61392327 0 -299.19525402 0 -1.01669851 0 161.44446095 0 162444
0.38750000 0.38750200 2148.01994249 0 37.18607073 0 -317.26860982 0 -23.03098924 0 84.17480280 0 164307
0.38850000 0.38850400 2141.73086200 0 25.72101055 0 -305.78882345 0 -16.77922248 0 44.58426601 0 163882
0.38950000 0.38950500 2136.59330328 0 48.94576548 0 -296.28655429 0 -52.93600990 0 77.03669643 0 164595
0.39050000 0.39050100 2089.33662095 0 62.58122277 0 -342.52901166 0 8.94818788 0 87.18581081 0 165006
0.39150000 0.39150100 2111.44805362 0 35.57250084 0 -346.57041022 0 36.34224886 0 103.80116288 0 166687
0.39250000 0.39250100 2080.94379874 0 15.48597494 0 -363.75798003 0 70.00388788 0 153.63625749 0 167256
0.39350000 0.39350100 2104.32854876 0 51.95478047 0 -370.35819286 0 70.82744740 0 130.91695419 0 167937
0.39450000 0.39449600 2034.99365074 0 61.95729726 0 -358.43772796 0 44.46014525 0 198.59100348 0 167719
0.39550000 0.39549700 2011.34316493 0 76.43724077 0 -374.50034957 0 -13.15392188 0 165.35409884 0 171636
0.39650000 0.39650400 1993.53886662 0 50.09894811 0 -335.44161654 0 -54.74456343 0 243.73951516 0 171093
0.39750000 0.39750000 1979.88669012 0 17.31124768 0 -312.39346520 0 -29.33833907 0 217.44163649 0 170464
0.39850000 0.39849800 1994.00390427 0 16.13138075 0 -331.57073179 0 -24.16213794 0 244.68066277 0 172113
0.39950000 0.39949500 1999.55113900 0 37.97076639 0 -351.34590391 0 3.81702897 0 202.16847163 0 173232
