### header ###
fiducial parameters:
Omega_m = 0.31
Omega_nu = 0
Omega_de = 0.69
Omega_k = 0
H_0 = 100
w_de = -1
zeff = 0
beta = 0
fgrowth = 0
b_1 = 2
gamma = 0.55
Lx = 3500 Ly = 3500 Lz = 3500
nx = 700 ny = 700 nz = 700
xoffset = -685.467585 yoffset = -31.7331281 zoffset = 572.489161
bins = 400 dk = 0.001
kx_ny = 0.628318531 ky_ny = 0.628318531 kz_ny = 0.628318531
############################
A(data) = 8.05679035 (not used)
A(ran) = 8.05904131 (used)
Ngal = 479286
weighted Ngal = 0
Nran = 23820508
weighted Nran = 0
SN(data) = 3486.26729
SN(ran) = 70.1971725
SN(data+ran) = 3556.46447
############################
13 columns: k_central k_mean P_0(k) sigma^{lin}_{P_0(k)} P^img_1(k) sigma^{lin}_{P_1(k)} P_2(k) sigma^{lin}_{P_2(k)} P^img_3(k) sigma^{lin}_{P_3(k)} P_4(k) sigma^{lin}_{P_4(k)} N_modes
### header ###
0.00050000 0 0 0 0 0 0 0 0 0 0 0 0
0.00150000 0.00179520 18296.68459307 0 -21163.86310486 0 13726.02890793 0 -48387.94175270 0 29514.05686684 0 3
0.00250000 0.00253879 27148.78683908 0 -11998.08189673 0 -5380.95056002 0 -10485.05978259 0 -32976.48356088 0 6
0.00350000 0.00331552 41996.44225114 0 -9586.62920216 0 -12667.40393202 0 19217.90201798 0 19223.99179663 0 7
0.00450000 0.00420575 45481.78865755 0 -7113.52580299 0 -9468.91931701 0 1985.63322670 0 -228.25708337 0 24
0.00550000 0.00557378 59903.15956410 0 -4837.64265349 0 -7409.01293542 0 7589.15966022 0 -9398.06751049 0 45
0.00650000 0.00659388 53340.48192084 0 -13970.28439343 0 -3091.17164287 0 6529.13957138 0 13001.01307881 0 40
0.00750000 0.00754703 64178.07345333 0 -3299.01025204 0 -17359.19085067 0 32115.05668999 0 26003.90845283 0 57
0.00850000 0.00846663 71766.26982129 0 -14290.60675043 0 -19559.70468513 0 14913.42502148 0 1715.32456090 0 75
0.00950000 0.00948925 73623.87375611 0 -7960.42578372 0 -22593.07879245 0 5433.71018778 0 -23065.20272271 0 112
0.01050000 0.01054430 82838.15174694 0 -4830.66708885 0 -23600.66035094 0 -41584.21959814 0 -7965.29760664 0 105
0.01150000 0.01145670 84458.69720740 0 -6153.15663752 0 -27942.45108208 0 -23007.29446391 0 -12026.09487852 0 144
0.01250000 0.01249090 90205.56595802 0 -6625.54630358 0 -6336.27074537 0 -32812.72387681 0 -12600.19492037 0 169
0.01350000 0.01339930 106895.76694315 0 -2221.15264792 0 8540.06198797 0 -30152.59783913 0 -14821.41400224 0 180
0.01450000 0.01448870 96254.48772970 0 11401.83720525 0 7571.59895306 0 -20946.07047567 0 -3650.89980710 0 267
0.01550000 0.01550050 86058.09452745 0 1188.53656301 0 22599.50074084 0 6208.13073024 0 8508.78267036 0 238
0.01650000 0.01653350 99933.26765069 0 -907.43570221 0 49884.25572870 0 -4939.39731857 0 -5237.95148498 0 315
0.01750000 0.01747870 87813.83307395 0 6111.14823716 0 47366.29834169 0 17416.54549323 0 5086.13883939 0 297
0.01850000 0.01844180 92875.98925778 0 8838.95939645 0 60205.43403164 0 2695.34710293 0 31079.46214970 0 388
0.01950000 0.01947590 81095.69999023 0 10193.75798894 0 73436.86218993 0 14436.53999154 0 64850.16356982 0 399
0.02050000 0.02045430 81993.44408653 0 6285.50413607 0 81957.23758437 0 25370.23930346 0 59778.26374014 0 462
0.02150000 0.02154770 73090.18769986 0 4916.97586081 0 73598.40740903 0 29651.35369459 0 67956.17212795 0 571
0.02250000 0.02255340 71479.82877823 0 3557.28330076 0 52381.17569855 0 32032.78931658 0 56586.22321817 0 510
0.02350000 0.02348930 70669.99894100 0 -4696.53694600 0 49131.89125727 0 29459.47030548 0 59918.10720260 0 555
0.02450000 0.02439640 75389.79884144 0 -2289.11457766 0 55278.02804085 0 13812.39304152 0 62197.45598977 0 592
0.02550000 0.02547300 73706.91619225 0 2776.04220621 0 34627.36719134 0 -1285.48583912 0 31397.12714875 0 837
0.02650000 0.02652900 67949.08584006 0 6629.31089402 0 40499.68538216 0 -13423.42227064 0 33563.98111576 0 723
0.02750000 0.02749970 62654.63228153 0 7722.60331894 0 25518.16556304 0 -8171.34249919 0 16644.91517662 0 826
0.02850000 0.02848090 56451.36230188 0 2469.27237478 0 36420.30874922 0 5646.12166710 0 14132.71539852 0 831
0.02950000 0.02946900 60078.21301948 0 -805.53488244 0 29165.83225129 0 11587.63081571 0 -870.08875060 0 996
0.03050000 0.03053250 56876.09668193 0 -115.72351007 0 20320.92701641 0 9792.88446888 0 -8373.71137990 0 1041
0.03150000 0.03150510 53926.42935024 0 3626.86178992 0 21691.90227546 0 848.61840554 0 -11120.82160135 0 1036
0.03250000 0.03246190 52519.02614254 0 4562.56181569 0 16829.15866161 0 -7035.52127464 0 -1707.64036748 0 1059
0.03350000 0.03345080 48403.66445395 0 3026.70856778 0 25229.28860852 0 -28.13245218 0 -4702.11739771 0 1302
0.03450000 0.03451200 45979.26821166 0 3430.61590483 0 21904.15874223 0 -3034.54777375 0 -7099.12070840 0 1339
0.03550000 0.03553350 45250.26634560 0 1767.27590895 0 24542.69374652 0 3697.47000529 0 -2178.96709036 0 1365
0.03650000 0.03647120 42124.10615630 0 2477.49911212 0 21833.96020288 0 3298.24626163 0 380.77503605 0 1308
0.03750000 0.03744890 43941.84972178 0 -2100.25393322 0 20387.69313507 0 6852.20786494 0 3033.41839662 0 1579
0.03850000 0.03847530 44303.47185035 0 -1837.78447340 0 16947.18964417 0 6354.67294922 0 -684.60959416 0 1662
0.03950000 0.03950240 45336.07686294 0 500.97508705 0 17776.17460334 0 4016.40832169 0 -58.31250938 0 1683
0.04050000 0.04050350 45294.33419837 0 843.70893672 0 19087.91292461 0 342.96747572 0 2589.72819648 0 1822
0.04150000 0.04152450 43793.92346220 0 1734.94472048 0 20499.08072275 0 -1657.18378328 0 3992.72461890 0 1887
0.04250000 0.04250150 44131.62936917 0 369.02065602 0 21300.71703962 0 -2176.79691470 0 5658.03548860 0 1920
0.04350000 0.04349210 43760.48504125 0 806.19811470 0 22291.91155738 0 2440.35146235 0 6694.51581488 0 2005
0.04450000 0.04448520 44171.93263151 0 -653.30813190 0 21786.90282240 0 619.54529183 0 3915.41764702 0 2151
0.04550000 0.04548030 43982.59587711 0 1094.64103408 0 19397.27368004 0 5379.21220502 0 4099.71649363 0 2274
0.04650000 0.04648670 42270.15012066 0 1879.00673870 0 18701.15661869 0 3625.75455744 0 3161.30374827 0 2311
0.04750000 0.04749250 40899.72847785 0 2922.92766725 0 16976.19913520 0 2523.06172875 0 920.08029715 0 2568
0.04850000 0.04851840 36963.73845132 0 2675.83766660 0 16365.56042145 0 70.14871389 0 1978.84589159 0 2493
0.04950000 0.04949480 36489.84294908 0 942.23380465 0 13744.85186012 0 6.94148402 0 2267.18030219 0 2644
0.05050000 0.05050630 35865.25310606 0 -420.33866709 0 16235.01771184 0 186.73365083 0 1221.86426071 0 2829
0.05150000 0.05149060 35288.05281327 0 1000.05680655 0 14595.64929919 0 870.30576816 0 -1452.60043761 0 2784
0.05250000 0.05249300 36657.92083983 0 67.15287496 0 16648.90121356 0 -453.27551173 0 -1255.16981377 0 3055
0.05350000 0.05348950 35748.99369547 0 -855.89845911 0 14523.78991111 0 483.99789140 0 1675.48633621 0 3009
0.05450000 0.05448610 37743.11939531 0 -688.14830918 0 15134.09645512 0 2270.30269779 0 455.19102392 0 3336
0.05550000 0.05550870 37351.38054322 0 -1231.64112353 0 13670.33511409 0 1502.07158490 0 -3010.10008055 0 3349
0.05650000 0.05647670 38498.14122469 0 309.77375315 0 18101.81167626 0 -379.62240703 0 -2022.10546465 0 3324
0.05750000 0.05747970 37540.27440463 0 3142.25934958 0 16904.56119362 0 -780.34534348 0 -730.09581175 0 3639
0.05850000 0.05849280 35903.45262669 0 1929.57404615 0 17855.67389554 0 -1864.64593341 0 2104.61642920 0 3846
0.05950000 0.05951020 34762.22810763 0 -9.85507772 0 17517.52509558 0 1357.35629952 0 1927.25993026 0 3787
0.06050000 0.06049470 36163.54153668 0 -389.12356896 0 20095.49448311 0 204.77489689 0 585.48682069 0 3930
0.06150000 0.06148310 34906.83266976 0 1032.09014948 0 19509.54705370 0 3513.33724356 0 863.35234818 0 4083
0.06250000 0.06249100 34627.47791459 0 850.66346393 0 16303.33395597 0 2476.83477263 0 2030.64222709 0 4303
0.06350000 0.06350600 33924.05311886 0 26.27196944 0 17352.43673253 0 1999.65078992 0 1087.93341971 0 4470
0.06450000 0.06451750 33670.49688051 0 18.75762548 0 15706.53564824 0 1581.15012875 0 935.67455943 0 4479
0.06550000 0.06550280 33595.75868798 0 466.94318948 0 15256.66709086 0 508.90951501 0 191.87896018 0 4636
0.06650000 0.06648880 32047.18333885 0 1310.94111388 0 13607.11213938 0 -333.36001948 0 1424.11134585 0 4653
0.06750000 0.06749660 31264.92359041 0 923.43964050 0 13939.28188394 0 2502.09074554 0 2849.04204374 0 5220
0.06850000 0.06852730 30814.16924704 0 -63.23437921 0 12754.76457484 0 2891.81443451 0 1448.49260510 0 5029
0.06950000 0.06949320 31225.61683731 0 -665.65155961 0 11296.09650323 0 3211.72711550 0 222.65559424 0 5040
0.07050000 0.07048030 30593.38709016 0 166.04833361 0 10794.91879264 0 446.67308444 0 1834.63993315 0 5475
0.07150000 0.07148790 30514.88430720 0 1436.40162640 0 9831.12827880 0 -593.41903419 0 2033.55424852 0 5509
0.07250000 0.07249820 29728.97069157 0 979.98489612 0 10041.18135294 0 835.69478801 0 3682.45593284 0 5916
0.07350000 0.07351270 29006.83366690 0 559.03060777 0 9739.94768392 0 527.35711539 0 4272.94301541 0 5721
0.07450000 0.07449140 27571.41747741 0 1801.93228564 0 9586.11987521 0 1389.22245035 0 4150.94814056 0 6028
0.07550000 0.07549160 27275.45423501 0 1033.66463407 0 10565.74381354 0 632.88522877 0 2347.62074200 0 6183
0.07650000 0.07648840 26075.65711766 0 281.74969903 0 10009.25984048 0 1433.71105147 0 5373.10028172 0 6330
0.07750000 0.07749960 26075.32494791 0 -126.62753556 0 9931.86429000 0 1034.66557224 0 3834.11356588 0 6583
0.07850000 0.07848650 25987.74285860 0 -633.30044095 0 10363.55209003 0 436.90950841 0 4511.91700197 0 6549
0.07950000 0.07947320 26743.09685772 0 -115.25957966 0 9262.14365102 0 2336.80308065 0 3561.59043511 0 6828
0.08050000 0.08048110 26316.70162896 0 177.11733673 0 9003.01803329 0 -469.95596907 0 4596.15524919 0 7147
0.08150000 0.08149960 26295.99638155 0 938.82795754 0 8689.01797376 0 -274.87267809 0 2219.84611359 0 7386
0.08250000 0.08250610 25379.65077956 0 699.73106817 0 9566.67687283 0 -1032.48543148 0 1210.51512777 0 7227
0.08350000 0.08350160 24391.88868249 0 1668.11216788 0 8969.40245514 0 -1742.01993604 0 1103.17226035 0 7798
0.08450000 0.08449610 23911.68195510 0 435.40477947 0 9583.26321541 0 -481.17666304 0 -77.17820075 0 7371
0.08550000 0.08548940 22893.91385777 0 27.78843504 0 9176.10061485 0 755.23441802 0 -672.71016668 0 8256
0.08650000 0.08650700 23370.35599472 0 622.63779215 0 9510.87235575 0 812.15170375 0 -513.57539269 0 8037
0.08750000 0.08749060 22445.92759561 0 1088.78266702 0 9037.34224023 0 659.91830982 0 -619.39913714 0 8155
0.08850000 0.08849210 21572.32116742 0 1079.92480716 0 8421.15629174 0 572.18231519 0 -249.30889455 0 8718
0.08950000 0.08949900 20675.79502685 0 791.42431169 0 8950.40234575 0 335.35525241 0 1822.68182235 0 8571
0.09050000 0.09049190 20098.15184106 0 582.91582687 0 8905.96910625 0 1426.30366616 0 1628.97149964 0 8932
0.09150000 0.09150830 20089.40470446 0 4.97386547 0 8895.53897627 0 629.68754137 0 2841.35785031 0 9285
0.09250000 0.09250820 20015.66302116 0 -50.79561878 0 8785.94510522 0 1102.89655947 0 2144.03390556 0 9204
0.09350000 0.09350330 20052.53386281 0 -67.98030980 0 8438.53984171 0 605.26531451 0 1502.03836792 0 9349
0.09450000 0.09448040 19674.63541675 0 374.35751658 0 7601.73782122 0 115.49984911 0 1380.80748348 0 9564
0.09550000 0.09549270 19267.06314017 0 581.89717298 0 7516.74665591 0 102.30662048 0 1524.28266848 0 10155
0.09650000 0.09649430 19061.33934504 0 206.26966074 0 6539.68042461 0 1384.19561488 0 959.74579358 0 9913
0.09750000 0.09749140 18561.20243299 0 -3.39050087 0 6427.88316092 0 677.83886754 0 273.49749535 0 10476
0.09850000 0.09850240 18342.85618756 0 646.52965465 0 5814.09990692 0 483.70115310 0 -551.29215995 0 10575
0.09950000 0.09950330 17873.05744551 0 763.20649189 0 6252.89613948 0 -279.04030115 0 -138.87574127 0 10882
0.10050000 0.10051200 17279.69155848 0 390.19315554 0 5906.27701104 0 -763.14337964 0 1248.99145652 0 10875
0.10150000 0.10150300 17405.25172192 0 -67.80536706 0 6839.77364417 0 -116.17526093 0 1880.83367229 0 11118
0.10250000 0.10250800 17302.72199410 0 33.17733553 0 6477.14393404 0 778.09987600 0 1207.20450265 0 11575
0.10350000 0.10349800 17127.77926196 0 -23.25730756 0 6662.69395335 0 920.25634712 0 972.10915148 0 11364
0.10450000 0.10450100 17128.44360145 0 374.66421998 0 6377.39335974 0 406.23363250 0 1176.94383892 0 12093
0.10550000 0.10551000 16335.66514444 0 753.00666627 0 6070.02562278 0 681.42187185 0 1209.92829456 0 12067
0.10650000 0.10649700 15898.19759085 0 459.83254249 0 5249.57742604 0 362.87440851 0 249.54362783 0 12054
0.10750000 0.10749900 15592.60142586 0 175.76983480 0 5060.80536021 0 269.99531901 0 953.76452372 0 12807
0.10850000 0.10850100 15519.74552855 0 285.52536180 0 5367.37588979 0 -287.76307864 0 -284.70158083 0 12736
0.10950000 0.10950300 15201.52691326 0 252.84428786 0 5090.03629773 0 -286.79535745 0 185.96855319 0 12933
0.11050000 0.11050200 15206.06656644 0 307.46849512 0 4791.86966269 0 -33.30090268 0 -494.90413135 0 13428
0.11150000 0.11150900 14899.03099922 0 -124.67216299 0 4902.70363412 0 267.11540732 0 -781.22670053 0 13453
0.11250000 0.11250000 14985.72730255 0 197.02759122 0 4596.19953849 0 400.10510072 0 -1296.59138091 0 13668
0.11350000 0.11349100 15155.13387227 0 -239.83430620 0 4517.57495996 0 653.98132925 0 -1035.65211638 0 13791
0.11450000 0.11448600 14830.82547834 0 -164.71411847 0 3881.11558473 0 642.84146325 0 -871.05425732 0 14205
0.11550000 0.11549300 15155.79821176 0 298.09023600 0 4070.69593028 0 453.85127262 0 -445.36433565 0 14776
0.11650000 0.11649800 14912.53923550 0 80.29760682 0 3779.98096984 0 858.77172740 0 688.48269339 0 14553
0.11750000 0.11747300 14961.25746470 0 269.10067516 0 4060.73083794 0 165.79145567 0 1149.97165566 0 14568
0.11850000 0.11849100 14498.87718027 0 343.76911204 0 4287.61384580 0 202.91474632 0 1790.37277853 0 16015
0.11950000 0.11950300 14581.58744667 0 404.00920245 0 5142.86235944 0 27.81334777 0 1910.79538325 0 15270
0.12050000 0.12050700 14099.60914731 0 335.77600075 0 5245.95677583 0 -189.63127824 0 3083.09991808 0 15999
0.12150000 0.12150000 13919.79459226 0 233.33595876 0 4972.40391886 0 226.91401037 0 3271.25193372 0 15670
0.12250000 0.12250700 13786.70524794 0 60.11751977 0 4966.82346715 0 371.48646276 0 2958.15980482 0 16887
0.12350000 0.12352200 13710.19548344 0 9.37080745 0 4779.70117771 0 229.77177740 0 2656.39466422 0 16407
0.12450000 0.12449800 13911.04745565 0 10.29836931 0 4621.41122211 0 49.44224852 0 2361.14005060 0 16306
0.12550000 0.12549900 13732.56157957 0 245.22542115 0 4499.27240703 0 -16.50551461 0 2464.62199836 0 17523
0.12650000 0.12650100 13416.11453626 0 367.74069527 0 4573.33518774 0 -9.70614388 0 2263.49321803 0 17154
0.12750000 0.12750600 13129.67349320 0 306.38008559 0 4647.36475148 0 137.77515218 0 1978.46943254 0 18007
0.12850000 0.12850300 12951.18761712 0 204.55787933 0 4593.07714289 0 337.57968247 0 2205.14206623 0 17496
0.12950000 0.12949900 12723.76206535 0 177.58015991 0 4404.39365566 0 585.68944423 0 2014.23304171 0 18405
0.13050000 0.13049000 12704.93911316 0 141.98042115 0 4450.28844203 0 912.31416852 0 2318.27908123 0 18100
0.13150000 0.13148800 12599.64130413 0 -166.16459302 0 3858.00764283 0 471.48284266 0 2079.01721422 0 19059
0.13250000 0.13249300 12609.93856621 0 -41.65297874 0 3560.97038492 0 412.20161558 0 1684.94210160 0 18957
0.13350000 0.13349100 12539.85075011 0 158.02643428 0 3605.63614324 0 -329.41162845 0 1669.49620848 0 19468
0.13450000 0.13450700 12428.46316243 0 434.51788625 0 3457.56594344 0 -544.12172240 0 1419.93707939 0 19953
0.13550000 0.13551000 11982.13774899 0 330.67276624 0 3702.16467101 0 -343.71928658 0 1159.71530151 0 19956
0.13650000 0.13649900 11952.24247198 0 117.02782994 0 3772.86146498 0 -277.50235523 0 1197.63801401 0 19723
0.13750000 0.13749600 11891.89830172 0 154.82210347 0 3859.62420226 0 153.63847195 0 1058.29391340 0 20946
0.13850000 0.13851100 11634.57747294 0 115.59064218 0 3860.60963917 0 331.92615341 0 1131.46980089 0 20955
0.13950000 0.13949800 11771.43140770 0 98.16346725 0 3827.91306398 0 343.52662813 0 1188.14903164 0 20506
0.14050000 0.14048300 11541.79139096 0 287.50177178 0 3904.20138198 0 -20.72562049 0 1077.28295046 0 21447
0.14150000 0.14148400 11546.66321388 0 288.77841083 0 4284.95648784 0 -31.98163518 0 1381.41646135 0 21771
0.14250000 0.14249400 10963.20705756 0 381.91216381 0 4050.21212936 0 -249.56134355 0 1433.31244777 0 22470
0.14350000 0.14350900 11102.33081890 0 111.24586192 0 4580.79793467 0 66.14728642 0 1580.25327044 0 22519
0.14450000 0.14449900 10992.54871833 0 -151.28338846 0 4212.95315955 0 426.16824611 0 1257.27355548 0 22218
0.14550000 0.14550500 11050.47912178 0 76.88677716 0 4254.29722042 0 395.79575190 0 840.97517972 0 23559
0.14650000 0.14650700 10914.04593536 0 129.03355174 0 3834.89970094 0 88.91331493 0 961.90821862 0 23044
0.14750000 0.14750500 10697.90308258 0 184.57233303 0 3581.75313861 0 329.17468070 0 930.34434226 0 23649
0.14850000 0.14849900 10534.95167822 0 231.13810229 0 3541.38344232 0 -14.90910681 0 635.96222784 0 23640
0.14950000 0.14949500 10227.57286893 0 233.85082187 0 3516.72537495 0 296.75823532 0 481.46897241 0 24457
0.15050000 0.15050000 10216.35660389 0 165.86231855 0 3540.30942681 0 -151.72295976 0 435.24865969 0 24591
0.15150000 0.15149900 9949.71287761 0 93.37280447 0 3399.42516582 0 -33.47850277 0 531.03644893 0 25020
0.15250000 0.15250500 10073.32431188 0 94.75407699 0 3627.11645339 0 47.80598036 0 714.07415774 0 25297
0.15350000 0.15350100 9954.42968798 0 41.87442523 0 3463.32355235 0 303.16911139 0 1065.53299937 0 25452
0.15450000 0.15450400 9965.30271095 0 87.90661916 0 3193.70137069 0 555.25937394 0 735.26880191 0 26061
0.15550000 0.15549900 9774.74800082 0 111.77069011 0 3076.39008924 0 291.78343978 0 638.07704188 0 26128
0.15650000 0.15649500 9704.61589542 0 216.24803987 0 2872.54858933 0 85.76844251 0 466.27663553 0 26331
0.15750000 0.15749700 9431.06303845 0 334.12954605 0 2841.21391009 0 -138.24129706 0 746.47067293 0 27345
0.15850000 0.15849900 9268.29986362 0 137.93680813 0 2735.48428040 0 -179.15575173 0 601.70777655 0 26980
0.15950000 0.15949700 9097.25458982 0 62.34505008 0 2992.97119405 0 -7.55905401 0 226.74792550 0 27777
0.16050000 0.16050000 9128.14637607 0 170.72306915 0 2875.92564840 0 -112.64761824 0 -84.76473627 0 28224
0.16150000 0.16150500 8952.36214724 0 135.12554485 0 2865.99377303 0 23.07594288 0 304.71148624 0 28075
0.16250000 0.16249700 8930.67146292 0 76.49891362 0 2975.76480128 0 194.50753009 0 272.48659209 0 28590
0.16350000 0.16349900 8978.79178659 0 -16.81886140 0 3031.52502907 0 315.21247910 0 159.59206101 0 29163
0.16450000 0.16449100 8936.41799951 0 63.95042646 0 2925.83968868 0 356.70823082 0 408.14693023 0 28996
0.16550000 0.16550500 8730.63884275 0 176.61133148 0 2560.40868036 0 112.39516923 0 359.78080096 0 30777
0.16650000 0.16650700 8736.68433210 0 126.28540072 0 2662.06369452 0 146.98289750 0 612.44018100 0 29211
0.16750000 0.16749900 8662.78763626 0 -20.71620901 0 2714.48008021 0 127.05935622 0 548.70345041 0 30922
0.16850000 0.16850800 8694.65378709 0 32.50336312 0 2793.17109270 0 15.35487861 0 278.00503878 0 30867
0.16950000 0.16949900 8479.71781771 0 268.75854032 0 2624.56173036 0 6.36164851 0 283.48141063 0 30852
0.17050000 0.17049200 8407.23837945 0 258.45684931 0 2665.76185101 0 -225.95182534 0 560.84757627 0 31257
0.17150000 0.17149500 8124.27404638 0 235.86598498 0 2775.44430067 0 113.84785825 0 625.14456649 0 32608
0.17250000 0.17250900 8040.77764493 0 29.89450195 0 2738.90562876 0 238.83668973 0 668.58572569 0 32361
0.17350000 0.17350400 8025.73035550 0 -50.88862631 0 2674.34290275 0 263.91550545 0 485.01654529 0 32508
0.17450000 0.17449800 8082.25457370 0 -4.15719293 0 2639.54258584 0 167.80329709 0 359.00463099 0 32791
0.17550000 0.17549800 8066.36578758 0 60.91129474 0 2742.03909669 0 -80.49402986 0 648.04324145 0 33633
0.17650000 0.17650100 8062.52369087 0 166.90754601 0 2543.92198871 0 -114.61074143 0 494.76683452 0 33984
0.17750000 0.17750300 8029.74960941 0 59.80217996 0 2893.37563231 0 -84.58957209 0 472.33541167 0 34069
0.17850000 0.17849800 7912.90336559 0 179.61857491 0 2860.59047852 0 -73.15119621 0 458.03661140 0 34536
0.17950000 0.17950400 7661.77196638 0 207.93272393 0 2597.42346223 0 273.80309151 0 392.13081238 0 35343
0.18050000 0.18050100 7638.60866286 0 9.75058819 0 2483.84355424 0 225.54547102 0 372.30360033 0 34990
0.18150000 0.18150500 7605.66849653 0 -67.74125830 0 2303.27608110 0 656.24451244 0 160.44130832 0 36243
0.18250000 0.18250200 7554.56971749 0 -32.41954562 0 1983.39661709 0 355.63864424 0 -22.20377585 0 35694
0.18350000 0.18350400 7512.15164111 0 146.43481742 0 1818.78436401 0 155.92269256 0 -63.37023663 0 37087
0.18450000 0.18450600 7482.77676336 0 131.28234091 0 1723.98311891 0 25.75245596 0 433.96094831 0 36651
0.18550000 0.18550700 7417.01822627 0 42.07815601 0 1696.21372827 0 103.72631396 0 414.09166143 0 37818
0.18650000 0.18651000 7451.67460295 0 -9.61008039 0 1759.80208970 0 -71.73006332 0 507.04936444 0 37267
0.18750000 0.18750100 7361.73410845 0 138.28226466 0 1909.42241498 0 112.20583248 0 678.83869847 0 38334
0.18850000 0.18850000 7337.08711340 0 108.29553025 0 1875.34179918 0 -90.83425256 0 544.50039591 0 38223
0.18950000 0.18949500 7254.54293188 0 136.03568995 0 2036.62128249 0 -160.84655541 0 752.38440161 0 39064
0.19050000 0.19050000 7194.36484649 0 128.01489786 0 2182.36629408 0 -135.95043305 0 375.32302331 0 39609
0.19150000 0.19149800 6996.30310013 0 171.40844605 0 2026.85549200 0 -45.57645703 0 465.10961249 0 39576
0.19250000 0.19250400 7026.99558453 0 19.76841801 0 2062.39765467 0 99.37710478 0 226.40468343 0 40909
0.19350000 0.19350500 6967.94687627 0 -68.90606687 0 2003.99114125 0 135.61604884 0 232.27190835 0 40191
0.19450000 0.19450100 7024.89184281 0 101.00839039 0 1881.69731363 0 156.85830401 0 -61.24933282 0 41232
0.19550000 0.19549800 6949.45609382 0 69.55734102 0 1868.94199544 0 -51.75293199 0 -25.27734250 0 40873
0.19650000 0.19649700 6812.24784467 0 203.83264205 0 1847.15166020 0 -125.33539525 0 -12.49633651 0 42816
0.19750000 0.19750200 6729.88082035 0 228.63132795 0 1999.26325855 0 -142.87395776 0 84.74923501 0 41727
0.19850000 0.19849000 6606.21402445 0 136.41214900 0 2034.05250313 0 -2.58531034 0 227.77543724 0 42610
0.19950000 0.19949900 6444.27020165 0 134.43795348 0 1943.89056214 0 139.12376135 0 183.33112542 0 43863
0.20050000 0.20050100 6325.27592682 0 130.76083441 0 1834.48492060 0 238.34618574 0 247.74105335 0 43302
0.20150000 0.20150100 6193.22738104 0 110.91812110 0 1794.24809221 0 248.43418089 0 52.49843162 0 44487
0.20250000 0.20249700 6149.64671055 0 48.25739904 0 1571.30683199 0 217.07182084 0 55.15933272 0 43759
0.20350000 0.20349100 6088.20638013 0 -69.41030055 0 1450.59634682 0 173.73695596 0 134.71808330 0 45282
0.20450000 0.20449700 6204.21112726 0 -28.68307889 0 1481.01202309 0 97.95442176 0 -0.98585766 0 45483
0.20550000 0.20549900 6197.11376705 0 73.05907447 0 1383.34304587 0 99.71946106 0 249.80936363 0 46138
0.20650000 0.20650200 6181.96682670 0 85.55153567 0 1496.44684389 0 -111.93566775 0 148.40790571 0 46227
0.20750000 0.20749300 6099.34513890 0 131.30337833 0 1615.80650543 0 76.40014848 0 578.84564026 0 46236
0.20850000 0.20850300 6097.34104811 0 62.19081259 0 1517.32924850 0 -5.54063563 0 514.55418620 0 48361
0.20950000 0.20950400 6056.96027949 0 -34.69535127 0 1609.65029284 0 332.12213356 0 769.32727305 0 46812
0.21050000 0.21050300 6170.07514984 0 -82.10184215 0 1354.79859248 0 110.77528811 0 568.22728076 0 48813
0.21150000 0.21149700 6089.02573217 0 62.75616550 0 1328.81184614 0 100.36519904 0 497.17395794 0 47215
0.21250000 0.21249000 6072.97086118 0 166.26313671 0 1127.29553444 0 78.01626501 0 457.02238645 0 50004
0.21350000 0.21350300 5921.06963699 0 96.44902848 0 1127.60555953 0 -120.79352761 0 601.03015027 0 49509
0.21450000 0.21449800 5921.95542298 0 67.58945673 0 1114.48485462 0 92.53208285 0 371.90056771 0 49660
0.21550000 0.21550100 5812.14010543 0 39.68841614 0 1200.49467381 0 -45.88626068 0 264.24767519 0 50841
0.21650000 0.21649800 5794.44653037 0 135.41785423 0 1172.58134294 0 7.82693784 0 256.19809505 0 50424
0.21750000 0.21750300 5593.06308657 0 143.56929976 0 1220.02625479 0 -27.64549133 0 125.89786935 0 52231
0.21850000 0.21850300 5648.55757856 0 94.66129091 0 1178.71541089 0 -4.61744733 0 208.38779648 0 51078
0.21950000 0.21950100 5511.01715966 0 64.16567245 0 1230.87713311 0 -49.18238106 0 164.80601876 0 52791
0.22050000 0.22050700 5529.00968749 0 81.49895406 0 1122.83338753 0 151.84696980 0 217.45492328 0 52969
0.22150000 0.22150000 5499.10333816 0 -24.87054528 0 1062.45932200 0 145.18807365 0 92.20788518 0 52704
0.22250000 0.22250100 5489.83580228 0 -13.14163160 0 869.50302461 0 226.05479796 0 162.53729941 0 54051
0.22350000 0.22349900 5540.03772301 0 -12.80459004 0 861.27960897 0 152.14702980 0 -16.64989772 0 53938
0.22450000 0.22449800 5489.99081483 0 98.95026665 0 678.46002496 0 11.45786317 0 98.06846670 0 54735
0.22550000 0.22549100 5443.95208823 0 137.79065344 0 883.62909662 0 -129.47201580 0 161.84306464 0 54774
0.22650000 0.22649900 5319.47701262 0 114.32839715 0 859.57336372 0 -133.47576846 0 106.29952225 0 56911
0.22750000 0.22749800 5358.90556130 0 60.22303903 0 1064.65717847 0 -78.61051668 0 158.43389583 0 54879
0.22850000 0.22849100 5220.94439406 0 50.98584132 0 979.92621280 0 -2.76841337 0 86.53863342 0 57210
0.22950000 0.22949800 5360.90965209 0 25.86173980 0 1049.57002867 0 -6.52701369 0 -23.59623142 0 57375
0.23050000 0.23049600 5312.14713359 0 20.44693007 0 1086.38883039 0 -29.46666732 0 64.53626316 0 57604
0.23150000 0.23150100 5307.45246787 0 23.53134760 0 1123.95169234 0 -61.23084203 0 143.80403305 0 58629
0.23250000 0.23250200 5304.71760364 0 99.72477577 0 1177.09885147 0 19.29441178 0 173.89861190 0 58560
0.23350000 0.23350400 5280.76816506 0 59.45760921 0 1210.28260895 0 -9.75689941 0 15.77595912 0 59305
0.23450000 0.23449700 5217.13551432 0 61.08147637 0 1229.22735672 0 40.71039172 0 387.16044577 0 59196
0.23550000 0.23549300 5238.57153517 0 62.64112405 0 1227.04610873 0 106.30915517 0 277.25433516 0 60063
0.23650000 0.23649900 5173.08980619 0 0.08193055 0 1178.23930093 0 21.33360184 0 375.66183645 0 61537
0.23750000 0.23750400 5262.93064977 0 12.45747265 0 1128.42491157 0 102.99509763 0 300.82177853 0 61224
0.23850000 0.23850100 5210.81321685 0 93.51663397 0 1133.59568726 0 -32.82578922 0 260.09555338 0 61221
0.23950000 0.23949400 5074.90042970 0 96.30785634 0 1134.26002675 0 -96.38569478 0 280.96134951 0 62332
0.24050000 0.24050100 5048.01682504 0 111.87919890 0 1124.23957279 0 70.03710485 0 192.81014269 0 63447
0.24150000 0.24150500 4926.95202548 0 45.68873041 0 1072.68129227 0 80.78489983 0 213.97489159 0 63342
0.24250000 0.24250300 4923.48638781 0 40.98177440 0 981.37890181 0 232.15564894 0 35.18319790 0 63379
0.24350000 0.24349600 4905.18383488 0 51.77053698 0 926.39041507 0 156.75533139 0 254.26154544 0 64266
0.24450000 0.24449500 4801.12612624 0 94.42843992 0 818.52050499 0 123.25601265 0 175.75322631 0 64695
0.24550000 0.24549600 4801.11505391 0 96.68730491 0 790.42115906 0 -132.76713967 0 99.65103409 0 65947
0.24650000 0.24650000 4694.22283011 0 102.90773699 0 820.80915453 0 -89.91801768 0 27.22994698 0 66018
0.24750000 0.24750000 4646.10250645 0 100.18018049 0 862.60939518 0 -162.21952369 0 189.33564717 0 66303
0.24850000 0.24849600 4624.42289446 0 54.37098319 0 933.18107188 0 -122.28607699 0 126.48470257 0 66958
0.24950000 0.24949200 4602.57719759 0 17.35852651 0 969.01775839 0 102.78516635 0 90.92327405 0 66975
0.25050000 0.25048900 4581.60621438 0 40.70585207 0 921.02698092 0 209.18168217 0 90.00925364 0 68676
0.25150000 0.25150000 4573.78915306 0 55.73653301 0 845.66320205 0 111.91020141 0 188.91822052 0 69349
0.25250000 0.25249900 4511.96129127 0 101.14579794 0 863.74541571 0 197.29332701 0 264.78579018 0 68592
0.25350000 0.25349900 4465.44645471 0 101.09785478 0 824.89484238 0 30.96442069 0 356.57979185 0 70437
0.25450000 0.25450100 4396.79804083 0 95.54884847 0 763.51319529 0 -5.03886001 0 622.69536824 0 70099
0.25550000 0.25550100 4361.67662651 0 8.75205272 0 766.37317679 0 94.74433335 0 468.08253171 0 71064
0.25650000 0.25650300 4319.91181729 0 15.79843594 0 692.21185238 0 107.94697346 0 334.11515203 0 71409
0.25750000 0.25750600 4398.68033605 0 -2.76847981 0 653.45428659 0 35.14267319 0 308.49489963 0 72612
0.25850000 0.25850600 4324.79471254 0 20.88306895 0 584.17253573 0 100.09813457 0 243.45938534 0 71845
0.25950000 0.25949600 4310.30103935 0 74.79632223 0 532.56885868 0 23.94655978 0 412.82166577 0 72816
0.26050000 0.26049800 4316.11400988 0 30.18880434 0 525.21019161 0 38.15467771 0 255.49832412 0 73743
0.26150000 0.26149900 4228.42119732 0 63.29173385 0 554.28500935 0 -3.22494747 0 431.41984977 0 74662
0.26250000 0.26250300 4261.33921900 0 69.31496783 0 561.60160159 0 -19.06443960 0 349.97736457 0 74931
0.26350000 0.26350100 4210.36223554 0 97.19054207 0 649.20805002 0 -89.84062213 0 385.92034539 0 75087
0.26450000 0.26450200 4140.55122756 0 98.09459739 0 758.99347230 0 -82.64493968 0 358.35579276 0 76678
0.26550000 0.26550600 4093.03988176 0 121.06479957 0 747.69305759 0 -33.84654685 0 416.96271525 0 76035
0.26650000 0.26650100 4017.63734975 0 51.88247819 0 744.12555453 0 -24.67744394 0 406.36650040 0 77094
0.26750000 0.26750600 4007.56153416 0 19.84448488 0 821.43695534 0 36.76864409 0 291.97609824 0 78463
0.26850000 0.26850100 4069.51119152 0 28.34160839 0 794.44927083 0 24.36498293 0 234.36900667 0 77076
0.26950000 0.26949700 3971.83114197 0 82.13229104 0 768.34183614 0 -60.62330357 0 318.52088976 0 79149
0.27050000 0.27049900 4001.40532156 0 81.88117071 0 809.37255022 0 39.04644275 0 434.27650957 0 79648
0.27150000 0.27150200 3929.57915046 0 -20.23877037 0 705.71344527 0 208.77864955 0 530.52822922 0 80241
0.27250000 0.27250500 3977.27872578 0 -62.01243744 0 584.54899478 0 303.11707147 0 449.89070203 0 80835
0.27350000 0.27350000 4020.33899700 0 5.14509897 0 606.52755954 0 183.73305081 0 424.40885369 0 80680
0.27450000 0.27450400 3996.28990749 0 32.71240861 0 487.21993792 0 66.57722480 0 510.41535119 0 82617
0.27550000 0.27550800 3978.62954941 0 66.10233278 0 472.55132201 0 -33.98506163 0 531.68639440 0 82548
0.27650000 0.27649900 3894.90062913 0 68.63844878 0 415.07709834 0 -5.89158404 0 585.14579309 0 81181
0.27750000 0.27748900 3898.06731403 0 23.49945930 0 385.94470451 0 -46.63585707 0 409.32391836 0 84096
0.27850000 0.27849800 3940.08678672 0 17.30238982 0 467.28643155 0 -90.67171083 0 224.34190931 0 85215
0.27950000 0.27950200 3885.96526300 0 28.89101715 0 432.63337657 0 -150.18279938 0 241.50179832 0 84514
0.28050000 0.28050300 3878.59109467 0 115.69472203 0 443.12218987 0 -87.31735003 0 233.00711072 0 85815
0.28150000 0.28150100 3809.98697010 0 64.63524975 0 458.85928513 0 13.90174670 0 199.81781707 0 85485
0.28250000 0.28250000 3828.79884996 0 57.88246028 0 486.47587770 0 40.92021228 0 99.52115572 0 87220
0.28350000 0.28350400 3710.75679507 0 66.38600575 0 414.67849464 0 79.91450438 0 230.74835645 0 87147
0.28450000 0.28449700 3751.32579321 0 43.38280804 0 465.56247058 0 91.24636449 0 268.02665965 0 87102
0.28550000 0.28549800 3686.88486276 0 10.56792506 0 401.09939549 0 153.79902066 0 363.05378018 0 88971
0.28650000 0.28649900 3718.79530289 0 52.36700312 0 350.35160914 0 111.92016650 0 296.38952691 0 89434
0.28750000 0.28750100 3685.65583471 0 21.22321077 0 285.18322696 0 66.22113883 0 364.25734188 0 89619
0.28850000 0.28849900 3686.10980003 0 44.10228771 0 271.47568883 0 5.38842438 0 368.89221705 0 90240
0.28950000 0.28950100 3635.26568446 0 24.01033637 0 310.08045655 0 0.47979373 0 291.01391321 0 91333
0.29050000 0.29050500 3649.71506835 0 54.43896727 0 257.02519771 0 18.64092317 0 261.38215753 0 92139
0.29150000 0.29150600 3595.59354463 0 74.81337361 0 242.31672142 0 -57.60177685 0 196.77403498 0 92370
0.29250000 0.29250200 3595.75962951 0 87.38201241 0 224.89774002 0 -58.45700322 0 185.60538093 0 91819
0.29350000 0.29349600 3489.64246844 0 71.74877555 0 247.25165660 0 -74.29386013 0 187.90288833 0 93552
0.29450000 0.29450000 3478.91338569 0 84.16871302 0 292.54632296 0 -88.42812565 0 120.92639551 0 94701
0.29550000 0.29550200 3462.24953684 0 63.25552735 0 311.40913552 0 -71.74800049 0 137.20049853 0 95020
0.29650000 0.29650300 3404.77309871 0 72.75990025 0 338.22741347 0 9.47738965 0 155.11884178 0 95151
0.29750000 0.29749800 3400.44381970 0 26.11474242 0 314.08199474 0 107.41561259 0 239.25854531 0 95802
0.29850000 0.29850000 3401.63963078 0 -8.70263693 0 237.71838493 0 107.76815542 0 123.03899508 0 97399
0.29950000 0.29950700 3400.97529130 0 28.14961428 0 307.40206117 0 85.22999535 0 74.00476173 0 97881
0.30050000 0.30050300 3369.23093604 0 73.60947973 0 244.63194454 0 -7.06265954 0 88.17346218 0 97188
0.30150000 0.30149700 3325.93814600 0 128.24963114 0 225.74698733 0 -62.86821743 0 201.53292019 0 98263
0.30250000 0.30249700 3265.71577131 0 36.02956641 0 267.21505824 0 10.17025144 0 218.46804100 0 100050
0.30350000 0.30350600 3239.13111942 0 14.92903700 0 191.64311966 0 71.44096492 0 271.90529504 0 100779
0.30450000 0.30450500 3281.87029322 0 17.18657331 0 201.72225694 0 113.18130430 0 218.81239030 0 99982
0.30550000 0.30550300 3244.55655858 0 26.40140491 0 83.64809231 0 106.10464933 0 172.92203286 0 101559
0.30650000 0.30649700 3240.82518512 0 31.48105537 0 42.16529520 0 101.50343403 0 253.30046764 0 100935
0.30750000 0.30749800 3201.34127482 0 92.02851352 0 71.87555367 0 -63.71469666 0 189.58588171 0 103762
0.30850000 0.30850200 3175.98565098 0 66.42885564 0 57.99573017 0 -94.00337337 0 213.90292147 0 102951
0.30950000 0.30950100 3150.92897992 0 23.94412387 0 98.44559009 0 -74.07385304 0 158.88232499 0 104394
0.31050000 0.31050000 3134.53086686 0 55.10441399 0 124.82606831 0 -69.14677922 0 127.04385497 0 103963
0.31150000 0.31149700 3152.78913049 0 24.59783392 0 147.32835404 0 -23.92053981 0 65.18200114 0 105936
0.31250000 0.31250000 3141.67251637 0 46.28364642 0 164.40741507 0 -47.20486385 0 100.08374054 0 105717
0.31350000 0.31349800 3090.78411150 0 86.56288182 0 208.84286903 0 -18.07811690 0 137.77847388 0 106776
0.31450000 0.31450400 3077.14300732 0 51.53381068 0 206.25858842 0 25.91234033 0 161.81870553 0 108733
0.31550000 0.31549900 3047.29201961 0 55.99972217 0 209.80616129 0 106.32831030 0 279.21413665 0 105891
0.31650000 0.31650000 3024.73769396 0 26.88482262 0 143.75863652 0 104.24438804 0 332.71007401 0 111072
0.31750000 0.31750600 3017.06457286 0 33.90833042 0 139.84899862 0 85.31746672 0 347.95887975 0 108121
0.31850000 0.31849900 2997.92052325 0 28.28691111 0 125.91890677 0 66.34581321 0 322.67633326 0 110484
0.31950000 0.31950100 2981.43383159 0 68.68063434 0 112.11393218 0 7.72429738 0 401.25330080 0 110817
0.32050000 0.32049800 2940.96448438 0 67.74845531 0 108.25024444 0 5.64801503 0 446.27780244 0 111088
0.32150000 0.32149900 2929.46033889 0 36.26717850 0 73.90322851 0 -0.31548154 0 468.43241717 0 112635
0.32250000 0.32250100 2896.87448695 0 25.89927498 0 105.40543202 0 42.73762367 0 426.25682471 0 113202
0.32350000 0.32350400 2923.20447537 0 12.43189558 0 65.16483904 0 51.12081296 0 437.89826702 0 113863
0.32450000 0.32450300 2906.06451655 0 37.12749814 0 87.77729440 0 27.83316724 0 452.32218456 0 114045
0.32550000 0.32549900 2898.59069730 0 11.87717211 0 -7.95488962 0 85.39563733 0 447.11708466 0 114828
0.32650000 0.32650300 2901.73523755 0 2.37287671 0 50.85264126 0 38.03941481 0 489.64145536 0 116431
0.32750000 0.32750400 2923.65844069 0 47.58287302 0 -88.07148607 0 31.61226242 0 329.29869073 0 116442
0.32850000 0.32850400 2899.03359029 0 44.55780315 0 -51.59194039 0 3.21916772 0 424.49964676 0 116955
0.32950000 0.32949800 2865.05262542 0 36.32796556 0 -120.98840053 0 -8.46925447 0 421.60201935 0 117028
0.33050000 0.33049700 2854.79965264 0 20.40596247 0 -75.76083245 0 16.15618276 0 396.22425087 0 119061
0.33150000 0.33150100 2888.47059241 0 17.72900650 0 -99.64472287 0 -14.59077748 0 279.33150329 0 120060
0.33250000 0.33250400 2879.52415396 0 74.74073916 0 -81.40328917 0 -85.20563624 0 224.18468230 0 119737
0.33350000 0.33350100 2785.39832068 0 116.96361045 0 -57.66145668 0 -91.34701192 0 253.66917606 0 120531
0.33450000 0.33450000 2785.67512880 0 71.03040311 0 -103.82308608 0 -9.79441245 0 256.83586096 0 121704
0.33550000 0.33550300 2742.26054318 0 -26.46030968 0 -133.39383325 0 95.68647747 0 296.64751208 0 122761
0.33650000 0.33650300 2808.60591350 0 -26.87563259 0 -159.96741282 0 76.92087992 0 187.59397047 0 122472
0.33750000 0.33749900 2815.99115415 0 24.43872462 0 -207.20859389 0 88.36290966 0 82.85188143 0 122985
0.33850000 0.33849800 2785.18794651 0 67.45337786 0 -253.35582927 0 -80.50787027 0 160.72918876 0 125380
0.33950000 0.33950300 2761.82534114 0 66.68163682 0 -205.63410930 0 -64.83300147 0 104.10963785 0 125223
0.34050000 0.34050000 2728.01046114 0 79.58975309 0 -181.96922946 0 -29.44441194 0 171.57231646 0 125178
0.34150000 0.34149900 2674.26539647 0 76.21114390 0 -192.62855657 0 -59.63310556 0 141.20203671 0 127059
0.34250000 0.34250300 2653.77052323 0 51.89775800 0 -126.17467747 0 -9.08881748 0 141.83537369 0 127957
0.34350000 0.34349800 2646.06418516 0 53.97271167 0 -125.78160994 0 -36.46780902 0 138.42177595 0 126732
0.34450000 0.34449700 2607.10067412 0 57.54885114 0 -100.93143773 0 -34.24182884 0 88.74833729 0 129639
0.34550000 0.34550000 2597.92171685 0 37.68476824 0 -73.03692982 0 -45.12692065 0 136.76867786 0 129826
0.34650000 0.34650400 2588.13378171 0 38.99008462 0 -52.70913796 0 -48.37698015 0 105.91509113 0 130875
0.34750000 0.34750200 2575.78813954 0 49.41235324 0 -71.78930026 0 -11.73677503 0 77.08475032 0 130686
0.34850000 0.34850200 2533.76866685 0 44.86240281 0 -103.95340735 0 77.79227188 0 38.55040260 0 132211
0.34950000 0.34950400 2505.43458764 0 53.47290693 0 -146.36727624 0 20.09638027 0 68.50369859 0 132768
0.35050000 0.35050300 2509.18810575 0 34.49748882 0 -126.69064781 0 52.26170531 0 -25.46313611 0 132957
0.35150000 0.35150100 2479.64714314 0 31.24410762 0 -226.28288785 0 64.22490939 0 116.73441333 0 133987
0.35250000 0.35249800 2505.41244299 0 12.19981965 0 -221.23501497 0 45.95900586 0 93.53279957 0 134778
0.35350000 0.35349800 2503.07618245 0 -8.08128021 0 -243.34534040 0 46.05157049 0 181.10558813 0 135699
0.35450000 0.35450100 2557.05376594 0 12.18243610 0 -238.89537305 0 82.99482514 0 174.12005840 0 137380
0.35550000 0.35550100 2549.82353784 0 33.85307952 0 -266.62601056 0 -4.02676095 0 236.36313237 0 136161
0.35650000 0.35649900 2540.78852078 0 35.30377551 0 -269.52474520 0 -25.73883700 0 257.83347742 0 138792
0.35750000 0.35750000 2515.68756042 0 60.28327248 0 -180.38810148 0 -35.88761920 0 305.56959142 0 138097
0.35850000 0.35849800 2492.23637645 0 88.13072301 0 -175.26161509 0 -76.45108118 0 234.43211892 0 140028
0.35950000 0.35950300 2421.45100389 0 75.32757238 0 -160.65943312 0 -6.33379054 0 274.00792952 0 141099
0.36050000 0.36050500 2391.30106341 0 35.71898770 0 -164.53806850 0 1.79238794 0 243.57675199 0 140821
0.36150000 0.36150200 2387.65826854 0 42.27967232 0 -200.01711892 0 64.64211459 0 202.54714514 0 141756
0.36250000 0.36250400 2371.03870899 0 39.92481028 0 -160.07149267 0 60.59351902 0 258.09478429 0 142971
0.36350000 0.36349900 2353.03510883 0 42.97069611 0 -275.75403514 0 103.40034472 0 268.06652002 0 142270
0.36450000 0.36450000 2362.08119821 0 15.93883302 0 -302.81590423 0 86.44374360 0 361.59998393 0 145311
0.36550000 0.36550300 2358.26124615 0 0.82186656 0 -315.42285327 0 28.16223673 0 347.86919392 0 145434
0.36650000 0.36650100 2373.50783742 0 42.81092246 0 -291.31840214 0 -34.96750901 0 352.92481743 0 144547
0.36750000 0.36749600 2345.04089032 0 66.32123265 0 -288.50160271 0 -73.01423155 0 359.37666110 0 146892
0.36850000 0.36849900 2303.13214088 0 75.88451031 0 -282.19259203 0 -97.31178403 0 340.23593319 0 148113
0.36950000 0.36949900 2299.75508181 0 35.99646016 0 -241.41875588 0 -35.75785156 0 343.50669794 0 147387
0.37050000 0.37049800 2295.76904487 0 15.72425137 0 -212.09259637 0 -4.46715159 0 256.92222509 0 149758
0.37150000 0.37150100 2292.76844485 0 40.10152458 0 -218.44036018 0 36.90483368 0 275.24470820 0 150099
0.37250000 0.37250000 2296.09014229 0 50.36667692 0 -210.47160801 0 -27.30324577 0 312.54737052 0 150468
0.37350000 0.37349800 2267.24673614 0 37.35525586 0 -224.26108134 0 27.25607767 0 336.52781161 0 150709
0.37450000 0.37449700 2249.30956993 0 43.84574194 0 -250.66968327 0 2.27693502 0 384.17091807 0 153108
0.37550000 0.37550100 2262.83995086 0 33.76981563 0 -255.33334648 0 28.86920467 0 323.57762050 0 153189
0.37650000 0.37649900 2243.97270937 0 40.51529736 0 -295.11620955 0 32.00665863 0 332.06787917 0 153547
0.37750000 0.37749900 2229.78906128 0 52.92836999 0 -281.13075608 0 11.09546598 0 264.43369025 0 155424
0.37850000 0.37850200 2180.60579443 0 74.44721183 0 -336.25543242 0 -11.27461619 0 294.34668298 0 155313
0.37950000 0.37949900 2175.13606597 0 51.50712638 0 -311.34491604 0 -0.74423074 0 308.00882457 0 156100
0.38050000 0.38050000 2141.99659779 0 26.68507788 0 -303.57878741 0 -0.32997078 0 295.20589538 0 157557
0.38150000 0.38149800 2153.56717723 0 29.58790927 0 -293.85285729 0 45.34061652 0 325.13438937 0 157692
0.38250000 0.38250100 2140.80078671 0 29.31121188 0 -291.88087624 0 11.71219447 0 382.80459319 0 159703
0.38350000 0.38350500 2155.25017060 0 21.15367657 0 -299.66804229 0 44.78545015 0 403.69585566 0 160338
0.38450000 0.38450600 2165.42563711 0 17.02292435 0 -338.11890468 0 34.10143176 0 352.52399927 0 160167
0.38550000 0.38550000 2138.68597267 0 67.14324204 0 -325.37465882 0 -1.68534071 0 414.43933243 0 160033
0.38650000 0.38649600 2124.02621461 0 51.26353523 0 -381.00201871 0 -39.24496953 0 387.13387219 0 162444
0.38750000 0.38750200 2090.98639735 0 17.83363997 0 -375.22669408 0 23.94102362 0 383.20098242 0 164307
0.38850000 0.38850400 2114.31578574 0 13.39297338 0 -399.73528507 0 -3.67613364 0 323.20559039 0 163882
0.38950000 0.38950500 2097.82909409 0 42.79265313 0 -397.94267568 0 8.96334589 0 282.37860708 0 164595
0.39050000 0.39050100 2104.39498271 0 41.54026247 0 -364.68694809 0 -57.89297899 0 312.71788432 0 165006
0.39150000 0.39150100 2103.94101739 0 39.10324378 0 -363.04492232 0 -68.81671321 0 266.16983078 0 166687
0.39250000 0.39250100 2097.19797157 0 28.80609242 0 -315.53579098 0 -53.88767621 0 285.14447382 0 167256
0.39350000 0.39350100 2107.17413624 0 50.02177400 0 -271.96397836 0 -85.07985463 0 205.98953093 0 167937
0.39450000 0.39449600 2070.66868131 0 56.69617140 0 -250.43494998 0 -41.12338944 0 185.70060293 0 167719
0.39550000 0.39549700 2053.69480736 0 41.25437504 0 -263.41835806 0 15.78415265 0 242.97773922 0 171636
0.39650000 0.39650400 2041.91385376 0 18.69517756 0 -304.46678786 0 73.88473773 0 215.97787514 0 171093
0.39750000 0.39750000 2084.12155596 0 -6.26662582 0 -342.69841823 0 86.75675822 0 111.81276495 0 170464
0.39850000 0.39849800 2044.78158588 0 57.22133177 0 -371.07235781 0 40.31765636 0 152.67296523 0 172113
0.39950000 0.39949500 2042.74427812 0 94.90499278 0 -437.01248103 0 -50.80824123 0 173.43135980 0 173232
