### header ###
fiducial parameters:
Omega_m = 0.31
Omega_nu = 0
Omega_de = 0.69
Omega_k = 0
H_0 = 100
w_de = -1
zeff = 0
beta = 0
fgrowth = 0
b_1 = 2
gamma = 0.55
Lx = 3500 Ly = 3500 Lz = 3500
nx = 700 ny = 700 nz = 700
xoffset = -685.467585 yoffset = -31.7331281 zoffset = 572.489161
bins = 400 dk = 0.001
kx_ny = 0.628318531 ky_ny = 0.628318531 kz_ny = 0.628318531
############################
A(data) = 8.08504997 (not used)
A(ran) = 8.07992231 (used)
Ngal = 479979
weighted Ngal = 0
Nran = 23820508
weighted Nran = 0
SN(data) = 3493.77337
SN(ran) = 70.3790537
SN(data+ran) = 3564.15242
############################
13 columns: k_central k_mean P_0(k) sigma^{lin}_{P_0(k)} P^img_1(k) sigma^{lin}_{P_1(k)} P_2(k) sigma^{lin}_{P_2(k)} P^img_3(k) sigma^{lin}_{P_3(k)} P_4(k) sigma^{lin}_{P_4(k)} N_modes
### header ###
0.00050000 0 0 0 0 0 0 0 0 0 0 0 0
0.00150000 0.00179520 11751.27977653 0 -13234.41768598 0 14236.57380532 0 -43582.44205816 0 -41827.58929766 0 3
0.00250000 0.00253879 19470.01885410 0 -11092.14428007 0 -18472.84528093 0 22581.56357464 0 39241.75855951 0 6
0.00350000 0.00331552 32381.56754837 0 -16593.98248246 0 -844.18615392 0 -18250.95589157 0 -47169.98602265 0 7
0.00450000 0.00420575 41771.34188758 0 -18950.28392711 0 -22693.83694830 0 -2746.37944802 0 17636.88475713 0 24
0.00550000 0.00557378 67437.98732643 0 -14020.22057836 0 -19719.92122526 0 -16596.63984041 0 -22152.73243441 0 45
0.00650000 0.00659388 64865.44337807 0 1820.06875369 0 -34089.25220515 0 -30207.62729348 0 37036.15145563 0 40
0.00750000 0.00754703 81666.69978113 0 -5431.28534864 0 -17670.65534782 0 -22750.08435838 0 -33538.51476867 0 57
0.00850000 0.00846663 63207.91635272 0 3294.94670883 0 -6624.71587922 0 -24500.61891220 0 17283.12397917 0 75
0.00950000 0.00948925 72314.01773007 0 13322.88556128 0 9134.60154143 0 -24275.18637890 0 -4875.11140068 0 112
0.01050000 0.01054430 67162.61860819 0 -2855.66329398 0 11652.84680889 0 5264.75758337 0 24052.18975705 0 105
0.01150000 0.01145670 64082.85145989 0 -10016.10253722 0 16180.65259698 0 25254.64423235 0 21145.70449215 0 144
0.01250000 0.01249090 84478.40594558 0 -8439.91280999 0 23960.28946105 0 15961.42056557 0 2114.92476361 0 169
0.01350000 0.01339930 81486.55305633 0 2514.30351982 0 14739.47879858 0 19612.18750477 0 -5049.57802284 0 180
0.01450000 0.01448870 83251.14946268 0 2134.75529736 0 21948.78021125 0 317.34390163 0 15903.40158352 0 267
0.01550000 0.01550050 79238.20677866 0 -2946.74423794 0 8459.85406699 0 -11058.87194399 0 19978.12784003 0 238
0.01650000 0.01653350 84269.58189950 0 554.96152840 0 23410.54853381 0 14704.71169865 0 15694.24536769 0 315
0.01750000 0.01747870 87286.90113583 0 1088.79706104 0 18409.84375272 0 13278.04264577 0 5848.80057290 0 297
0.01850000 0.01844180 75693.51271122 0 2304.20615638 0 6019.32544743 0 4942.59722045 0 -2927.83270715 0 388
0.01950000 0.01947590 79171.99427624 0 2438.02627414 0 5989.80662947 0 2408.34137130 0 11490.30508055 0 399
0.02050000 0.02045430 83600.92420370 0 -3676.01183979 0 8553.80274307 0 3162.67671655 0 5291.87370685 0 462
0.02150000 0.02154770 79216.94791501 0 -3939.89855719 0 12127.18520412 0 380.02765412 0 11032.49766627 0 571
0.02250000 0.02255340 85259.11556854 0 75.61822090 0 17354.09758126 0 -5132.96370105 0 -1433.83284704 0 510
0.02350000 0.02348930 77222.04715243 0 3740.10952817 0 14794.95114592 0 -6262.52906208 0 903.49284734 0 555
0.02450000 0.02439640 79851.28140387 0 9696.10127764 0 22374.62182378 0 -5422.82609248 0 6540.57728292 0 592
0.02550000 0.02547300 68643.76349918 0 5159.60371457 0 22154.72545288 0 -1258.62437911 0 12165.16327825 0 837
0.02650000 0.02652900 68806.74812051 0 1030.44480201 0 23601.54613693 0 3132.31640190 0 5262.27738261 0 723
0.02750000 0.02749970 68740.86778784 0 -1250.80731779 0 26381.14255940 0 3069.40345228 0 8253.20019657 0 826
0.02850000 0.02848090 72173.28848162 0 1952.62662642 0 27019.68353169 0 3373.77058922 0 13338.60826253 0 831
0.02950000 0.02946900 66896.66136605 0 3696.18561561 0 28674.44247584 0 3153.17666185 0 22906.53630806 0 996
0.03050000 0.03053250 66051.62153589 0 2040.00941389 0 29377.42437858 0 5789.58577977 0 25653.80154207 0 1041
0.03150000 0.03150510 64534.38086599 0 1820.92132270 0 30049.51449507 0 12094.07895291 0 15578.42885009 0 1036
0.03250000 0.03246190 61820.00043670 0 1260.29630016 0 23366.81285077 0 2993.12620660 0 4291.31200229 0 1059
0.03350000 0.03345080 58934.33114246 0 4037.61182372 0 21120.90248456 0 4237.92125201 0 11745.63289087 0 1302
0.03450000 0.03451200 55304.15872742 0 857.24153211 0 16637.05382600 0 -587.49201871 0 2385.43273125 0 1339
0.03550000 0.03553350 54437.52786387 0 96.19226126 0 11191.90592669 0 4869.76346779 0 130.04002607 0 1365
0.03650000 0.03647120 54557.66258815 0 302.88787434 0 7595.84734441 0 892.68404385 0 -8456.52129722 0 1308
0.03750000 0.03744890 53352.32930839 0 1928.86541736 0 6527.00261269 0 1609.56171424 0 -9168.11746866 0 1579
0.03850000 0.03847530 49273.83846144 0 2062.69660744 0 7796.88754614 0 -3266.39118312 0 -4945.67532674 0 1662
0.03950000 0.03950240 50210.33569460 0 3498.78820874 0 12535.08965044 0 -2257.73560912 0 -6027.24215968 0 1683
0.04050000 0.04050350 46124.98000627 0 3199.34825635 0 13892.55667320 0 -1176.87740497 0 1619.52680657 0 1822
0.04150000 0.04152450 46328.82150618 0 806.75283817 0 14185.08749491 0 -1122.91089381 0 -1978.27013070 0 1887
0.04250000 0.04250150 43689.73288566 0 549.88265300 0 16223.17032428 0 -2162.07072269 0 -2203.42585589 0 1920
0.04350000 0.04349210 45556.52685008 0 2865.93841141 0 18265.34991383 0 -3135.52737609 0 -10047.27113159 0 2005
0.04450000 0.04448520 40847.68855121 0 4344.64739094 0 19110.83263698 0 -4166.01757464 0 -8801.97783156 0 2151
0.04550000 0.04548030 39455.45442851 0 2490.99627607 0 20614.23290086 0 -1297.84255362 0 -2472.99267592 0 2274
0.04650000 0.04648670 37467.97212356 0 1205.93118530 0 20622.86931422 0 3606.30048273 0 -4820.10409098 0 2311
0.04750000 0.04749250 38755.24060698 0 664.85435222 0 24939.74731451 0 1955.73794969 0 -5397.21580517 0 2568
0.04850000 0.04851840 37442.72722298 0 559.24873257 0 25381.86524452 0 275.99984075 0 -1349.20706845 0 2493
0.04950000 0.04949480 37159.71860061 0 320.76303553 0 24986.69397174 0 115.14110579 0 2074.48863337 0 2644
0.05050000 0.05050630 37182.97048273 0 1645.59105920 0 28503.59650389 0 3320.50163451 0 4694.02352827 0 2829
0.05150000 0.05149060 36912.03069442 0 -12.09153232 0 23931.83358627 0 3864.76176097 0 -244.03736070 0 2784
0.05250000 0.05249300 35965.78981542 0 73.63306379 0 21713.49330885 0 6973.66019588 0 3949.78614326 0 3055
0.05350000 0.05348950 35401.21197291 0 -900.30733949 0 15497.82232541 0 6520.50315803 0 -636.68857235 0 3009
0.05450000 0.05448610 37113.32555962 0 -1421.13289047 0 14379.07462574 0 4192.58008188 0 -4218.81041938 0 3336
0.05550000 0.05550870 37334.43988625 0 -573.65493439 0 12941.44397128 0 -975.07321283 0 -3741.15032670 0 3349
0.05650000 0.05647670 36809.50096660 0 517.09860645 0 10658.21987043 0 -527.75018292 0 -1743.54791687 0 3324
0.05750000 0.05747970 37240.21440204 0 30.29830963 0 12153.42661394 0 -196.56587527 0 517.14953914 0 3639
0.05850000 0.05849280 37281.51417362 0 -109.13005137 0 12356.49305111 0 -148.15988563 0 -2003.01677667 0 3846
0.05950000 0.05951020 36946.35490136 0 1370.73166790 0 13927.54521963 0 1091.72901265 0 -2484.17572399 0 3787
0.06050000 0.06049470 35079.00732069 0 1941.74253112 0 12812.89428014 0 -153.16679091 0 -2166.28927844 0 3930
0.06150000 0.06148310 34433.38006052 0 979.21094061 0 14019.66696212 0 -139.04625507 0 -384.75442959 0 4083
0.06250000 0.06249100 33104.92252877 0 645.82324032 0 13221.68451244 0 1074.85478963 0 -1695.20614671 0 4303
0.06350000 0.06350600 32974.82271216 0 985.09255956 0 14066.50289610 0 -164.76615839 0 -3747.09616513 0 4470
0.06450000 0.06451750 32367.50569585 0 815.39478769 0 15518.52757282 0 487.35944922 0 -178.32311290 0 4479
0.06550000 0.06550280 31668.28838355 0 -16.17522716 0 12664.52512757 0 1448.50367742 0 319.02689500 0 4636
0.06650000 0.06648880 32988.55239493 0 -506.13368318 0 14530.54402925 0 3127.65495315 0 1726.98371894 0 4653
0.06750000 0.06749660 32575.22250945 0 55.76974999 0 12424.36640225 0 642.18376716 0 311.16665161 0 5220
0.06850000 0.06852730 32839.18673313 0 995.62455493 0 14840.23695443 0 316.42489867 0 1518.58042120 0 5029
0.06950000 0.06949320 31089.75941178 0 1172.86922339 0 12653.89569574 0 -1065.77437605 0 1390.41826143 0 5040
0.07050000 0.07048030 31219.08416566 0 682.68633134 0 13368.83570928 0 -628.76410948 0 1507.53024103 0 5475
0.07150000 0.07148790 30036.55987503 0 493.66292374 0 14142.68049086 0 598.95298213 0 315.65758656 0 5509
0.07250000 0.07249820 30116.39133697 0 -154.64383904 0 12585.24728187 0 1777.39601384 0 -76.25255439 0 5916
0.07350000 0.07351270 29811.79168121 0 362.97295220 0 12940.44746205 0 1181.33955188 0 256.66091823 0 5721
0.07450000 0.07449140 29928.38326155 0 679.11218489 0 12411.52250546 0 456.19749825 0 2157.02174257 0 6028
0.07550000 0.07549160 28935.74934156 0 1093.78292891 0 13143.07100623 0 454.39160207 0 1757.69834799 0 6183
0.07650000 0.07648840 28390.21589775 0 1407.52500327 0 12275.44363344 0 651.17338768 0 2448.93251409 0 6330
0.07750000 0.07749960 26927.89395895 0 755.60534090 0 13058.14627487 0 596.15832735 0 783.27950955 0 6583
0.07850000 0.07848650 26145.08059427 0 764.48313094 0 11572.90462370 0 1077.69816264 0 710.16451985 0 6549
0.07950000 0.07947320 26100.90201824 0 591.07391579 0 11687.72463207 0 1403.15143497 0 -518.18369428 0 6828
0.08050000 0.08048110 24660.61400583 0 871.73188360 0 11142.63408124 0 147.48115212 0 134.73137009 0 7147
0.08150000 0.08149960 24895.79018498 0 507.46900555 0 10862.21638289 0 119.30651439 0 750.83538337 0 7386
0.08250000 0.08250610 24300.87417248 0 -212.18228220 0 11295.98577998 0 1512.71208905 0 2057.99086939 0 7227
0.08350000 0.08350160 24649.65240426 0 106.80862775 0 11544.11657917 0 1140.31658842 0 1887.28883766 0 7798
0.08450000 0.08449610 24170.22073962 0 702.48143365 0 11027.89157915 0 1402.07741946 0 2884.10809644 0 7371
0.08550000 0.08548940 24063.70497486 0 390.31827281 0 10796.97824506 0 2214.47603605 0 4448.40614681 0 8256
0.08650000 0.08650700 23158.21025119 0 121.85425633 0 9755.39357704 0 1457.70477935 0 4478.25713453 0 8037
0.08750000 0.08749060 23069.52092939 0 486.87005246 0 9668.49797186 0 1535.21105308 0 4858.60256437 0 8155
0.08850000 0.08849210 22526.31267379 0 328.66756822 0 8458.65825591 0 646.03582896 0 4116.59071665 0 8718
0.08950000 0.08949900 22040.90195374 0 551.57671870 0 8073.57387104 0 351.98588429 0 3970.67962019 0 8571
0.09050000 0.09049190 21498.69020737 0 377.46551816 0 8278.43402483 0 -446.96428658 0 2402.22944800 0 8932
0.09150000 0.09150830 21578.63239256 0 583.99980747 0 7843.45774433 0 -434.25547215 0 2371.75841010 0 9285
0.09250000 0.09250820 20603.82491553 0 676.41275210 0 8344.10398333 0 -649.15822456 0 2887.23049204 0 9204
0.09350000 0.09350330 20683.98854722 0 699.26935222 0 8225.32008268 0 97.82742219 0 1663.39535751 0 9349
0.09450000 0.09448040 19905.93628221 0 553.64392174 0 8935.68722607 0 -213.11346471 0 2594.11283711 0 9564
0.09550000 0.09549270 19473.56199804 0 952.02063256 0 8878.67582558 0 171.89230665 0 1476.78239501 0 10155
0.09650000 0.09649430 18717.54365943 0 725.96362013 0 8857.66055307 0 246.59617497 0 2581.65647169 0 9913
0.09750000 0.09749140 18199.02668817 0 584.47038127 0 8385.44804420 0 291.43244709 0 1124.63817648 0 10476
0.09850000 0.09850240 17555.72461620 0 161.38356316 0 8077.06165336 0 557.16270657 0 1532.29903165 0 10575
0.09950000 0.09950330 17499.14503638 0 61.87813014 0 7378.68583774 0 1263.34118948 0 369.51337448 0 10882
0.10050000 0.10051200 17241.82420760 0 -70.79888080 0 6608.16275361 0 1322.71099516 0 113.00414710 0 10875
0.10150000 0.10150300 17101.98074514 0 -154.86860724 0 5665.43180158 0 951.54230812 0 -1146.15170360 0 11118
0.10250000 0.10250800 16910.76169552 0 236.26458868 0 4787.78397483 0 789.52430075 0 -1253.91864106 0 11575
0.10350000 0.10349800 16554.67572935 0 394.29102295 0 4605.53350832 0 815.72031404 0 269.38523391 0 11364
0.10450000 0.10450100 16254.06211052 0 479.56231808 0 3941.94693728 0 1023.43048424 0 -254.06999422 0 12093
0.10550000 0.10551000 15900.07988607 0 274.54272281 0 3982.63773099 0 482.10673832 0 -188.85067934 0 12067
0.10650000 0.10649700 15307.48906178 0 600.66476355 0 3472.61323287 0 19.19830400 0 -56.02408129 0 12054
0.10750000 0.10749900 15183.58974706 0 398.63137428 0 3729.50224099 0 -306.09884854 0 300.25708997 0 12807
0.10850000 0.10850100 14637.05979401 0 177.38417976 0 3843.44753570 0 -173.34278120 0 491.27683774 0 12736
0.10950000 0.10950300 14932.35869692 0 -22.33487218 0 3597.27653801 0 337.23644040 0 -174.72460734 0 12933
0.11050000 0.11050200 14518.36447195 0 146.59204444 0 3885.65523791 0 521.79105771 0 155.63813381 0 13428
0.11150000 0.11150900 14563.09666422 0 45.86455893 0 3133.26862183 0 313.76643348 0 -930.42738470 0 13453
0.11250000 0.11250000 14540.95201458 0 -5.56943475 0 3364.25946220 0 180.35709897 0 -233.31492135 0 13668
0.11350000 0.11349100 14552.35650915 0 19.84548139 0 3306.22940782 0 -139.53454460 0 -850.26043131 0 13791
0.11450000 0.11448600 14380.18185822 0 335.68742215 0 3574.83293560 0 -666.46758995 0 -41.37307036 0 14205
0.11550000 0.11549300 14386.93597636 0 195.50625379 0 4382.90227319 0 -587.01258705 0 141.39690963 0 14776
0.11650000 0.11649800 14349.06862548 0 -91.06134594 0 4743.00749326 0 -423.42452402 0 386.35880945 0 14553
0.11750000 0.11747300 14673.04484967 0 -4.79006487 0 5445.94510670 0 -93.42318355 0 14.74446134 0 14568
0.11850000 0.11849100 14604.39643579 0 218.30417059 0 5145.49757275 0 -120.26205602 0 149.36123287 0 16015
0.11950000 0.11950300 14494.44825035 0 215.06330111 0 5190.96053845 0 231.10377808 0 514.54975727 0 15270
0.12050000 0.12050700 14506.84925414 0 303.42156040 0 5186.97450152 0 284.94406474 0 561.03802026 0 15999
0.12150000 0.12150000 13953.45445971 0 244.20455281 0 4345.16779021 0 589.17833378 0 853.72164005 0 15670
0.12250000 0.12250700 13924.00207569 0 162.23281048 0 4661.83628002 0 908.29602185 0 232.67826267 0 16887
0.12350000 0.12352200 13433.27663973 0 180.31723860 0 4003.11045958 0 610.27554149 0 144.92012339 0 16407
0.12450000 0.12449800 13578.87771109 0 192.41818240 0 3862.43657276 0 199.39485426 0 105.48315974 0 16306
0.12550000 0.12549900 13196.32888861 0 212.37051172 0 4070.09802474 0 122.13327891 0 749.84994646 0 17523
0.12650000 0.12650100 13246.59724328 0 105.83902426 0 4199.03524725 0 -206.22094251 0 1188.71372021 0 17154
0.12750000 0.12750600 13114.61513145 0 105.99370464 0 4494.37843946 0 -250.18582267 0 1538.17843613 0 18007
0.12850000 0.12850300 12962.03849544 0 448.71149944 0 4684.18023150 0 -107.25118857 0 1938.58691855 0 17496
0.12950000 0.12949900 12828.17408839 0 329.64414727 0 4923.38673688 0 87.78559865 0 1656.17620172 0 18405
0.13050000 0.13049000 12515.71308201 0 128.81874864 0 5293.29096443 0 57.24469438 0 1601.88859314 0 18100
0.13150000 0.13148800 12345.97434254 0 363.84877310 0 5309.62264353 0 -48.69508804 0 624.68617225 0 19059
0.13250000 0.13249300 12257.50646723 0 145.85684207 0 4870.17314381 0 125.70963983 0 1270.73750246 0 18957
0.13350000 0.13349100 11909.50329818 0 45.85503673 0 4685.36497026 0 323.84778523 0 1291.52025615 0 19468
0.13450000 0.13450700 12180.44308650 0 -211.97190803 0 4365.95054389 0 943.73410466 0 933.24307690 0 19953
0.13550000 0.13551000 12121.64904171 0 73.77622895 0 4167.15802410 0 419.81383889 0 511.35982049 0 19956
0.13650000 0.13649900 11883.37261161 0 408.22000758 0 3605.42576907 0 303.64189966 0 736.65062804 0 19723
0.13750000 0.13749600 11724.37402722 0 269.99753347 0 3746.09965589 0 226.38696771 0 1174.81795256 0 20946
0.13850000 0.13851100 11414.57037879 0 161.64929896 0 3764.83402949 0 -182.94137958 0 768.76812065 0 20955
0.13950000 0.13949800 11330.19926367 0 219.26081945 0 3794.64072790 0 -60.44094238 0 667.84830885 0 20506
0.14050000 0.14048300 11102.22009566 0 136.33464272 0 4099.84936152 0 33.60605595 0 697.21432874 0 21447
0.14150000 0.14148400 11013.97366685 0 110.93362236 0 4122.43690415 0 -194.23515090 0 804.11319593 0 21771
0.14250000 0.14249400 11084.06148295 0 82.29162179 0 4183.50077553 0 239.58074996 0 608.70327137 0 22470
0.14350000 0.14350900 11029.38634300 0 95.88068604 0 4098.40995930 0 228.97567725 0 544.93332381 0 22519
0.14450000 0.14449900 10898.64433154 0 89.83154283 0 3880.08585852 0 218.92311355 0 818.88035554 0 22218
0.14550000 0.14550500 10802.85764953 0 252.34160431 0 3923.53366111 0 -60.57325666 0 848.36817100 0 23559
0.14650000 0.14650700 10637.97966066 0 352.00249277 0 3880.62840244 0 459.08626779 0 1485.03127700 0 23044
0.14750000 0.14750500 10371.94491224 0 122.42669552 0 3743.86304628 0 558.60985943 0 942.43089203 0 23649
0.14850000 0.14849900 10144.66330069 0 116.56611399 0 3605.20432258 0 378.56721448 0 1789.50913719 0 23640
0.14950000 0.14949500 10182.84067667 0 104.51599217 0 3617.39495220 0 115.56074690 0 745.97020384 0 24457
0.15050000 0.15050000 9838.67960433 0 135.24180426 0 3456.49192794 0 41.54280910 0 1633.51115282 0 24591
0.15150000 0.15149900 9841.69127668 0 243.62768468 0 3489.08885220 0 -279.84968809 0 1129.27748058 0 25020
0.15250000 0.15250500 9763.26599999 0 29.63109134 0 3526.22542964 0 -252.58298100 0 1161.56437975 0 25297
0.15350000 0.15350100 9745.97102862 0 -97.15178893 0 3308.67639161 0 9.19551040 0 699.87168669 0 25452
0.15450000 0.15450400 9890.33199961 0 -88.21609063 0 3353.18713738 0 32.88148301 0 364.65816004 0 26061
0.15550000 0.15549900 9799.23998332 0 154.34820797 0 3308.59888533 0 304.18001465 0 174.43119073 0 26128
0.15650000 0.15649500 9703.80761571 0 256.81039461 0 2957.89406903 0 346.33014077 0 34.50036763 0 26331
0.15750000 0.15749700 9512.36711960 0 187.84974118 0 2749.23610782 0 467.38165355 0 530.75521188 0 27345
0.15850000 0.15849900 9336.94827750 0 94.41637109 0 2397.71193948 0 582.25923801 0 312.19527059 0 26980
0.15950000 0.15949700 9271.75442896 0 78.38253752 0 2151.91740083 0 505.25896952 0 925.68732244 0 27777
0.16050000 0.16050000 9178.71368351 0 101.07316349 0 2372.06843520 0 423.35033944 0 885.31984062 0 28224
0.16150000 0.16150500 9169.28006277 0 -47.35755121 0 1948.04268394 0 50.85917393 0 1110.87527673 0 28075
0.16250000 0.16249700 9188.46840168 0 174.27285648 0 2343.11430580 0 -86.25872505 0 1159.19490224 0 28590
0.16350000 0.16349900 9015.40796476 0 222.47511535 0 2286.05861601 0 -472.03978060 0 1202.10016091 0 29163
0.16450000 0.16449100 8928.84452933 0 40.45041354 0 2420.83095370 0 105.46079365 0 1252.34637094 0 28996
0.16550000 0.16550500 8855.84469180 0 54.10967633 0 2692.47937080 0 -193.03712535 0 964.03631945 0 30777
0.16650000 0.16650700 8894.63104564 0 146.54111174 0 2460.52523817 0 38.44233671 0 654.02672578 0 29211
0.16750000 0.16749900 8753.12673446 0 136.99233882 0 2528.91898858 0 -75.56197349 0 339.57712986 0 30922
0.16850000 0.16850800 8476.86115791 0 152.98963372 0 2241.73609976 0 20.57071866 0 477.26481068 0 30867
0.16950000 0.16949900 8518.47095458 0 189.85161750 0 2386.62854233 0 -26.00601219 0 212.18338943 0 30852
0.17050000 0.17049200 8425.52986005 0 24.43706377 0 2107.97134362 0 147.76571087 0 461.08039349 0 31257
0.17150000 0.17149500 8353.49331478 0 -57.27691484 0 2201.05637837 0 208.27818047 0 275.46726193 0 32608
0.17250000 0.17250900 8496.01627984 0 32.44390474 0 2031.72731492 0 172.51457130 0 340.07317001 0 32361
0.17350000 0.17350400 8442.37086610 0 92.53573672 0 2318.84376979 0 98.30917905 0 554.97038626 0 32508
0.17450000 0.17449800 8295.98365967 0 283.44597919 0 2294.08605150 0 -156.80626408 0 477.36667607 0 32791
0.17550000 0.17549800 8193.14390675 0 256.86686347 0 2355.52638192 0 -37.68100365 0 790.23846570 0 33633
0.17650000 0.17650100 7932.25778938 0 180.27737823 0 2446.54089193 0 -128.85639454 0 692.54845106 0 33984
0.17750000 0.17750300 7893.96969015 0 49.91625475 0 2317.16077642 0 75.46719439 0 596.49824772 0 34069
0.17850000 0.17849800 7914.87423941 0 -103.42470384 0 2440.68363210 0 32.06489906 0 130.05220562 0 34536
0.17950000 0.17950400 7915.31713240 0 40.83927358 0 2268.39825792 0 22.01388548 0 -29.53044391 0 35343
0.18050000 0.18050100 7836.57075829 0 143.81067644 0 2287.34300569 0 -67.16073631 0 -195.91039364 0 34990
0.18150000 0.18150500 7742.85460103 0 106.29819357 0 2118.19109943 0 -140.87983206 0 -332.22399895 0 36243
0.18250000 0.18250200 7730.02177656 0 42.37921252 0 2187.80280557 0 -154.64826797 0 -306.09774131 0 35694
0.18350000 0.18350400 7687.96908690 0 57.01970473 0 2237.66148422 0 108.35111332 0 -236.92892817 0 37087
0.18450000 0.18450600 7628.08995428 0 179.03063446 0 2336.63699578 0 206.13347115 0 -0.40183792 0 36651
0.18550000 0.18550700 7567.63506077 0 140.64509878 0 2214.91892905 0 176.90474809 0 -47.12757902 0 37818
0.18650000 0.18651000 7416.71927350 0 79.24296788 0 2264.74439073 0 310.81565891 0 376.03386656 0 37267
0.18750000 0.18750100 7407.19707415 0 -6.28104199 0 2128.11190247 0 262.33769916 0 425.31899879 0 38334
0.18850000 0.18850000 7467.14264072 0 -32.41212716 0 2082.47177957 0 136.29810405 0 544.90010684 0 38223
0.18950000 0.18949500 7443.78003535 0 113.42489544 0 2032.98955995 0 37.37153217 0 581.96249970 0 39064
0.19050000 0.19050000 7267.17645450 0 241.78082090 0 1972.95541478 0 -117.75860338 0 439.51814814 0 39609
0.19150000 0.19149800 7095.73257700 0 146.97182518 0 1847.45061297 0 85.67222401 0 698.09236410 0 39576
0.19250000 0.19250400 7037.44785916 0 45.48876422 0 1998.33318327 0 107.41040860 0 110.71472250 0 40909
0.19350000 0.19350500 6972.39795085 0 59.64594946 0 1735.93015739 0 165.40060261 0 31.69165099 0 40191
0.19450000 0.19450100 6953.61928796 0 87.56813819 0 1641.70467319 0 248.17730295 0 157.11186025 0 41232
0.19550000 0.19549800 6878.31640687 0 22.40407421 0 1510.74121523 0 -106.03334356 0 59.76564129 0 40873
0.19650000 0.19649700 6915.63014150 0 39.93975792 0 1595.30055987 0 8.42198672 0 108.84881432 0 42816
0.19750000 0.19750200 7016.87547965 0 83.32765923 0 1830.86427039 0 -274.78077779 0 -94.68775377 0 41727
0.19850000 0.19849000 6768.51216164 0 131.54032608 0 1769.92219459 0 22.02916529 0 280.07556352 0 42610
0.19950000 0.19949900 6816.25602626 0 81.63514366 0 1925.07868227 0 51.72049008 0 277.62082911 0 43863
0.20050000 0.20050100 6725.91692806 0 42.28709078 0 1801.16829522 0 271.09812256 0 340.72865164 0 43302
0.20150000 0.20150100 6796.02688881 0 3.87536905 0 1812.94924883 0 164.41405846 0 176.39320669 0 44487
0.20250000 0.20249700 6706.35213011 0 37.27874609 0 1573.67630950 0 186.96616966 0 297.73813607 0 43759
0.20350000 0.20349100 6613.07886583 0 229.95336353 0 1547.54562293 0 33.66130685 0 369.01622709 0 45282
0.20450000 0.20449700 6451.19040466 0 164.69086659 0 1391.22654114 0 58.53528456 0 360.21594333 0 45483
0.20550000 0.20549900 6319.26365445 0 53.41101263 0 1443.82008403 0 240.92493019 0 446.76941366 0 46138
0.20650000 0.20650200 6286.99889993 0 81.52674560 0 1422.53907573 0 109.59442467 0 387.35753315 0 46227
0.20750000 0.20749300 6184.11485771 0 135.91500161 0 1431.80661160 0 92.17632905 0 312.86293177 0 46236
0.20850000 0.20850300 6156.63334751 0 155.51190931 0 1496.33612064 0 -96.78130894 0 509.86173495 0 48361
0.20950000 0.20950400 5983.31824712 0 96.89147858 0 1549.69365394 0 -263.65530581 0 625.59963904 0 46812
0.21050000 0.21050300 5977.83744634 0 41.96710059 0 1662.07775085 0 46.17558053 0 566.74026754 0 48813
0.21150000 0.21149700 5964.76103073 0 37.90732197 0 1750.27989036 0 121.67709913 0 446.36195211 0 47215
0.21250000 0.21249000 5909.87551660 0 45.57302461 0 1508.68176281 0 205.79133631 0 275.31778555 0 50004
0.21350000 0.21350300 5978.40213490 0 56.74887567 0 1309.52385630 0 108.91546971 0 220.89841629 0 49509
0.21450000 0.21449800 5800.29271787 0 14.97930535 0 1210.91373147 0 60.48312794 0 163.84604820 0 49660
0.21550000 0.21550100 5946.53598408 0 -33.28163683 0 1082.46036955 0 87.68594772 0 171.56567306 0 50841
0.21650000 0.21649800 5929.93856917 0 -97.34533317 0 996.98091472 0 199.57090423 0 111.18496413 0 50424
0.21750000 0.21750300 6006.22688717 0 -18.73647733 0 804.85172000 0 92.70868643 0 69.37996238 0 52231
0.21850000 0.21850300 5957.18756055 0 98.82404215 0 868.34153774 0 45.84706465 0 106.19555312 0 51078
0.21950000 0.21950100 5961.89329860 0 137.16838878 0 863.12315105 0 -88.79329093 0 -69.50275446 0 52791
0.22050000 0.22050700 5801.82069870 0 72.17871392 0 1017.47357349 0 -87.73986994 0 119.45156184 0 52969
0.22150000 0.22150000 5800.64703227 0 82.56322592 0 1112.72435497 0 -92.90765611 0 143.22273599 0 52704
0.22250000 0.22250100 5760.05588948 0 116.43103163 0 1099.49292682 0 -131.08082460 0 15.64430918 0 54051
0.22350000 0.22349900 5656.35249523 0 118.32329194 0 1137.72566442 0 -92.75109343 0 -19.02934033 0 53938
0.22450000 0.22449800 5694.80667932 0 44.08578994 0 1188.85766043 0 -28.74397668 0 57.51020872 0 54735
0.22550000 0.22549100 5561.90556453 0 45.73645213 0 1229.48202019 0 6.75890138 0 11.69647177 0 54774
0.22650000 0.22649900 5613.20364541 0 58.51712594 0 1222.28500906 0 125.51587414 0 -77.93953380 0 56911
0.22750000 0.22749800 5547.77727806 0 58.56274392 0 1126.16615730 0 52.61978430 0 -11.55795699 0 54879
0.22850000 0.22849100 5478.13235495 0 121.28513883 0 1159.11739596 0 46.18266682 0 -37.24165380 0 57210
0.22950000 0.22949800 5401.98797717 0 80.26704720 0 1070.59194457 0 116.00142543 0 192.98619266 0 57375
0.23050000 0.23049600 5341.36699879 0 55.28146046 0 1036.32974266 0 84.53066732 0 21.40324677 0 57604
0.23150000 0.23150100 5349.61588078 0 48.96159890 0 942.63019388 0 173.25420260 0 120.04725292 0 58629
0.23250000 0.23250200 5257.46092131 0 44.45239462 0 945.91645988 0 80.96471439 0 194.28829806 0 58560
0.23350000 0.23350400 5276.88177904 0 109.93744529 0 855.88738678 0 51.57167803 0 76.85455669 0 59305
0.23450000 0.23449700 5190.27405431 0 30.39962141 0 819.05197658 0 34.94669304 0 258.01838525 0 59196
0.23550000 0.23549300 5155.01977209 0 62.83721492 0 840.12593240 0 146.59093720 0 107.70094640 0 60063
0.23650000 0.23649900 5195.47804698 0 17.33571752 0 753.31890583 0 3.07521642 0 1.99740311 0 61537
0.23750000 0.23750400 5093.49086307 0 31.67891782 0 757.97592565 0 -21.41597994 0 -99.08258093 0 61224
0.23850000 0.23850100 5117.78354373 0 89.62592975 0 650.67734753 0 -40.38918358 0 -55.40358820 0 61221
0.23950000 0.23949400 5064.10491300 0 132.66859598 0 662.23574740 0 -25.90182162 0 -131.80827634 0 62332
0.24050000 0.24050100 4884.70003397 0 198.41384629 0 638.34609937 0 -24.98049347 0 -84.30290960 0 63447
0.24150000 0.24150500 4811.86628131 0 101.82707809 0 649.55018486 0 77.39078938 0 23.34345025 0 63342
0.24250000 0.24250300 4764.27742924 0 -14.18973787 0 594.01472527 0 47.40040110 0 28.80299217 0 63379
0.24350000 0.24349600 4770.93189646 0 9.20731350 0 672.11004668 0 140.84107893 0 -88.75453779 0 64266
0.24450000 0.24449500 4773.71104999 0 69.71600743 0 595.53606270 0 51.37680511 0 -61.48594840 0 64695
0.24550000 0.24549600 4715.85815281 0 89.76787696 0 637.17575464 0 -9.43355431 0 199.83221109 0 65947
0.24650000 0.24650000 4667.64925055 0 80.65933967 0 644.89980843 0 2.85584045 0 202.24376344 0 66018
0.24750000 0.24750000 4623.26030035 0 89.33339893 0 701.28894427 0 7.74520193 0 251.18897530 0 66303
0.24850000 0.24849600 4598.17041231 0 69.88198158 0 727.71969085 0 30.75615026 0 312.22073693 0 66958
0.24950000 0.24949200 4530.38563977 0 53.99906380 0 685.91169956 0 102.92345969 0 324.68706745 0 66975
0.25050000 0.25048900 4513.76608022 0 73.88351977 0 700.01784138 0 -10.60687750 0 242.92459206 0 68676
0.25150000 0.25150000 4484.97803569 0 62.74863632 0 711.72128872 0 -89.74540014 0 284.96731663 0 69349
0.25250000 0.25249900 4487.04856043 0 21.69843495 0 726.37329615 0 34.38875859 0 192.08269095 0 68592
0.25350000 0.25349900 4435.40723748 0 99.77271894 0 724.50760942 0 -131.65990719 0 215.55823403 0 70437
0.25450000 0.25450100 4426.11755695 0 76.14570646 0 779.77844045 0 68.09324751 0 178.87451468 0 70099
0.25550000 0.25550100 4336.59781080 0 15.19134037 0 596.67208322 0 143.25373850 0 172.05949875 0 71064
0.25650000 0.25650300 4315.66004456 0 14.81931026 0 575.83064622 0 179.34951741 0 192.46911509 0 71409
0.25750000 0.25750600 4398.25958771 0 -26.01929898 0 502.37241444 0 158.34642446 0 65.00639407 0 72612
0.25850000 0.25850600 4305.56208433 0 16.94121059 0 471.57031403 0 116.79088219 0 273.53957018 0 71845
0.25950000 0.25949600 4356.38405525 0 76.81524994 0 455.48886946 0 -98.02605970 0 220.88734397 0 72816
0.26050000 0.26049800 4309.39310872 0 59.04582945 0 411.79747573 0 -69.94265792 0 477.99890582 0 73743
0.26150000 0.26149900 4305.50672271 0 65.02532775 0 612.98383214 0 -99.08833854 0 379.99775885 0 74662
0.26250000 0.26250300 4315.46074272 0 13.44058437 0 540.66051366 0 -46.72211048 0 382.90978027 0 74931
0.26350000 0.26350100 4331.40489046 0 37.24608273 0 631.10812064 0 -9.93360264 0 272.63939017 0 75087
0.26450000 0.26450200 4241.30938341 0 66.14075375 0 586.66380882 0 -7.25659131 0 350.34275128 0 76678
0.26550000 0.26550600 4272.87658146 0 57.04162794 0 473.09497315 0 153.28637202 0 276.89780630 0 76035
0.26650000 0.26650100 4202.20193215 0 44.58194082 0 439.74845250 0 117.01454315 0 381.84019370 0 77094
0.26750000 0.26750600 4187.61968036 0 21.10030796 0 484.20383664 0 81.73003348 0 173.98497604 0 78463
0.26850000 0.26850100 4146.62993388 0 50.45569841 0 417.77763836 0 66.66292459 0 217.82141723 0 77076
0.26950000 0.26949700 4107.36747008 0 105.58624309 0 361.92551028 0 -99.78755586 0 99.63785802 0 79149
0.27050000 0.27049900 4048.57342529 0 103.34775118 0 430.40230312 0 -40.43823398 0 185.13480713 0 79648
0.27150000 0.27150200 4022.39844942 0 20.59817803 0 444.32796604 0 -33.30809969 0 142.95810743 0 80241
0.27250000 0.27250500 3984.65289411 0 15.45309013 0 362.54113154 0 24.78019511 0 165.68294689 0 80835
0.27350000 0.27350000 4036.13920452 0 36.80307902 0 344.05256355 0 36.82898826 0 136.47304678 0 80680
0.27450000 0.27450400 4010.45141094 0 3.49158013 0 324.10134146 0 162.50186797 0 129.61595602 0 82617
0.27550000 0.27550800 4031.56633437 0 18.89060410 0 335.97973153 0 -10.90787865 0 207.36692813 0 82548
0.27650000 0.27649900 4018.42348481 0 42.36570428 0 312.56840793 0 15.75270724 0 104.89887316 0 81181
0.27750000 0.27748900 3949.26574399 0 132.06293981 0 392.91030405 0 -127.41145615 0 125.53248263 0 84096
0.27850000 0.27849800 3899.91639227 0 154.37699602 0 368.25223668 0 -116.20183451 0 271.76689098 0 85215
0.27950000 0.27950200 3833.20563524 0 29.94864562 0 389.04274099 0 28.42963337 0 295.96767133 0 84514
0.28050000 0.28050300 3808.86866529 0 10.14469652 0 392.13413408 0 145.49256258 0 223.35647240 0 85815
0.28150000 0.28150100 3772.46286129 0 46.57163759 0 279.00154801 0 171.73507963 0 46.65733738 0 85485
0.28250000 0.28250000 3722.33844683 0 76.14869598 0 204.39068722 0 76.07451141 0 107.92361086 0 87220
0.28350000 0.28350400 3686.70770557 0 96.36366085 0 141.72022152 0 0.29197942 0 90.98638630 0 87147
0.28450000 0.28449700 3597.67514170 0 91.15058888 0 139.34188615 0 -41.13623334 0 129.84736761 0 87102
0.28550000 0.28549800 3568.61028905 0 48.78743123 0 64.86156806 0 27.01193290 0 -18.84863999 0 88971
0.28650000 0.28649900 3531.77266438 0 5.97465969 0 45.82647013 0 -15.02746997 0 54.55710897 0 89434
0.28750000 0.28750100 3552.67721364 0 15.73964190 0 49.78859084 0 14.09130490 0 -84.26526369 0 89619
0.28850000 0.28849900 3561.51292884 0 25.53953515 0 55.30271933 0 -0.04805610 0 -113.11044142 0 90240
0.28950000 0.28950100 3540.02154637 0 60.44216034 0 5.70020997 0 -17.18535535 0 -94.03492950 0 91333
0.29050000 0.29050500 3543.16608662 0 13.58552111 0 39.38414866 0 -12.19716230 0 -38.34157855 0 92139
0.29150000 0.29150600 3545.79022760 0 52.81742530 0 44.07372111 0 -35.52533273 0 -3.87722920 0 92370
0.29250000 0.29250200 3543.24359289 0 45.91228065 0 153.10921482 0 -33.02963072 0 33.19582632 0 91819
0.29350000 0.29349600 3524.19919420 0 61.97667383 0 221.19958353 0 -65.12630735 0 -8.92614288 0 93552
0.29450000 0.29450000 3503.03998147 0 89.97094340 0 288.01442042 0 -76.69356509 0 111.81165772 0 94701
0.29550000 0.29550200 3431.54598012 0 110.16298855 0 338.83860580 0 4.12487282 0 170.70978236 0 95020
0.29650000 0.29650300 3388.96181887 0 52.75553100 0 285.41242408 0 81.45809718 0 167.32275819 0 95151
0.29750000 0.29749800 3404.76202638 0 -8.51760731 0 270.09386270 0 168.71787112 0 188.29041970 0 95802
0.29850000 0.29850000 3383.17099299 0 -6.32249677 0 189.09537772 0 13.68041093 0 32.49893419 0 97399
0.29950000 0.29950700 3360.14055736 0 68.33628504 0 156.46634371 0 -36.89664016 0 10.88316522 0 97881
0.30050000 0.30050300 3347.35202220 0 101.66918674 0 135.06464707 0 -83.25912154 0 58.14886042 0 97188
0.30150000 0.30149700 3310.93514587 0 46.06696102 0 117.82725179 0 10.30920912 0 77.43530013 0 98263
0.30250000 0.30249700 3295.94321807 0 -20.37806021 0 139.36181633 0 79.89291335 0 20.95913582 0 100050
0.30350000 0.30350600 3335.98074461 0 -1.45924383 0 95.16641037 0 40.93438485 0 5.67675879 0 100779
0.30450000 0.30450500 3342.40269300 0 68.05593377 0 179.42038029 0 9.60867420 0 -17.55218147 0 99982
0.30550000 0.30550300 3309.85005804 0 79.33752553 0 194.91056271 0 -79.93520963 0 75.99423705 0 101559
0.30650000 0.30649700 3247.31356746 0 76.90172480 0 251.34509508 0 -68.68462038 0 144.22588862 0 100935
0.30750000 0.30749800 3245.16553645 0 70.76699251 0 290.08051623 0 -4.60083884 0 62.41325560 0 103762
0.30850000 0.30850200 3184.05737577 0 32.99054541 0 325.08013498 0 37.87177981 0 95.43358557 0 102951
0.30950000 0.30950100 3189.58246586 0 30.23110062 0 237.36296330 0 40.75324162 0 67.55911856 0 104394
0.31050000 0.31050000 3157.11840949 0 34.25788371 0 228.35562706 0 91.99651450 0 123.30694534 0 103963
0.31150000 0.31149700 3153.25416813 0 41.76602717 0 211.92540426 0 -19.59270021 0 129.12877373 0 105936
0.31250000 0.31250000 3144.42952525 0 58.13645942 0 213.76562465 0 55.79842731 0 129.63920791 0 105717
0.31350000 0.31349800 3103.67229759 0 66.85934763 0 154.85089152 0 -51.73510555 0 159.37947237 0 106776
0.31450000 0.31450400 3058.01003004 0 51.63213292 0 144.47169423 0 12.84611125 0 152.09609710 0 108733
0.31550000 0.31549900 3079.12495347 0 28.33828669 0 153.00956390 0 31.38926580 0 227.41447945 0 105891
0.31650000 0.31650000 3014.30756398 0 40.49182403 0 79.04510543 0 23.41076998 0 151.77278522 0 111072
0.31750000 0.31750600 3049.39576133 0 37.99955444 0 93.41266484 0 81.58199650 0 131.44953301 0 108121
0.31850000 0.31849900 2964.28280045 0 77.25936089 0 -1.12442780 0 31.90601120 0 129.38343720 0 110484
0.31950000 0.31950100 2933.19171236 0 68.29343514 0 -14.54781686 0 43.79159827 0 47.65185360 0 110817
0.32050000 0.32049800 2895.12505963 0 53.47290693 0 -20.88727643 0 -33.22206773 0 139.42049965 0 111088
0.32150000 0.32149900 2884.16345806 0 38.11426372 0 11.36064816 0 -22.45113159 0 65.48283621 0 112635
0.32250000 0.32250100 2865.13013170 0 73.76980700 0 53.22920506 0 -60.36664708 0 89.71893728 0 113202
0.32350000 0.32350400 2847.55835221 0 30.47325237 0 39.20156602 0 -1.32386252 0 90.18762879 0 113863
0.32450000 0.32450300 2872.65931257 0 -39.27442192 0 33.89161121 0 28.91736928 0 104.01984129 0 114045
0.32550000 0.32549900 2919.66133143 0 -30.27395052 0 60.57524968 0 43.38911927 0 40.55925449 0 114828
0.32650000 0.32650300 2969.02175547 0 -16.97996373 0 -17.80872724 0 40.84890651 0 17.04362959 0 116431
0.32750000 0.32750400 2990.04810030 0 44.23061595 0 -13.09778520 0 -38.95897138 0 38.46381702 0 116442
0.32850000 0.32850400 2948.71511175 0 83.98679472 0 -32.16787168 0 -31.30179443 0 96.99865868 0 116955
0.32950000 0.32949800 2922.23011079 0 68.48542925 0 -14.83248633 0 3.91473116 0 94.99279632 0 117028
0.33050000 0.33049700 2860.51297225 0 75.36532900 0 -9.74516275 0 68.82069925 0 86.61148932 0 119061
0.33150000 0.33150100 2871.98390076 0 29.64836417 0 -14.08100764 0 77.85372328 0 119.45599077 0 120060
0.33250000 0.33250400 2828.24821773 0 55.79898092 0 -55.49648501 0 76.22299128 0 90.22771061 0 119737
0.33350000 0.33350100 2811.98297257 0 51.01728673 0 -49.68982570 0 38.99063823 0 191.34748859 0 120531
0.33450000 0.33450000 2754.93835510 0 42.26228877 0 -62.71995900 0 -33.49411475 0 198.22783123 0 121704
0.33550000 0.33550300 2740.83221328 0 66.31027104 0 -58.74720885 0 -8.54544314 0 232.58857684 0 122761
0.33650000 0.33650300 2725.79599618 0 46.01259591 0 -48.27954369 0 17.66733365 0 271.49229732 0 122472
0.33750000 0.33749900 2685.44844454 0 42.41940506 0 -67.14888893 0 11.90928185 0 323.44032367 0 122985
0.33850000 0.33849800 2724.16836443 0 25.02710796 0 -89.27360838 0 -13.73854063 0 284.10367529 0 125380
0.33950000 0.33950300 2709.13214733 0 42.91754895 0 3.48753873 0 18.37784473 0 280.70668603 0 125223
0.34050000 0.34050000 2686.87677444 0 50.71534443 0 -61.66410210 0 -30.98246858 0 391.94922626 0 125178
0.34150000 0.34149900 2700.40715537 0 -1.06509564 0 -87.26531010 0 75.79172423 0 360.12847196 0 127059
0.34250000 0.34250300 2700.78361441 0 16.58313160 0 -72.14915081 0 54.85993706 0 343.54655831 0 127957
0.34350000 0.34349800 2720.08267657 0 52.79494848 0 -86.37664531 0 10.55428396 0 205.57874768 0 126732
0.34450000 0.34449700 2650.17201767 0 71.87533222 0 -135.64483689 0 16.49743181 0 282.72849255 0 129639
0.34550000 0.34550000 2636.22088840 0 44.04260788 0 -181.35028651 0 22.99777226 0 288.41191688 0 129826
0.34650000 0.34650400 2609.54765791 0 47.59582764 0 -168.53960669 0 -30.80342909 0 246.79326235 0 130875
0.34750000 0.34750200 2598.23174194 0 50.94598096 0 -198.87113330 0 -20.76813822 0 182.46748408 0 130686
0.34850000 0.34850200 2561.73735934 0 71.65975406 0 -93.66256721 0 -66.75936454 0 175.01802394 0 132211
0.34950000 0.34950400 2504.73703117 0 80.22297935 0 -134.39698588 0 -70.78326882 0 287.27811081 0 132768
0.35050000 0.35050300 2512.38800762 0 57.05912221 0 -40.83584116 0 -23.67550927 0 230.55348354 0 132957
0.35150000 0.35150100 2468.44195042 0 41.95802128 0 -21.59391220 0 -12.10249392 0 254.00023857 0 133987
0.35250000 0.35249800 2469.48274895 0 57.28145449 0 -51.01828324 0 -17.97425849 0 178.45930250 0 134778
0.35350000 0.35349800 2435.37998851 0 43.31117010 0 51.38211983 0 -38.33925336 0 290.63634693 0 135699
0.35450000 0.35450100 2449.04323734 0 19.25831600 0 21.85809787 0 -0.62158039 0 293.53951050 0 137380
0.35550000 0.35550100 2438.50238411 0 29.03152495 0 21.11890947 0 79.21307260 0 258.06378178 0 136161
0.35650000 0.35649900 2447.21630374 0 13.26840972 0 -74.56557498 0 40.07528317 0 218.85667960 0 138792
0.35750000 0.35750000 2452.06598201 0 19.75657062 0 -149.98792646 0 70.24526456 0 153.58975372 0 138097
0.35850000 0.35849800 2430.60781651 0 44.55614230 0 -177.49933194 0 8.06180399 0 220.27836610 0 140028
0.35950000 0.35950300 2419.87873376 0 35.85451295 0 -229.60015637 0 28.96974138 0 115.28283155 0 141099
0.36050000 0.36050500 2383.78295486 0 50.08045732 0 -247.68237003 0 -39.57581060 0 93.03797737 0 140821
0.36150000 0.36150200 2387.21537555 0 44.55592086 0 -214.09779439 0 -49.32964298 0 -19.84802802 0 141756
0.36250000 0.36250400 2344.07759806 0 62.24650639 0 -215.31685735 0 -39.91207710 0 55.39904855 0 142971
0.36350000 0.36349900 2341.58632497 0 41.43662551 0 -171.48484509 0 -22.45500690 0 83.18050803 0 142270
0.36450000 0.36450000 2349.31480770 0 6.34197299 0 -250.06291987 0 60.33708397 0 94.87686908 0 145311
0.36550000 0.36550300 2368.09347059 0 -14.27200524 0 -227.80311805 0 113.85228718 0 141.55413664 0 145434
0.36650000 0.36650100 2401.45438527 0 22.89756772 0 -253.91719614 0 35.18585526 0 125.56902130 0 144547
0.36750000 0.36749600 2371.64768685 0 67.34154738 0 -294.21492231 0 45.03092359 0 144.19488611 0 146892
0.36850000 0.36849900 2320.98072848 0 69.08909240 0 -322.07732049 0 -47.69614290 0 142.76877068 0 148113
0.36950000 0.36949900 2287.95198355 0 52.00604533 0 -287.30246993 0 0.99835720 0 209.85377229 0 147387
0.37050000 0.37049800 2287.27657174 0 24.21218485 0 -347.96773761 0 22.88959565 0 147.50661847 0 149758
0.37150000 0.37150100 2284.36455031 0 12.26747156 0 -324.76014479 0 55.86452909 0 195.33131106 0 150099
0.37250000 0.37250000 2287.88554960 0 43.59318221 0 -312.17644763 0 -14.82883246 0 128.52090310 0 150468
0.37350000 0.37349800 2277.94260191 0 61.81302487 0 -352.67015396 0 -33.48924292 0 89.25832857 0 150709
0.37450000 0.37449700 2233.31006057 0 85.62959556 0 -298.99705940 0 -49.06977552 0 242.31007803 0 153108
0.37550000 0.37550100 2205.15313856 0 49.39319812 0 -337.84763273 0 -26.47038550 0 181.13991234 0 153189
0.37650000 0.37649900 2228.51574392 0 -22.26002326 0 -297.94186685 0 79.57093014 0 238.80679446 0 153547
0.37750000 0.37749900 2251.18079283 0 8.59441603 0 -294.54598483 0 9.50922258 0 114.26971383 0 155424
0.37850000 0.37850200 2233.39863917 0 59.19176269 0 -339.26046137 0 13.66347027 0 180.42906908 0 155313
0.37950000 0.37949900 2201.88680274 0 64.24993284 0 -333.77633889 0 23.16319280 0 166.49676276 0 156100
0.38050000 0.38050000 2188.92111037 0 53.19964195 0 -329.02298985 0 -59.59158434 0 241.39661123 0 157557
0.38150000 0.38149800 2150.66622812 0 37.86425063 0 -305.48765621 0 38.95409956 0 210.12282978 0 157692
0.38250000 0.38250100 2158.79331454 0 40.43181203 0 -290.42043660 0 15.28113693 0 228.64904367 0 159703
0.38350000 0.38350500 2121.64566477 0 26.36220888 0 -327.26802636 0 1.39045148 0 243.86463243 0 160338
0.38450000 0.38450600 2152.21635360 0 37.48291976 0 -324.51101748 0 5.59911965 0 270.12597244 0 160167
0.38550000 0.38550000 2151.68488201 0 14.26325811 0 -332.44212375 0 11.91813971 0 300.44089056 0 160033
0.38650000 0.38649600 2153.21286283 0 26.53715162 0 -342.44264753 0 41.68364908 0 314.74079806 0 162444
0.38750000 0.38750200 2178.85636711 0 -6.66776508 0 -377.65596215 0 8.84903521 0 258.72037064 0 164307
0.38850000 0.38850400 2191.97707202 0 17.75724093 0 -381.26443281 0 -18.91917069 0 251.66619250 0 163882
0.38950000 0.38950500 2176.29866008 0 65.19650589 0 -344.85862880 0 -55.05890673 0 266.05578583 0 164595
0.39050000 0.39050100 2143.55779559 0 88.25307220 0 -346.94133310 0 -59.25553929 0 292.45331543 0 165006
0.39150000 0.39150100 2099.56744909 0 67.37155338 0 -320.29246173 0 8.03768847 0 291.21100059 0 166687
0.39250000 0.39250100 2079.72584301 0 39.45479009 0 -332.94702176 0 46.47209739 0 215.90147610 0 167256
0.39350000 0.39350100 2074.55506732 0 34.66025200 0 -300.25819720 0 -10.15946700 0 168.27608536 0 167937
0.39450000 0.39449600 2051.46927007 0 70.98633526 0 -351.39351491 0 -35.68410987 0 203.16387363 0 167719
0.39550000 0.39549700 2025.46037907 0 45.32821551 0 -297.76028072 0 -64.44989903 0 199.64730327 0 171636
0.39650000 0.39650400 2017.68760705 0 42.62302511 0 -329.22672062 0 -20.57802640 0 256.23906265 0 171093
0.39750000 0.39750000 1999.68400690 0 22.37938292 0 -338.42671531 0 55.49006306 0 169.54386655 0 170464
0.39850000 0.39849800 1979.56559270 0 28.36486027 0 -361.06851234 0 78.77062250 0 182.54499036 0 172113
0.39950000 0.39949500 2001.73238699 0 15.65360994 0 -407.21242602 0 72.61518497 0 155.22845780 0 173232
