### header ###
fiducial parameters:
Omega_m = 0.31
Omega_nu = 0
Omega_de = 0.69
Omega_k = 0
H_0 = 100
w_de = -1
zeff = 0
beta = 0
fgrowth = 0
b_1 = 2
gamma = 0.55
Lx = 3500 Ly = 3500 Lz = 3500
nx = 700 ny = 700 nz = 700
xoffset = -685.467585 yoffset = -31.7331281 zoffset = 572.489161
bins = 400 dk = 0.001
kx_ny = 0.628318531 ky_ny = 0.628318531 kz_ny = 0.628318531
############################
A(data) = 8.0301346 (not used)
A(ran) = 8.0276658 (used)
Ngal = 476881
weighted Ngal = 0
Nran = 23820508
weighted Nran = 0
SN(data) = 3489.51865
SN(ran) = 69.9238805
SN(data+ran) = 3559.44253
############################
13 columns: k_central k_mean P_0(k) sigma^{lin}_{P_0(k)} P^img_1(k) sigma^{lin}_{P_1(k)} P_2(k) sigma^{lin}_{P_2(k)} P^img_3(k) sigma^{lin}_{P_3(k)} P_4(k) sigma^{lin}_{P_4(k)} N_modes
### header ###
0.00050000 0 0 0 0 0 0 0 0 0 0 0 0
0.00150000 0.00179520 6633.76196860 0 -17132.76180813 0 -1424.32172002 0 17579.53011456 0 -14969.45098507 0 3
0.00250000 0.00253879 11498.38787767 0 -18860.48737283 0 -4621.03476306 0 -13112.17921999 0 -9371.59358185 0 6
0.00350000 0.00331552 21770.62650492 0 -18045.67498943 0 -10434.33746260 0 -5640.37513052 0 -24751.29634610 0 7
0.00450000 0.00420575 32078.07512509 0 -21796.64646824 0 -24817.84101826 0 9305.44751339 0 9709.44342904 0 24
0.00550000 0.00557378 55066.10374382 0 -21807.94023956 0 -32461.73118006 0 -20586.77353531 0 -23577.85136182 0 45
0.00650000 0.00659388 72210.60221626 0 -16353.15941765 0 -43165.01541250 0 -33476.06685670 0 1847.51704691 0 40
0.00750000 0.00754703 73183.63812132 0 2650.41560881 0 -27104.16537006 0 -30346.03135371 0 5650.20735496 0 57
0.00850000 0.00846663 73717.76707058 0 13396.40579808 0 -30297.86674075 0 -34035.66215303 0 29969.35086338 0 75
0.00950000 0.00948925 66401.06410717 0 -7224.84695671 0 -42870.15940258 0 6442.35468946 0 15076.18819632 0 112
0.01050000 0.01054430 75960.79863234 0 -10472.47054927 0 -27008.94337662 0 3695.04516615 0 -18763.71525392 0 105
0.01150000 0.01145670 82085.67655227 0 -7652.32727331 0 -1587.83781294 0 -21095.32541423 0 -31558.78309110 0 144
0.01250000 0.01249090 81941.51488313 0 7324.34286753 0 1155.16457600 0 -35119.19985978 0 -16143.56030883 0 169
0.01350000 0.01339930 74762.99453346 0 15995.19115626 0 6992.64923294 0 -36344.02043122 0 8798.36825367 0 180
0.01450000 0.01448870 77397.98639380 0 5282.70582190 0 51187.57908310 0 -31142.35295467 0 -6233.72994522 0 267
0.01550000 0.01550050 76328.28909307 0 2228.18357418 0 73833.91575792 0 -4932.94215320 0 4039.36125104 0 238
0.01650000 0.01653350 82628.44191488 0 1256.50956507 0 70154.13932769 0 18846.31479707 0 -12207.90245205 0 315
0.01750000 0.01747870 76885.00558495 0 643.41279521 0 67070.05397271 0 10546.44475138 0 2454.42438720 0 297
0.01850000 0.01844180 80309.23275836 0 -655.05423753 0 50657.32544753 0 12119.87746974 0 -13190.34983321 0 388
0.01950000 0.01947590 78020.91538809 0 3491.66870388 0 58401.97376518 0 16559.87972202 0 -5193.96113848 0 399
0.02050000 0.02045430 75736.03043852 0 5405.38718089 0 47634.58077204 0 7715.24022293 0 -13739.75859071 0 462
0.02150000 0.02154770 71051.88342399 0 1397.81457441 0 36257.43485114 0 6214.92913768 0 -16214.53391092 0 571
0.02250000 0.02255340 71786.20000596 0 -5230.94270337 0 34560.15817969 0 -478.70532014 0 -4791.92502431 0 510
0.02350000 0.02348930 75740.68081494 0 -3379.52819812 0 36552.18013781 0 9638.27052511 0 -21685.14815732 0 555
0.02450000 0.02439640 76054.91339330 0 1391.33726439 0 32270.84430019 0 6546.85529109 0 -20463.31711358 0 592
0.02550000 0.02547300 72030.89838446 0 7161.81221152 0 30412.02240963 0 -2590.20430645 0 -22446.03831886 0 837
0.02650000 0.02652900 65842.57604331 0 9950.65402522 0 30844.28597055 0 4480.82591388 0 -4398.44781723 0 723
0.02750000 0.02749970 57058.90076468 0 4928.16998121 0 24664.60004277 0 7073.00109415 0 729.81568193 0 826
0.02850000 0.02848090 57474.77728487 0 -1607.84550389 0 17062.00965254 0 16582.68871114 0 105.87423426 0 831
0.02950000 0.02946900 56419.91689940 0 -5551.78545964 0 11108.75276730 0 13313.91697818 0 -9833.35381609 0 996
0.03050000 0.03053250 58196.47141655 0 -146.93196481 0 6368.76801871 0 5697.94014725 0 -10617.00867745 0 1041
0.03150000 0.03150510 57390.73833950 0 1387.99342229 0 56.58921275 0 -1012.49656348 0 -11885.03346033 0 1036
0.03250000 0.03246190 54191.72225289 0 1825.22845705 0 899.35401232 0 -4068.08286162 0 -5423.19147920 0 1059
0.03350000 0.03345080 56012.67679257 0 86.49113315 0 398.56494033 0 -6247.79179774 0 -14772.91721953 0 1302
0.03450000 0.03451200 55880.14106449 0 2281.47467353 0 5627.83018650 0 -7941.58068687 0 -17374.47065892 0 1339
0.03550000 0.03553350 52357.37020019 0 3141.89396286 0 7103.27283021 0 -6233.23169061 0 -15648.95955919 0 1365
0.03650000 0.03647120 50265.36514895 0 1505.60365651 0 6120.88081067 0 -4479.40865631 0 -15506.90163176 0 1308
0.03750000 0.03744890 51304.94572618 0 672.45107428 0 12481.38887507 0 -942.53165019 0 -20126.27554610 0 1579
0.03850000 0.03847530 48630.31494298 0 2777.82485050 0 9046.79800562 0 -766.37871295 0 -22619.87381851 0 1662
0.03950000 0.03950240 48700.73492883 0 1990.70435147 0 10973.31609012 0 -2479.33711804 0 -19944.80014232 0 1683
0.04050000 0.04050350 46290.40053906 0 -270.29759347 0 11522.08265278 0 -1958.40637997 0 -17776.94966608 0 1822
0.04150000 0.04152450 46943.66770336 0 1495.20674351 0 16245.97931341 0 430.25171950 0 -15972.04999739 0 1887
0.04250000 0.04250150 47128.24335809 0 2041.33809286 0 16666.39548677 0 -1000.18192382 0 -16180.09898074 0 1920
0.04350000 0.04349210 42933.93599353 0 2342.84857000 0 15062.34779029 0 1478.63147326 0 -11100.66997018 0 2005
0.04450000 0.04448520 42722.01169651 0 2130.52566928 0 16114.99371080 0 1395.11292715 0 -9499.63394606 0 2151
0.04550000 0.04548030 40789.11595291 0 1157.82193396 0 17769.42048520 0 1846.81949045 0 -10445.44300439 0 2274
0.04650000 0.04648670 39213.96702421 0 1018.81221756 0 14316.84816025 0 2982.37497920 0 -2165.70244523 0 2311
0.04750000 0.04749250 39009.01829182 0 -118.01105238 0 14051.55525760 0 1580.25327044 0 -2593.66994412 0 2568
0.04850000 0.04851840 38844.48354502 0 -120.68834052 0 13259.99475631 0 4083.31838057 0 -1430.36720937 0 2493
0.04950000 0.04949480 39200.90168093 0 1157.67799374 0 15510.22332921 0 1455.60103763 0 -307.28801623 0 2644
0.05050000 0.05050630 38020.92402501 0 1814.15613224 0 12717.45084020 0 -660.42320783 0 1899.82270936 0 2829
0.05150000 0.05149060 38510.76367498 0 144.92123062 0 14910.98911002 0 1020.63361499 0 2211.57508695 0 2784
0.05250000 0.05249300 37110.33603192 0 -347.24803650 0 11738.98949598 0 2167.16399210 0 268.78179221 0 3055
0.05350000 0.05348950 39208.76303155 0 -1456.53111292 0 13627.92811004 0 350.93401343 0 787.33419490 0 3009
0.05450000 0.05448610 37917.72995770 0 -286.01254409 0 10697.05051357 0 1256.04452743 0 -5055.32455942 0 3336
0.05550000 0.05550870 38910.47460094 0 635.06536953 0 10342.76933635 0 -194.28497636 0 -3477.39647719 0 3349
0.05650000 0.05647670 37810.66057670 0 1606.35074004 0 8507.35434046 0 -674.18610758 0 -6021.45133380 0 3324
0.05750000 0.05747970 37219.50915463 0 280.17964337 0 10252.34165955 0 1538.59918447 0 -3289.66520989 0 3639
0.05850000 0.05849280 35717.88046273 0 1398.92180689 0 8392.95508043 0 1625.28441548 0 -1629.21509079 0 3846
0.05950000 0.05951020 34716.94229912 0 1238.10736122 0 10028.75820449 0 3534.11999724 0 -1259.70946694 0 3787
0.06050000 0.06049470 35230.03383122 0 93.61240958 0 10766.76187063 0 252.01275627 0 -1093.97115843 0 3930
0.06150000 0.06148310 33741.13831285 0 960.44556451 0 10605.19450687 0 1063.86550725 0 830.03018663 0 4083
0.06250000 0.06249100 33264.47472941 0 1266.27535556 0 11176.95828818 0 309.10609196 0 4383.83234847 0 4303
0.06350000 0.06350600 32202.52805605 0 -119.04631475 0 9916.09729946 0 1930.14980704 0 6351.12980527 0 4470
0.06450000 0.06451750 32874.95034229 0 -584.29100961 0 8471.71252687 0 3362.33287768 0 5608.15466529 0 4479
0.06550000 0.06550280 32945.92394438 0 701.75619638 0 7861.47241681 0 2414.02147394 0 1746.50422759 0 4636
0.06650000 0.06648880 31038.60527112 0 1786.67462204 0 5696.92149337 0 830.27931394 0 2494.35119050 0 4653
0.06750000 0.06749660 30111.18734431 0 1701.70560138 0 6555.22596866 0 -1784.50444637 0 1016.09285458 0 5220
0.06850000 0.06852730 28789.48393071 0 950.52365424 0 6996.67955918 0 -1959.48039548 0 1198.34664280 0 5029
0.06950000 0.06949320 27882.54980481 0 549.85054326 0 8789.49932149 0 -2377.44958506 0 385.73322310 0 5040
0.07050000 0.07048030 27865.38770134 0 648.45513193 0 8865.99801366 0 -98.60148842 0 109.09805235 0 5475
0.07150000 0.07148790 27179.12500908 0 512.97305822 0 9690.60940453 0 -34.32808225 0 718.74003542 0 5509
0.07250000 0.07249820 27191.85818262 0 353.79178047 0 9346.58120009 0 1043.43485349 0 198.52678400 0 5916
0.07350000 0.07351270 26766.90235608 0 211.28210219 0 10374.51369160 0 105.36081055 0 1516.02271417 0 5721
0.07450000 0.07449140 26725.27041477 0 -91.67132032 0 9710.39564898 0 924.28113719 0 489.42443780 0 6028
0.07550000 0.07549160 26699.80406768 0 128.43343173 0 9343.75775726 0 241.85721994 0 1124.29493441 0 6183
0.07650000 0.07648840 27012.48652056 0 448.24424733 0 9203.22781066 0 662.09402165 0 502.47427983 0 6330
0.07750000 0.07749960 26672.89831837 0 246.13667349 0 8981.50450617 0 -564.07183726 0 -883.98673271 0 6583
0.07850000 0.07848650 25365.36748054 0 1427.11194588 0 8800.61593560 0 -100.23930671 0 -65.63408417 0 6549
0.07950000 0.07947320 25192.63921337 0 1268.11336148 0 8964.19846248 0 -115.88295155 0 -740.45618608 0 6828
0.08050000 0.08048110 23503.33461579 0 567.32710076 0 8790.93872371 0 1503.27846830 0 -981.66235333 0 7147
0.08150000 0.08149960 23028.22115782 0 73.79981300 0 7756.72822403 0 2090.66529993 0 598.97955571 0 7386
0.08250000 0.08250610 23557.25683766 0 -267.45864939 0 7477.05237143 0 2145.55081406 0 -1350.58003673 0 7227
0.08350000 0.08350160 23154.55638400 0 285.08468327 0 6267.75519939 0 879.14148337 0 -709.43706811 0 7798
0.08450000 0.08449610 22758.38860199 0 440.30206874 0 6423.22171217 0 -1772.23631047 0 -1167.54343515 0 7371
0.08550000 0.08548940 22258.80530617 0 799.21147773 0 7121.20999641 0 -1024.29966174 0 1167.56557980 0 8256
0.08650000 0.08650700 22128.15187331 0 502.59828987 0 7508.60849717 0 -1136.39698544 0 -198.56996607 0 8037
0.08750000 0.08749060 21602.10572118 0 323.45582493 0 8479.36350332 0 -1029.49811824 0 541.98697818 0 8155
0.08850000 0.08849210 21801.85046091 0 462.11787033 0 9033.47799887 0 -597.33642271 0 91.64098215 0 8718
0.08950000 0.08949900 21453.18295237 0 511.34321201 0 9339.14059781 0 396.60624607 0 797.25721240 0 8571
0.09050000 0.09049190 21353.53202900 0 -102.57224555 0 9355.12903485 0 841.63509028 0 1401.59023717 0 8932
0.09150000 0.09150830 21150.79776157 0 60.52509205 0 8856.34294642 0 2125.49883381 0 707.71199990 0 9285
0.09250000 0.09250820 21213.46712004 0 17.72690276 0 8557.11336819 0 1470.06149385 0 1093.64341761 0 9204
0.09350000 0.09350330 20950.94229859 0 63.11668040 0 7406.96455533 0 1457.43904355 0 1233.89987779 0 9349
0.09450000 0.09448040 20478.48619858 0 385.24161188 0 7358.81101469 0 250.90109486 0 708.16153629 0 9564
0.09550000 0.09549270 20253.60728152 0 1071.05255329 0 6492.72269506 0 -531.70853905 0 -164.92670710 0 10155
0.09650000 0.09649430 18983.39017832 0 908.86513934 0 7099.57467372 0 -423.73787081 0 -37.79073039 0 9913
0.09750000 0.09749140 18356.03225410 0 593.85085486 0 7229.18730804 0 -493.86333282 0 588.71329614 0 10476
0.09850000 0.09850240 18249.29504284 0 207.48650924 0 6885.32518848 0 640.29482854 0 832.01877617 0 10575
0.09950000 0.09950330 17918.89687026 0 20.93378020 0 7247.46771632 0 1379.13556244 0 92.69429241 0 10882
0.10050000 0.10051200 17906.71731296 0 75.40197840 0 6599.99137790 0 629.76394041 0 165.76377486 0 10875
0.10150000 0.10150300 17715.94115633 0 401.96303682 0 6502.36668997 0 842.25292600 0 335.33310776 0 11118
0.10250000 0.10250800 17505.67770802 0 206.23201484 0 6179.49769826 0 107.18220799 0 898.02311888 0 11575
0.10350000 0.10349800 16971.65948202 0 419.07199313 0 5790.71515690 0 183.97774919 0 945.47578136 0 11364
0.10450000 0.10450100 16780.21898591 0 497.99663167 0 5243.31049019 0 872.76271704 0 224.72722622 0 12093
0.10550000 0.10551000 16164.59772599 0 415.00291376 0 5087.98791764 0 280.29147385 0 -193.36265170 0 12067
0.10650000 0.10649700 15809.72971555 0 344.22418459 0 4200.48572180 0 363.66165081 0 -448.07484076 0 12054
0.10750000 0.10749900 15617.29271020 0 165.51354032 0 4491.83180475 0 281.10196803 0 -387.06854548 0 12807
0.10850000 0.10850100 15163.54883914 0 433.37190063 0 4433.66888248 0 193.33497089 0 -740.41078955 0 12736
0.10950000 0.10950300 15214.14936356 0 118.09741652 0 4996.98447995 0 -124.92129030 0 135.80206390 0 12933
0.11050000 0.11050200 14931.91580393 0 91.19044925 0 4570.78855304 0 -159.24549724 0 761.78701985 0 13428
0.11150000 0.11150900 15205.95584319 0 -77.17200024 0 5399.04273877 0 648.97553120 0 631.87543275 0 13453
0.11250000 0.11250000 15363.40430211 0 -245.63620440 0 4958.56351283 0 70.79943442 0 1504.17532661 0 13668
0.11350000 0.11349100 15381.78436131 0 139.44042984 0 4965.15154610 0 280.76536936 0 480.32520126 0 13791
0.11450000 0.11448600 15140.85057326 0 425.20938278 0 5185.91155833 0 -191.49253604 0 1056.60538386 0 14205
0.11550000 0.11549300 14919.51480013 0 528.94710124 0 5474.82172983 0 -471.81833410 0 1292.98180302 0 14776
0.11650000 0.11649800 14560.99292251 0 284.24650828 0 5592.88592937 0 -3.65840684 0 1081.23355596 0 14553
0.11750000 0.11747300 14390.81129004 0 30.78039866 0 5328.15771528 0 348.42945356 0 950.30885114 0 14568
0.11850000 0.11849100 14327.92048507 0 187.05142656 0 5653.35189520 0 183.51049708 0 694.26023248 0 16015
0.11950000 0.11950300 14120.09294823 0 367.98317919 0 5210.91286778 0 300.82510023 0 727.60564590 0 15270
0.12050000 0.12050700 13775.19003013 0 191.81252623 0 5233.06858974 0 512.86012051 0 1636.00242590 0 15999
0.12150000 0.12150000 13773.52918140 0 -88.28064229 0 4273.61842723 0 526.30745900 0 1043.73823519 0 15670
0.12250000 0.12250700 13812.17159502 0 -53.49870544 0 4806.99445839 0 284.20332621 0 573.16775210 0 16887
0.12350000 0.12352200 13764.67132155 0 203.58683644 0 4193.16691510 0 34.74063707 0 231.82237196 0 16407
0.12450000 0.12449800 13430.84072827 0 407.24010683 0 4431.12224777 0 -1.53196686 0 1246.20123066 0 16306
0.12550000 0.12549900 13256.78378212 0 93.73453732 0 4386.57828503 0 536.49510507 0 1310.06640022 0 17523
0.12650000 0.12650100 13206.40470419 0 95.37025187 0 3669.14699840 0 875.05690274 0 1185.93456668 0 17154
0.12750000 0.12750600 13192.67502142 0 18.48978594 0 3799.08073015 0 770.44114893 0 870.64790300 0 18007
0.12850000 0.12850300 12996.03053264 0 144.56248730 0 3323.69046406 0 224.31644297 0 1423.84561005 0 17496
0.12950000 0.12949900 12764.72966718 0 317.25200133 0 3383.83533248 0 245.93072824 0 1324.80366455 0 18405
0.13050000 0.13049000 12734.17005068 0 4.41648463 0 2699.80924983 0 -369.16127455 0 1398.54534784 0 18100
0.13150000 0.13148800 12730.07329049 0 -5.38612134 0 3372.29797002 0 -351.86076702 0 277.14029021 0 19059
0.13250000 0.13249300 12570.07819686 0 414.86893863 0 3288.77942391 0 -567.90729058 0 -311.85977914 0 18957
0.13350000 0.13349100 12426.24869747 0 373.67767584 0 3521.14323255 0 -707.99545141 0 -6.81112954 0 19468
0.13450000 0.13450700 12066.61958736 0 179.18453977 0 3425.65550332 0 -145.48924088 0 -172.76037691 0 19953
0.13550000 0.13551000 12017.56918841 0 -1.02333858 0 3493.87209652 0 636.75611353 0 -373.53041392 0 19956
0.13650000 0.13649900 12039.04949856 0 -7.68160250 0 3280.46410797 0 612.42467974 0 -1163.49096427 0 19723
0.13750000 0.13749600 11851.59503938 0 363.02609936 0 3314.48936214 0 96.04234199 0 -589.58579534 0 20946
0.13850000 0.13851100 11681.41340692 0 337.13457501 0 3233.14099169 0 -34.29851914 0 -400.15271171 0 20955
0.13950000 0.13949800 11462.07065226 0 152.30757851 0 3377.33587781 0 -346.96458498 0 126.98738611 0 20506
0.14050000 0.14048300 11397.29755207 0 53.32697368 0 3524.50921930 0 194.68247282 0 -32.84693736 0 21447
0.14150000 0.14148400 11349.46510886 0 59.96771122 0 3457.74310064 0 281.84602826 0 -250.68961345 0 21771
0.14250000 0.14249400 11277.60572078 0 123.13975324 0 3175.06664802 0 217.94653450 0 20.61733315 0 22470
0.14350000 0.14350900 11202.97825151 0 112.55793241 0 3131.03201222 0 211.79253636 0 225.28859308 0 22519
0.14450000 0.14449900 11022.48828464 0 190.54142334 0 3077.16515197 0 239.01384693 0 3.95250994 0 22218
0.14550000 0.14550500 10811.04009758 0 256.82921756 0 3149.46743304 0 124.25030742 0 486.94645150 0 23559
0.14650000 0.14650700 10658.91742689 0 394.73059425 0 3122.04128446 0 65.08223950 0 574.49643108 0 23044
0.14750000 0.14750500 10296.78597137 0 154.57629786 0 3037.72553097 0 337.14786180 0 699.79860935 0 23649
0.14850000 0.14849900 10218.30533306 0 29.66198313 0 2977.43672233 0 307.68329822 0 716.30301673 0 23640
0.14950000 0.14949500 10365.86620592 0 -144.93341018 0 2697.98231623 0 519.54780470 0 297.76803135 0 24457
0.15050000 0.15050000 10403.47889333 0 -118.22806995 0 2453.95934956 0 239.51099431 0 81.65474167 0 24591
0.15150000 0.15149900 10236.43072879 0 194.22629304 0 2450.82588163 0 -36.04672851 0 354.98094815 0 25020
0.15250000 0.15250500 10273.06905161 0 324.28957099 0 2263.06139736 0 -51.47357723 0 177.10183547 0 25297
0.15350000 0.15350100 9887.90716047 0 248.05993631 0 2181.63552064 0 -52.68854344 0 618.25315153 0 25452
0.15450000 0.15450400 9780.78241785 0 155.31703639 0 2402.56161775 0 121.14009138 0 480.76366532 0 26061
0.15550000 0.15549900 9549.44833541 0 377.67257063 0 2461.86498948 0 99.55392980 0 628.71649848 0 26128
0.15650000 0.15649500 9306.62117982 0 249.12287949 0 2483.32315498 0 88.06273894 0 428.89978864 0 26331
0.15750000 0.15749700 9142.56254298 0 130.07324304 0 2405.20790338 0 -143.49511518 0 842.14220275 0 27345
0.15850000 0.15849900 8904.75115052 0 196.59577055 0 2657.29152253 0 -132.76492520 0 604.70616211 0 26980
0.15950000 0.15949700 9008.37703850 0 137.40312207 0 2820.84083242 0 -102.92733500 0 221.08000242 0 27777
0.16050000 0.16050000 8814.20167816 0 39.77079424 0 2788.35463140 0 -107.36523352 0 299.56617690 0 28224
0.16150000 0.16150500 8851.70364232 0 0.28138653 0 2646.39635490 0 225.62629899 0 252.04265154 0 28075
0.16250000 0.16249700 8830.07939195 0 -4.54434784 0 2541.45286027 0 286.79646469 0 284.54435382 0 28590
0.16350000 0.16349900 8899.77967668 0 65.29936779 0 2427.77330136 0 407.10502447 0 -71.25760722 0 29163
0.16450000 0.16449100 8713.64282415 0 203.19044721 0 2569.94195203 0 20.77898909 0 347.25357266 0 28996
0.16550000 0.16550500 8519.88821215 0 308.19705409 0 2499.21194109 0 -209.70983207 0 669.66749182 0 30777
0.16650000 0.16650700 8450.91870086 0 90.27288569 0 2601.39842684 0 -14.87843648 0 1055.80706924 0 29211
0.16750000 0.16749900 8372.74808764 0 51.28191529 0 2795.04231559 0 34.22843133 0 1171.55161674 0 30922
0.16850000 0.16850800 8411.32406731 0 -38.03454298 0 2576.55212995 0 416.26183709 0 1110.52096234 0 30867
0.16950000 0.16949900 8522.78916126 0 -44.91654648 0 2511.54651094 0 531.38854886 0 849.72010186 0 30852
0.17050000 0.17049200 8464.60409433 0 -6.32921767 0 2297.93922054 0 244.55333104 0 584.74276046 0 31257
0.17150000 0.17149500 8424.66621871 0 45.55829842 0 2020.26745874 0 239.22532833 0 567.50536518 0 32608
0.17250000 0.17250900 8319.53449456 0 117.05661798 0 1720.46211962 0 66.41014341 0 394.58665403 0 32361
0.17350000 0.17350400 8280.78135769 0 129.06898318 0 1529.17663605 0 123.38998778 0 526.57873096 0 32508
0.17450000 0.17449800 8123.93080431 0 60.81895155 0 1530.17314529 0 212.05052153 0 322.25337045 0 32791
0.17550000 0.17549800 8060.33137055 0 150.57475967 0 1329.05543728 0 108.00144930 0 226.67484815 0 33633
0.17650000 0.17650100 7883.48419855 0 189.98005647 0 1341.81075547 0 -82.11047856 0 131.25355287 0 33984
0.17750000 0.17750300 7909.55952350 0 42.96017740 0 1380.71890489 0 -20.88284750 0 354.25128195 0 34069
0.17850000 0.17849800 7777.90958141 0 18.96545301 0 1519.64336438 0 -64.00678459 0 420.51139536 0 34536
0.17950000 0.17950400 7777.63277329 0 116.45981968 0 1612.13049359 0 -109.69839380 0 456.49423655 0 35343
0.18050000 0.18050100 7748.43505274 0 235.82833908 0 1789.65307741 0 -180.66490960 0 364.58065377 0 34990
0.18150000 0.18150500 7493.83801586 0 211.54673075 0 1885.10758967 0 -126.92981002 0 536.99889584 0 36243
0.18250000 0.18250200 7476.89735889 0 35.84853390 0 1882.06270035 0 14.53807321 0 571.96972655 0 35694
0.18350000 0.18350400 7398.98140914 0 2.69584536 0 1947.24547656 0 29.31353706 0 158.31431472 0 37087
0.18450000 0.18450600 7466.35650566 0 2.75968838 0 1972.12499042 0 -0.63459922 0 249.21367255 0 36651
0.18550000 0.18550700 7559.62976993 0 -55.30980561 0 2002.62924530 0 -210.49375266 0 -34.09644922 0 37818
0.18650000 0.18651000 7493.86016051 0 139.81910334 0 1873.71416744 0 -134.89524050 0 50.52002862 0 37267
0.18750000 0.18750100 7446.49275493 0 148.75557671 0 1941.91968832 0 -203.81160463 0 -368.22455587 0 38334
0.18850000 0.18850000 7322.17269187 0 129.72778651 0 1952.88128989 0 76.13828800 0 -416.55082477 0 38223
0.18950000 0.18949500 7251.24337908 0 109.98162387 0 1828.87125192 0 221.24830176 0 -309.48587270 0 39064
0.19050000 0.19050000 7160.74926834 0 20.43707570 0 1599.85128537 0 458.00893059 0 -446.53800208 0 39609
0.19150000 0.19149800 7113.41507974 0 -3.06570530 0 1342.72975843 0 269.72736874 0 -552.64851974 0 39576
0.19250000 0.19250400 7081.90324331 0 113.37174828 0 1343.50482117 0 156.64792984 0 -720.89360259 0 40909
0.19350000 0.19350500 6930.24561026 0 189.10202111 0 1233.41269550 0 35.37098453 0 -370.95056224 0 40191
0.19450000 0.19450100 6747.35294891 0 210.02871502 0 1190.77317262 0 -54.13182098 0 -330.51221753 0 41232
0.19550000 0.19549800 6684.84967531 0 123.30473088 0 1256.68672227 0 -9.00110252 0 -234.54616387 0 40873
0.19650000 0.19649700 6559.66597091 0 51.78769909 0 1335.66561520 0 -32.10044122 0 -201.06234638 0 42816
0.19750000 0.19750200 6544.14257151 0 192.35728461 0 1436.66736219 0 -28.09790652 0 -76.81569283 0 41727
0.19850000 0.19849000 6396.08344404 0 85.82181112 0 1438.48322346 0 53.20750330 0 107.80856940 0 42610
0.19950000 0.19949900 6333.91234018 0 59.20516021 0 1503.85422919 0 167.35486794 0 160.90966766 0 43863
0.20050000 0.20050100 6355.96841122 0 71.34175689 0 1572.67980027 0 66.77685881 0 242.96998859 0 43302
0.20150000 0.20150100 6302.33406980 0 -51.31280708 0 1380.12099934 0 151.82703961 0 147.28074304 0 44487
0.20250000 0.20249700 6418.41632320 0 12.83514965 0 1455.68961623 0 104.96497494 0 95.42860302 0 43759
0.20350000 0.20349100 6403.73442049 0 -18.69938505 0 1267.08363527 0 13.46472204 0 85.94183512 0 45282
0.20450000 0.20449700 6397.46748464 0 56.05840549 0 1389.59890939 0 -28.25823379 0 -3.74935492 0 45483
0.20550000 0.20549900 6342.06157125 0 142.86509990 0 1347.46871345 0 -175.54728107 0 94.20433607 0 46138
0.20650000 0.20650200 6240.01902572 0 107.59553787 0 1272.22119399 0 93.83274885 0 -32.32199844 0 46227
0.20750000 0.20749300 6226.66580199 0 -14.70504387 0 1265.25670168 0 208.01687360 0 69.55324426 0 46236
0.20850000 0.20850300 6281.87241353 0 -63.95939504 0 1175.58194297 0 151.50151326 0 -77.42500287 0 48361
0.20950000 0.20950400 6320.90235852 0 2.66101182 0 1107.21587338 0 233.57401375 0 115.97485185 0 46812
0.21050000 0.21050300 6355.92412192 0 36.10286520 0 1100.28016911 0 -58.87088672 0 178.70067918 0 48813
0.21150000 0.21149700 6322.57427957 0 46.36026691 0 1040.12422837 0 48.69962770 0 272.11124028 0 47215
0.21250000 0.21249000 6243.60645896 0 141.80658565 0 1163.20308382 0 -6.06291719 0 226.33935671 0 50004
0.21350000 0.21350300 6153.98706188 0 191.55786276 0 1153.02761731 0 -268.46290925 0 147.17223426 0 49509
0.21450000 0.21449800 6032.76724976 0 109.88673405 0 1320.26401138 0 -106.59216380 0 212.23432212 0 49660
0.21550000 0.21550100 5944.76441211 0 106.95954353 0 1394.71432346 0 -173.85210814 0 99.59301511 0 50841
0.21650000 0.21649800 5837.32964439 0 209.21711361 0 1415.03203950 0 -3.84534090 0 124.47175391 0 50424
0.21750000 0.21750300 5773.69699366 0 101.67151192 0 1459.56492992 0 43.61167300 0 186.37712197 0 52231
0.21850000 0.21850300 5650.83847747 0 -18.55389470 0 1246.88771480 0 284.84773552 0 21.55183737 0 51078
0.21950000 0.21950100 5756.94456621 0 -24.16955640 0 1274.31386338 0 134.45234751 0 115.99699650 0 52791
0.22050000 0.22050700 5701.80438861 0 4.06211488 0 1182.98932827 0 244.06614874 0 193.27185864 0 52969
0.22150000 0.22150000 5783.23026533 0 31.73726897 0 1114.66201182 0 187.51757143 0 373.26467812 0 52704
0.22250000 0.22250100 5730.07203387 0 17.26407958 0 919.78023715 0 176.21494226 0 440.27106623 0 54051
0.22350000 0.22349900 5695.71460996 0 55.63743570 0 972.92518181 0 24.49774011 0 389.61628742 0 53938
0.22450000 0.22449800 5631.77193413 0 195.44092707 0 986.89734850 0 -51.42065152 0 409.84985379 0 54735
0.22550000 0.22549100 5525.16759078 0 125.89233319 0 908.92935883 0 -21.20981325 0 579.86318691 0 54774
0.22650000 0.22649900 5447.15199011 0 87.61896016 0 941.80862738 0 -1.29292644 0 493.46583636 0 56911
0.22750000 0.22749800 5329.27602009 0 59.52692197 0 856.77095830 0 44.69831095 0 444.18181135 0 54879
0.22850000 0.22849100 5381.27165744 0 33.94099378 0 880.04498507 0 154.51982901 0 368.20241122 0 57210
0.22950000 0.22949800 5268.69933100 0 2.85296165 0 771.95362850 0 58.77256448 0 306.80858456 0 57375
0.23050000 0.23049600 5217.78878149 0 126.29315135 0 712.12542857 0 26.26200434 0 240.84631669 0 57604
0.23150000 0.23150100 5222.04055422 0 58.56938732 0 817.80191111 0 -112.49260569 0 191.31427161 0 58629
0.23250000 0.23250200 5173.90915823 0 35.19792409 0 849.05908407 0 18.79084245 0 317.51995159 0 58560
0.23350000 0.23350400 5155.97199203 0 59.38276030 0 835.55195502 0 32.12114647 0 355.85123288 0 59305
0.23450000 0.23449700 5133.65018519 0 60.46773741 0 794.45812869 0 149.01356187 0 418.78632715 0 59196
0.23550000 0.23549300 5088.23150878 0 31.08865218 0 789.59294916 0 159.71274935 0 474.04497862 0 60063
0.23650000 0.23649900 5105.34932295 0 43.49984252 0 741.42833620 0 95.70751488 0 451.17619894 0 61537
0.23750000 0.23750400 5018.77481520 0 133.89651680 0 715.97859761 0 2.09347767 0 378.79530437 0 61224
0.23850000 0.23850100 4966.62416530 0 137.70096761 0 693.89152406 0 -69.67670068 0 391.28599400 0 61221
0.23950000 0.23949400 4843.33382845 0 48.72476187 0 663.83569834 0 -118.67871357 0 412.62014946 0 62332
0.24050000 0.24050100 4876.53973058 0 19.26794893 0 716.25872743 0 -19.90637918 0 364.56625975 0 63447
0.24150000 0.24150500 4872.68656154 0 17.48940139 0 650.45700826 0 -58.47593689 0 98.08009265 0 63342
0.24250000 0.24250300 4858.37004555 0 85.22866668 0 664.85656669 0 -15.35642874 0 -32.78238571 0 63379
0.24350000 0.24349600 4809.07605546 0 41.36886288 0 622.76401666 0 2.48960116 0 59.53910152 0 64266
0.24450000 0.24449500 4806.56263772 0 100.69648300 0 595.85605288 0 -69.13360315 0 -99.42704096 0 64695
0.24550000 0.24549600 4765.61718054 0 41.78186060 0 642.79053056 0 -57.90637651 0 -116.23726595 0 65947
0.24650000 0.24650000 4686.12896067 0 41.98847018 0 644.45802267 0 63.77149769 0 -79.87497618 0 66018
0.24750000 0.24750000 4720.13207019 0 46.68512892 0 609.65216961 0 -35.89481621 0 -98.52752529 0 66303
0.24850000 0.24849600 4712.70254024 0 18.43387070 0 640.70450456 0 135.79099158 0 -182.14970836 0 66958
0.24950000 0.24949200 4679.30840858 0 29.84567300 0 620.62816520 0 -7.66548120 0 12.40930804 0 66975
0.25050000 0.25048900 4706.02592837 0 37.24065730 0 571.13265880 0 55.93605630 0 -173.18998312 0 68676
0.25150000 0.25150000 4638.48474698 0 90.00825713 0 745.81519130 0 -18.55168023 0 -26.23388064 0 69349
0.25250000 0.25249900 4515.27191639 0 170.00890420 0 703.46133440 0 0.01516709 0 77.05673734 0 68592
0.25350000 0.25349900 4438.49641610 0 185.77035857 0 719.28147210 0 11.43771154 0 199.61297906 0 70437
0.25450000 0.25450100 4351.46794303 0 55.84991362 0 680.31463937 0 124.79395857 0 387.01982725 0 70099
0.25550000 0.25550100 4329.06862992 0 -24.78628489 0 643.87672562 0 110.14095462 0 401.90213903 0 71064
0.25650000 0.25650300 4399.74327924 0 -25.26117690 0 665.10237230 0 120.21112332 0 326.74098370 0 71409
0.25750000 0.25750600 4389.45708948 0 11.49185521 0 561.08563125 0 81.12969203 0 217.64868896 0 72612
0.25850000 0.25850600 4420.17171853 0 83.57180399 0 466.58112446 0 -43.94052104 0 337.00835051 0 71845
0.25950000 0.25949600 4326.23411477 0 99.11070464 0 585.59865117 0 -20.47029268 0 186.69932663 0 72816
0.26050000 0.26049800 4303.80158468 0 89.90805259 0 563.69316375 0 -149.82737775 0 280.61035681 0 73743
0.26150000 0.26149900 4223.20613233 0 104.65705359 0 653.86839154 0 -25.57397008 0 146.63633374 0 74662
0.26250000 0.26250300 4166.32759973 0 55.60654392 0 655.06309539 0 59.23893080 0 299.22736376 0 74931
0.26350000 0.26350100 4160.96859452 0 8.93986149 0 664.10254137 0 167.59181569 0 153.26976353 0 75087
0.26450000 0.26450200 4165.91792372 0 -39.97186766 0 509.27933066 0 127.87981549 0 162.04790265 0 76678
0.26550000 0.26550600 4209.65360675 0 -8.30743244 0 431.29141080 0 106.36230233 0 152.82465608 0 76035
0.26650000 0.26650100 4192.89010697 0 51.94381887 0 366.45519836 0 7.90300471 0 118.79386575 0 77094
0.26750000 0.26750600 4190.34347227 0 80.59080198 0 368.06511439 0 -34.52018709 0 -29.08456139 0 78463
0.26850000 0.26850100 4110.55629962 0 94.33620745 0 356.75252012 0 -113.11597758 0 184.35310100 0 77076
0.26950000 0.26949700 4077.42790377 0 124.19494579 0 379.83721014 0 -78.87470235 0 63.29317325 0 79149
0.27050000 0.27049900 3988.00780853 0 74.72855960 0 410.21524051 0 -32.36208026 0 118.08412973 0 79648
0.27150000 0.27150200 3957.82465107 0 40.09931012 0 430.26500629 0 2.96199083 0 -76.99750041 0 80241
0.27250000 0.27250500 3953.91612041 0 12.07270937 0 450.08336048 0 -7.43786741 0 -5.16961310 0 80835
0.27350000 0.27350000 3913.11460346 0 32.23995251 0 389.46127487 0 23.77914623 0 17.90882105 0 80680
0.27450000 0.27450400 3975.35214126 0 -47.09070818 0 386.76405654 0 115.27397369 0 22.26589159 0 82617
0.27550000 0.27550800 4020.16183980 0 -17.57366178 0 327.37099898 0 66.86942345 0 -21.62225735 0 82548
0.27650000 0.27649900 3992.92392075 0 118.44287305 0 333.11864280 0 19.95177571 0 -19.19221422 0 81181
0.27750000 0.27748900 3925.98064490 0 165.11272216 0 428.29081078 0 -151.42068529 0 16.12783761 0 84096
0.27850000 0.27849800 3802.45778922 0 119.16700309 0 453.27108280 0 -66.54633301 0 25.69809084 0 85215
0.27950000 0.27950200 3764.50185974 0 32.86731044 0 532.42048953 0 38.63134129 0 176.92467828 0 84514
0.28050000 0.28050300 3797.63025560 0 -46.68025710 0 437.20846118 0 103.33357860 0 80.60685685 0 85815
0.28150000 0.28150100 3824.90139163 0 -8.10485319 0 456.88730408 0 -17.62747328 0 -96.61710637 0 85485
0.28250000 0.28250000 3822.01151485 0 86.98905560 0 444.82622066 0 25.93880318 0 -108.89664676 0 87220
0.28350000 0.28350400 3765.69767082 0 103.69077180 0 410.96815860 0 -90.95051197 0 -34.56503000 0 87147
0.28450000 0.28449700 3639.97142251 0 116.36791938 0 375.67401600 0 -29.10582025 0 -107.49012934 0 87102
0.28550000 0.28549800 3615.03654701 0 69.37974093 0 310.17014238 0 45.40627540 0 -104.65417478 0 88971
0.28650000 0.28649900 3614.18397800 0 9.19253194 0 303.73379996 0 147.91075832 0 -40.80428504 0 89434
0.28750000 0.28750100 3584.05618217 0 -29.65578262 0 286.85182631 0 91.73664703 0 57.36416476 0 89619
0.28850000 0.28849900 3617.63854335 0 26.29488915 0 311.81659708 0 166.03061789 0 19.54276403 0 90240
0.28950000 0.28950100 3626.56283715 0 46.66276282 0 221.84842176 0 53.45873435 0 28.61000155 0 91333
0.29050000 0.29050500 3584.41049657 0 56.01389475 0 234.46644313 0 2.28356734 0 21.30038487 0 92139
0.29150000 0.29150600 3578.04390980 0 67.36513143 0 336.25653965 0 -94.14166671 0 179.31297874 0 92370
0.29250000 0.29250200 3526.31400824 0 74.91689985 0 238.50784169 0 -34.10829660 0 175.26272232 0 91819
0.29350000 0.29349600 3516.18283103 0 38.54774524 0 242.84154962 0 25.68192525 0 122.90169825 0 93552
0.29450000 0.29450000 3507.66821325 0 -5.91865587 0 205.40380494 0 15.11793086 0 82.63386735 0 94701
0.29550000 0.29550200 3501.12446928 0 37.44638109 0 174.74343029 0 31.32770367 0 -17.16110696 0 95020
0.29650000 0.29650300 3487.60516068 0 74.68515609 0 113.77588814 0 -27.46766979 0 -93.19199341 0 95151
0.29750000 0.29749800 3414.68282942 0 75.64955558 0 144.54920051 0 47.72935987 0 72.68737652 0 95802
0.29850000 0.29850000 3391.41987498 0 78.66997507 0 140.07819575 0 14.40885918 0 19.32607863 0 97399
0.29950000 0.29950700 3352.40100232 0 24.10777283 0 51.75326416 0 75.97142806 0 131.44842578 0 97881
0.30050000 0.30050300 3357.60499498 0 16.71323142 0 38.61705799 0 119.51024516 0 90.08498834 0 97188
0.30150000 0.30149700 3380.51363503 0 9.11258976 0 46.19794663 0 41.06791709 0 128.10347645 0 98263
0.30250000 0.30249700 3362.31073303 0 48.06651216 0 100.49574175 0 -13.67077801 0 96.90542971 0 100050
0.30350000 0.30350600 3323.36936664 0 83.18659781 0 88.34541539 0 -41.47858962 0 108.14262144 0 100779
0.30450000 0.30450500 3298.55628672 0 82.38739740 0 91.47445438 0 -125.40404366 0 123.81073612 0 99982
0.30550000 0.30550300 3254.94239926 0 34.76477474 0 147.24420437 0 -37.75341666 0 203.38642736 0 101559
0.30650000 0.30649700 3252.57292175 0 23.73828935 0 137.73639905 0 -14.22804812 0 253.91941060 0 100935
0.30750000 0.30749800 3276.01303339 0 6.14259364 0 137.10527653 0 82.27025221 0 174.98148527 0 103762
0.30850000 0.30850200 3268.49492484 0 51.78194148 0 163.79068658 0 49.61951644 0 128.55744177 0 102951
0.30950000 0.30950100 3265.95936246 0 49.22069130 0 82.82154326 0 -18.86391979 0 175.12874719 0 104394
0.31050000 0.31050000 3218.69160781 0 31.06318583 0 93.33881244 0 28.76634277 0 175.28265251 0 103963
0.31150000 0.31149700 3219.92063586 0 48.70759977 0 136.66681247 0 1.00539810 0 212.83997829 0 105936
0.31250000 0.31250000 3190.74505996 0 60.18948988 0 91.26075851 0 85.10399230 0 163.18503041 0 105717
0.31350000 0.31349800 3111.11289987 0 57.45661867 0 -17.30360778 0 17.32398086 0 133.47023229 0 106776
0.31450000 0.31450400 3133.88867202 0 62.86744236 0 -32.57688336 0 49.89123129 0 56.69860732 0 108733
0.31550000 0.31549900 3094.89194401 0 11.02566604 0 -96.11962681 0 8.79522371 0 5.45297603 0 105891
0.31650000 0.31650000 3090.80625615 0 41.59551337 0 -99.68402962 0 26.34427172 0 25.94267850 0 111072
0.31750000 0.31750600 3045.58688159 0 37.76803213 0 -160.04049016 0 -6.81995418 0 92.81287701 0 108121
0.31850000 0.31849900 3068.82769139 0 22.68409330 0 -183.74855206 0 82.73329683 0 30.17075645 0 110484
0.31950000 0.31950100 3083.63138967 0 5.60064763 0 -133.36615244 0 59.47034239 0 67.78134012 0 110817
0.32050000 0.32049800 3058.91796067 0 70.15103908 0 -149.82184159 0 79.57037652 0 161.32487984 0 111088
0.32150000 0.32149900 3034.18238703 0 26.86024205 0 -183.32448202 0 32.31812313 0 265.98381572 0 112635
0.32250000 0.32250100 3047.55775541 0 15.99076223 0 -203.04982869 0 64.57911306 0 384.47983593 0 113202
0.32350000 0.32350400 3070.87607148 0 5.81826310 0 -158.02421981 0 13.10088545 0 292.77994902 0 113863
0.32450000 0.32450300 3073.77702058 0 62.13390085 0 -142.46206728 0 -51.84760037 0 302.76386431 0 114045
0.32550000 0.32549900 3012.07095437 0 113.14587286 0 -130.70215109 0 -115.34483657 0 214.64476724 0 114828
0.32650000 0.32650300 2945.32698036 0 106.97460190 0 -96.85460773 0 -168.09892816 0 282.26013321 0 116431
0.32750000 0.32750400 2867.56604316 0 105.71246759 0 -17.83961902 0 -64.13810236 0 130.17178673 0 116442
0.32850000 0.32850400 2845.27745330 0 59.31411188 0 -14.90013823 0 -24.36730812 0 196.94676325 0 116955
0.32950000 0.32949800 2792.99393550 0 49.02770068 0 -34.19122832 0 77.28969906 0 103.11124632 0 117028
0.33050000 0.33049700 2750.00009823 0 50.90733854 0 -108.55163312 0 95.34722143 0 117.22602455 0 119061
0.33150000 0.33150100 2740.87650258 0 32.91226408 0 -150.64008639 0 145.73393926 0 163.15402790 0 120060
0.33250000 0.33250400 2734.57634976 0 -11.83764391 0 -211.58216219 0 90.40265334 0 127.39263320 0 119737
0.33350000 0.33350100 2753.94184587 0 -8.84852589 0 -279.39793724 0 66.84107830 0 143.94243711 0 120531
0.33450000 0.33450000 2771.79043348 0 10.92489681 0 -358.11884500 0 12.62610416 0 85.86156076 0 121704
0.33550000 0.33550300 2781.82195976 0 24.80444351 0 -302.18256725 0 -99.26516357 0 47.34913624 0 122761
0.33650000 0.33650300 2778.19023722 0 77.76769132 0 -272.42458707 0 -105.78310902 0 68.35566161 0 122472
0.33750000 0.33749900 2736.73545310 0 93.08193450 0 -215.81621920 0 -121.33717876 0 55.70708063 0 122985
0.33850000 0.33849800 2696.90830073 0 58.69472603 0 -171.83140886 0 -67.44784170 0 84.56831322 0 125380
0.33950000 0.33950300 2718.66541900 0 28.07376885 0 -118.41962117 0 27.41961590 0 88.89548849 0 125223
0.34050000 0.34050000 2695.16994573 0 22.27618886 0 -121.65495448 0 44.20714262 0 68.82601397 0 125178
0.34150000 0.34149900 2713.14032891 0 34.32132813 0 -121.12791182 0 6.86168577 0 57.43934585 0 127059
0.34250000 0.34250300 2685.82490358 0 54.99756605 0 -139.30091854 0 31.13925270 0 133.70164388 0 127957
0.34350000 0.34349800 2643.15216373 0 42.98387218 0 -141.31054550 0 53.63710950 0 161.99032656 0 126732
0.34450000 0.34449700 2677.66460019 0 14.11278521 0 -218.18791118 0 40.62469193 0 157.63890291 0 129639
0.34550000 0.34550000 2630.96153411 0 47.17618652 0 -199.84439065 0 37.48679508 0 165.25776962 0 129826
0.34650000 0.34650400 2631.38228245 0 59.63332701 0 -227.64478381 0 35.17013255 0 213.57296619 0 130875
0.34750000 0.34750200 2587.19263410 0 56.30808642 0 -253.30821827 0 12.82883843 0 276.30986585 0 130686
0.34850000 0.34850200 2590.62505479 0 44.60176028 0 -236.61447414 0 -2.97257597 0 227.90830514 0 132211
0.34950000 0.34950400 2567.02993060 0 27.16152001 0 -239.57078487 0 -26.71098712 0 205.39051815 0 132768
0.35050000 0.35050300 2562.36848186 0 59.08402897 0 -225.15018902 0 -29.31508719 0 163.10198797 0 132957
0.35150000 0.35150100 2514.73534049 0 48.83105619 0 -203.75513578 0 -59.73685325 0 202.89592337 0 133987
0.35250000 0.35249800 2505.24635812 0 26.22402627 0 -227.70678883 0 -22.26478436 0 84.75045297 0 134778
0.35350000 0.35349800 2495.76844807 0 34.53524545 0 -221.08664582 0 -49.84428464 0 84.48969972 0 135699
0.35450000 0.35450100 2485.95836828 0 75.10357924 0 -212.23653659 0 -25.52259449 0 17.85655968 0 137380
0.35550000 0.35550100 2441.29260996 0 70.63888571 0 -232.41363411 0 -6.29034274 0 41.58222658 0 136161
0.35650000 0.35649900 2416.21379425 0 24.60613817 0 -235.68550609 0 0.68415120 0 69.23668649 0 138792
0.35750000 0.35750000 2420.97489392 0 16.77213619 0 -225.18562046 0 35.72507747 0 9.81688927 0 138097
0.35850000 0.35849800 2435.55714571 0 34.95090052 0 -261.07323967 0 41.33365289 0 49.39253378 0 140028
0.35950000 0.35950300 2387.35931577 0 54.79870710 0 -241.86497057 0 53.01849872 0 121.02383197 0 141099
0.36050000 0.36050500 2404.42176832 0 40.67783909 0 -305.11230440 0 33.83015980 0 165.06843286 0 140821
0.36150000 0.36150200 2410.93229531 0 -30.19677642 0 -347.58242071 0 108.09013862 0 178.66081881 0 141756
0.36250000 0.36250400 2438.38058854 0 17.70641896 0 -339.14641643 0 24.08496384 0 129.43436990 0 142971
0.36350000 0.36349900 2425.99065706 0 67.53365221 0 -320.65895568 0 -31.36213860 0 119.50138730 0 142270
0.36450000 0.36450000 2379.33188028 0 78.99860167 0 -343.36607942 0 -61.74404429 0 156.70661316 0 145311
0.36550000 0.36550300 2343.60148809 0 52.49876379 0 -368.28656089 0 -6.51350545 0 208.95248505 0 145434
0.36650000 0.36650100 2355.73675609 0 0.70684504 0 -322.00424314 0 -7.02820247 0 121.59959286 0 144547
0.36750000 0.36749600 2346.80138996 0 47.86665670 0 -334.43292775 0 40.06509663 0 124.81721045 0 146892
0.36850000 0.36849900 2320.44925689 0 81.21760629 0 -344.69808009 0 -5.34426795 0 122.78543884 0 148113
0.36950000 0.36949900 2301.29413496 0 42.59899817 0 -366.16288899 0 -26.56870774 0 202.77855673 0 147387
0.37050000 0.37049800 2281.00963589 0 55.97768825 0 -306.71336257 0 -25.45682488 0 105.74136636 0 149758
0.37150000 0.37150100 2239.14517575 0 50.37332032 0 -293.21066245 0 -13.53624926 0 157.53925198 0 150099
0.37250000 0.37250000 2240.66208425 0 35.97276538 0 -270.93757385 0 -4.00531385 0 196.25585018 0 150468
0.37350000 0.37349800 2248.23555443 0 11.00550334 0 -315.13275836 0 50.54837377 0 227.41558668 0 150709
0.37450000 0.37449700 2234.71624582 0 7.72185040 0 -316.01079372 0 56.12782897 0 228.97789171 0 153108
0.37550000 0.37550100 2292.21482861 0 20.31838038 0 -368.83685543 0 45.77609105 0 260.87615228 0 153189
0.37650000 0.37649900 2251.13650353 0 44.77913892 0 -379.64455168 0 21.07882765 0 271.45686588 0 153547
0.37750000 0.37749900 2238.94587390 0 62.97949429 0 -375.88992634 0 -1.72169115 0 240.44882023 0 155424
0.37850000 0.37850200 2231.62706720 0 41.92358635 0 -371.73005390 0 -52.51592589 0 314.17721673 0 155313
0.37950000 0.37949900 2203.81338725 0 43.40893873 0 -315.91225003 0 -19.88124500 0 286.49861915 0 156100
0.38050000 0.38050000 2214.94107370 0 36.55206941 0 -281.75744966 0 -63.97910378 0 249.46944326 0 157557
0.38150000 0.38149800 2190.95841814 0 66.86444090 0 -255.78066840 0 -27.57761798 0 304.36935140 0 157692
0.38250000 0.38250100 2174.41636486 0 46.63674286 0 -232.13571875 0 3.39223923 0 330.36495561 0 159703
0.38350000 0.38350500 2146.92378234 0 33.47529179 0 -244.13368993 0 12.02055872 0 359.94134967 0 160338
0.38450000 0.38450600 2143.32527677 0 22.02628648 0 -284.79237389 0 99.18189969 0 274.33899203 0 160167
0.38550000 0.38550000 2160.26593374 0 18.27664369 0 -315.48485829 0 43.84806713 0 302.08955972 0 160033
0.38650000 0.38649600 2122.56466773 0 29.14900232 0 -406.48165258 0 8.91552452 0 246.40351651 0 162444
0.38750000 0.38750200 2133.32696746 0 47.29410678 0 -389.99717539 0 13.04973131 0 260.43325929 0 164307
0.38850000 0.38850400 2111.07159457 0 31.51870128 0 -440.57444793 0 -34.95920477 0 229.07532817 0 163882
0.38950000 0.38950500 2119.60835701 0 34.14317443 0 -447.37174813 0 -22.45522835 0 185.16138071 0 164595
0.39050000 0.39050100 2115.04655918 0 62.67910212 0 -403.16216960 0 -84.69498062 0 205.54663793 0 165006
0.39150000 0.39150100 2103.39847347 0 54.24132627 0 -352.13757514 0 -54.85174354 0 181.09119411 0 166687
0.39250000 0.39250100 2063.99206944 0 40.02080733 0 -368.31756339 0 -22.91539417 0 289.45050094 0 167256
0.39350000 0.39350100 2100.95148969 0 3.43730359 0 -324.27074803 0 63.63254001 0 245.13573532 0 167937
0.39450000 0.39449600 2087.64255526 0 19.17505212 0 -339.27928433 0 46.79939531 0 223.32214820 0 167719
0.39550000 0.39549700 2083.44614415 0 57.31212483 0 -340.30679607 0 30.01740475 0 158.51804550 0 171636
0.39650000 0.39650400 2048.94478002 0 79.84773826 0 -400.68307607 0 -79.11862567 0 211.44043643 0 171093
0.39750000 0.39750000 1993.23991385 0 84.75244598 0 -390.83977931 0 -36.23097199 0 195.59593962 0 170464
0.39850000 0.39849800 1973.96299634 0 26.49906282 0 -376.57087431 0 -43.67201717 0 190.29893943 0 172113
0.39950000 0.39949500 1976.55392035 0 23.76309136 0 -407.84797746 0 17.73941448 0 77.89380510 0 173232
