### header ###
fiducial parameters:
Omega_m = 0.31
Omega_nu = 0
Omega_de = 0.69
Omega_k = 0
H_0 = 100
w_de = -1
zeff = 0
beta = 0
fgrowth = 0
b_1 = 2
gamma = 0.55
Lx = 3500 Ly = 3500 Lz = 3500
nx = 700 ny = 700 nz = 700
xoffset = -685.467585 yoffset = -31.7331281 zoffset = 572.489161
bins = 400 dk = 0.001
kx_ny = 0.628318531 ky_ny = 0.628318531 kz_ny = 0.628318531
############################
A(data) = 8.05346348 (not used)
A(ran) = 8.05086891 (used)
Ngal = 478210
weighted Ngal = 0
Nran = 23820508
weighted Nran = 0
SN(data) = 3488.32554
SN(ran) = 70.125988
SN(data+ran) = 3558.45152
############################
13 columns: k_central k_mean P_0(k) sigma^{lin}_{P_0(k)} P^img_1(k) sigma^{lin}_{P_1(k)} P_2(k) sigma^{lin}_{P_2(k)} P^img_3(k) sigma^{lin}_{P_3(k)} P_4(k) sigma^{lin}_{P_4(k)} N_modes
### header ###
0.00050000 0 0 0 0 0 0 0 0 0 0 0 0
0.00150000 0.00179520 24831.01708479 0 -25563.67281804 0 8152.85171674 0 -2896.01084562 0 22115.75086952 0 3
0.00250000 0.00253879 42857.97984528 0 -19269.16688189 0 -14596.09219218 0 14555.23531360 0 20975.19068995 0 6
0.00350000 0.00331552 50624.10847308 0 -17163.87504087 0 -1083.92302366 0 -70528.05173682 0 -82949.42861137 0 7
0.00450000 0.00420575 58704.58040248 0 -18390.68863078 0 -45081.30266886 0 7347.97120870 0 3610.03185620 0 24
0.00550000 0.00557378 71472.41032060 0 -11414.23820905 0 -34475.23344833 0 -44844.02274800 0 -36804.07552744 0 45
0.00650000 0.00659388 65109.25597058 0 5606.58239517 0 -63861.18351702 0 -13291.66160530 0 -8984.58261247 0 40
0.00750000 0.00754703 67131.06248246 0 8919.47734253 0 -12739.70621309 0 -71585.34803375 0 -16710.79550929 0 57
0.00850000 0.00846663 56063.72020998 0 5884.16557837 0 -32592.60605942 0 -35925.48655308 0 -8858.34703721 0 75
0.00950000 0.00948925 59091.55815489 0 -3858.74948860 0 -9173.53183550 0 -26434.84333477 0 -31842.12388321 0 112
0.01050000 0.01054430 62842.52963370 0 -805.86815942 0 -15534.91461355 0 -14051.22308785 0 -1703.79827077 0 105
0.01150000 0.01145670 63881.77804118 0 -2777.84699515 0 6389.67256797 0 5835.11517943 0 -16738.14415160 0 144
0.01250000 0.01249090 66097.46096064 0 -5812.46120285 0 633.73669055 0 7792.84614759 0 -10965.11149743 0 169
0.01350000 0.01339930 70165.21165251 0 -6125.85228451 0 521.60393542 0 20021.30990682 0 1338.10152666 0 180
0.01450000 0.01448870 68753.93313113 0 7774.58788396 0 5070.80366952 0 16164.15483300 0 11214.60419257 0 267
0.01550000 0.01550050 68377.91698029 0 3169.23153284 0 -6709.51881500 0 7194.19876162 0 39003.14995967 0 238
0.01650000 0.01653350 63325.28299579 0 -1507.24236059 0 -773.86914069 0 -1753.88946825 0 25874.03008271 0 315
0.01750000 0.01747870 64814.06779091 0 2824.55006124 0 4324.37396420 0 -514.11793661 0 31215.87319147 0 297
0.01850000 0.01844180 68172.63607815 0 1805.91832257 0 12233.03662939 0 -4624.67755793 0 16208.88702526 0 388
0.01950000 0.01947590 60963.00249574 0 -1018.52765881 0 5864.03609185 0 1291.57561777 0 23860.30636794 0 399
0.02050000 0.02045430 68527.50408859 0 -2901.92346707 0 11663.47624071 0 -672.35695952 0 7696.89338071 0 462
0.02150000 0.02154770 65235.36975026 0 802.75572891 0 12889.84693763 0 -3622.45500464 0 2601.48700544 0 571
0.02250000 0.02255340 63751.34605482 0 6191.86548508 0 7875.85536675 0 -4811.06907392 0 -6717.65697375 0 510
0.02350000 0.02348930 59404.46205426 0 4218.63326218 0 14517.36796272 0 -9994.47828685 0 -5401.53401185 0 555
0.02450000 0.02439640 58233.67442794 0 3321.27669725 0 16487.46671770 0 -6074.98602430 0 -9363.77652053 0 592
0.02550000 0.02547300 57643.63023835 0 5.63444036 0 18019.76574935 0 -5146.13976759 0 -11518.53950884 0 837
0.02650000 0.02652900 57174.60655904 0 -219.07148270 0 18119.30594947 0 7579.72603948 0 -5252.45623049 0 723
0.02750000 0.02749970 54428.89145051 0 3272.38131085 0 15883.02850585 0 8526.48731774 0 -12733.72715768 0 826
0.02850000 0.02848090 55344.90488276 0 983.96761136 0 19167.63366330 0 11579.21584884 0 1480.49162383 0 831
0.02950000 0.02946900 54232.24696173 0 -608.36224377 0 12383.95241666 0 4798.10338156 0 -4868.94411575 0 996
0.03050000 0.03053250 55983.77802479 0 56.61844368 0 19293.96888948 0 2381.81208104 0 6023.59936481 0 1041
0.03150000 0.03150510 55478.10495032 0 368.86785794 0 25116.35089537 0 -6042.86521000 0 6582.90678070 0 1036
0.03250000 0.03246190 56797.26172922 0 2629.77679535 0 22893.91385777 0 -6341.02077272 0 12610.27073596 0 1059
0.03350000 0.03345080 55915.57250391 0 604.05732388 0 27480.51369065 0 -93.79643162 0 18609.47776920 0 1302
0.03450000 0.03451200 55240.71430621 0 -853.11487665 0 25991.95034203 0 6293.60907784 0 9058.15821089 0 1339
0.03550000 0.03553350 57374.68346851 0 -872.21352973 0 29020.67407292 0 7270.76388774 0 4262.44645149 0 1365
0.03650000 0.03647120 54325.03304371 0 3708.54233011 0 27389.05628764 0 6688.09386648 0 954.17419973 0 1308
0.03750000 0.03744890 54058.07929233 0 3159.39930840 0 20657.30424440 0 938.94975311 0 2971.11442486 0 1579
0.03850000 0.03847530 49848.93501252 0 3190.65648137 0 21965.72086822 0 -866.57328747 0 4222.69680539 0 1662
0.03950000 0.03950240 49096.45981785 0 2658.13301921 0 24094.59676110 0 758.18851428 0 5934.65537955 0 1683
0.04050000 0.04050350 47752.39030811 0 -406.87804181 0 21592.80496833 0 4167.32410897 0 3964.06944227 0 1822
0.04150000 0.04152450 47154.37404466 0 1003.68188570 0 22534.94908715 0 1841.37190664 0 -150.61683451 0 1887
0.04250000 0.04250150 44913.99984085 0 1223.20401202 0 18549.46576868 0 6048.05813034 0 -365.55169666 0 1920
0.04350000 0.04349210 43380.48285347 0 3584.83124491 0 18232.02221613 0 3300.50501589 0 1024.94628551 0 2005
0.04450000 0.04448520 40898.95341512 0 1726.86192337 0 12634.40840406 0 2539.86951782 0 1579.11282099 0 2151
0.04550000 0.04548030 38319.43390212 0 529.05228832 0 14673.59846591 0 1934.66731556 0 326.61586643 0 2274
0.04650000 0.04648670 39056.96145829 0 -657.70052316 0 14187.52340637 0 -387.06411655 0 679.00035441 0 2311
0.04750000 0.04749250 39327.56907685 0 -463.48308798 0 14911.65344951 0 1536.06362209 0 -947.81093466 0 2568
0.04850000 0.04851840 40119.35102463 0 458.57915532 0 12798.61098112 0 -1342.30901009 0 -2192.06565062 0 2493
0.04950000 0.04949480 39625.19316798 0 1012.07913684 0 13888.34918977 0 -2870.61093248 0 -593.38692445 0 2644
0.05050000 0.05050630 39457.44744698 0 874.66715691 0 15482.76396366 0 156.59146098 0 -1174.70722931 0 2829
0.05150000 0.05149060 39513.03051757 0 -270.42049628 0 16387.04073160 0 458.84378388 0 1975.61277274 0 2784
0.05250000 0.05249300 40515.62952989 0 -1007.76314462 0 13332.07559088 0 3353.19820970 0 -1663.77181655 0 3055
0.05350000 0.05348950 40569.44102851 0 -1268.71126702 0 13985.56420168 0 662.70632121 0 -1134.10501420 0 3009
0.05450000 0.05448610 40712.38474192 0 1837.97270292 0 12626.76849994 0 898.45272508 0 -5240.98530198 0 3336
0.05550000 0.05550870 39441.61402249 0 2045.98846929 0 12815.33019160 0 -1173.94323890 0 -2969.24320197 0 3349
0.05650000 0.05647670 37621.32382230 0 810.03688971 0 14171.91142838 0 -1376.28997496 0 -3434.04832553 0 3324
0.05750000 0.05747970 37598.07194018 0 680.72210092 0 14552.02433940 0 -283.14702642 0 -3690.15119858 0 3639
0.05850000 0.05849280 37006.03473213 0 1451.03923981 0 17098.54832444 0 895.11220469 0 -3089.46650485 0 3846
0.05950000 0.05951020 35065.49908441 0 1742.05315302 0 15006.10038021 0 2472.49442130 0 -57.92619597 0 3787
0.06050000 0.06049470 34974.48457440 0 65.83748277 0 15484.09264264 0 3425.78837121 0 1152.06432506 0 3930
0.06150000 0.06148310 34797.88099355 0 11.50613851 0 14462.33850837 0 2545.71570533 0 2017.61010078 0 4083
0.06250000 0.06249100 33525.67087188 0 2001.09019215 0 14055.54129453 0 2146.90163769 0 5369.64571638 0 4303
0.06350000 0.06350600 32677.19862103 0 1243.70995758 0 14102.70939826 0 -179.45802620 0 6572.18877028 0 4470
0.06450000 0.06451750 31186.42080745 0 401.23337062 0 14085.65801804 0 1305.03956475 0 6064.82163011 0 4479
0.06550000 0.06550280 30607.55966593 0 521.05696257 0 13576.99541587 0 1330.19588674 0 5077.91210205 0 4636
0.06650000 0.06648880 30955.56283498 0 -18.29524519 0 12463.67315536 0 1405.13338111 0 3628.36762610 0 4653
0.06750000 0.06749660 30508.79452855 0 137.96006001 0 11667.90517064 0 625.45237712 0 4442.84783976 0 5220
0.06850000 0.06852730 30841.73933584 0 631.99612109 0 12651.79195403 0 157.50603501 0 3656.93422413 0 5029
0.06950000 0.06949320 29357.93708690 0 734.24904079 0 11338.17133754 0 1237.95234867 0 4651.47258399 0 5040
0.07050000 0.07048030 29115.89606636 0 1635.12771224 0 14340.43221212 0 103.69409350 0 4343.90554518 0 5475
0.07150000 0.07148790 28450.22789826 0 581.68236988 0 14561.98943174 0 1384.98174994 0 6061.30063082 0 5509
0.07250000 0.07249820 27986.74038135 0 70.41644270 0 15097.00416698 0 1385.91182523 0 6695.95521710 0 5916
0.07350000 0.07351270 27558.90575036 0 186.33504714 0 13437.59484641 0 1262.32253560 0 6159.01389735 0 5721
0.07450000 0.07449140 27772.82306586 0 14.49776995 0 12646.47723811 0 2052.79794905 0 5616.32604101 0 6028
0.07550000 0.07549160 26718.62701988 0 428.80235218 0 10739.25821578 0 1065.12443058 0 4236.34898189 0 6183
0.07650000 0.07648840 26913.05704369 0 397.35694970 0 9095.91483852 0 968.45306982 0 2260.97980029 0 6330
0.07750000 0.07749960 25734.07589700 0 500.74478269 0 9200.88047780 0 260.32253604 0 703.95294562 0 6583
0.07850000 0.07848650 24769.23351230 0 1254.83764402 0 6975.85251619 0 234.23503154 0 -953.55636401 0 6549
0.07950000 0.07947320 24170.99580235 0 635.19713020 0 7216.05553081 0 -26.93841267 0 -691.06254507 0 6828
0.08050000 0.08048110 23500.56653458 0 582.58365712 0 6686.51052403 0 39.82338778 0 -1614.54426041 0 7147
0.08150000 0.08149960 23673.73769475 0 296.87228027 0 7064.58612729 0 -378.37344880 0 -1218.17717655 0 7386
0.08250000 0.08250610 23279.34148471 0 83.88326849 0 6915.70764778 0 11.00506045 0 -1920.31758260 0 7227
0.08350000 0.08350160 23825.64999126 0 -514.18326332 0 7291.34733957 0 369.67060149 0 -631.93411607 0 7798
0.08450000 0.08449610 23560.24636536 0 325.07792051 0 8009.83049706 0 317.58084938 0 -2039.56652089 0 7371
0.08550000 0.08548940 23581.50522901 0 223.55134532 0 6858.09834175 0 1586.32090444 0 -1036.62648096 0 8256
0.08650000 0.08650700 22742.99807049 0 629.03981036 0 6728.18675465 0 1009.01210286 0 -946.31838528 0 8037
0.08750000 0.08749060 22333.98639169 0 740.29674461 0 6529.77069390 0 680.21166675 0 623.69519917 0 8155
0.08850000 0.08849210 21989.85853633 0 342.62091196 0 7131.61798174 0 578.94861288 0 -1089.78581965 0 8718
0.08950000 0.08949900 21212.69205731 0 791.02238630 0 6956.13270569 0 -496.07004715 0 1292.16245099 0 8571
0.09050000 0.09049190 20311.18337057 0 1362.25026709 0 7471.29476253 0 -228.59811097 0 1218.40969537 0 8932
0.09150000 0.09150830 20119.74287446 0 624.09048117 0 7657.88558037 0 300.52836193 0 1578.12738408 0 9285
0.09250000 0.09250820 19247.02223225 0 27.73119112 0 7171.48942341 0 23.59390623 0 1611.68760060 0 9204
0.09350000 0.09350330 19792.33422957 0 -162.57605254 0 7106.47273208 0 654.36332446 0 1467.82488423 0 9349
0.09450000 0.09448040 19596.02191054 0 -51.38178766 0 7462.30403477 0 -137.78179558 0 944.15928194 0 9564
0.09550000 0.09549270 19871.16918228 0 338.11558299 0 6508.97686789 0 105.08599545 0 232.54982370 0 10155
0.09650000 0.09649430 18987.92983150 0 356.43917333 0 6805.17262911 0 -234.44983464 0 95.00132201 0 9913
0.09750000 0.09749140 19102.86056311 0 411.47084214 0 6885.75700914 0 102.48953528 0 -553.23092403 0 10476
0.09850000 0.09850240 18913.41308547 0 338.84082026 0 7147.27424903 0 78.45838294 0 -231.10267085 0 10575
0.09950000 0.09950330 18262.02821639 0 439.36977899 0 6894.96918339 0 -186.80783541 0 -969.34549920 0 10882
0.10050000 0.10051200 18394.12105147 0 259.61280002 0 6603.82240229 0 92.03039581 0 -1306.12465258 0 10875
0.10150000 0.10150300 17713.39452162 0 286.25613523 0 6898.91093103 0 -300.93028732 0 -640.76983128 0 11118
0.10250000 0.10250800 17854.01304682 0 750.45560263 0 6625.61273753 0 447.08829662 0 -1105.79972303 0 11575
0.10350000 0.10349800 17075.73933532 0 393.35541151 0 6888.66903057 0 891.66649720 0 674.11635193 0 11364
0.10450000 0.10450100 16826.05841066 0 206.44792517 0 6229.54460644 0 1394.84719135 0 867.45575175 0 12093
0.10550000 0.10551000 16585.01389935 0 96.26312414 0 6324.98804638 0 1243.65459596 0 1267.44902199 0 12067
0.10650000 0.10649700 16468.42231901 0 195.99675778 0 5847.75977437 0 897.04432537 0 1287.55636386 0 12054
0.10750000 0.10749900 16335.88659093 0 105.65622018 0 6159.35713942 0 234.99570025 0 2396.49398375 0 12807
0.10850000 0.10850100 15935.51132549 0 456.83415693 0 6184.43595513 0 -261.08541922 0 1463.82777497 0 12736
0.10950000 0.10950300 15791.90327259 0 509.21068225 0 6174.14976537 0 -402.38267793 0 1744.48906448 0 12933
0.11050000 0.11050200 15401.16092974 0 374.69522249 0 6384.61251553 0 -256.22577586 0 1482.30748510 0 13428
0.11150000 0.11150900 15075.63458008 0 309.68406732 0 6162.55704129 0 -188.09222509 0 1063.88765190 0 13453
0.11250000 0.11250000 14904.23499188 0 193.30175392 0 6579.88403603 0 -121.55308909 0 497.69435720 0 13668
0.11350000 0.11349100 14599.96750587 0 330.23208772 0 6569.30996583 0 389.80451694 0 445.24254007 0 13791
0.11450000 0.11448600 14615.24731412 0 248.84496414 0 6251.21314611 0 20.36300185 0 286.91050963 0 14205
0.11550000 0.11549300 14188.18774586 0 90.58113922 0 5463.38401829 0 640.41662412 0 -181.52522924 0 14776
0.11650000 0.11649800 14058.08792924 0 119.97971173 0 5296.02582866 0 706.16962505 0 -103.84567363 0 14553
0.11750000 0.11747300 13790.58056162 0 131.92010682 0 4581.45120184 0 755.77031854 0 -632.23085438 0 14568
0.11850000 0.11849100 13875.28384649 0 -16.83668784 0 4707.08887155 0 357.59512404 0 -455.78007160 0 16015
0.11950000 0.11950300 13783.16210400 0 -75.83258111 0 3910.19150970 0 499.99518630 0 -489.38236296 0 15270
0.12050000 0.12050700 13671.22090008 0 206.49664340 0 4283.83818303 0 344.25407987 0 -346.84721834 0 15999
0.12150000 0.12150000 13620.62037566 0 262.75401857 0 4117.42114101 0 -130.80290925 0 203.66655718 0 15670
0.12250000 0.12250700 13524.18042649 0 276.70514785 0 4772.93598725 0 -214.92268259 0 420.47042776 0 16887
0.12350000 0.12352200 13571.79142321 0 156.64682260 0 5324.86923481 0 -202.53496558 0 1123.82989677 0 16407
0.12450000 0.12449800 13636.34307690 0 -241.87936459 0 4832.80404754 0 208.59927789 0 1886.10409891 0 16306
0.12550000 0.12549900 13889.01352926 0 -183.39866660 0 5629.55746917 0 42.18068574 0 1850.89410598 0 17523
0.12650000 0.12650100 14129.06153133 0 -17.90206694 0 5120.10873194 0 860.98729960 0 1543.07240370 0 17154
0.12750000 0.12750600 14094.29443140 0 -5.67530832 0 5162.05069835 0 461.13686235 0 1869.05271869 0 18007
0.12850000 0.12850300 13753.04538049 0 552.76920808 0 4382.28222300 0 57.13751427 0 1513.33213924 0 17496
0.12950000 0.12949900 13298.08355369 0 530.74192509 0 4433.21491716 0 520.64839378 0 1625.09618596 0 18405
0.13050000 0.13049000 12984.62603807 0 239.91070524 0 3909.28357907 0 323.97400973 0 1192.97656526 0 18100
0.13150000 0.13148800 12558.78442555 0 300.73762886 0 3995.06087944 0 -276.59663906 0 402.10144088 0 19059
0.13250000 0.13249300 12254.62766278 0 470.52840826 0 4229.45092353 0 -441.29636351 0 44.31299405 0 18957
0.13350000 0.13349100 12067.17320360 0 288.04763739 0 4339.90843592 0 -306.61371165 0 -146.57654318 0 19468
0.13450000 0.13450700 11803.98404266 0 -120.81788672 0 4231.15606155 0 -194.38241282 0 -143.55269127 0 19953
0.13550000 0.13551000 11971.61904042 0 -123.58928963 0 4409.99625202 0 -174.81207870 0 -983.23240899 0 19956
0.13650000 0.13649900 12123.75278342 0 245.18223909 0 4593.48681891 0 -49.14285286 0 -536.94464145 0 19723
0.13750000 0.13749600 11908.72823545 0 -29.54162696 0 4429.40603743 0 208.72771685 0 -349.16465592 0 20946
0.13850000 0.13851100 12085.33181630 0 34.03278335 0 4507.89774807 0 352.27930090 0 237.61209061 0 20955
0.13950000 0.13949800 12101.82958028 0 -39.02518389 0 4402.64422834 0 691.56079969 0 66.71529669 0 20506
0.14050000 0.14048300 12005.72180086 0 26.38236052 0 4017.23874605 0 993.09785040 0 435.25419585 0 21447
0.14150000 0.14148400 12009.81856104 0 158.59223007 0 3748.92309872 0 586.56637236 0 830.75763838 0 21771
0.14250000 0.14249400 11897.32374088 0 97.97280182 0 3394.83015102 0 427.33859084 0 975.75637527 0 22470
0.14350000 0.14350900 11507.79935376 0 380.56355464 0 3368.28978843 0 65.53952651 0 1133.32995146 0 22519
0.14450000 0.14449900 11430.73597303 0 318.03813639 0 3219.24522405 0 7.24194263 0 891.14166901 0 22218
0.14550000 0.14550500 10896.82847027 0 244.99733126 0 3102.28825699 0 18.54470467 0 1173.55570753 0 23559
0.14650000 0.14650700 10937.67427653 0 254.29365518 0 3207.10995605 0 29.65179659 0 704.57078135 0 23044
0.14750000 0.14750500 10630.36190119 0 -55.56103666 0 2701.38151995 0 249.20702916 0 511.16273311 0 23649
0.14850000 0.14849900 10614.74992319 0 110.59912743 0 2871.06489780 0 58.85472113 0 51.94005428 0 23640
0.14950000 0.14949500 10609.45735193 0 287.35008093 0 2709.88506541 0 -103.97632706 0 27.60950627 0 24457
0.15050000 0.15050000 10344.28624485 0 305.86743695 0 2865.75018189 0 -341.02428272 0 181.75885529 0 24591
0.15150000 0.15149900 9980.37214503 0 169.73652500 0 2859.32823349 0 -58.56772647 0 9.67303763 0 25020
0.15250000 0.15250500 10195.00916164 0 -36.47290229 0 3050.13760709 0 107.30810032 0 -82.89251686 0 25297
0.15350000 0.15350100 10107.82567602 0 -17.18889849 0 2945.30483571 0 289.89228670 0 -388.06394748 0 25452
0.15450000 0.15450400 10135.97152571 0 177.04868832 0 2908.40077709 0 241.02015219 0 -218.04729265 0 26061
0.15550000 0.15549900 9919.31934598 0 132.96422705 0 2786.90415685 0 199.43250017 0 26.21937589 0 26128
0.15650000 0.15649500 9839.99721098 0 110.69003121 0 2749.30254177 0 162.38560856 0 27.30446373 0 26331
0.15750000 0.15749700 9710.70567407 0 218.08826026 0 2712.48706175 0 202.72651680 0 428.02950391 0 27345
0.15850000 0.15849900 9477.95433406 0 114.97169922 0 2850.39286736 0 139.62090873 0 76.28654643 0 26980
0.15950000 0.15949700 9312.85489869 0 150.24480439 0 2695.80106825 0 456.26282496 0 758.76648964 0 27777
0.16050000 0.16050000 9275.82904450 0 125.26453237 0 2524.67828817 0 356.35723813 0 588.86277253 0 28224
0.16150000 0.16150500 9231.81655334 0 64.74874107 0 2521.31230143 0 110.64496685 0 519.15473717 0 28075
0.16250000 0.16249700 9183.64086806 0 121.31281964 0 2621.24003292 0 -80.15200575 0 837.79410080 0 28590
0.16350000 0.16349900 9037.26473395 0 139.90103855 0 2500.55169239 0 -56.61135740 0 486.88333925 0 29163
0.16450000 0.16449100 9061.39132973 0 122.76661589 0 2650.31595789 0 -242.10191832 0 1125.42431154 0 28996
0.16550000 0.16550500 8881.08959239 0 188.84514318 0 2622.09260193 0 98.83832545 0 934.26837418 0 30777
0.16650000 0.16650700 8875.38734510 0 222.11415756 0 2671.87377431 0 188.05015025 0 1156.94722030 0 29211
0.16750000 0.16749900 8672.67522233 0 94.58367391 0 2680.49911535 0 129.30925263 0 1185.65775856 0 30922
0.16850000 0.16850800 8583.22191012 0 73.40962427 0 2755.63591157 0 92.23390514 0 897.76070478 0 30867
0.16950000 0.16949900 8524.50537160 0 119.97639004 0 2934.64218691 0 -44.46889238 0 1100.20930623 0 30852
0.17050000 0.17049200 8542.04393411 0 87.93784311 0 2915.03309965 0 -18.78453122 0 1108.80475199 0 31257
0.17150000 0.17149500 8379.19218068 0 39.79913939 0 2773.60629475 0 317.80783204 0 1424.77568534 0 32608
0.17250000 0.17250900 8486.01797053 0 19.68327183 0 2524.62292655 0 362.95855818 0 1267.88084266 0 32361
0.17350000 0.17350400 8381.15198218 0 32.43117156 0 2316.00925464 0 408.41820219 0 1128.13703112 0 32508
0.17450000 0.17449800 8437.28866901 0 49.57312340 0 2094.88385569 0 134.68597356 0 823.43108104 0 32791
0.17550000 0.17549800 8222.06481918 0 216.04652356 0 2182.72060847 0 -214.08450760 0 675.58454220 0 33633
0.17650000 0.17650100 8106.90156874 0 180.09468487 0 2054.01590478 0 -296.38177628 0 784.86063754 0 33984
0.17750000 0.17750300 8066.21077503 0 101.99792406 0 2466.84753565 0 -167.39029938 0 851.48392320 0 34069
0.17850000 0.17849800 7995.60255966 0 -39.50594423 0 2305.91129441 0 20.27896291 0 582.01896856 0 34536
0.17950000 0.17950400 7939.06726914 0 157.04321183 0 2535.38522627 0 275.07419440 0 496.04900974 0 35343
0.18050000 0.18050100 7861.79351423 0 150.95232595 0 2107.72775248 0 189.63127824 0 529.61254796 0 34990
0.18150000 0.18150500 7831.82073095 0 0.73151971 0 2005.64091765 0 373.66328182 0 248.58033557 0 36243
0.18250000 0.18250200 7715.45059710 0 -110.79078937 0 1771.52768168 0 -101.85044069 0 181.37132392 0 35694
0.18350000 0.18350400 7798.21622512 0 49.41235324 0 1788.93337630 0 271.44579356 0 -185.68510167 0 37087
0.18450000 0.18450600 7787.42070842 0 52.79959885 0 1597.76968831 0 -318.18318385 0 -250.93984799 0 36651
0.18550000 0.18550700 7698.21098736 0 172.96410769 0 1468.82139347 0 -106.54577076 0 -333.35226885 0 37818
0.18650000 0.18651000 7650.37854414 0 171.87126923 0 1770.08827946 0 -103.88431604 0 -2.00964910 0 37267
0.18750000 0.18750100 7490.32808889 0 153.62407793 0 1632.33748639 0 159.81682920 0 -26.79801559 0 38334
0.18850000 0.18850000 7464.39670417 0 98.81673442 0 1847.31774507 0 208.33464932 0 218.74263465 0 38223
0.18950000 0.18949500 7305.14345630 0 208.60259958 0 1738.86432347 0 215.97676791 0 370.10463662 0 39064
0.19050000 0.19050000 7206.82121191 0 65.73960342 0 1685.71716434 0 195.67787482 0 448.65170888 0 39609
0.19150000 0.19149800 7139.20252424 0 53.51841418 0 1690.03537102 0 -74.40303325 0 503.33238500 0 39576
0.19250000 0.19250400 7126.53578465 0 162.19073564 0 1865.05560943 0 -211.34964337 0 483.26268903 0 40909
0.19350000 0.19350500 6952.06916248 0 123.50624719 0 1740.54731684 0 -172.09050126 0 547.89295623 0 40191
0.19450000 0.19450100 6978.34378928 0 52.43365852 0 1743.86901429 0 -46.82696540 0 373.79393525 0 41232
0.19550000 0.19549800 6964.60303418 0 -125.04751480 0 1666.07486011 0 223.64878178 0 297.93079452 0 40873
0.19650000 0.19649700 7067.89675241 0 -91.52483346 0 1552.05205913 0 425.61241540 0 -301.50826267 0 42816
0.19750000 0.19750200 7052.55051021 0 -1.02653295 0 1320.67368739 0 218.72049000 0 -271.35610773 0 41727
0.19850000 0.19849000 7071.22952218 0 120.76473956 0 1179.46832898 0 99.62612136 0 -389.50777863 0 42610
0.19950000 0.19949900 6863.24697279 0 209.04327811 0 1214.95513003 0 -75.10036827 0 -130.67114858 0 43863
0.20050000 0.20050100 6799.20464604 0 186.52992006 0 1062.12604502 0 30.15215495 0 97.94855343 0 43302
0.20150000 0.20150100 6609.83467466 0 82.30568365 0 1188.18224861 0 63.32229347 0 56.26656520 0 44487
0.20250000 0.20249700 6626.47637886 0 25.21589110 0 1276.39546044 0 173.00839699 0 -24.05163614 0 43759
0.20350000 0.20349100 6513.54973804 0 61.20050386 0 1220.52450941 0 232.40366901 0 -126.20789445 0 45282
0.20450000 0.20449700 6539.06037442 0 107.04934009 0 1261.63605146 0 -73.65066878 0 101.70096431 0 45483
0.20550000 0.20549900 6432.64426059 0 108.13752817 0 1259.24442930 0 -86.97720821 0 14.89670581 0 46138
0.20650000 0.20650200 6336.53648116 0 183.12075125 0 1241.20761217 0 -160.96170759 0 144.28567918 0 46227
0.20750000 0.20749300 6273.29136180 0 103.50674976 0 1122.73373661 0 86.43045681 0 87.67299310 0 46236
0.20850000 0.20850300 6165.90088338 0 83.61387882 0 1107.81931508 0 -1.53528856 0 -129.98687891 0 48361
0.20950000 0.20950400 6120.67043650 0 82.60430425 0 1101.56677325 0 26.31880537 0 -127.56757593 0 46812
0.21050000 0.21050300 6037.21832434 0 98.94008011 0 1131.33693299 0 -85.71839560 0 -284.07488724 0 48813
0.21150000 0.21149700 6003.00484065 0 154.67816325 0 1265.84353489 0 -105.34863100 0 -166.09373014 0 47215
0.21250000 0.21249000 5944.17757889 0 79.54059197 0 1207.54774472 0 7.28264449 0 110.66157534 0 50004
0.21350000 0.21350300 5913.55152844 0 5.91346295 0 1292.94858605 0 59.07041001 0 68.54145522 0 49509
0.21450000 0.21449800 5949.28192063 0 -56.68067015 0 1188.59192463 0 304.46235893 0 129.55837994 0 49660
0.21550000 0.21550100 5973.90677103 0 42.99760186 0 1198.83382509 0 224.56667751 0 68.31414039 0 50841
0.21650000 0.21649800 5912.85397198 0 63.25774181 0 1192.53367227 0 180.25523358 0 237.99740751 0 50424
0.21750000 0.21750300 5900.14294309 0 32.76544505 0 910.41637205 0 -45.86721628 0 153.78794834 0 52231
0.21850000 0.21850300 5826.11337935 0 119.78594605 0 1069.56221837 0 34.42031472 0 57.67075743 0 51078
0.21950000 0.21950100 5738.19912029 0 202.24819237 0 1065.02920859 0 -229.75516892 0 137.89141159 0 52791
0.22050000 0.22050700 5589.14348358 0 128.03704251 0 1051.85646375 0 -66.64808767 0 123.23940416 0 52969
0.22150000 0.22150000 5545.14206475 0 -4.92344210 0 1104.35921357 0 41.27496957 0 231.86887572 0 52704
0.22250000 0.22250100 5552.16191869 0 -7.77118868 0 1107.75288113 0 -4.43747776 0 -72.47412355 0 54051
0.22350000 0.22349900 5533.51612369 0 84.03473789 0 1147.66861210 0 27.30379939 0 -71.85008732 0 53938
0.22450000 0.22449800 5498.51650494 0 104.84572600 0 1107.74180881 0 -6.59018130 0 89.03909654 0 54735
0.22550000 0.22549100 5458.00286843 0 20.91938617 0 1091.82534188 0 -20.26722624 0 108.90052207 0 54774
0.22650000 0.22649900 5473.79200362 0 56.95017053 0 1133.91678468 0 227.60492344 0 281.00010264 0 56911
0.22750000 0.22749800 5440.79647566 0 -8.50102097 0 1141.43489323 0 249.80272023 0 243.57453752 0 54879
0.22850000 0.22849100 5385.49021319 0 58.60725467 0 1078.38464678 0 134.93288640 0 333.75862317 0 57210
0.22950000 0.22949800 5451.23767796 0 99.86849455 0 1153.65873983 0 23.93570890 0 421.05283204 0 57375
0.23050000 0.23049600 5271.68885870 0 116.39449296 0 989.02323487 0 -14.46588165 0 525.18804696 0 57604
0.23150000 0.23150100 5291.51939246 0 86.23281581 0 1175.09476068 0 -74.42362778 0 503.58815570 0 58629
0.23250000 0.23250200 5189.53220855 0 63.02743746 0 1028.76180864 0 -71.98926644 0 295.17267841 0 58560
0.23350000 0.23350400 5217.27945455 0 65.75488323 0 1112.40325755 0 -83.19324120 0 241.53612252 0 59305
0.23450000 0.23449700 5130.77138074 0 60.39776031 0 1007.52287518 0 53.90295602 0 276.17810518 0 59196
0.23550000 0.23549300 5169.96741060 0 -16.25815887 0 884.91237906 0 82.99914335 0 137.64006982 0 60063
0.23650000 0.23649900 5186.97450152 0 -34.47534417 0 941.38787903 0 23.64506037 0 75.07357324 0 61537
0.23750000 0.23750400 5151.49877280 0 89.91104212 0 982.16171518 0 -14.07702160 0 -41.33941050 0 61224
0.23850000 0.23850100 5101.62902182 0 142.08560824 0 953.46667818 0 -30.83376726 0 90.51481599 0 61221
0.23950000 0.23949400 5039.57971353 0 77.44869764 0 971.46363494 0 -19.90748641 0 147.20988016 0 62332
0.24050000 0.24050100 4948.11123820 0 56.28804551 0 999.93501098 0 116.77980986 0 252.42243229 0 63447
0.24150000 0.24150500 4968.17429078 0 43.83489106 0 853.92647806 0 230.50919424 0 234.21177966 0 63342
0.24250000 0.24250300 4870.00705893 0 93.85013240 0 785.71652825 0 239.81326878 0 262.79609341 0 63379
0.24350000 0.24349600 4800.91575207 0 96.35380648 0 719.96131285 0 69.46012601 0 282.74731550 0 64266
0.24450000 0.24449500 4767.63234366 0 99.16972013 0 747.43617965 0 63.61161332 0 230.44940368 0 64695
0.24550000 0.24549600 4684.94422192 0 62.78395704 0 684.62288095 0 -134.50328020 0 318.63936363 0 65947
0.24650000 0.24650000 4668.04785424 0 30.11439832 0 714.40079132 0 -124.67991362 0 253.33147015 0 66018
0.24750000 0.24750000 4627.96603840 0 62.33408848 0 691.30835068 0 76.72179952 0 217.34309280 0 66303
0.24850000 0.24849600 4633.73471963 0 18.45989066 0 669.50472865 0 68.49251554 0 171.10395712 0 66958
0.24950000 0.24949200 4584.93898415 0 42.33215514 0 555.87831689 0 136.57712664 0 218.44146742 0 66975
0.25050000 0.25048900 4568.26406298 0 56.72495945 0 568.10659242 0 180.03157262 0 132.70624188 0 68676
0.25150000 0.25150000 4488.65404753 0 78.87691682 0 515.27720902 0 50.91641785 0 144.20595844 0 69349
0.25250000 0.25249900 4467.53912410 0 135.27059231 0 451.38989481 0 -56.19238062 0 108.81238637 0 68592
0.25350000 0.25349900 4373.22506130 0 69.58812208 0 444.53834021 0 -143.16405267 0 197.90562658 0 70437
0.25450000 0.25450100 4334.27262258 0 29.79008992 0 557.73736023 0 -88.43842292 0 237.69070411 0 70099
0.25550000 0.25550100 4421.46718053 0 -55.23296368 0 678.27733160 0 -4.56610496 0 100.19058848 0 71064
0.25650000 0.25650300 4461.31647755 0 14.92615820 0 619.66265848 0 23.14071598 0 130.53495898 0 71409
0.25750000 0.25750600 4420.70319012 0 44.32318059 0 608.69994967 0 145.85019867 0 208.57159707 0 72612
0.25850000 0.25850600 4428.81920421 0 17.82954321 0 597.16701614 0 207.63598563 0 291.97056207 0 71845
0.25950000 0.25949600 4404.05041359 0 58.08386587 0 577.23461700 0 112.80484525 0 248.21827055 0 72816
0.26050000 0.26049800 4319.20318851 0 126.45702175 0 483.76094365 0 -46.75687758 0 218.62748247 0 73743
0.26150000 0.26149900 4251.91667058 0 120.81013610 0 595.81840698 0 -41.88693696 0 413.13501256 0 74662
0.26250000 0.26250300 4264.14051718 0 11.29199974 0 565.59649639 0 -75.64302291 0 400.69082670 0 74931
0.26350000 0.26350100 4209.32143701 0 -18.94674078 0 491.64443892 0 45.02616249 0 371.88949538 0 75087
0.26450000 0.26450200 4287.80207532 0 55.31988143 0 516.23607234 0 118.65546169 0 281.38541955 0 76678
0.26550000 0.26550600 4213.17460604 0 71.83967933 0 559.49343095 0 -14.76627382 0 177.94443939 0 76035
0.26650000 0.26650100 4137.40668731 0 158.94433000 0 508.41790379 0 -55.85168519 0 171.56899476 0 77094
0.26750000 0.26750600 4034.07975210 0 119.67079387 0 564.27999697 0 -39.22935756 0 260.42440143 0 78463
0.26850000 0.26850100 3949.01108052 0 74.32729855 0 502.86624013 0 -7.01159398 0 295.51149155 0 77076
0.26950000 0.26949700 3980.92152065 0 -7.62095938 0 536.31684064 0 49.38932281 0 285.59733191 0 79149
0.27050000 0.27049900 4013.03126262 0 -65.78965033 0 438.62682599 0 171.52913439 0 297.23323806 0 79648
0.27150000 0.27150200 4039.91486728 0 -11.47092851 0 414.63752704 0 52.22538809 0 286.43882859 0 80241
0.27250000 0.27250500 4073.78510890 0 62.71497645 0 422.38040379 0 40.65525155 0 200.90511937 0 80835
0.27350000 0.27350000 4017.50448185 0 82.83438716 0 463.51519772 0 -107.23325140 0 210.50482499 0 80680
0.27450000 0.27450400 3974.12311321 0 113.77035198 0 464.39544754 0 -112.42617174 0 335.44604547 0 82617
0.27550000 0.27550800 3901.92048307 0 76.77550029 0 539.59646325 0 -30.88458923 0 347.80275997 0 82548
0.27650000 0.27649900 3922.58144118 0 11.09314079 0 451.47183002 0 46.59511092 0 253.37022329 0 81181
0.27750000 0.27748900 3921.56278729 0 -1.66298568 0 480.37281226 0 116.78534602 0 186.71925681 0 84096
0.27850000 0.27849800 3881.42560983 0 60.36410045 0 362.20896179 0 -9.51381759 0 153.88206310 0 85215
0.27950000 0.27950200 3895.62033024 0 55.44333785 0 428.44471609 0 -23.03353587 0 117.86046876 0 84514
0.28050000 0.28050300 3823.29590453 0 35.69883606 0 319.79974327 0 31.66463452 0 94.59109237 0 85815
0.28150000 0.28150100 3832.56344040 0 20.72063794 0 315.23794545 0 -21.08679972 0 27.46822341 0 85485
0.28250000 0.28250000 3830.85830238 0 63.82840944 0 314.48059843 0 -41.90265966 0 42.57419616 0 87220
0.28350000 0.28350400 3815.12452881 0 32.48143992 0 326.49074916 0 -5.29467501 0 79.63337805 0 87147
0.28450000 0.28449700 3775.86206501 0 87.47435560 0 406.27017118 0 63.75001738 0 283.03298148 0 87102
0.28550000 0.28549800 3738.05007575 0 90.61612776 0 328.22578246 0 118.24467844 0 337.35823597 0 88971
0.28650000 0.28649900 3670.44246041 0 8.14670658 0 266.43556658 0 209.09974697 0 381.92434336 0 89434
0.28750000 0.28750100 3675.69074237 0 27.25685273 0 196.84379063 0 146.24437344 0 276.67525257 0 89619
0.28850000 0.28849900 3660.88704409 0 67.54428164 0 168.30044448 0 63.68280836 0 317.83662008 0 90240
0.28950000 0.28950100 3573.78106474 0 99.71458924 0 201.41444631 0 -123.65904527 0 218.66402115 0 91333
0.29050000 0.29050500 3547.88289699 0 94.92071548 0 163.23264141 0 -125.92555016 0 323.64959061 0 92139
0.29150000 0.29150600 3497.66990394 0 52.45524955 0 275.26906732 0 -147.85539670 0 200.10016136 0 92370
0.29250000 0.29250200 3515.13096018 0 17.71206584 0 371.09450246 0 -129.45319285 0 118.12509733 0 91819
0.29350000 0.29349600 3532.76917361 0 -10.17313025 0 347.53591694 0 -72.34380228 0 -65.97998359 0 93552
0.29450000 0.29450000 3513.94622142 0 60.63625819 0 385.64907343 0 -52.51769746 0 -44.82818932 0 94701
0.29550000 0.29550200 3545.90095085 0 28.43871268 0 356.05274919 0 5.61895018 0 5.25515788 0 95020
0.29650000 0.29650300 3496.13085079 0 28.16943374 0 356.16347244 0 150.53157761 0 -31.71390636 0 95151
0.29750000 0.29749800 3516.02781849 0 62.06624894 0 281.49725003 0 -2.34033515 0 -39.19005080 0 95802
0.29850000 0.29850000 3430.80413436 0 86.11168458 0 246.85083844 0 35.03881478 0 48.18930425 0 97399
0.29950000 0.29950700 3401.96072820 0 77.73026686 0 191.84685044 0 82.88022658 0 193.51766425 0 97881
0.30050000 0.30050300 3375.22106377 0 3.09997414 0 165.77373995 0 216.56249390 0 279.89840632 0 97188
0.30150000 0.30149700 3339.67890110 0 23.41674904 0 74.90815271 0 201.73554373 0 312.03582911 0 98263
0.30250000 0.30249700 3330.16777408 0 40.68381814 0 -1.47783427 0 179.71158243 0 355.70950712 0 100050
0.30350000 0.30350600 3299.84067640 0 73.76460300 0 -47.08207176 0 31.41262840 0 392.40762050 0 100779
0.30450000 0.30450500 3239.82867588 0 81.48123834 0 -51.27471828 0 -26.96664710 0 467.42151392 0 99982
0.30550000 0.30550300 3200.33369326 0 63.48107061 0 -35.67746648 0 -66.51809858 0 398.51179318 0 101559
0.30650000 0.30649700 3205.30516710 0 18.96700314 0 -14.88973025 0 -27.28741235 0 473.44485862 0 100935
0.30750000 0.30749800 3221.21609786 0 -5.53600740 0 18.29081626 0 -7.69858745 0 333.42423896 0 103762
0.30850000 0.30850200 3237.75815114 0 -7.61748267 0 32.00234042 0 -29.94056282 0 264.30746575 0 102951
0.30950000 0.30950100 3271.48445254 0 11.32765263 0 123.57821730 0 -44.80781625 0 137.07870295 0 104394
0.31050000 0.31050000 3263.30200450 0 87.40127825 0 103.53376624 0 -144.62559955 0 229.10190175 0 103963
0.31150000 0.31149700 3228.75635107 0 67.47264370 0 128.60283830 0 -63.74127024 0 279.68249599 0 105936
0.31250000 0.31250000 3249.77162357 0 33.46687683 0 187.53971608 0 4.50293735 0 290.35732435 0 105717
0.31350000 0.31349800 3224.26098719 0 14.70172217 0 137.27025417 0 57.23926894 0 312.23070203 0 106776
0.31450000 0.31450400 3195.81618473 0 86.66220057 0 148.90505309 0 86.30024627 0 182.55052652 0 108733
0.31550000 0.31549900 3168.82185682 0 61.34743361 0 76.21346908 0 73.37009607 0 247.50964176 0 105891
0.31650000 0.31650000 3121.24407708 0 28.51544389 0 108.98876850 0 -43.25005087 0 183.15286099 0 111072
0.31750000 0.31750600 3121.93056122 0 37.83457680 0 73.41228163 0 -29.55834617 0 230.22795719 0 108121
0.31850000 0.31849900 3097.50501267 0 55.07861547 0 63.82708076 0 -40.44498810 0 112.46713935 0 110484
0.31950000 0.31950100 3096.84067318 0 47.66824064 0 29.10393796 0 7.39136365 0 135.36913600 0 110817
0.32050000 0.32049800 3057.78858354 0 16.11034333 0 39.36510426 0 7.13943504 0 77.62175808 0 111088
0.32150000 0.32149900 3056.61491711 0 51.35931084 0 -12.18066453 0 100.07045376 0 146.17240333 0 112635
0.32250000 0.32250100 3029.42128736 0 28.60878359 0 -76.10684260 0 93.88202069 0 87.75337818 0 113202
0.32350000 0.32350400 3025.75634784 0 10.90015017 0 -122.89837656 0 123.93253170 0 114.31621759 0 113863
0.32450000 0.32450300 2999.39314245 0 69.22993238 0 -157.02660335 0 71.65133909 0 187.19536678 0 114045
0.32550000 0.32549900 2973.04100938 0 107.55822414 0 -143.26259636 0 13.68317901 0 234.89272763 0 114828
0.32650000 0.32650300 2891.15009502 0 96.90797634 0 -186.25643363 0 -51.16654167 0 275.68095780 0 116431
0.32750000 0.32750400 2838.96622815 0 67.30035833 0 -85.62738109 0 -28.56859105 0 377.46219646 0 116442
0.32850000 0.32850400 2846.46219205 0 29.33047772 0 -32.51986089 0 -61.83328723 0 247.02356670 0 116955
0.32950000 0.32949800 2812.75803530 0 42.36714369 0 -40.18013809 0 -92.02220229 0 254.11760522 0 117028
0.33050000 0.33049700 2828.43644725 0 69.18442512 0 53.06998503 0 -101.75687955 0 155.76878725 0 119061
0.33150000 0.33150100 2805.21778210 0 60.21761359 0 29.58414468 0 -64.42598281 0 265.17442878 0 120060
0.33250000 0.33250400 2807.16651127 0 -19.66511322 0 30.62549683 0 21.99373385 0 225.66726659 0 119737
0.33350000 0.33350100 2808.07444191 0 -4.26874660 0 -8.89949180 0 107.83259635 0 299.53295992 0 120531
0.33450000 0.33450000 2865.15227635 0 22.96378023 0 14.74911172 0 132.46154350 0 194.74337061 0 121704
0.33550000 0.33550300 2828.95684651 0 10.32527506 0 -98.31083990 0 63.69709166 0 182.43648157 0 122761
0.33650000 0.33650300 2838.11365914 0 68.65616450 0 -63.81578699 0 -47.39907242 0 258.33283927 0 122472
0.33750000 0.33749900 2788.66465650 0 50.24344195 0 -86.75720112 0 -35.81166305 0 271.66834729 0 122985
0.33850000 0.33849800 2795.88381228 0 22.64190774 0 -46.93414550 0 13.45331755 0 345.62040475 0 125380
0.33950000 0.33950300 2789.62794876 0 2.31988457 0 -77.36089411 0 23.90016674 0 374.77605046 0 125223
0.34050000 0.34050000 2821.21729147 0 15.67320795 0 -84.48538151 0 101.84911201 0 283.74936089 0 125178
0.34150000 0.34149900 2810.51035337 0 36.00587163 0 -114.67053198 0 67.92572323 0 340.04327474 0 127059
0.34250000 0.34250300 2765.35741276 0 96.66039916 0 -163.45962407 0 30.43117753 0 382.84002463 0 127957
0.34350000 0.34349800 2726.16138290 0 71.70692216 0 -121.74796201 0 49.70333394 0 434.52010072 0 126732
0.34450000 0.34449700 2692.19149035 0 63.04913921 0 -137.95120215 0 -55.11039304 0 417.61044625 0 129639
0.34550000 0.34550000 2656.15107307 0 82.95706852 0 -73.16204709 0 -28.58652822 0 433.84136721 0 129826
0.34650000 0.34650400 2610.24521437 0 80.57851170 0 -53.41344854 0 -90.58601104 0 491.51932165 0 130875
0.34750000 0.34750200 2593.16061718 0 43.66127701 0 -24.56716358 0 -49.41512133 0 493.99730795 0 130686
0.34850000 0.34850200 2606.63563648 0 29.70494375 0 -31.80049194 0 15.21459226 0 425.19720322 0 132211
0.34950000 0.34950400 2577.06145689 0 -9.62798434 0 -82.88221960 0 79.92369441 0 403.87079839 0 132768
0.35050000 0.35050300 2597.39024526 0 2.05443665 0 -140.75028586 0 42.32086137 0 316.00082863 0 132957
0.35150000 0.35150100 2633.27564999 0 13.38754794 0 -166.28417413 0 0.33787753 0 283.40833329 0 133987
0.35250000 0.35249800 2626.32223001 0 59.27115126 0 -162.45314974 0 -66.99963399 0 233.14219308 0 134778
0.35350000 0.35349800 2570.04160296 0 88.01734240 0 -194.96703157 0 -42.12255603 0 310.21775337 0 135699
0.35450000 0.35450100 2560.33117409 0 35.81941368 0 -182.78636704 0 -16.58689619 0 298.20428095 0 137380
0.35550000 0.35550100 2556.84339177 0 -4.29034871 0 -200.01601169 0 12.45459385 0 256.20363121 0 136161
0.35650000 0.35649900 2599.00680468 0 35.50197013 0 -142.08007207 0 31.29780840 0 206.47228429 0 138792
0.35750000 0.35750000 2532.48427717 0 52.00814908 0 -162.70449151 0 3.49070541 0 290.24549387 0 138097
0.35850000 0.35849800 2533.86831777 0 71.55478842 0 -171.71293499 0 55.62171300 0 323.28974005 0 140028
0.35950000 0.35950300 2506.42002455 0 44.66775134 0 -177.61559135 0 11.65351115 0 355.86894860 0 141099
0.36050000 0.36050500 2480.56614610 0 52.35172331 0 -161.19754810 0 19.91302257 0 267.77310341 0 140821
0.36150000 0.36150200 2452.68603220 0 42.15477650 0 -198.04292340 0 -16.61955955 0 307.83831077 0 141756
0.36250000 0.36250400 2457.95645882 0 40.11148967 0 -158.74502816 0 -77.07389945 0 269.45277509 0 142971
0.36350000 0.36349900 2437.31764535 0 64.29067900 0 -175.52070749 0 -55.28788241 0 276.10059891 0 142270
0.36450000 0.36450000 2421.42885924 0 33.66529289 0 -126.18132087 0 -33.10702627 0 223.47937521 0 145311
0.36550000 0.36550300 2421.48422086 0 33.45115413 0 -131.75402195 0 11.80808080 0 275.70420968 0 145434
0.36650000 0.36650100 2423.02327401 0 38.39660801 0 -123.15525449 0 29.90324908 0 261.29357893 0 144547
0.36750000 0.36749600 2395.25388337 0 52.93457049 0 -112.44167300 0 26.94284160 0 255.11854338 0 146892
0.36850000 0.36849900 2371.49267431 0 38.31766233 0 -174.88737051 0 41.45223749 0 268.03994644 0 148113
0.36950000 0.36949900 2366.85337021 0 16.03150838 0 -153.51556915 0 35.61313627 0 238.22992633 0 147387
0.37050000 0.37049800 2388.32260803 0 29.61392924 0 -172.99068127 0 -43.75716334 0 193.94173429 0 149758
0.37150000 0.37150100 2358.48269265 0 31.89493887 0 -176.55818433 0 -37.03914098 0 205.79244354 0 150099
0.37250000 0.37250000 2346.67959439 0 43.37727188 0 -183.54482129 0 -22.51568324 0 185.17356027 0 150468
0.37350000 0.37349800 2335.61834189 0 46.38063999 0 -174.71796394 0 54.53640372 0 194.02366949 0 150709
0.37450000 0.37449700 2340.93305781 0 30.12214895 0 -220.69579275 0 98.14010465 0 119.32865904 0 153108
0.37550000 0.37550100 2303.09892390 0 40.98919286 0 -273.71119121 0 74.87770382 0 187.01931681 0 153189
0.37650000 0.37649900 2294.36285962 0 60.23665799 0 -323.12365518 0 71.58180489 0 286.46208048 0 153547
0.37750000 0.37749900 2274.80913399 0 28.53183093 0 -324.13234397 0 20.17532595 0 290.32300014 0 155424
0.37850000 0.37850200 2265.04334350 0 41.50460958 0 -361.44718584 0 15.48099239 0 364.31713244 0 155313
0.37950000 0.37949900 2243.20871896 0 73.08653383 0 -335.50583603 0 -27.23791905 0 315.63212021 0 156100
0.38050000 0.38050000 2212.47194526 0 50.41030188 0 -327.58358762 0 -41.96787565 0 359.75533461 0 157557
0.38150000 0.38149800 2198.46545437 0 63.28442612 0 -307.64122339 0 -25.71813175 0 298.84093962 0 157692
0.38250000 0.38250100 2172.75551614 0 42.24014412 0 -266.44442444 0 -46.00993855 0 232.82441736 0 159703
0.38350000 0.38350500 2141.19939040 0 64.05661005 0 -244.05839812 0 -60.36177526 0 206.37595506 0 160338
0.38450000 0.38450600 2124.19229948 0 66.32433290 0 -256.71627985 0 -51.63324016 0 160.86537836 0 160167
0.38550000 0.38550000 2084.60873826 0 39.55665548 0 -220.23739850 0 -34.11106469 0 161.94271557 0 160033
0.38650000 0.38649600 2088.22938847 0 13.67509621 0 -232.67715544 0 55.89442436 0 145.95538576 0 162444
0.38750000 0.38750200 2087.39896411 0 14.75863392 0 -254.56049821 0 17.49792708 0 75.47638442 0 164307
0.38850000 0.38850400 2105.69044471 0 7.37999237 0 -333.39766538 0 76.99550739 0 133.22442668 0 163882
0.38950000 0.38950500 2116.48596141 0 10.57782372 0 -345.46760667 0 74.34047462 0 207.20527219 0 164595
0.39050000 0.39050100 2149.70293587 0 17.68837107 0 -401.99514656 0 95.64052732 0 256.83586096 0 165006
0.39150000 0.39150100 2133.88058370 0 34.81426803 0 -419.56360435 0 26.14330902 0 220.43116419 0 166687
0.39250000 0.39250100 2125.07808547 0 70.77518603 0 -408.93195806 0 -10.92693412 0 278.83767761 0 167256
0.39350000 0.39350100 2092.89083722 0 65.89505886 0 -396.76125862 0 -37.01910008 0 358.33807704 0 167937
0.39450000 0.39449600 2060.24962366 0 53.81426670 0 -401.95528619 0 -28.82314380 0 368.97083056 0 167719
0.39550000 0.39549700 2055.62139188 0 27.79685001 0 -364.45553650 0 -38.08735797 0 354.23688792 0 171636
0.39650000 0.39650400 2065.24324215 0 31.63850383 0 -382.91420920 0 4.59942159 0 300.50178835 0 171093
0.39750000 0.39750000 2053.87196456 0 28.49086333 0 -384.95040974 0 -38.31323340 0 247.00585098 0 170464
0.39850000 0.39849800 2055.58817491 0 64.54711404 0 -356.26423060 0 -20.15174189 0 292.65151005 0 172113
0.39950000 0.39949500 2015.52850371 0 62.57402576 0 -348.38516426 0 -51.49240019 0 239.95831624 0 173232
