### header ###
fiducial parameters:
Omega_m = 0.31
Omega_nu = 0
Omega_de = 0.69
Omega_k = 0
H_0 = 100
w_de = -1
zeff = 0
beta = 0
fgrowth = 0
b_1 = 2
gamma = 0.55
Lx = 3500 Ly = 3500 Lz = 3500
nx = 700 ny = 700 nz = 700
xoffset = -685.467585 yoffset = -31.7331281 zoffset = 572.489161
bins = 400 dk = 0.001
kx_ny = 0.628318531 ky_ny = 0.628318531 kz_ny = 0.628318531
############################
A(data) = 8.03978658 (not used)
A(ran) = 8.03904235 (used)
Ngal = 477564
weighted Ngal = 0
Nran = 23820508
weighted Nran = 0
SN(data) = 3484.16622
SN(ran) = 70.0229743
SN(data+ran) = 3554.18919
############################
13 columns: k_central k_mean P_0(k) sigma^{lin}_{P_0(k)} P^img_1(k) sigma^{lin}_{P_1(k)} P_2(k) sigma^{lin}_{P_2(k)} P^img_3(k) sigma^{lin}_{P_3(k)} P_4(k) sigma^{lin}_{P_4(k)} N_modes
### header ###
0.00050000 0 0 0 0 0 0 0 0 0 0 0 0
0.00150000 0.00179520 1196.86295127 0 -617.33857750 0 4785.82417334 0 -2761.54853302 0 7609.65453346 0 3
0.00250000 0.00253879 6001.03396683 0 -245.57530662 0 13279.26060150 0 -8416.24017953 0 11086.49739441 0 6
0.00350000 0.00331552 11250.92141797 0 -4050.76574560 0 10694.83604860 0 21162.20225613 0 9911.75694813 0 7
0.00450000 0.00420575 17786.36114218 0 -7013.80844567 0 21975.02162107 0 4407.00672432 0 2320.88107756 0 24
0.00550000 0.00557378 34499.26039319 0 -5561.67304571 0 24961.44907116 0 6375.25640105 0 -5584.91385550 0 45
0.00650000 0.00659388 45522.97770588 0 -8333.28632198 0 12795.17856043 0 13082.28394298 0 -15937.50434396 0 40
0.00750000 0.00754703 57946.79049189 0 -16067.49343733 0 18921.93877558 0 -17791.12224185 0 -42837.38532112 0 57
0.00850000 0.00846663 72753.14613238 0 -12145.78670981 0 14496.88416181 0 -17020.93132746 0 -38809.49499859 0 75
0.00950000 0.00948925 84352.29216589 0 -126.34076234 0 41684.31341450 0 -30977.81820786 0 -55401.92735557 0 112
0.01050000 0.01054430 83401.17946397 0 5585.36782082 0 23417.30265195 0 -14577.15851674 0 -45775.75888149 0 105
0.01150000 0.01145670 73658.86230254 0 162.88497041 0 32840.18324236 0 4514.15361159 0 -9875.17398693 0 144
0.01250000 0.01249090 74230.19426318 0 -829.23740818 0 17082.16128371 0 17692.35710447 0 -55732.65769790 0 169
0.01350000 0.01339930 70947.80357070 0 -3470.05552584 0 11521.75048304 0 32372.93113501 0 -36415.99054254 0 180
0.01450000 0.01448870 69430.45217755 0 3108.52197586 0 3133.10253696 0 -7126.03753003 0 -36354.20697005 0 267
0.01550000 0.01550050 69602.95899822 0 4974.20870780 0 -1117.68475649 0 -13699.01243537 0 -5555.71613495 0 238
0.01650000 0.01653350 70872.06886894 0 -2921.38861410 0 8265.35760922 0 -11004.54004611 0 4561.39922159 0 315
0.01750000 0.01747870 77214.85014130 0 734.09070655 0 27952.08400467 0 -7373.31576021 0 12497.22229956 0 297
0.01850000 0.01844180 82480.29420880 0 -1401.80061134 0 26657.83995662 0 4203.09879046 0 13536.47070704 0 388
0.01950000 0.01947590 78986.75428203 0 -1760.49964616 0 37217.95902916 0 10147.28744167 0 7403.96395531 0 399
0.02050000 0.02045430 83115.51348365 0 -115.01598852 0 30175.51755150 0 14726.74562504 0 13749.39151330 0 462
0.02150000 0.02154770 85304.62282355 0 -3667.99547662 0 34675.53180430 0 8891.17648030 0 14848.76264454 0 571
0.02250000 0.02255340 84376.76200374 0 4946.95971642 0 22542.47826803 0 7556.19734924 0 15270.39677364 0 510
0.02350000 0.02348930 77326.90206846 0 7121.08820084 0 21607.75260684 0 5296.76767442 0 15757.13617266 0 555
0.02450000 0.02439640 75740.23792195 0 2242.36722227 0 4444.32045896 0 4308.89485410 0 5032.74808912 0 592
0.02550000 0.02547300 73523.33704676 0 -5463.61653711 0 3541.08448955 0 5994.00304057 0 -2411.50805620 0 837
0.02650000 0.02652900 77304.97886532 0 -372.93693731 0 5960.37639010 0 -7108.96400516 0 -8850.50783124 0 723
0.02750000 0.02749970 79263.11950950 0 4803.55096537 0 14906.78162659 0 -8117.34277105 0 -5667.83449607 0 826
0.02850000 0.02848090 71280.85910124 0 6199.46109991 0 8414.86721125 0 -6898.43482106 0 879.03408182 0 831
0.02950000 0.02946900 63943.11872068 0 8041.66343091 0 9560.02240562 0 79.41779989 0 2032.85669205 0 996
0.03050000 0.03053250 64167.44402150 0 -187.49764125 0 13177.39521317 0 7681.48070456 0 -6112.29975894 0 1041
0.03150000 0.03150510 61317.98122942 0 -1863.56084558 0 12958.60607475 0 -945.58871907 0 -12681.46578454 0 1036
0.03250000 0.03246190 60022.96211863 0 6971.80004531 0 12905.90180861 0 1090.01723124 0 -13716.17453884 0 1059
0.03350000 0.03345080 55028.34711619 0 7840.51250593 0 15766.76909526 0 -11204.41765373 0 -5173.95344753 0 1302
0.03450000 0.03451200 48848.77191166 0 4647.92944005 0 20665.05487178 0 -5176.74367339 0 -5716.51950829 0 1339
0.03550000 0.03553350 45522.20264314 0 4288.92038013 0 26337.40687637 0 366.06102360 0 -1595.72130821 0 1365
0.03650000 0.03647120 43729.70397825 0 920.63391339 0 28145.84968900 0 5984.66907075 0 -507.53322504 0 1308
0.03750000 0.03744890 44815.23470347 0 -3470.54270813 0 27403.11814016 0 10413.43291334 0 7826.93783570 0 1579
0.03850000 0.03847530 45817.94443905 0 -469.74448766 0 24767.90483333 0 10884.73749157 0 6364.18407624 0 1662
0.03950000 0.03950240 46181.22741635 0 950.02429239 0 20292.69258813 0 4561.01169022 0 6945.86866058 0 1683
0.04050000 0.04050350 43110.65029764 0 2507.28366588 0 15811.27984103 0 3211.70497085 0 7730.59753746 0 1822
0.04150000 0.04152450 43762.03516672 0 142.22401230 0 11728.58151065 0 1310.48714856 0 3903.30452367 0 1887
0.04250000 0.04250150 41828.80725339 0 -412.24922658 0 12665.41091355 0 -343.78239883 0 2865.75018189 0 1920
0.04350000 0.04349210 42773.49800691 0 367.90899461 0 11602.02483797 0 3681.86909962 0 2251.65690280 0 2005
0.04450000 0.04448520 43098.36001709 0 1236.44651250 0 9206.07339814 0 -276.66639471 0 4519.95550979 0 2151
0.04550000 0.04548030 41416.36315389 0 1345.76357543 0 11601.80339147 0 -695.48704607 0 2292.75737252 0 2274
0.04650000 0.04648670 41845.30501737 0 374.77383600 0 14734.82842216 0 -2555.74723161 0 3389.62615836 0 2311
0.04750000 0.04749250 40127.76599150 0 1315.84615377 0 16412.50707868 0 262.41409820 0 5844.94740387 0 2568
0.04850000 0.04851840 41484.34722828 0 -51.57522117 0 18125.72789787 0 -287.97456005 0 7518.40750463 0 2493
0.04950000 0.04949480 39613.89939666 0 301.48058186 0 17030.78569655 0 3033.60662614 0 4281.44656087 0 2644
0.05050000 0.05050630 40095.21335653 0 1567.57545852 0 16793.50577569 0 1433.92142564 0 2538.88408092 0 2829
0.05150000 0.05149060 37960.46913150 0 1213.87004219 0 15964.41009327 0 1427.99773186 0 7090.39571644 0 2784
0.05250000 0.05249300 37105.79637874 0 935.81960688 0 14437.42577753 0 3418.90138518 0 7157.26148602 0 3055
0.05350000 0.05348950 37274.98150197 0 -33.11920583 0 15006.98616620 0 3297.70371771 0 7397.59736853 0 3009
0.05450000 0.05448610 37298.78700033 0 515.66031145 0 15415.44422876 0 4516.60059537 0 6735.48341670 0 3336
0.05550000 0.05550870 36499.69731817 0 699.93037002 0 13689.15806629 0 1904.98241272 0 8870.09477384 0 3349
0.05650000 0.05647670 35626.09088998 0 625.23425232 0 14674.37352865 0 -26.57623692 0 9921.07984563 0 3324
0.05750000 0.05747970 36539.44696427 0 862.84302123 0 16308.98084163 0 -1912.13513456 0 6812.43607419 0 3639
0.05850000 0.05849280 35542.27339110 0 809.29836564 0 17341.47513096 0 -6909.70644773 0 4660.31937152 0 3846
0.05950000 0.05951020 34840.73089059 0 2052.72044278 0 19799.42051746 0 -3771.05667603 0 3665.71457771 0 3787
0.06050000 0.06049470 33479.16710764 0 2108.70211706 0 21489.27873128 0 -3629.02089326 0 1800.91363175 0 3930
0.06150000 0.06148310 33509.83744739 0 124.10525996 0 22738.56914056 0 325.42669874 0 -995.58469456 0 4083
0.06250000 0.06249100 32643.64947683 0 -148.59281353 0 22105.01071444 0 2878.23976428 0 -2572.00140445 0 4303
0.06350000 0.06350600 32714.29090917 0 825.42299228 0 20035.48248259 0 2488.25033952 0 -4070.88415980 0 4470
0.06450000 0.06451750 31615.03050118 0 149.61368188 0 17653.60396760 0 4714.49625686 0 -4444.33153128 0 4479
0.06550000 0.06550280 31645.03650144 0 -280.80080080 0 17119.69646485 0 3157.79382130 0 -3475.13772293 0 4636
0.06650000 0.06648880 31574.94868533 0 -167.92287820 0 14716.55908621 0 3917.62103966 0 -1757.20009337 0 4653
0.06750000 0.06749660 31971.67008359 0 -250.78372821 0 13578.21337160 0 1437.91853490 0 -936.53155737 0 5220
0.06850000 0.06852730 31415.72865444 0 1253.78577316 0 12769.15859710 0 -480.51675248 0 -2816.77728921 0 5029
0.06950000 0.06949320 29909.00669312 0 1248.06138123 0 12744.79948250 0 -406.79389214 0 -204.78154029 0 5040
0.07050000 0.07048030 28845.95278728 0 861.62727997 0 12190.85107183 0 650.38171645 0 -251.31187811 0 5475
0.07150000 0.07148790 29003.29052295 0 -286.27163649 0 11678.20243272 0 1029.15598341 0 -2137.65624646 0 5509
0.07250000 0.07249820 28585.75315404 0 -333.96789011 0 11982.02702575 0 1585.77836053 0 -4983.24372485 0 5916
0.07350000 0.07351270 28909.95082473 0 981.71882219 0 9478.26435916 0 1263.11974299 0 -4590.40871261 0 5721
0.07450000 0.07449140 27524.91371317 0 422.79340150 0 9111.36073164 0 450.89828359 0 -2685.82490358 0 6028
0.07550000 0.07549160 27732.51980352 0 505.28665033 0 8613.30541665 0 685.90948510 0 -2238.94587390 0 6183
0.07650000 0.07648840 27451.28275313 0 -13.59238595 0 8369.65890901 0 1991.29118468 0 -617.75046798 0 6330
0.07750000 0.07749960 27262.94250796 0 322.43938551 0 8145.42218679 0 1876.21651284 0 -90.56862749 0 6583
0.07850000 0.07848650 27504.20846576 0 385.43316310 0 8674.71253009 0 515.41450584 0 633.18085985 0 6549
0.07950000 0.07947320 26190.58784927 0 1003.30874835 0 8903.82107524 0 -89.59581303 0 1132.92027544 0 6828
0.08050000 0.08048110 25863.06848114 0 860.54551384 0 8929.46457952 0 -148.83861914 0 2667.01302372 0 7147
0.08150000 0.08149960 25475.98000548 0 4.19104103 0 8841.33994629 0 1120.85144139 0 2439.91964169 0 7386
0.08250000 0.08250610 25135.61674055 0 401.72941077 0 8460.52947880 0 366.36883423 0 783.75119059 0 7227
0.08350000 0.08350160 24716.08635318 0 987.58715434 0 8292.96091499 0 -176.73977045 0 -163.11748923 0 7798
0.08450000 0.08449610 23158.32097444 0 1441.42846187 0 7834.92098190 0 -645.83763435 0 931.76159984 0 7371
0.08550000 0.08548940 22360.00635502 0 1241.78337306 0 8791.97952225 0 -212.25535954 0 2059.46348859 0 8256
0.08650000 0.08650700 21946.78719278 0 -261.37219244 0 8349.69550737 0 1594.75801595 0 1449.16801691 0 8037
0.08750000 0.08749060 21955.53432939 0 -391.75656780 0 8303.81179332 0 2203.62515773 0 1122.50121779 0 8155
0.08850000 0.08849210 22315.05271625 0 346.40986151 0 7974.25511741 0 1141.83349692 0 307.49285424 0 8718
0.08950000 0.08949900 21646.06285071 0 620.23509767 0 7003.40046034 0 106.75703071 0 1014.55490867 0 8571
0.09050000 0.09049190 20738.57510857 0 1186.13386852 0 7599.72265810 0 -1076.51563835 0 1678.54229786 0 8932
0.09150000 0.09150830 20109.00271938 0 646.78431812 0 7294.30365030 0 -314.97220965 0 657.79795962 0 9285
0.09250000 0.09250820 19545.31066287 0 426.31882972 0 7637.61215363 0 -191.89999759 0 382.47685237 0 9204
0.09350000 0.09350330 19358.29909668 0 242.38094091 0 7455.07380667 0 446.64761809 0 -1297.98649384 0 9349
0.09450000 0.09448040 19116.14735290 0 -13.82545838 0 7042.78471972 0 456.58945855 0 -218.92311355 0 9564
0.09550000 0.09549270 19187.12095498 0 314.38537644 0 7074.91660634 0 506.45810230 0 257.39501336 0 10155
0.09650000 0.09649430 19040.96626738 0 315.83917268 0 6380.44932139 0 544.25791200 0 815.76238887 0 9913
0.09750000 0.09749140 18921.38515934 0 56.08951873 0 7587.37701593 0 727.38087771 0 1633.59973142 0 10476
0.09850000 0.09850240 18686.31970344 0 490.29472253 0 7052.77195671 0 -193.31725517 0 1076.62082544 0 10575
0.09950000 0.09950330 18116.64859152 0 996.82368770 0 7928.95823658 0 -132.52022682 0 2140.29145977 0 10882
0.10050000 0.10051200 17400.60134550 0 738.86287854 0 7459.33665172 0 51.83752455 0 2110.17473626 0 10875
0.10150000 0.10150300 16967.34127534 0 283.03408871 0 7257.80926770 0 479.12385402 0 2192.51961594 0 11118
0.10250000 0.10250800 16738.36559809 0 -255.83492279 0 7081.39391636 0 733.69431732 0 1009.63326029 0 11575
0.10350000 0.10349800 16879.09484654 0 -286.49751191 0 6178.53440600 0 1011.11916628 0 293.59044319 0 11364
0.10450000 0.10450100 16829.71227785 0 132.41061081 0 5484.95290704 0 486.55670567 0 -434.93088397 0 12093
0.10550000 0.10551000 16970.44152629 0 127.20551091 0 5298.15171502 0 125.52362477 0 174.15106091 0 12067
0.10650000 0.10649700 16802.91725178 0 177.03540153 0 5429.81272944 0 118.78722235 0 -593.53750807 0 12054
0.10750000 0.10749900 16690.97604787 0 32.79744407 0 5089.17265639 0 -341.81927564 0 -593.26734334 0 12807
0.10850000 0.10850100 16888.06342964 0 299.22847099 0 5747.11234177 0 -290.96408775 0 18.70503193 0 12736
0.10950000 0.10950300 16330.35042853 0 333.32237357 0 5722.54285300 0 -280.20621695 0 -200.02265508 0 12933
0.11050000 0.11050200 16177.88451577 0 377.32268517 0 6607.56484807 0 -330.85656684 0 -129.04794576 0 13428
0.11150000 0.11150900 16074.91189496 0 329.31862092 0 6452.75160246 0 41.73934287 0 122.70793257 0 13453
0.11250000 0.11250000 15658.70320503 0 120.39824561 0 6465.69515017 0 944.46487810 0 392.14631364 0 13668
0.11350000 0.11349100 15640.76603882 0 257.98848997 0 6179.37590269 0 688.47494276 0 427.36184272 0 13791
0.11450000 0.11448600 15162.44160665 0 313.51177001 0 5872.71679451 0 966.67928338 0 -136.24717136 0 14205
0.11550000 0.11549300 15079.39917051 0 318.19204171 0 5092.81545126 0 494.87755777 0 205.56324642 0 14776
0.11650000 0.11649800 14477.06470038 0 366.82612124 0 4583.00132731 0 255.39978043 0 -236.50042920 0 14553
0.11750000 0.11747300 14363.24120124 0 271.11915997 0 4885.22043323 0 -12.31065363 0 187.76891320 0 14568
0.11850000 0.11849100 14069.82459355 0 128.20534184 0 4926.83022990 0 -211.96415740 0 -372.13419376 0 16015
0.11950000 0.11950300 13991.43253383 0 172.73380333 0 5042.31457776 0 -194.34144522 0 -22.77942602 0 15270
0.12050000 0.12050700 13993.86844529 0 83.08716833 0 5234.06509897 0 259.22637589 0 -101.65246753 0 15999
0.12150000 0.12150000 14064.84204738 0 53.54786656 0 5338.75393013 0 237.96086884 0 -5.14031572 0 15670
0.12250000 0.12250700 13925.55220116 0 -29.37963884 0 4811.31266507 0 624.65184804 0 262.24026270 0 16887
0.12350000 0.12352200 14128.28646859 0 -81.23100380 0 4697.83240800 0 596.44952949 0 506.82459625 0 16407
0.12450000 0.12449800 13879.49132992 0 215.21056304 0 4623.66997637 0 500.75253332 0 100.16800094 0 16306
0.12550000 0.12549900 13837.30577236 0 315.46271364 0 4077.61613329 0 229.45953784 0 54.68720879 0 17523
0.12650000 0.12650100 13428.40481681 0 226.61616483 0 4187.47574014 0 18.06925904 0 369.12141418 0 17154
0.12750000 0.12750600 13171.52688101 0 431.22165515 0 4188.10686265 0 -59.13927987 0 -349.03510972 0 18007
0.12850000 0.12850300 12933.58262066 0 356.54546765 0 3947.92599269 0 47.93441933 0 -210.04753797 0 17496
0.12950000 0.12949900 12774.80548276 0 120.64515846 0 4191.58357265 0 -288.22147289 0 -390.30387879 0 18405
0.13050000 0.13049000 12478.28862412 0 -99.17935305 0 3943.98424505 0 304.09365052 0 266.33148672 0 18100
0.13150000 0.13148800 12763.06881845 0 75.06604406 0 4034.31227092 0 644.45248651 0 -682.27444086 0 19059
0.13250000 0.13249300 12457.69409996 0 245.34721673 0 3704.81095664 0 145.57339055 0 -280.04788271 0 18957
0.13350000 0.13349100 12279.31894713 0 500.33732114 0 4151.22494868 0 -19.79975269 0 -292.31712584 0 19468
0.13450000 0.13450700 11901.86339406 0 263.42943039 0 3749.52100426 0 -189.87486939 0 306.35129755 0 19953
0.13550000 0.13551000 11821.36759263 0 -45.88482128 0 4325.91301735 0 361.92329581 0 477.62355400 0 19956
0.13650000 0.13649900 11932.64445706 0 -103.96381533 0 3876.94131827 0 107.40110785 0 -31.48415562 0 19723
0.13750000 0.13749600 11919.35766727 0 146.14804421 0 4424.82209495 0 -125.08737517 0 52.98151715 0 20946
0.13850000 0.13851100 11864.99255241 0 268.50719855 0 4107.95430329 0 -165.04739544 0 698.28502255 0 20955
0.13950000 0.13949800 11625.71961308 0 172.03735410 0 4445.98130768 0 236.49932196 0 636.66089154 0 20506
0.14050000 0.14048300 11660.15454327 0 -18.94297619 0 4221.62278988 0 476.50082027 0 425.76742795 0 21447
0.14150000 0.14148400 11421.32449693 0 271.19555902 0 4130.64149684 0 330.43249680 0 68.89576961 0 21771
0.14250000 0.14249400 11164.77873088 0 295.58899782 0 3661.44066033 0 230.30324900 0 379.03778828 0 22470
0.14350000 0.14350900 11154.59219205 0 118.80825977 0 3539.81117220 0 195.79191977 0 -1.56124209 0 22519
0.14450000 0.14449900 11005.44797674 0 -152.49137910 0 3087.67278823 0 0.29028203 0 -415.59639037 0 22218
0.14550000 0.14550500 11093.14078931 0 -5.24230291 0 3196.49159654 0 132.93101008 0 -436.55408679 0 23559
0.14650000 0.14650700 11060.59922666 0 114.39593833 0 2765.29097881 0 60.78529168 0 -552.86885901 0 23044
0.14750000 0.14750500 10930.48833772 0 266.41120746 0 2841.70109238 0 190.04759765 0 -815.19327138 0 23649
0.14850000 0.14849900 10572.69723353 0 364.71684336 0 2510.62750798 0 -65.74137499 0 -885.24233434 0 23640
0.14950000 0.14949500 10354.81602575 0 280.20843142 0 2829.06756976 0 -81.09005310 0 -879.82907474 0 24457
0.15050000 0.15050000 10155.13771997 0 193.85204846 0 2975.79801826 0 8.27599811 0 -551.21022475 0 24591
0.15150000 0.15149900 10082.25967801 0 22.49320642 0 2808.92701092 0 106.19610674 0 -1082.28542682 0 25020
0.15250000 0.15250500 10089.73349727 0 -85.49440247 0 2928.25345549 0 -100.98214898 0 -827.29864410 0 25297
0.15350000 0.15350100 10100.93868998 0 103.52114378 0 3036.25291177 0 -250.49031160 0 -1374.38553509 0 25452
0.15450000 0.15450400 10099.06746709 0 290.46583313 0 3201.61808294 0 -285.60508253 0 -1049.56006358 0 26061
0.15550000 0.15549900 9860.95712186 0 282.88350509 0 3263.29093218 0 -35.31883388 0 -1101.79707761 0 26128
0.15650000 0.15649500 9647.33875914 0 114.22431729 0 3429.71904652 0 -37.73702962 0 -773.32548954 0 26331
0.15750000 0.15749700 9597.08147678 0 173.30734976 0 3361.64639354 0 478.19156427 0 -579.53987503 0 27345
0.15850000 0.15849900 9432.53565765 0 216.66989545 0 3284.10690283 0 388.06394748 0 -378.84180813 0 26980
0.15950000 0.15949700 9297.77439229 0 134.79116064 0 3264.50888791 0 439.52922047 0 111.48834583 0 27777
0.16050000 0.16050000 9261.78933663 0 -16.44771707 0 3173.88190926 0 266.22629964 0 482.88622999 0 28224
0.16150000 0.16150500 9239.89935046 0 92.31971566 0 3240.49301537 0 377.97927403 0 605.99276625 0 28075
0.16250000 0.16249700 9205.90731327 0 39.79459974 0 3071.64006189 0 275.09080289 0 1006.08568741 0 28590
0.16350000 0.16349900 9086.35942220 0 66.24117974 0 2805.77139834 0 262.68426293 0 923.32448832 0 29163
0.16450000 0.16449100 9145.45241976 0 41.38580354 0 2803.36870386 0 331.24852713 0 817.93256454 0 28996
0.16550000 0.16550500 9008.38811083 0 -24.73036965 0 2556.02403973 0 141.27289959 0 608.33788465 0 30777
0.16650000 0.16650700 9002.29833218 0 213.66708096 0 2766.60858546 0 -0.78492486 0 409.11575865 0 29211
0.16750000 0.16749900 8706.91085066 0 246.30386559 0 2565.47980513 0 -114.31953929 0 636.26339508 0 30922
0.16850000 0.16850800 8625.36317838 0 299.26168797 0 2670.10220234 0 19.69545139 0 830.38892996 0 30867
0.16950000 0.16949900 8500.57807767 0 47.89621981 0 2597.37917293 0 -155.88836835 0 486.40501482 0 30852
0.17050000 0.17049200 8381.83846631 0 164.48049241 0 2821.83734166 0 191.50803730 0 881.75233756 0 31257
0.17150000 0.17149500 8520.58576862 0 120.70494901 0 2935.74941939 0 -120.83338798 0 837.59369172 0 32608
0.17250000 0.17250900 8221.52227526 0 41.58244803 0 2891.90301311 0 34.85601070 0 791.95467605 0 32361
0.17350000 0.17350400 8338.45709767 0 95.95398483 0 2898.40246778 0 113.49908002 0 1020.37562982 0 32508
0.17450000 0.17449800 8238.69545106 0 -48.78776340 0 2818.74816303 0 320.99998328 0 810.62593739 0 32791
0.17550000 0.17549800 8127.37429733 0 68.47181029 0 2534.83161003 0 400.91780936 0 675.67312080 0 33633
0.17650000 0.17650100 8177.12225274 0 94.03836192 0 2481.69552323 0 192.07272586 0 620.04243922 0 33984
0.17750000 0.17750300 7979.10479569 0 120.39381668 0 2280.50030895 0 -27.68291579 0 338.15765782 0 34069
0.17850000 0.17849800 7991.19577439 0 193.35379384 0 2204.23413560 0 -129.21292340 0 567.20751965 0 34536
0.17950000 0.17950400 7684.25985809 0 180.06257513 0 2220.57688703 0 -107.68013043 0 466.88229170 0 35343
0.18050000 0.18050100 7694.34674600 0 132.14598225 0 2463.29331938 0 7.34931096 0 317.38708369 0 34990
0.18150000 0.18150500 7594.58509938 0 44.91399984 0 2154.76298831 0 289.85685526 0 511.82596537 0 36243
0.18250000 0.18250200 7613.44126855 0 -28.41136404 0 2124.51339690 0 236.38749148 0 407.23457067 0 35694
0.18350000 0.18350400 7594.47437614 0 -69.88176014 0 1891.50739342 0 319.56611722 0 520.83883777 0 37087
0.18450000 0.18450600 7720.01239493 0 -3.77069129 0 1761.85046979 0 284.14907182 0 365.98130286 0 36651
0.18550000 0.18550700 7584.75287494 0 38.35973716 0 1473.94787986 0 165.32752526 0 530.92683291 0 37818
0.18650000 0.18651000 7570.60244383 0 125.56791407 0 1539.01993282 0 85.28413902 0 418.87933468 0 37267
0.18750000 0.18750100 7463.85416025 0 137.62567580 0 1361.47520435 0 50.26602949 0 218.92311355 0 38334
0.18850000 0.18850000 7308.42086445 0 200.64270527 0 1493.28015899 0 -148.42229973 0 222.67995336 0 38223
0.18950000 0.18949500 7219.15578176 0 183.79505583 0 1360.58941836 0 -73.28029952 0 287.21610580 0 39064
0.19050000 0.19050000 7018.89064276 0 210.35534860 0 1417.14685354 0 -18.25217385 0 263.75163504 0 39609
0.19150000 0.19149800 7010.67497775 0 -5.43160645 0 1450.48562357 0 55.81237844 0 314.73304743 0 39576
0.19250000 0.19250400 6948.04990857 0 -35.68477421 0 1460.26248638 0 123.57821730 0 382.83448846 0 40909
0.19350000 0.19350500 7106.99313134 0 -3.35088409 0 1392.35591827 0 212.95734493 0 211.25663584 0 40191
0.19450000 0.19450100 7034.09294474 0 -20.57116156 0 1358.00956668 0 -84.34465226 0 190.59567773 0 41232
0.19550000 0.19549800 7016.23328481 0 168.27940706 0 1463.80563032 0 -44.75201173 0 21.54774061 0 40873
0.19650000 0.19649700 6951.58198019 0 229.85149814 0 1561.99500682 0 -425.54265976 0 74.61506827 0 42816
0.19750000 0.19750200 6806.84455016 0 118.93448427 0 1663.88253980 0 -0.31792077 0 111.30122354 0 41727
0.19850000 0.19849000 6729.30505946 0 82.53997404 0 1698.25103603 0 17.60488574 0 172.79470112 0 42610
0.19950000 0.19949900 6784.32344148 0 -16.26380576 0 1712.98830037 0 135.24180426 0 49.18470625 0 43863
0.20050000 0.20050100 6787.16902896 0 0.94395112 0 1585.64549263 0 266.52193071 0 -35.46676014 0 43302
0.20150000 0.20150100 6690.48548864 0 158.90446963 0 1579.99860697 0 -16.77047534 0 76.87670134 0 44487
0.20250000 0.20249700 6540.98695894 0 162.75542421 0 1516.03378649 0 38.55128838 0 128.42678834 0 43759
0.20350000 0.20349100 6488.20518653 0 114.02169375 0 1639.10267685 0 58.17454821 0 244.32745561 0 45282
0.20450000 0.20449700 6387.82348972 0 104.11838499 0 1611.13398436 0 93.61274175 0 293.70338091 0 45483
0.20550000 0.20549900 6340.61109670 0 30.83886053 0 1644.67205624 0 189.70767728 0 219.49555274 0 46138
0.20650000 0.20650200 6341.36401478 0 64.10388888 0 1605.22136291 0 10.89400503 0 382.97178529 0 46227
0.20750000 0.20749300 6343.36810558 0 39.24341941 0 1643.24372634 0 125.32653739 0 467.94191318 0 46236
0.20850000 0.20850300 6163.70856307 0 80.95474930 0 1499.95677086 0 145.05077682 0 476.58607717 0 48361
0.20950000 0.20950400 6230.98400867 0 22.04211991 0 1449.59983758 0 166.36057317 0 578.50904159 0 46812
0.21050000 0.21050300 6197.83346816 0 -7.72123035 0 1402.96320545 0 161.07685976 0 443.20966124 0 48813
0.21150000 0.21149700 6177.43824584 0 104.09834408 0 1388.49167691 0 -55.79687718 0 220.24514913 0 47215
0.21250000 0.21249000 6008.59636469 0 139.29981131 0 1135.67728432 0 -43.07687971 0 100.05583829 0 50004
0.21350000 0.21350300 5962.03723882 0 114.89862188 0 1232.37189696 0 -226.14780549 0 -20.87365747 0 49509
0.21450000 0.21449800 5852.14441500 0 109.37142805 0 1220.24770129 0 -177.85143186 0 -15.07463807 0 49660
0.21550000 0.21550100 5843.67408651 0 33.19316896 0 1386.05576545 0 73.29602222 0 -44.61504707 0 50841
0.21650000 0.21649800 5950.23414057 0 -49.54145655 0 1142.36496851 0 209.48506387 0 -5.35877269 0 50424
0.21750000 0.21750300 5861.92127781 0 -23.63775264 0 1132.63239500 0 223.70082171 0 19.55350418 0 52231
0.21850000 0.21850300 5936.83662754 0 100.46429635 0 1062.81695809 0 136.29588959 0 100.64433235 0 51078
0.21950000 0.21950100 5798.86438797 0 163.48176871 0 1110.03378004 0 54.21220605 0 442.93949651 0 52791
0.22050000 0.22050700 5696.57825130 0 208.92701870 0 1175.63730459 0 18.93522557 0 472.79380592 0 52969
0.22150000 0.22150000 5558.98247077 0 52.79162678 0 1151.24497302 0 86.48803290 0 475.50209657 0 52704
0.22250000 0.22250100 5585.13530200 0 50.13371521 0 1199.45387528 0 53.20872126 0 543.05656475 0 54051
0.22350000 0.22349900 5513.05446743 0 64.48422323 0 1061.95331675 0 -13.53325973 0 550.09302718 0 53938
0.22450000 0.22449800 5460.08446549 0 119.78705328 0 1057.94845686 0 2.55600190 0 496.89936428 0 54735
0.22550000 0.22549100 5383.18716963 0 99.00739985 0 1123.46451005 0 -0.19767532 0 682.77601717 0 54774
0.22650000 0.22649900 5313.16578748 0 17.38354997 0 1033.14534204 0 184.39074690 0 570.59786551 0 56911
0.22750000 0.22749800 5309.70014981 0 68.16665702 0 992.81550612 0 135.01925054 0 588.06999407 0 54879
0.22850000 0.22849100 5249.58849837 0 36.67596873 0 906.67281903 0 134.73358456 0 522.51408052 0 57210
0.22950000 0.22949800 5251.07218989 0 17.77861051 0 817.73436992 0 90.43775261 0 507.79674637 0 57375
0.23050000 0.23049600 5300.22223976 0 10.25836500 0 829.46881977 0 -86.75952630 0 370.31833249 0 57604
0.23150000 0.23150100 5238.35008868 0 45.38180556 0 848.47114362 0 -164.46831286 0 576.42855176 0 58629
0.23250000 0.23250200 5275.91848679 0 75.87332727 0 922.50624352 0 -64.62506321 0 460.74711652 0 58560
0.23350000 0.23350400 5219.74858298 0 84.94045406 0 995.43411094 0 -50.04557950 0 391.93483223 0 59305
0.23450000 0.23449700 5157.42246658 0 122.52523921 0 1161.19899303 0 -101.92528961 0 219.53319864 0 59196
0.23550000 0.23549300 5067.52626137 0 162.14644634 0 1146.06312500 0 -51.24969483 0 401.82573999 0 60063
0.23650000 0.23649900 4976.79963181 0 72.52505624 0 1174.39720421 0 -61.48484116 0 375.25216043 0 61537
0.23750000 0.23750400 4977.72970709 0 -6.49361955 0 1160.31320705 0 101.39680755 0 326.88160223 0 61224
0.23850000 0.23850100 4997.73739804 0 -4.31575970 0 1049.44823310 0 191.54236150 0 248.93022104 0 61221
0.23950000 0.23949400 4961.58625751 0 56.22260807 0 1070.70377506 0 31.22971360 0 297.35171193 0 62332
0.24050000 0.24050100 4980.37599273 0 39.24696255 0 942.22162509 0 -112.33759315 0 173.50000821 0 63447
0.24150000 0.24150500 4913.44378920 0 148.85412040 0 1113.70979188 0 -18.19780873 0 223.23578406 0 63342
0.24250000 0.24250300 4802.11156315 0 150.06653996 0 1063.40046961 0 -124.67105576 0 255.65555113 0 63379
0.24350000 0.24349600 4725.25855658 0 93.39439551 0 1150.89065862 0 91.83939821 0 184.67198395 0 64266
0.24450000 0.24449500 4654.78320911 0 -8.12648851 0 967.05463520 0 177.14612477 0 309.36518436 0 64695
0.24550000 0.24549600 4688.78631863 0 -4.09530971 0 1021.67884246 0 231.93309521 0 217.03196047 0 65947
0.24650000 0.24650000 4745.00051173 0 -63.16340561 0 733.46401296 0 228.36891385 0 280.06559843 0 66018
0.24750000 0.24750000 4734.73646662 0 -16.44660984 0 715.09059716 0 83.86112384 0 244.11154528 0 66303
0.24850000 0.24849600 4746.70564975 0 95.86529551 0 693.36226693 0 -12.21388151 0 271.22877599 0 66958
0.24950000 0.24949200 4667.09563431 0 148.46216010 0 703.60748909 0 -99.43302002 0 306.19074884 0 66975
0.25050000 0.25048900 4516.26842563 0 116.10329082 0 716.31741075 0 -5.81983537 0 407.09505937 0 68676
0.25150000 0.25150000 4512.08308685 0 101.82873894 0 803.17204832 0 -45.90674448 0 232.46124510 0 69349
0.25250000 0.25249900 4498.65235684 0 0.19180588 0 835.88301753 0 22.35856695 0 276.45380607 0 68592
0.25350000 0.25349900 4442.46030839 0 65.73561739 0 714.29006807 0 -41.41193422 0 78.77737662 0 70437
0.25450000 0.25450100 4424.33491266 0 59.96438952 0 786.15720677 0 -37.94419281 0 208.52398608 0 70099
0.25550000 0.25550100 4436.34838509 0 41.50505248 0 689.80583620 0 25.04847754 0 147.78231935 0 71064
0.25650000 0.25650300 4386.89938245 0 34.82279372 0 693.72322472 0 39.89358632 0 144.90240767 0 71409
0.25750000 0.25750600 4362.30774902 0 26.49850920 0 601.49518791 0 79.83965546 0 39.28372267 0 72612
0.25850000 0.25850600 4401.74737003 0 52.13326635 0 593.86635611 0 105.92250959 0 116.87392462 0 71845
0.25950000 0.25949600 4326.88738193 0 30.82402362 0 534.36811147 0 106.36296667 0 144.89797874 0 72816
0.26050000 0.26049800 4344.72489721 0 53.34491085 0 491.28569560 0 3.07639009 0 138.10732193 0 73743
0.26150000 0.26149900 4299.28407616 0 30.64797365 0 471.84933661 0 69.23513637 0 110.22599008 0 74662
0.26250000 0.26250300 4246.32514655 0 72.36827212 0 466.24120409 0 -22.76348187 0 -6.59296045 0 74931
0.26350000 0.26350100 4228.58728219 0 64.18073081 0 517.35659162 0 -136.00468744 0 -33.12540633 0 75087
0.26450000 0.26450200 4213.67286066 0 68.78194611 0 541.84968135 0 -156.36558555 0 -1.17499511 0 76678
0.26550000 0.26550600 4139.39970578 0 108.94137895 0 651.31068450 0 -125.05526543 0 49.13897755 0 76035
0.26650000 0.26650100 4105.69554903 0 63.73263383 0 613.61163296 0 59.56966114 0 58.52985912 0 77094
0.26750000 0.26750600 4092.28696367 0 22.79459510 0 707.01665790 0 31.95107556 0 154.39028281 0 78463
0.26850000 0.26850100 4075.85563364 0 78.73862348 0 653.05679013 0 196.45293756 0 251.36170357 0 77076
0.26950000 0.26949700 4062.25881876 0 33.23391511 0 613.38465030 0 170.57469999 0 265.90077329 0 79149
0.27050000 0.27049900 4024.85650553 0 7.77365781 0 540.18551093 0 109.95837199 0 353.14958563 0 79648
0.27150000 0.27150200 4044.21092931 0 35.50429532 0 611.54775162 0 90.67436819 0 463.51409049 0 80241
0.27250000 0.27250500 4018.83316083 0 71.79107183 0 476.38013193 0 45.57457474 0 603.38744822 0 80835
0.27350000 0.27350000 3963.80370648 0 36.12456695 0 538.00094124 0 70.24692541 0 523.65452997 0 80680
0.27450000 0.27450400 3941.67012916 0 68.07508890 0 439.69198364 0 46.09530618 0 683.98511504 0 82617
0.27550000 0.27550800 3924.64089359 0 13.44324173 0 439.13836740 0 130.26036533 0 609.59348629 0 82548
0.27650000 0.27649900 3897.95659078 0 25.87414081 0 352.82848821 0 45.46041907 0 528.09010330 0 81181
0.27750000 0.27748900 3932.42473794 0 62.96587533 0 327.43964740 0 -18.12362416 0 473.54229508 0 84096
0.27850000 0.27849800 3835.37581091 0 62.68497045 0 325.14878339 0 -75.20168004 0 327.32117352 0 85215
0.27950000 0.27950200 3842.04135045 0 75.56297000 0 305.48876344 0 -149.60925295 0 346.93136801 0 84514
0.28050000 0.28050300 3792.81379430 0 31.66474524 0 349.18458611 0 -20.01068047 0 191.23122918 0 85815
0.28150000 0.28150100 3805.48053390 0 50.58568751 0 391.19187924 0 -37.95349357 0 78.62214263 0 85485
0.28250000 0.28250000 3785.12960088 0 61.70252307 0 437.61149381 0 -19.52383035 0 144.02215785 0 87220
0.28350000 0.28350400 3720.91011693 0 42.42859509 0 401.90878243 0 17.26618332 0 157.30894763 0 87147
0.28450000 0.28449700 3755.88759103 0 88.32349219 0 422.23092740 0 128.76892318 0 127.58307719 0 87102
0.28550000 0.28549800 3699.36337283 0 3.63973890 0 389.30958402 0 65.80072266 0 231.05505985 0 88971
0.28650000 0.28649900 3715.20786965 0 -17.89797018 0 378.26604724 0 112.92110466 0 189.54380687 0 89434
0.28750000 0.28750100 3758.03562205 0 24.22148560 0 303.15250291 0 7.45990134 0 313.51619894 0 89619
0.28850000 0.28849900 3729.60189191 0 56.61002872 0 183.83380896 0 48.65179525 0 361.43943522 0 90240
0.28950000 0.28950100 3687.67099782 0 27.26349612 0 190.77837109 0 67.37155338 0 382.57428883 0 91333
0.29050000 0.29050500 3668.25014009 0 68.48642576 0 145.21021830 0 50.69131748 0 402.53658325 0 92139
0.29150000 0.29150600 3602.42516905 0 92.73249193 0 124.89914565 0 190.88134371 0 342.50686701 0 92370
0.29250000 0.29250200 3510.87918745 0 69.43366315 0 88.26691261 0 94.62951334 0 378.97135434 0 91819
0.29350000 0.29349600 3471.01881810 0 104.97804028 0 105.02498694 0 -49.48421263 0 418.00240655 0 93552
0.29450000 0.29450000 3440.83566064 0 104.55540965 0 134.08031739 0 -106.86819685 0 369.21220724 0 94701
0.29550000 0.29550200 3356.47561785 0 74.44366869 0 262.18711554 0 -214.63812384 0 526.59423221 0 95020
0.29650000 0.29650300 3412.51265376 0 -8.91495983 0 289.76163327 0 -132.25781273 0 504.31007128 0 95151
0.29750000 0.29749800 3445.65212194 0 -13.61940242 0 408.49792293 0 -15.92521406 0 486.87448139 0 95802
0.29850000 0.29850000 3469.82300702 0 35.92371498 0 392.95791505 0 -35.62343353 0 292.38466702 0 97399
0.29950000 0.29950700 3470.56485278 0 48.14113963 0 385.10542228 0 29.13770855 0 369.05276576 0 97881
0.30050000 0.30050300 3438.92014845 0 58.53484166 0 414.77150217 0 13.60943733 0 324.25746124 0 97188
0.30150000 0.30149700 3369.82884158 0 66.82734861 0 355.63200085 0 75.31616788 0 370.48441736 0 98263
0.30250000 0.30249700 3353.67431967 0 24.59251921 0 352.84177500 0 81.66094217 0 214.29045284 0 100050
0.30350000 0.30350600 3330.87640287 0 48.51859519 0 260.72224697 0 70.29708304 0 231.96852665 0 100779
0.30450000 0.30450500 3320.93345518 0 62.54844869 0 266.87956680 0 -21.05313986 0 210.29112912 0 99982
0.30550000 0.30550300 3294.30451399 0 17.54133059 0 172.43927949 0 -38.75878375 0 186.54985024 0 101559
0.30650000 0.30649700 3306.59479454 0 2.57457018 0 183.46288608 0 -33.29536652 0 67.76307078 0 100935
0.30750000 0.30749800 3331.51859771 0 17.44256546 0 182.85833715 0 -56.76758790 0 -4.68134572 0 103762
0.30850000 0.30850200 3291.95718113 0 72.02104402 0 158.53576122 0 -29.98164114 0 -60.97894664 0 102951
0.30950000 0.30950100 3247.65680953 0 90.85540070 0 133.61195805 0 -1.02446907 0 -28.09104168 0 104394
0.31050000 0.31050000 3201.96132501 0 54.33865200 0 100.84175190 0 55.48020869 0 13.95024349 0 103963
0.31150000 0.31149700 3161.69127964 0 27.03108803 0 60.28006150 0 148.26396548 0 -13.04164851 0 105936
0.31250000 0.31250000 3134.81874730 0 54.21785294 0 -29.11047063 0 155.05905123 0 -72.39562076 0 105717
0.31350000 0.31349800 3126.73595019 0 46.52690540 0 -19.13884562 0 42.16141989 0 -33.79605704 0 106776
0.31450000 0.31450400 3112.57444674 0 58.97806683 0 -33.63960509 0 -18.15097280 0 -47.70544365 0 108733
0.31550000 0.31549900 3040.82578192 0 62.39775435 0 -70.34148306 0 -58.76127071 0 99.51617317 0 105891
0.31650000 0.31650000 3068.06370097 0 38.67729144 0 40.03741582 0 -82.04836282 0 40.63476774 0 111072
0.31750000 0.31750600 3070.59926336 0 37.94995042 0 61.04549132 0 -86.91597825 0 -15.48841085 0 108121
0.31850000 0.31849900 3043.68244172 0 56.76050161 0 136.38668265 0 2.54192897 0 79.59108177 0 110484
0.31950000 0.31950100 2998.98346643 0 57.44587852 0 90.62897166 0 39.64146949 0 65.68479541 0 110817
0.32050000 0.32049800 2995.49568411 0 22.10578578 0 93.14106071 0 106.97471262 0 141.93059569 0 111088
0.32150000 0.32149900 2977.58066256 0 40.36726038 0 59.50034839 0 77.22968706 0 132.64202240 0 112635
0.32250000 0.32250100 2966.40868681 0 60.72782632 0 37.31617055 0 25.48063038 0 124.31563413 0 113202
0.32350000 0.32350400 2948.17256784 0 38.90283470 0 7.07833795 0 -19.34401580 0 164.18486134 0 113863
0.32450000 0.32450300 2929.78143631 0 6.12555333 0 58.99057855 0 -39.88583569 0 282.76281675 0 114045
0.32550000 0.32549900 2978.73218434 0 -0.65511181 0 13.58219941 0 25.94965406 0 201.27714948 0 114828
0.32650000 0.32650300 3003.16880521 0 16.21829850 0 73.41538188 0 21.22254643 0 232.80670164 0 116431
0.32750000 0.32750400 3006.62337055 0 12.66596453 0 -57.19032926 0 39.65342760 0 213.30058700 0 116442
0.32850000 0.32850400 2976.37377915 0 77.75119356 0 -21.65104540 0 3.56601937 0 162.55722959 0 116955
0.32950000 0.32949800 2950.56419000 0 37.25494059 0 -14.32670253 0 -6.30826884 0 217.73837479 0 117028
0.33050000 0.33049700 2965.20180341 0 44.07217098 0 -12.25650996 0 55.54099576 0 192.13915981 0 119061
0.33150000 0.33150100 2893.36455998 0 65.78367128 0 -29.97145461 0 -42.71857928 0 225.40153080 0 120060
0.33250000 0.33250400 2870.19018414 0 50.87345723 0 -57.43690993 0 26.84319067 0 172.47249647 0 119737
0.33350000 0.33350100 2866.32594278 0 38.64916774 0 -55.10718207 0 34.57798462 0 210.26234107 0 120531
0.33450000 0.33450000 2847.27047176 0 47.65196432 0 -77.44116846 0 -4.05345632 0 144.90130044 0 121704
0.33550000 0.33550300 2829.59904135 0 41.47227839 0 -136.98790989 0 13.85657162 0 162.27931424 0 122761
0.33650000 0.33650300 2800.76670753 0 59.21324300 0 -108.45364305 0 -36.59857318 0 99.03153752 0 122472
0.33750000 0.33749900 2786.57198711 0 74.19465210 0 -111.29900908 0 -55.25079012 0 138.44834953 0 122985
0.33850000 0.33849800 2720.54771422 0 53.44334382 0 -120.71048517 0 33.09595395 0 107.46887048 0 125380
0.33950000 0.33950300 2695.85642987 0 52.45602461 0 -166.42147095 0 53.56547156 0 119.45931247 0 125223
0.34050000 0.34050000 2692.31328593 0 32.60788587 0 -134.66604337 0 50.06041642 0 95.29595657 0 125178
0.34150000 0.34149900 2691.82610364 0 28.14474246 0 -182.87826733 0 30.60135916 0 11.72692066 0 127059
0.34250000 0.34250300 2636.07694817 0 72.74052368 0 -192.07494033 0 -26.04144363 0 114.34500563 0 127957
0.34350000 0.34349800 2624.99355103 0 68.11727445 0 -213.20979394 0 -30.26442832 0 94.21208669 0 126732
0.34450000 0.34449700 2626.87584625 0 15.05647946 0 -145.83801912 0 -3.78500781 0 166.75806963 0 129639
0.34550000 0.34550000 2614.61878268 0 8.92468134 0 -120.55436539 0 2.17534644 0 127.27858826 0 129826
0.34650000 0.34650400 2608.07503871 0 62.52342523 0 -56.80146921 0 -12.68113361 0 129.61374156 0 130875
0.34750000 0.34750200 2594.50036848 0 80.81047690 0 -66.40261423 0 -6.52158825 0 270.89660625 0 130686
0.34850000 0.34850200 2563.07711064 0 66.39586011 0 -75.83247039 0 -11.78250373 0 256.85800561 0 132211
0.34950000 0.34950400 2533.97904102 0 -4.07527987 0 -96.42920902 0 68.57976546 0 326.51953720 0 132768
0.35050000 0.35050300 2542.40508021 0 17.18956283 0 -114.41697575 0 68.50879186 0 201.24725421 0 132957
0.35150000 0.35150100 2549.66852529 0 44.89606267 0 -147.14898237 0 47.14673414 0 244.47914646 0 133987
0.35250000 0.35249800 2514.64676189 0 33.09540033 0 -206.05817934 0 -4.54494575 0 162.48747395 0 134778
0.35350000 0.35349800 2509.08845483 0 36.80330046 0 -281.55039719 0 -12.12253483 0 189.07987646 0 135699
0.35450000 0.35450100 2516.17474271 0 36.70298520 0 -297.84221592 0 56.22382603 0 171.14824642 0 137380
0.35550000 0.35550100 2487.90709745 0 18.09217875 0 -316.58101845 0 30.15813400 0 169.22055467 0 136161
0.35650000 0.35649900 2478.77242948 0 37.04301630 0 -379.30241685 0 42.37633372 0 151.99976788 0 138792
0.35750000 0.35750000 2464.02409282 0 48.72199379 0 -350.00061645 0 42.23848327 0 180.98047086 0 138097
0.35850000 0.35849800 2434.41669625 0 77.46320239 0 -337.51546298 0 -29.57584044 0 235.98778056 0 140028
0.35950000 0.35950300 2413.94396766 0 64.34183314 0 -329.74379819 0 20.05353037 0 260.88279568 0 141099
0.36050000 0.36050500 2378.08070757 0 34.89719975 0 -307.52274951 0 -15.56215253 0 263.33753009 0 140821
0.36150000 0.36150200 2410.86586136 0 20.91628592 0 -296.60322278 0 -51.47944557 0 293.98240349 0 141756
0.36250000 0.36250400 2400.28071884 0 13.85933970 0 -274.73759573 0 -48.54439370 0 271.66502559 0 142971
0.36350000 0.36349900 2407.90955064 0 43.24329675 0 -246.76668877 0 -20.83246842 0 290.12037660 0 142270
0.36450000 0.36450000 2376.76310092 0 48.09175706 0 -255.38870810 0 -1.30505064 0 297.20334278 0 145311
0.36550000 0.36550300 2398.21019409 0 37.84299177 0 -246.29832943 0 10.52252853 0 241.17737920 0 145434
0.36650000 0.36650100 2366.25546467 0 38.22963735 0 -279.47101459 0 56.24275970 0 263.62762500 0 144547
0.36750000 0.36749600 2357.06543507 0 50.28928137 0 -220.63378773 0 -29.45061245 0 239.49438583 0 146892
0.36850000 0.36849900 2345.17375821 0 54.58789003 0 -271.63291585 0 -43.69039723 0 282.54912088 0 148113
0.36950000 0.36949900 2316.04247162 0 52.62853143 0 -187.69029970 0 -40.19386777 0 242.11741958 0 147387
0.37050000 0.37049800 2311.96785608 0 43.00911708 0 -192.63298550 0 -17.09423012 0 217.78930749 0 149758
0.37150000 0.37150100 2277.59935985 0 41.15062736 0 -161.99143379 0 -50.11976408 0 198.68068931 0 150099
0.37250000 0.37250000 2277.31147940 0 60.60160181 0 -177.78167622 0 -32.36307677 0 215.34453817 0 150468
0.37350000 0.37349800 2248.09161420 0 35.74478621 0 -190.85919906 0 9.81806294 0 219.37707886 0 150709
0.37450000 0.37449700 2244.18308354 0 6.78661541 0 -196.31231903 0 58.43496929 0 217.42613523 0 153108
0.37550000 0.37550100 2276.71357386 0 9.93867377 0 -233.65594895 0 95.77771342 0 166.13137604 0 153189
0.37650000 0.37649900 2257.93491097 0 37.95449008 0 -282.83478686 0 67.34686209 0 193.29621775 0 153547
0.37750000 0.37749900 2265.20942837 0 47.62229049 0 -306.53288367 0 0.73966673 0 220.24182743 0 155424
0.37850000 0.37850200 2221.31873279 0 57.11415167 0 -293.64801928 0 -24.71431478 0 281.55482612 0 155313
0.37950000 0.37949900 2196.49458055 0 81.62506784 0 -302.12056223 0 -10.79693396 0 244.78031370 0 156100
0.38050000 0.38050000 2165.28169688 0 52.98771765 0 -295.27675826 0 -35.69064254 0 233.56847758 0 157557
0.38150000 0.38149800 2133.16088259 0 44.96758989 0 -247.77759202 0 -61.60885120 0 222.05768870 0 157692
0.38250000 0.38250100 2144.91969154 0 53.11837108 0 -225.66615936 0 -57.73741283 0 148.72678866 0 159703
0.38350000 0.38350500 2108.38101964 0 43.23521395 0 -232.17336466 0 -52.76616043 0 178.15481356 0 160338
0.38450000 0.38450600 2114.63688316 0 28.35057697 0 -226.46004505 0 -8.30574945 0 133.06387797 0 160167
0.38550000 0.38550000 2093.69911693 0 23.33481383 0 -260.43547376 0 62.25990390 0 138.48378097 0 160033
0.38650000 0.38649600 2122.26571496 0 12.21753537 0 -255.67658855 0 75.41238638 0 91.37945384 0 162444
0.38750000 0.38750200 2122.34322124 0 16.19305360 0 -333.88595491 0 32.70454726 0 94.69727597 0 164307
0.38850000 0.38850400 2139.57175866 0 9.84040689 0 -324.57302250 0 23.90393133 0 72.51265524 0 163882
0.38950000 0.38950500 2143.94532696 0 12.85773720 0 -351.81979942 0 -23.42250664 0 140.87872483 0 164595
0.39050000 0.39050100 2181.27013392 0 29.10958484 0 -342.53454782 0 -34.99053945 0 134.44127518 0 165006
0.39150000 0.39150100 2149.03859638 0 50.50131639 0 -321.54252720 0 16.09650293 0 170.22149283 0 166687
0.39250000 0.39250100 2128.59908476 0 57.33670539 0 -315.89896324 0 20.34440035 0 159.64077924 0 167256
0.39350000 0.39350100 2129.80596817 0 57.89729720 0 -329.89438181 0 -8.81203150 0 77.17908653 0 167937
0.39450000 0.39449600 2065.99616024 0 75.00293181 0 -320.08873095 0 -39.07943828 0 116.81524130 0 167719
0.39550000 0.39549700 2050.11844645 0 62.88028626 0 -284.22547086 0 -48.80426117 0 142.79091533 0 171636
0.39650000 0.39650400 2025.69289790 0 32.15502778 0 -301.22370392 0 -40.43756964 0 148.67807043 0 171093
0.39750000 0.39750000 2040.64053640 0 30.04276038 0 -271.09147916 0 -7.23761335 0 78.13152791 0 170464
0.39850000 0.39849800 2014.81987492 0 32.34148573 0 -284.48124157 0 -3.68561155 0 115.72129561 0 172113
0.39950000 0.39949500 2015.78316718 0 47.65705759 0 -284.73701227 0 29.65334671 0 115.64932550 0 173232
