### header ###
fiducial parameters:
Omega_m = 0.31
Omega_nu = 0
Omega_de = 0.69
Omega_k = 0
H_0 = 100
w_de = -1
zeff = 0
beta = 0
fgrowth = 0
b_1 = 2
gamma = 0.55
Lx = 3500 Ly = 3500 Lz = 3500
nx = 700 ny = 700 nz = 700
xoffset = -685.467585 yoffset = -31.7331281 zoffset = 572.489161
bins = 400 dk = 0.001
kx_ny = 0.628318531 ky_ny = 0.628318531 kz_ny = 0.628318531
############################
A(data) = 8.06833919 (not used)
A(ran) = 8.06431556 (used)
Ngal = 478930
weighted Ngal = 0
Nran = 23820508
weighted Nran = 0
SN(data) = 3490.44748
SN(ran) = 70.2431132
SN(data+ran) = 3560.69059
############################
13 columns: k_central k_mean P_0(k) sigma^{lin}_{P_0(k)} P^img_1(k) sigma^{lin}_{P_1(k)} P_2(k) sigma^{lin}_{P_2(k)} P^img_3(k) sigma^{lin}_{P_3(k)} P_4(k) sigma^{lin}_{P_4(k)} N_modes
### header ###
0.00050000 0 0 0 0 0 0 0 0 0 0 0 0
0.00150000 0.00179520 99608.73781026 0 -67371.11048453 0 83926.56127662 0 63744.59193668 0 -251561.00541468 0 3
0.00250000 0.00253879 153236.54656014 0 -32307.93658833 0 52820.30410086 0 21539.87925570 0 178220.14028093 0 6
0.00350000 0.00331552 122493.12946868 0 28274.95299638 0 24186.82922684 0 -65587.58040274 0 121907.40348578 0 7
0.00450000 0.00420575 85289.12156880 0 53790.23975497 0 -18982.94728533 0 -14227.38377572 0 53315.01557375 0 24
0.00550000 0.00557378 56689.08511574 0 -2014.60950075 0 -12388.27062334 0 5089.73734496 0 -4338.15900860 0 45
0.00650000 0.00659388 62629.16593445 0 -75.18064263 0 8850.65177146 0 -11236.41667246 0 23121.89302579 0 40
0.00750000 0.00754703 58345.17273886 0 5922.26544807 0 17202.40673124 0 -27220.53550390 0 -723.80894572 0 57
0.00850000 0.00846663 54156.95515296 0 8769.96774051 0 20027.73185522 0 7147.47355088 0 35755.63709036 0 75
0.00950000 0.00948925 48464.00862421 0 -1815.25229239 0 19780.59756526 0 14283.07756956 0 18850.52228050 0 112
0.01050000 0.01054430 63463.57633278 0 2143.53565094 0 38759.89098340 0 24961.89196415 0 34310.14508528 0 105
0.01150000 0.01145670 70510.55746361 0 -7844.08886685 0 31912.98676205 0 24770.45146803 0 11349.57583211 0 144
0.01250000 0.01249090 63425.93042840 0 1992.08839207 0 27407.54707009 0 16275.09952768 0 18169.79575065 0 169
0.01350000 0.01339930 61808.26377239 0 6280.84268733 0 11242.72789761 0 230.05190722 0 23379.32457782 0 180
0.01450000 0.01448870 64532.72001727 0 -2562.29097558 0 23750.35818249 0 5999.46169671 0 20341.30009408 0 267
0.01550000 0.01550050 60968.64938139 0 -8471.79003314 0 19286.55043186 0 7556.62916990 0 18686.76259643 0 238
0.01650000 0.01653350 74969.60411457 0 -5403.78169379 0 19282.56439492 0 -117.18062802 0 -409.30066648 0 315
0.01750000 0.01747870 73897.80307213 0 355.66078889 0 19564.57650805 0 -22805.00308948 0 9906.12113480 0 297
0.01850000 0.01844180 78053.57874631 0 7949.60812237 0 32644.31381632 0 2983.26076519 0 -954.37350158 0 388
0.01950000 0.01947590 66180.94628977 0 6051.88915473 0 26850.27696197 0 -3971.77578035 0 16138.02414643 0 399
0.02050000 0.02045430 66431.62372367 0 1883.52424722 0 29223.18689385 0 19533.90616830 0 16021.10039634 0 462
0.02150000 0.02154770 66437.60277907 0 -2111.25982409 0 25077.15486551 0 9592.71898081 0 8452.20309054 0 571
0.02250000 0.02255340 65240.13084993 0 -1167.53236283 0 26390.44331225 0 22230.57087789 0 3276.47807103 0 510
0.02350000 0.02348930 66846.06084163 0 -977.24449573 0 17189.89500420 0 -4544.21497347 0 5386.23205895 0 555
0.02450000 0.02439640 65634.63778322 0 -1705.97951876 0 13960.87291733 0 5267.11598855 0 7846.81265875 0 592
0.02550000 0.02547300 70555.51110237 0 -518.60112093 0 21444.76798551 0 -9988.08955543 0 2224.03145237 0 837
0.02650000 0.02652900 69820.64090416 0 4145.94344974 0 19465.14703118 0 -3680.78401179 0 12647.36302410 0 723
0.02750000 0.02749970 70005.88089837 0 2438.79026456 0 24960.67400842 0 -6421.60515275 0 640.41773135 0 826
0.02850000 0.02848090 63728.09417270 0 5249.42241349 0 28727.14674198 0 1067.62456152 0 8517.90626601 0 831
0.02950000 0.02946900 64548.22127201 0 -266.08457388 0 31102.82475507 0 4415.17810003 0 -4083.91628611 0 996
0.03050000 0.03053250 61905.36806105 0 3252.07466713 0 24426.76650566 0 5370.21040494 0 3799.78935894 0 1041
0.03150000 0.03150510 61050.91675480 0 3693.73863183 0 26616.87235479 0 8626.37075993 0 5285.37425218 0 1036
0.03250000 0.03246190 56589.43419237 0 -1860.39416068 0 21225.86812384 0 9073.96949073 0 4777.64172530 0 1059
0.03350000 0.03345080 59566.33944311 0 838.91904900 0 19113.26854844 0 5007.29281436 0 7013.24375711 0 1302
0.03450000 0.03451200 55725.90357977 0 2662.93840818 0 19590.48574813 0 3213.81978489 0 -1486.23816041 0 1339
0.03550000 0.03553350 53329.96321226 0 4312.07261132 0 19381.77242530 0 -2691.18390880 0 11617.41536947 0 1365
0.03650000 0.03647120 50336.00658130 0 4219.03186587 0 20318.38038171 0 -979.65936977 0 8837.85216397 0 1308
0.03750000 0.03744890 47917.14650141 0 3319.79300573 0 25007.73138890 0 -253.41451259 0 11279.48801600 0 1579
0.03850000 0.03847530 46849.33149590 0 2351.96109333 0 27257.18489905 0 2749.01466132 0 11086.94028741 0 1662
0.03950000 0.03950240 44158.20294873 0 1186.89785893 0 24533.39299367 0 4325.29296716 0 13761.34962410 0 1683
0.04050000 0.04050350 44290.18506057 0 56.36953782 0 25861.18618592 0 2554.97216888 0 8609.07578857 0 1822
0.04150000 0.04152450 45393.76367525 0 -1746.96926524 0 22837.77717094 0 5582.95405401 0 9745.84923305 0 1887
0.04250000 0.04250150 46309.88783074 0 -505.54131380 0 25059.99276204 0 2631.54836732 0 6524.93208795 0 1920
0.04350000 0.04349210 44751.90100551 0 2005.10944606 0 19732.43295230 0 47.30440405 0 4200.84003619 0 2005
0.04450000 0.04448520 43981.04575163 0 40.62646350 0 19095.22065899 0 3129.76976719 0 4378.22975211 0 2151
0.04550000 0.04548030 44182.22989359 0 -858.14614105 0 14828.72173662 0 3810.34128449 0 788.66287388 0 2274
0.04650000 0.04648670 44948.98838728 0 -78.97590340 0 18187.40074711 0 2900.78301761 0 -114.24646194 0 2311
0.04750000 0.04749250 43331.98607077 0 2844.83456030 0 15290.65912805 0 1548.96288050 0 5145.40899415 0 2568
0.04850000 0.04851840 40759.44212240 0 2780.03931547 0 14355.49057387 0 -723.87427244 0 7064.29824684 0 2493
0.04950000 0.04949480 39989.14048477 0 1344.53454738 0 14179.66205575 0 572.49898368 0 9995.67409793 0 2644
0.05050000 0.05050630 40063.65723080 0 -379.97450696 0 15933.73975352 0 2764.95880906 0 4254.98370456 0 2829
0.05150000 0.05149060 38737.19271752 0 141.33601185 0 12513.72006354 0 1154.83240626 0 3448.77451754 0 2784
0.05250000 0.05249300 38578.85847262 0 725.14426809 0 13193.00719116 0 -257.93645005 0 449.41127037 0 3055
0.05350000 0.05348950 37932.45614970 0 593.73570268 0 13007.32430395 0 -2451.20234068 0 -102.06989417 0 3009
0.05450000 0.05448610 37290.59347997 0 2925.67360381 0 11774.42093540 0 -2858.39815821 0 -4420.59246687 0 3336
0.05550000 0.05550870 34229.98145360 0 1763.76598199 0 9898.95734064 0 -2105.43578124 0 -2625.54716727 0 3349
0.05650000 0.05647670 33505.40851746 0 837.25820028 0 10983.40297803 0 894.95829937 0 -4296.52706728 0 3324
0.05750000 0.05747970 34354.65583105 0 -1378.22763180 0 10769.17563744 0 2692.30221360 0 -8686.80350879 0 3639
0.05850000 0.05849280 35061.07015448 0 -2124.72377107 0 9502.60132911 0 3203.35643793 0 -9226.77864555 0 3846
0.05950000 0.05951020 35009.58384408 0 622.24804632 0 10227.68359218 0 -3482.06899827 0 -9128.69999231 0 3787
0.06050000 0.06049470 36014.17587487 0 1964.60688187 0 11783.38951850 0 -2258.68782905 0 -4618.01201839 0 3930
0.06150000 0.06148310 33842.00719195 0 738.14317743 0 12593.21935574 0 -874.74909211 0 -3913.42462855 0 4083
0.06250000 0.06249100 33088.97838104 0 1318.70281358 0 14079.45751614 0 1850.91625063 0 -656.09725052 0 4303
0.06350000 0.06350600 33064.95143618 0 335.68631492 0 13796.00600079 0 3189.42745331 0 -3439.18588424 0 4470
0.06450000 0.06451750 32723.48093877 0 542.96466446 0 14760.18404599 0 1969.62264501 0 -1479.18508950 0 4479
0.06550000 0.06550280 31521.24790996 0 1162.59410596 0 13347.57684563 0 3065.41741534 0 2346.44707557 0 4636
0.06650000 0.06648880 31318.40291929 0 460.13370972 0 14293.04266189 0 1210.18295803 0 5874.66552368 0 4653
0.06750000 0.06749660 31286.84679355 0 -111.02884435 0 12880.10329179 0 2996.11573430 0 6735.84880342 0 5220
0.06850000 0.06852730 31376.31117809 0 -550.04652341 0 14427.34996194 0 1800.78076386 0 6722.48450737 0 5029
0.06950000 0.06949320 31500.09976956 0 481.98937168 0 12209.12040778 0 -845.50818950 0 4200.04282881 0 5040
0.07050000 0.07048030 31503.86436000 0 1307.28724669 0 14312.75140007 0 -935.25713278 0 4625.76264576 0 5475
0.07150000 0.07148790 30525.51373902 0 508.10898593 0 14044.02607672 0 -1413.31582915 0 5237.66360454 0 5509
0.07250000 0.07249820 29586.35914790 0 1254.70477612 0 13562.37994711 0 72.86586240 0 4147.91432356 0 5916
0.07350000 0.07351270 29072.16038333 0 482.83751176 0 12613.26026366 0 1936.97035912 0 2562.55671138 0 5721
0.07450000 0.07449140 28167.77289214 0 451.81839378 0 11059.37019861 0 1947.61086328 0 1389.54354777 0 6028
0.07550000 0.07549160 28173.53050105 0 4.57125359 0 10338.72793779 0 1677.70080117 0 -1093.50058462 0 6183
0.07650000 0.07648840 26933.65156785 0 872.51248250 0 9553.02469633 0 535.96141901 0 -624.26763837 0 6330
0.07750000 0.07749960 26442.04034591 0 1071.32382525 0 8546.83825076 0 -130.89480954 0 -1599.72948980 0 6583
0.07850000 0.07848650 25647.15814718 0 1012.99038917 0 8275.93167942 0 263.08618832 0 -1489.00624161 0 6549
0.07950000 0.07947320 24522.98500834 0 496.57605240 0 7530.89708703 0 994.61697337 0 -563.17830065 0 6828
0.08050000 0.08048110 24679.10478828 0 121.73467522 0 7294.22614403 0 1478.03356772 0 -1347.47978578 0 7147
0.08150000 0.08149960 24054.29349876 0 332.13984928 0 6820.64066688 0 1227.07932570 0 -1461.10398307 0 7386
0.08250000 0.08250610 23694.22149566 0 749.10035007 0 6905.57647057 0 838.94894428 0 -1223.41438619 0 7227
0.08350000 0.08350160 22775.21853571 0 844.60800949 0 6758.18168258 0 -392.30021895 0 -532.99403596 0 7798
0.08450000 0.08449610 22194.03220598 0 714.53587368 0 6524.83243703 0 404.56392592 0 -362.59206423 0 7371
0.08550000 0.08548940 22123.05860390 0 87.04043119 0 6723.82425867 0 -251.66176357 0 408.24768839 0 8256
0.08650000 0.08650700 21794.65344978 0 -519.67402920 0 6297.37366828 0 1566.22463490 0 17.91147841 0 8037
0.08750000 0.08749060 22529.63437124 0 82.71945642 0 6907.73557391 0 853.51901651 0 40.71792090 0 8155
0.08850000 0.08849210 21966.60665421 0 837.51839991 0 6384.45750298 0 778.00908294 0 434.36951710 0 8718
0.08950000 0.08949900 20895.91284425 0 899.60978303 0 5956.40142549 0 169.55050995 0 1198.84489741 0 8571
0.09050000 0.09049190 20354.03326762 0 646.68023827 0 5442.10300999 0 251.60861641 0 1589.00040705 0 8932
0.09150000 0.09150830 20204.99977556 0 449.64821812 0 5308.32718153 0 304.32727657 0 2207.58905002 0 9285
0.09250000 0.09250820 19567.01241951 0 134.36598337 0 5332.64200683 0 178.27550191 0 1298.59547171 0 9204
0.09350000 0.09350330 19907.92930068 0 -189.78961248 0 5030.61113043 0 -203.69645246 0 1456.04393063 0 9349
0.09450000 0.09448040 19463.37545921 0 322.44713614 0 5789.51934582 0 -1031.28962040 0 -975.71872937 0 9564
0.09550000 0.09549270 19096.54933797 0 1092.44317760 0 6357.87285109 0 -863.80077733 0 -92.14820535 0 10155
0.09650000 0.09649430 18228.36834894 0 849.03583219 0 6205.01940697 0 -619.32384534 0 1126.37653148 0 9913
0.09750000 0.09749140 17984.77720293 0 -89.97869402 0 6467.53315609 0 102.85414694 0 49.13443789 0 10476
0.09850000 0.09850240 18181.53241495 0 -109.42147496 0 6625.64595450 0 796.21087771 0 -994.43981617 0 10575
0.09950000 0.09950330 18045.01064994 0 304.79342145 0 6763.77320662 0 639.65152647 0 -606.48880641 0 10882
0.10050000 0.10051200 17725.90624867 0 384.96258929 0 5725.85347812 0 535.73111465 0 -758.06228978 0 10875
0.10150000 0.10150300 17393.07216462 0 316.50683387 0 5789.30897165 0 9.19717125 0 -530.47065313 0 11118
0.10250000 0.10250800 17178.93340263 0 468.83434256 0 5794.41331339 0 80.63143741 0 -1559.81375883 0 11575
0.10350000 0.10349800 16795.38807091 0 231.34404753 0 5946.65777965 0 -187.65043933 0 -336.34733271 0 11364
0.10450000 0.10450100 16821.40803423 0 180.20097919 0 5921.42395139 0 69.95871279 0 -929.35226196 0 12093
0.10550000 0.10551000 16591.65729425 0 -53.36218368 0 5823.98749298 0 188.76652967 0 -713.34116984 0 12067
0.10650000 0.10649700 16551.90764815 0 106.36584548 0 6353.44392116 0 222.14626730 0 -1049.16810328 0 12054
0.10750000 0.10749900 16686.65784119 0 311.32498586 0 6436.04346431 0 321.28897096 0 -701.53253542 0 12807
0.10850000 0.10850100 15996.85200499 0 607.85291682 0 6075.75001471 0 4.05760844 0 -1246.81020853 0 12736
0.10950000 0.10950300 15541.33656195 0 628.50501708 0 6372.46617520 0 -169.54829548 0 -350.77125025 0 12933
0.11050000 0.11050200 15145.16877994 0 526.27645649 0 6630.17453535 0 -440.01086660 0 -82.16838682 0 13428
0.11150000 0.11150900 14797.60850388 0 345.45210541 0 6392.06419013 0 462.46000517 0 -124.87921547 0 13453
0.11250000 0.11250000 14529.87968977 0 -29.14523773 0 6388.18887644 0 805.94345122 0 365.38782625 0 13668
0.11350000 0.11349100 14660.53312263 0 18.15163714 0 5887.81944556 0 1188.74693718 0 196.16616435 0 13791
0.11450000 0.11448600 14665.07277580 0 -217.58557671 0 5826.48983839 0 873.57764015 0 942.16515624 0 14205
0.11550000 0.11549300 14784.98605359 0 88.84610592 0 5768.43763937 0 697.63950601 0 1214.35722449 0 14776
0.11650000 0.11649800 14571.51163108 0 114.74139486 0 4836.87866308 0 800.88339878 0 1662.94139219 0 14553
0.11750000 0.11747300 14393.35792475 0 376.63620103 0 5311.05097344 0 351.23518066 0 1580.29755974 0 14568
0.11850000 0.11849100 14273.00175397 0 339.50183805 0 4449.19228188 0 272.84090648 0 1784.39372312 0 16015
0.11950000 0.11950300 13983.46045996 0 -13.84616363 0 4693.56956295 0 99.38662697 0 1881.90768780 0 15270
0.12050000 0.12050700 13849.26388316 0 214.75549049 0 4154.51342915 0 -222.99330015 0 1111.77213504 0 15999
0.12150000 0.12150000 13866.20454014 0 130.06881411 0 4739.57507257 0 -489.49087175 0 767.77604034 0 15670
0.12250000 0.12250700 13700.00894461 0 329.89216734 0 4066.84276124 0 -132.52022682 0 266.24512259 0 16887
0.12350000 0.12352200 13383.34045479 0 -16.41029261 0 4220.22767695 0 -176.59250853 0 333.95349609 0 16407
0.12450000 0.12449800 13572.45576270 0 -128.40132199 0 4255.23836803 0 630.93982130 0 -675.99089653 0 16306
0.12550000 0.12549900 13608.44081836 0 107.18586185 0 4642.23826509 0 -90.06007561 0 -963.77169089 0 17523
0.12650000 0.12650100 13408.36390888 0 376.21766715 0 4406.46418040 0 -196.21598981 0 -665.36257193 0 17154
0.12750000 0.12750600 13115.05802444 0 372.68005937 0 4515.84767728 0 -162.86946915 0 -121.45343817 0 18007
0.12850000 0.12850300 12941.55469453 0 189.10312835 0 4506.56906909 0 42.66797875 0 594.97137413 0 17496
0.12950000 0.12949900 12688.66279567 0 19.91357619 0 4725.19212263 0 560.94722719 0 56.22692628 0 18405
0.13050000 0.13049000 12841.90377116 0 135.54518596 0 4657.76166449 0 321.34211812 0 159.27649975 0 18100
0.13150000 0.13148800 12642.71264767 0 209.94788705 0 4192.33649073 0 142.37016698 0 108.67686111 0 19059
0.13250000 0.13249300 12410.85816597 0 223.69750001 0 4663.54141804 0 33.05985817 0 723.42141435 0 18957
0.13350000 0.13349100 12132.49992003 0 202.66229732 0 4247.65382553 0 365.47419038 0 262.01217281 0 19468
0.13450000 0.13450700 12141.57922638 0 157.43960106 0 4535.87751288 0 170.64667010 0 -110.95798147 0 19953
0.13550000 0.13551000 11981.03051651 0 288.00113363 0 4077.43897609 0 42.30015612 0 -65.21289293 0 19956
0.13650000 0.13649900 11698.35406389 0 284.45023906 0 4223.91476112 0 112.97093012 0 153.36609276 0 19723
0.13750000 0.13749600 11437.93298416 0 182.46194792 0 4033.30468936 0 150.45517857 0 494.43134308 0 20946
0.13850000 0.13851100 11390.98632693 0 93.83939224 0 3828.11236582 0 838.05430043 0 423.83087834 0 20955
0.13950000 0.13949800 11307.05810480 0 -141.46998698 0 3115.54182980 0 740.77285457 0 886.65737745 0 20506
0.14050000 0.14048300 11389.87909445 0 -186.90859357 0 3348.79142443 0 669.78375123 0 685.98366967 0 21447
0.14150000 0.14148400 11494.40184073 0 -32.25556449 0 2812.48122718 0 259.38692460 0 717.45453851 0 21771
0.14250000 0.14249400 11348.69004612 0 237.59548212 0 3036.88403428 0 150.09311354 0 1009.41956442 0 22470
0.14350000 0.14350900 11248.59622976 0 365.92261954 0 2702.62162033 0 -173.26195323 0 1244.67324984 0 22519
0.14450000 0.14449900 10859.26007216 0 190.94888489 0 3141.98254146 0 129.75989625 0 1469.80683038 0 22218
0.14550000 0.14550500 10867.91863017 0 236.95328728 0 3061.36494446 0 7.63550841 0 1210.49298312 0 23559
0.14650000 0.14650700 10510.00573041 0 332.78979475 0 3000.99862955 0 267.89489899 0 1227.42256777 0 23044
0.14750000 0.14750500 10399.07210805 0 258.71594171 0 3091.30451077 0 -80.79143250 0 974.92595091 0 23649
0.14850000 0.14849900 10182.12097555 0 34.52195866 0 3000.62217050 0 -61.53843122 0 1493.23586969 0 23640
0.14950000 0.14949500 10227.66144753 0 99.65789893 0 3166.14235422 0 76.68836110 0 816.03033913 0 24457
0.15050000 0.15050000 10221.44987331 0 44.72920274 0 3142.43650678 0 5.91674036 0 890.27470597 0 24591
0.15150000 0.15149900 10259.48330906 0 89.33306676 0 2990.01488333 0 -92.64192031 0 1102.39276869 0 25020
0.15250000 0.15250500 9928.58688185 0 211.81578825 0 3057.02459313 0 31.61159808 0 816.79322231 0 25297
0.15350000 0.15350100 9846.96170329 0 155.07233802 0 2968.58993480 0 89.88624011 0 560.21313206 0 25452
0.15450000 0.15450400 9830.27570979 0 130.30576186 0 3424.83615128 0 -221.38559859 0 424.84953222 0 26061
0.15550000 0.15549900 9547.53282322 0 323.23437843 0 3149.81067511 0 -40.31400249 0 322.63093673 0 26128
0.15650000 0.15649500 9428.15101703 0 218.39828535 0 3411.49399987 0 -104.79800428 0 496.07115438 0 26331
0.15750000 0.15749700 9205.14332285 0 97.58194875 0 3076.32365529 0 123.56714498 0 686.71776481 0 27345
0.15850000 0.15849900 9231.58403452 0 30.55385889 0 3084.47288635 0 363.17779021 0 353.59137139 0 26980
0.15950000 0.15949700 9151.57541538 0 62.57823324 0 3021.61529836 0 152.83683563 0 221.73326959 0 27777
0.16050000 0.16050000 9202.26451840 0 117.24595474 0 3019.42297804 0 138.64432968 0 346.20945243 0 28224
0.16150000 0.16150500 8989.18869959 0 155.76878725 0 2846.17431161 0 -91.89509200 0 184.44832299 0 28075
0.16250000 0.16249700 8897.85309216 0 85.46915757 0 3133.74473180 0 -23.96361116 0 347.73743325 0 28590
0.16350000 0.16349900 8981.51557849 0 51.99408722 0 2993.11513428 0 100.08772658 0 -106.15524986 0 29163
0.16450000 0.16449100 8892.88161832 0 32.83641865 0 2955.18134945 0 -40.05944975 0 -169.10761696 0 28996
0.16550000 0.16550500 8931.09221127 0 35.99103472 0 2526.00696715 0 12.60362734 0 -168.78319784 0 30777
0.16650000 0.16650700 8843.54333893 0 90.79018471 0 2816.94337409 0 -49.07675108 0 -249.87579758 0 29211
0.16750000 0.16749900 8812.64048036 0 149.92702867 0 2694.50560624 0 299.48202723 0 -62.87076406 0 30922
0.16850000 0.16850800 8597.64914935 0 176.34448846 0 2547.43191568 0 418.85054663 0 -64.04664496 0 30867
0.16950000 0.16949900 8422.56247700 0 116.36127598 0 2265.43087487 0 452.45283799 0 -201.38676550 0 30852
0.17050000 0.17049200 8359.12912811 0 47.43339663 0 2405.65079637 0 292.89067227 0 395.77250002 0 31257
0.17150000 0.17149500 8362.36224696 0 31.74557321 0 1969.81087454 0 250.14042614 0 245.86429430 0 32608
0.17250000 0.17250900 8274.39262627 0 -87.20917342 0 2230.22088195 0 218.06833007 0 388.40386785 0 32361
0.17350000 0.17350400 8429.52696931 0 42.80904017 0 2011.44281585 0 52.52057627 0 498.86359470 0 32508
0.17450000 0.17449800 8272.32210153 0 189.51169713 0 2249.44243783 0 -236.61779584 0 393.14725180 0 32791
0.17550000 0.17549800 8096.64859596 0 365.68567179 0 2330.84616990 0 -294.25478268 0 579.27303200 0 33633
0.17650000 0.17650100 7862.87860206 0 427.80362848 0 2516.07509179 0 -148.20528216 0 534.58734350 0 33984
0.17750000 0.17750300 7544.49390190 0 168.85848965 0 2483.06849150 0 -12.68700195 0 578.01189421 0 34069
0.17850000 0.17849800 7564.44623123 0 -8.40831239 0 2502.97653153 0 230.01426132 0 523.93798149 0 34536
0.17950000 0.17950400 7636.67100602 0 -135.06796877 0 2266.06199738 0 235.95788528 0 556.99108554 0 35343
0.18050000 0.18050100 7683.63980790 0 -162.68123963 0 2220.86476747 0 272.68700117 0 426.69528877 0 34990
0.18150000 0.18150500 7852.51490603 0 -2.87480734 0 2097.78480479 0 81.68297610 0 283.24557012 0 36243
0.18250000 0.18250200 7730.49788653 0 150.41863989 0 2079.18329910 0 -22.63149976 0 293.59930105 0 35694
0.18350000 0.18350400 7685.18993337 0 225.21330128 0 1982.92050712 0 -50.51637475 0 335.92879884 0 37087
0.18450000 0.18450600 7440.56906116 0 164.79826814 0 2108.76855101 0 22.11209700 0 520.74472301 0 36651
0.18550000 0.18550700 7349.73170834 0 101.43932527 0 1997.89029028 0 187.36920228 0 260.10994741 0 37818
0.18650000 0.18651000 7248.43100858 0 71.12662162 0 1981.59182814 0 278.67159273 0 251.79795317 0 37267
0.18750000 0.18750100 7156.99575023 0 75.31373197 0 1766.92159456 0 45.40959710 0 2.99979175 0 38334
0.18850000 0.18850000 7080.89566175 0 83.28945971 0 1755.09635165 0 -42.40080355 0 -68.83177157 0 38223
0.18950000 0.18949500 7059.08318185 0 125.47047761 0 1666.51775310 0 -178.34525755 0 -83.03446407 0 39064
0.19050000 0.19050000 6973.18408591 0 36.76222214 0 1668.23396345 0 -79.91970837 0 -109.47827598 0 39609
0.19150000 0.19149800 7046.06212787 0 29.71003702 0 1529.59738440 0 102.46528689 0 -345.96143235 0 39576
0.19250000 0.19250400 6943.67634027 0 76.83739459 0 1635.96920893 0 41.40938759 0 -376.75135321 0 40909
0.19350000 0.19350500 6971.66717741 0 -16.71367431 0 1523.61832899 0 160.67493437 0 -303.01299161 0 40191
0.19450000 0.19450100 6975.73072062 0 26.70057913 0 1537.52516897 0 229.70866515 0 41.56074627 0 41232
0.19550000 0.19549800 6988.10957977 0 93.16431260 0 1456.47575129 0 112.68415691 0 -34.59913276 0 40873
0.19650000 0.19649700 6907.93487575 0 51.97736801 0 1364.68617855 0 115.27286645 0 105.22118854 0 42816
0.19750000 0.19750200 6950.78477280 0 66.74209171 0 1372.68039707 0 -183.82495110 0 -29.55867834 0 41727
0.19850000 0.19849000 6831.80157030 0 130.77744290 0 1467.91346283 0 -259.64933869 0 -47.32068036 0 42610
0.19950000 0.19949900 6773.36183991 0 105.17324537 0 1601.21318132 0 -52.84754202 0 -106.65782268 0 43863
0.20050000 0.20050100 6693.58573959 0 111.66882473 0 1693.60065961 0 -57.08403494 0 -199.33395648 0 43302
0.20150000 0.20150100 6612.42559867 0 132.24784763 0 1657.80383347 0 -17.48297944 0 -255.64226434 0 44487
0.20250000 0.20249700 6528.37558097 0 75.44150660 0 1623.87823023 0 158.85021524 0 -36.89021821 0 43759
0.20350000 0.20349100 6426.37732474 0 115.88295155 0 1567.53116923 0 227.41890838 0 0.50913428 0 45282
0.20450000 0.20449700 6453.28307405 0 82.61891972 0 1567.95191757 0 356.31737776 0 197.30107764 0 45483
0.20550000 0.20549900 6302.38943142 0 -22.82515472 0 1407.75752209 0 267.96354740 0 182.92366386 0 46138
0.20650000 0.20650200 6283.86543200 0 113.47029197 0 1383.29875657 0 165.49139567 0 395.66177677 0 46227
0.20750000 0.20749300 6280.12298621 0 87.88203859 0 1240.42147711 0 171.47266554 0 488.14669151 0 46236
0.20850000 0.20850300 6180.32812262 0 2.18129228 0 1157.27939004 0 63.65424177 0 770.25070494 0 48361
0.20950000 0.20950400 6267.34552337 0 -17.51077098 0 1185.18164859 0 1.83661081 0 439.24466172 0 46812
0.21050000 0.21050300 6219.25841668 0 112.54686008 0 1036.10054553 0 -28.02338978 0 422.90301752 0 48813
0.21150000 0.21149700 6093.33286652 0 185.26988949 0 1240.24431991 0 -95.79443263 0 375.67955217 0 47215
0.21250000 0.21249000 5937.08021868 0 183.34994837 0 1090.45126637 0 -174.92833811 0 431.51507176 0 50004
0.21350000 0.21350300 5876.01634731 0 104.97737595 0 1222.41787695 0 -148.24957146 0 229.21151777 0 49509
0.21450000 0.21449800 5800.77990016 0 72.48098839 0 1191.96898370 0 -11.95467838 0 85.81760363 0 49660
0.21550000 0.21550100 5763.26686368 0 36.73808447 0 1334.80197386 0 -56.53030798 0 -22.62352769 0 50841
0.21650000 0.21649800 5772.43474863 0 76.91766894 0 1329.97444024 0 -12.35394642 0 52.81521083 0 50424
0.21750000 0.21750300 5738.38734981 0 4.38471813 0 1392.02374853 0 -23.38098543 0 34.65327643 0 52231
0.21850000 0.21850300 5734.98814609 0 71.78498205 0 1421.86366391 0 63.42194439 0 40.54862506 0 51078
0.21950000 0.21950100 5690.74313612 0 65.57174698 0 1454.39415423 0 95.40667982 0 116.73552056 0 52791
0.22050000 0.22050700 5663.02910710 0 116.79309665 0 1440.83055633 0 83.09502968 0 498.02874141 0 52969
0.22150000 0.22150000 5575.39165616 0 66.68219043 0 1368.09645459 0 256.42729217 0 453.76490849 0 52704
0.22250000 0.22250100 5548.88451054 0 -49.26808085 0 1234.69708518 0 343.91637396 0 719.41766170 0 54051
0.22350000 0.22349900 5614.28873324 0 2.77288659 0 1134.90222159 0 236.55689805 0 411.44537580 0 53938
0.22450000 0.22449800 5588.06946807 0 17.23208056 0 1026.69128390 0 -79.12637630 0 330.52661156 0 54735
0.22550000 0.22549100 5532.28709564 0 129.39450953 0 991.90978995 0 -75.49055700 0 578.44592934 0 54774
0.22650000 0.22649900 5464.50232310 0 87.06113643 0 951.52459240 0 -135.02589393 0 337.34827088 0 56911
0.22750000 0.22749800 5407.70129678 0 65.53864073 0 992.26299711 0 29.43389324 0 318.62718407 0 54879
0.22850000 0.22849100 5359.96850448 0 91.73033581 0 1066.99897517 0 56.77212755 0 118.12841903 0 57210
0.22950000 0.22949800 5359.86885356 0 61.83428374 0 944.39180076 0 24.20498784 0 221.78309505 0 57375
0.23050000 0.23049600 5244.90490497 0 63.78655605 0 974.30147179 0 70.17085854 0 193.00612284 0 57604
0.23150000 0.23150100 5230.06798971 0 65.80360146 0 1003.21684805 0 53.15933869 0 246.62274855 0 58629
0.23250000 0.23250200 5250.44106738 0 4.89873974 0 909.57266090 0 4.74498944 0 243.94767487 0 58560
0.23350000 0.23350400 5190.96053845 0 52.39623406 0 960.83088142 0 -1.17634593 0 256.67199055 0 59305
0.23450000 0.23449700 5154.05647983 0 85.64753272 0 918.99520932 0 10.50049460 0 305.81207533 0 59196
0.23550000 0.23549300 5109.99969938 0 67.32117430 0 814.77916643 0 52.94586426 0 149.69783155 0 60063
0.23650000 0.23649900 5071.81125108 0 68.96818262 0 751.04686477 0 16.55068969 0 191.73501995 0 61537
0.23750000 0.23750400 5039.28076076 0 65.29206005 0 755.74374496 0 159.87661975 0 179.53221077 0 61224
0.23850000 0.23850100 4922.97706087 0 49.14085984 0 701.07192670 0 93.13441732 0 385.22168170 0 61221
0.23950000 0.23949400 4998.27994196 0 60.97861447 0 656.02085148 0 123.87384837 0 191.33309456 0 62332
0.24050000 0.24050100 4833.81162910 0 64.57999884 0 598.72046331 0 145.65089683 0 250.67854113 0 63447
0.24150000 0.24150500 4824.41122533 0 127.96064346 0 596.21701067 0 -9.24266743 0 194.81976965 0 63342
0.24250000 0.24250300 4755.95104098 0 126.92316663 0 622.06756743 0 -148.36361641 0 205.70497218 0 63379
0.24350000 0.24349600 4709.25904722 0 68.45021926 0 657.44918138 0 -116.22065746 0 285.66708755 0 64266
0.24450000 0.24449500 4696.69195855 0 37.03714796 0 757.17761103 0 -80.09553689 0 205.83894731 0 64695
0.24550000 0.24549600 4716.19032255 0 -36.37513366 0 664.00731937 0 46.47431185 0 245.10694728 0 65947
0.24650000 0.24650000 4812.44204220 0 -44.51506398 0 667.55710671 0 158.93215045 0 32.62615520 0 66018
0.24750000 0.24750000 4776.23554005 0 66.70854257 0 645.13454172 0 87.54322546 0 128.42900280 0 66303
0.24850000 0.24849600 4714.08658084 0 118.98873866 0 550.37869316 0 -7.28412818 0 -27.69000208 0 66958
0.24950000 0.24949200 4596.06667060 0 158.08843930 0 640.38562161 0 47.64410297 0 197.71296812 0 66975
0.25050000 0.25048900 4541.98943618 0 19.06156079 0 602.34111353 0 10.71099057 0 189.21163713 0 68676
0.25150000 0.25150000 4512.96887283 0 5.54065777 0 556.61794819 0 52.99258948 0 3.38464361 0 69349
0.25250000 0.25249900 4544.10425022 0 95.59269488 0 685.56845749 0 -17.69900050 0 11.97593725 0 68592
0.25350000 0.25349900 4491.05674202 0 58.21739811 0 523.98891418 0 -32.46527432 0 239.69479491 0 70437
0.25450000 0.25450100 4493.65873835 0 -26.44004733 0 622.59903902 0 -44.42216717 0 321.81269192 0 70099
0.25550000 0.25550100 4572.92551173 0 10.12678150 0 645.26298069 0 -8.60607519 0 156.53388489 0 71064
0.25650000 0.25650300 4544.54714321 0 66.93552523 0 742.12478543 0 -11.77320298 0 101.19219098 0 71409
0.25750000 0.25750600 4472.53274259 0 107.37165546 0 725.89718618 0 -94.97884519 0 228.37555724 0 72612
0.25850000 0.25850600 4439.12753862 0 85.82668294 0 709.33077379 0 -56.26745099 0 172.78141433 0 71845
0.25950000 0.25949600 4397.03055966 0 69.03229138 0 767.01426439 0 91.98455639 0 362.17353035 0 72816
0.26050000 0.26049800 4305.35171016 0 68.13532234 0 678.49988533 0 254.29365518 0 416.43345813 0 73743
0.26150000 0.26149900 4312.48228734 0 -25.13583819 0 502.88063415 0 424.57936750 0 557.88905108 0 74662
0.26250000 0.26250300 4325.78014945 0 -30.64819510 0 429.01715528 0 210.02982225 0 501.03930653 0 74931
0.26350000 0.26350100 4336.15491780 0 60.03314866 0 392.52498715 0 112.41620665 0 480.48021381 0 75087
0.26450000 0.26450200 4237.93232434 0 146.55218407 0 497.59138458 0 -192.11590793 0 575.04229669 0 76678
0.26550000 0.26550600 4175.10795332 0 177.36757127 0 557.59009831 0 -252.57744483 0 640.89051962 0 76035
0.26650000 0.26650100 4093.27240058 0 84.66741053 0 646.36799871 0 -277.56989641 0 569.86819930 0 77094
0.26750000 0.26750600 4081.74611045 0 53.98677352 0 720.83713374 0 -182.71993309 0 487.14686058 0 78463
0.26850000 0.26850100 4093.37205150 0 25.31033803 0 839.70739853 0 -121.05151278 0 215.45526141 0 77076
0.26950000 0.26949700 4059.78969033 0 8.97078650 0 699.04347680 0 -3.21735186 0 200.66263546 0 79149
0.27050000 0.27049900 4095.33185300 0 35.27997002 0 748.97412557 0 100.12061139 0 111.50273985 0 79648
0.27150000 0.27150200 4038.76334550 0 56.51834987 0 635.19159403 0 93.96284866 0 112.85688518 0 80241
0.27250000 0.27250500 4035.02089971 0 41.44039010 0 667.76305195 0 126.41826862 0 217.19583088 0 80835
0.27350000 0.27350000 4027.15954909 0 24.73070182 0 702.69734399 0 32.03212498 0 61.09210580 0 80680
0.27450000 0.27450400 3951.82345102 0 61.91001844 0 649.02867836 0 79.80079160 0 247.66243985 0 82617
0.27550000 0.27550800 3972.16331171 0 81.42410514 0 649.45496287 0 -36.39694614 0 251.82231228 0 82548
0.27650000 0.27649900 3890.16167411 0 52.13514864 0 556.27027719 0 9.47236281 0 390.10014801 0 81181
0.27750000 0.27748900 3887.95828147 0 47.32665942 0 609.11073292 0 129.42219034 0 268.74857523 0 84096
0.27850000 0.27849800 3842.50638809 0 39.15971263 0 476.61043628 0 50.75265816 0 191.19911943 0 85215
0.27950000 0.27950200 3802.72352502 0 86.12342124 0 443.11111754 0 103.88132651 0 168.46985105 0 84514
0.28050000 0.28050300 3740.41955326 0 68.54998091 0 464.32237020 0 3.28709643 0 275.64995529 0 85815
0.28150000 0.28150100 3712.04118475 0 39.66649294 0 363.63507723 0 75.36887215 0 264.16463276 0 85485
0.28250000 0.28250000 3708.58661941 0 2.54333516 0 434.63968183 0 35.67912733 0 294.94348129 0 87220
0.28350000 0.28350400 3713.21485118 0 54.10569029 0 398.33685044 0 -18.37031555 0 326.93917832 0 87147
0.28450000 0.28449700 3691.04805689 0 51.56071643 0 478.27239224 0 61.07560804 0 336.95188165 0 87102
0.28550000 0.28549800 3699.59589165 0 23.82875024 0 360.68651713 0 -30.76345800 0 395.88654496 0 88971
0.28650000 0.28649900 3671.39468034 0 35.10724175 0 414.76485878 0 1.32684097 0 298.07362751 0 89434
0.28750000 0.28750100 3690.72695947 0 74.58605878 0 411.11431328 0 -23.00873387 0 226.92397546 0 89619
0.28850000 0.28849900 3597.78586495 0 60.08230978 0 385.73875926 0 -67.94664993 0 252.95501111 0 90240
0.28950000 0.28950100 3581.76421093 0 70.03688341 0 352.66129610 0 -43.75505960 0 178.89555209 0 91333
0.29050000 0.29050500 3543.07750802 0 33.64646994 0 380.94776432 0 84.10471498 0 223.82372451 0 92139
0.29150000 0.29150600 3535.40438692 0 27.35229617 0 371.83191929 0 120.64848015 0 127.88978059 0 92370
0.29250000 0.29250200 3545.84558922 0 36.97038185 0 268.19828069 0 98.09404378 0 255.59243888 0 91819
0.29350000 0.29349600 3527.84198907 0 48.41772631 0 290.39607748 0 98.42743148 0 230.32871534 0 93552
0.29450000 0.29450000 3496.57374378 0 47.20143143 0 258.83441559 0 -42.45029685 0 243.31765959 0 94701
0.29550000 0.29550200 3484.58241600 0 44.94721682 0 264.22995947 0 -0.52753538 0 335.08287322 0 95020
0.29650000 0.29650300 3473.86440558 0 50.34098913 0 275.03765573 0 -5.80238539 0 317.10363218 0 95151
0.29750000 0.29749800 3458.81711615 0 49.12491569 0 244.92093222 0 -13.46904025 0 352.75208916 0 95802
0.29850000 0.29850000 3402.64721234 0 84.65844195 0 326.09214547 0 -3.56657298 0 269.41180749 0 97399
0.29950000 0.29950700 3343.24418969 0 89.21791458 0 313.57820396 0 38.29839648 0 350.48447704 0 97881
0.30050000 0.30050300 3295.21244463 0 64.79967377 0 258.67608134 0 56.53019725 0 275.66545654 0 97188
0.30150000 0.30149700 3274.10859352 0 -9.39518871 0 186.88644892 0 138.30551654 0 336.04616548 0 98263
0.30250000 0.30249700 3309.07499530 0 1.88232844 0 140.16898881 0 71.57261486 0 269.26011664 0 100050
0.30350000 0.30350600 3310.24866173 0 10.96965115 0 95.10684126 0 -29.99404215 0 250.52242135 0 100779
0.30450000 0.30450500 3334.13166637 0 18.31617188 0 56.58666611 0 -37.39201598 0 225.69826910 0 99982
0.30550000 0.30550300 3297.63728376 0 61.30270142 0 65.83438252 0 -86.62787636 0 238.41594139 0 101559
0.30650000 0.30649700 3285.13662904 0 86.14678385 0 136.72881749 0 -12.76317954 0 219.86979732 0 100935
0.30750000 0.30749800 3236.30767659 0 53.84515849 0 121.63280983 0 6.48817197 0 178.56891851 0 103762
0.30850000 0.30850200 3185.56321195 0 52.11909377 0 139.75488386 0 38.25587876 0 171.63432148 0 102951
0.30950000 0.30950100 3188.49737803 0 63.80936504 0 140.14573693 0 -36.76952987 0 104.56282810 0 104394
0.31050000 0.31050000 3154.70464268 0 64.07997266 0 186.18446352 0 -68.99121305 0 161.17097453 0 103963
0.31150000 0.31149700 3093.16466134 0 42.18489322 0 185.31750049 0 -88.47485087 0 202.64125990 0 105936
0.31250000 0.31250000 3142.02683076 0 42.95707715 0 255.00671290 0 -46.69354389 0 130.17289396 0 105717
0.31350000 0.31349800 3116.01793976 0 51.14483991 0 240.63483528 0 -18.53828272 0 115.49984911 0 106776
0.31450000 0.31450400 3068.75018511 0 79.54745681 0 230.03751320 0 -8.74783416 0 -13.61763085 0 108733
0.31550000 0.31549900 3053.71396801 0 43.28658954 0 212.43140951 0 75.17344561 0 128.46997041 0 105891
0.31650000 0.31650000 3011.38447023 0 35.66074727 0 147.82217972 0 85.65893722 0 59.18545147 0 111072
0.31750000 0.31750600 3027.79365561 0 0.20022085 0 97.97811653 0 115.24740011 0 43.97130211 0 108121
0.31850000 0.31849900 3004.53070116 0 19.24757585 0 -10.88012033 0 74.89054772 0 18.33311254 0 110484
0.31950000 0.31950100 2995.18565902 0 68.01330532 0 -11.71928076 0 37.36976060 0 116.51961023 0 110817
0.32050000 0.32049800 2973.20709425 0 41.64788547 0 -44.66841568 0 67.27090594 0 192.61305531 0 111088
0.32150000 0.32149900 2947.43072207 0 2.77505677 0 -49.01142436 0 45.62473237 0 163.40536967 0 112635
0.32250000 0.32250100 2991.18854976 0 35.21320390 0 -37.58866046 0 25.74869137 0 144.82600863 0 113202
0.32350000 0.32350400 2934.43181274 0 78.38608066 0 -24.44514656 0 -87.88270293 0 172.14697012 0 113863
0.32450000 0.32450300 2925.20856616 0 79.17885912 0 -48.06341191 0 -49.27461352 0 284.40816422 0 114045
0.32550000 0.32549900 2880.90819456 0 46.31099506 0 20.55433162 0 19.41388217 0 256.99640967 0 114828
0.32650000 0.32650300 2877.32076132 0 35.74844008 0 -29.48692967 0 47.05782337 0 194.50310116 0 116431
0.32750000 0.32750400 2830.96093731 0 49.38057567 0 -30.75482159 0 70.12059018 0 167.03819945 0 116442
0.32850000 0.32850400 2827.58387824 0 47.62793738 0 -66.96619557 0 -9.57802601 0 231.69061130 0 116955
0.32950000 0.32949800 2851.74369099 0 11.75327279 0 -75.06914431 0 -97.94334943 0 206.91185558 0 117028
0.33050000 0.33049700 2836.14278532 0 18.52067772 0 0.10860234 0 -30.54954068 0 109.59110297 0 119061
0.33150000 0.33150100 2857.71167407 0 30.75969341 0 44.99704228 0 -128.10569092 0 183.13293080 0 120060
0.33250000 0.33250400 2849.26349023 0 76.12765857 0 75.63981194 0 -39.10147220 0 193.08584358 0 119737
0.33350000 0.33350100 2822.46846417 0 77.14730896 0 50.82839287 0 -10.68546886 0 111.21375218 0 120531
0.33450000 0.33450000 2775.64360251 0 44.19573813 0 84.87557024 0 28.60070079 0 126.55335098 0 121704
0.33550000 0.33550300 2771.61327628 0 34.94923967 0 61.56068659 0 71.72862392 0 175.10328084 0 122761
0.33650000 0.33650300 2750.34334030 0 23.16485365 0 35.08631506 0 79.74476564 0 81.46706576 0 122472
0.33750000 0.33749900 2718.06751346 0 50.72608458 0 -20.98947399 0 78.41597594 0 108.23629331 0 122985
0.33850000 0.33849800 2681.01951461 0 77.69461398 0 -54.61213843 0 18.91629189 0 158.09618992 0 125380
0.33950000 0.33950300 2632.15734519 0 41.92081827 0 -127.31291246 0 20.16768604 0 164.04645728 0 125223
0.34050000 0.34050000 2636.75235999 0 12.35516437 0 -112.70962326 0 64.12293328 0 189.28360724 0 125178
0.34150000 0.34149900 2667.20125324 0 -24.45743685 0 -146.18126119 0 104.21781446 0 116.10218358 0 127059
0.34250000 0.34250300 2660.62429230 0 2.33395749 0 -206.52543145 0 42.45173625 0 194.08678175 0 127957
0.34350000 0.34349800 2680.42160907 0 40.65691239 0 -223.99423831 0 9.65027293 0 60.71155000 0 126732
0.34450000 0.34449700 2664.17850856 0 29.92771892 0 -221.46974826 0 -27.75333577 0 147.39035906 0 129639
0.34550000 0.34550000 2652.60792913 0 44.23925237 0 -204.96312642 0 -35.94895988 0 100.54135973 0 129826
0.34650000 0.34650400 2646.35206561 0 66.53459634 0 -180.08361255 0 -77.50173408 0 128.83757159 0 130875
0.34750000 0.34750200 2641.81241243 0 74.25543916 0 -145.05852745 0 -47.07387824 0 127.50446368 0 130686
0.34850000 0.34850200 2585.87502745 0 52.83525174 0 -141.65489480 0 -67.27422764 0 164.69640275 0 132211
0.34950000 0.34950400 2598.13209102 0 48.89007168 0 -116.37013384 0 20.88572631 0 162.33246140 0 132768
0.35050000 0.35050300 2592.18625259 0 28.47181893 0 -99.54695424 0 0.79003584 0 211.12376794 0 132957
0.35150000 0.35150100 2563.95182431 0 50.99414557 0 -138.09292791 0 13.92621654 0 104.53370789 0 133987
0.35250000 0.35249800 2561.64878074 0 56.48546506 0 -69.73195158 0 -10.77755739 0 128.98372628 0 134778
0.35350000 0.35349800 2507.06221939 0 72.50136147 0 -66.62793604 0 -29.45127679 0 135.76773969 0 135699
0.35450000 0.35450100 2470.51247516 0 53.77197042 0 -96.66172784 0 26.78827194 0 124.18608793 0 137380
0.35550000 0.35550100 2454.44653185 0 23.40733756 0 -135.91278715 0 1.18488270 0 73.30687310 0 136161
0.35650000 0.35649900 2486.86629892 0 0.60281833 0 -124.22041214 0 5.26611948 0 43.77941872 0 138792
0.35750000 0.35750000 2474.17741468 0 47.86222777 0 -126.01412876 0 -31.96834839 0 -25.65513022 0 138097
0.35850000 0.35849800 2473.01482057 0 53.02325981 0 -152.68735925 0 -10.46535104 0 69.66917150 0 140028
0.35950000 0.35950300 2444.55894579 0 45.47193429 0 -151.64213179 0 11.79756209 0 85.82158967 0 141099
0.36050000 0.36050500 2436.14397892 0 55.18402400 0 -157.12071811 0 6.08728738 0 4.75274007 0 140821
0.36150000 0.36150200 2387.06036300 0 85.50137804 0 -115.44338026 0 67.08754825 0 -39.02252653 0 141756
0.36250000 0.36250400 2330.20397506 0 70.69612963 0 -159.78361223 0 -29.87888997 0 59.33758521 0 142971
0.36350000 0.36349900 2301.78131725 0 43.36033122 0 -145.58224841 0 11.51178539 0 147.61734171 0 142270
0.36450000 0.36450000 2342.56068956 0 -6.53608192 0 -129.95587640 0 42.14425779 0 184.21801864 0 145311
0.36550000 0.36550300 2332.07519795 0 14.63462388 0 -117.58144618 0 74.63654858 0 205.21336096 0 145434
0.36650000 0.36650100 2341.08807036 0 40.17061589 0 -141.49323886 0 21.00231789 0 141.61392720 0 144547
0.36750000 0.36749600 2305.54590769 0 62.87707529 0 -190.22918378 0 18.46697695 0 298.02269482 0 146892
0.36850000 0.36849900 2300.95089289 0 56.02784588 0 -164.98649766 0 9.85436909 0 316.71388635 0 148113
0.36950000 0.36949900 2277.64364914 0 22.98681066 0 -176.17397465 0 5.77907814 0 350.66938487 0 147387
0.37050000 0.37049800 2283.09123296 0 10.62405068 0 -205.48352568 0 50.82783925 0 315.17926213 0 149758
0.37150000 0.37150100 2312.76506347 0 -5.27515450 0 -239.93838605 0 47.49108344 0 285.10129176 0 150099
0.37250000 0.37250000 2307.92645752 0 7.51620411 0 -287.29804100 0 19.34335146 0 202.12639680 0 150468
0.37350000 0.37349800 2316.43000298 0 43.19778949 0 -323.20448315 0 -20.75828385 0 152.52570331 0 150709
0.37450000 0.37449700 2288.00734517 0 67.24809696 0 -292.39573935 0 -103.71922768 0 142.91824706 0 153108
0.37550000 0.37550100 2270.71237381 0 74.89198712 0 -291.10027734 0 -73.75895612 0 157.47613973 0 153189
0.37650000 0.37649900 2246.65221198 0 41.91672151 0 -262.25133503 0 0.72527824 0 189.55709366 0 153547
0.37750000 0.37749900 2228.79255204 0 23.18024418 0 -296.95200101 0 62.07034570 0 200.77335870 0 155424
0.37850000 0.37850200 2237.99365397 0 7.12158646 0 -323.41264286 0 91.29153958 0 156.86273294 0 155313
0.37950000 0.37949900 2230.64163029 0 41.27131570 0 -303.06392431 0 57.03188429 0 232.00506532 0 156100
0.38050000 0.38050000 2212.28371574 0 81.55907678 0 -316.91540266 0 33.67348641 0 243.99085694 0 157557
0.38150000 0.38149800 2148.57355873 0 74.21812543 0 -330.00289059 0 -14.22151544 0 334.09965078 0 157692
0.38250000 0.38250100 2150.20119048 0 39.96611005 0 -312.49422336 0 6.52076889 0 344.50874334 0 159703
0.38350000 0.38350500 2132.92836376 0 -13.06047146 0 -365.02686846 0 9.00971679 0 370.86419810 0 160338
0.38450000 0.38450600 2191.19093696 0 -18.52942486 0 -383.30395504 0 18.33864870 0 256.45829468 0 160167
0.38550000 0.38550000 2198.53188832 0 12.75177505 0 -361.42504120 0 -26.09315139 0 279.68249599 0 160033
0.38650000 0.38649600 2205.49638063 0 69.80713267 0 -342.52126103 0 -47.70898679 0 189.84275964 0 162444
0.38750000 0.38750200 2147.68777275 0 88.30887672 0 -337.30508881 0 -67.17291587 0 232.52546459 0 164307
0.38850000 0.38850400 2108.04884990 0 106.95688618 0 -292.82423832 0 -47.06668123 0 235.29686749 0 163882
0.38950000 0.38950500 2058.13480961 0 55.95919746 0 -279.44776270 0 -19.81735768 0 224.24336562 0 164595
0.39050000 0.39050100 2046.12133719 0 20.77234570 0 -240.06793225 0 16.93888540 0 250.26111448 0 165006
0.39150000 0.39150100 2047.68253499 0 26.29322830 0 -287.99670470 0 37.02286467 0 229.16944293 0 166687
0.39250000 0.39250100 2053.90518153 0 26.56937208 0 -306.27157681 0 28.86621514 0 185.26324610 0 167256
0.39350000 0.39350100 2058.02408637 0 12.55203031 0 -347.80829613 0 3.25927168 0 152.50909482 0 167937
0.39450000 0.39449600 2035.58048396 0 35.20966075 0 -354.99866387 0 -27.68479808 0 153.70712036 0 167719
0.39550000 0.39549700 2072.07486656 0 45.20686283 0 -374.40734205 0 -37.11797594 0 92.17201085 0 171636
0.39650000 0.39650400 2023.35663736 0 37.51768686 0 -361.85464740 0 6.07724478 0 120.36392141 0 171093
0.39750000 0.39750000 2015.78316718 0 47.21671123 0 -355.92098853 0 6.04968576 0 96.31748926 0 170464
0.39850000 0.39849800 2014.58735610 0 48.25164143 0 -393.01770560 0 1.24433001 0 87.17639933 0 172113
0.39950000 0.39949500 1979.44379713 0 37.39389827 0 -378.96138924 0 39.25371667 0 117.39432389 0 173232
