### header ###
fiducial parameters:
Omega_m = 0.31
Omega_nu = 0
Omega_de = 0.69
Omega_k = 0
H_0 = 100
w_de = -1
zeff = 0
beta = 0
fgrowth = 0
b_1 = 2
gamma = 0.55
Lx = 3500 Ly = 3500 Lz = 3500
nx = 700 ny = 700 nz = 700
xoffset = -685.467585 yoffset = -31.7331281 zoffset = 572.489161
bins = 400 dk = 0.001
kx_ny = 0.628318531 ky_ny = 0.628318531 kz_ny = 0.628318531
############################
A(data) = 8.00088242 (not used)
A(ran) = 7.9965423 (used)
Ngal = 475028
weighted Ngal = 0
Nran = 23820508
weighted Nran = 0
SN(data) = 3491.26185
SN(ran) = 69.6527836
SN(data+ran) = 3560.91463
############################
13 columns: k_central k_mean P_0(k) sigma^{lin}_{P_0(k)} P^img_1(k) sigma^{lin}_{P_1(k)} P_2(k) sigma^{lin}_{P_2(k)} P^img_3(k) sigma^{lin}_{P_3(k)} P_4(k) sigma^{lin}_{P_4(k)} N_modes
### header ###
0.00050000 0 0 0 0 0 0 0 0 0 0 0 0
0.00150000 0.00179520 122330.36629385 0 -141663.75265969 0 10466.52471084 0 153663.93829814 0 -256149.37681953 0 3
0.00250000 0.00253879 196020.00965939 0 -114235.38961894 0 47315.14420102 0 -68941.94120655 0 170291.24847830 0 6
0.00350000 0.00331552 198200.15041618 0 11224.68000815 0 50137.59052055 0 -180638.33602132 0 5465.32167513 0 7
0.00450000 0.00420575 171329.83254629 0 96068.69411924 0 19383.98689026 0 -74844.70829062 0 140042.76430624 0 24
0.00550000 0.00557378 79841.42703478 0 51909.49466127 0 7346.95255481 0 -22058.61767345 0 55404.14182054 0 45
0.00650000 0.00659388 58982.71720192 0 10628.22494250 0 20217.06860961 0 35638.71334027 0 17187.68053923 0 40
0.00750000 0.00754703 68773.86331580 0 -19594.02889207 0 45644.66255564 0 45798.67859386 0 -74293.74940764 0 57
0.00850000 0.00846663 66666.68917957 0 -4150.66026012 0 28542.79253375 0 22984.15330504 0 -30579.98957713 0 75
0.00950000 0.00948925 70346.02271680 0 1111.09672323 0 10197.92118307 0 3703.43798837 0 -17710.51571717 0 112
0.01050000 0.01054430 71252.62467295 0 -7979.32624218 0 -3042.01052067 0 83.98059422 0 -8838.05146582 0 105
0.01150000 0.01145670 78298.72001779 0 -7219.25543268 0 12405.54345006 0 -10859.35972308 0 -24924.46750626 0 144
0.01250000 0.01249090 78974.35327823 0 -1739.06362532 0 7523.31254453 0 -4527.11930395 0 -7358.30168775 0 169
0.01350000 0.01339930 84662.31726082 0 6433.67398680 0 26346.92907571 0 -23067.19574118 0 -4978.29439566 0 180
0.01450000 0.01448870 75646.56605398 0 8273.18574287 0 16470.96895372 0 4158.48839376 0 4693.10452531 0 267
0.01550000 0.01550050 70599.13606216 0 2033.32172970 0 21524.37800095 0 8480.16071070 0 12726.75159305 0 238
0.01650000 0.01653350 74300.61424903 0 -1323.50820255 0 14306.21872843 0 6336.28181769 0 -8403.76166945 0 315
0.01750000 0.01747870 71606.38545091 0 -3057.44534147 0 25379.20788656 0 3364.93487401 0 -8533.29679751 0 297
0.01850000 0.01844180 74774.06685828 0 2134.35669367 0 22660.95214359 0 -5622.88085730 0 -6603.62310044 0 388
0.01950000 0.01947590 77233.67309349 0 845.76617467 0 12234.25458512 0 -1921.56875530 0 -4916.75441432 0 399
0.02050000 0.02045430 74520.51061993 0 672.73452580 0 25615.71274469 0 -514.38699410 0 -2349.96807486 0 462
0.02150000 0.02154770 71155.63110754 0 2868.13073172 0 16325.92149860 0 15800.09679296 0 515.96812208 0 571
0.02250000 0.02255340 71642.48122982 0 -790.06130850 0 11788.03989492 0 16203.90447910 0 -2248.44592860 0 510
0.02350000 0.02348930 65075.70682637 0 2667.54449531 0 -996.22578216 0 15651.83836364 0 -1955.68258807 0 555
0.02450000 0.02439640 64525.74445263 0 1519.87588321 0 -1175.33835182 0 6829.57603301 0 5144.21318307 0 592
0.02550000 0.02547300 64120.71881077 0 -1358.37495340 0 -7255.72767063 0 -1702.62460434 0 -819.64102426 0 837
0.02650000 0.02652900 62010.22297708 0 -528.28054728 0 -10754.06191406 0 -1047.09647131 0 661.97222607 0 723
0.02750000 0.02749970 62493.52995542 0 218.31745738 0 -4996.36442976 0 -15970.05697893 0 -17946.46695905 0 826
0.02850000 0.02848090 65107.04150561 0 3675.98969514 0 -1287.84424431 0 -10214.06463265 0 -6731.37558420 0 831
0.02950000 0.02946900 60039.57060586 0 4096.16227736 0 3496.79519028 0 -16269.45264202 0 -8234.12258091 0 996
0.03050000 0.03053250 59231.51234060 0 6147.33259466 0 12081.67794911 0 -3460.32295232 0 -11065.99144885 0 1041
0.03150000 0.03150510 54478.27401920 0 1072.78758659 0 18572.05331131 0 -3639.34029999 0 -8636.77874526 0 1036
0.03250000 0.03246190 54241.76916107 0 2619.73419674 0 13460.40383553 0 1912.29014710 0 -18471.73804845 0 1059
0.03350000 0.03345080 52950.62536397 0 1106.58585810 0 19248.24018798 0 1445.74666855 0 -4471.75767986 0 1302
0.03450000 0.03451200 51838.63178243 0 2456.77172006 0 17830.20754846 0 1045.52420119 0 -4533.16479330 0 1339
0.03550000 0.03553350 50472.97123930 0 1500.01213248 0 21183.12895004 0 -603.11396180 0 1099.95242830 0 1365
0.03650000 0.03647120 50377.74924586 0 384.49976612 0 21224.65016811 0 3229.86358355 0 -6614.31896621 0 1308
0.03750000 0.03744890 47996.20290062 0 654.18506003 0 21165.30250708 0 -1558.48507985 0 -4655.38111465 0 1579
0.03850000 0.03847530 48440.31384910 0 2103.32096720 0 23357.40137468 0 2846.84972342 0 -7232.68616269 0 1662
0.03950000 0.03950240 46395.47690159 0 2009.25049554 0 20806.66990621 0 3868.08345842 0 -777.76438456 0 1683
0.04050000 0.04050350 45935.97542161 0 -1042.23793518 0 18111.55532210 0 7552.75385622 0 -5087.60038627 0 1822
0.04150000 0.04152450 44235.26632947 0 96.19669019 0 12982.74374286 0 7243.60347496 0 -4657.39627777 0 1887
0.04250000 0.04250150 45658.39223841 0 877.97778203 0 8717.08631717 0 3196.45837957 0 -6979.99356567 0 1920
0.04350000 0.04349210 42987.63676891 0 1703.58789660 0 6473.00288455 0 -625.42137461 0 -3054.05721008 0 2005
0.04450000 0.04448520 42932.38586806 0 1514.93762634 0 7945.45600056 0 -514.44899912 0 -3860.07816758 0 2151
0.04550000 0.04548030 42007.51457596 0 -869.73886513 0 10937.60784258 0 -5720.91522125 0 -4596.94138426 0 2274
0.04650000 0.04648670 40697.99071966 0 2350.42204018 0 13635.45729091 0 -4406.99565199 0 -2962.55551778 0 2311
0.04750000 0.04749250 41992.56693745 0 1100.93122181 0 16890.72078760 0 -3001.58546276 0 -3149.54493931 0 2568
0.04850000 0.04851840 40816.02170222 0 -744.77107107 0 18805.45791849 0 517.61125509 0 -3098.34650935 0 2493
0.04950000 0.04949480 41106.78095196 0 1635.41559269 0 18013.34380096 0 246.91173622 0 -6510.50484871 0 2644
0.05050000 0.05050630 39924.81027757 0 1417.64510816 0 18186.51496112 0 1620.34615861 0 -4296.16168056 0 2829
0.05150000 0.05149060 38160.32459447 0 1396.03193011 0 16692.96906634 0 2453.79326468 0 -3672.09223680 0 2784
0.05250000 0.05249300 36982.22923377 0 1901.01852044 0 17440.68316134 0 544.93000211 0 -3614.12861638 0 3055
0.05350000 0.05348950 35048.44770419 0 1738.79788952 0 18357.69310282 0 635.63227256 0 -2526.35020922 0 3009
0.05450000 0.05448610 34649.06894798 0 927.21198157 0 15701.99599507 0 2685.07198550 0 -2997.38905166 0 3336
0.05550000 0.05550870 33759.62909530 0 -667.93356575 0 17741.85039641 0 -95.11669563 0 -1365.95949590 0 3349
0.05650000 0.05647670 34542.11029023 0 156.48405943 0 16743.01597452 0 1509.13572813 0 -3226.27615031 0 3324
0.05750000 0.05747970 33961.92046974 0 1082.77814527 0 14456.91306921 0 1150.58063353 0 25.22319883 0 3639
0.05850000 0.05849280 33768.37623191 0 396.63946305 0 13314.47059442 0 863.78195438 0 -1328.15857897 0 3846
0.05950000 0.05951020 33411.84737275 0 -343.57313189 0 13540.23529747 0 2114.06112227 0 -2042.22387885 0 3787
0.06050000 0.06049470 33609.04547777 0 2.78929578 0 12407.53646853 0 3347.23022663 0 -4189.49090326 0 3930
0.06150000 0.06148310 32175.51158350 0 1033.76982116 0 11594.05276410 0 902.71114121 0 -4644.58559795 0 4083
0.06250000 0.06249100 32370.16305381 0 810.35355820 0 11882.15465588 0 -358.18860065 0 -4754.25697528 0 4303
0.06350000 0.06350600 31062.96438572 0 688.38525693 0 12787.64937955 0 -695.52579920 0 -4349.74066036 0 4470
0.06450000 0.06451750 31883.09148504 0 961.97022364 0 12932.69683468 0 -2349.90164091 0 -2334.43360314 0 4479
0.06550000 0.06550280 29912.54983706 0 949.83495564 0 15230.64712754 0 -560.96605015 0 -1603.08440422 0 4636
0.06650000 0.06648880 30993.98380210 0 671.23090409 0 16354.93098962 0 -112.96760843 0 280.12981791 0 4653
0.06750000 0.06749660 30003.23217733 0 56.88052561 0 16201.35784439 0 1607.93408249 0 2179.48748963 0 5220
0.06850000 0.06852730 30482.22094898 0 -177.52590551 0 15945.36569458 0 3723.44567931 0 4387.74087913 0 5029
0.06950000 0.06949320 30263.98542681 0 41.72306655 0 14755.42294632 0 3436.50638164 0 6121.54515016 0 5040
0.07050000 0.07048030 30652.95619769 0 -328.24903434 0 13732.00796333 0 4317.99630510 0 6021.68385262 0 5475
0.07150000 0.07148790 30698.79562243 0 -195.90264302 0 13073.20463662 0 1653.69600096 0 8055.04987162 0 5509
0.07250000 0.07249820 29885.20119476 0 1112.38111291 0 12669.50767374 0 189.95126843 0 6988.77391926 0 5916
0.07350000 0.07351270 29238.35597885 0 1096.55876074 0 11336.62121207 0 -282.35867690 0 7547.47235728 0 5721
0.07450000 0.07449140 28949.58974758 0 110.47157424 0 10817.58384154 0 527.23421259 0 4254.28614809 0 6028
0.07550000 0.07549160 28369.39992709 0 447.37064090 0 10379.21942965 0 -308.25905911 0 3528.82742598 0 6183
0.07650000 0.07648840 28218.92703280 0 736.34946081 0 10477.27593824 0 -198.26104820 0 241.03897514 0 6330
0.07750000 0.07749960 26515.11768971 0 1060.83501194 0 8758.88434336 0 -441.83669296 0 -798.90809603 0 6583
0.07850000 0.07848650 26041.22218747 0 1213.80360824 0 9450.78284896 0 -171.22021653 0 -1903.23298540 0 6549
0.07950000 0.07947320 25181.45616530 0 510.70544610 0 8926.61899204 0 6.36232393 0 -2580.80390268 0 6828
0.08050000 0.08048110 24748.08537190 0 310.36833699 0 9516.46387978 0 340.23039703 0 -3161.91272614 0 7147
0.08150000 0.08149960 24907.74829579 0 33.88120322 0 9631.93715531 0 484.46403628 0 -2293.32206109 0 7386
0.08250000 0.08250610 24975.73237017 0 200.82982756 0 10133.75706074 0 -408.32298020 0 -3133.63400855 0 7227
0.08350000 0.08350160 24463.52662406 0 583.21810133 0 10748.40395608 0 -262.38752462 0 -1713.65263986 0 7798
0.08450000 0.08449610 23892.52683316 0 852.76499119 0 9434.00827686 0 716.16129097 0 -1600.18345512 0 7371
0.08550000 0.08548940 22760.04945071 0 969.11187315 0 9527.54727692 0 1244.58467124 0 -376.10694390 0 8256
0.08650000 0.08650700 22856.71084638 0 209.23372210 0 9053.14244774 0 2208.68521017 0 -1258.10397984 0 8037
0.08750000 0.08749060 21580.62541103 0 166.68720675 0 7829.48447041 0 2120.89274669 0 -620.18637944 0 8155
0.08850000 0.08849210 21776.71628357 0 331.45336514 0 7312.86086670 0 1336.05314657 0 -1613.44810025 0 8718
0.08950000 0.08949900 20978.73383389 0 418.35007755 0 6017.25492269 0 692.81529409 0 433.51362639 0 8571
0.09050000 0.09049190 20920.38268209 0 547.42238243 0 6747.53010611 0 -452.77504265 0 4.67850013 0 8932
0.09150000 0.09150830 20363.77691346 0 359.61250162 0 6296.07820628 0 -124.24366402 0 123.01020704 0 9285
0.09250000 0.09250820 20119.41070471 0 494.52435061 0 7222.36675595 0 -563.22480441 0 12.59377297 0 9204
0.09350000 0.09350330 19882.46295360 0 268.29018098 0 7182.08563826 0 -32.54433072 0 -659.36469358 0 9349
0.09450000 0.09448040 19474.22633753 0 201.46648624 0 7229.02122317 0 588.82401939 0 -484.84381702 0 9564
0.09550000 0.09549270 19410.78191632 0 620.38678852 0 6132.97178937 0 611.13475390 0 -535.71782786 0 10155
0.09650000 0.09649430 18789.84594049 0 401.97189468 0 5550.50106996 0 1301.97253077 0 -735.12486168 0 9913
0.09750000 0.09749140 18293.47361887 0 390.62497621 0 5304.67331434 0 1021.65559057 0 -692.50859069 0 10476
0.09850000 0.09850240 17953.44252369 0 224.13928577 0 4407.51605126 0 1207.49238310 0 -263.52465238 0 10575
0.09950000 0.09950330 17931.96221354 0 370.52427773 0 5029.50389795 0 -164.50928046 0 -309.29985765 0 10882
0.10050000 0.10051200 17549.85628405 0 453.68961668 0 5134.39203095 0 -424.12872388 0 331.67259718 0 10875
0.10150000 0.10150300 17158.89249470 0 372.31577989 0 6047.53773107 0 -710.17559217 0 1209.60719714 0 11118
0.10250000 0.10250800 16739.36210733 0 337.54757272 0 5557.81987667 0 -86.16361378 0 1855.64413333 0 11575
0.10350000 0.10349800 16838.68086095 0 5.18457181 0 6502.32240067 0 447.92093545 0 1267.85869801 0 11364
0.10450000 0.10450100 16440.52006047 0 457.53614232 0 6466.34841734 0 273.70454782 0 2341.89635007 0 12093
0.10550000 0.10551000 16484.03429701 0 307.63236553 0 6272.53844371 0 956.10521318 0 2497.01962078 0 12067
0.10650000 0.10649700 15935.17915575 0 83.84529041 0 5495.22802447 0 841.97943958 0 2656.61611071 0 12054
0.10750000 0.10749900 15969.28191619 0 63.05799707 0 5123.98404562 0 1031.50553073 0 2153.03570564 0 12807
0.10850000 0.10850100 15930.75022582 0 45.15172265 0 5240.67527689 0 9.84091621 0 1903.83089094 0 12736
0.10950000 0.10950300 15773.74465989 0 364.48432454 0 4980.60851155 0 122.09563301 0 1641.21749089 0 12933
0.11050000 0.11050200 15486.08566110 0 305.01043901 0 5087.83290509 0 -156.50177515 0 2035.27045886 0 13428
0.11150000 0.11150900 15306.82472229 0 142.18747362 0 4947.45797104 0 113.94308024 0 944.10613478 0 13453
0.11250000 0.11250000 15082.72086796 0 138.31658887 0 4791.34926342 0 118.32107748 0 837.13308301 0 13668
0.11350000 0.11349100 15196.87653684 0 204.15816840 0 4691.60976146 0 -181.72453109 0 149.40995110 0 13791
0.11450000 0.11448600 14956.16419528 0 157.33441398 0 4389.53459575 0 -97.39338706 0 689.81912299 0 14205
0.11550000 0.11549300 14853.41302097 0 306.04016522 0 4455.23777123 0 -205.82787498 0 540.55864827 0 14776
0.11650000 0.11649800 14601.96052433 0 227.39233480 0 4332.75571408 0 130.98670984 0 39.60315924 0 14553
0.11750000 0.11747300 14455.03077399 0 43.85670354 0 4895.42911672 0 269.45831125 0 -19.74859855 0 14568
0.11850000 0.11849100 14324.37734113 0 -26.13002223 0 4360.85727447 0 539.74483240 0 146.33073757 0 16015
0.11950000 0.11950300 14571.51163108 0 -154.02821778 0 4423.55984992 0 755.47579470 0 261.70657665 0 15270
0.12050000 0.12050700 14635.28822204 0 62.91804289 0 4256.93243373 0 376.04383165 0 -251.54882586 0 15999
0.12150000 0.12150000 14200.92091940 0 424.82185141 0 4348.41198138 0 -83.97948699 0 752.46855128 0 15670
0.12250000 0.12250700 13965.08040077 0 654.97008786 0 4019.32034312 0 -198.26436990 0 593.30609648 0 16887
0.12350000 0.12352200 13726.25035443 0 341.87906619 0 4142.21207628 0 40.41243546 0 1328.61254429 0 16407
0.12450000 0.12449800 13572.12359295 0 -93.60233377 0 4298.47579645 0 311.17329501 0 729.27092355 0 16306
0.12550000 0.12549900 13588.28918719 0 61.65579786 0 4349.95103453 0 15.16354884 0 788.79906348 0 17523
0.12650000 0.12650100 13479.89112721 0 224.23450776 0 4573.20231985 0 303.07056770 0 439.25573404 0 17154
0.12750000 0.12750600 13061.35724907 0 288.20597163 0 4370.67842659 0 -37.87432644 0 453.26222494 0 18007
0.12850000 0.12850300 13064.67894651 0 276.40508784 0 4296.64886285 0 251.29637685 0 547.03042213 0 17496
0.12950000 0.12949900 12675.92962213 0 195.80963549 0 4280.99259556 0 300.21833683 0 759.29242507 0 18405
0.13050000 0.13049000 12542.39738482 0 98.67534083 0 4056.09153384 0 384.66252929 0 262.90681666 0 18100
0.13150000 0.13148800 12547.15848449 0 77.39377891 0 4194.97170404 0 147.86536179 0 416.68590713 0 19059
0.13250000 0.13249300 12332.35538301 0 255.93235925 0 3839.07396739 0 160.18553762 0 910.39865633 0 18957
0.13350000 0.13349100 12087.65700452 0 296.75934256 0 3886.75139806 0 389.63732483 0 1242.02696421 0 19468
0.13450000 0.13450700 12166.27051073 0 86.42436703 0 3717.94273388 0 467.62745916 0 1590.16300115 0 19953
0.13550000 0.13551000 11966.19360126 0 77.56772513 0 3809.03475016 0 447.71388297 0 1675.27596204 0 19956
0.13650000 0.13649900 11844.84092124 0 145.13714096 0 3412.21370099 0 190.15278474 0 1519.61014741 0 19723
0.13750000 0.13749600 11860.12072949 0 23.43047872 0 3628.76622979 0 87.71838963 0 1868.27765595 0 20946
0.13850000 0.13851100 11585.41635074 0 413.93997058 0 3350.98374474 0 38.33648528 0 1612.04191500 0 20955
0.13950000 0.13949800 11390.21126419 0 280.41769836 0 3140.26633112 0 206.42467329 0 1322.01343870 0 20506
0.14050000 0.14048300 10976.21703922 0 109.34773327 0 3057.50070310 0 198.12042968 0 1256.33240787 0 21447
0.14150000 0.14148400 10967.40346866 0 168.49310293 0 2756.21167246 0 191.57668571 0 779.62342790 0 21771
0.14250000 0.14249400 10807.49695363 0 95.49049732 0 2647.96862503 0 158.44607539 0 700.39872936 0 22470
0.14350000 0.14350900 10805.16069310 0 62.30961864 0 2497.65074329 0 81.38601635 0 361.20359470 0 22519
0.14450000 0.14449900 10544.48494989 0 133.81125990 0 2578.23512332 0 -147.65830932 0 564.40954317 0 22218
0.14550000 0.14550500 10706.96024428 0 79.46961837 0 2745.83690410 0 -266.73230488 0 263.19691157 0 23559
0.14650000 0.14650700 10591.43160712 0 99.44077064 0 3180.43672556 0 -91.21060088 0 594.16530888 0 23044
0.14750000 0.14750500 10549.96575068 0 215.38993470 0 3035.65500623 0 6.48643361 0 403.23413971 0 23649
0.14850000 0.14849900 10366.70770260 0 137.49059344 0 3233.34029354 0 -136.88493727 0 537.33217282 0 23640
0.14950000 0.14949500 10275.58246935 0 319.82078069 0 3221.23824251 0 276.65310792 0 266.19640436 0 24457
0.15050000 0.15050000 10023.01166791 0 187.10346648 0 3127.20098783 0 167.46559118 0 426.68310921 0 24591
0.15150000 0.15149900 9820.21096653 0 157.92346166 0 2766.38713896 0 223.99313108 0 233.48764961 0 25020
0.15250000 0.15250500 9661.55562420 0 164.23468680 0 2777.12729404 0 405.91364232 0 403.82097293 0 25297
0.15350000 0.15350100 9474.95373403 0 112.11503942 0 2418.48362084 0 313.10320122 0 422.03937618 0 25452
0.15450000 0.15450400 9472.11921888 0 78.69189827 0 2374.77008245 0 276.54570637 0 655.29450697 0 26061
0.15550000 0.15549900 9385.51149415 0 -49.70864866 0 2139.50532471 0 134.90852729 0 330.11582831 0 26128
0.15650000 0.15649500 9586.18630916 0 21.27314695 0 2463.16045148 0 -154.55747491 0 519.49244307 0 26331
0.15750000 0.15749700 9489.95673416 0 142.03024661 0 2296.80984341 0 -309.44047617 0 310.63075109 0 27345
0.15850000 0.15849900 9389.48645876 0 184.08515074 0 2652.92902655 0 -403.39247396 0 653.70452113 0 26980
0.15950000 0.15949700 9270.37038836 0 108.82755545 0 2646.72852465 0 -152.36847629 0 259.72795220 0 27777
0.16050000 0.16050000 9202.77384534 0 143.70770382 0 2927.17943998 0 243.05745995 0 437.77868591 0 28224
0.16150000 0.16150500 9209.97085647 0 138.85802555 0 2843.02977136 0 226.53090793 0 154.69145004 0 28075
0.16250000 0.16249700 8879.98235990 0 134.86866692 0 2566.69776086 0 343.62849351 0 409.77456198 0 28590
0.16350000 0.16349900 8891.44221609 0 177.38860869 0 2529.56118342 0 10.17201194 0 361.64316599 0 29163
0.16450000 0.16449100 8698.86127052 0 214.19965978 0 2780.27183429 0 84.32826522 0 643.34082510 0 28996
0.16550000 0.16550500 8660.14135063 0 76.67817456 0 2630.91724481 0 -16.84576715 0 421.85336113 0 30777
0.16650000 0.16650700 8486.25048935 0 138.18372097 0 2656.17321772 0 31.77015377 0 843.40112609 0 29211
0.16750000 0.16749900 8576.74460010 0 76.38243276 0 2702.86521148 0 99.82564465 0 502.18529215 0 30922
0.16850000 0.16850800 8528.17031112 0 -49.38766196 0 2607.13389110 0 143.25152404 0 587.06573421 0 30867
0.16950000 0.16949900 8490.43582814 0 40.20128623 0 2651.52284130 0 278.34828085 0 672.64483997 0 30852
0.17050000 0.17049200 8418.90860981 0 153.67611786 0 2386.60639768 0 118.52812995 0 635.39753928 0 31257
0.17150000 0.17149500 8236.41455215 0 200.25406667 0 2481.19726861 0 175.04902645 0 696.68396438 0 32608
0.17250000 0.17250900 8053.36687824 0 209.29683435 0 2308.55758004 0 97.57109787 0 483.26158180 0 32361
0.17350000 0.17350400 7883.53956018 0 154.61615823 0 2289.38031345 0 205.15689210 0 759.37878920 0 32508
0.17450000 0.17449800 7807.26231450 0 47.82513548 0 2124.94521757 0 62.82614259 0 702.60765816 0 32791
0.17550000 0.17549800 7728.00661345 0 110.63156934 0 2179.88609332 0 133.50344927 0 337.59739819 0 33633
0.17650000 0.17650100 7677.93756062 0 20.49609120 0 1826.71214858 0 47.50193432 0 301.24584857 0 33984
0.17750000 0.17750300 7571.94219513 0 60.47028404 0 1993.02953968 0 42.59678370 0 233.76445773 0 34069
0.17850000 0.17849800 7588.99357535 0 21.05767951 0 1863.48333930 0 -5.80675896 0 176.05439355 0 34536
0.17950000 0.17950400 7605.00415704 0 -49.46738270 0 1767.29805360 0 12.81887334 0 -44.59389893 0 35343
0.18050000 0.18050100 7643.72407693 0 47.21361098 0 1834.80601802 0 -117.38878773 0 22.78164048 0 34990
0.18150000 0.18150500 7641.60926289 0 183.39313044 0 2038.30427586 0 -281.20272619 0 -45.49872931 0 36243
0.18250000 0.18250200 7543.78527312 0 139.14369153 0 2030.69758871 0 -138.77276865 0 256.24016988 0 35694
0.18350000 0.18350400 7491.20280255 0 64.12293328 0 2152.95819936 0 22.95890840 0 279.39350831 0 37087
0.18450000 0.18450600 7494.62415092 0 89.84560468 0 2224.31933282 0 220.62160817 0 119.60989609 0 36651
0.18550000 0.18550700 7385.50638983 0 47.39608290 0 2067.14768202 0 328.21028120 0 340.00784330 0 37818
0.18650000 0.18651000 7322.07304095 0 177.06197510 0 1985.85467320 0 278.24641546 0 480.39606414 0 37267
0.18750000 0.18750100 7186.56992982 0 190.32994194 0 1805.55293585 0 57.73010510 0 616.41736007 0 38334
0.18850000 0.18850000 7113.16041627 0 54.24088338 0 1878.27596526 0 141.43898447 0 702.41389247 0 38223
0.18950000 0.18949500 6968.82158993 0 16.76150676 0 1720.10780523 0 -4.84853782 0 671.32501885 0 39064
0.19050000 0.19050000 7078.63690748 0 23.53422640 0 1753.87839592 0 93.36704686 0 495.95600221 0 39609
0.19150000 0.19149800 7102.12130842 0 -20.80678063 0 1717.41723030 0 15.50756597 0 355.02302299 0 39576
0.19250000 0.19250400 7013.29911873 0 136.97794480 0 1688.39666695 0 -96.92613495 0 234.15863250 0 40909
0.19350000 0.19350500 7002.47038506 0 126.80579999 0 1707.06460659 0 -11.84140850 0 389.11803280 0 40191
0.19450000 0.19450100 6887.93825713 0 78.57364584 0 1777.35172454 0 31.57838111 0 29.68445995 0 41232
0.19550000 0.19549800 6806.86669481 0 122.07570282 0 1765.75900045 0 -24.33386970 0 266.24512259 0 40873
0.19650000 0.19649700 6815.44774654 0 46.70339825 0 1953.45705078 0 -65.64072756 0 100.44480906 0 42816
0.19750000 0.19750200 6812.38071257 0 -22.90166449 0 1967.85107304 0 -79.04610194 0 200.49322889 0 41727
0.19850000 0.19849000 6765.97659926 0 119.45709800 0 2079.94728951 0 -90.67403602 0 87.15381179 0 42610
0.19950000 0.19949900 6749.35703970 0 139.55558201 0 2002.28600323 0 -31.98672845 0 271.64398817 0 43863
0.20050000 0.20050100 6642.46481590 0 64.43882670 0 1828.98197517 0 298.41244065 0 300.60365373 0 43302
0.20150000 0.20150100 6563.15375323 0 34.59127141 0 1636.10207683 0 361.77935559 0 189.40097388 0 44487
0.20250000 0.20249700 6525.45248722 0 -8.37388854 0 1341.77753850 0 495.90174782 0 141.59067532 0 43759
0.20350000 0.20349100 6447.34830795 0 71.12972187 0 1173.54463520 0 293.95804438 0 7.37981521 0 45282
0.20450000 0.20449700 6320.09407881 0 141.45670019 0 1026.74553829 0 102.84196738 0 231.79690561 0 45483
0.20550000 0.20549900 6211.68494651 0 208.11652452 0 1000.36904611 0 -126.24664758 0 24.91572037 0 46138
0.20650000 0.20650200 6017.84175591 0 250.28990253 0 1236.20292135 0 -78.36692554 0 468.82105577 0 46227
0.20750000 0.20749300 5899.09107223 0 112.89231662 0 1313.23308512 0 -115.49763465 0 379.95568401 0 46236
0.20850000 0.20850300 5870.35838932 0 16.74046934 0 1471.13550935 0 129.29485860 0 526.71381332 0 48361
0.20950000 0.20950400 6001.10040078 0 -111.96334857 0 1347.19190533 0 193.12238225 0 592.46017086 0 46812
0.21050000 0.21050300 6031.25034126 0 -109.39822308 0 1290.57910854 0 104.61863262 0 501.00276786 0 48813
0.21150000 0.21149700 6119.34175752 0 80.68679903 0 1307.49762086 0 -154.32717055 0 503.96350752 0 47215
0.21250000 0.21249000 6115.15641874 0 107.52102113 0 1396.90664377 0 -57.55516236 0 471.01005439 0 50004
0.21350000 0.21350300 5943.50216708 0 176.17397465 0 1386.97476841 0 -184.39074690 0 519.36843304 0 49509
0.21450000 0.21449800 5849.57563564 0 167.27957613 0 1299.30410049 0 106.82833649 0 338.51307945 0 49660
0.21550000 0.21550100 5812.70479399 0 55.25079012 0 1326.94062324 0 68.10586996 0 264.01847807 0 50841
0.21650000 0.21649800 5673.61424962 0 23.26295444 0 1209.40789529 0 149.05120778 0 173.43800319 0 50424
0.21750000 0.21750300 5710.35222337 0 63.87015210 0 1195.51212764 0 3.16047332 0 -42.62822911 0 52231
0.21850000 0.21850300 5689.74662688 0 57.19752627 0 1038.87969906 0 106.47180763 0 53.87029266 0 51078
0.21950000 0.21950100 5634.19677327 0 52.40564554 0 1092.15529716 0 -61.83450518 0 -137.14624413 0 52791
0.22050000 0.22050700 5610.88952952 0 99.34023393 0 1019.82422805 0 -7.75596423 0 -105.58070692 0 52969
0.22150000 0.22150000 5501.71640681 0 124.90357458 0 1029.29770916 0 19.89253877 0 -36.92587110 0 52704
0.22250000 0.22250100 5432.52544902 0 90.11754098 0 880.37051142 0 150.98222123 0 51.23574370 0 54051
0.22350000 0.22349900 5412.56204737 0 -0.64262887 0 976.26016605 0 97.94811053 0 -138.26233448 0 53938
0.22450000 0.22449800 5351.78605644 0 26.92003261 0 867.24537758 0 108.91148368 0 -24.38413806 0 54735
0.22550000 0.22549100 5407.18089751 0 36.32763339 0 792.04546911 0 91.47467583 0 -41.55864253 0 54774
0.22650000 0.22649900 5395.05670183 0 2.51807918 0 773.66098098 0 -24.87109890 0 -143.15519481 0 56911
0.22750000 0.22749800 5315.83421776 0 61.52326213 0 813.44495129 0 -19.71848182 0 64.22922759 0 54879
0.22850000 0.22849100 5390.99315863 0 45.65396331 0 664.01728447 0 6.72586157 0 24.61289229 0 57210
0.22950000 0.22949800 5307.66284204 0 -8.81352627 0 734.59339009 0 131.28787707 0 116.50743067 0 57375
0.23050000 0.23049600 5342.72889474 0 56.62608359 0 645.76898593 0 102.56748445 0 -3.94221267 0 57604
0.23150000 0.23150100 5287.27869205 0 126.07059762 0 742.90095540 0 73.12440118 0 -86.42691367 0 58629
0.23250000 0.23250200 5226.39197787 0 110.93583682 0 772.54267618 0 -237.78814057 0 127.43581527 0 58560
0.23350000 0.23350400 5069.37533962 0 99.15322237 0 793.30439244 0 -202.80070138 0 90.55423347 0 59305
0.23450000 0.23449700 5178.29379886 0 7.81576586 0 966.69257017 0 -6.14119853 0 291.96281145 0 59196
0.23550000 0.23549300 5154.58795142 0 -49.31447389 0 891.87465691 0 84.21743125 0 95.79232889 0 60063
0.23650000 0.23649900 5215.08713423 0 3.68831319 0 944.94763146 0 111.42855528 0 190.48495448 0 61537
0.23750000 0.23750400 5153.14854920 0 85.66104096 0 811.18398256 0 178.98080900 0 139.56997604 0 61224
0.23850000 0.23850100 5045.27088849 0 122.45991249 0 799.55582704 0 138.19036436 0 293.71334600 0 61221
0.23950000 0.23949400 4997.30557737 0 120.38717329 0 685.55627794 0 98.68176278 0 241.35342916 0 62332
0.24050000 0.24050100 4888.56427533 0 75.99257620 0 587.54627311 0 276.65532238 0 504.99876989 0 63447
0.24150000 0.24150500 4821.63207180 0 37.17688070 0 559.20222880 0 139.60430024 0 415.46905864 0 63342
0.24250000 0.24250300 4815.28762968 0 -2.88824915 0 523.43419071 0 80.26040381 0 396.76679478 0 63379
0.24350000 0.24349600 4774.12072600 0 127.72258848 0 644.63960880 0 -41.68774584 0 370.76343995 0 64266
0.24450000 0.24449500 4701.97345749 0 170.02551268 0 534.34596682 0 -155.47204894 0 532.17025499 0 64695
0.24550000 0.24549600 4633.31397129 0 72.13608547 0 627.63473234 0 -175.99349576 0 450.06010860 0 65947
0.24650000 0.24650000 4684.22452080 0 12.42768810 0 757.70133199 0 -159.30418056 0 291.82662185 0 66018
0.24750000 0.24750000 4626.91416754 0 32.77397074 0 743.08364876 0 -87.46605135 0 214.99243824 0 66303
0.24850000 0.24849600 4622.39665901 0 85.42796852 0 772.36884068 0 -53.48098972 0 72.92886393 0 66958
0.24950000 0.24949200 4614.63495932 0 22.88350587 0 656.47370957 0 95.16009914 0 196.31674796 0 66975
0.25050000 0.25048900 4558.63114038 0 36.31722541 0 654.58366372 0 88.90036031 0 145.83359019 0 68676
0.25150000 0.25150000 4530.76209882 0 98.76436232 0 588.33572987 0 224.56889197 0 121.95169279 0 69349
0.25250000 0.25249900 4509.75789863 0 89.83873984 0 555.68787291 0 11.61542235 0 276.62431987 0 68592
0.25350000 0.25349900 4387.95125330 0 82.55115709 0 596.02324499 0 50.65699328 0 287.58481421 0 70437
0.25450000 0.25450100 4388.54915884 0 50.47972536 0 603.38523376 0 -116.58382971 0 380.30335501 0 70099
0.25550000 0.25550100 4369.72620665 0 35.36677704 0 682.09728366 0 -68.48465419 0 390.37474167 0 71064
0.25650000 0.25650300 4364.82116676 0 38.57011134 0 718.92162154 0 -74.27714092 0 271.23652662 0 71409
0.25750000 0.25750600 4382.83583924 0 45.60502363 0 715.81029827 0 -7.62599728 0 313.54277252 0 72612
0.25850000 0.25850600 4338.45796137 0 29.96027156 0 698.78549163 0 124.94011325 0 407.66306964 0 71845
0.25950000 0.25949600 4335.18055322 0 60.17210633 0 617.18577941 0 108.40957519 0 289.76938390 0 72816
0.26050000 0.26049800 4260.53093929 0 45.82126614 0 489.15648754 0 170.60791697 0 245.16784506 0 73743
0.26150000 0.26149900 4251.15268017 0 52.40575626 0 476.10110934 0 94.11487168 0 316.81464450 0 74662
0.26250000 0.26250300 4134.60538913 0 103.95628615 0 409.72805822 0 66.94947636 0 297.04500854 0 74931
0.26350000 0.26350100 4167.24660269 0 63.69786673 0 331.69142013 0 68.02515271 0 184.31656233 0 75087
0.26450000 0.26450200 4072.76645502 0 29.68966394 0 377.53084488 0 -87.01108952 0 189.14188148 0 76678
0.26550000 0.26550600 4031.76563621 0 120.96293418 0 327.89693441 0 -20.62386582 0 246.15660367 0 76035
0.26650000 0.26650100 4018.85530548 0 23.22265118 0 393.98431956 0 -80.68026636 0 213.03817291 0 77094
0.26750000 0.26750600 3999.61160494 0 11.50791008 0 426.59453061 0 72.22853938 0 278.76127856 0 78463
0.26850000 0.26850100 4018.29061691 0 31.33722587 0 336.56324305 0 103.78078980 0 252.08915531 0 77076
0.26950000 0.26949700 4021.05869811 0 -4.39188193 0 294.97891273 0 124.36878129 0 144.14506065 0 79149
0.27050000 0.27049900 4016.38617704 0 19.90848292 0 344.10792518 0 34.29287226 0 276.22018002 0 79648
0.27150000 0.27150200 4019.56393426 0 67.34265461 0 280.37451629 0 -28.77774727 0 160.00727319 0 80241
0.27250000 0.27250500 3964.26874412 0 48.49722560 0 294.66778040 0 -38.97170456 0 232.80891610 0 80835
0.27350000 0.27350000 3980.54506160 0 83.43838248 0 341.77277187 0 -140.32732305 0 92.23014055 0 80680
0.27450000 0.27450400 3894.92277378 0 83.19257686 0 360.74520045 0 -112.37856075 0 167.23860853 0 82617
0.27550000 0.27550800 3867.93951820 0 101.99360585 0 451.75528153 0 -104.41888788 0 119.29212036 0 82548
0.27650000 0.27649900 3844.99766117 0 43.51512232 0 505.79929897 0 -97.13684129 0 -45.34283098 0 81181
0.27750000 0.27748900 3815.15774579 0 48.69032694 0 618.05495691 0 -118.20038914 0 -39.11398393 0 84096
0.27850000 0.27849800 3782.73797872 0 55.18247388 0 576.31118511 0 -17.45330561 0 -60.98071822 0 85215
0.27950000 0.27950200 3773.09398380 0 56.04666883 0 693.08102988 0 98.48611480 0 62.73413157 0 84514
0.28050000 0.28050300 3732.70214286 0 56.83690065 0 552.29974151 0 210.37195709 0 95.71504406 0 85815
0.28150000 0.28150100 3706.39429909 0 47.34736467 0 469.66476692 0 269.37416158 0 165.85013899 0 85485
0.28250000 0.28250000 3646.14977975 0 48.49888645 0 364.23962616 0 198.36402082 0 208.45201597 0 87220
0.28350000 0.28350400 3619.56512787 0 37.66494878 0 322.48699651 0 93.75491040 0 281.15511519 0 87147
0.28450000 0.28449700 3615.82268208 0 17.39871905 0 291.02277107 0 50.76716291 0 278.53429591 0 87102
0.28550000 0.28549800 3591.65179700 0 24.15826263 0 151.25127872 0 0.50207900 0 367.89902952 0 88971
0.28650000 0.28649900 3600.14427013 0 49.04353411 0 97.97158386 0 -19.71659953 0 260.10994741 0 89434
0.28750000 0.28750100 3574.29039168 0 18.02718421 0 104.63922715 0 -32.43183590 0 96.06105422 0 89619
0.28850000 0.28849900 3576.10625295 0 59.50522021 0 76.19597481 0 -27.44829323 0 90.63495071 0 90240
0.28950000 0.28950100 3527.86413372 0 52.15264291 0 74.69866433 0 -76.70087282 0 65.76850219 0 91333
0.29050000 0.29050500 3565.56539972 0 21.04616429 0 105.79617437 0 -22.82238664 0 38.10463080 0 92139
0.29150000 0.29150600 3507.63499627 0 56.42556379 0 213.99814347 0 -76.70164789 0 -5.60625023 0 92370
0.29250000 0.29250200 3528.42882228 0 94.47051475 0 197.23464369 0 -57.86142287 0 84.20336940 0 91819
0.29350000 0.29349600 3431.28024432 0 87.78482358 0 306.12099319 0 -26.79247943 0 130.39212599 0 93552
0.29450000 0.29450000 3403.76551715 0 42.35396762 0 271.14684079 0 33.36689373 0 164.48935027 0 94701
0.29550000 0.29550200 3417.21839180 0 0.87321779 0 285.56743663 0 201.34026173 0 186.05713179 0 95020
0.29650000 0.29650300 3414.72711872 0 15.77894865 0 181.83303987 0 155.03690658 0 182.50623722 0 95151
0.29750000 0.29749800 3385.33009633 0 22.18639230 0 77.29833547 0 139.95307848 0 205.34844332 0 95802
0.29850000 0.29850000 3400.82027875 0 27.70683201 0 14.76417008 0 88.89781367 0 239.09799660 0 97399
0.29950000 0.29950700 3350.81765987 0 29.23791309 0 -77.00170789 0 65.99659208 0 180.49882473 0 97881
0.30050000 0.30050300 3346.78733363 0 55.60610103 0 -79.89678866 0 17.43558989 0 187.00713726 0 97188
0.30150000 0.30149700 3303.84885799 0 88.96779077 0 -149.44538254 0 -62.14032279 0 153.29855158 0 98263
0.30250000 0.30249700 3252.97152544 0 89.33793859 0 -148.54409530 0 -4.15238754 0 237.43382618 0 100050
0.30350000 0.30350600 3219.26736870 0 61.39869848 0 -137.55259845 0 -7.84527361 0 229.65883969 0 100779
0.30450000 0.30450500 3201.96132501 0 -3.09238960 0 -85.70422303 0 18.51215203 0 183.34109051 0 99982
0.30550000 0.30550300 3187.85518319 0 30.71020012 0 -43.02893654 0 -27.13273197 0 145.48149026 0 101559
0.30650000 0.30649700 3208.28362248 0 43.28902545 0 -80.19817734 0 -35.09251556 0 125.65317097 0 100935
0.30750000 0.30749800 3186.99154185 0 15.63179746 0 -52.70382324 0 -44.26460799 0 143.12197784 0 103762
0.30850000 0.30850200 3202.47065195 0 64.28813236 0 -3.90928358 0 -139.61315810 0 77.75418308 0 102951
0.30950000 0.30950100 3162.53277633 0 79.47936201 0 12.94985894 0 -99.97545321 0 70.91436515 0 104394
0.31050000 0.31050000 3132.32747422 0 64.89301347 0 40.54021009 0 -84.83249889 0 39.44083896 0 103963
0.31150000 0.31149700 3141.92717984 0 40.15887922 0 101.17757551 0 -32.92953690 0 42.20914161 0 105936
0.31250000 0.31250000 3121.65375310 0 29.26526173 0 95.53445445 0 -56.51691046 0 -79.70114068 0 105717
0.31350000 0.31349800 3151.27222199 0 29.91819672 0 177.32549644 0 -54.19426889 0 7.04751260 0 106776
0.31450000 0.31450400 3098.93334257 0 79.96333333 0 224.64639825 0 -36.07595945 0 63.09697166 0 108733
0.31550000 0.31549900 3069.81312829 0 82.32428515 0 219.28407134 0 95.20472061 0 120.39492392 0 105891
0.31650000 0.31650000 3062.17322417 0 6.09163880 0 209.00231051 0 128.89957661 0 179.47906361 0 111072
0.31750000 0.31750600 3065.74958509 0 -2.42781759 0 152.67517969 0 168.13878853 0 175.60264269 0 108121
0.31850000 0.31849900 3058.86259905 0 30.26520338 0 85.27660984 0 125.22356477 0 225.81674298 0 110484
0.31950000 0.31950100 3053.02748387 0 12.50198340 0 -6.84571948 0 118.56356139 0 204.12162973 0 110817
0.32050000 0.32049800 3054.09042705 0 14.88186890 0 -88.51570774 0 -4.83634719 0 275.59459367 0 111088
0.32150000 0.32149900 3028.24762093 0 95.39040350 0 -16.02774379 0 -2.26185451 0 190.22586208 0 112635
0.32250000 0.32250100 2968.65636875 0 91.19808915 0 -117.93797504 0 -6.21863837 0 213.24190368 0 113202
0.32350000 0.32350400 2924.97604734 0 41.51302455 0 -85.86742909 0 -25.69089383 0 284.37051832 0 113863
0.32450000 0.32450300 2910.95848412 0 21.91456673 0 -140.40150763 0 35.33511019 0 254.20839828 0 114045
0.32550000 0.32549900 2919.10771519 0 -3.92524987 0 -61.71049514 0 35.93013693 0 154.03153948 0 114828
0.32650000 0.32650300 2940.11191537 0 34.51299008 0 -123.74983834 0 35.94984567 0 182.43869604 0 116431
0.32750000 0.32750400 2889.07957028 0 74.09278671 0 -74.12666803 0 -35.07280682 0 136.03015379 0 116442
0.32850000 0.32850400 2865.16334867 0 81.60934514 0 -91.72502109 0 -98.26134660 0 212.46130478 0 116955
0.32950000 0.32949800 2809.40312088 0 95.96970754 0 -20.61179699 0 -18.34606716 0 192.33624719 0 117028
0.33050000 0.33049700 2767.40579285 0 51.73676639 0 -40.53533827 0 23.13274390 0 258.35276946 0 119061
0.33150000 0.33150100 2764.70414559 0 17.99053481 0 -94.88683417 0 91.35598051 0 191.94650136 0 120060
0.33250000 0.33250400 2759.74374407 0 11.06288013 0 -60.44415335 0 35.56043200 0 195.41324626 0 119737
0.33350000 0.33350100 2739.48138966 0 63.32140768 0 -114.65392350 0 23.18733047 0 235.66668314 0 120531
0.33450000 0.33450000 2720.29305074 0 56.15717063 0 -135.50864729 0 19.52194806 0 315.92110789 0 121704
0.33550000 0.33550300 2708.53424179 0 50.96358595 0 -127.20772538 0 26.75693726 0 312.32592402 0 122761
0.33650000 0.33650300 2676.54629539 0 22.10932892 0 -167.81769111 0 3.12414503 0 267.84396629 0 122472
0.33750000 0.33749900 2682.97931611 0 21.11016233 0 -142.39231163 0 25.66797412 0 337.12460992 0 122985
0.33850000 0.33849800 2717.85713928 0 -10.88842458 0 -193.68485636 0 -33.16936346 0 237.03190079 0 125380
0.33950000 0.33950300 2706.78481447 0 37.70004805 0 -151.00990204 0 -15.38532751 0 226.87304277 0 125223
0.34050000 0.34050000 2720.37055702 0 62.64953901 0 -185.58212905 0 -25.17824519 0 187.35259379 0 125178
0.34150000 0.34149900 2662.45122589 0 50.31696218 0 -218.06611561 0 4.70660169 0 209.75965753 0 127059
0.34250000 0.34250300 2658.08872991 0 59.50654889 0 -268.37100895 0 66.11827693 0 196.76406989 0 127957
0.34350000 0.34349800 2603.72361505 0 40.63941812 0 -318.10457034 0 50.89349814 0 144.14284619 0 126732
0.34450000 0.34449700 2627.93878943 0 34.33483637 0 -334.53036421 0 14.42757141 0 167.28511229 0 129639
0.34550000 0.34550000 2587.54694849 0 60.87176654 0 -309.50912459 0 -16.46045025 0 197.75061403 0 129826
0.34650000 0.34650400 2586.39542671 0 37.93832448 0 -298.32164759 0 -44.75422619 0 183.56142977 0 130875
0.34750000 0.34750200 2550.65396220 0 13.50258939 0 -279.78436138 0 5.59889820 0 179.31630044 0 130686
0.34850000 0.34850200 2565.74554093 0 39.39677111 0 -272.60728043 0 16.26956337 0 239.80219646 0 132211
0.34950000 0.34950400 2580.28350341 0 29.21078589 0 -303.62418394 0 77.59086629 0 274.49511181 0 132768
0.35050000 0.35050300 2571.27063101 0 52.63329253 0 -291.27964900 0 6.05249813 0 213.20647224 0 132957
0.35150000 0.35150100 2521.98771324 0 65.37211296 0 -317.61295912 0 -31.82806203 0 348.76051607 0 133987
0.35250000 0.35249800 2507.53832935 0 67.01723898 0 -226.08026431 0 -60.43142018 0 307.62793660 0 134778
0.35350000 0.35349800 2482.50380294 0 38.27614111 0 -245.27635385 0 -74.06842760 0 346.38771686 0 135699
0.35450000 0.35450100 2506.40895222 0 14.41439534 0 -166.20777509 0 -41.38358907 0 322.65751031 0 137380
0.35550000 0.35550100 2511.94511463 0 0.61246897 0 -202.49399798 0 -35.10325571 0 351.72900635 0 136161
0.35650000 0.35649900 2529.00756718 0 9.10703145 0 -172.41713484 0 77.99367747 0 264.50676759 0 138792
0.35750000 0.35750000 2538.39689862 0 44.04725825 0 -190.35208658 0 4.29074731 0 273.25058250 0 138097
0.35850000 0.35849800 2495.61343552 0 56.11598158 0 -230.09066036 0 15.34823522 0 262.84259717 0 140028
0.35950000 0.35950300 2490.01083917 0 79.91262208 0 -215.65234880 0 3.82131396 0 238.31961216 0 141099
0.36050000 0.36050500 2420.54307325 0 52.11532918 0 -226.60730697 0 -30.25822782 0 245.87647385 0 140821
0.36150000 0.36150200 2445.64403362 0 13.76422843 0 -215.20170518 0 -8.96363377 0 94.59374973 0 141756
0.36250000 0.36250400 2406.03832774 0 46.17868078 0 -202.49953414 0 2.44214518 0 195.83953076 0 142971
0.36350000 0.36349900 2404.47712994 0 67.78322241 0 -259.59840600 0 13.44645271 0 163.34668635 0 142270
0.36450000 0.36450000 2354.40807711 0 66.74917800 0 -227.34361657 0 59.79653308 0 207.97701323 0 145311
0.36550000 0.36550300 2334.64397731 0 51.28645494 0 -263.79370987 0 25.59246086 0 248.98779713 0 145434
0.36650000 0.36650100 2302.77782648 0 36.47046638 0 -238.78907874 0 12.33279828 0 184.08182904 0 144547
0.36750000 0.36749600 2294.61752309 0 32.91492143 0 -265.96610000 0 13.17573436 0 240.21740864 0 146892
0.36850000 0.36849900 2292.81273415 0 10.97988198 0 -287.19174668 0 15.15889846 0 239.64275498 0 148113
0.36950000 0.36949900 2298.57034305 0 28.42697602 0 -267.60701854 0 -63.31077825 0 231.31415225 0 147387
0.37050000 0.37049800 2328.12237799 0 44.86583523 0 -275.40968584 0 -7.02754920 0 107.96767871 0 149758
0.37150000 0.37150100 2274.89771259 0 53.77108463 0 -258.36716348 0 -91.03942274 0 211.47033171 0 150099
0.37250000 0.37250000 2295.82440650 0 81.67622198 0 -233.49761471 0 -66.01873673 0 171.25121904 0 150468
0.37350000 0.37349800 2237.14108496 0 38.02147764 0 -258.59303891 0 14.42137091 0 171.47820170 0 150709
0.37450000 0.37449700 2245.65570274 0 28.22734200 0 -253.15320572 0 24.00668250 0 153.46020752 0 153108
0.37550000 0.37550100 2216.22546338 0 53.10397706 0 -273.98689210 0 27.68501953 0 114.02390821 0 153189
0.37650000 0.37649900 2198.32151414 0 40.60055426 0 -298.55970257 0 63.00385341 0 83.04398627 0 153547
0.37750000 0.37749900 2160.85276696 0 40.41786090 0 -361.48040282 0 20.27652699 0 107.85230508 0 155424
0.37850000 0.37850200 2167.71760834 0 47.71064764 0 -345.43660416 0 26.01553439 0 86.08710402 0 155313
0.37950000 0.37949900 2148.47390781 0 19.83274822 0 -376.11690900 0 -53.97680843 0 60.64445171 0 156100
0.38050000 0.38050000 2149.63650192 0 19.72711824 0 -346.91254506 0 -34.10840733 0 101.73783515 0 157557
0.38150000 0.38149800 2192.01028900 0 17.35542626 0 -374.48706278 0 -30.83133135 0 72.38687363 0 157692
0.38250000 0.38250100 2193.10644915 0 21.99794133 0 -369.66506533 0 7.96773352 0 87.47878452 0 159703
0.38350000 0.38350500 2186.67342843 0 41.54170187 0 -343.41479765 0 -0.77348825 0 12.60794555 0 160338
0.38450000 0.38450600 2151.83989456 0 65.64681734 0 -373.07866307 0 67.51261480 0 78.09421418 0 160167
0.38550000 0.38550000 2112.02381451 0 60.23300412 0 -430.28825817 0 36.67851536 0 69.60118743 0 160033
0.38650000 0.38649600 2095.50390588 0 37.48446989 0 -471.06098708 0 82.08301919 0 80.63586634 0 162444
0.38750000 0.38750200 2083.56793972 0 26.83045750 0 -481.81442895 0 45.44148540 0 101.18665482 0 164307
0.38850000 0.38850400 2073.70249831 0 34.70830589 0 -482.96484350 0 -12.44617888 0 85.24029262 0 163882
0.38950000 0.38950500 2100.13213765 0 23.99439222 0 -508.55630785 0 -21.23029705 0 161.88292501 0 164595
0.39050000 0.39050100 2093.74340623 0 22.21562324 0 -493.84893879 0 -29.57163296 0 165.42606895 0 165006
0.39150000 0.39150100 2080.58948435 0 27.94510844 0 -429.33493101 0 -11.80298753 0 204.31539541 0 166687
0.39250000 0.39250100 2105.35827497 0 39.17122785 0 -432.54258351 0 -20.71864492 0 200.61280999 0 167256
0.39350000 0.39350100 2087.80864013 0 44.96603977 0 -435.39924331 0 52.50640369 0 189.87154769 0 167937
0.39450000 0.39449600 2076.78060461 0 24.72649434 0 -431.90592483 0 0.51399393 0 259.03925360 0 167719
0.39550000 0.39549700 2059.71815206 0 51.55230146 0 -450.68458772 0 45.41668339 0 211.50797762 0 171636
0.39650000 0.39650400 2046.73031505 0 61.17714126 0 -461.85545623 0 -3.87903399 0 261.14299531 0 171093
0.39750000 0.39750000 2017.82047495 0 83.27229760 0 -487.03281564 0 -48.54992986 0 191.12604209 0 170464
0.39850000 0.39849800 1958.01884860 0 70.54632107 0 -457.49296025 0 -97.58261309 0 200.64270527 0 172113
0.39950000 0.39949500 1944.44417838 0 65.07969286 0 -420.23901617 0 -59.61361827 0 141.69032624 0 173232
