### header ###
fiducial parameters:
Omega_m = 0.31
Omega_nu = 0
Omega_de = 0.69
Omega_k = 0
H_0 = 100
w_de = -1
zeff = 0
beta = 0
fgrowth = 0
b_1 = 2
gamma = 0.55
Lx = 3500 Ly = 3500 Lz = 3500
nx = 700 ny = 700 nz = 700
xoffset = -685.467585 yoffset = -31.7331281 zoffset = 572.489161
bins = 400 dk = 0.001
kx_ny = 0.628318531 ky_ny = 0.628318531 kz_ny = 0.628318531
############################
A(data) = 7.99021512 (not used)
A(ran) = 7.98736186 (used)
Ngal = 474429
weighted Ngal = 0
Nran = 23820508
weighted Nran = 0
SN(data) = 3485.30056
SN(ran) = 69.5728186
SN(data+ran) = 3554.87338
############################
13 columns: k_central k_mean P_0(k) sigma^{lin}_{P_0(k)} P^img_1(k) sigma^{lin}_{P_1(k)} P_2(k) sigma^{lin}_{P_2(k)} P^img_3(k) sigma^{lin}_{P_3(k)} P_4(k) sigma^{lin}_{P_4(k)} N_modes
### header ###
0.00050000 0 0 0 0 0 0 0 0 0 0 0 0
0.00150000 0.00179520 53684.60977620 0 -63423.82668668 0 24530.40346597 0 55602.55788129 0 18349.83175220 0 3
0.00250000 0.00253879 80665.98306402 0 -39214.96353345 0 29949.08850896 0 -25538.98153370 0 48033.40591201 0 6
0.00350000 0.00331552 89976.92245052 0 10193.19330037 0 30328.97997349 0 -46116.45431616 0 -28570.47334579 0 7
0.00450000 0.00420575 78078.27003066 0 37701.59817724 0 25527.57703913 0 -15287.33743061 0 64557.18985512 0 24
0.00550000 0.00557378 47925.34002178 0 23709.94419690 0 30665.24647823 0 35205.78543986 0 52963.69070726 0 45
0.00650000 0.00659388 44063.20240179 0 -3843.04893200 0 25909.35079888 0 75431.54150601 0 36909.04116672 0 40
0.00750000 0.00754703 40977.89909107 0 -11352.12246681 0 23635.64889737 0 80655.02146245 0 -6466.08268154 0 57
0.00850000 0.00846663 59528.02919924 0 -19116.70096914 0 9947.12195360 0 37391.46235906 0 19450.31011592 0 75
0.00950000 0.00948925 73038.14777321 0 -16076.24057394 0 9614.93006439 0 39120.84877249 0 55953.77202453 0 112
0.01050000 0.01054430 75459.44376455 0 -11726.80993868 0 8127.46287593 0 -2456.25132079 0 54759.95396259 0 105
0.01150000 0.01145670 88946.86407264 0 3288.54690509 0 9171.45023843 0 18095.61117436 0 70636.33907355 0 144
0.01250000 0.01249090 91380.33962128 0 -7305.98495299 0 3362.06714188 0 14796.50127140 0 52123.52270002 0 169
0.01350000 0.01339930 92401.42941606 0 -5922.36509900 0 7874.07272246 0 -3319.20617251 0 44910.67814341 0 180
0.01450000 0.01448870 94823.61119338 0 4285.15578969 0 3864.28565101 0 -1603.71552673 0 2789.86046758 0 267
0.01550000 0.01550050 99234.71467788 0 7082.67830604 0 17988.54179337 0 -28001.02368037 0 24767.68338683 0 238
0.01650000 0.01653350 81129.24913443 0 9616.70163636 0 9263.92629532 0 -26666.80853972 0 14292.26759916 0 315
0.01750000 0.01747870 86114.34193753 0 11891.67685523 0 28310.49515905 0 -9401.31170167 0 2996.59184427 0 297
0.01850000 0.01844180 78553.93710486 0 8829.90223475 0 34342.25482726 0 -2573.08649228 0 5999.86030040 0 388
0.01950000 0.01947590 68630.14453966 0 7319.67034646 0 45771.66212131 0 15814.04792223 0 7308.65338327 0 399
0.02050000 0.02045430 70549.08915398 0 2461.39995183 0 42331.60152340 0 18668.60398373 0 8267.92638858 0 462
0.02150000 0.02154770 66584.86469916 0 1150.11559589 0 48600.75183572 0 17554.61738372 0 28576.67384769 0 571
0.02250000 0.02255340 69896.37560592 0 3132.98074138 0 59772.06323824 0 15335.94493656 0 43411.04246997 0 510
0.02350000 0.02348930 70784.48677962 0 -5603.86967559 0 39810.32243895 0 21655.36360356 0 48810.79383753 0 555
0.02450000 0.02439640 76499.13506502 0 -8978.51497847 0 43759.26708552 0 22635.70724300 0 47592.94883072 0 592
0.02550000 0.02547300 80548.06280470 0 -4263.78620279 0 33878.65658710 0 9624.06473237 0 25102.84265909 0 837
0.02650000 0.02652900 84502.32216719 0 5649.42121989 0 35887.39775570 0 -2220.74297190 0 16176.22366705 0 723
0.02750000 0.02749970 73074.24355212 0 8563.94499261 0 35719.87348119 0 -10455.95064064 0 11766.22741503 0 826
0.02850000 0.02848090 67932.80952258 0 10865.88132240 0 38608.31085663 0 -12480.39236583 0 17971.60113639 0 831
0.02950000 0.02946900 62870.43189224 0 3068.79447441 0 44704.84362503 0 993.92827476 0 5982.43246114 0 996
0.03050000 0.03053250 63120.66643315 0 -2591.84301052 0 34481.98756647 0 15742.74215040 0 -3564.45816724 0 1041
0.03150000 0.03150510 63505.54044384 0 -2583.53876691 0 29279.65575043 0 15875.72077147 0 -3564.01527425 0 1036
0.03250000 0.03246190 64821.15407879 0 -1457.37260960 0 21216.34592450 0 7593.03497391 0 -9586.28596009 0 1059
0.03350000 0.03345080 65173.25400803 0 919.46024696 0 17847.70182167 0 6841.33484197 0 -6653.45963445 0 1302
0.03450000 0.03451200 59884.44733515 0 4874.52456746 0 12066.06597112 0 3751.95691572 0 -3165.78803982 0 1339
0.03550000 0.03553350 55868.62584668 0 5846.58610794 0 11043.43712319 0 -2041.71455191 0 -2876.62320486 0 1365
0.03650000 0.03647120 49844.61680584 0 6145.85997546 0 12988.05845877 0 61.37467153 0 -3179.71702444 0 1308
0.03750000 0.03744890 47638.34536248 0 5552.39443751 0 15236.73690619 0 -238.04058958 0 4403.08712133 0 1579
0.03850000 0.03847530 43949.04673291 0 1721.38112258 0 13856.23944780 0 2483.96534982 0 7810.45114405 0 1662
0.03950000 0.03950240 43948.27167017 0 -756.07259301 0 19658.24837602 0 4175.65049723 0 10470.45538615 0 1683
0.04050000 0.04050350 45168.10969544 0 -771.92926938 0 14878.54719830 0 7070.90842476 0 13115.39019418 0 1822
0.04150000 0.04152450 45533.27496796 0 -323.07382972 0 16314.62772728 0 4213.16353372 0 7651.41934268 0 1887
0.04250000 0.04250150 46228.61696657 0 2945.62593313 0 14930.03350871 0 -185.53451806 0 11872.07884030 0 1920
0.04350000 0.04349210 41891.25516536 0 2982.02066481 0 15731.33765584 0 -3133.67829785 0 4921.83661141 0 2005
0.04450000 0.04448520 40266.05932848 0 2401.73119339 0 16463.21832635 0 -1955.99261316 0 9398.61005441 0 2151
0.04550000 0.04548030 38023.91355271 0 585.85885080 0 16221.50947556 0 1927.53673838 0 2261.26768074 0 2274
0.04650000 0.04648670 38863.86011345 0 -352.95249824 0 15544.43681290 0 2552.83521019 0 -120.59422576 0 2311
0.04750000 0.04749250 38181.69418137 0 377.89069543 0 14160.17476407 0 2945.50413756 0 -940.82208324 0 2568
0.04850000 0.04851840 37506.06092094 0 241.86939950 0 11672.11265407 0 533.83663988 0 -3108.20087844 0 2493
0.04950000 0.04949480 37064.05371418 0 819.50372743 0 13482.99137816 0 -353.07540105 0 -938.47032144 0 2644
0.05050000 0.05050630 37211.53708076 0 1178.63790462 0 14514.26771177 0 -521.86745675 0 -1581.19441805 0 2829
0.05150000 0.05149060 35640.26346575 0 822.89518052 0 13261.43415854 0 183.39977383 0 2218.29598812 0 2784
0.05250000 0.05249300 34791.23759865 0 1647.22976327 0 14821.41400224 0 172.59318481 0 -1850.36263439 0 3055
0.05350000 0.05348950 34968.17334926 0 -393.85034443 0 15380.67712883 0 1451.65929000 0 -2395.46425754 0 3009
0.05450000 0.05448610 33988.38332605 0 -160.09806625 0 13889.34569901 0 1649.95355518 0 -3017.67355072 0 3336
0.05550000 0.05550870 33677.36172190 0 1336.14172517 0 13188.24609149 0 1202.17766718 0 -3550.81706307 0 3349
0.05650000 0.05647670 32971.50101471 0 888.47434596 0 12774.47331302 0 2156.91101932 0 -2415.23942967 0 3324
0.05750000 0.05747970 32890.23015054 0 357.98929880 0 9906.18756875 0 453.91327764 0 -2539.01694881 0 3639
0.05850000 0.05849280 32419.98851549 0 422.25307205 0 12779.56658243 0 -537.35321024 0 -340.18389326 0 3846
0.05950000 0.05951020 32947.58479310 0 -527.50659178 0 11934.63747552 0 207.79874880 0 3411.38327662 0 3787
0.06050000 0.06049470 32873.73238656 0 78.87813478 0 14405.42675880 0 1135.93194779 0 1611.73188990 0 3930
0.06150000 0.06148310 33055.65068333 0 763.26074628 0 12862.94118832 0 3154.40568991 0 3217.04183141 0 4083
0.06250000 0.06249100 32381.67827162 0 420.13161462 0 14306.55089817 0 2880.15527648 0 3779.08411153 0 4303
0.06350000 0.06350600 31353.17001922 0 35.51569981 0 10496.14317973 0 2336.98023785 0 3293.66231915 0 4470
0.06450000 0.06451750 32515.65340193 0 63.41530100 0 11957.11429490 0 841.89307545 0 1319.71039513 0 4479
0.06550000 0.06550280 30660.81754831 0 1006.50643576 0 9690.81977870 0 -53.94890617 0 1761.36328750 0 4636
0.06650000 0.06648880 30611.65642611 0 910.45069626 0 7716.09279194 0 -212.49009283 0 397.18311420 0 4653
0.06750000 0.06749660 29294.16049594 0 84.48682091 0 7830.06023130 0 -1220.13697804 0 -1450.40811729 0 5220
0.06850000 0.06852730 29692.87491266 0 1091.61275324 0 8277.58145582 0 -722.03515928 0 -2842.89690346 0 5029
0.06950000 0.06949320 28862.11838152 0 128.23412989 0 8211.47967665 0 -573.09910368 0 -2970.14006028 0 5040
0.07050000 0.07048030 28671.45294814 0 -101.26238952 0 8242.00607618 0 84.77459063 0 64.32876779 0 5475
0.07150000 0.07148790 29021.22768916 0 423.24958129 0 9242.31311727 0 706.08436815 0 -3530.27790053 0 5509
0.07250000 0.07249820 28531.49876243 0 580.76225969 0 10364.95827528 0 556.94901070 0 -1178.15072233 0 5916
0.07350000 0.07351270 28543.01398024 0 1505.76974139 0 9769.59936978 0 -127.28412442 0 -898.61327379 0 5721
0.07450000 0.07449140 27402.56452392 0 510.38656314 0 9678.76201697 0 484.95896920 0 1646.35504961 0 6028
0.07550000 0.07549160 27551.70873923 0 -350.24531483 0 10656.49258776 0 -16.48170911 0 421.54222880 0 6183
0.07650000 0.07648840 27359.49318038 0 -219.41804647 0 10580.06032953 0 386.18829565 0 -1149.27409920 0 6330
0.07750000 0.07749960 27706.83200994 0 899.00855579 0 10521.50987589 0 163.47180362 0 -1584.69327269 0 6583
0.07850000 0.07848650 26797.12980284 0 818.13186638 0 9469.24041443 0 -239.10242553 0 -1017.47357349 0 6549
0.07950000 0.07947320 25737.28687120 0 684.39146937 0 9514.39335504 0 1270.63785154 0 399.02997798 0 6828
0.08050000 0.08048110 25779.14025901 0 -5.45323070 0 8848.37087255 0 2738.79490552 0 1481.90888140 0 7147
0.08150000 0.08149960 25521.15509074 0 161.65040619 0 8612.50820926 0 2216.49119917 0 630.97303828 0 7386
0.08250000 0.08250610 25136.72397304 0 892.51574452 0 8272.64319895 0 1057.91302542 0 1898.17293296 0 7227
0.08350000 0.08350160 24093.60025187 0 1317.70630434 0 7810.98261564 0 -444.01019032 0 2014.90845352 0 7798
0.08450000 0.08449610 22775.10781247 0 841.96836725 0 7273.66483684 0 -963.98317229 0 2734.97495345 0 7371
0.08550000 0.08548940 22377.50062823 0 529.62472752 0 8242.17216105 0 175.06895664 0 2038.47036074 0 8256
0.08650000 0.08650700 21911.68792311 0 520.49338124 0 8552.04224343 0 -593.28173736 0 677.82004459 0 8037
0.08750000 0.08749060 21361.17193313 0 609.47279794 0 7826.69424456 0 71.14765903 0 439.20147965 0 8155
0.08850000 0.08849210 21267.50006516 0 568.31143043 0 8651.06204428 0 -562.66122308 0 243.08403353 0 8718
0.08950000 0.08949900 20670.70175743 0 495.23076493 0 8400.25174249 0 862.65479171 0 103.00251609 0 8571
0.09050000 0.09049190 20028.50691795 0 225.42921161 0 8313.89868123 0 1002.97879307 0 177.93890323 0 8932
0.09150000 0.09150830 20146.53790052 0 510.42310181 0 7922.59164981 0 849.77214179 0 -336.47355722 0 9285
0.09250000 0.09250820 20065.70992934 0 51.29431629 0 8712.94526769 0 1213.58216175 0 1378.38264435 0 9204
0.09350000 0.09350330 19523.49818297 0 223.97541536 0 7803.48665174 0 -269.98424668 0 303.07056770 0 9349
0.09450000 0.09448040 19300.05866813 0 690.57536278 0 7731.32831089 0 397.06353309 0 1036.34081498 0 9564
0.09550000 0.09549270 18970.87845128 0 682.77380271 0 8037.94312977 0 402.34724649 0 1988.75562230 0 10155
0.09650000 0.09649430 18220.83916806 0 83.86411336 0 7256.22592525 0 45.34050579 0 1337.80257389 0 9913
0.09750000 0.09749140 18358.35744231 0 -286.45765155 0 7026.64127014 0 822.75234753 0 136.56605431 0 10476
0.09850000 0.09850240 18252.28457055 0 145.75940561 0 6444.00446585 0 177.95440449 0 -1435.88122713 0 10575
0.09950000 0.09950330 17907.27092920 0 634.62026207 0 5971.75874001 0 286.32921258 0 -400.62771445 0 10882
0.10050000 0.10051200 17565.02536905 0 445.88584214 0 5833.41004140 0 -67.81610722 0 -313.25046314 0 10875
0.10150000 0.10150300 17185.79824401 0 336.19453463 0 6157.85130324 0 25.67207088 0 426.32436589 0 11118
0.10250000 0.10250800 16904.22902388 0 620.22734704 0 6634.10521066 0 596.79166433 0 -54.84576448 0 11575
0.10350000 0.10349800 16564.97299143 0 223.06305580 0 6788.80773303 0 298.25078471 0 1005.52874948 0 11364
0.10450000 0.10450100 16062.17872142 0 332.56502656 0 6210.88773912 0 262.03431746 0 832.60228769 0 12093
0.10550000 0.10551000 16214.42318767 0 165.56558025 0 7253.03709570 0 -75.14177877 0 619.42681796 0 12067
0.10650000 0.10649700 16028.51885397 0 289.64869556 0 7425.69892892 0 -374.36194551 0 819.03204639 0 12054
0.10750000 0.10749900 15428.17740230 0 840.53560842 0 7402.73492725 0 -562.64572182 0 760.24796670 0 12807
0.10850000 0.10850100 15116.82362840 0 326.24605078 0 7320.93259149 0 576.96998844 0 1175.98054666 0 12736
0.10950000 0.10950300 14990.48840222 0 -244.94086241 0 6973.73770215 0 1356.73624933 0 1390.49576770 0 12933
0.11050000 0.11050200 14950.07441663 0 10.05922924 0 6280.34443271 0 1305.05063707 0 340.99328021 0 13428
0.11150000 0.11150900 14704.71169865 0 134.68708079 0 5841.79179129 0 1172.01665438 0 423.88734719 0 13453
0.11250000 0.11250000 14877.99358206 0 54.11753768 0 5200.69311197 0 709.20233482 0 1365.22872246 0 13668
0.11350000 0.11349100 14671.27327770 0 -202.11311001 0 5368.63813482 0 314.54260345 0 934.08457358 0 13791
0.11450000 0.11448600 14869.13572221 0 187.55632457 0 5391.13709885 0 -312.16316084 0 1164.54283513 0 14205
0.11550000 0.11549300 14477.50759337 0 639.80986072 0 5666.10721339 0 -686.99014400 0 1356.35979028 0 14776
0.11650000 0.11649800 14197.93139170 0 573.07363734 0 5832.57961704 0 -103.19960347 0 1841.71514871 0 14553
0.11750000 0.11747300 13986.56071091 0 204.29657246 0 6102.64469169 0 -473.94532770 0 1093.65227547 0 14568
0.11850000 0.11849100 13903.40755153 0 44.87845768 0 6218.11796723 0 296.65083377 0 614.71775821 0 16015
0.11950000 0.11950300 13830.77310072 0 -12.33301972 0 6047.19448900 0 502.84520271 0 846.61210028 0 15270
0.12050000 0.12050700 13738.31918848 0 -17.83574371 0 5750.82157058 0 398.57379819 0 716.40377488 0 15999
0.12150000 0.12150000 13851.92124112 0 -4.51919152 0 5111.00728094 0 645.97936010 0 1051.59183519 0 15670
0.12250000 0.12250700 13684.17552012 0 382.70162057 0 5210.54748106 0 515.64702466 0 224.31644297 0 16887
0.12350000 0.12352200 13521.19089879 0 158.58890838 0 4868.72266926 0 159.59427547 0 885.16925700 0 16407
0.12450000 0.12449800 13313.69553168 0 82.76407789 0 4898.93904369 0 329.89438181 0 511.37642898 0 16306
0.12550000 0.12549900 13134.76676262 0 48.52557075 0 4234.90957966 0 362.96520158 0 935.81739242 0 17523
0.12650000 0.12650100 13178.83461539 0 -36.29674160 0 4422.33082187 0 181.01700953 0 669.57116260 0 17154
0.12750000 0.12750600 13284.68604066 0 119.10831977 0 4216.23056769 0 152.45041150 0 332.90383969 0 18007
0.12850000 0.12850300 12938.67589008 0 350.86868671 0 4156.04140998 0 229.29898913 0 777.63151666 0 17496
0.12950000 0.12949900 12753.32517261 0 177.08411975 0 4306.45894264 0 -280.84841179 0 657.73927629 0 18405
0.13050000 0.13049000 12947.53374993 0 3.86239228 0 4742.79711909 0 -225.62851346 0 674.15953400 0 18100
0.13150000 0.13148800 12826.18106992 0 285.26405493 0 5633.88674817 0 -728.05961122 0 381.19246269 0 19059
0.13250000 0.13249300 12642.60192443 0 553.56641547 0 5718.85576883 0 -368.83353373 0 1236.10327043 0 18957
0.13350000 0.13349100 12279.65111687 0 367.68865535 0 6098.17147247 0 249.13505905 0 1501.37402843 0 19468
0.13450000 0.13450700 12155.41963241 0 -105.65411644 0 5647.33962283 0 861.94948462 0 1892.35996243 0 19953
0.13550000 0.13551000 12208.89896128 0 -24.06425859 0 5216.47117483 0 1153.95769260 0 1265.51136515 0 19956
0.13650000 0.13649900 11966.63649425 0 104.15846680 0 4501.02183435 0 1571.26254269 0 1351.38831644 0 19723
0.13750000 0.13749600 11696.02887568 0 236.47717731 0 3803.52073240 0 558.42052267 0 1374.58483694 0 20946
0.13850000 0.13851100 11405.04817945 0 135.78102648 0 3158.93427076 0 95.02557040 0 932.16573969 0 20955
0.13950000 0.13949800 11231.87701928 0 132.87011229 0 3249.92663612 0 -73.32171001 0 1047.31238164 0 20506
0.14050000 0.14048300 11181.71938785 0 242.01887589 0 3180.99034180 0 -395.74149751 0 397.21743840 0 21447
0.14150000 0.14148400 10989.17165926 0 120.76473956 0 3089.34470927 0 -330.77352440 0 657.02843304 0 21771
0.14250000 0.14249400 11112.73880423 0 82.23205269 0 3569.45178574 0 -196.12962568 0 301.79614312 0 22470
0.14350000 0.14350900 10979.33943482 0 45.38103050 0 3503.89255048 0 -327.44407633 0 171.71736391 0 22519
0.14450000 0.14449900 11102.55226540 0 24.07887406 0 3811.48173395 0 531.06191528 0 405.26480408 0 22218
0.14550000 0.14550500 10908.04473531 0 169.89818095 0 3564.63532444 0 38.45495916 0 68.77087379 0 23559
0.14650000 0.14650700 10642.53038616 0 395.98951758 0 3728.37286386 0 114.09698556 0 280.26822197 0 23044
0.14750000 0.14750500 10548.20525103 0 412.45074289 0 3727.24348673 0 0.45595059 0 170.39311387 0 23649
0.14850000 0.14849900 10072.92570819 0 331.59398367 0 3908.75210748 0 97.39272272 0 438.90141965 0 23640
0.14950000 0.14949500 9854.95592181 0 213.04149460 0 3721.70732432 0 96.75849996 0 413.07965094 0 24457
0.15050000 0.15050000 9641.69187348 0 126.45148559 0 4010.19674747 0 160.04934802 0 465.89464032 0 24591
0.15150000 0.15149900 9684.69678307 0 49.06191416 0 3656.05951047 0 175.62700181 0 434.13589105 0 25020
0.15250000 0.15250500 9516.14278236 0 4.54518934 0 3578.24321164 0 397.97367819 0 210.95325414 0 25297
0.15350000 0.15350100 9655.62085810 0 85.29255399 0 3281.95887182 0 80.39360387 0 381.44934063 0 25452
0.15450000 0.15450400 9553.13541958 0 7.73112901 0 3298.99917972 0 228.98342788 0 275.44068835 0 26061
0.15550000 0.15549900 9432.65745323 0 46.45991783 0 3133.88867202 0 165.18137057 0 432.99544159 0 26128
0.15650000 0.15649500 9582.75388847 0 52.70116589 0 2802.16182045 0 114.19220755 0 -77.85206243 0 26331
0.15750000 0.15749700 9418.05305679 0 14.21863664 0 3119.35070953 0 -62.62650858 0 15.13586803 0 27345
0.15850000 0.15849900 9453.90524455 0 228.93470965 0 3136.55710230 0 -184.61772956 0 -220.13331865 0 26980
0.15950000 0.15949700 9170.32086130 0 268.50387685 0 3135.04019380 0 -79.98215628 0 291.47009299 0 27777
0.16050000 0.16050000 9116.77509848 0 35.13160086 0 3051.03446540 0 220.78769305 0 154.51761454 0 28224
0.16150000 0.16150500 9154.77531725 0 82.11158579 0 3105.72067768 0 259.19537338 0 231.85669617 0 28075
0.16250000 0.16249700 8957.97581593 0 62.17763653 0 2959.90923214 0 380.64438262 0 155.94262275 0 28590
0.16350000 0.16349900 8864.56968376 0 258.86873979 0 2976.68380424 0 72.17262414 0 272.42015814 0 29163
0.16450000 0.16449100 8679.58435301 0 330.85103067 0 2914.51270039 0 22.53539198 0 482.79432969 0 28996
0.16550000 0.16550500 8454.55042340 0 95.96848958 0 2654.93311734 0 408.26208241 0 639.24627938 0 30777
0.16650000 0.16650700 8412.38701049 0 -50.13991571 0 2637.70457992 0 284.54213935 0 582.75638539 0 29211
0.16750000 0.16749900 8527.32881443 0 -81.97683560 0 2351.79500845 0 369.17456134 0 560.51651376 0 30922
0.16850000 0.16850800 8536.34168683 0 17.91380360 0 2377.57138063 0 208.42212069 0 627.06340038 0 30867
0.16950000 0.16949900 8488.87463034 0 128.28727705 0 2106.02261446 0 41.26168278 0 617.72832333 0 30852
0.17050000 0.17049200 8351.53351329 0 154.11679638 0 2091.85003869 0 -21.48861439 0 564.88233144 0 31257
0.17150000 0.17149500 8254.41815230 0 133.30193296 0 2374.54863596 0 -130.56706873 0 500.02286711 0 32608
0.17250000 0.17250900 8169.36055304 0 226.22309730 0 2297.68455707 0 -175.37233834 0 704.27957920 0 32361
0.17350000 0.17350400 7973.20324656 0 158.99194100 0 2398.52021919 0 -93.92287757 0 843.67571974 0 32508
0.17450000 0.17449800 7971.78598898 0 75.63538301 0 2438.91206013 0 -122.44330401 0 709.14697319 0 32791
0.17550000 0.17549800 7797.36365611 0 77.33199534 0 2526.83739151 0 241.58151906 0 765.03563995 0 33633
0.17650000 0.17650100 7813.97214334 0 130.55599640 0 2338.18712125 0 185.92094219 0 563.75073984 0 33984
0.17750000 0.17750300 7714.42087090 0 -56.30011434 0 2203.83553190 0 225.81674298 0 756.90966077 0 34069
0.17850000 0.17849800 7925.11613987 0 -113.85117995 0 2073.86858318 0 314.85484301 0 621.26150218 0 34536
0.17950000 0.17950400 7836.68148154 0 -89.16288513 0 1844.91505058 0 361.34089153 0 746.35773521 0 35343
0.18050000 0.18050100 8073.41885849 0 18.18895087 0 1894.46370415 0 178.07287836 0 533.45132297 0 34990
0.18150000 0.18150500 7899.33976769 0 159.35732772 0 1733.37245036 0 -105.23292520 0 774.61430815 0 36243
0.18250000 0.18250200 7701.04550251 0 320.17730955 0 1899.85592633 0 50.96867922 0 685.47987890 0 35694
0.18350000 0.18350400 7529.67913130 0 218.07829516 0 1797.72480221 0 -105.26414916 0 464.06881396 0 37087
0.18450000 0.18450600 7372.28603400 0 189.32789654 0 2190.91412884 0 -65.14800911 0 899.86887543 0 36651
0.18550000 0.18550700 7271.79361395 0 166.77467812 0 2080.51197807 0 -216.69093286 0 584.97306482 0 37818
0.18650000 0.18651000 7218.01533230 0 120.19783653 0 2306.86351434 0 7.58175227 0 974.94366663 0 37267
0.18750000 0.18750100 7117.61149085 0 67.61215500 0 2268.64184907 0 8.80453554 0 840.85559861 0 38334
0.18850000 0.18850000 7095.66614306 0 63.82309472 0 2259.31895157 0 84.05577531 0 761.91878051 0 38223
0.18950000 0.18949500 7080.84030012 0 -5.19133700 0 2279.22699159 0 66.03678462 0 764.95924091 0 39064
0.19050000 0.19050000 7000.26699242 0 106.20551821 0 2170.18673678 0 16.12761616 0 507.97279633 0 39609
0.19150000 0.19149800 6884.28438994 0 185.21563510 0 2005.91772577 0 21.86762007 0 689.74383118 0 39576
0.19250000 0.19250400 6840.02830764 0 -2.07965941 0 1854.47046690 0 223.43287145 0 438.20054149 0 40909
0.19350000 0.19350500 6804.39756638 0 -53.69413198 0 1727.95808352 0 218.18458948 0 190.63885980 0 40191
0.19450000 0.19450100 6761.70268188 0 101.00174700 0 1638.31654179 0 56.46354186 0 -198.65743743 0 41232
0.19550000 0.19549800 6731.13199305 0 136.51955055 0 1597.53716948 0 -82.89185252 0 -208.93809103 0 40873
0.19650000 0.19649700 6607.15517206 0 109.15906086 0 1439.22506923 0 -101.13062886 0 -252.53647723 0 42816
0.19750000 0.19750200 6558.78018492 0 63.69288418 0 1575.07142243 0 23.01659522 0 -236.37641916 0 41727
0.19850000 0.19849000 6550.75274943 0 -30.36418997 0 1509.16894511 0 62.50947410 0 -268.70428593 0 42610
0.19950000 0.19949900 6667.16717257 0 47.19733466 0 1575.76897889 0 84.96425956 0 -366.09424057 0 43863
0.20050000 0.20050100 6508.93257859 0 141.05588203 0 1655.60044083 0 35.58722703 0 -271.68606301 0 43302
0.20150000 0.20150100 6441.40246952 0 121.42354289 0 1515.46909793 0 -4.91149506 0 -309.40725920 0 44487
0.20250000 0.20249700 6407.11147956 0 28.99232892 0 1692.00624484 0 47.92711159 0 1.84828104 0 43759
0.20350000 0.20349100 6338.04231734 0 114.44797826 0 1706.96495567 0 -37.83634837 0 -189.78075462 0 45282
0.20450000 0.20449700 6275.64976699 0 67.10781060 0 1617.47842648 0 134.05485104 0 -42.89440779 0 45483
0.20550000 0.20549900 6241.07089658 0 97.31244837 0 1528.25763309 0 63.69609515 0 139.80913825 0 46138
0.20650000 0.20650200 6279.22612790 0 -12.28563017 0 1532.13294678 0 55.81946472 0 134.15560920 0 46227
0.20750000 0.20749300 6167.22956236 0 58.11121452 0 1503.67707200 0 122.83858600 0 119.38955682 0 46236
0.20850000 0.20850300 6221.80505139 0 19.39716296 0 1505.03896795 0 27.63486190 0 -16.57504881 0 48361
0.20950000 0.20950400 6143.35763005 0 43.15460743 0 1505.07218492 0 -49.11107529 0 -272.77890146 0 46812
0.21050000 0.21050300 6065.86242865 0 185.00858263 0 1524.19408989 0 -222.17837704 0 -168.34251931 0 48813
0.21150000 0.21149700 6029.81093904 0 126.25882714 0 1642.92262892 0 -127.72812464 0 -119.75715801 0 47215
0.21250000 0.21249000 5925.29926507 0 65.11744949 0 1557.30034109 0 79.37494999 0 -76.76199206 0 50004
0.21350000 0.21350300 5876.31530008 0 31.91531195 0 1480.90129984 0 298.81325881 0 -8.43583819 0 49509
0.21450000 0.21449800 5975.68941532 0 -64.22989193 0 1463.45131593 0 235.25922158 0 -142.93374832 0 49660
0.21550000 0.21550100 5987.04962059 0 -46.25142596 0 1362.48278591 0 170.30010634 0 -90.44428528 0 50841
0.21650000 0.21649800 5975.29081163 0 116.22397916 0 1300.21203113 0 123.81295059 0 -4.96455364 0 50424
0.21750000 0.21750300 5916.76250264 0 138.20254392 0 1241.08581660 0 -141.81101458 0 -133.43258639 0 52231
0.21850000 0.21850300 5843.87338836 0 116.22065746 0 1220.85667915 0 -208.46530276 0 -61.09863847 0 51078
0.21950000 0.21950100 5704.33995099 0 121.95058555 0 1291.15486943 0 -83.67865192 0 -259.13779729 0 52791
0.22050000 0.22050700 5660.29424287 0 69.76970821 0 1359.40467961 0 -49.50303559 0 -148.44444438 0 52969
0.22150000 0.22150000 5611.27706089 0 -41.42511029 0 1315.62470728 0 82.82619364 0 -298.09245047 0 52704
0.22250000 0.22250100 5655.20097345 0 58.35657723 0 1303.00225698 0 235.04995465 0 -132.12051590 0 54051
0.22350000 0.22349900 5641.06161466 0 56.56230700 0 1229.88062388 0 255.50828921 0 -111.86701934 0 53938
0.22450000 0.22449800 5539.61697467 0 81.48312064 0 1201.83442512 0 171.42837624 0 86.97510447 0 54735
0.22550000 0.22549100 5511.03930431 0 79.21506562 0 1077.35381334 0 155.32257256 0 253.98141562 0 54774
0.22650000 0.22649900 5452.97603296 0 87.67620408 0 1131.83518761 0 1.52287648 0 233.10454717 0 56911
0.22750000 0.22749800 5427.02250359 0 29.21499337 0 1000.55173947 0 -7.04360407 0 373.04101716 0 54879
0.22850000 0.22849100 5364.97319530 0 80.02589197 0 1165.46183809 0 -0.43045545 0 346.47297376 0 57210
0.22950000 0.22949800 5356.32570962 0 90.70260262 0 1093.36993119 0 -26.79303304 0 423.38909258 0 57375
0.23050000 0.23049600 5236.46779346 0 99.50366145 0 1067.02776322 0 157.68208497 0 440.45375959 0 57604
0.23150000 0.23150100 5204.18089429 0 54.45125755 0 981.00022830 0 213.40023793 0 360.64776399 0 58629
0.23250000 0.23250200 5157.89857654 0 24.30342081 0 892.37955492 0 200.72574771 0 408.69943924 0 58560
0.23350000 0.23350400 5166.98895522 0 38.09931608 0 905.85125253 0 97.82653641 0 349.65515991 0 59305
0.23450000 0.23449700 5148.27672628 0 56.30941510 0 841.06929448 0 -26.71707689 0 284.23211426 0 59196
0.23550000 0.23549300 5066.76227096 0 148.40236954 0 894.61727177 0 -259.96157825 0 387.19809168 0 60063
0.23650000 0.23649900 5026.80225069 0 112.77827167 0 932.98841343 0 -189.04223056 0 330.02614247 0 61537
0.23750000 0.23750400 4982.72332559 0 47.50248794 0 1064.40915840 0 -70.99652180 0 366.65007128 0 61224
0.23850000 0.23850100 4963.32461251 0 106.48121910 0 1167.47700120 0 -104.14318699 0 278.94286469 0 61221
0.23950000 0.23949400 4936.75103294 0 44.07803932 0 1140.93663861 0 33.74722809 0 226.98376601 0 62332
0.24050000 0.24050100 4855.59089202 0 136.64466782 0 1284.87686125 0 20.94363456 0 272.40022796 0 63447
0.24150000 0.24150500 4828.09830950 0 67.73970818 0 1318.16026966 0 -33.81620868 0 448.21988822 0 63342
0.24250000 0.24250300 4797.20652325 0 -0.56993463 0 1273.25092020 0 116.21955023 0 329.74047649 0 63379
0.24350000 0.24349600 4816.30628356 0 56.27509089 0 1211.62236025 0 47.50946350 0 456.16428127 0 64266
0.24450000 0.24449500 4791.57070992 0 76.82909034 0 1179.08079761 0 83.63458407 0 326.30584134 0 64695
0.24550000 0.24549600 4705.45016748 0 106.64464662 0 1065.45549309 0 76.34988013 0 407.15152823 0 65947
0.24650000 0.24650000 4622.35236972 0 62.69914303 0 924.32985542 0 125.36750499 0 380.05533494 0 66018
0.24750000 0.24750000 4589.74437312 0 -4.26594531 0 957.13272493 0 188.29927756 0 470.07776464 0 66303
0.24850000 0.24849600 4619.39605899 0 -45.58188247 0 747.09625928 0 152.34854611 0 361.19584407 0 66958
0.24950000 0.24949200 4627.47885611 0 25.35662034 0 741.04191207 0 128.15330192 0 354.53473346 0 66975
0.25050000 0.25048900 4657.59557961 0 -12.58270065 0 728.37627971 0 38.44543696 0 613.30935849 0 68676
0.25150000 0.25150000 4649.15846810 0 14.45979187 0 737.59066842 0 34.92421622 0 501.32718698 0 69349
0.25250000 0.25249900 4631.75277349 0 20.40120137 0 784.96471739 0 106.12701543 0 672.07018631 0 68592
0.25350000 0.25349900 4670.07408968 0 74.85478411 0 716.33180477 0 103.26847333 0 547.73683645 0 70437
0.25450000 0.25450100 4560.14804888 0 73.57825578 0 635.48722511 0 -10.60192817 0 498.91009847 0 70099
0.25550000 0.25550100 4513.42283815 0 117.29467297 0 701.45392191 0 -83.52197853 0 425.83718360 0 71064
0.25650000 0.25650300 4458.76984284 0 79.96322261 0 649.71294803 0 -105.73583020 0 471.15178015 0 71409
0.25750000 0.25750600 4377.58755727 0 42.34976014 0 592.32508850 0 43.78318331 0 373.41858344 0 72612
0.25850000 0.25850600 4439.50399766 0 -23.57198303 0 532.70394105 0 83.39043931 0 380.21145472 0 71845
0.25950000 0.25949600 4439.31576814 0 34.56658013 0 567.06690112 0 65.45271949 0 258.04606606 0 72816
0.26050000 0.26049800 4362.89458224 0 138.71076363 0 543.34998136 0 -9.02595989 0 95.25897501 0 73743
0.26150000 0.26149900 4280.07359260 0 159.01408565 0 585.28641161 0 -106.80752051 0 245.81446883 0 74662
0.26250000 0.26250300 4095.96297551 0 145.15928560 0 609.07419425 0 -72.48198490 0 151.38746832 0 74931
0.26350000 0.26350100 4064.56186233 0 84.20237289 0 735.31309121 0 -60.94672618 0 210.92778780 0 75087
0.26450000 0.26450200 4005.98926404 0 67.64548269 0 666.25057238 0 -20.03592538 0 64.62307019 0 76678
0.26550000 0.26550600 4007.14078582 0 19.63931470 0 723.17117981 0 102.95114050 0 176.82945628 0 76035
0.26650000 0.26650100 3963.93657437 0 48.21864591 0 663.15253590 0 20.40861983 0 189.81175713 0 77094
0.26750000 0.26750600 4011.25969065 0 28.75338815 0 610.19471352 0 155.84075736 0 111.90577248 0 78463
0.26850000 0.26850100 4005.69031127 0 -17.54564880 0 630.30316263 0 115.64821827 0 225.89535649 0 77076
0.26950000 0.26949700 3981.72980036 0 20.10490596 0 473.44375139 0 82.49335955 0 236.13282801 0 79149
0.27050000 0.27049900 4027.65780371 0 42.20283039 0 609.89354629 0 -39.96500282 0 278.17665981 0 79648
0.27150000 0.27150200 3984.39823064 0 43.88593448 0 499.61429833 0 -25.07715487 0 271.30849673 0 80241
0.27250000 0.27250500 3959.18654703 0 51.75968611 0 452.66874833 0 15.54410464 0 284.88538142 0 80835
0.27350000 0.27350000 3933.41017485 0 26.16689307 0 475.79219148 0 51.28313325 0 196.76517712 0 80680
0.27450000 0.27450400 3936.11182211 0 45.50027944 0 475.94166786 0 55.56712644 0 154.57186893 0 82617
0.27550000 0.27550800 3889.69663647 0 69.61414205 0 395.26538754 0 39.04954300 0 174.87629819 0 82548
0.27650000 0.27649900 3839.42828179 0 70.27006657 0 468.07478108 0 39.15926974 0 311.02049692 0 81181
0.27750000 0.27748900 3863.99777056 0 54.65565266 0 398.34017214 0 -25.02323264 0 211.57662603 0 84096
0.27850000 0.27849800 3828.93171786 0 29.01093043 0 469.19862205 0 -79.72804643 0 180.21426598 0 85215
0.27950000 0.27950200 3802.39135527 0 42.56555975 0 466.12605191 0 -63.09088188 0 156.24932614 0 84514
0.28050000 0.28050300 3796.42337219 0 112.28555322 0 472.30883809 0 -96.85017880 0 160.64061017 0 85815
0.28150000 0.28150100 3798.19494416 0 62.32445556 0 514.01053506 0 -85.64553970 0 41.70014684 0 85485
0.28250000 0.28250000 3707.59011017 0 39.33399103 0 481.11022909 0 79.82758663 0 69.83658505 0 87220
0.28350000 0.28350400 3703.09474630 0 47.37050583 0 449.31937007 0 47.54699868 0 -51.07453065 0 87147
0.28450000 0.28449700 3688.71179636 0 -13.10564655 0 444.96130302 0 139.17247958 0 40.82344016 0 87102
0.28550000 0.28549800 3717.17874347 0 -3.87891219 0 451.13412411 0 73.88905594 0 12.15995929 0 88971
0.28650000 0.28649900 3699.00905844 0 61.28166400 0 432.79171081 0 -86.94997029 0 -13.89067438 0 89434
0.28750000 0.28750100 3700.64776251 0 49.62228452 0 483.61368173 0 -37.94662873 0 -10.37015120 0 89619
0.28850000 0.28849900 3638.38808006 0 71.38981078 0 483.47417044 0 -73.27310251 0 132.05297472 0 90240
0.28950000 0.28950100 3615.85589905 0 30.39353163 0 452.91123224 0 2.44862249 0 -0.31457693 0 91333
0.29050000 0.29050500 3615.63445255 0 -6.79539577 0 419.76844236 0 115.97595908 0 -16.22759925 0 92139
0.29150000 0.29150600 3611.82557282 0 51.57666058 0 344.38362607 0 158.46268387 0 -10.71176563 0 92370
0.29250000 0.29250200 3565.20001301 0 84.63308632 0 228.87491909 0 109.96379743 0 73.21408701 0 91819
0.29350000 0.29349600 3525.60537945 0 48.90878391 0 239.41245062 0 97.10451011 0 199.24427065 0 93552
0.29450000 0.29450000 3493.77244560 0 57.47178776 0 186.19442862 0 84.56942046 0 231.36065602 0 94701
0.29550000 0.29550200 3478.16046761 0 30.64243749 0 268.31343287 0 30.16278438 0 255.03882264 0 95020
0.29650000 0.29650300 3495.18970318 0 31.29836201 0 222.38100059 0 4.84273592 0 283.75046813 0 95151
0.29750000 0.29749800 3454.00065485 0 41.20842489 0 257.47473410 0 30.20098390 0 314.31229909 0 95802
0.29850000 0.29850000 3461.92843942 0 25.86484005 0 189.12416576 0 8.69055703 0 301.08197817 0 97399
0.29950000 0.29950700 3462.21631987 0 -2.05950778 0 177.97322744 0 14.89670581 0 289.58226161 0 97881
0.30050000 0.30050300 3473.16684911 0 69.98052527 0 141.28397192 0 20.89137319 0 225.67944615 0 97188
0.30150000 0.30149700 3420.42936600 0 83.87097821 0 146.27537595 0 -77.43375000 0 234.78311162 0 98263
0.30250000 0.30249700 3339.86713062 0 128.44007513 0 208.85172689 0 -87.96917779 0 218.97958240 0 100050
0.30350000 0.30350600 3306.32905875 0 89.90428800 0 258.26308363 0 -81.23587562 0 201.97913488 0 100779
0.30450000 0.30450500 3208.81509407 0 75.30775291 0 288.50381717 0 0.25796081 0 224.84570009 0 99982
0.30550000 0.30550300 3228.85600199 0 33.88341769 0 314.95892286 0 23.27812353 0 263.93100670 0 101559
0.30650000 0.30649700 3198.62855523 0 16.08199818 0 311.85756468 0 96.22127076 0 285.34931183 0 100935
0.30750000 0.30749800 3249.19586268 0 -10.61155002 0 192.19230697 0 117.81396500 0 308.69973764 0 103762
0.30850000 0.30850200 3177.22575136 0 49.05471715 0 169.36006596 0 129.48751706 0 308.98097469 0 102951
0.30950000 0.30950100 3238.32283971 0 30.10631552 0 109.26690530 0 68.46250954 0 280.79194294 0 104394
0.31050000 0.31050000 3174.72340595 0 25.59843992 0 48.29803448 0 25.52226232 0 322.61100654 0 103963
0.31150000 0.31149700 3201.93918036 0 37.08697343 0 27.31276797 0 -58.39444458 0 263.08175939 0 105936
0.31250000 0.31250000 3180.70246135 0 21.58018252 0 47.40582654 0 -73.05464554 0 246.96045445 0 105717
0.31350000 0.31349800 3171.64529965 0 49.66878829 0 37.90876137 0 -93.52837064 0 261.02784313 0 106776
0.31450000 0.31450400 3168.20180663 0 59.82056002 0 72.63002188 0 -45.27816860 0 129.72667927 0 108733
0.31550000 0.31549900 3149.20169724 0 61.33005006 0 135.57065231 0 -25.91123309 0 184.03421804 0 105891
0.31650000 0.31650000 3107.54761128 0 94.65520113 0 149.21507819 0 -45.46285498 0 116.29152034 0 111072
0.31750000 0.31750600 3055.78449275 0 74.91568189 0 158.67195081 0 21.22442872 0 137.13185011 0 108121
0.31850000 0.31849900 3019.79943709 0 59.44542966 0 127.06821408 0 15.67320795 0 178.25003556 0 110484
0.31950000 0.31950100 2983.24969286 0 45.52939965 0 147.64612976 0 78.82255170 0 154.26959447 0 110817
0.32050000 0.32049800 2959.05666313 0 48.54915480 0 114.30514527 0 68.39862223 0 226.22641900 0 111088
0.32150000 0.32149900 2966.79621818 0 30.00212494 0 93.09810009 0 73.35359831 0 217.39513272 0 112635
0.32250000 0.32250100 2953.55371770 0 -2.35512778 0 -1.90701972 0 73.60538297 0 323.73484751 0 113202
0.32350000 0.32350400 2968.27990971 0 5.65318581 0 38.95055642 0 57.90382987 0 240.13325897 0 113863
0.32450000 0.32450300 2993.04870033 0 33.74490290 0 16.39412702 0 39.65220964 0 335.96090858 0 114045
0.32550000 0.32549900 2916.36177863 0 64.83178351 0 -7.93454976 0 23.90725303 0 396.56749294 0 114828
0.32650000 0.32650300 2933.50173745 0 30.52839254 0 -95.04439335 0 117.10976514 0 502.97696337 0 116431
0.32750000 0.32750400 2921.21145690 0 -7.53866986 0 -133.24657133 0 104.25468530 0 428.21551897 0 116442
0.32850000 0.32850400 2921.21145690 0 24.76989785 0 -211.30203237 0 94.74455479 0 402.14683741 0 116955
0.32950000 0.32949800 2882.03757170 0 90.68067942 0 -193.23864166 0 -29.03385014 0 402.52329646 0 117028
0.33050000 0.33049700 2870.16803949 0 66.90120102 0 -200.33600187 0 -111.32004649 0 399.89804824 0 119061
0.33150000 0.33150100 2823.09958669 0 64.52319782 0 -155.88061773 0 -163.73532495 0 416.32827104 0 120060
0.33250000 0.33250400 2803.78945220 0 60.44980024 0 -84.37399392 0 -124.75299096 0 285.17215463 0 119737
0.33350000 0.33350100 2786.05158784 0 36.85312593 0 5.86416896 0 -74.34556789 0 284.62186009 0 120531
0.33450000 0.33450000 2792.55104251 0 38.09300486 0 -21.00984707 0 -13.62637798 0 227.63260425 0 121704
0.33550000 0.33550300 2797.40072078 0 13.23220322 0 7.32223913 0 23.62856261 0 206.87199521 0 122761
0.33650000 0.33650300 2802.25039905 0 31.08001577 0 -36.51774521 0 60.49253941 0 184.00653723 0 122472
0.33750000 0.33749900 2786.77128896 0 49.99597549 0 -39.16535952 0 44.82575341 0 178.63424523 0 122985
0.33850000 0.33849800 2732.43939107 0 76.81314620 0 -47.95158143 0 -6.52402416 0 85.75969537 0 125380
0.33950000 0.33950300 2664.80963108 0 107.89271907 0 -48.32970132 0 -33.54194719 0 166.45690239 0 125223
0.34050000 0.34050000 2642.25530542 0 85.21172602 0 17.16852542 0 -34.89421022 0 204.45158501 0 125178
0.34150000 0.34149900 2587.95662451 0 23.06276681 0 2.84097032 0 -12.75742193 0 230.51251593 0 127059
0.34250000 0.34250300 2595.71832421 0 12.27046109 0 -43.77188954 0 72.84017461 0 245.80671821 0 127957
0.34350000 0.34349800 2600.10296484 0 15.18879374 0 11.17695829 0 39.60537371 0 199.40703382 0 126732
0.34450000 0.34449700 2606.18167116 0 45.47126995 0 -112.41842112 0 10.51349351 0 222.61462664 0 129639
0.34550000 0.34550000 2567.32888337 0 55.49371693 0 -1.68297123 0 0.29480508 0 240.51525418 0 129826
0.34650000 0.34650400 2559.73326855 0 68.12934329 0 -48.84644672 0 -63.93237857 0 230.21467040 0 130875
0.34750000 0.34750200 2547.58692822 0 38.44720853 0 14.14223760 0 -31.42071120 0 237.28213533 0 130686
0.34850000 0.34850200 2515.90900692 0 16.05929992 0 -14.59631364 0 11.35422621 0 270.60208241 0 132211
0.34950000 0.34950400 2564.10683685 0 7.77985831 0 16.37563624 0 16.26557733 0 198.98628548 0 132768
0.35050000 0.35050300 2549.44707879 0 49.73322922 0 11.12923657 0 -3.06314759 0 134.11131990 0 132957
0.35150000 0.35150100 2528.83040998 0 43.88471653 0 2.50552317 0 48.33446242 0 236.84920743 0 133987
0.35250000 0.35249800 2528.90791625 0 22.30685920 0 -86.63972375 0 23.17581525 0 240.67358842 0 134778
0.35350000 0.35349800 2551.82762863 0 -15.48896447 0 -92.39057854 0 111.54481469 0 243.30437280 0 135699
0.35450000 0.35450100 2559.08000138 0 24.28891606 0 -113.70613249 0 74.02867795 0 225.40374526 0 137380
0.35550000 0.35550100 2550.25535850 0 66.23962961 0 -210.07521878 0 -37.99667563 0 207.06354643 0 136161
0.35650000 0.35649900 2523.44926012 0 64.44558082 0 -171.83583779 0 -50.75132949 0 267.76867448 0 138792
0.35750000 0.35750000 2476.41402429 0 46.69398678 0 -218.34070926 0 -9.18531279 0 216.66214482 0 138097
0.35850000 0.35849800 2486.64485242 0 23.38973256 0 -169.62026559 0 27.89561515 0 175.58049804 0 140028
0.35950000 0.35950300 2478.76135715 0 38.88611549 0 -214.47978960 0 35.00371551 0 101.76784115 0 141099
0.36050000 0.36050500 2423.47723933 0 63.88941795 0 -253.82308138 0 24.65707086 0 185.85340101 0 140821
0.36150000 0.36150200 2425.64741500 0 41.23964885 0 -259.91396726 0 35.42125288 0 146.29530613 0 141756
0.36250000 0.36250400 2380.19552161 0 40.66898123 0 -276.17810518 0 9.60079071 0 156.05223876 0 142971
0.36350000 0.36349900 2410.51154697 0 65.59234150 0 -229.72305917 0 -48.13172816 0 100.13079793 0 142270
0.36450000 0.36450000 2336.96916552 0 73.02408592 0 -209.35773214 0 -78.18423218 0 80.74116415 0 145311
0.36550000 0.36550300 2307.67179405 0 78.35463526 0 -179.27644007 0 -114.58306062 0 194.26393894 0 145434
0.36650000 0.36650100 2275.90529415 0 62.74420739 0 -114.66056689 0 -21.31012852 0 204.27442781 0 144547
0.36750000 0.36749600 2275.70599230 0 26.50094511 0 -144.77839763 0 48.11190869 0 231.19235668 0 146892
0.36850000 0.36849900 2260.10508663 0 28.97040572 0 -179.98396162 0 104.42110235 0 268.79507899 0 148113
0.36950000 0.36949900 2277.64364914 0 8.89036820 0 -181.14323403 0 69.36113942 0 307.00567194 0 147387
0.37050000 0.37049800 2266.16164831 0 11.47413949 0 -207.38575109 0 70.66468423 0 255.74191527 0 149758
0.37150000 0.37150100 2291.94909281 0 40.51463302 0 -198.93424555 0 -6.71471174 0 321.10738483 0 150099
0.37250000 0.37250000 2243.13121268 0 51.12391322 0 -203.64441253 0 -29.66873724 0 300.76420244 0 150468
0.37350000 0.37349800 2241.08283259 0 64.62727767 0 -202.61468632 0 -78.02766951 0 286.43882859 0 150709
0.37450000 0.37449700 2210.19104635 0 46.03673358 0 -184.41178432 0 -51.87649913 0 321.92452240 0 153108
0.37550000 0.37550100 2198.32151414 0 31.30389817 0 -123.48963870 0 7.65766413 0 263.69627342 0 153189
0.37650000 0.37649900 2234.35085910 0 -0.01100571 0 -170.79171756 0 41.32678805 0 216.74740172 0 153547
0.37750000 0.37749900 2225.58157785 0 15.24670200 0 -161.84417187 0 21.14736534 0 224.26661750 0 155424
0.37850000 0.37850200 2276.76893548 0 32.31314058 0 -203.18491105 0 -16.43730909 0 188.49193602 0 155313
0.37950000 0.37949900 2232.64572108 0 29.47773964 0 -180.75570266 0 -22.61411621 0 178.92323291 0 156100
0.38050000 0.38050000 2233.40971149 0 44.19108775 0 -144.40304582 0 6.00709053 0 238.13691880 0 157557
0.38150000 0.38149800 2184.76898857 0 51.76644022 0 -128.05032930 0 1.51685314 0 186.73918700 0 157692
0.38250000 0.38250100 2198.91941968 0 38.25100693 0 -195.14972493 0 57.12854569 0 184.39739030 0 159703
0.38350000 0.38350500 2167.13077513 0 42.94146517 0 -193.19103067 0 11.02091601 0 190.57464031 0 160338
0.38450000 0.38450600 2167.20828140 0 48.63308302 0 -207.67806046 0 6.10711791 0 191.37184770 0 160167
0.38550000 0.38550000 2143.93425463 0 48.82142327 0 -211.72499518 0 -15.05670090 0 255.99768597 0 160033
0.38650000 0.38649600 2133.36018443 0 34.83242665 0 -246.06248891 0 3.33672259 0 228.41098868 0 162444
0.38750000 0.38750200 2123.64975557 0 41.30242893 0 -236.72076846 0 8.14528932 0 220.79987260 0 164307
0.38850000 0.38850400 2116.58561233 0 35.54858462 0 -272.19206825 0 14.15486005 0 139.39392607 0 163882
0.38950000 0.38950500 2086.38031023 0 58.22769537 0 -266.95818031 0 -16.96678766 0 169.97347276 0 164595
0.39050000 0.39050100 2043.92901687 0 94.76526004 0 -271.68384854 0 -2.78146765 0 145.87455779 0 165006
0.39150000 0.39150100 2009.75982248 0 54.14134317 0 -279.76886012 0 10.28633370 0 201.37569317 0 166687
0.39250000 0.39250100 2006.10595529 0 32.63589885 0 -318.98482017 0 27.51749526 0 203.37314057 0 167256
0.39350000 0.39350100 1981.69147907 0 23.70916913 0 -298.21535327 0 -32.03843620 0 202.75087592 0 167937
0.39450000 0.39449600 2029.04781232 0 2.76634285 0 -311.11571892 0 23.63310226 0 188.19409048 0 167719
0.39550000 0.39549700 2014.16660776 0 21.13031396 0 -325.03363121 0 -9.66161099 0 225.49121663 0 171636
0.39650000 0.39650400 2037.20811571 0 34.73576525 0 -321.33547472 0 3.40317868 0 198.22008060 0 171093
0.39750000 0.39750000 2030.43185292 0 27.37731962 0 -308.96768790 0 -13.18979622 0 201.68793273 0 170464
0.39850000 0.39849800 2011.21029703 0 67.33113939 0 -284.32290732 0 -18.44339290 0 198.26436990 0 172113
0.39950000 0.39949500 1993.01846736 0 64.96996612 0 -311.87860210 0 -41.32080899 0 205.56878258 0 173232
