### header ###
fiducial parameters:
Omega_m = 0.31
Omega_nu = 0
Omega_de = 0.69
Omega_k = 0
H_0 = 100
w_de = -1
zeff = 0
beta = 0
fgrowth = 0
b_1 = 2
gamma = 0.55
Lx = 3500 Ly = 3500 Lz = 3500
nx = 700 ny = 700 nz = 700
xoffset = -685.467585 yoffset = -31.7331281 zoffset = 572.489161
bins = 400 dk = 0.001
kx_ny = 0.628318531 ky_ny = 0.628318531 kz_ny = 0.628318531
############################
A(data) = 8.04824966 (not used)
A(ran) = 8.0444246 (used)
Ngal = 478277
weighted Ngal = 0
Nran = 23820508
weighted Nran = 0
SN(data) = 3489.24519
SN(ran) = 70.0698558
SN(data+ran) = 3559.31505
############################
13 columns: k_central k_mean P_0(k) sigma^{lin}_{P_0(k)} P^img_1(k) sigma^{lin}_{P_1(k)} P_2(k) sigma^{lin}_{P_2(k)} P^img_3(k) sigma^{lin}_{P_3(k)} P_4(k) sigma^{lin}_{P_4(k)} N_modes
### header ###
0.00050000 0 0 0 0 0 0 0 0 0 0 0 0
0.00150000 0.00179520 29318.29816405 0 -41831.79678109 0 -8581.52784442 0 -25897.28196483 0 33283.29768160 0 3
0.00250000 0.00253879 43216.39099966 0 -23526.58649791 0 11252.58226669 0 -13551.97196178 0 -3176.30674840 0 6
0.00350000 0.00331552 63784.67375252 0 -10001.47599614 0 7228.93264457 0 17789.35066988 0 -36385.98454228 0 7
0.00450000 0.00420575 75647.11967023 0 -6240.00795339 0 11570.80088198 0 -4209.19964143 0 10853.83463300 0 24
0.00550000 0.00557378 74470.68515824 0 17221.89402292 0 33460.12270896 0 -237.90772168 0 -7567.38039730 0 45
0.00650000 0.00659388 76226.75587448 0 9582.39957407 0 61384.08300859 0 13955.66892467 0 30827.34531358 0 40
0.00750000 0.00754703 57796.09615111 0 8215.36606267 0 49745.51949872 0 39261.57802093 0 -4674.15977754 0 57
0.00850000 0.00846663 65885.31521711 0 -1526.99538806 0 43587.20315783 0 28093.03469961 0 -26871.97871861 0 75
0.00950000 0.00948925 58796.25925198 0 644.91973862 0 33027.74842479 0 2505.02491162 0 -15482.65324041 0 112
0.01050000 0.01054430 73459.11756281 0 -852.22798343 0 21984.87599016 0 7524.06546261 0 10185.68626414 0 105
0.01150000 0.01145670 62850.16953783 0 -2501.02780236 0 12388.82423958 0 4839.87926310 0 2174.98105343 0 144
0.01250000 0.01249090 74069.42410682 0 -2294.06390685 0 18516.69168721 0 -1607.60191274 0 -840.76702001 0 169
0.01350000 0.01339930 73083.65502821 0 -1839.84392582 0 12905.23746913 0 14646.02837711 0 7798.16086350 0 180
0.01450000 0.01448870 69922.28484599 0 -139.48029021 0 14606.16800777 0 7835.56317674 0 2045.08053865 0 267
0.01550000 0.01550050 72858.99755764 0 1500.58789337 0 33272.66824978 0 7531.65000511 0 24575.02493499 0 238
0.01650000 0.01653350 70909.93621982 0 2321.57863402 0 27901.48348025 0 17134.42265686 0 31379.63287553 0 315
0.01750000 0.01747870 71786.75362220 0 -1339.33055471 0 31816.87898262 0 24868.99515892 0 59137.17613314 0 297
0.01850000 0.01844180 76427.27567695 0 -3509.41764057 0 23189.43420718 0 17166.75384533 0 58830.02984267 0 388
0.01950000 0.01947590 76901.61407218 0 996.41068999 0 32722.04153655 0 24277.17939736 0 60122.17014901 0 399
0.02050000 0.02045430 76475.32956666 0 6575.10079171 0 25796.74525547 0 10958.06949884 0 59161.64597099 0 462
0.02150000 0.02154770 72572.00289834 0 1429.99075033 0 25489.48824176 0 8354.03585869 0 54177.10678413 0 571
0.02250000 0.02255340 68864.21348632 0 994.89931765 0 19299.83722164 0 -6240.11867664 0 42032.53803005 0 510
0.02350000 0.02348930 71082.88593348 0 1199.04419926 0 22178.64167449 0 6554.81629264 0 30238.40835647 0 555
0.02450000 0.02439640 72075.74129997 0 576.25803795 0 27057.32943608 0 -10294.81509756 0 23708.72624117 0 592
0.02550000 0.02547300 72465.04424059 0 -27.02023715 0 27464.56954291 0 -2887.51837248 0 11317.35536688 0 837
0.02650000 0.02652900 70597.58593668 0 4825.64025339 0 36855.45111459 0 -3044.96683140 0 15747.61397332 0 723
0.02750000 0.02749970 65845.67629426 0 8402.52156908 0 42316.98605464 0 2706.37513845 0 14697.95758051 0 826
0.02850000 0.02848090 61775.37896768 0 5620.93212813 0 37646.34727639 0 9607.97664441 0 20809.99160365 0 831
0.02950000 0.02946900 58844.75603468 0 2517.19339660 0 40943.02126789 0 4636.15955876 0 17392.51854838 0 996
0.03050000 0.03053250 56029.39600304 0 3120.29185714 0 37251.28672686 0 8487.74525320 0 23144.70201491 0 1041
0.03150000 0.03150510 58377.28248084 0 750.63608152 0 36576.76069891 0 9046.24438938 0 23816.23851516 0 1036
0.03250000 0.03246190 55919.89071059 0 -1325.85553541 0 30268.63580323 0 11281.81320422 0 21821.89136883 0 1059
0.03350000 0.03345080 59356.07599481 0 -1528.58980284 0 24421.34106650 0 11840.85488431 0 19639.42542383 0 1302
0.03450000 0.03451200 55041.63390597 0 33.23003980 0 17506.45277076 0 9931.05601029 0 9292.55932730 0 1339
0.03550000 0.03553350 55288.98964242 0 2682.97931611 0 13455.08911962 0 561.06902277 0 14231.81270565 0 1365
0.03650000 0.03647120 52608.60125032 0 1965.52588483 0 12089.20712999 0 3380.13717599 0 7559.71834853 0 1308
0.03750000 0.03744890 51767.65818035 0 858.06199138 0 13239.51095540 0 1244.24142917 0 11379.13893937 0 1579
0.03850000 0.03847530 49579.65607293 0 -308.89018163 0 15808.62248307 0 -3427.17241182 0 2430.36422537 0 1662
0.03950000 0.03950240 53185.91226637 0 -107.56010643 0 19432.04077997 0 -2820.22078223 0 7208.33812041 0 1683
0.04050000 0.04050350 53492.72638709 0 -35.68078817 0 20775.33522697 0 -3405.32671495 0 6194.70000024 0 1822
0.04150000 0.04152450 52603.61870415 0 628.98998490 0 21002.87150199 0 1170.06792521 0 2784.94435536 0 1887
0.04250000 0.04250150 52395.79116731 0 2288.00734517 0 24453.00791548 0 2466.38249800 0 7091.42544265 0 1920
0.04350000 0.04349210 51236.40803555 0 3425.92123911 0 21172.49951822 0 2609.07154794 0 2537.94293331 0 2005
0.04450000 0.04448520 46082.57300221 0 4161.35612589 0 18438.74252049 0 2594.15712641 0 454.34066938 0 2151
0.04550000 0.04548030 42715.58974811 0 2691.06211322 0 20693.84291631 0 890.07429689 0 2804.24341752 0 2274
0.04650000 0.04648670 42323.29727979 0 1513.05533112 0 18607.59547398 0 3302.23229856 0 796.93611498 0 2311
0.04750000 0.04749250 39389.13120285 0 180.94503942 0 16854.18211570 0 1853.05320932 0 1094.88683969 0 2568
0.04850000 0.04851840 39438.95666453 0 219.24974713 0 14220.85110408 0 1283.55925460 0 -2156.53456028 0 2493
0.04950000 0.04949480 39640.36225298 0 -562.60364699 0 14830.93620158 0 2137.89983761 0 -3428.87754984 0 2644
0.05050000 0.05050630 39417.14418464 0 -762.20223203 0 13194.44659339 0 662.97870040 0 -4339.56519385 0 2829
0.05150000 0.05149060 39101.69365055 0 988.42090040 0 14079.34679289 0 -1561.65176475 0 -6810.25482620 0 2784
0.05250000 0.05249300 39235.44733436 0 1745.23091024 0 11715.84833711 0 -1254.47225730 0 -6443.94910423 0 3055
0.05350000 0.05348950 38194.09518517 0 281.24147932 0 12708.81442684 0 155.43661750 0 -7080.10952668 0 3009
0.05450000 0.05448610 37158.72209138 0 734.75947497 0 11503.03825409 0 1593.77257905 0 -4911.27361353 0 3336
0.05550000 0.05550870 36179.48568442 0 947.46658536 0 11921.23996249 0 2309.32157045 0 -3993.13429492 0 3349
0.05650000 0.05647670 37110.77892491 0 979.61175877 0 12927.16067227 0 1327.46102251 0 -4194.08591806 0 3324
0.05750000 0.05747970 35233.68769841 0 752.43754877 0 13464.83276546 0 -185.23002912 0 -1028.00446162 0 3639
0.05850000 0.05849280 35726.18470634 0 1411.53318486 0 14577.93357948 0 -2328.57634331 0 2760.04269684 0 3846
0.05950000 0.05951020 34564.25493987 0 684.30289077 0 16426.01531496 0 897.28348758 0 3245.43127224 0 3787
0.06050000 0.06049470 34897.86408666 0 912.24994904 0 15437.36743190 0 624.95412251 0 6209.89122989 0 3930
0.06150000 0.06148310 34322.76753558 0 -431.28255294 0 15835.30678588 0 3871.81483188 0 3971.66505710 0 4083
0.06250000 0.06249100 34195.54652341 0 -326.70887396 0 13789.36260589 0 3658.21861381 0 1738.76467255 0 4303
0.06350000 0.06350600 33532.20354353 0 672.02700424 0 12475.29909642 0 2842.19934700 0 -1708.28256232 0 4470
0.06450000 0.06451750 32990.76685989 0 866.98960688 0 8819.04028410 0 593.38581722 0 -2100.51966902 0 4479
0.06550000 0.06550280 31952.95785464 0 159.74596632 0 10500.97071335 0 225.06271766 0 -2418.91544151 0 4636
0.06650000 0.06648880 31035.39429692 0 926.04828023 0 9412.42831578 0 -2354.08697969 0 -709.58765172 0 4653
0.06750000 0.06749660 30383.23436510 0 1425.38466320 0 9675.82785089 0 -102.73467655 0 -1169.43680270 0 5220
0.06850000 0.06852730 30593.82998315 0 349.82788818 0 9581.44735414 0 362.62638844 0 -995.87146777 0 5029
0.06950000 0.06949320 30276.60787710 0 -745.63360517 0 10295.20262892 0 1185.21486556 0 -896.76751725 0 5040
0.07050000 0.07048030 30134.32850318 0 955.87490883 0 9574.93682715 0 782.21878084 0 -3381.22226382 0 5475
0.07150000 0.07148790 29825.29991749 0 733.89694086 0 9546.34808447 0 554.01705909 0 -1022.87465354 0 5509
0.07250000 0.07249820 28757.92780497 0 232.41474134 0 8177.45442249 0 812.83375896 0 -1938.75300342 0 5916
0.07350000 0.07351270 28620.18808423 0 391.41775466 0 7799.17951738 0 1004.57210061 0 -1314.35138992 0 5721
0.07450000 0.07449140 28751.72730308 0 195.20065762 0 7864.00797920 0 749.13245981 0 -2965.97686615 0 6028
0.07550000 0.07549160 27922.96379040 0 533.34613589 0 7201.10789230 0 284.43141610 0 -3485.64535918 0 6183
0.07650000 0.07648840 27009.16482312 0 1074.16830549 0 7369.40722955 0 -307.86045542 0 -2271.34349632 0 6330
0.07750000 0.07749960 26723.27739630 0 1338.01294806 0 8586.67647546 0 -983.49482309 0 -2247.74837213 0 6583
0.07850000 0.07848650 25263.72353871 0 1495.93751695 0 9445.66743489 0 -317.59192170 0 -1978.49157719 0 6549
0.07950000 0.07947320 24161.69504951 0 1380.66354326 0 10056.49437816 0 -1500.69861662 0 -1430.11254590 0 6828
0.08050000 0.08048110 23684.14568008 0 635.08197802 0 10812.21376401 0 -66.18249642 0 -818.08536262 0 7147
0.08150000 0.08149960 23063.65259724 0 194.11003363 0 10619.17885312 0 726.45523135 0 -279.01594203 0 7386
0.08250000 0.08250610 23115.02818440 0 -192.65955908 0 9789.35239726 0 2052.23326049 0 -1102.49463407 0 7227
0.08350000 0.08350160 23562.35010707 0 -858.47831079 0 9133.13999456 0 2455.55376433 0 -984.00193556 0 7798
0.08450000 0.08449610 23588.70224014 0 -71.19106255 0 8827.46632329 0 1111.26280810 0 -1219.93767619 0 7371
0.08550000 0.08548940 23279.45220796 0 571.27659902 0 7995.94580173 0 1308.94809541 0 -97.83030100 0 8256
0.08650000 0.08650700 23243.68859879 0 325.32151166 0 7835.91749113 0 41.88671551 0 1079.83512133 0 8037
0.08750000 0.08749060 22826.81556937 0 440.58109132 0 7922.61379446 0 46.05278845 0 1405.29946598 0 8155
0.08850000 0.08849210 22293.79385260 0 874.50660820 0 8598.78959881 0 217.43831479 0 894.83428933 0 8718
0.08950000 0.08949900 21480.86376441 0 783.57624786 0 8111.68481306 0 -539.83783993 0 1216.16201343 0 8571
0.09050000 0.09049190 20872.10734589 0 942.64015897 0 8923.75125991 0 -886.98843997 0 1242.95703949 0 8932
0.09150000 0.09150830 20402.19788058 0 323.92972043 0 9439.87660901 0 84.29084076 0 696.22778460 0 9285
0.09250000 0.09250820 19818.24346965 0 289.19362301 0 9563.29981376 0 714.58016298 0 609.34435898 0 9204
0.09350000 0.09350330 19574.54160039 0 637.65518631 0 8810.30421982 0 585.73926970 0 -120.72930813 0 9349
0.09450000 0.09448040 19020.81463621 0 558.94756533 0 8448.12847500 0 868.01933309 0 616.56130029 0 9564
0.09550000 0.09549270 18612.68874339 0 82.92052984 0 7982.89153077 0 780.89895972 0 692.98691512 0 10155
0.09650000 0.09649430 18416.15497786 0 276.23014511 0 6583.82578366 0 1029.73506599 0 688.83700778 0 9913
0.09750000 0.09749140 18355.25719136 0 -111.86259041 0 6254.83379633 0 1208.51103698 0 -330.71484108 0 10476
0.09850000 0.09850240 18815.09084108 0 -503.54497364 0 5879.21624918 0 996.34647050 0 571.90993600 0 10575
0.09950000 0.09950330 18496.20788630 0 86.76384451 0 5898.22743089 0 200.78553826 0 603.90563303 0 10882
0.10050000 0.10051200 18604.05233003 0 581.83406073 0 5455.29014885 0 458.56697576 0 448.57309538 0 10875
0.10150000 0.10150300 18012.12584523 0 624.45143896 0 5663.19519197 0 -187.08685800 0 843.13649752 0 11118
0.10250000 0.10250800 17586.50567920 0 306.51959688 0 5823.51138302 0 -390.24298100 0 789.56748282 0 11575
0.10350000 0.10349800 17224.77282738 0 578.42378469 0 6614.58470201 0 -247.33248457 0 748.76707309 0 11364
0.10450000 0.10450100 16976.75275144 0 781.36510459 0 7100.09507298 0 -329.29094011 0 295.43619974 0 12093
0.10550000 0.10551000 16444.06320441 0 478.68649719 0 6819.13483071 0 -418.94798309 0 751.60269548 0 12067
0.10650000 0.10649700 16169.80171865 0 139.99293884 0 7302.86255739 0 244.46585967 0 530.85264834 0 12054
0.10750000 0.10749900 15934.51481626 0 107.70703618 0 6512.14355279 0 357.05700905 0 885.61547169 0 12807
0.10850000 0.10850100 15907.94123669 0 -97.79265509 0 5929.20779574 0 727.82487793 0 -613.22631606 0 12736
0.10950000 0.10950300 15872.95269027 0 -53.65017485 0 5977.39455335 0 827.19788595 0 -382.62411429 0 12933
0.11050000 0.11050200 15816.26238720 0 151.94772795 0 5701.74902699 0 144.57245239 0 -927.50871987 0 13428
0.11150000 0.11150900 15729.45536062 0 158.88121775 0 5184.76003655 0 111.70647063 0 67.19240316 0 13453
0.11250000 0.11250000 15634.01192068 0 224.64307655 0 5247.17473156 0 34.29508672 0 397.52635627 0 13668
0.11350000 0.11349100 15460.61931402 0 204.67746044 0 5543.85767507 0 418.75311018 0 413.74066873 0 13791
0.11450000 0.11448600 15503.91210406 0 176.18836868 0 5690.44418335 0 654.45301029 0 1089.87218378 0 14205
0.11550000 0.11549300 15160.78075793 0 237.28434979 0 5329.91821493 0 583.04537307 0 1492.73761508 0 14776
0.11650000 0.11649800 15308.70701751 0 51.50314034 0 5266.77274649 0 558.55892673 0 1875.49681173 0 14553
0.11750000 0.11747300 14946.75271919 0 142.08450100 0 5210.52533641 0 293.61148061 0 1316.79837371 0 14568
0.11850000 0.11849100 14727.63141103 0 319.35574305 0 5126.84070543 0 185.43929606 0 1632.48142661 0 16015
0.11950000 0.11950300 14448.27665585 0 254.42984478 0 4709.74622951 0 125.77053762 0 1646.86437655 0 15270
0.12050000 0.12050700 14258.16483872 0 316.16248457 0 4726.48758463 0 855.76891291 0 1551.17734547 0 15999
0.12150000 0.12150000 13923.11628970 0 -19.60255458 0 3868.84744883 0 883.82396953 0 1274.33600803 0 15670
0.12250000 0.12250700 13750.49874578 0 114.62402822 0 3588.37438885 0 831.95898562 0 1055.58230105 0 16887
0.12350000 0.12352200 13706.87378600 0 248.74420598 0 3007.81918163 0 407.78265075 0 900.24976340 0 16407
0.12450000 0.12449800 13288.11846135 0 542.25382120 0 2736.28148778 0 311.04153434 0 767.63542182 0 16306
0.12550000 0.12549900 13108.74679929 0 186.28189998 0 2881.02999014 0 -459.75614344 0 1172.82493409 0 17523
0.12650000 0.12650100 12835.81399251 0 299.47316937 0 3205.94736194 0 -536.47960381 0 828.75022589 0 17154
0.12750000 0.12750600 12725.75508381 0 152.19242633 0 3406.48930906 0 -453.65639970 0 1109.55767008 0 18007
0.12850000 0.12850300 12845.11474536 0 -175.14646291 0 3827.28194146 0 -177.25684802 0 945.02956667 0 17496
0.12950000 0.12949900 13072.98319013 0 8.43288188 0 4089.91748616 0 -113.45589795 0 759.31124802 0 18405
0.13050000 0.13049000 13094.79567002 0 147.11355094 0 4273.83987372 0 55.12367983 0 927.01378695 0 18100
0.13150000 0.13148800 12989.38713775 0 196.56366081 0 4247.78669343 0 82.21422624 0 1137.73673674 0 19059
0.13250000 0.13249300 12732.17703221 0 96.83390249 0 4393.00023342 0 237.57333747 0 1358.16457923 0 18957
0.13350000 0.13349100 12641.82686169 0 271.09812256 0 4195.12671659 0 415.45355738 0 962.70210431 0 19468
0.13450000 0.13450700 12347.63519126 0 367.92560310 0 4211.19265990 0 -11.11727846 0 931.83356995 0 19953
0.13550000 0.13551000 12106.47995671 0 332.18524581 0 4256.92136140 0 52.36157768 0 1394.45965999 0 19956
0.13650000 0.13649900 11704.88673554 0 240.73448621 0 4002.80043449 0 -113.65187810 0 1450.67385309 0 19723
0.13750000 0.13749600 11809.52020507 0 -73.33610403 0 4221.03595666 0 227.98913311 0 1205.70973880 0 20946
0.13850000 0.13851100 11824.57856683 0 2.58713727 0 4060.91906746 0 110.50933087 0 809.29061502 0 20955
0.13950000 0.13949800 11743.75059565 0 215.50176518 0 3953.47322742 0 216.11406474 0 774.97083701 0 20506
0.14050000 0.14048300 11550.87069731 0 86.14722674 0 3709.48347772 0 252.04265154 0 663.61535908 0 21447
0.14150000 0.14148400 11296.87156597 0 114.97723538 0 3749.98604190 0 716.81898706 0 913.66167046 0 21771
0.14250000 0.14249400 11293.10697553 0 5.45999589 0 3222.19046245 0 686.70004909 0 832.05420761 0 22470
0.14350000 0.14350900 11316.13741115 0 -67.70848422 0 3070.15637036 0 604.00749841 0 755.14030326 0 22519
0.14450000 0.14449900 11213.16479034 0 -57.50522618 0 2678.40644596 0 151.65320411 0 553.10912846 0 22218
0.14550000 0.14550500 11322.67008280 0 183.86038254 0 2556.19012461 0 -57.87947076 0 753.09967379 0 23559
0.14650000 0.14650700 11094.35874504 0 298.96052073 0 2428.68123200 0 -339.67235186 0 841.09808252 0 23044
0.14750000 0.14750500 10859.24899984 0 343.13909676 0 2530.41375243 0 -222.11415756 0 555.99236184 0 23649
0.14850000 0.14849900 10556.58700092 0 324.01497733 0 2666.50369678 0 -101.55824204 0 362.69835855 0 23640
0.14950000 0.14949500 10385.29813597 0 157.74962616 0 2539.69236063 0 219.49223104 0 99.98530758 0 24457
0.15050000 0.15050000 10227.53965196 0 -55.84028070 0 2165.65815593 0 352.56718134 0 -44.92562578 0 24591
0.15150000 0.15149900 10300.79415296 0 98.18616552 0 2351.77286381 0 33.19327968 0 -833.86453272 0 25020
0.15250000 0.15250500 10069.17219008 0 232.44020769 0 2151.46343551 0 -148.12334696 0 -725.03908101 0 25297
0.15350000 0.15350100 9880.34476262 0 355.62867915 0 2177.83771323 0 -274.92361078 0 -548.90053779 0 25452
0.15450000 0.15450400 9662.91752016 0 289.69630656 0 2080.42339947 0 -364.97815023 0 -570.95550160 0 26061
0.15550000 0.15549900 9722.05480701 0 44.70362567 0 2515.51040322 0 59.10285193 0 -615.94457180 0 26128
0.15650000 0.15649500 9624.08687702 0 151.61112928 0 2571.30384798 0 -115.22525546 0 -817.15971627 0 26331
0.15750000 0.15749700 9465.42046237 0 157.86145664 0 2574.12729081 0 127.87870826 0 -321.89351990 0 27345
0.15850000 0.15849900 9427.42024359 0 84.81832632 0 2870.69951108 0 135.35695644 0 -112.42506451 0 26980
0.15950000 0.15949700 9302.04830967 0 31.48216260 0 2897.51668179 0 310.10924459 0 -69.42701976 0 27777
0.16050000 0.16050000 9273.91353230 0 166.25317162 0 2792.44031926 0 423.33262372 0 -125.63102632 0 28224
0.16150000 0.16150500 9042.41336499 0 221.11543386 0 2846.26289021 0 115.58289155 0 27.03717780 0 28075
0.16250000 0.16249700 9035.06134131 0 161.61497475 0 2698.46949853 0 -111.25914871 0 238.97177210 0 28590
0.16350000 0.16349900 8931.09221127 0 172.12039654 0 2857.40164897 0 -12.32205812 0 575.69224216 0 29163
0.16450000 0.16449100 8734.61380736 0 63.17735674 0 2542.74832228 0 -62.08695419 0 417.31813688 0 28996
0.16550000 0.16550500 8724.36083458 0 7.37453372 0 2561.16159845 0 170.75407166 0 83.01375882 0 30777
0.16650000 0.16650700 8677.70205779 0 65.74082138 0 2351.85037008 0 60.65729561 0 -213.95163970 0 29211
0.16750000 0.16749900 8647.79570846 0 39.76636531 0 2569.90873506 0 -44.44586195 0 -174.66038785 0 30922
0.16850000 0.16850800 8550.25959913 0 91.84770245 0 2434.11774348 0 -47.78937187 0 -252.68152469 0 30867
0.16950000 0.16949900 8425.78452352 0 244.71166528 0 2547.98553192 0 -37.75352738 0 -153.98503572 0 30852
0.17050000 0.17049200 8300.10256450 0 209.07870955 0 2282.60405066 0 78.22586412 0 -10.48091873 0 31257
0.17150000 0.17149500 8130.45240363 0 14.75365137 0 2350.03450881 0 498.18818289 0 313.82954573 0 32608
0.17250000 0.17250900 8199.16725146 0 -109.60261819 0 2033.70926106 0 414.83350719 0 -64.53017338 0 32361
0.17350000 0.17350400 8293.60310983 0 -67.65688719 0 2013.55762989 0 264.30303682 0 5.56221559 0 32508
0.17450000 0.17449800 8290.18176147 0 133.01405251 0 1944.59919092 0 -26.94837776 0 -180.78338348 0 32791
0.17550000 0.17549800 8089.52909110 0 188.04682856 0 1812.39563259 0 -285.48882312 0 234.00029825 0 33633
0.17650000 0.17650100 8099.67134064 0 138.14607506 0 1991.35761863 0 -390.14000838 0 -182.55827714 0 33984
0.17750000 0.17750300 7966.84773211 0 148.34922239 0 2142.73844355 0 -133.85444197 0 -339.04122934 0 34069
0.17850000 0.17849800 7895.80769607 0 229.35656522 0 2278.27477166 0 -196.07094235 0 -145.75276222 0 34536
0.17950000 0.17950400 7700.22615048 0 138.36752156 0 2338.38642310 0 89.78116375 0 -237.81914308 0 35343
0.18050000 0.18050100 7692.54195705 0 12.21521019 0 2289.86749574 0 328.56902453 0 -319.07339876 0 34990
0.18150000 0.18150500 7549.57609900 0 12.38406314 0 2115.35658428 0 362.27650297 0 -477.62355400 0 36243
0.18250000 0.18250200 7666.92059742 0 39.91838833 0 2040.12013713 0 226.50654882 0 -377.62274517 0 35694
0.18350000 0.18350400 7594.87297983 0 40.56180112 0 1928.36716274 0 92.97907260 0 -374.37855400 0 37087
0.18450000 0.18450600 7599.46799463 0 78.72876911 0 1863.06259096 0 -10.89355106 0 -30.70311383 0 36651
0.18550000 0.18550700 7503.12769638 0 67.22063759 0 1750.65634940 0 50.03605730 0 -205.67618413 0 37818
0.18650000 0.18651000 7502.67373106 0 20.88306895 0 1886.50270260 0 121.49329854 0 27.72421556 0 37267
0.18750000 0.18750100 7454.64198600 0 140.56980697 0 1827.21040320 0 141.26514897 0 -103.84246265 0 38334
0.18850000 0.18850000 7340.30915992 0 135.01592884 0 1718.46910115 0 174.38468696 0 55.41432836 0 38223
0.18950000 0.18949500 7270.27670545 0 120.46578679 0 1819.64800535 0 77.39543976 0 39.79260672 0 39064
0.19050000 0.19050000 7211.02869534 0 101.66298623 0 1800.52610038 0 -0.50386829 0 163.43637218 0 39609
0.19150000 0.19149800 7063.43460551 0 175.24611383 0 1894.99517574 0 -22.73270081 0 49.67089203 0 39576
0.19250000 0.19250400 7003.77691939 0 84.06817631 0 1944.69884185 0 -175.63143074 0 58.55233594 0 40909
0.19350000 0.19350500 6882.73426447 0 73.44915247 0 2004.50046819 0 -41.04256147 0 114.00619250 0 40191
0.19450000 0.19450100 6897.50474578 0 110.53911542 0 1997.14844451 0 40.58616024 0 105.00516748 0 41232
0.19550000 0.19549800 6833.11917696 0 45.43683502 0 1970.22055055 0 140.07930298 0 206.88638924 0 40873
0.19650000 0.19649700 6819.02410746 0 94.15871809 0 1999.73936852 0 144.27239239 0 142.57611222 0 42816
0.19750000 0.19750200 6751.11753935 0 94.38027531 0 1818.31932637 0 -17.61595806 0 233.31381411 0 41727
0.19850000 0.19849000 6703.28509613 0 114.33061161 0 1913.50810283 0 134.50660190 0 414.48030003 0 42610
0.19950000 0.19949900 6655.68517174 0 30.52972122 0 1857.05031858 0 56.47948601 0 497.31014753 0 43863
0.20050000 0.20050100 6592.38469075 0 106.96375102 0 1772.69027579 0 105.63706506 0 244.98183001 0 43302
0.20150000 0.20150100 6482.23720345 0 100.96055795 0 1734.62362306 0 2.03789460 0 231.47691543 0 44487
0.20250000 0.20249700 6463.35888964 0 60.63526168 0 1665.45480992 0 121.23863507 0 160.52656522 0 43759
0.20350000 0.20349100 6341.98406497 0 64.75881689 0 1583.60818486 0 75.14598625 0 311.42463678 0 45282
0.20450000 0.20449700 6412.60335267 0 58.00015910 0 1548.56427681 0 158.05632955 0 139.02411042 0 45483
0.20550000 0.20549900 6263.09375064 0 -12.74247429 0 1361.07660066 0 203.03654190 0 278.51104402 0 46138
0.20650000 0.20650200 6290.97386454 0 76.50788220 0 1320.70690437 0 170.46508398 0 219.67049547 0 46227
0.20750000 0.20749300 6281.89455818 0 24.64400552 0 1301.13103409 0 148.15877840 0 343.74032399 0 46236
0.20850000 0.20850300 6156.71085378 0 105.48747795 0 1349.69425074 0 40.56822307 0 321.70750484 0 48361
0.20950000 0.20950400 6177.31645027 0 135.45992906 0 1413.07223801 0 -131.60233110 0 448.81225759 0 46812
0.21050000 0.21050300 6052.80815769 0 141.70250580 0 1421.71972369 0 -168.07235458 0 381.53681200 0 48813
0.21150000 0.21149700 5986.86139107 0 103.82120379 0 1485.62918254 0 -248.85935816 0 308.48382731 0 47215
0.21250000 0.21249000 5944.74226746 0 127.23319172 0 1658.53460691 0 -127.70930169 0 369.61081093 0 50004
0.21350000 0.21350300 5864.64506972 0 73.67812815 0 1547.23559783 0 106.69336485 0 271.38489577 0 49509
0.21450000 0.21449800 5867.77853764 0 -25.52691270 0 1447.59574679 0 165.37624349 0 179.93413616 0 49660
0.21550000 0.21550100 5839.02371009 0 60.18506095 0 1458.12552769 0 250.20243116 0 90.97309951 0 50841
0.21650000 0.21649800 5834.42869529 0 118.73407519 0 1287.14668784 0 162.00472058 0 43.27485287 0 50424
0.21750000 0.21750300 5738.47592841 0 22.23289607 0 1276.00792908 0 32.70598667 0 119.41502317 0 52231
0.21850000 0.21850300 5715.11332304 0 49.47059367 0 1329.39867935 0 -8.30388930 0 223.58677676 0 51078
0.21950000 0.21950100 5705.73506392 0 95.91611748 0 1444.89409953 0 -75.64335508 0 141.35372756 0 52791
0.22050000 0.22050700 5628.63846621 0 106.12302939 0 1420.04780264 0 -191.10500467 0 254.40991459 0 52969
0.22150000 0.22150000 5557.90845527 0 128.08908243 0 1425.57289273 0 27.82907048 0 288.05206632 0 52704
0.22250000 0.22250100 5487.55490337 0 59.99494914 0 1377.54114766 0 120.92971720 0 293.35349544 0 54051
0.22350000 0.22349900 5353.34725424 0 42.80649353 0 1232.02865490 0 231.12924443 0 -36.36527929 0 53938
0.22450000 0.22449800 5332.18804151 0 41.10334853 0 1123.95169234 0 201.66800255 0 -43.19424635 0 54735
0.22550000 0.22549100 5311.73745757 0 58.54381025 0 960.35920038 0 120.75920340 0 53.45950941 0 54774
0.22650000 0.22649900 5320.89427020 0 25.45649271 0 923.04325127 0 32.68705299 0 103.65057926 0 56911
0.22750000 0.22749800 5287.61086179 0 2.18937508 0 932.07605386 0 -26.48256505 0 161.14550818 0 54879
0.22850000 0.22849100 5343.79183792 0 58.85726776 0 953.41795995 0 -69.83248829 0 94.09184125 0 57210
0.22950000 0.22949800 5311.85925315 0 47.87761830 0 1081.45500245 0 -65.54185170 0 210.75616676 0 57375
0.23050000 0.23049600 5298.08528107 0 47.38091381 0 1164.59819675 0 -49.71817086 0 85.65196165 0 57604
0.23150000 0.23150100 5297.25485671 0 66.16179117 0 1083.78351236 0 -59.55272048 0 221.03460589 0 58629
0.23250000 0.23250200 5216.08364347 0 74.82201002 0 1135.81015222 0 37.13214851 0 152.83683563 0 58560
0.23350000 0.23350400 5195.14587723 0 105.27655016 0 1099.04671213 0 105.13006330 0 118.63996043 0 59305
0.23450000 0.23449700 5169.69060248 0 18.63671569 0 1024.46796108 0 80.36858042 0 87.26918542 0 59196
0.23550000 0.23549300 5108.01775324 0 72.96750634 0 969.29013758 0 112.00985233 0 71.72308775 0 60063
0.23650000 0.23649900 5118.69147436 0 -1.23684512 0 904.68976565 0 129.31035986 0 51.24593023 0 61537
0.23750000 0.23750400 5085.62951245 0 -5.37739634 0 855.35812966 0 77.43574302 0 177.80935703 0 61224
0.23850000 0.23850100 5148.98535506 0 24.08086708 0 860.36282048 0 65.62146172 0 141.11567258 0 61221
0.23950000 0.23949400 5112.92279313 0 16.25561224 0 926.37934274 0 -43.65430145 0 54.76128264 0 62332
0.24050000 0.24050100 5070.78152487 0 114.09144940 0 877.20050483 0 -40.09620987 0 120.20558716 0 63447
0.24150000 0.24150500 4999.07714935 0 108.83940284 0 902.91044306 0 -4.00461630 0 390.60726049 0 63342
0.24250000 0.24250300 4967.55424059 0 105.34719159 0 959.25307513 0 118.46833940 0 317.90637573 0 63379
0.24350000 0.24349600 4846.64445357 0 42.02235149 0 849.61380754 0 162.23391771 0 298.26185703 0 64266
0.24450000 0.24449500 4807.38198976 0 63.53621078 0 822.49214790 0 103.65522964 0 175.99460299 0 64695
0.24550000 0.24549600 4764.74246688 0 84.76086095 0 724.58179399 0 119.14928737 0 178.22899814 0 65947
0.24650000 0.24650000 4656.07867111 0 104.07730666 0 767.26560617 0 -25.12853045 0 185.97187489 0 66018
0.24750000 0.24750000 4607.41580354 0 137.41308716 0 628.41422401 0 -67.18365603 0 221.54282560 0 66303
0.24850000 0.24849600 4548.77677130 0 70.86509330 0 659.35472849 0 -65.72421289 0 258.06488901 0 66958
0.24950000 0.24949200 4504.60926759 0 10.28996542 0 640.28264899 0 83.39608619 0 177.19927193 0 66975
0.25050000 0.25048900 4502.08477754 0 42.65170243 0 619.43678305 0 79.65430475 0 166.71156586 0 68676
0.25150000 0.25150000 4521.21775482 0 5.29413246 0 537.95665194 0 121.06147787 0 21.03398473 0 69349
0.25250000 0.25249900 4512.28238869 0 39.35148530 0 621.05887864 0 -3.48171468 0 138.38080835 0 68592
0.25350000 0.25349900 4481.12486665 0 92.83358225 0 536.08210735 0 2.66500893 0 197.09181070 0 70437
0.25450000 0.25450100 4434.30000500 0 77.46464179 0 581.38784604 0 -62.18328341 0 361.19362961 0 70099
0.25550000 0.25550100 4399.68791761 0 85.70488737 0 629.92006019 0 -90.08011652 0 308.80271026 0 71064
0.25650000 0.25650300 4354.80071280 0 55.05503142 0 677.28635853 0 80.06807752 0 237.07951178 0 71409
0.25750000 0.25750600 4337.28429493 0 27.37931264 0 663.25107959 0 7.49872091 0 268.60795671 0 72612
0.25850000 0.25850600 4333.69686169 0 24.73225195 0 643.84350865 0 -41.86423869 0 193.98270189 0 71845
0.25950000 0.25949600 4318.94852503 0 13.24582218 0 684.36489579 0 53.59647407 0 162.88386317 0 72816
0.26050000 0.26049800 4319.71251545 0 30.49351472 0 556.37546428 0 34.22433457 0 208.99123818 0 73743
0.26150000 0.26149900 4314.58602906 0 60.87973861 0 541.59612511 0 80.53510818 0 172.37506001 0 74662
0.26250000 0.26250300 4306.75789541 0 3.22823595 0 533.33174186 0 20.35746569 0 121.78117898 0 74931
0.26350000 0.26350100 4268.23727737 0 100.73556831 0 559.21662283 0 -6.44979529 0 77.94495924 0 75087
0.26450000 0.26450200 4239.91427048 0 124.54261679 0 499.56890180 0 -125.66977946 0 168.70901326 0 76678
0.26550000 0.26550600 4127.64089682 0 93.04639234 0 666.64031822 0 -99.56998467 0 256.16266361 0 76035
0.26650000 0.26650100 4106.24916527 0 81.40107471 0 703.68388813 0 -8.17893811 0 278.82992698 0 77094
0.26750000 0.26750600 4037.31287095 0 57.14504345 0 653.31145360 0 133.11591790 0 282.73845764 0 78463
0.26850000 0.26850100 3992.48102776 0 24.27585072 0 589.20601460 0 190.28122371 0 310.85441205 0 77076
0.26950000 0.26949700 4029.41830335 0 -41.81906361 0 522.70120281 0 293.31252784 0 412.87370570 0 79149
0.27050000 0.27049900 4047.21152934 0 38.51386393 0 439.85253235 0 129.80750724 0 342.47586450 0 79648
0.27150000 0.27150200 4050.27856331 0 43.64666154 0 377.36918893 0 17.13630495 0 336.33958209 0 80241
0.27250000 0.27250500 3952.34385029 0 116.65912152 0 334.20262340 0 -157.57025449 0 397.41895472 0 80835
0.27350000 0.27350000 3985.56082475 0 67.21532287 0 496.30367321 0 -127.79898752 0 412.35773536 0 80680
0.27450000 0.27450400 3892.92975531 0 22.23189956 0 568.54505649 0 -106.56049695 0 313.29032351 0 82617
0.27550000 0.27550800 3932.18114679 0 54.91917399 0 579.38264802 0 -61.01304940 0 313.04783960 0 82548
0.27650000 0.27649900 3869.32355880 0 24.56605635 0 607.85180959 0 75.55389070 0 171.22907439 0 81181
0.27750000 0.27748900 3909.58253184 0 30.85015430 0 505.93327410 0 54.08686734 0 220.73565312 0 84096
0.27850000 0.27849800 3854.25412472 0 40.38575116 0 505.44277011 0 92.82317427 0 144.87361962 0 85215
0.27950000 0.27950200 3894.87848448 0 30.10454395 0 393.09078294 0 -0.63488489 0 183.10414276 0 84514
0.28050000 0.28050300 3792.97987917 0 73.78796561 0 364.06800513 0 163.32786340 0 243.29772940 0 85815
0.28150000 0.28150100 3733.56578420 0 89.78271387 0 253.72453768 0 173.64837736 0 335.30764141 0 85485
0.28250000 0.28250000 3715.28537592 0 44.86993199 0 135.03032286 0 147.52322695 0 359.86716509 0 87220
0.28350000 0.28350400 3666.74430392 0 23.11381023 0 77.87786095 0 152.11381282 0 369.14245159 0 87147
0.28450000 0.28449700 3677.63947154 0 57.55161922 0 29.06972447 0 23.11137432 0 390.57293628 0 87102
0.28550000 0.28549800 3637.94518706 0 47.17065036 0 49.18647782 0 -22.35336296 0 386.38316857 0 88971
0.28650000 0.28649900 3602.79055576 0 53.25433923 0 116.15754521 0 -188.91600606 0 272.34265187 0 89434
0.28750000 0.28750100 3589.37089808 0 118.01548131 0 151.37196706 0 -177.35982064 0 188.93261454 0 89619
0.28850000 0.28849900 3520.81106281 0 73.87012226 0 265.00170051 0 -166.45136623 0 214.09225823 0 90240
0.28950000 0.28950100 3523.91131376 0 35.33101343 0 298.67485475 0 -35.84665160 0 205.30083232 0 91333
0.29050000 0.29050500 3536.03550943 0 -24.19723721 0 273.55507143 0 117.09647835 0 202.28030211 0 92139
0.29150000 0.29150600 3586.84640803 0 -51.49771490 0 237.45818529 0 169.28366692 0 125.92001400 0 92370
0.29250000 0.29250200 3610.16472409 0 58.84154506 0 150.46735812 0 98.75594735 0 203.28456197 0 91819
0.29350000 0.29349600 3583.01538364 0 50.48891539 0 129.06898318 0 -4.13841427 0 229.81385224 0 93552
0.29450000 0.29450000 3548.77975530 0 46.12641941 0 209.96006661 0 -44.59356676 0 297.36499872 0 94701
0.29550000 0.29550200 3531.89445995 0 73.51791161 0 211.19130913 0 -42.72057229 0 265.60403498 0 95020
0.29650000 0.29650300 3470.78629928 0 83.59638455 0 258.11360724 0 14.08145053 0 346.49733287 0 95151
0.29750000 0.29749800 3413.67524786 0 95.68359866 0 234.79196948 0 47.37371680 0 359.01681055 0 95802
0.29850000 0.29850000 3441.68822965 0 -3.94805886 0 212.89091099 0 94.69572584 0 367.06860516 0 97399
0.29950000 0.29950700 3402.87973116 0 -9.41649186 0 167.57742167 0 119.45709800 0 368.15147852 0 97881
0.30050000 0.30050300 3412.95554675 0 70.58053456 0 95.60874975 0 70.38389007 0 420.15708096 0 97188
0.30150000 0.30149700 3359.25477138 0 80.85288391 0 33.56287388 0 1.87844205 0 345.26498312 0 98263
0.30250000 0.30249700 3332.99121691 0 57.93383587 0 65.24754931 0 -122.15874526 0 237.40946706 0 100050
0.30350000 0.30350600 3285.71238993 0 55.09455962 0 64.32599971 0 -81.77841954 0 179.67282930 0 100779
0.30450000 0.30450500 3261.84045762 0 49.38345448 0 118.66985571 0 -90.91386258 0 190.14946304 0 99982
0.30550000 0.30550300 3232.98597915 0 26.09813394 0 111.63671498 0 -83.36120837 0 32.46250624 0 101559
0.30650000 0.30649700 3235.97550685 0 72.56801686 0 147.68931183 0 26.82259615 0 48.18598255 0 100935
0.30750000 0.30749800 3196.41409027 0 77.37196643 0 96.33276907 0 22.00657775 0 10.75132705 0 103762
0.30850000 0.30850200 3149.53386699 0 68.10598068 0 103.23293117 0 52.98838199 0 179.62854000 0 102951
0.30950000 0.30950100 3146.15680792 0 -19.60144735 0 61.59800032 0 66.10609737 0 122.65367818 0 104394
0.31050000 0.31050000 3168.56719335 0 13.94625745 0 61.44852394 0 41.18738748 0 134.58853710 0 103963
0.31150000 0.31149700 3171.87781847 0 23.66842298 0 69.96280955 0 3.65251637 0 146.77805949 0 105936
0.31250000 0.31250000 3167.82534759 0 35.85595235 0 54.60095538 0 -29.08910104 0 203.04761422 0 105717
0.31350000 0.31349800 3180.95712482 0 20.40751260 0 109.02320343 0 -42.12953160 0 202.03449650 0 106776
0.31450000 0.31450400 3162.47741470 0 74.60886777 0 125.61884676 0 -18.07612388 0 92.41039800 0 108733
0.31550000 0.31549900 3101.00386731 0 92.06339134 0 187.34041423 0 -45.78218083 0 165.83685220 0 105891
0.31650000 0.31650000 3068.76125744 0 67.63274952 0 90.05099630 0 19.56513012 0 161.53636124 0 111072
0.31750000 0.31750600 3053.69182336 0 42.68569447 0 165.71173493 0 39.03692055 0 120.77027573 0 108121
0.31850000 0.31849900 3028.22547628 0 -3.69890941 0 75.42489811 0 92.35547927 0 62.38845359 0 110484
0.31950000 0.31950100 3062.40574299 0 30.12956740 0 46.92163378 0 37.02286467 0 89.46239152 0 110817
0.32050000 0.32049800 3020.81809097 0 60.24916971 0 22.04289497 0 -16.78841251 0 165.33306142 0 111088
0.32150000 0.32149900 2959.11202476 0 48.47928843 0 30.38511666 0 31.90955434 0 205.85112687 0 112635
0.32250000 0.32250100 2950.91850439 0 48.35926443 0 26.06679926 0 70.91037911 0 281.35773873 0 113202
0.32350000 0.32350400 2989.58306266 0 -6.28571451 0 -59.31278320 0 122.02144843 0 182.24603758 0 113863
0.32450000 0.32450300 2975.72051199 0 -22.62064888 0 -100.93863474 0 40.67296727 0 258.29297890 0 114045
0.32550000 0.32549900 3012.94566803 0 70.99497167 0 -75.40208912 0 -20.31029758 0 226.20316712 0 114828
0.32650000 0.32650300 2977.01597399 0 67.40366312 0 -68.44069706 0 -81.07687704 0 253.61935060 0 116431
0.32750000 0.32750400 2940.02333677 0 56.61844368 0 -67.22429146 0 -65.68424180 0 238.84886929 0 116442
0.32850000 0.32850400 2926.70333001 0 37.43674817 0 -44.22020797 0 -0.18362233 0 229.10411622 0 116955
0.32950000 0.32949800 2933.25814631 0 35.86547455 0 -41.46452777 0 -21.24535542 0 143.46964884 0 117028
0.33050000 0.33049700 2870.03517159 0 71.88474370 0 -13.27128853 0 -28.76291035 0 120.62633550 0 119061
0.33150000 0.33150100 2880.79747132 0 69.23834734 0 -25.06464314 0 -44.59201664 0 135.22741024 0 120060
0.33250000 0.33250400 2821.02906194 0 67.90966836 0 34.46903295 0 -52.28761455 0 88.69563302 0 119737
0.33350000 0.33350100 2797.41179311 0 49.11771868 0 40.78435485 0 -13.53248467 0 125.83586433 0 120531
0.33450000 0.33450000 2790.90126611 0 43.68242515 0 46.83394096 0 -5.46882053 0 49.45354229 0 121704
0.33550000 0.33550300 2780.39362986 0 34.76676776 0 -6.86507391 0 50.70349704 0 69.58635051 0 122761
0.33650000 0.33650300 2747.17665540 0 23.72002001 0 -28.32865377 0 79.17376585 0 3.51217465 0 122472
0.33750000 0.33749900 2726.85893936 0 45.98557944 0 -73.00083404 0 80.47254955 0 11.81738156 0 122985
0.33850000 0.33849800 2726.92537331 0 52.27499210 0 -156.00019883 0 33.84687901 0 42.59966251 0 125380
0.33950000 0.33950300 2670.71118021 0 68.34768953 0 -127.16454331 0 -31.50873618 0 1.87497641 0 125223
0.34050000 0.34050000 2664.01242369 0 64.44978830 0 -151.26677997 0 -46.71125961 0 57.09732173 0 125178
0.34150000 0.34149900 2655.12134686 0 4.37453160 0 -75.54381488 0 -51.56171294 0 19.95631536 0 127059
0.34250000 0.34250300 2664.99786060 0 -7.48320858 0 -61.14060259 0 -30.93629699 0 116.45206905 0 127957
0.34350000 0.34349800 2726.83679471 0 15.10442262 0 -24.01797627 0 -22.02285406 0 51.29309834 0 126732
0.34450000 0.34449700 2711.32446764 0 30.24283729 0 27.89805106 0 -10.72818589 0 34.42396858 0 129639
0.34550000 0.34550000 2682.70250798 0 77.71365837 0 9.79107968 0 -5.13019562 0 141.31497443 0 129826
0.34650000 0.34650400 2647.30428554 0 92.40154014 0 17.58130169 0 64.00612025 0 142.43106477 0 130875
0.34750000 0.34750200 2597.62276408 0 42.29008031 0 -26.43882937 0 112.18147337 0 244.03293177 0 130686
0.34850000 0.34850200 2586.40649904 0 16.85894322 0 -63.39094188 0 112.21690480 0 268.80282962 0 132211
0.34950000 0.34950400 2598.69677959 0 -0.75225818 0 -157.26022940 0 120.90978702 0 337.80555789 0 132768
0.35050000 0.35050300 2609.58087488 0 -5.77196971 0 -179.52667461 0 76.49603481 0 302.26893139 0 132957
0.35150000 0.35150100 2623.96382482 0 23.42029218 0 -250.17142865 0 70.98456369 0 369.87654673 0 133987
0.35250000 0.35249800 2626.95335252 0 19.04495230 0 -219.45790684 0 -4.61903067 0 331.86857732 0 134778
0.35350000 0.35349800 2633.43066254 0 70.41898934 0 -278.19216107 0 -59.57364718 0 339.71442669 0 135699
0.35450000 0.35450100 2563.55322061 0 72.34214144 0 -248.87818111 0 -81.47747375 0 270.48914469 0 137380
0.35550000 0.35550100 2566.50953134 0 101.61836476 0 -199.30959736 0 -116.24944550 0 205.17128612 0 136161
0.35650000 0.35649900 2471.36504417 0 96.36122494 0 -131.55250564 0 -89.93617630 0 228.32794625 0 138792
0.35750000 0.35750000 2415.47194849 0 76.46027120 0 -132.13823162 0 2.09365483 0 178.02083843 0 138097
0.35850000 0.35849800 2396.58256235 0 26.08695089 0 -149.59707339 0 27.85985154 0 243.09621309 0 140028
0.35950000 0.35950300 2413.24641120 0 -5.59950718 0 -176.66558588 0 134.45788367 0 206.76348643 0 141099
0.36050000 0.36050500 2444.79146461 0 -16.60140094 0 -188.62148222 0 62.29644257 0 140.63291922 0 140821
0.36150000 0.36150200 2451.08054510 0 8.09464451 0 -235.03002446 0 28.25590860 0 163.90473152 0 141756
0.36250000 0.36250400 2481.35228116 0 19.13253439 0 -355.49691849 0 -17.26485464 0 230.38407697 0 142971
0.36350000 0.36349900 2490.42051518 0 6.45069215 0 -300.67562385 0 3.66699897 0 200.26181730 0 142270
0.36450000 0.36450000 2488.90360668 0 34.02702574 0 -293.48082718 0 -9.93258399 0 79.79968437 0 145311
0.36550000 0.36550300 2484.51896606 0 81.73291228 0 -351.19199860 0 24.47172014 0 97.44830579 0 145434
0.36650000 0.36650100 2397.20261254 0 92.59563799 0 -367.66429623 0 -44.79464018 0 57.25665249 0 144547
0.36750000 0.36749600 2376.80739022 0 65.11999613 0 -293.49189950 0 -31.13725969 0 16.34906266 0 146892
0.36850000 0.36849900 2339.26113676 0 57.21468837 0 -275.83043418 0 -43.29688680 0 39.34118804 0 148113
0.36950000 0.36949900 2315.87638674 0 87.84151389 0 -229.18162249 0 -79.16690101 0 88.91641518 0 147387
0.37050000 0.37049800 2305.75628186 0 10.97322751 0 -232.93403337 0 30.77962359 0 139.00307301 0 149758
0.37150000 0.37150100 2307.07388851 0 -22.58709974 0 -248.28027557 0 53.92100391 0 143.28363378 0 150099
0.37250000 0.37250000 2353.82124390 0 -3.99631205 0 -261.73868639 0 84.40577149 0 115.47881170 0 150468
0.37350000 0.37349800 2359.12488748 0 42.98198988 0 -298.54641578 0 11.10543107 0 40.62812435 0 150709
0.37450000 0.37449700 2310.34022433 0 91.43658703 0 -281.33116515 0 -54.17400653 0 168.76658935 0 153108
0.37550000 0.37550100 2255.42149323 0 100.18704534 0 -280.28040153 0 -65.91664990 0 83.11008804 0 153189
0.37650000 0.37649900 2216.43583755 0 88.57184443 0 -257.96966702 0 -10.88401779 0 124.26691590 0 153547
0.37750000 0.37749900 2152.53745102 0 50.61358976 0 -280.65907504 0 -22.50848623 0 111.14288930 0 155424
0.37850000 0.37850200 2169.30095079 0 12.99071582 0 -245.12244853 0 4.99855675 0 100.10212060 0 155313
0.37950000 0.37949900 2169.30095079 0 -7.39626869 0 -295.03981051 0 70.79943442 0 72.54232907 0 156100
0.38050000 0.38050000 2217.65379328 0 12.53398242 0 -319.41553360 0 51.19798707 0 119.32312287 0 157557
0.38150000 0.38149800 2202.92760127 0 27.33380539 0 -333.38327136 0 -27.45659747 0 101.65711790 0 157692
0.38250000 0.38250100 2206.76969798 0 53.26441505 0 -308.08411638 0 -3.67333234 0 178.21792582 0 159703
0.38350000 0.38350500 2195.74166246 0 58.84608471 0 -258.95953286 0 -59.42450296 0 162.92150908 0 160338
0.38450000 0.38450600 2171.80329620 0 51.57732492 0 -271.51997813 0 -13.28867208 0 194.83637814 0 160167
0.38550000 0.38550000 2161.47281715 0 37.15827920 0 -244.67623384 0 -10.81107331 0 218.74927805 0 160033
0.38650000 0.38649600 2154.87371156 0 24.18660778 0 -163.21271122 0 15.86619857 0 111.41083956 0 162444
0.38750000 0.38750200 2147.61026647 0 40.04118041 0 -223.25128532 0 -41.98293401 0 141.54749325 0 164307
0.38850000 0.38850400 2146.94592699 0 39.78153439 0 -240.65365824 0 69.95284446 0 186.03720160 0 163882
0.38950000 0.38950500 2115.25693335 0 34.22145576 0 -268.63010136 0 33.00250352 0 207.97479877 0 164595
0.39050000 0.39050100 2129.89454676 0 2.46576245 0 -320.11419730 0 63.66121733 0 185.95748086 0 165006
0.39150000 0.39150100 2135.06532245 0 27.96315633 0 -371.56396903 0 44.35263297 0 133.07827200 0 166687
0.39250000 0.39250100 2127.02681464 0 50.11821395 0 -364.60833458 0 -52.85230312 0 146.10929107 0 167256
0.39350000 0.39350100 2114.69224479 0 58.32125652 0 -351.14770930 0 -88.66717715 0 185.12816374 0 167937
0.39450000 0.39449600 2078.19786219 0 44.09265479 0 -325.49645439 0 -60.31372137 0 130.36998134 0 167719
0.39550000 0.39549700 2091.57323057 0 32.25157846 0 -321.42073163 0 -28.05727109 0 95.76055132 0 171636
0.39650000 0.39650400 2071.21122523 0 47.74707559 0 -298.69589217 0 11.62250864 0 77.05873036 0 171093
0.39750000 0.39750000 2065.89650931 0 60.19436171 0 -301.32114038 0 0.93799864 0 57.93361443 0 170464
0.39850000 0.39849800 2026.86656433 0 63.69465575 0 -315.71294818 0 -4.48680497 0 64.30108698 0 172113
0.39950000 0.39949500 2021.88401816 0 45.19102941 0 -295.80601539 0 6.35054297 0 58.62751702 0 173232
