### header ###
fiducial parameters:
Omega_m = 0.31
Omega_nu = 0
Omega_de = 0.69
Omega_k = 0
H_0 = 100
w_de = -1
zeff = 0
beta = 0
fgrowth = 0
b_1 = 2
gamma = 0.55
Lx = 3500 Ly = 3500 Lz = 3500
nx = 700 ny = 700 nz = 700
xoffset = -685.467585 yoffset = -31.7331281 zoffset = 572.489161
bins = 400 dk = 0.001
kx_ny = 0.628318531 ky_ny = 0.628318531 kz_ny = 0.628318531
############################
A(data) = 8.04139625 (not used)
A(ran) = 8.03727826 (used)
Ngal = 477125
weighted Ngal = 0
Nran = 23820508
weighted Nran = 0
SN(data) = 3494.93457
SN(ran) = 70.0076085
SN(data+ran) = 3564.94218
############################
13 columns: k_central k_mean P_0(k) sigma^{lin}_{P_0(k)} P^img_1(k) sigma^{lin}_{P_1(k)} P_2(k) sigma^{lin}_{P_2(k)} P^img_3(k) sigma^{lin}_{P_3(k)} P_4(k) sigma^{lin}_{P_4(k)} N_modes
### header ###
0.00050000 0 0 0 0 0 0 0 0 0 0 0 0
0.00150000 0.00179520 74017.38418017 0 -85129.34792167 0 27596.21948500 0 -43213.62291845 0 -211544.51628761 0 3
0.00250000 0.00253879 99278.45036092 0 -47872.63575564 0 -15477.78141749 0 36466.92323671 0 196718.67335544 0 6
0.00350000 0.00331552 109603.72542405 0 1798.04589962 0 28383.79394935 0 -105716.45362672 0 -76748.26237344 0 7
0.00450000 0.00420575 94770.13186451 0 21006.19319944 0 -20138.56582665 0 -50355.05097998 0 42837.38532112 0 24
0.00550000 0.00557378 94767.80667630 0 904.11732646 0 -1610.52500650 0 -49210.39404023 0 -32674.54126307 0 45
0.00650000 0.00659388 72889.77862064 0 8238.41864294 0 -13013.08191286 0 -69283.19025746 0 40918.88359979 0 40
0.00750000 0.00754703 104513.33481193 0 -11066.76651159 0 18354.81429837 0 -27755.21806940 0 -46708.71297071 0 57
0.00850000 0.00846663 79998.54332395 0 -4017.39375860 0 33460.12270896 0 -46336.57213355 0 -21567.33862125 0 75
0.00950000 0.00948925 101054.34053858 0 14616.24382335 0 59318.20864393 0 -21021.14083794 0 -74182.02965022 0 112
0.01050000 0.01054430 72942.26144028 0 20527.09370454 0 56561.86410357 0 -24966.87451032 0 -31727.74676783 0 105
0.01150000 0.01145670 59083.69680427 0 21611.07430428 0 46262.49828052 0 -3721.13156343 0 -38909.36736845 0 144
0.01250000 0.01249090 60836.66726956 0 -1113.76515351 0 36391.63142794 0 6557.24113177 0 -20231.68407838 0 169
0.01350000 0.01339930 65153.87743959 0 -16838.45941445 0 38103.96646114 0 23119.45711433 0 -49770.65367606 0 180
0.01450000 0.01448870 80463.58096634 0 -14145.33784881 0 32097.45169353 0 14607.16451700 0 -55455.29596120 0 267
0.01550000 0.01550050 87401.83186744 0 -4653.73133825 0 24672.79356313 0 -14875.88984035 0 -46448.62406072 0 238
0.01650000 0.01653350 84388.16649831 0 6903.89347720 0 24684.53022744 0 -333.22825881 0 -36417.42994477 0 315
0.01750000 0.01747870 79889.25947799 0 8546.88254006 0 31692.09388191 0 -14442.29760045 0 -15654.27427510 0 297
0.01850000 0.01844180 83180.95092333 0 -1239.53569112 0 29931.15134276 0 65.77171316 0 -13410.24620410 0 388
0.01950000 0.01947590 76943.13529025 0 2476.59118149 0 30113.51253252 0 12930.03947672 0 -11451.55194368 0 399
0.02050000 0.02045430 78170.50249639 0 4053.58918843 0 18188.50797959 0 13691.81542424 0 -29666.85494934 0 462
0.02150000 0.02154770 73209.32591490 0 2352.69186677 0 15874.61353899 0 9682.94735575 0 -23608.18953182 0 571
0.02250000 0.02255340 73049.22009803 0 2372.63312376 0 -1421.15503512 0 -946.28406107 0 -23829.30385845 0 510
0.02350000 0.02348930 65416.07009130 0 1002.11736620 0 40.18456702 0 6483.35550826 0 -23559.24985612 0 555
0.02450000 0.02439640 65770.60593199 0 2819.74467227 0 -885.19915228 0 -10185.35409440 0 -14006.71234208 0 592
0.02550000 0.02547300 64013.31726003 0 4658.16026818 0 6200.19187335 0 -6917.40171347 0 -20132.69749450 0 837
0.02650000 0.02652900 63609.95246688 0 3363.58405038 0 16593.42886622 0 -11536.91956804 0 -5745.52899932 0 723
0.02750000 0.02749970 62903.64886670 0 660.95357219 0 24106.11197892 0 -6410.48853863 0 -8779.08026383 0 826
0.02850000 0.02848090 61091.66291013 0 -224.65968504 0 32154.14199660 0 2503.38620755 0 -1479.56154854 0 831
0.02950000 0.02946900 65347.42167742 0 2932.74881936 0 38465.14569673 0 5857.16017814 0 -1093.43304344 0 996
0.03050000 0.03053250 61118.23648969 0 2957.83870740 0 36562.03450690 0 9629.33515898 0 5466.35140134 0 1041
0.03150000 0.03150510 57655.03473292 0 915.89052944 0 32090.91902188 0 11211.39321837 0 10773.52706109 0 1036
0.03250000 0.03246190 60032.26287148 0 1824.16551387 0 26013.87354517 0 7005.81422715 0 2118.01394223 0 1059
0.03350000 0.03345080 54537.84312672 0 199.01839522 0 23902.60264875 0 3667.78510245 0 8515.25998038 0 1302
0.03450000 0.03451200 51848.26470503 0 5308.27181991 0 21832.85297040 0 4505.09644989 0 3345.83511370 0 1339
0.03550000 0.03553350 50044.36154557 0 2953.94124907 0 18249.73793584 0 1050.88542086 0 10688.59125741 0 1365
0.03650000 0.03647120 47200.10274616 0 -15.65704236 0 22158.04715032 0 7472.34663339 0 10614.49525972 0 1308
0.03750000 0.03744890 48924.83878316 0 -384.52191077 0 13930.64547058 0 6648.89783662 0 6935.48281990 0 1579
0.03850000 0.03847530 48549.70841830 0 114.50223265 0 13681.29671566 0 4650.85253380 0 4829.75915822 0 1662
0.03950000 0.03950240 47145.51618480 0 474.45908357 0 10562.69892422 0 -2177.68270068 0 4748.82046379 0 1683
0.04050000 0.04050350 47081.85031710 0 1618.10954900 0 13001.89886479 0 -2739.51460663 0 2695.39139223 0 1822
0.04150000 0.04152450 46007.17047020 0 -178.44601571 0 12523.90660237 0 -4059.13642317 0 720.51160739 0 1887
0.04250000 0.04250150 44647.26753597 0 2080.32374855 0 12602.07721559 0 -2249.29849761 0 -3194.81967550 0 1920
0.04350000 0.04349210 46623.34534636 0 799.85256534 0 9441.01705847 0 2739.66961918 0 -6022.03816701 0 2005
0.04450000 0.04448520 44235.93066896 0 -240.22848096 0 12595.54454395 0 4681.34571635 0 -4981.70467170 0 2151
0.04550000 0.04548030 44623.68348411 0 1559.91340975 0 8899.79074901 0 3874.51647914 0 -5147.70096539 0 2274
0.04650000 0.04648670 42995.71956602 0 1061.18157571 0 10048.16798990 0 1490.31277594 0 -1865.05560943 0 2311
0.04750000 0.04749250 40962.84072932 0 2179.16639221 0 12151.98721171 0 585.71380335 0 -2887.26370901 0 2568
0.04850000 0.04851840 39238.87975506 0 2115.63339240 0 11375.70651868 0 316.91429542 0 4454.18590037 0 2493
0.04950000 0.04949480 38026.23874092 0 1205.95332995 0 11328.09552196 0 -593.01157264 0 65.08002503 0 2644
0.05050000 0.05050630 38047.38688132 0 355.54342225 0 13529.60586565 0 -894.39250357 0 2623.21090673 0 2829
0.05150000 0.05149060 38420.41350446 0 566.80448702 0 15807.29380409 0 -3194.33249321 0 -1905.98999428 0 2784
0.05250000 0.05249300 36747.93884061 0 2374.77008245 0 15617.73560320 0 -2538.19759678 0 -1658.53460691 0 3055
0.05350000 0.05348950 34560.60107268 0 2676.03696844 0 15827.88832825 0 -1606.98186255 0 864.21931121 0 3009
0.05450000 0.05448610 33158.51258090 0 910.16281581 0 17106.18822857 0 1330.48376718 0 -2484.40824281 0 3336
0.05550000 0.05550870 33201.58392444 0 -477.47739932 0 17802.96962941 0 3029.24413016 0 -2961.39292367 0 3349
0.05650000 0.05647670 33296.03085514 0 -291.48670148 0 13742.85884166 0 3063.69013267 0 -2447.68134138 0 3324
0.05750000 0.05747970 32760.01961067 0 -627.66241316 0 13162.55829791 0 4004.83774225 0 -3434.56872480 0 3639
0.05850000 0.05849280 33354.27128369 0 -457.33130431 0 10965.83119854 0 1715.49064578 0 -2074.96474334 0 3846
0.05950000 0.05951020 33104.70108228 0 806.25126185 0 10557.97104152 0 1423.69059751 0 -3523.18054032 0 3787
0.06050000 0.06049470 31832.82313036 0 1536.07469442 0 10022.51341329 0 -569.02891708 0 -874.59740126 0 3930
0.06150000 0.06148310 31722.32132867 0 158.92993598 0 10470.46645848 0 -94.76946753 0 -706.84060794 0 4083
0.06250000 0.06249100 31474.63342248 0 -299.20300464 0 10958.19129442 0 175.68568513 0 395.76696385 0 4303
0.06350000 0.06350600 31944.32144128 0 887.63727820 0 10846.02864400 0 542.68232017 0 -211.86561371 0 4470
0.06450000 0.06451750 30967.52094578 0 331.33932020 0 10949.07877109 0 596.64218795 0 955.14413539 0 4479
0.06550000 0.06550280 30504.14415212 0 784.91932086 0 10564.40406224 0 198.02077875 0 1297.92005989 0 4636
0.06650000 0.06648880 29692.98563591 0 1348.67559686 0 10080.22237025 0 -635.60680621 0 -1570.52069693 0 4653
0.06750000 0.06749660 29179.11904108 0 1296.17063257 0 10459.99203920 0 -220.46659563 0 349.05946884 0 5220
0.06850000 0.06852730 28420.99696074 0 713.89921501 0 10279.45778303 0 229.91239593 0 -2588.00091381 0 5029
0.06950000 0.06949320 27391.27075261 0 472.18372082 0 9395.83090088 0 848.66823100 0 466.83246624 0 5040
0.07050000 0.07048030 27597.43744073 0 293.15419360 0 9226.65684998 0 1696.42410244 0 -3186.00610494 0 5475
0.07150000 0.07148790 27451.39347637 0 -628.19277752 0 8554.55566116 0 554.56403194 0 -2854.58927847 0 5509
0.07250000 0.07249820 27471.54510754 0 -61.35872738 0 8599.25463645 0 1440.77519470 0 -3241.83276668 0 5916
0.07350000 0.07351270 27595.66586876 0 -124.17833731 0 7291.98953441 0 1879.17282357 0 -981.94691208 0 5721
0.07450000 0.07449140 27963.26705274 0 -273.38566486 0 6923.49149213 0 2123.47259837 0 -2179.83073170 0 6028
0.07550000 0.07549160 27181.78236704 0 430.97252785 0 6771.60134026 0 1086.29803733 0 -1092.67901812 0 6183
0.07650000 0.07648840 27250.87367391 0 846.82690338 0 6191.75476184 0 576.99434755 0 135.13218825 0 6330
0.07750000 0.07749960 25270.69910334 0 1148.41045787 0 6325.64131354 0 263.93100670 0 1432.10556437 0 6583
0.07850000 0.07848650 25113.58281416 0 1442.87893642 0 6571.11475477 0 -549.64791972 0 1359.07250986 0 6549
0.07950000 0.07947320 24040.12092300 0 521.99478848 0 6469.89156128 0 828.50331304 0 1463.48453290 0 6828
0.08050000 0.08048110 23802.61955564 0 173.00286083 0 6900.11781443 0 570.12286277 0 1241.53978191 0 7147
0.08150000 0.08149960 23305.58289453 0 -149.36566180 0 6208.76185276 0 -398.40217716 0 -410.90726081 0 7386
0.08250000 0.08250610 23308.24025248 0 863.89821379 0 6522.34116395 0 -286.01697302 0 -807.14701293 0 7227
0.08350000 0.08350160 23027.00320209 0 568.39004394 0 6738.07434071 0 -1289.32793583 0 -1642.77868869 0 7798
0.08450000 0.08449610 22127.15536408 0 688.02097744 0 8130.09808924 0 -1108.29542505 0 -1519.51049649 0 7371
0.08550000 0.08548940 21364.16146083 0 1248.58178050 0 7751.91176273 0 -1191.68110326 0 -925.84344222 0 8256
0.08650000 0.08650700 21127.32443296 0 600.31487809 0 8243.21295958 0 131.24026608 0 -2241.01639864 0 8037
0.08750000 0.08749060 21156.33392398 0 -848.24305373 0 8712.18127728 0 722.58656106 0 -1356.39300726 0 8155
0.08850000 0.08849210 21096.21120022 0 -459.26121053 0 7398.20634640 0 1533.94880805 0 -2159.44658171 0 8718
0.08950000 0.08949900 21780.59159726 0 -31.56719806 0 7373.00573511 0 363.53653354 0 -2448.25710227 0 8571
0.09050000 0.09049190 21927.52134760 0 -67.41185664 0 6629.28874937 0 919.69608748 0 -2763.57476846 0 8932
0.09150000 0.09150830 21308.79983673 0 187.27730198 0 6426.21123987 0 -57.18468237 0 -3385.64012142 0 9285
0.09250000 0.09250820 20867.23552297 0 826.84910771 0 5961.50576723 0 -417.79092515 0 -3828.41131859 0 9204
0.09350000 0.09350330 20324.47016036 0 948.54613703 0 6183.16263778 0 -77.73834966 0 -3853.37941106 0 9349
0.09450000 0.09448040 19454.29615286 0 546.53548921 0 5869.42831404 0 614.14310455 0 -3087.91637937 0 9564
0.09550000 0.09549270 18943.64053222 0 678.51760105 0 5594.55785042 0 451.04222381 0 -2925.23071081 0 10155
0.09650000 0.09649430 18827.49184487 0 527.14895569 0 5860.79190068 0 98.51756020 0 -2009.31692949 0 9913
0.09750000 0.09749140 18350.38536844 0 429.69145986 0 6291.37246823 0 836.48535200 0 -1657.48273605 0 10476
0.09850000 0.09850240 17806.73421984 0 444.00908309 0 5834.91587758 0 684.40918509 0 386.90799677 0 10575
0.09950000 0.09950330 17453.41633488 0 320.67224247 0 5402.24264064 0 625.90634244 0 -5.43998820 0 10882
0.10050000 0.10051200 17365.61279907 0 287.50620071 0 5633.15597473 0 1431.46336953 0 623.83360323 0 10875
0.10150000 0.10150300 16884.74173219 0 46.92849862 0 4458.01692476 0 623.01978736 0 267.08440481 0 11118
0.10250000 0.10250800 16788.41250627 0 556.45186332 0 4772.94705957 0 561.84408551 0 450.95696691 0 11575
0.10350000 0.10349800 16276.42820666 0 300.89928481 0 3929.05875120 0 -95.27879447 0 -366.97116870 0 11364
0.10450000 0.10450100 16138.02414643 0 317.30404126 0 4539.11063173 0 -472.10178562 0 188.58162185 0 12093
0.10550000 0.10551000 15961.97418181 0 -36.26795356 0 4710.55450922 0 -727.46059844 0 -298.87747829 0 12067
0.10650000 0.10649700 15963.96720028 0 156.95574047 0 4921.08369332 0 192.81900055 0 -713.92578859 0 12054
0.10750000 0.10749900 16183.86357117 0 -97.73685058 0 5295.70473124 0 -31.11633299 0 495.91282014 0 12807
0.10850000 0.10850100 16162.27253778 0 131.73409176 0 5240.32096249 0 722.50241139 0 348.74722928 0 12736
0.10950000 0.10950300 16008.47794605 0 156.36447832 0 5232.37103327 0 584.06624142 0 700.09977659 0 12933
0.11050000 0.11050200 16066.38620485 0 233.63048260 0 5297.76418365 0 377.38136849 0 1102.00634455 0 13428
0.11150000 0.11150900 15784.37409172 0 342.77038834 0 5043.26679770 0 -21.94313333 0 963.56131672 0 13453
0.11250000 0.11250000 15468.81283439 0 356.57314846 0 5017.92224619 0 -71.18685506 0 1414.12410886 0 13668
0.11350000 0.11349100 15041.31037314 0 158.20691317 0 4887.64527237 0 3.00402137 0 900.21433196 0 13791
0.11450000 0.11448600 15053.37920719 0 70.21215831 0 4683.44945806 0 176.39320669 0 106.98822086 0 14205
0.11550000 0.11549300 15149.04409362 0 133.27535938 0 4480.27229764 0 121.03601152 0 -736.92522170 0 14776
0.11650000 0.11649800 14653.11466500 0 353.95897257 0 4215.69909610 0 -419.00888088 0 -1046.40445101 0 14553
0.11750000 0.11747300 14576.38345400 0 540.25858827 0 4708.87151585 0 -744.38907586 0 -564.76275033 0 14568
0.11850000 0.11849100 14257.27905273 0 502.03913746 0 4987.50656991 0 -135.52968471 0 -26.14995242 0 16015
0.11950000 0.11950300 13873.29082802 0 -18.89835472 0 4780.55374672 0 429.90404850 0 -193.46451709 0 15270
0.12050000 0.12050700 13814.16461349 0 -172.04510473 0 4928.97826092 0 921.98030809 0 -87.46295110 0 15999
0.12150000 0.12150000 14146.55580454 0 -13.65405880 0 4979.40162814 0 1136.33055149 0 13.23685360 0 15670
0.12250000 0.12250700 13819.14715966 0 222.80174893 0 4334.33905653 0 183.34109051 0 -821.66172354 0 16887
0.12350000 0.12352200 13668.89571187 0 313.90483754 0 4415.99745207 0 17.02004554 0 485.22913392 0 16407
0.12450000 0.12449800 13509.78640422 0 440.65749036 0 4556.22844590 0 -321.65878661 0 503.14526271 0 16306
0.12550000 0.12549900 12967.35321136 0 422.70150121 0 4256.06879239 0 -7.63948338 0 212.64510537 0 17523
0.12650000 0.12650100 12937.34721110 0 223.40740510 0 4460.40854692 0 275.82821972 0 404.07563640 0 17154
0.12750000 0.12750600 12592.44429300 0 113.64302024 0 4173.26994740 0 590.70410014 0 514.58408148 0 18007
0.12850000 0.12850300 12797.83591838 0 -172.37395278 0 4346.80649428 0 211.75931939 0 201.68128934 0 17496
0.12950000 0.12949900 12899.70130672 0 -227.12881347 0 4181.62955263 0 371.47649767 0 397.72233642 0 18405
0.13050000 0.13049000 13006.21707147 0 95.93316886 0 4298.88547246 0 28.53504191 0 887.88972721 0 18100
0.13150000 0.13148800 12867.37011825 0 400.67089651 0 4305.24098691 0 -308.66209174 0 263.82028345 0 19059
0.13250000 0.13249300 12641.93758494 0 325.21521734 0 4234.18987855 0 21.22918982 0 496.71445646 0 18957
0.13350000 0.13349100 12282.75136782 0 404.21957662 0 4489.24088075 0 107.28916664 0 767.38850897 0 19468
0.13450000 0.13450700 12033.95622915 0 107.40066495 0 3957.91322967 0 72.15269396 0 443.18308766 0 19953
0.13550000 0.13551000 11842.18356329 0 100.63115628 0 3916.34772230 0 954.34582077 0 137.27468310 0 19956
0.13650000 0.13649900 11775.63889113 0 125.11616322 0 3410.96252828 0 113.67623722 0 -153.56207291 0 19723
0.13750000 0.13749600 11525.18290373 0 158.74613539 0 3336.61186712 0 239.71693956 0 -127.16011438 0 20946
0.13850000 0.13851100 11507.57790727 0 283.20460251 0 3374.12490361 0 13.61154107 0 -293.61148061 0 20955
0.13950000 0.13949800 11270.18726316 0 56.26944401 0 2949.80019959 0 -105.07293011 0 -339.48080064 0 20506
0.14050000 0.14048300 11130.56524719 0 88.60683298 0 2978.08998950 0 116.61593945 0 -368.67077056 0 21447
0.14150000 0.14148400 11271.40521889 0 4.49249614 0 3394.53119825 0 -200.41682984 0 -537.20927002 0 21771
0.14250000 0.14249400 11192.79171267 0 59.21401807 0 3097.51608499 0 404.31147692 0 -1220.40271384 0 22470
0.14350000 0.14350900 10979.09584367 0 245.98055371 0 3298.75558857 0 -149.66682904 0 -742.39273570 0 22519
0.14450000 0.14449900 10927.08913400 0 286.51965656 0 2925.79539938 0 8.66617577 0 -781.44482533 0 22218
0.14550000 0.14550500 10579.70601514 0 126.65189467 0 2881.30679826 0 218.55994129 0 -833.60544032 0 23559
0.14650000 0.14650700 10640.72559722 0 65.94887036 0 2913.29474466 0 330.27748425 0 -390.03482129 0 23044
0.14750000 0.14750500 10569.86271838 0 -31.63883600 0 2656.47217049 0 606.18099578 0 -344.84091308 0 23649
0.14850000 0.14849900 10485.40302466 0 96.45423247 0 2688.69263571 0 259.86746349 0 -156.96681279 0 23640
0.14950000 0.14949500 10435.05716371 0 370.44455699 0 2737.35550329 0 121.82989721 0 -173.86428770 0 24457
0.15050000 0.15050000 10010.82103828 0 436.98037129 0 2795.56271486 0 -52.56663714 0 416.18433082 0 24591
0.15150000 0.15149900 9756.01362723 0 320.93465657 0 2753.15571081 0 128.16105254 0 781.71499006 0 25020
0.15250000 0.15250500 9581.23697997 0 29.03728256 0 2698.52486015 0 324.61288287 0 584.97085035 0 25297
0.15350000 0.15350100 9659.34115924 0 -148.59170630 0 2739.06064131 0 221.25937408 0 154.01160930 0 25452
0.15450000 0.15450400 9613.77854261 0 17.37967465 0 2520.14970732 0 67.29581868 0 241.01793772 0 26061
0.15550000 0.15549900 9550.37841070 0 132.80478557 0 2599.80401207 0 -522.45207550 0 55.46105357 0 26128
0.15650000 0.15649500 9591.81105017 0 85.48720546 0 2590.81328432 0 41.22425832 0 251.54218246 0 26331
0.15750000 0.15749700 9488.20730684 0 208.32246977 0 2505.60067251 0 -299.19303955 0 94.41880700 0 27345
0.15850000 0.15849900 9396.35130015 0 197.75504296 0 2623.26626836 0 -124.05211280 0 -452.07637895 0 26980
0.15950000 0.15949700 9200.32686156 0 148.29164630 0 2837.95864659 0 -257.31750709 0 -129.42883374 0 27777
0.16050000 0.16050000 9059.07721385 0 183.82162941 0 2758.24898022 0 -67.65489417 0 -267.14087367 0 28224
0.16150000 0.16150500 8968.05163151 0 151.81818175 0 3114.97714123 0 148.08791552 0 10.98899450 0 28075
0.16250000 0.16249700 8837.63071747 0 136.12759025 0 2937.15560464 0 335.58998570 0 -97.35496609 0 28590
0.16350000 0.16349900 8760.30160094 0 31.46721496 0 2823.53140735 0 397.13882490 0 319.14315441 0 29163
0.16450000 0.16449100 8807.22611352 0 -30.25767420 0 2875.95886537 0 436.49097454 0 98.27097953 0 28996
0.16550000 0.16550500 8693.64620553 0 119.41280870 0 2410.77728276 0 307.30019578 0 298.73132361 0 30777
0.16650000 0.16650700 8665.30105400 0 117.61466315 0 2369.79860861 0 5.84976387 0 310.18232193 0 29211
0.16750000 0.16749900 8522.61200406 0 83.35689016 0 2289.29173485 0 -85.08926611 0 241.06554872 0 30922
0.16850000 0.16850800 8431.91859147 0 220.46327393 0 2351.10852432 0 10.11783506 0 111.99102938 0 30867
0.16950000 0.16949900 8423.18252719 0 153.68497572 0 2353.72159297 0 -5.17461779 0 -145.42169970 0 30852
0.17050000 0.17049200 8194.83797245 0 7.50948321 0 2143.38063839 0 -22.04632739 0 81.32024674 0 31257
0.17150000 0.17149500 8298.26455858 0 -33.47916711 0 2351.40747709 0 29.27755201 0 -194.51306625 0 32608
0.17250000 0.17250900 8346.88313686 0 91.02381076 0 2340.24657367 0 8.34384932 0 -329.61868092 0 32361
0.17350000 0.17350400 8226.38302586 0 171.93105978 0 2492.75677572 0 117.15183998 0 160.72254537 0 32508
0.17450000 0.17449800 8066.22184736 0 137.81390532 0 2278.77302628 0 155.84629352 0 32.05925217 0 32791
0.17550000 0.17549800 8106.52510970 0 37.16968369 0 2350.73206527 0 214.95479233 0 51.78947066 0 33633
0.17650000 0.17650100 8018.61085064 0 -38.72877775 0 2253.57241499 0 -0.42618043 0 -128.15994531 0 33984
0.17750000 0.17750300 8075.05756256 0 212.10920485 0 2392.50794681 0 -191.80809730 0 -165.23230327 0 34069
0.17850000 0.17849800 7865.34773050 0 201.41223185 0 2175.74504384 0 -282.59562465 0 170.84154302 0 34536
0.17950000 0.17950400 7785.46090693 0 84.03440572 0 2212.12870319 0 -38.04439735 0 -33.31131066 0 35343
0.18050000 0.18050100 7689.62993563 0 41.61810091 0 2287.70839240 0 272.22749969 0 155.41890178 0 34990
0.18150000 0.18150500 7720.69887907 0 20.74278259 0 2183.82784096 0 194.77548035 0 -276.10170614 0 36243
0.18250000 0.18250200 7604.48375777 0 85.03301870 0 2141.26582435 0 292.78216348 0 66.33916981 0 35694
0.18350000 0.18350400 7584.07746313 0 151.98094493 0 2183.84998561 0 -6.78827626 0 -181.64702481 0 37087
0.18450000 0.18450600 7386.21501862 0 191.14154334 0 1971.70424208 0 151.88904463 0 112.93660592 0 36651
0.18550000 0.18550700 7343.19903670 0 147.20212953 0 2088.37332869 0 36.17660688 0 227.26611030 0 37818
0.18650000 0.18651000 7146.49918630 0 51.29021953 0 1892.27138383 0 103.56997274 0 304.29073790 0 37267
0.18750000 0.18750100 7135.93618842 0 17.96639714 0 1873.64773349 0 454.29195115 0 143.36999791 0 38334
0.18850000 0.18850000 7129.21528726 0 28.41036753 0 1614.58854970 0 411.52066760 0 226.05258350 0 38223
0.18950000 0.18949500 7095.97616815 0 40.89673895 0 1329.19937750 0 397.66365309 0 313.53391466 0 39064
0.19050000 0.19050000 7098.98784050 0 4.47373963 0 1166.82373404 0 -15.95577368 0 111.85816148 0 39609
0.19150000 0.19149800 7027.53812845 0 48.49722560 0 1191.38215049 0 51.30250981 0 200.58734365 0 39576
0.19250000 0.19250400 7067.54243802 0 104.60501366 0 1114.04196163 0 -133.60863635 0 185.88883245 0 40909
0.19350000 0.19350500 6975.76393759 0 64.67400288 0 1249.94367645 0 -257.92205602 0 171.09067033 0 40191
0.19450000 0.19450100 7024.36037122 0 56.18606940 0 1266.85111645 0 -104.05715503 0 -2.46505382 0 41232
0.19550000 0.19549800 6921.50954598 0 107.06262688 0 1387.36229978 0 -138.31105270 0 23.41996001 0 40873
0.19650000 0.19649700 6913.38245957 0 174.03037257 0 1498.45093468 0 66.57035995 0 25.67716415 0 42816
0.19750000 0.19750200 6786.99187176 0 17.56236801 0 1344.61205365 0 233.65152002 0 71.74157854 0 41727
0.19850000 0.19849000 6757.14088405 0 -20.65951871 0 1405.62056340 0 190.88798711 0 -3.10190073 0 42610
0.19950000 0.19949900 6763.70677267 0 63.62600734 0 1291.34309895 0 18.75341799 0 -242.97109582 0 43863
0.20050000 0.20050100 6693.28678682 0 71.77867083 0 1308.77093821 0 191.08175279 0 91.25289716 0 43302
0.20150000 0.20150100 6584.65620802 0 133.90426743 0 1096.55876074 0 -14.10536676 0 68.87694666 0 44487
0.20250000 0.20249700 6618.30500315 0 80.83860061 0 1267.34937107 0 -75.84210331 0 203.31667171 0 43759
0.20350000 0.20349100 6538.63962608 0 73.62918847 0 1187.70613865 0 7.07717536 0 54.06516558 0 45282
0.20450000 0.20449700 6412.40405082 0 153.66726000 0 1171.65126766 0 51.77673749 0 48.14490422 0 45483
0.20550000 0.20549900 6365.49061056 0 99.80626809 0 1183.10005152 0 -46.55314681 0 114.47233737 0 46138
0.20650000 0.20650200 6312.06664331 0 75.99999466 0 1179.67870315 0 57.08071324 0 -14.62764832 0 46227
0.20750000 0.20749300 6210.63307565 0 111.17832074 0 1154.30093467 0 -34.00521326 0 75.98238967 0 46236
0.20850000 0.20850300 6211.85103138 0 51.66966811 0 1034.75082914 0 85.28092805 0 -82.31332355 0 48361
0.20950000 0.20950400 6120.01716934 0 68.20640667 0 1120.02101703 0 -41.07611061 0 -133.55770366 0 46812
0.21050000 0.21050300 6054.70152523 0 131.25687456 0 1160.95540188 0 -144.53259202 0 -296.57886366 0 48813
0.21150000 0.21149700 5969.36711785 0 194.54517599 0 1245.94656719 0 -216.46948637 0 -338.19641096 0 47215
0.21250000 0.21249000 5894.75072090 0 105.16815210 0 1405.58734643 0 -293.40442814 0 -262.15279134 0 50004
0.21350000 0.21350300 5834.17403182 0 96.08009861 0 1523.62940132 0 30.44966831 0 -142.33252108 0 49509
0.21450000 0.21449800 5809.83706187 0 12.84688632 0 1503.10131111 0 24.16335590 0 -271.11251658 0 49660
0.21550000 0.21550100 5806.61501534 0 -17.49250164 0 1461.84582883 0 222.50390339 0 -277.50235523 0 50841
0.21650000 0.21649800 5881.59679902 0 -18.97353581 0 1502.64734579 0 127.73587527 0 -357.38364264 0 50424
0.21750000 0.21750300 5849.24346590 0 24.34926023 0 1360.22403165 0 18.37551955 0 -453.98524775 0 52231
0.21850000 0.21850300 5854.69104971 0 95.84746907 0 1398.24639507 0 28.06336087 0 -154.89075189 0 51078
0.21950000 0.21950100 5771.73719216 0 87.32731512 0 1397.10594562 0 -71.74146781 0 -195.08771991 0 52791
0.22050000 0.22050700 5634.94969136 0 135.45328567 0 1497.41013615 0 62.71431211 0 -146.15579484 0 52969
0.22150000 0.22150000 5623.01372520 0 68.66402585 0 1477.87855517 0 151.94440625 0 -90.24852658 0 52704
0.22250000 0.22250100 5554.29887738 0 51.00488572 0 1371.51780296 0 113.37728445 0 -85.91659022 0 54051
0.22350000 0.22349900 5544.77667803 0 71.29890699 0 1368.47291364 0 145.51138553 0 100.66913436 0 53938
0.22450000 0.22449800 5447.57273845 0 95.75069695 0 1169.35929642 0 206.96500274 0 32.59559559 0 54735
0.22550000 0.22549100 5432.49223205 0 -1.74218602 0 1151.63250439 0 178.17917268 0 223.87576444 0 54774
0.22650000 0.22649900 5383.56362867 0 26.62849830 0 938.47475037 0 155.56837817 0 188.31588605 0 56911
0.22750000 0.22749800 5331.35761715 0 90.84144957 0 974.50630980 0 118.75732707 0 121.71695950 0 54879
0.22850000 0.22849100 5316.89716094 0 98.40384742 0 844.60247333 0 -9.71078318 0 207.06465367 0 57210
0.22950000 0.22949800 5245.43637656 0 26.41734906 0 778.53280390 0 73.52145475 0 287.02012565 0 57375
0.23050000 0.23049600 5312.22463987 0 -52.64591498 0 868.59952291 0 14.70294013 0 92.63394824 0 57604
0.23150000 0.23150100 5350.97777673 0 -8.86253238 0 854.61296220 0 -57.00929675 0 -93.50445441 0 58629
0.23250000 0.23250200 5320.30743698 0 59.30813283 0 873.60864266 0 -80.52757900 0 -162.64137926 0 58560
0.23350000 0.23350400 5263.76107413 0 146.46803440 0 909.71992282 0 -111.14178206 0 -103.46500710 0 59305
0.23450000 0.23449700 5261.12586083 0 101.61305005 0 835.14892240 0 -117.19945097 0 -77.33930307 0 59196
0.23550000 0.23549300 5044.18580066 0 123.31137427 0 869.24393221 0 65.95108483 0 -90.86979472 0 60063
0.23650000 0.23649900 5084.82123274 0 47.60302465 0 807.88221530 0 152.06509459 0 -93.78303411 0 61537
0.23750000 0.23750400 4973.77688713 0 10.23151462 0 743.02607267 0 223.22581897 0 -155.24838798 0 61224
0.23850000 0.23850100 5000.21759880 0 98.98315146 0 699.53951695 0 114.41033235 0 -71.17035730 0 61221
0.23950000 0.23949400 4874.05952982 0 88.78044703 0 587.16649237 0 52.31507392 0 -155.86179477 0 62332
0.24050000 0.24050100 4895.36268277 0 67.03152228 0 605.30185319 0 -89.93086158 0 -5.51189187 0 63447
0.24150000 0.24150500 4817.31386512 0 75.79382797 0 753.74629756 0 -133.15245657 0 15.67464735 0 63342
0.24250000 0.24250300 4845.79188456 0 93.74804556 0 803.28498604 0 -129.52184126 0 -77.88151482 0 63379
0.24350000 0.24349600 4794.88133504 0 76.19309601 0 844.90806949 0 -24.80566146 0 165.29098659 0 64266
0.24450000 0.24449500 4735.62225261 0 62.29666402 0 834.73813915 0 40.57929540 0 186.68825430 0 64695
0.24550000 0.24549600 4779.55723749 0 -6.15816133 0 884.09413426 0 106.52429045 0 223.51591388 0 65947
0.24650000 0.24650000 4753.21617675 0 33.15973054 0 928.66245612 0 107.11510970 0 99.45737913 0 66018
0.24750000 0.24750000 4766.97907650 0 40.99937940 0 875.56069352 0 75.47926323 0 143.40542935 0 66303
0.24850000 0.24849600 4752.78435608 0 46.95053254 0 818.75413104 0 9.07585179 0 239.97381749 0 66958
0.24950000 0.24949200 4701.56378147 0 30.72758367 0 829.17872486 0 105.93236396 0 286.90829517 0 66975
0.25050000 0.25048900 4678.09045285 0 31.33932961 0 706.98122646 0 186.82001497 0 276.97752704 0 68676
0.25150000 0.25150000 4674.32586241 0 14.24919626 0 613.99473540 0 152.89330449 0 153.03392302 0 69349
0.25250000 0.25249900 4610.94787515 0 126.98738611 0 610.33201035 0 14.68013114 0 65.00794420 0 68592
0.25350000 0.25349900 4522.30284265 0 114.55537981 0 513.66064959 0 -71.32647708 0 110.24647388 0 70437
0.25450000 0.25450100 4460.68535504 0 48.37797666 0 476.57943377 0 76.45340636 0 191.74277058 0 70099
0.25550000 0.25550100 4495.00956198 0 -15.13453935 0 440.88004409 0 -1.60422485 0 165.31534570 0 71064
0.25650000 0.25650300 4489.08586820 0 8.17963567 0 445.49388185 0 40.98365670 0 -47.71053692 0 71409
0.25750000 0.25750600 4459.15737421 0 111.25914871 0 451.58033880 0 -51.13454265 0 -24.80732231 0 72612
0.25850000 0.25850600 4341.72429719 0 147.28406474 0 480.70719647 0 -112.24237115 0 164.84809360 0 71845
0.25950000 0.25949600 4291.79918458 0 44.74105013 0 578.98182986 0 -12.20435931 0 134.69815312 0 72816
0.26050000 0.26049800 4258.87009057 0 9.30830417 0 593.08464998 0 74.92586843 0 165.47367995 0 73743
0.26150000 0.26149900 4297.53464884 0 28.61443048 0 567.00046717 0 136.63359549 0 28.47491918 0 74662
0.26250000 0.26250300 4271.48146854 0 46.42470784 0 495.17429607 0 68.54865223 0 73.48236944 0 74931
0.26350000 0.26350100 4230.00453977 0 101.40389383 0 444.72546250 0 99.71724659 0 187.24851394 0 75087
0.26450000 0.26450200 4158.27801959 0 82.51229323 0 501.36594011 0 -15.43614948 0 217.51914276 0 76678
0.26550000 0.26550600 4144.49297519 0 59.40545856 0 392.30575511 0 -11.65506127 0 159.27207082 0 76035
0.26650000 0.26650100 4068.34859741 0 62.50172348 0 387.01650555 0 -72.70022042 0 136.75206937 0 77094
0.26750000 0.26750600 4080.88246911 0 33.06506216 0 388.98295044 0 -46.17480547 0 47.20929278 0 78463
0.26850000 0.26850100 4098.27709140 0 32.07851802 0 477.97122500 0 -77.50250914 0 115.22636269 0 77076
0.26950000 0.26949700 4064.79438115 0 52.27842452 0 411.20732081 0 -10.57584177 0 69.05510037 0 79149
0.27050000 0.27049900 4059.56824383 0 7.25941475 0 494.25307865 0 22.81142504 0 64.20243257 0 79648
0.27150000 0.27150200 4050.87646885 0 19.59768276 0 424.50407569 0 75.83878161 0 23.80782355 0 80241
0.27250000 0.27250500 4058.43886670 0 82.80404899 0 447.57104998 0 55.84924928 0 0.92427449 0 80835
0.27350000 0.27350000 3975.40750289 0 124.36988853 0 403.63606510 0 -1.96156199 0 93.98012149 0 80680
0.27450000 0.27450400 3876.94131827 0 112.48706953 0 419.58353454 0 3.60354347 0 161.79877534 0 82617
0.27550000 0.27550800 3850.04664129 0 41.58410887 0 384.16648914 0 41.09393706 0 169.23827039 0 82548
0.27650000 0.27649900 3840.48015265 0 -5.14897428 0 360.90685639 0 76.55305729 0 95.40546186 0 81181
0.27750000 0.27748900 3838.67536370 0 29.84799818 0 397.11003685 0 4.19497170 0 90.43841695 0 84096
0.27850000 0.27849800 3830.10538429 0 41.42134570 0 346.44529295 0 8.15073690 0 98.58598717 0 85215
0.27950000 0.27950200 3768.98615129 0 120.60197639 0 371.99246800 0 1.28041471 0 135.79763497 0 84514
0.28050000 0.28050300 3757.67023533 0 83.89511587 0 289.94432663 0 -47.13953713 0 124.65998344 0 85815
0.28150000 0.28150100 3651.05481965 0 70.61452659 0 301.56473153 0 145.27333055 0 189.69549772 0 85485
0.28250000 0.28250000 3688.98860448 0 -15.64309123 0 183.26247700 0 85.96641568 0 191.83467088 0 87220
0.28350000 0.28350400 3641.45511403 0 4.53804769 0 177.65434448 0 203.60787386 0 118.92230471 0 87147
0.28450000 0.28449700 3688.64536241 0 39.57647494 0 79.36919238 0 8.02751300 0 81.21328808 0 87102
0.28550000 0.28549800 3652.90389789 0 51.17772471 0 107.95184528 0 -91.01207410 0 104.61165706 0 88971
0.28650000 0.28649900 3622.36642604 0 68.65328570 0 93.39915661 0 -125.66867223 0 268.45072969 0 89434
0.28750000 0.28750100 3643.96853177 0 0.00566373 0 90.34042687 0 5.82985583 0 221.77091549 0 89619
0.28850000 0.28849900 3622.94218693 0 14.76627382 0 201.65803746 0 64.53083772 0 243.98974970 0 90240
0.28950000 0.28950100 3667.71866850 0 23.09720174 0 143.32681585 0 16.49621385 0 110.45950541 0 91333
0.29050000 0.29050500 3652.62708977 0 76.77926488 0 217.80148704 0 -3.20454118 0 193.13677628 0 92139
0.29150000 0.29150600 3596.16930552 0 82.74304048 0 174.40793885 0 -51.86874851 0 203.27127518 0 92370
0.29250000 0.29250200 3520.96607536 0 95.55261306 0 298.97380752 0 -56.78364277 0 269.78273037 0 91819
0.29350000 0.29349600 3527.18872190 0 84.58813268 0 308.91011181 0 -55.63931800 0 216.68761117 0 93552
0.29450000 0.29450000 3450.40214929 0 33.03239880 0 369.91862156 0 -17.04872286 0 202.77744950 0 94701
0.29550000 0.29550200 3449.36135075 0 61.24590039 0 336.22996607 0 18.48214603 0 197.48377100 0 95020
0.29650000 0.29650300 3443.58159720 0 3.32545096 0 393.79055387 0 18.92282456 0 93.02336190 0 95151
0.29750000 0.29749800 3441.72144663 0 10.80179471 0 353.52272297 0 -46.43101906 0 172.50903514 0 95802
0.29850000 0.29850000 3423.91714832 0 83.59605238 0 361.82696659 0 33.50729081 0 97.72079571 0 97399
0.29950000 0.29950700 3379.82715089 0 39.16735254 0 291.21542952 0 43.69416182 0 167.31611480 0 97881
0.30050000 0.30050300 3383.23742694 0 28.76888941 0 210.83145857 0 106.48764105 0 98.37572372 0 97188
0.30150000 0.30149700 3324.00048916 0 47.11207776 0 165.73609405 0 113.68177338 0 106.44733779 0 98263
0.30250000 0.30249700 3338.51630699 0 43.85991452 0 136.36785970 0 29.95750348 0 83.04752941 0 100050
0.30350000 0.30350600 3319.18402786 0 33.92438529 0 108.42828742 0 40.72556081 0 181.44550850 0 100779
0.30450000 0.30450500 3293.92805495 0 23.43335752 0 126.46587961 0 -21.47267024 0 201.94259620 0 99982
0.30550000 0.30550300 3349.42254694 0 31.32438197 0 169.06222042 0 -54.78364874 0 129.49526768 0 101559
0.30650000 0.30649700 3283.21004452 0 38.67485553 0 194.05135031 0 17.42451757 0 157.22258349 0 100935
0.30750000 0.30749800 3298.25733395 0 96.69483409 0 193.20763916 0 -101.86815641 0 124.90689628 0 103762
0.30850000 0.30850200 3206.32382098 0 93.58583600 0 198.24554695 0 -19.91866946 0 203.45175408 0 102951
0.30950000 0.30950100 3153.45346997 0 72.11283359 0 183.24919021 0 110.99341291 0 174.69139036 0 104394
0.31050000 0.31050000 3108.72127771 0 40.13784181 0 87.91414834 0 114.44133486 0 94.53816666 0 103963
0.31150000 0.31149700 3093.71827758 0 37.47550130 0 16.52489118 0 129.63035005 0 106.00987023 0 105936
0.31250000 0.31250000 3061.15457029 0 38.54065895 0 -31.51360801 0 54.85750114 0 60.30486351 0 105717
0.31350000 0.31349800 3045.37650742 0 19.29297238 0 -110.38111335 0 47.46295974 0 219.30621599 0 106776
0.31450000 0.31450400 3068.96055928 0 23.27004073 0 -119.47702819 0 14.60173908 0 172.08717956 0 108733
0.31550000 0.31549900 3054.45581377 0 34.82700121 0 -101.95529561 0 -6.50305317 0 158.60773133 0 105891
0.31650000 0.31650000 3048.63177092 0 30.14362926 0 -101.19429472 0 -4.33274464 0 186.30515186 0 111072
0.31750000 0.31750600 3046.37301665 0 39.49276816 0 -117.98890773 0 -26.80476971 0 223.60670695 0 108121
0.31850000 0.31849900 3047.00413917 0 28.99288254 0 -66.97948236 0 -20.27209806 0 142.10000226 0 110484
0.31950000 0.31950100 3032.00113904 0 65.14668043 0 -98.85327309 0 -43.82503669 0 207.39239448 0 110817
0.32050000 0.32049800 3019.20153155 0 44.79619030 0 -77.74100702 0 40.24125732 0 183.68986874 0 111088
0.32150000 0.32149900 2978.41108692 0 40.54552481 0 -76.25011848 0 25.49613164 0 211.40389776 0 112635
0.32250000 0.32250100 2985.29807295 0 39.62430738 0 -43.32722497 0 26.47138201 0 191.65862091 0 113202
0.32350000 0.32350400 2968.09168019 0 45.26410675 0 -93.19121835 0 45.20331969 0 189.76525337 0 113863
0.32450000 0.32450300 2921.02322738 0 28.70035172 0 -50.81012353 0 -24.84053928 0 244.20012388 0 114045
0.32550000 0.32549900 2965.87721522 0 21.94988744 0 -40.00109860 0 15.36096839 0 196.15177032 0 114828
0.32650000 0.32650300 2915.73065612 0 51.69524518 0 -53.21846490 0 -18.38382379 0 196.41750612 0 116431
0.32750000 0.32750400 2917.53544506 0 75.13247801 0 -35.33522092 0 -38.31910173 0 254.33573001 0 116442
0.32850000 0.32850400 2872.42679375 0 41.99013103 0 -0.02721876 0 -14.00582656 0 270.21455104 0 116955
0.32950000 0.32949800 2875.39417680 0 68.58397295 0 -24.77532329 0 24.78916370 0 294.24038866 0 117028
0.33050000 0.33049700 2849.79496182 0 48.66220324 0 -27.02688054 0 30.53592172 0 274.02675247 0 119061
0.33150000 0.33150100 2813.69918291 0 36.04938587 0 -54.67536140 0 22.86789389 0 321.15499583 0 120060
0.33250000 0.33250400 2834.78088937 0 38.39550077 0 -72.06677272 0 20.34794349 0 269.93552845 0 119737
0.33350000 0.33350100 2799.41588390 0 35.04988711 0 -63.79131715 0 11.27827006 0 325.70018517 0 120531
0.33450000 0.33450000 2794.55513330 0 28.30374104 0 -110.87715350 0 8.80537704 0 262.98653740 0 121704
0.33550000 0.33550300 2773.96060914 0 28.69215820 0 -156.88266312 0 39.41393321 0 221.81963372 0 122761
0.33650000 0.33650300 2751.04089677 0 70.33240376 0 -167.17992520 0 -33.06129757 0 202.31130462 0 122472
0.33750000 0.33749900 2729.26163385 0 76.89419561 0 -109.99745729 0 -31.08710205 0 176.67444374 0 122985
0.33850000 0.33849800 2700.40715537 0 58.12062599 0 -200.70249583 0 -57.56125214 0 267.74210090 0 125380
0.33950000 0.33950300 2684.06440394 0 27.22252852 0 -136.95247845 0 54.70713897 0 261.58478107 0 125223
0.34050000 0.34050000 2686.64425562 0 0.76880798 0 -161.16654560 0 65.06784548 0 241.52837190 0 125178
0.34150000 0.34149900 2716.61703890 0 14.28794939 0 -156.16960540 0 89.93041869 0 204.65642302 0 127059
0.34250000 0.34250300 2697.39548302 0 45.80986164 0 -196.91354627 0 -11.98700957 0 276.21575109 0 127957
0.34350000 0.34349800 2681.51776923 0 57.90017600 0 -179.38384162 0 -56.04124339 0 314.83934175 0 126732
0.34450000 0.34449700 2683.66580024 0 47.44269738 0 -144.38754457 0 -22.55211119 0 371.12107604 0 129639
0.34550000 0.34550000 2628.66956287 0 35.03571453 0 -122.67914453 0 -29.78344653 0 375.00635482 0 129826
0.34650000 0.34650400 2657.46867972 0 40.57043754 0 -128.16769594 0 56.00547978 0 333.33344590 0 130875
0.34750000 0.34750200 2632.97669722 0 33.78664557 0 -116.60597436 0 17.91668241 0 264.84890243 0 130686
0.34850000 0.34850200 2600.71194270 0 62.22757271 0 -170.88915402 0 -11.71773063 0 293.28373980 0 132211
0.34950000 0.34950400 2589.89428136 0 55.08171572 0 -138.03756628 0 -24.44104980 0 252.48333007 0 132768
0.35050000 0.35050300 2544.69705145 0 65.46977087 0 -153.10921482 0 -33.47152720 0 156.10649315 0 132957
0.35150000 0.35150100 2522.74063133 0 60.16778813 0 -145.54792421 0 -57.90072962 0 75.50340089 0 133987
0.35250000 0.35249800 2481.99447600 0 72.75458553 0 -161.06578744 0 -81.40517147 0 79.99998273 0 134778
0.35350000 0.35349800 2464.11267142 0 32.01684517 0 -178.76046973 0 -15.12390992 0 102.21759898 0 135699
0.35450000 0.35450100 2481.85053577 0 -2.53717894 0 -180.33384709 0 -0.36859548 0 18.88584300 0 137380
0.35550000 0.35550100 2498.73583112 0 7.96637162 0 -172.54778828 0 49.89820686 0 117.58476788 0 136161
0.35650000 0.35649900 2517.65843424 0 -5.32303123 0 -197.52141690 0 39.86933793 0 103.20259300 0 138792
0.35750000 0.35750000 2499.17872412 0 46.27002746 0 -216.74075833 0 73.43985172 0 101.17403237 0 138097
0.35850000 0.35849800 2517.76915749 0 60.44681071 0 -192.12255132 0 10.92211766 0 109.01235256 0 140028
0.35950000 0.35950300 2456.74957541 0 78.99793733 0 -187.08464353 0 -15.81260852 0 201.38012210 0 141099
0.36050000 0.36050500 2438.20343134 0 60.95746633 0 -214.71009395 0 -20.57636555 0 245.47344123 0 140821
0.36150000 0.36150200 2434.25061138 0 11.93508037 0 -222.19166383 0 111.94895454 0 326.00135240 0 141756
0.36250000 0.36250400 2434.41669625 0 10.62687412 0 -277.79245014 0 65.77104882 0 284.53328149 0 142971
0.36350000 0.36349900 2420.55414558 0 27.23780833 0 -343.28082251 0 87.22567118 0 278.42689435 0 142270
0.36450000 0.36450000 2407.04590930 0 84.87944555 0 -305.60502285 0 -24.71630780 0 261.42201790 0 145311
0.36550000 0.36550300 2345.82702538 0 86.39203584 0 -350.52212295 0 -50.88674402 0 324.93176583 0 145434
0.36650000 0.36650100 2312.35538745 0 37.79239124 0 -304.34942122 0 -22.36797843 0 328.96098483 0 144547
0.36750000 0.36749600 2359.03630889 0 -16.11277925 0 -254.34790957 0 -43.68497179 0 362.75814910 0 146892
0.36850000 0.36849900 2366.04509050 0 -18.71842945 0 -312.12994387 0 45.85426166 0 251.89096069 0 148113
0.36950000 0.36949900 2409.09428939 0 35.21209667 0 -245.60741636 0 -24.51523438 0 288.43406153 0 147387
0.37050000 0.37049800 2362.92269490 0 89.13520432 0 -297.28970692 0 -14.35604419 0 248.27584664 0 149758
0.37150000 0.37150100 2356.79969927 0 80.55038799 0 -221.49521460 0 -61.20094676 0 279.46215673 0 150099
0.37250000 0.37250000 2275.37382256 0 88.23546720 0 -183.70758446 0 -82.60297557 0 316.02518774 0 150468
0.37350000 0.37349800 2232.18068344 0 78.70319204 0 -181.67470562 0 -3.47482770 0 278.32724343 0 150709
0.37450000 0.37449700 2203.03832452 0 31.97388455 0 -172.13921949 0 7.52438656 0 240.46653595 0 153108
0.37550000 0.37550100 2207.84371349 0 40.36847833 0 -169.75534796 0 3.37486675 0 181.86293515 0 153189
0.37650000 0.37649900 2180.46185421 0 31.02930452 0 -207.57730231 0 3.85852804 0 184.46382425 0 153547
0.37750000 0.37749900 2176.97407189 0 23.94822063 0 -183.49942475 0 2.04495874 0 195.40549563 0 155424
0.37850000 0.37850200 2185.96479965 0 34.58750682 0 -220.70022168 0 -23.28177740 0 149.50628033 0 155313
0.37950000 0.37949900 2195.59772224 0 15.26009951 0 -199.30295397 0 34.26995255 0 182.95355914 0 156100
0.38050000 0.38050000 2186.16410149 0 -2.43937710 0 -254.85391482 0 34.47778008 0 160.26636559 0 157557
0.38150000 0.38149800 2213.33558660 0 53.03654660 0 -281.63897578 0 71.15695979 0 176.58475791 0 157692
0.38250000 0.38250100 2180.98225348 0 44.79386512 0 -262.71194374 0 -25.64018258 0 177.35760618 0 159703
0.38350000 0.38350500 2175.73397151 0 52.52677677 0 -309.92544400 0 20.38038540 0 200.06362268 0 160338
0.38450000 0.38450600 2132.49654310 0 60.90642292 0 -293.49743567 0 -15.59359794 0 214.67798421 0 160167
0.38550000 0.38550000 2115.40087358 0 42.37843746 0 -303.32190948 0 -10.70404822 0 164.46388393 0 160033
0.38650000 0.38649600 2098.74809705 0 47.79601527 0 -249.41075993 0 -18.21629951 0 148.37468873 0 162444
0.38750000 0.38750200 2093.43338114 0 31.20502231 0 -268.58913375 0 -38.87714690 0 85.80575624 0 164307
0.38850000 0.38850400 2086.52425045 0 37.58832829 0 -267.94804615 0 -47.99265976 0 197.30772104 0 163882
0.38950000 0.38950500 2100.17642695 0 0.48213553 0 -248.21827055 0 17.08072188 0 135.51086176 0 164595
0.39050000 0.39050100 2119.32047656 0 21.44011761 0 -256.73399557 0 82.47320792 0 167.48441414 0 165006
0.39150000 0.39150100 2133.34911211 0 28.04176984 0 -327.94897434 0 71.01346246 0 178.74275401 0 166687
0.39250000 0.39250100 2102.22480704 0 30.00057482 0 -362.32079227 0 98.57037519 0 240.36688502 0 167256
0.39350000 0.39350100 2116.97314370 0 45.42089087 0 -410.22409837 0 58.95105035 0 213.69919070 0 167937
0.39450000 0.39449600 2081.47527033 0 50.08909374 0 -421.22556031 0 0.01385436 0 228.38773680 0 167719
0.39550000 0.39549700 2053.67266271 0 65.60883927 0 -437.11877535 0 -54.42512686 0 222.14405284 0 171636
0.39650000 0.39650400 2024.05419382 0 60.68962680 0 -403.21199506 0 -69.37431549 0 243.79487679 0 171093
0.39750000 0.39750000 2026.15793554 0 24.86799865 0 -402.60744613 0 -15.41920882 0 258.52881942 0 170464
0.39850000 0.39849800 2013.41368967 0 41.91816091 0 -462.27399011 0 2.18711632 0 174.69028313 0 172113
0.39950000 0.39949500 2021.26396797 0 35.61103253 0 -406.92786727 0 28.26576297 0 229.10190175 0 173232
