### header ###
fiducial parameters:
Omega_m = 0.31
Omega_nu = 0
Omega_de = 0.69
Omega_k = 0
H_0 = 100
w_de = -1
zeff = 0
beta = 0
fgrowth = 0
b_1 = 2
gamma = 0.55
Lx = 3500 Ly = 3500 Lz = 3500
nx = 700 ny = 700 nz = 700
xoffset = -685.467585 yoffset = -31.7331281 zoffset = 572.489161
bins = 400 dk = 0.001
kx_ny = 0.628318531 ky_ny = 0.628318531 kz_ny = 0.628318531
############################
A(data) = 7.97144687 (not used)
A(ran) = 7.96806494 (used)
Ngal = 473561
weighted Ngal = 0
Nran = 23820508
weighted Nran = 0
SN(data) = 3489.7335
SN(ran) = 69.4047353
SN(data+ran) = 3559.13824
############################
13 columns: k_central k_mean P_0(k) sigma^{lin}_{P_0(k)} P^img_1(k) sigma^{lin}_{P_1(k)} P_2(k) sigma^{lin}_{P_2(k)} P^img_3(k) sigma^{lin}_{P_3(k)} P_4(k) sigma^{lin}_{P_4(k)} N_modes
### header ###
0.00050000 0 0 0 0 0 0 0 0 0 0 0 0
0.00150000 0.00179520 93692.90538290 0 -63767.62237230 0 25319.41733254 0 136392.21881353 0 -211537.87289272 0 3
0.00250000 0.00253879 148975.91596992 0 -45254.69527552 0 24815.40510680 0 -9212.69464838 0 133558.81089244 0 6
0.00350000 0.00331552 134525.42484911 0 9788.90950427 0 20430.65375537 0 -109631.62768259 0 100960.00433113 0 7
0.00450000 0.00420575 115589.53494426 0 37158.38992163 0 -7615.50072097 0 -12477.62428463 0 70946.58561497 0 24
0.00550000 0.00557378 86621.45441423 0 4104.40008702 0 25016.36780226 0 23126.54340221 0 9801.22192947 0 45
0.00650000 0.00659388 101821.32047877 0 7936.78637023 0 28004.45610106 0 42410.32575286 0 33331.46229456 0 40
0.00750000 0.00754703 80763.86241542 0 2274.45481960 0 47779.84967366 0 35856.06307646 0 16510.82932307 0 57
0.00850000 0.00846663 84921.96327781 0 3244.25760581 0 38231.74108955 0 32558.28185248 0 43447.24897213 0 75
0.00950000 0.00948925 80575.19000051 0 4405.75555161 0 47107.31666418 0 33536.41102696 0 27119.55590156 0 112
0.01050000 0.01054430 79892.02755920 0 10781.14482057 0 55074.18654094 0 -1964.41865235 0 30858.90143931 0 105
0.01150000 0.01145670 79033.25804626 0 4617.77949957 0 44689.12092379 0 3722.21665126 0 30194.89411994 0 144
0.01250000 0.01249090 77224.26161739 0 1131.24835440 0 65236.80915249 0 -10031.73665987 0 15186.46855151 0 169
0.01350000 0.01339930 78619.81743754 0 6322.68500282 0 50644.81372049 0 -8477.12689370 0 -8856.39830804 0 180
0.01450000 0.01448870 77585.88374597 0 4197.02008413 0 61632.87814726 0 -10190.89025681 0 -16301.56238400 0 267
0.01550000 0.01550050 72761.45037599 0 3202.99105121 0 54142.45040745 0 9111.84791393 0 -8363.27017759 0 238
0.01650000 0.01653350 74955.43153880 0 281.31677113 0 49000.90565466 0 17346.01478414 0 -21751.58210623 0 315
0.01750000 0.01747870 78084.91342555 0 -1063.44586614 0 41972.41530628 0 25027.99374332 0 -23408.66623859 0 297
0.01850000 0.01844180 73159.94334621 0 -1954.69715116 0 31583.25292895 0 26596.05638413 0 -21207.37734139 0 388
0.01950000 0.01947590 76932.72730492 0 -2674.40933670 0 5255.57862609 0 27768.06196619 0 -24164.35240746 0 399
0.02050000 0.02045430 78165.18778048 0 -766.18605450 0 7377.88863036 0 -3086.13373508 0 -18645.68427135 0 462
0.02150000 0.02154770 75609.69521234 0 4996.24263419 0 8888.79593046 0 -14878.54719830 0 -13721.37853151 0 571
0.02250000 0.02255340 75413.71506305 0 6480.37705288 0 29144.24121790 0 -7637.53464735 0 -4075.80027202 0 510
0.02350000 0.02348930 67467.55043370 0 1320.91727854 0 24243.51952992 0 -9236.09047072 0 -6483.77625660 0 555
0.02450000 0.02439640 71575.93655766 0 2296.42231204 0 34620.72379645 0 4410.29520479 0 4936.03133183 0 592
0.02550000 0.02547300 69891.72522949 0 2884.70600198 0 36060.56891586 0 10073.60112000 0 -8090.72490218 0 837
0.02650000 0.02652900 68468.04570431 0 2913.68227603 0 43106.22136771 0 8834.43081560 0 7343.33190460 0 723
0.02750000 0.02749970 66542.34697185 0 -231.66293048 0 38198.41339185 0 -6157.58556744 0 -1686.08255106 0 826
0.02850000 0.02848090 65582.37641008 0 3993.04571632 0 44128.08622523 0 6115.28928664 0 9883.47823054 0 831
0.02950000 0.02946900 62648.98539587 0 2695.64605570 0 36404.58604798 0 734.29443732 0 -1372.33715500 0 996
0.03050000 0.03053250 64015.08883200 0 -3631.31286450 0 38013.28412088 0 1255.73450233 0 2958.64698712 0 1041
0.03150000 0.03150510 65182.99765387 0 -1868.94199544 0 30733.23055262 0 5383.96223237 0 -2394.25737413 0 1036
0.03250000 0.03246190 65068.06692225 0 4810.90298905 0 28588.18906550 0 11630.03781976 0 -253.62710123 0 1059
0.03350000 0.03345080 60927.46033307 0 851.09749907 0 25052.46358117 0 8750.28114698 0 4638.83906137 0 1302
0.03450000 0.03451200 60897.01143982 0 2668.23097945 0 24795.69636862 0 8230.23619490 0 4247.22200486 0 1339
0.03550000 0.03553350 55234.62452756 0 4413.63904688 0 24491.53960585 0 4599.56552524 0 7253.14781895 0 1365
0.03650000 0.03647120 53390.63955226 0 5084.69943717 0 24129.14241454 0 1639.44591892 0 7453.25794540 0 1308
0.03750000 0.03744890 50909.33156041 0 48.32084346 0 22572.04137529 0 -917.52812628 0 6545.39374422 0 1579
0.03850000 0.03847530 49450.22059580 0 -805.51384502 0 20814.53125683 0 671.10578682 0 5072.44237359 0 1662
0.03950000 0.03950240 51541.78275405 0 -342.27766989 0 23995.16728423 0 1016.05631591 0 4512.73635401 0 1683
0.04050000 0.04050350 52989.48922408 0 1177.85176956 0 20173.22220333 0 1011.24649801 0 633.55288996 0 1822
0.04150000 0.04152450 50439.97571134 0 2225.84731364 0 18929.68940295 0 4058.20634788 0 3289.44376340 0 1887
0.04250000 0.04250150 49298.97263878 0 43.39354820 0 19383.65472051 0 5471.84327445 0 5322.42225102 0 1920
0.04350000 0.04349210 48671.94688430 0 -739.25483884 0 14835.91874775 0 5015.40882845 0 -2858.60853238 0 2005
0.04450000 0.04448520 49605.78675951 0 863.84949556 0 17697.00748089 0 4006.11105961 0 -2268.91865719 0 2151
0.04550000 0.04548030 45674.11493965 0 3296.79578708 0 14228.71245470 0 -2814.09778661 0 -4606.39714965 0 2274
0.04650000 0.04648670 43087.17696902 0 3965.88530354 0 14147.99520677 0 -4784.20761391 0 491.84152630 0 2311
0.04750000 0.04749250 41061.16297371 0 2612.86935535 0 15476.56346176 0 -3161.46983314 0 -2559.30144788 0 2568
0.04850000 0.04851840 39135.68568775 0 1645.60213152 0 17277.47709351 0 -2687.09822094 0 -4294.06901117 0 2493
0.04950000 0.04949480 39532.73925574 0 738.57278363 0 18294.58085135 0 -1074.41743280 0 -10243.51701667 0 2644
0.05050000 0.05050630 37450.81002009 0 1096.36610229 0 17324.86664374 0 1258.50258354 0 -9157.97521913 0 2829
0.05150000 0.05149060 38066.20983351 0 773.14058172 0 16837.02001223 0 466.23677516 0 -8307.74246863 0 2784
0.05250000 0.05249300 36669.76822739 0 226.07140645 0 16603.39395855 0 1371.03062067 0 -9030.74313464 0 3055
0.05350000 0.05348950 37470.51875827 0 -192.66288077 0 16835.13771701 0 417.23287998 0 -6205.67267413 0 3009
0.05450000 0.05448610 37748.43411122 0 -608.18730103 0 15571.01039246 0 3807.04173169 0 -6045.41184471 0 3336
0.05550000 0.05550870 37291.14709621 0 -929.02562837 0 13406.48161367 0 4369.22795204 0 -4227.13680764 0 3349
0.05650000 0.05647670 37941.86762580 0 353.89475309 0 9816.99999233 0 5030.96544482 0 -4778.27284781 0 3324
0.05750000 0.05747970 37945.74293949 0 557.49930525 0 10446.88240662 0 2270.56843359 0 -5510.86214711 0 3639
0.05850000 0.05849280 36184.24678409 0 1600.11702117 0 6719.46176269 0 -1025.32938795 0 -4422.48583441 0 3846
0.05950000 0.05951020 33742.02409884 0 2693.09942099 0 6843.51608996 0 -1220.02625479 0 -67.23436727 0 3787
0.06050000 0.06049470 32583.41602982 0 1770.22114736 0 8272.18923363 0 -783.77333524 0 853.09494646 0 3930
0.06150000 0.06148310 31908.55783212 0 -306.12431489 0 10233.85087710 0 665.47661688 0 -2460.55845515 0 4083
0.06250000 0.06249100 32757.36225272 0 -157.76069848 0 11269.74437016 0 -182.22167847 0 -2075.25262378 0 4303
0.06350000 0.06350600 32716.39465089 0 638.85099739 0 12087.10338828 0 -1193.30873500 0 -3420.20791951 0 4470
0.06450000 0.06451750 31566.86588822 0 850.87826704 0 11939.39857519 0 -497.99330997 0 -5.02670260 0 4479
0.06550000 0.06550280 31856.96079846 0 809.19539302 0 14178.44410002 0 718.41783077 0 770.91282996 0 4636
0.06650000 0.06648880 31127.73748591 0 122.24732386 0 13393.74844012 0 1756.89006827 0 654.30131944 0 4653
0.06750000 0.06749660 30919.90994906 0 357.34046057 0 12908.78061307 0 2688.36046597 0 -214.70123609 0 5220
0.06850000 0.06852730 30161.23425249 0 1096.60415727 0 12090.20363922 0 435.10029054 0 -345.84738741 0 5029
0.06950000 0.06949320 29275.22682050 0 762.10811727 0 12012.03302600 0 46.10117451 0 3368.47801795 0 5040
0.07050000 0.07048030 29310.21536693 0 232.17668635 0 11271.18377239 0 1544.12427456 0 -457.14528925 0 5475
0.07150000 0.07148790 28469.93663644 0 -269.93220675 0 10644.49018765 0 -949.34002272 0 1254.23973848 0 5509
0.07250000 0.07249820 29411.97003201 0 395.56323308 0 12621.78595377 0 133.91091082 0 -628.57366549 0 5916
0.07350000 0.07351270 28789.92682370 0 515.52190739 0 12120.76325572 0 287.67892897 0 -505.55127889 0 5721
0.07450000 0.07449140 28077.86561461 0 1009.40184870 0 11055.15164285 0 -262.63554470 0 -189.53273455 0 6028
0.07550000 0.07549160 27416.51565319 0 472.77609020 0 11154.37074555 0 1726.15329458 0 -1692.60415038 0 6183
0.07650000 0.07648840 26788.27194298 0 -368.76709978 0 9995.12048169 0 1626.08162287 0 -1421.77508531 0 6330
0.07750000 0.07749960 26606.46436946 0 364.05804004 0 9280.53478254 0 1494.59776564 0 -3045.49830299 0 6583
0.07850000 0.07848650 26870.87148613 0 714.20591840 0 8478.20090921 0 775.64624882 0 -2181.01547045 0 6549
0.07950000 0.07947320 25436.23035938 0 769.12132781 0 7520.27872753 0 451.68552588 0 -2825.22547305 0 6828
0.08050000 0.08048110 25024.33987613 0 1402.58674640 0 8022.30900713 0 -878.47271495 0 -1413.44869705 0 7147
0.08150000 0.08149960 24080.75635508 0 627.48747042 0 8574.99517278 0 -629.91009510 0 -1393.59601865 0 7386
0.08250000 0.08250610 23344.00386165 0 270.37620698 0 8445.62612959 0 1145.35449622 0 72.32896537 0 7227
0.08350000 0.08350160 23915.11437579 0 111.18385690 0 9500.36471949 0 583.04980200 0 -261.25593303 0 7798
0.08450000 0.08449610 23979.55530624 0 93.12434150 0 8976.86520207 0 248.64234059 0 265.00170051 0 7371
0.08550000 0.08548940 23711.71576888 0 288.04431569 0 10140.21222611 0 91.54044544 0 1516.98600643 0 8256
0.08650000 0.08650700 23329.05622314 0 364.50646919 0 9756.41223092 0 791.92478077 0 2798.06506027 0 8037
0.08750000 0.08749060 23117.79626560 0 423.77551671 0 10170.56146844 0 885.06849884 0 2428.62587037 0 8155
0.08850000 0.08849210 22612.56608413 0 862.77548005 0 10156.18959083 0 1815.70625771 0 2864.87546823 0 8718
0.08950000 0.08949900 21349.98888506 0 1561.54104150 0 9248.04858153 0 754.30102104 0 4313.98812352 0 8571
0.09050000 0.09049190 20920.05051235 0 258.32287418 0 8428.37544753 0 1163.87849564 0 3623.96084082 0 8932
0.09150000 0.09150830 19924.42706466 0 -281.22487084 0 8311.23025095 0 1582.01377009 0 4301.57604739 0 9285
0.09250000 0.09250820 20653.42893072 0 200.58070025 0 7483.21965636 0 463.23506790 0 3038.82169113 0 9204
0.09350000 0.09350330 19955.09740441 0 559.57315168 0 7493.31761659 0 473.68069914 0 4028.67645759 0 9349
0.09450000 0.09448040 19572.88075167 0 865.00323181 0 7646.24856699 0 -485.94883504 0 3895.37673910 0 9564
0.09550000 0.09549270 18724.18705432 0 694.86588864 0 6964.93520392 0 252.79778410 0 3916.63560275 0 10155
0.09650000 0.09649430 18644.35559237 0 90.61823150 0 7827.59110287 0 170.95780243 0 3544.95980324 0 9913
0.09750000 0.09749140 18242.76237120 0 160.99049563 0 7264.04298657 0 154.46225292 0 1706.63278592 0 10476
0.09850000 0.09850240 17976.25151282 0 417.01364795 0 7541.08362586 0 332.19299644 0 1319.85433536 0 10575
0.09950000 0.09950330 17414.33102827 0 714.29892593 0 6705.58813969 0 -476.79645134 0 972.98497237 0 10882
0.10050000 0.10051200 17040.97223539 0 114.64285117 0 6175.81061410 0 -208.93698379 0 318.13446562 0 10875
0.10150000 0.10150300 16872.67289814 0 106.76511351 0 6527.75553078 0 36.60809538 0 -39.32446883 0 11118
0.10250000 0.10250800 17024.03157841 0 303.03070733 0 7022.99847527 0 -293.81964032 0 -436.07686959 0 11575
0.10350000 0.10349800 16983.50686958 0 0.18910977 0 6978.18877673 0 216.15171064 0 -18.40929014 0 11364
0.10450000 0.10450100 16820.96514124 0 -5.15189738 0 7011.08465377 0 -275.47058363 0 -693.66454140 0 12093
0.10550000 0.10551000 16928.47741523 0 226.98708771 0 7289.09965764 0 213.25297601 0 -547.99260716 0 12067
0.10650000 0.10649700 16686.87928769 0 549.70438857 0 7527.95184862 0 -111.33111882 0 -726.78850833 0 12054
0.10750000 0.10749900 16107.46452993 0 357.51872500 0 6933.35693354 0 340.04438197 0 -475.84090971 0 12807
0.10850000 0.10850100 15736.76309500 0 327.17723330 0 6504.19362357 0 1013.59825980 0 -50.58934137 0 12736
0.10950000 0.10950300 15713.40048963 0 131.58904431 0 5833.11108863 0 1238.62776049 0 -726.53605932 0 12933
0.11050000 0.11050200 15372.15143872 0 42.45428288 0 5316.12209820 0 1169.11570528 0 -261.10534941 0 13428
0.11150000 0.11150900 15332.62323912 0 144.60013320 0 5118.08249650 0 664.21437185 0 -653.64915951 0 13453
0.11250000 0.11250000 15290.43768156 0 231.72493550 0 4953.38166482 0 65.59588465 0 154.60730037 0 13668
0.11350000 0.11349100 14972.32978952 0 555.94475084 0 5487.13415503 0 -492.82031982 0 -1.97220250 0 13791
0.11450000 0.11448600 14507.73504013 0 709.39277881 0 5841.72535734 0 -432.86921709 0 1313.79777368 0 14205
0.11550000 0.11549300 14328.58482456 0 227.42223008 0 6046.96197018 0 -50.24277761 0 1125.87827686 0 14776
0.11650000 0.11649800 13961.20508708 0 -101.61980417 0 6262.00866281 0 228.19507835 0 1145.97454641 0 14553
0.11750000 0.11747300 14215.86855791 0 33.71600414 0 6528.71882304 0 727.12178531 0 972.18222882 0 14568
0.11850000 0.11849100 14085.10440180 0 -74.37645967 0 5817.48803832 0 1063.33292842 0 1271.33540800 0 16015
0.11950000 0.11950300 14236.02018908 0 -154.83981919 0 5195.07944328 0 680.49511826 0 1342.19828684 0 15270
0.12050000 0.12050700 14482.60086279 0 -178.00865888 0 5108.42742925 0 558.14814348 0 1942.94941453 0 15999
0.12150000 0.12150000 14639.49570547 0 -231.41158871 0 5225.30689004 0 366.06877422 0 1824.94057661 0 15670
0.12250000 0.12250700 14311.86561409 0 450.87613894 0 5158.89508578 0 -17.03820415 0 1729.37534110 0 16887
0.12350000 0.12352200 14221.62616681 0 584.33972784 0 5345.14266155 0 -147.47118703 0 2116.86242045 0 16407
0.12450000 0.12449800 13775.30075337 0 445.70204155 0 5558.97139845 0 -282.94218842 0 2199.36231268 0 16306
0.12550000 0.12549900 13412.68211556 0 341.09403836 0 5536.08490305 0 366.15292389 0 2667.03516837 0 17523
0.12650000 0.12650100 12984.51531483 0 151.19923879 0 5015.70778122 0 729.64627536 0 1999.00859508 0 17154
0.12750000 0.12750600 12785.76708433 0 303.79912668 0 4508.99390822 0 782.91190837 0 2038.71395188 0 18007
0.12850000 0.12850300 12631.19742986 0 197.19367609 0 4007.65011276 0 448.71149944 0 1228.08690726 0 17496
0.12950000 0.12949900 12252.08102807 0 323.01403917 0 3946.29836094 0 -52.12263691 0 822.66709063 0 18405
0.13050000 0.13049000 12145.45454007 0 339.73103518 0 3687.15059856 0 -677.35500694 0 715.41390904 0 18100
0.13150000 0.13148800 11834.76510566 0 60.31095329 0 3866.27866947 0 -423.39573597 0 688.24242394 0 19059
0.13250000 0.13249300 11953.68187421 0 -150.61683451 0 3899.79459670 0 160.04270463 0 224.68404415 0 18957
0.13350000 0.13349100 12044.58566097 0 -20.11265659 0 3974.72101875 0 217.12939693 0 339.59595282 0 19468
0.13450000 0.13450700 12077.24901919 0 -84.23027515 0 3984.67503876 0 444.59370184 0 53.58983068 0 19953
0.13550000 0.13551000 12055.43653929 0 66.77741243 0 3532.87989686 0 451.04222381 0 646.08011826 0 19956
0.13650000 0.13649900 12264.37130862 0 -28.49185984 0 3678.70241472 0 628.96119686 0 828.98717364 0 19723
0.13750000 0.13749600 12266.36432709 0 -150.40867480 0 3280.72984376 0 636.83251257 0 759.70763725 0 20946
0.13850000 0.13851100 12256.50995800 0 89.59027687 0 3467.27637231 0 -174.51755486 0 628.11305678 0 20955
0.13950000 0.13949800 12144.34730759 0 493.05505310 0 3317.12457544 0 -233.42232290 0 738.48309780 0 20506
0.14050000 0.14048300 11695.80742918 0 493.14473894 0 3465.28335384 0 -318.70579758 0 765.18068740 0 21447
0.14150000 0.14148400 11391.53994317 0 215.54273278 0 3385.07543286 0 94.76559221 0 733.46401296 0 21771
0.14250000 0.14249400 11312.26209747 0 -24.92945005 0 3210.35414722 0 453.37184095 0 474.54766217 0 22470
0.14350000 0.14350900 11204.08548399 0 63.39160622 0 2946.57815306 0 209.29019095 0 119.25890339 0 22519
0.14450000 0.14449900 11308.49750703 0 82.02389298 0 3019.29011015 0 157.52928689 0 -18.48934304 0 22218
0.14550000 0.14550500 11024.28200126 0 123.53946416 0 2906.66242209 0 -102.26543143 0 141.56963790 0 23559
0.14650000 0.14650700 10829.99591767 0 372.82178513 0 2834.54837055 0 -88.14024521 0 331.83203865 0 23044
0.14750000 0.14750500 10563.85044600 0 370.35265670 0 2980.66984118 0 63.70938194 0 231.63414244 0 23649
0.14850000 0.14849900 10236.07641439 0 229.53593689 0 3081.66051585 0 388.27764335 0 733.36325481 0 23640
0.14950000 0.14949500 10009.11590026 0 147.60516216 0 2561.99202281 0 631.36278411 0 481.77013965 0 24457
0.15050000 0.15050000 10055.89647262 0 48.81112601 0 2553.00129506 0 555.57825689 0 571.46482854 0 24591
0.15150000 0.15149900 9905.61180786 0 23.63099852 0 2236.08921410 0 155.57059263 0 267.28813559 0 25020
0.15250000 0.15250500 9829.02453709 0 219.87976241 0 2364.99321964 0 -326.69005101 0 57.63754046 0 25297
0.15350000 0.15350100 9679.03882509 0 361.69409869 0 2475.94898665 0 -526.11147885 0 190.11181714 0 25452
0.15450000 0.15450400 9340.02638379 0 200.05808652 0 2409.68112261 0 -427.44377793 0 -286.15094815 0 26061
0.15550000 0.15549900 9364.34120910 0 -1.43320172 0 2591.62156403 0 -84.09895737 0 -441.87766056 0 26128
0.15650000 0.15649500 9401.98711348 0 -26.34250015 0 2560.71870546 0 -80.02533835 0 -677.47790975 0 26331
0.15750000 0.15749700 9507.48422435 0 31.72243205 0 2498.44795068 0 65.03750731 0 -560.14448365 0 27345
0.15850000 0.15849900 9390.90371634 0 33.08233499 0 2589.80570276 0 218.02957693 0 -500.77799967 0 26980
0.15950000 0.15949700 9380.98291330 0 128.65819993 0 2504.73703117 0 170.68653047 0 -596.41852698 0 27777
0.16050000 0.16050000 9329.66268776 0 187.40684818 0 2797.04640639 0 -44.60497126 0 -319.99683065 0 28224
0.16150000 0.16150500 8960.72175248 0 395.77582171 0 2870.54449853 0 -151.18816647 0 -183.23701066 0 28075
0.16250000 0.16249700 8899.68002576 0 221.88496044 0 2895.42401240 0 -45.01486872 0 287.78411606 0 28590
0.16350000 0.16349900 8678.58784378 0 34.41655013 0 2931.25405551 0 -3.59210576 0 105.87932752 0 29163
0.16450000 0.16449100 8826.34801848 0 -52.63517483 0 2766.53107919 0 321.75622307 0 -85.71629186 0 28996
0.16550000 0.16550500 8771.62858923 0 -85.93917776 0 2724.35659395 0 137.14292244 0 -125.66867223 0 30777
0.16650000 0.16650700 8813.67020657 0 66.19578321 0 2530.65734358 0 276.62321264 0 -210.98647112 0 29211
0.16750000 0.16749900 8776.20145938 0 138.47603034 0 2355.98034724 0 332.28489674 0 -155.85847308 0 30922
0.16850000 0.16850800 8556.58189660 0 188.72888377 0 2248.54557952 0 334.95775595 0 -36.11570909 0 30867
0.16950000 0.16949900 8428.41973683 0 147.49997507 0 2300.87338661 0 270.72055628 0 -101.73285260 0 30852
0.17050000 0.17049200 8423.32646741 0 70.65494058 0 2175.47930804 0 84.30911010 0 278.26080948 0 31257
0.17150000 0.17149500 8295.25288623 0 76.17338727 0 2231.80422440 0 183.65333007 0 777.94818515 0 32608
0.17250000 0.17250900 8258.42633389 0 61.26804504 0 2160.15521049 0 204.80368494 0 729.19452451 0 32361
0.17350000 0.17350400 8137.50547454 0 109.39711584 0 2219.64681174 0 127.50003475 0 779.18053491 0 32508
0.17450000 0.17449800 8208.91089730 0 139.38617544 0 1975.85636389 0 174.91394409 0 511.68977577 0 32791
0.17550000 0.17549800 7938.75724405 0 54.89237897 0 1847.25131112 0 -34.05581378 0 757.47656380 0 33633
0.17650000 0.17650100 8071.81337139 0 29.63950631 0 1795.22245680 0 -29.49401596 0 167.64496285 0 33984
0.17750000 0.17750300 8005.33513318 0 -25.45649271 0 1626.85668560 0 -70.35953095 0 -16.22604913 0 34069
0.17850000 0.17849800 7895.82984072 0 177.00661348 0 1721.10431446 0 -222.65005808 0 -194.92606397 0 34536
0.17950000 0.17950400 7815.85443856 0 272.96380929 0 1756.95650222 0 -159.14584632 0 -58.54037783 0 35343
0.18050000 0.18050100 7653.11340837 0 142.23397739 0 1980.59531891 0 -115.24850734 0 -205.39051815 0 34990
0.18150000 0.18150500 7479.73187404 0 151.11730359 0 1891.57382737 0 219.40918861 0 266.67029986 0 36243
0.18250000 0.18250200 7484.45975674 0 135.83085195 0 1979.46594178 0 218.97626071 0 358.11773777 0 35694
0.18350000 0.18350400 7382.59436841 0 -22.52786280 0 1818.06466290 0 360.29898576 0 521.29723202 0 37087
0.18450000 0.18450600 7433.21703748 0 -40.12953756 0 1902.92296031 0 359.39105513 0 646.31928048 0 36651
0.18550000 0.18550700 7416.59747792 0 69.48592452 0 1546.57125834 0 197.23353646 0 424.64690868 0 37818
0.18650000 0.18651000 7329.62436647 0 76.17781620 0 1530.46102573 0 252.92622306 0 588.22389939 0 37267
0.18750000 0.18750100 7260.15660056 0 62.95280999 0 1467.66987169 0 13.81792920 0 510.23044336 0 38334
0.18850000 0.18850000 7169.08672893 0 169.73431054 0 1441.90457183 0 23.16164267 0 434.66071924 0 38223
0.18950000 0.18949500 7126.91224369 0 191.87342401 0 1568.85984820 0 -138.15050399 0 647.72768019 0 39064
0.19050000 0.19050000 6956.19913964 0 142.20961827 0 1573.69845415 0 -123.74762387 0 689.67407554 0 39609
0.19150000 0.19149800 6856.73644579 0 84.61858158 0 1530.73783385 0 -1.21276281 0 751.92600736 0 39576
0.19250000 0.19250400 6835.15648472 0 70.95522203 0 1624.73079924 0 71.15563111 0 556.51276110 0 40909
0.19350000 0.19350500 6839.14252166 0 29.09042972 0 1542.66272768 0 112.22797713 0 649.46271349 0 40191
0.19450000 0.19450100 6818.28226170 0 58.15627888 0 1621.57518667 0 25.53278103 0 468.68929511 0 41232
0.19550000 0.19549800 6766.54128782 0 57.51751646 0 1535.48786120 0 -20.50395255 0 524.25686444 0 40873
0.19650000 0.19649700 6694.23900676 0 92.93854789 0 1444.92731651 0 22.53140594 0 404.41444954 0 42816
0.19750000 0.19750200 6671.21964346 0 17.97193331 0 1393.97247769 0 108.08570969 0 443.88175135 0 41727
0.19850000 0.19849000 6628.32545711 0 108.22012771 0 1524.61483823 0 -24.23023274 0 307.55153756 0 42610
0.19950000 0.19949900 6556.47714136 0 154.73352488 0 1541.79908635 0 -79.84685247 0 350.21984848 0 43863
0.20050000 0.20050100 6418.56026342 0 181.20745352 0 1486.44853458 0 -20.34916144 0 559.42699700 0 43302
0.20150000 0.20150100 6353.80930788 0 101.95175247 0 1579.63322025 0 -76.73132172 0 453.17143188 0 44487
0.20250000 0.20249700 6309.22105584 0 73.22837031 0 1767.67451265 0 43.96443726 0 619.50986039 0 43759
0.20350000 0.20349100 6218.73801742 0 102.63148249 0 1785.16878586 0 -1.18173816 0 495.19976242 0 45282
0.20450000 0.20449700 6145.37279317 0 120.40267454 0 1735.34332418 0 5.99389232 0 712.37566311 0 45483
0.20550000 0.20549900 6105.54564080 0 83.07111346 0 1775.40299537 0 168.15871872 0 754.92550016 0 46138
0.20650000 0.20650200 6050.66012667 0 53.12700750 0 1599.96200862 0 174.80100638 0 791.94913989 0 46227
0.20750000 0.20749300 6052.94102558 0 -16.05055278 0 1593.67292812 0 103.89893151 0 825.82713213 0 46236
0.20850000 0.20850300 6071.97435195 0 -0.08034400 0 1609.06345962 0 159.62527798 0 830.06672531 0 48361
0.20950000 0.20950400 6054.23648759 0 76.77583246 0 1613.45917257 0 98.96333200 0 741.20799694 0 46812
0.21050000 0.21050300 5919.82953661 0 132.95979812 0 1445.38128183 0 -112.23683499 0 639.46218972 0 48813
0.21150000 0.21149700 5937.35702680 0 62.68751709 0 1529.70810764 0 -37.51657963 0 695.13494614 0 47215
0.21250000 0.21249000 5928.38844370 0 -13.19643961 0 1523.59618435 0 -15.67730471 0 599.10799468 0 50004
0.21350000 0.21350300 5876.78033772 0 19.72479305 0 1440.67554378 0 228.77305371 0 413.73402534 0 49509
0.21450000 0.21449800 5948.13039885 0 -13.54056747 0 1365.35051804 0 7.84803061 0 368.38399734 0 49660
0.21550000 0.21550100 5936.61518104 0 77.65276059 0 1334.70232294 0 -41.34151424 0 205.46359550 0 50841
0.21650000 0.21649800 5798.89760494 0 119.95535262 0 1333.90511555 0 19.53789221 0 447.90875589 0 50424
0.21750000 0.21750300 5704.05207055 0 141.76561805 0 1247.45240337 0 112.57343366 0 412.32008946 0 52231
0.21850000 0.21850300 5632.12624853 0 62.36276580 0 1215.88520531 0 236.34652388 0 448.58970387 0 51078
0.21950000 0.21950100 5557.66486412 0 15.71760797 0 1116.75468121 0 227.66360676 0 357.83871519 0 52791
0.22050000 0.22050700 5662.05474251 0 -88.90102465 0 953.96050387 0 208.43430025 0 349.40824707 0 52969
0.22150000 0.22150000 5692.95760108 0 -79.88173030 0 874.82106222 0 -36.26042438 0 195.29809408 0 52704
0.22250000 0.22250100 5769.04661723 0 18.58921541 0 857.90365713 0 -66.37371546 0 178.29211039 0 54051
0.22350000 0.22349900 5693.81017009 0 153.90531498 0 862.79873194 0 -162.94143926 0 167.58960122 0 53938
0.22450000 0.22449800 5561.58446711 0 234.67681730 0 929.03780793 0 -169.25155718 0 207.15655396 0 54735
0.22550000 0.22549100 5491.56308495 0 157.96553649 0 1032.46439406 0 52.79827017 0 353.34002961 0 54774
0.22650000 0.22649900 5321.69147759 0 147.70813478 0 995.03550724 0 122.40676534 0 267.86832541 0 56911
0.22750000 0.22749800 5289.40457841 0 21.44808968 0 1026.06791201 0 122.38351345 0 422.93844896 0 54879
0.22850000 0.22849100 5302.07131801 0 -58.08353370 0 976.17601638 0 173.61848209 0 411.90598451 0 57210
0.22950000 0.22949800 5323.33018166 0 54.15108682 0 983.59890294 0 129.47312303 0 552.48022041 0 57375
0.23050000 0.23049600 5318.41406944 0 57.73829862 0 977.09612657 0 -28.37936502 0 387.10176245 0 57604
0.23150000 0.23150100 5214.12384197 0 89.13022177 0 913.14791458 0 -47.56216777 0 558.73276223 0 58629
0.23250000 0.23250200 5219.29461766 0 40.28122841 0 982.98106721 0 -170.40086449 0 511.27345636 0 58560
0.23350000 0.23350400 5121.99102716 0 96.18340340 0 937.58010653 0 -20.59242042 0 368.94204251 0 59305
0.23450000 0.23449700 5086.40457519 0 153.20000789 0 1046.48417175 0 -61.63121730 0 384.75996575 0 59196
0.23550000 0.23549300 5030.72185368 0 97.75035881 0 935.77088865 0 -32.83376129 0 325.87512790 0 60063
0.23650000 0.23649900 4978.77050563 0 67.82729027 0 985.03387624 0 -35.20257447 0 122.71125427 0 61537
0.23750000 0.23750400 4974.46337127 0 49.38445099 0 919.07382283 0 122.83304984 0 179.56432051 0 61224
0.23850000 0.23850100 4896.64707245 0 -6.09821576 0 901.34924526 0 69.66895005 0 223.59120569 0 61221
0.23950000 0.23949400 4912.12618254 0 18.53972212 0 925.06837948 0 154.47000354 0 202.77191333 0 62332
0.24050000 0.24050100 4910.81964822 0 67.34763716 0 903.97117177 0 63.13240310 0 245.32064315 0 63447
0.24150000 0.24150500 4795.08063689 0 159.25103340 0 959.08366856 0 39.00536442 0 545.93869090 0 63342
0.24250000 0.24250300 4746.17417816 0 148.09788061 0 878.88460543 0 50.88220436 0 542.25382120 0 63379
0.24350000 0.24349600 4617.55805307 0 44.95751408 0 947.17427598 0 117.23709688 0 698.15658358 0 64266
0.24450000 0.24449500 4718.95840376 0 -43.11297549 0 924.79489306 0 195.20840825 0 640.61703319 0 64695
0.24550000 0.24549600 4709.63550626 0 -79.94041362 0 804.30031822 0 95.40424391 0 734.48709577 0 65947
0.24650000 0.24650000 4814.61221787 0 -21.86518416 0 710.21102361 0 74.14338724 0 526.67173849 0 66018
0.24750000 0.24750000 4833.77841213 0 -1.90189323 0 721.91004201 0 -38.52593276 0 452.64660368 0 66303
0.24850000 0.24849600 4785.73559474 0 76.54973559 0 649.09179061 0 -61.85155656 0 548.71673720 0 66958
0.24950000 0.24949200 4737.71492200 0 90.79693883 0 593.21419618 0 39.01566169 0 467.79243680 0 66975
0.25050000 0.25048900 4718.84768051 0 63.57286018 0 642.68866517 0 -58.29113979 0 454.29527284 0 68676
0.25150000 0.25150000 4648.85951533 0 99.27535011 0 619.50986039 0 100.21339747 0 252.90297118 0 69349
0.25250000 0.25249900 4601.07136141 0 111.97220643 0 612.75352779 0 -48.05787575 0 290.28313977 0 68592
0.25350000 0.25349900 4508.46243663 0 112.05414163 0 574.81863573 0 -89.68284150 0 245.74582042 0 70437
0.25450000 0.25450100 4466.63119347 0 73.08121912 0 713.28137928 0 -73.48923429 0 321.58017310 0 70099
0.25550000 0.25550100 4380.39992778 0 94.28272813 0 597.61987423 0 -76.97391635 0 188.75877904 0 71064
0.25650000 0.25650300 4353.08450245 0 79.18849204 0 690.22769178 0 76.57110518 0 134.89081157 0 71409
0.25750000 0.25750600 4310.50034120 0 20.45523432 0 578.49686203 0 88.74922307 0 45.83488510 0 72612
0.25850000 0.25850600 4321.17406232 0 2.34638064 0 549.03672739 0 14.21575783 0 90.14754698 0 71845
0.25950000 0.25949600 4295.09873738 0 51.68240128 0 457.29476564 0 122.96038158 0 112.30659064 0 72816
0.26050000 0.26049800 4304.56557510 0 1.31953324 0 498.88906105 0 88.13028012 0 145.24786420 0 73743
0.26150000 0.26149900 4327.71780629 0 6.85853016 0 432.18051848 0 40.09056298 0 153.39155911 0 74662
0.26250000 0.26250300 4274.82531063 0 59.62657289 0 412.22818916 0 35.29170668 0 207.33038946 0 74931
0.26350000 0.26350100 4273.26411283 0 87.17008811 0 485.42511407 0 27.83139566 0 232.23869137 0 75087
0.26450000 0.26450200 4166.17258719 0 110.10519102 0 454.23880399 0 1.55114413 0 399.07205281 0 76678
0.26550000 0.26550600 4160.14924249 0 79.79735918 0 477.63905526 0 59.45074437 0 346.93911863 0 76035
0.26650000 0.26650100 4089.23100202 0 49.51122911 0 488.56854709 0 -36.86585910 0 325.53742199 0 77094
0.26750000 0.26750600 4094.23569284 0 38.66754779 0 456.66253589 0 -29.16184621 0 337.47228092 0 78463
0.26850000 0.26850100 4054.90679508 0 32.89355185 0 421.63412909 0 -47.15647779 0 266.71237470 0 77076
0.26950000 0.26949700 4128.10593446 0 49.06457152 0 448.82222269 0 1.79020669 0 271.24870617 0 79149
0.27050000 0.27049900 4005.86746846 0 62.56882176 0 405.47517825 0 67.04104448 0 249.00994178 0 79648
0.27150000 0.27150200 4012.37799546 0 51.32432229 0 388.32082541 0 23.37323480 0 214.42885690 0 80241
0.27250000 0.27250500 3951.34734106 0 107.68533443 0 491.43849368 0 69.99015820 0 228.13750226 0 80835
0.27350000 0.27350000 3884.85803052 0 55.87670864 0 435.46567726 0 56.43608249 0 222.00786324 0 80680
0.27450000 0.27450400 3880.14122015 0 29.54240202 0 433.84801060 0 33.48813569 0 340.22486086 0 82617
0.27550000 0.27550800 3851.87357489 0 0.76742062 0 377.83090488 0 113.46364858 0 388.55445147 0 82548
0.27650000 0.27649900 3860.50998824 0 -4.93339612 0 343.19888731 0 115.40351989 0 334.67873336 0 81181
0.27750000 0.27748900 3844.96444420 0 83.40062585 0 253.55623835 0 99.62390690 0 420.92771477 0 84096
0.27850000 0.27849800 3804.97120695 0 63.32827252 0 182.01462600 0 57.85167922 0 320.36443184 0 85215
0.27950000 0.27950200 3741.75930456 0 41.88693696 0 129.73775160 0 -6.30393956 0 429.32164422 0 84514
0.28050000 0.28050300 3755.12360062 0 49.91791560 0 182.30029198 0 -98.05052954 0 267.94250998 0 85815
0.28150000 0.28150100 3718.37455455 0 28.86090043 0 221.66794287 0 -80.11557780 0 196.80171579 0 85485
0.28250000 0.28250000 3702.25324961 0 85.72326742 0 210.55797215 0 -99.97279585 0 159.08716299 0 87220
0.28350000 0.28350400 3739.43411635 0 18.04633933 0 253.83636816 0 -37.97962425 0 155.72671241 0 87147
0.28450000 0.28449700 3677.30730179 0 4.49090173 0 212.02394795 0 11.89743446 0 4.39757310 0 87102
0.28550000 0.28549800 3728.40608083 0 57.64684121 0 208.01023021 0 -31.90833639 0 -92.21829316 0 88971
0.28650000 0.28649900 3643.75815759 0 89.63157664 0 211.51351378 0 3.83430180 0 -1.58248988 0 89434
0.28750000 0.28750100 3588.18615933 0 106.16344338 0 172.31305499 0 -30.27151461 0 -41.02993902 0 89619
0.28850000 0.28849900 3491.91229503 0 96.16247671 0 83.47857501 0 163.38876119 0 62.73247073 0 90240
0.28950000 0.28950100 3475.21522920 0 16.49510662 0 85.61686238 0 96.03459136 0 19.95443306 0 91333
0.29050000 0.29050500 3465.90340403 0 20.83091830 0 74.86497065 0 107.04435754 0 41.78651097 0 92139
0.29150000 0.29150600 3450.42429394 0 48.89926171 0 109.83768365 0 -123.47081575 0 -14.69441444 0 92370
0.29250000 0.29250200 3502.09883386 0 61.49989953 0 150.02667960 0 -124.16947945 0 148.40569124 0 91819
0.29350000 0.29349600 3460.51118185 0 8.56763208 0 269.82259074 0 -110.23230130 0 230.54351844 0 93552
0.29450000 0.29450000 3497.50381906 0 33.53718609 0 235.92688277 0 8.05717576 0 254.58596456 0 94701
0.29550000 0.29550200 3471.64994061 0 45.37593723 0 239.61175247 0 106.46715725 0 248.66116354 0 95020
0.29650000 0.29650300 3445.19815662 0 48.89018241 0 243.94767487 0 63.88000647 0 143.59476611 0 95151
0.29750000 0.29749800 3401.39603964 0 75.31539282 0 204.03637283 0 97.02013899 0 204.16038287 0 95802
0.29850000 0.29850000 3334.86243980 0 57.92298499 0 87.55307982 0 89.44456507 0 191.47814202 0 97399
0.29950000 0.29950700 3319.92587362 0 22.78307989 0 35.24752810 0 121.45675987 0 288.97771267 0 97881
0.30050000 0.30050300 3333.69984570 0 2.97063831 0 -34.30527326 0 67.97565942 0 152.40612220 0 97188
0.30150000 0.30149700 3322.64966553 0 33.38161993 0 -45.30418857 0 -13.95987641 0 148.07905766 0 98263
0.30250000 0.30249700 3274.51826954 0 86.23159786 0 -44.38961454 0 -119.44270398 0 80.89839116 0 100050
0.30350000 0.30350600 3253.09332102 0 88.32537448 0 43.96687318 0 -141.77226144 0 91.47722246 0 100779
0.30450000 0.30450500 3237.71386184 0 52.68234293 0 159.48576669 0 -128.95161654 0 146.72823403 0 99982
0.30550000 0.30550300 3184.87672781 0 37.54204598 0 135.81977962 0 -44.91577141 0 29.83991539 0 101559
0.30650000 0.30649700 3215.87923730 0 43.46374674 0 177.76617496 0 19.72457160 0 130.86602150 0 100935
0.30750000 0.30749800 3194.34356553 0 14.72973515 0 129.91601603 0 86.09441175 0 -6.84373754 0 103762
0.30850000 0.30850200 3213.14437307 0 32.31302986 0 147.78896275 0 87.78869890 0 91.06688211 0 102951
0.30950000 0.30950100 3184.05737577 0 30.60423797 0 -4.79387375 0 90.46011871 0 99.11579791 0 104394
0.31050000 0.31050000 3142.15969866 0 41.11276001 0 -7.05735590 0 107.66706509 0 140.16123818 0 103963
0.31150000 0.31149700 3186.83652930 0 48.05898298 0 -59.97070075 0 58.16635469 0 116.86838846 0 105936
0.31250000 0.31250000 3104.10411826 0 63.90281546 0 -26.80321958 0 -73.70348377 0 200.63716911 0 105717
0.31350000 0.31349800 3092.15707978 0 66.36175735 0 -26.95978225 0 -74.79023245 0 229.03657504 0 106776
0.31450000 0.31450400 3070.17851501 0 61.70673055 0 10.49168103 0 -48.68501223 0 250.54456600 0 108733
0.31550000 0.31549900 3032.83156340 0 78.94755825 0 72.90993025 0 -25.41220341 0 199.44800142 0 105891
0.31650000 0.31650000 2971.14764184 0 57.96118451 0 71.83602547 0 -5.30364359 0 283.91544577 0 111072
0.31750000 0.31750600 2985.85168919 0 16.54459991 0 88.41284585 0 72.59835503 0 259.35924378 0 108121
0.31850000 0.31849900 2983.83652608 0 16.89426393 0 59.45572692 0 85.83720165 0 265.15006966 0 110484
0.31950000 0.31950100 2987.25787445 0 10.65814236 0 41.88195441 0 110.92476450 0 281.71648206 0 110817
0.32050000 0.32049800 2994.39952395 0 7.02752706 0 33.83492090 0 42.86573047 0 448.74914534 0 111088
0.32150000 0.32149900 2976.60629797 0 62.94384141 0 9.86008241 0 66.76501142 0 411.55388458 0 112635
0.32250000 0.32250100 2949.50124682 0 76.14626007 0 13.35499530 0 17.64662840 0 480.33959528 0 113202
0.32350000 0.32350400 2910.88097785 0 86.68401305 0 -21.30691754 0 16.42302579 0 482.67253412 0 113863
0.32450000 0.32450300 2866.94599297 0 69.11843406 0 11.79435112 0 -15.66667528 0 570.60783060 0 114045
0.32550000 0.32549900 2856.77052646 0 1.26491346 0 -48.73262322 0 23.75113325 0 579.26638861 0 114828
0.32650000 0.32650300 2859.77112648 0 20.06637427 0 46.31055217 0 28.45067079 0 595.17731937 0 116431
0.32750000 0.32750400 2835.71096465 0 75.00315326 0 -12.96834972 0 14.64436753 0 465.95775258 0 116442
0.32850000 0.32850400 2801.56391491 0 96.16136948 0 -20.64623192 0 -11.62228719 0 452.05312707 0 116955
0.32950000 0.32949800 2767.52758842 0 47.16876807 0 -38.30625784 0 -100.50271732 0 501.11238387 0 117028
0.33050000 0.33049700 2720.39270167 0 28.30429466 0 10.92835138 0 -45.70046707 0 447.44593271 0 119061
0.33150000 0.33150100 2757.45177284 0 18.36854398 0 30.30661388 0 4.17406715 0 447.50461603 0 120060
0.33250000 0.33250400 2752.57994992 0 42.72278676 0 71.36489805 0 -110.75978686 0 240.93821698 0 119737
0.33350000 0.33350100 2730.26921541 0 58.58754593 0 64.85426033 0 17.51364978 0 353.96783043 0 120531
0.33450000 0.33450000 2698.79059595 0 52.46178222 0 69.42369806 0 -0.68687278 0 333.28251320 0 121704
0.33550000 0.33550300 2705.00217017 0 14.00062256 0 46.84534546 0 51.57477828 0 322.38513112 0 122761
0.33650000 0.33650300 2719.60656661 0 4.45390909 0 37.33078602 0 27.18897938 0 174.82979442 0 122472
0.33750000 0.33749900 2697.90480996 0 28.33596151 0 -23.14304117 0 -14.09506949 0 195.26487711 0 122985
0.33850000 0.33849800 2704.13852883 0 46.07028272 0 -0.84281983 0 -7.15956453 0 237.22455924 0 125380
0.33950000 0.33950300 2686.79926817 0 21.23860130 0 -102.51256572 0 65.58060484 0 275.63334680 0 125223
0.34050000 0.34050000 2673.47926141 0 19.16829800 0 -150.81945805 0 95.29008824 0 258.34834053 0 125178
0.34150000 0.34149900 2661.97511592 0 51.75492501 0 -190.50599190 0 125.36750499 0 221.58932936 0 127059
0.34250000 0.34250300 2634.62647362 0 47.66768702 0 -265.34715705 0 59.36526602 0 227.55066905 0 127957
0.34350000 0.34349800 2596.06156628 0 61.73762234 0 -249.17713388 0 34.64142904 0 231.17574819 0 126732
0.34450000 0.34449700 2557.52987591 0 33.64480909 0 -242.52155943 0 3.65901582 0 299.59828664 0 129639
0.34550000 0.34550000 2576.14245393 0 33.96169902 0 -255.17611947 0 -45.84307862 0 281.20161895 0 129826
0.34650000 0.34650400 2562.95531507 0 57.07307334 0 -190.29561773 0 -71.10193033 0 330.94625267 0 130875
0.34750000 0.34750200 2568.11501844 0 81.67876862 0 -213.75676679 0 -98.64655278 0 283.09720096 0 130686
0.34850000 0.34850200 2518.20097815 0 44.65579323 0 -167.06588026 0 -56.74433602 0 346.28917317 0 132211
0.34950000 0.34950400 2520.53723869 0 53.71096191 0 -148.77439966 0 20.77090630 0 381.38733561 0 132768
0.35050000 0.35050300 2513.59489103 0 27.73440210 0 -170.06094412 0 53.53225459 0 230.24678014 0 132957
0.35150000 0.35150100 2468.25372090 0 11.96973675 0 -200.12009154 0 88.30610864 0 257.32304325 0 133987
0.35250000 0.35249800 2494.83837279 0 25.16684070 0 -217.18254409 0 10.11691605 0 253.40676196 0 134778
0.35350000 0.35349800 2471.98509436 0 56.02994962 0 -316.07279874 0 45.32179356 0 289.74502478 0 135699
0.35450000 0.35450100 2447.10558049 0 40.10606423 0 -313.29364521 0 38.03852902 0 300.26041166 0 137380
0.35550000 0.35550100 2415.93698613 0 43.38325093 0 -332.07673703 0 22.57193065 0 208.69449988 0 136161
0.35650000 0.35649900 2447.29381002 0 26.07787158 0 -341.24351475 0 -6.09150593 0 189.68110370 0 138792
0.35750000 0.35750000 2395.51961916 0 61.98221000 0 -289.32316921 0 -93.99064020 0 190.74736858 0 138097
0.35850000 0.35849800 2398.15483247 0 72.85977262 0 -264.45583490 0 -129.60266923 0 257.02298325 0 140028
0.35950000 0.35950300 2388.96480287 0 49.19721797 0 -206.46785536 0 -33.78387749 0 211.21345378 0 141099
0.36050000 0.36050500 2353.82124390 0 28.73212929 0 -194.01702610 0 -54.07169825 0 206.22094251 0 140821
0.36150000 0.36150200 2358.69306682 0 40.84414541 0 -196.97998022 0 11.55629614 0 129.26828503 0 141756
0.36250000 0.36250400 2338.49714635 0 42.99239787 0 -168.47427998 0 6.69541267 0 127.84327682 0 142971
0.36350000 0.36349900 2342.51640026 0 41.27906633 0 -194.02256226 0 78.16308404 0 155.92712149 0 142270
0.36450000 0.36450000 2296.20086554 0 27.61072423 0 -247.81855963 0 64.97649880 0 135.95486198 0 145311
0.36550000 0.36550300 2294.49572752 0 36.15568019 0 -307.22601121 0 132.64755856 0 260.76321457 0 145434
0.36650000 0.36650100 2317.61474174 0 16.89614623 0 -326.47303344 0 22.07910147 0 177.41628950 0 144547
0.36750000 0.36749600 2267.66748448 0 38.19586676 0 -320.12194792 0 -29.22274400 0 202.57039702 0 146892
0.36850000 0.36849900 2302.06919769 0 58.33852934 0 -293.17855271 0 -77.58510868 0 232.13461152 0 148113
0.36950000 0.36949900 2238.13759419 0 79.14829950 0 -263.55454766 0 -92.59585944 0 318.82648592 0 147387
0.37050000 0.37049800 2233.11075872 0 51.22002099 0 -194.00263208 0 -39.91229855 0 334.15611963 0 149758
0.37150000 0.37150100 2210.78895189 0 10.17579868 0 -207.47875861 0 18.19304763 0 321.36426277 0 150099
0.37250000 0.37250000 2235.09270487 0 23.15511000 0 -220.41677016 0 86.99758129 0 276.33201050 0 150468
0.37350000 0.37349800 2227.14277565 0 17.54121987 0 -225.87431907 0 35.15507419 0 271.79567902 0 150709
0.37450000 0.37449700 2228.51574392 0 40.92641278 0 -267.40882393 0 27.82242708 0 321.51263192 0 153108
0.37550000 0.37550100 2199.11872153 0 42.55659116 0 -289.70516441 0 0.42360500 0 304.89971576 0 153189
0.37650000 0.37649900 2226.55594243 0 15.24016933 0 -309.58995256 0 9.05110514 0 361.55237293 0 153547
0.37750000 0.37749900 2195.61986689 0 34.02436838 0 -313.03455281 0 37.00437388 0 240.43996237 0 155424
0.37850000 0.37850200 2206.39323894 0 41.17609371 0 -310.54438696 0 -47.08650069 0 242.31229249 0 155313
0.37950000 0.37949900 2190.70375467 0 50.51360667 0 -329.58324948 0 -50.91209964 0 175.74990461 0 156100
0.38050000 0.38050000 2170.66284675 0 37.04932752 0 -328.76943361 0 -38.46913173 0 191.62872564 0 157557
0.38150000 0.38149800 2165.12668434 0 33.30931764 0 -319.37124430 0 -17.87660059 0 149.61921804 0 157692
0.38250000 0.38250100 2171.51541576 0 23.61837607 0 -333.78741122 0 -7.20471747 0 128.00714723 0 159703
0.38350000 0.38350500 2159.60159425 0 32.23153755 0 -365.95694374 0 47.33861753 0 133.45362381 0 160338
0.38450000 0.38450600 2155.37196617 0 57.81525127 0 -315.66201549 0 -4.92661986 0 116.85288721 0 160167
0.38550000 0.38550000 2154.10972114 0 41.29822145 0 -355.67186122 0 -11.12912584 0 218.53226048 0 160033
0.38650000 0.38649600 2120.92596366 0 50.07901792 0 -309.41500982 0 -20.01832038 0 184.61108617 0 162444
0.38750000 0.38750200 2121.85603895 0 49.43538368 0 -307.11307349 0 -20.31627664 0 197.58231469 0 164307
0.38850000 0.38850400 2084.25442386 0 57.42340170 0 -276.60217522 0 3.20940193 0 204.67524597 0 163882
0.38950000 0.38950500 2062.57481187 0 52.43376924 0 -283.93759042 0 -45.15581941 0 179.22550737 0 164595
0.39050000 0.39050100 2034.34038358 0 56.88251863 0 -303.18461265 0 8.17915956 0 181.53076540 0 165006
0.39150000 0.39150100 2023.35663736 0 31.96048704 0 -309.76600252 0 1.82913699 0 88.46997904 0 166687
0.39250000 0.39250100 2006.28311249 0 26.23930608 0 -335.54791086 0 45.85315443 0 127.75248376 0 167256
0.39350000 0.39350100 2006.03952134 0 41.96876144 0 -367.09628597 0 -1.28928365 0 65.79164335 0 167937
0.39450000 0.39449600 1983.28589384 0 52.40188095 0 -354.47937184 0 15.65781742 0 118.81379593 0 167719
0.39550000 0.39549700 1991.46834188 0 16.07125803 0 -368.83131927 0 27.32981935 0 110.38222058 0 171636
0.39650000 0.39650400 1996.37338178 0 21.57409274 0 -404.11106784 0 8.50215035 0 122.93159353 0 171093
0.39750000 0.39750000 1996.43981573 0 31.28330365 0 -352.51181972 0 -10.12412414 0 70.66069819 0 170464
0.39850000 0.39849800 1989.06564740 0 63.53621078 0 -329.35073066 0 -75.40563227 0 146.81459817 0 172113
0.39950000 0.39949500 1955.46114157 0 77.88970834 0 -328.06412652 0 -17.64009573 0 144.82600863 0 173232
