### header ###
fiducial parameters:
Omega_m = 0.31
Omega_nu = 0
Omega_de = 0.69
Omega_k = 0
H_0 = 100
w_de = -1
zeff = 0
beta = 0
fgrowth = 0
b_1 = 2
gamma = 0.55
Lx = 3500 Ly = 3500 Lz = 3500
nx = 700 ny = 700 nz = 700
xoffset = -685.467585 yoffset = -31.7331281 zoffset = 572.489161
bins = 400 dk = 0.001
kx_ny = 0.628318531 ky_ny = 0.628318531 kz_ny = 0.628318531
############################
A(data) = 8.08820939 (not used)
A(ran) = 8.0860246 (used)
Ngal = 480589
weighted Ngal = 0
Nran = 23820508
weighted Nran = 0
SN(data) = 3490.0869
SN(ran) = 70.4322068
SN(data+ran) = 3560.5191
############################
13 columns: k_central k_mean P_0(k) sigma^{lin}_{P_0(k)} P^img_1(k) sigma^{lin}_{P_1(k)} P_2(k) sigma^{lin}_{P_2(k)} P^img_3(k) sigma^{lin}_{P_3(k)} P_4(k) sigma^{lin}_{P_4(k)} N_modes
### header ###
0.00050000 0 0 0 0 0 0 0 0 0 0 0 0
0.00150000 0.00179520 16119.86553372 0 -24180.18583195 0 -6163.16601915 0 60723.50810991 0 -35074.91056051 0 3
0.00250000 0.00253879 29203.14598593 0 -19368.04274252 0 40558.03653395 0 -18046.56077542 0 23370.79888771 0 6
0.00350000 0.00331552 50483.82211763 0 -29534.87283750 0 3044.19176866 0 -10428.35840719 0 -31343.31565013 0 7
0.00450000 0.00420575 58843.87024870 0 -16412.06418569 0 26649.42498976 0 8554.63316743 0 38732.87451084 0 24
0.00550000 0.00557378 100028.37892088 0 -15885.35369406 0 10150.45412657 0 3314.26791564 0 -8666.66294995 0 45
0.00650000 0.00659388 84639.95116468 0 -10547.20874180 0 41188.60543237 0 28524.96609079 0 44786.33593569 0 40
0.00750000 0.00754703 106876.16892822 0 31378.52564305 0 11423.76040839 0 393.03431409 0 -362.02073227 0 57
0.00850000 0.00846663 81656.51324230 0 18661.07480285 0 22490.77051112 0 4900.16807174 0 19059.01415683 0 75
0.00950000 0.00948925 68472.47463424 0 6945.69150339 0 20132.58677125 0 21833.62803314 0 -2594.88789985 0 112
0.01050000 0.01054430 62094.59409220 0 2569.88659041 0 12631.75104610 0 -6153.59953051 0 11513.11406968 0 105
0.01150000 0.01145670 65399.46160407 0 5440.28714872 0 27522.92069470 0 -7499.55133546 0 912.89325111 0 144
0.01250000 0.01249090 61892.63488751 0 5373.62068099 0 18402.86818808 0 -15612.53161053 0 20547.57750545 0 169
0.01350000 0.01339930 59911.35308446 0 4725.34713518 0 22397.54153615 0 2214.37638513 0 13913.15119737 0 180
0.01450000 0.01448870 65555.69210726 0 -2492.38031668 0 45267.87134206 0 -3837.15845520 0 644.66175345 0 267
0.01550000 0.01550050 68375.70251532 0 -6859.93634767 0 46080.02636750 0 1221.05598100 0 -15144.06154746 0 238
0.01650000 0.01653350 73511.04676621 0 -6099.31192192 0 46319.96364633 0 17305.71152180 0 -11515.99287413 0 315
0.01750000 0.01747870 76701.09426971 0 2314.63628636 0 33306.43884047 0 3074.89532539 0 -2907.49284645 0 297
0.01850000 0.01844180 73465.53951121 0 -146.10596938 0 34094.67764431 0 3997.35285068 0 -10730.50000685 0 388
0.01950000 0.01947590 73676.68874550 0 5797.63535992 0 30122.37039238 0 7520.36730612 0 -6401.02170091 0 399
0.02050000 0.02045430 69710.36054896 0 3827.62518353 0 26787.93977324 0 -1210.79193589 0 -19248.68308098 0 462
0.02150000 0.02154770 66576.33900905 0 4179.55902789 0 28075.09753341 0 -8972.94559908 0 -6964.38158768 0 571
0.02250000 0.02255340 62556.42076039 0 4284.80147529 0 26004.79423882 0 2220.39972983 0 -4771.16441528 0 510
0.02350000 0.02348930 62503.71649425 0 -718.79428981 0 26552.65287084 0 11897.76663388 0 -51.05703637 0 555
0.02450000 0.02439640 63772.82636496 0 -1072.27715241 0 21924.75326639 0 11270.63015615 0 -7484.74763718 0 592
0.02550000 0.02547300 64564.16541975 0 -1538.27808705 0 22075.55833042 0 11134.77273062 0 -5070.25005328 0 837
0.02650000 0.02652900 62469.94590355 0 452.38086788 0 17740.63244068 0 9490.48820576 0 7035.24446652 0 723
0.02750000 0.02749970 66682.96549705 0 329.94531450 0 27281.32256716 0 4907.35401055 0 3495.74331942 0 826
0.02850000 0.02848090 61890.53114579 0 3891.93324608 0 20130.48302953 0 2290.63148616 0 15669.66480660 0 831
0.02950000 0.02946900 59567.55739884 0 7840.81145870 0 29441.64386253 0 -4500.64537531 0 15543.66175016 0 996
0.03050000 0.03053250 55027.12916046 0 5554.90785524 0 24359.22532427 0 -1183.56508916 0 18857.27639864 0 1041
0.03150000 0.03150510 50773.03124189 0 3493.28526331 0 30892.45058351 0 5580.27455140 0 24896.56524772 0 1036
0.03250000 0.03246190 50344.75371790 0 -568.00029810 0 25092.87756675 0 13378.91152487 0 14862.93522031 0 1059
0.03350000 0.03345080 48307.11378153 0 -1933.89225282 0 22913.95476569 0 8165.24164821 0 15793.89629106 0 1302
0.03450000 0.03451200 51820.03027674 0 -1400.82624676 0 17356.42276947 0 7838.70771698 0 4862.09034669 0 1339
0.03550000 0.03553350 47814.61677359 0 -270.78699023 0 14984.95223981 0 -536.79295060 0 9927.51286635 0 1365
0.03650000 0.03647120 51046.07477192 0 917.62224104 0 11528.50460117 0 -2365.23681078 0 4685.15459609 0 1308
0.03750000 0.03744890 50225.83694935 0 -1947.62193560 0 12682.46229377 0 -29.30069317 0 6981.02329188 0 1579
0.03850000 0.03847530 50448.83357120 0 1234.91853167 0 12580.70762869 0 1434.45289723 0 2413.72252117 0 1662
0.03950000 0.03950240 49860.45023034 0 2254.72393677 0 14693.08575759 0 -1615.51862499 0 460.31640308 0 1683
0.04050000 0.04050350 47053.94805855 0 3919.45904558 0 12684.01241925 0 -1075.35968764 0 474.06490881 0 1822
0.04150000 0.04152450 45764.57583342 0 1913.10949914 0 17797.98708324 0 -6843.98112760 0 587.25064203 0 1887
0.04250000 0.04250150 44053.34803270 0 -312.09894136 0 21391.51010313 0 -4769.91324257 0 4586.36731405 0 1920
0.04350000 0.04349210 46200.93615452 0 661.52379692 0 26016.75234962 0 -1207.35951520 0 -3033.92772356 0 2005
0.04450000 0.04448520 44239.03091991 0 1460.52822218 0 23973.02263460 0 -2869.93552067 0 1755.29565350 0 2151
0.04550000 0.04548030 44709.27255496 0 1692.68165665 0 24815.95872304 0 1907.01972049 0 -4367.38994612 0 2274
0.04650000 0.04648670 40950.66117202 0 2025.82576579 0 23301.70758084 0 2879.70131116 0 -2289.54639832 0 2311
0.04750000 0.04749250 40664.66302195 0 2371.24908316 0 20678.00949181 0 6079.86891954 0 -4595.47983738 0 2568
0.04850000 0.04851840 36886.34290084 0 -346.52612092 0 14364.34843373 0 7995.20395597 0 -3121.62053612 0 2493
0.04950000 0.04949480 36998.17338151 0 -73.65365831 0 12209.78474727 0 5372.05948319 0 -3625.30059212 0 2644
0.05050000 0.05050630 36908.59827372 0 911.83584409 0 9620.78732422 0 3024.35016259 0 -4448.64973796 0 2829
0.05150000 0.05149060 35262.80791268 0 1419.27273990 0 9396.78312082 0 -1508.73712444 0 -3436.00812702 0 2784
0.05250000 0.05249300 34172.07319480 0 1123.36485913 0 9976.29752950 0 -1857.82538132 0 884.36762068 0 3055
0.05350000 0.05348950 34456.85338913 0 153.14353903 0 12437.87463853 0 -1624.55364204 0 946.67934306 0 3009
0.05450000 0.05448610 34591.71430542 0 199.38378194 0 12960.37764672 0 710.57308863 0 -890.50279586 0 3336
0.05550000 0.05550870 35147.87718106 0 -623.94986265 0 14268.79427054 0 751.54954832 0 66.60291259 0 3349
0.05650000 0.05647670 34560.26890294 0 715.32200875 0 14460.01332016 0 1929.39688895 0 992.33275276 0 3324
0.05750000 0.05747970 34730.22908890 0 1144.43549326 0 13659.15206603 0 771.35350849 0 292.04142495 0 3639
0.05850000 0.05849280 32730.01361041 0 998.21437170 0 11920.35417651 0 1543.65923692 0 871.70752448 0 3846
0.05950000 0.05951020 33589.89035583 0 519.91651311 0 12665.52163680 0 -245.70042389 0 969.38093064 0 3787
0.06050000 0.06049470 32235.85575376 0 201.54067081 0 11687.72463207 0 2009.06226602 0 3744.15092672 0 3930
0.06150000 0.06148310 32550.97411810 0 419.62893107 0 11552.64226928 0 683.46914471 0 1105.57384761 0 4083
0.06250000 0.06249100 32642.32079785 0 -599.76458354 0 11691.37849926 0 -407.93544883 0 2340.49016482 0 4303
0.06350000 0.06350600 32739.53580976 0 -645.36927501 0 11818.26734168 0 -189.74532318 0 -148.49759154 0 4470
0.06450000 0.06451750 33505.74068721 0 351.60278185 0 12124.86001591 0 -773.25019773 0 367.16050545 0 4479
0.06550000 0.06550280 32695.46795698 0 1112.82400590 0 13477.01232276 0 -1057.79787325 0 -536.36777333 0 4636
0.06650000 0.06648880 31595.54320950 0 2162.08179501 0 11989.99909962 0 370.53756452 0 -96.65486300 0 4653
0.06750000 0.06749660 30830.77773427 0 570.20811967 0 12057.31883451 0 720.30566215 0 1913.40845191 0 5220
0.06850000 0.06852730 29809.35576975 0 324.60070331 0 12056.32232528 0 1527.58222128 0 -484.87592676 0 5029
0.06950000 0.06949320 29831.38969614 0 906.41261940 0 12079.57420740 0 1861.19136807 0 -1215.34266139 0 5040
0.07050000 0.07048030 29449.83738289 0 70.74440496 0 11139.97672329 0 1063.98287389 0 -833.26773441 0 5475
0.07150000 0.07148790 28754.38466103 0 22.83755572 0 11645.98196750 0 91.44145885 0 -285.11236408 0 5509
0.07250000 0.07249820 29177.01529936 0 388.57216719 0 11737.32864725 0 -941.72447771 0 -1752.35041510 0 5916
0.07350000 0.07351270 28380.02935891 0 939.90640197 0 11576.22632114 0 988.57591295 0 -3111.52257589 0 5721
0.07450000 0.07449140 28024.60773223 0 914.82980072 0 11273.06606761 0 -909.51176311 0 -2763.72978101 0 6028
0.07550000 0.07549160 27102.94741433 0 805.80726163 0 10383.49334703 0 -198.63972171 0 -3028.72373089 0 6183
0.07650000 0.07648840 26749.85097586 0 136.17409401 0 10788.72936307 0 417.65916448 0 -2716.10771196 0 6330
0.07750000 0.07749960 26088.27956795 0 408.91424234 0 10307.91365782 0 1211.00231006 0 -3135.89276281 0 6583
0.07850000 0.07848650 26538.81246482 0 428.62740945 0 10325.16433988 0 1063.04947691 0 -2852.17551166 0 6549
0.07950000 0.07947320 25242.79684480 0 276.00205522 0 9415.25175861 0 579.38707695 0 -3890.64885640 0 6828
0.08050000 0.08048110 25370.46074996 0 664.29962875 0 8787.28485652 0 1015.87694425 0 -1701.96026485 0 7147
0.08150000 0.08149960 25155.76837172 0 64.96332273 0 8614.23549193 0 1403.93757003 0 -2877.11038715 0 7386
0.08250000 0.08250610 24109.76584611 0 323.71823903 0 7487.51571839 0 1111.48425459 0 -1595.66594659 0 7227
0.08350000 0.08350160 23523.26480046 0 873.76254797 0 7059.34891765 0 1046.22729381 0 -2439.97500331 0 7798
0.08450000 0.08449610 22393.55549922 0 1351.27759319 0 6129.20719893 0 1292.99287535 0 -1852.30029124 0 7371
0.08550000 0.08548940 21482.19244339 0 1074.92343804 0 6767.49350776 0 659.87069882 0 -1758.66164024 0 8256
0.08650000 0.08650700 20632.28079031 0 421.96962054 0 5650.86062212 0 197.58563639 0 -2161.61675737 0 8037
0.08750000 0.08749060 20539.60543158 0 -74.65625732 0 5904.59401766 0 -487.99167896 0 -1561.54104150 0 8155
0.08850000 0.08849210 20541.81989655 0 64.62174151 0 5979.98547735 0 64.48809855 0 -1616.18296448 0 8718
0.08950000 0.08949900 21162.31297938 0 -125.52583924 0 6539.25967627 0 287.55934787 0 -7.61186900 0 8571
0.09050000 0.09049190 20536.28373414 0 655.92784395 0 6438.60117134 0 456.22517906 0 -717.93175571 0 8932
0.09150000 0.09150830 20019.98122784 0 1013.30484320 0 5696.25715388 0 1654.27176185 0 2028.31703888 0 9285
0.09250000 0.09250820 19582.29222776 0 527.24860661 0 6231.70370978 0 574.69130399 0 2239.61021339 0 9204
0.09350000 0.09350330 19402.80984245 0 -58.72340335 0 6193.02807919 0 -35.00050454 0 2157.90752856 0 9349
0.09450000 0.09448040 19312.90256492 0 183.40641723 0 7530.23274754 0 -488.40024775 0 2153.76647907 0 9564
0.09550000 0.09549270 19108.39672552 0 505.00098435 0 7984.54130717 0 -2087.50968736 0 2272.50609043 0 10155
0.09650000 0.09649430 19176.27007666 0 330.51553923 0 8402.57693070 0 -956.06313835 0 2845.73141861 0 9913
0.09750000 0.09749140 18994.68394964 0 268.84379722 0 9040.45356350 0 22.52598050 0 2548.63879908 0 10476
0.09850000 0.09850240 18781.09880388 0 358.40672545 0 8866.06444761 0 1518.76865072 0 2033.12242785 0 10575
0.09950000 0.09950330 18438.85324374 0 33.16194500 0 8353.27186828 0 825.81384534 0 779.39533801 0 10882
0.10050000 0.10051200 18006.58968282 0 436.72792229 0 7967.25740813 0 1305.43816844 0 706.81292712 0 10875
0.10150000 0.10150300 17415.43826075 0 384.99137734 0 7167.41480788 0 1.82706646 0 -387.99640630 0 11118
0.10250000 0.10250800 17212.03965383 0 721.26452548 0 7039.20835880 0 18.67314364 0 610.70625493 0 11575
0.10350000 0.10349800 16821.18658774 0 284.51556577 0 6117.21587116 0 32.62593376 0 -101.63430891 0 11364
0.10450000 0.10450100 16381.61529244 0 105.47396971 0 5836.03418239 0 515.34253573 0 -135.90614375 0 12093
0.10550000 0.10551000 16289.82571969 0 186.51995496 0 5913.31900962 0 558.61761005 0 -828.70593659 0 12067
0.10650000 0.10649700 16122.96578467 0 272.84976434 0 5933.71423194 0 638.94621938 0 -1484.37800984 0 12054
0.10750000 0.10749900 15751.26784051 0 594.53401730 0 5371.05190163 0 204.50916110 0 -671.99046557 0 12807
0.10850000 0.10850100 15333.06613211 0 106.64110347 0 5027.03476951 0 280.73658131 0 -248.52275948 0 12736
0.10950000 0.10950300 15532.03580910 0 -446.84027654 0 4846.09083733 0 1208.55532628 0 -33.21243480 0 12933
0.11050000 0.11050200 15259.87806506 0 85.44413412 0 4387.98447028 0 1156.24966384 0 -438.80398319 0 13428
0.11150000 0.11150900 15327.86213944 0 328.10620135 0 3712.36228217 0 777.09450891 0 -996.25789190 0 13453
0.11250000 0.11250000 15016.84053529 0 267.75538769 0 3452.79377145 0 550.84815973 0 433.75389584 0 13668
0.11350000 0.11349100 14902.57414316 0 316.91097373 0 3281.50490650 0 -392.11752559 0 -204.02862220 0 13791
0.11450000 0.11448600 14679.90969106 0 17.51032808 0 3228.83385734 0 210.77388248 0 828.68047024 0 14205
0.11550000 0.11549300 14932.35869692 0 44.89927365 0 4093.98102937 0 -413.99090327 0 88.59609282 0 14776
0.11650000 0.11649800 14674.59497514 0 22.60625486 0 4001.49390016 0 -263.69073725 0 -66.39519578 0 14553
0.11750000 0.11747300 14669.94459872 0 285.90957147 0 4876.20756083 0 -413.93997058 0 622.16721835 0 14568
0.11850000 0.11849100 14406.86616103 0 507.70595330 0 4930.17407200 0 -292.75558990 0 102.81085415 0 16015
0.11950000 0.11950300 14077.90739067 0 322.25337045 0 5260.92655898 0 -109.55545009 0 1160.78931701 0 15270
0.12050000 0.12050700 14086.54380403 0 150.83163761 0 5111.26194441 0 360.53371905 0 335.26778104 0 15999
0.12150000 0.12150000 13767.21795626 0 24.26101380 0 5152.06346136 0 336.20449972 0 1430.50007727 0 15670
0.12250000 0.12250700 13850.48183889 0 69.65832062 0 4708.69435865 0 452.77282818 0 763.01715514 0 16887
0.12350000 0.12352200 13681.07526917 0 280.71775836 0 4315.81505711 0 726.12749054 0 474.09591132 0 16407
0.12450000 0.12449800 13428.40481681 0 125.72403385 0 4103.40357779 0 202.09317982 0 658.70699748 0 16306
0.12550000 0.12549900 13327.86810745 0 116.49746558 0 3830.84723005 0 -18.79405342 0 582.28581159 0 17523
0.12650000 0.12650100 13399.72749553 0 -103.43400459 0 3517.41185909 0 -25.46667925 0 -174.41236778 0 17154
0.12750000 0.12750600 13344.14442494 0 121.48997684 0 3538.11710650 0 -171.50920421 0 -93.20206922 0 18007
0.12850000 0.12850300 13351.45215932 0 100.47237915 0 3568.34455325 0 263.03747009 0 -147.15894747 0 17496
0.12950000 0.12949900 13235.08202547 0 133.29639679 0 3428.92183914 0 -19.30216241 0 -31.47994814 0 18405
0.13050000 0.13049000 13077.41212005 0 383.81217475 0 3660.11198135 0 267.86057478 0 -133.53113008 0 18100
0.13150000 0.13148800 12661.20343012 0 415.62960734 0 3416.60941394 0 140.21770704 0 -21.75578959 0 19059
0.13250000 0.13249300 12356.49305111 0 351.81094156 0 3680.71757784 0 188.22620022 0 58.02175013 0 18957
0.13350000 0.13349100 12112.79118185 0 201.98577827 0 3780.20241633 0 -144.84704605 0 336.79908357 0 19468
0.13450000 0.13450700 12135.93234073 0 72.06256523 0 3751.97906037 0 201.16199731 0 -154.70473683 0 19953
0.13550000 0.13551000 12010.15073079 0 71.04479714 0 3754.82464785 0 57.41852987 0 259.65487486 0 19956
0.13650000 0.13649900 12067.39465010 0 98.76303364 0 3652.85960859 0 -129.37347211 0 -50.64979627 0 19723
0.13750000 0.13749600 11990.22054611 0 -75.60116952 0 3811.91355461 0 186.65393010 0 30.96918179 0 20946
0.13850000 0.13851100 11974.71929137 0 33.72995526 0 3418.60243241 0 92.66727593 0 -438.46849175 0 20955
0.13950000 0.13949800 11962.87190381 0 105.60229796 0 3597.69728635 0 -82.93370591 0 -323.21887718 0 20506
0.14050000 0.14048300 11757.14810868 0 173.69155943 0 3453.73491906 0 -50.53121167 0 -588.25711636 0 21447
0.14150000 0.14148400 11701.23286835 0 244.15804904 0 3478.51478200 0 157.85702771 0 -357.16662507 0 21771
0.14250000 0.14249400 11344.26111619 0 322.38513112 0 3355.82235068 0 352.84177500 0 -514.99486473 0 22470
0.14350000 0.14350900 11026.92828689 0 177.90457902 0 2983.53757331 0 372.35453302 0 -515.24842097 0 22519
0.14450000 0.14449900 10960.45004868 0 103.95396096 0 2973.06315403 0 356.62851008 0 -510.03999938 0 22218
0.14550000 0.14550500 10847.62305878 0 275.92012002 0 2832.02388049 0 11.70521891 0 -179.02731276 0 23559
0.14650000 0.14650700 10611.26214087 0 186.79565585 0 2583.01836764 0 388.91873095 0 287.62910351 0 23044
0.14750000 0.14750500 10575.54282101 0 95.92265015 0 2725.45275411 0 -77.09305457 0 204.13713098 0 23649
0.14850000 0.14849900 10394.11170653 0 320.82393332 0 3084.08535499 0 165.70841324 0 494.07924315 0 23640
0.14950000 0.14949500 10153.70939007 0 342.91986473 0 3152.42374377 0 18.01699767 0 319.70341405 0 24457
0.15050000 0.15050000 9856.92679563 0 267.16634001 0 3128.65146238 0 25.31698142 0 982.87588013 0 24591
0.15150000 0.15149900 9835.54613640 0 14.39834047 0 3280.36445705 0 359.47631203 0 776.26962071 0 25020
0.15250000 0.15250500 9616.70163636 0 152.48473570 0 3008.15135138 0 140.75139309 0 1025.86418124 0 25297
0.15350000 0.15350100 9598.65374691 0 153.15904029 0 3079.46819554 0 138.07410495 0 863.08439792 0 25452
0.15450000 0.15450400 9463.20599740 0 16.90157167 0 2747.03271518 0 46.06530018 0 579.24313673 0 26061
0.15550000 0.15549900 9552.71467124 0 39.39356013 0 2792.70605506 0 66.25070194 0 579.43690241 0 26128
0.15650000 0.15649500 9382.45553250 0 31.22749913 0 2669.16105473 0 221.98350413 0 79.11785061 0 26331
0.15750000 0.15749700 9486.19214373 0 61.63166019 0 2606.83493833 0 -29.21266819 0 28.58741400 0 27345
0.15850000 0.15849900 9428.82642884 0 -34.03256190 0 2345.22911984 0 50.41273779 0 -241.58262629 0 26980
0.15950000 0.15949700 9341.47685835 0 82.21943024 0 2306.83029737 0 -44.25209626 0 -175.98353067 0 27777
0.16050000 0.16050000 9405.19808768 0 88.28518194 0 2273.54688896 0 -7.08058564 0 -410.70906620 0 28224
0.16150000 0.16150500 9155.26249955 0 164.72186909 0 2438.67954131 0 -15.59082985 0 -357.23195179 0 28075
0.16250000 0.16249700 9068.12330322 0 300.85831720 0 2167.31900465 0 18.26081026 0 -396.88637589 0 28590
0.16350000 0.16349900 8844.31840166 0 114.52216283 0 2262.64064902 0 62.64643876 0 -438.83387847 0 29163
0.16450000 0.16449100 8724.53799178 0 134.71033267 0 2179.63142985 0 228.13971673 0 -354.32878822 0 28996
0.16550000 0.16550500 8713.25529279 0 64.54146715 0 1962.49206783 0 365.28817532 0 -343.12802443 0 30777
0.16650000 0.16650700 8550.37032238 0 23.47853261 0 1939.94881450 0 299.66029166 0 -62.25979318 0 29211
0.16750000 0.16749900 8595.35717812 0 121.01829580 0 1856.95066766 0 -67.24721117 0 -214.08450760 0 30922
0.16850000 0.16850800 8352.23106975 0 191.74719951 0 2069.72753370 0 52.46720766 0 0.77950938 0 30867
0.16950000 0.16949900 8367.26728685 0 187.43120730 0 1975.91172551 0 -166.30853324 0 298.07030582 0 30852
0.17050000 0.17049200 8246.71181423 0 42.41453324 0 2180.26255236 0 -9.64109397 0 385.06666915 0 31257
0.17150000 0.17149500 8262.93277009 0 14.05930588 0 2148.77286058 0 211.12708964 0 440.92654786 0 32608
0.17250000 0.17250900 8265.95551476 0 99.17636353 0 2266.68204757 0 82.24146416 0 69.30245610 0 32361
0.17350000 0.17350400 8257.09765491 0 61.72079241 0 2273.59117826 0 -141.89627148 0 404.50192090 0 32508
0.17450000 0.17449800 8243.26832121 0 119.88670421 0 2386.13028772 0 -197.91337720 0 287.01791118 0 32791
0.17550000 0.17549800 8036.51479987 0 211.84568352 0 2337.66672199 0 -209.88698926 0 161.13665032 0 33633
0.17650000 0.17650100 8070.57327101 0 125.14384403 0 2377.73746551 0 -124.64558941 0 -30.83133135 0 33984
0.17750000 0.17750300 7928.33818639 0 -0.05467370 0 2546.78972084 0 -135.02478670 0 -22.55476855 0 34069
0.17850000 0.17849800 7967.12454023 0 67.48094795 0 2551.88299025 0 70.29974040 0 -266.65258414 0 34536
0.17950000 0.17950400 7958.16702945 0 22.78850533 0 2561.18374310 0 76.40158788 0 -268.21156748 0 35343
0.18050000 0.18050100 7932.29100635 0 10.48449509 0 2471.45362277 0 54.65288458 0 -415.03945243 0 34990
0.18150000 0.18150500 7887.38165689 0 100.69559721 0 2389.80629956 0 69.57992856 0 -420.40399381 0 36243
0.18250000 0.18250200 7800.38640079 0 109.44051936 0 2139.39460146 0 268.17281434 0 -469.02035762 0 35694
0.18350000 0.18350400 7732.91165334 0 39.10102931 0 2186.81736866 0 211.32749872 0 -406.14283944 0 37087
0.18450000 0.18450600 7670.58553694 0 69.35405314 0 1922.03379294 0 457.44092033 0 -255.36102729 0 36651
0.18550000 0.18550700 7548.35814327 0 30.07464867 0 1665.24443575 0 427.28765815 0 -395.92861980 0 37818
0.18650000 0.18651000 7531.11853352 0 127.21658324 0 1437.56422050 0 483.27376136 0 -138.18814990 0 37267
0.18750000 0.18750100 7379.58269605 0 88.42613264 0 1385.16997946 0 81.66315664 0 -37.75695980 0 38334
0.18850000 0.18850000 7257.23350681 0 205.66732627 0 1268.12443380 0 69.15309044 0 196.90690288 0 38223
0.18950000 0.18949500 7213.33173890 0 115.25072180 0 1342.66332448 0 63.48937485 0 465.80827619 0 39064
0.19050000 0.19050000 7071.70563215 0 39.15938046 0 1400.78195746 0 96.96223073 0 397.81312948 0 39609
0.19150000 0.19149800 7140.94087924 0 22.80134922 0 1496.02609555 0 13.79246286 0 424.13647450 0 39576
0.19250000 0.19250400 7141.25090433 0 54.87521686 0 1436.06945665 0 3.69238781 0 232.53100075 0 40909
0.19350000 0.19350500 7015.30320952 0 108.65704165 0 1481.75386886 0 -207.30492311 0 195.42542582 0 40191
0.19450000 0.19450100 7021.51478374 0 97.60796872 0 1571.15181944 0 -183.30787354 0 74.37192002 0 41232
0.19550000 0.19549800 6944.07494396 0 48.84766468 0 1612.71732681 0 -70.77740049 0 111.89912908 0 40873
0.19650000 0.19649700 6891.59212432 0 97.99749310 0 1476.11805552 0 136.81628885 0 71.87599656 0 42816
0.19750000 0.19750200 6950.22008424 0 102.57534580 0 1522.86541091 0 -71.51647817 0 -75.25460576 0 41727
0.19850000 0.19849000 6820.03168902 0 26.37095602 0 1480.96773379 0 94.23445279 0 -237.46039976 0 42610
0.19950000 0.19949900 6740.55454147 0 60.37727651 0 1487.95437075 0 27.32140438 0 178.74607571 0 43863
0.20050000 0.20050100 6724.07892214 0 74.53501537 0 1397.94744230 0 284.94517198 0 96.95968410 0 43302
0.20150000 0.20150100 6694.61546580 0 -0.13836752 0 1349.48387657 0 386.68876473 0 251.01956873 0 44487
0.20250000 0.20249700 6743.77658799 0 43.30175862 0 1047.73866615 0 200.53308926 0 238.20556722 0 43759
0.20350000 0.20349100 6611.22978759 0 58.34993384 0 1023.78479864 0 53.94093410 0 448.15345427 0 45282
0.20450000 0.20449700 6581.42308918 0 65.06563101 0 953.66155109 0 42.93271804 0 396.22092917 0 45483
0.20550000 0.20549900 6591.19995199 0 59.21512530 0 1013.13543663 0 64.20819018 0 325.36580096 0 46138
0.20650000 0.20650200 6451.56686370 0 145.33090664 0 1039.76659228 0 -95.26860793 0 324.99487808 0 46227
0.20750000 0.20749300 6294.91561217 0 280.23500500 0 1054.59575691 0 -123.26597774 0 327.79174733 0 46236
0.20850000 0.20850300 6189.63994779 0 166.27753073 0 1226.56999876 0 -251.95518018 0 391.08558492 0 48361
0.20950000 0.20950400 6070.76746854 0 49.15625037 0 1382.46833221 0 -146.22222879 0 350.33167896 0 46812
0.21050000 0.21050300 6084.08747530 0 32.48553668 0 1569.23630725 0 -216.25025434 0 228.67451001 0 48813
0.21150000 0.21149700 6063.71439763 0 52.09329525 0 1739.96048363 0 -172.36841661 0 70.86841500 0 47215
0.21250000 0.21249000 6098.86902893 0 32.93883766 0 1627.63174834 0 44.12886129 0 197.13056384 0 50004
0.21350000 0.21350300 6057.17065366 0 65.43788257 0 1693.43457474 0 78.01382910 0 88.27466323 0 49509
0.21450000 0.21449800 6073.04836745 0 54.05409326 0 1529.99598809 0 47.77586364 0 -167.61949650 0 49660
0.21550000 0.21550100 5966.80941082 0 101.59223408 0 1449.83235640 0 67.38782970 0 -311.55086128 0 50841
0.21650000 0.21649800 5996.32822879 0 139.31641980 0 1552.93784511 0 -112.92221190 0 -273.21072213 0 50424
0.21750000 0.21750300 5732.34186046 0 173.50775884 0 1544.13534688 0 -209.11192652 0 -126.71057799 0 52231
0.21850000 0.21850300 5741.37687751 0 159.38943746 0 1618.31992317 0 -42.68248350 0 -21.20892747 0 51078
0.21950000 0.21950100 5623.31267797 0 1.91389563 0 1643.94128280 0 174.47658726 0 -14.64148872 0 52791
0.22050000 0.22050700 5611.86389411 0 15.45663328 0 1740.66911241 0 239.76455055 0 16.83203747 0 52969
0.22150000 0.22150000 5633.77602492 0 -25.80615673 0 1651.47046368 0 319.52847131 0 -94.10867118 0 52704
0.22250000 0.22250100 5589.38707473 0 85.43627277 0 1417.47902328 0 119.07510280 0 432.67988033 0 54051
0.22350000 0.22349900 5547.16830019 0 132.14266055 0 1388.11521786 0 84.50143638 0 400.94106124 0 53938
0.22450000 0.22449800 5474.47848776 0 28.04044116 0 1357.26772092 0 105.57251340 0 457.69447656 0 54735
0.22550000 0.22549100 5430.60993683 0 68.25047452 0 1193.37516895 0 173.50775884 0 364.31491797 0 54774
0.22650000 0.22649900 5427.98579584 0 70.06345699 0 1173.27889941 0 -21.67983344 0 217.28440947 0 56911
0.22750000 0.22749800 5344.32330952 0 13.44911006 0 1041.66992492 0 98.43994320 0 330.47567886 0 54879
0.22850000 0.22849100 5334.12569836 0 31.30965578 0 975.46185143 0 93.86109400 0 161.01706921 0 57210
0.22950000 0.22949800 5324.61457134 0 28.94538226 0 880.08927437 0 149.75872933 0 189.38325816 0 57375
0.23050000 0.23049600 5326.57437283 0 77.24961724 0 760.97874014 0 104.37216267 0 61.32750343 0 57604
0.23150000 0.23150100 5223.00384648 0 108.13354213 0 882.74552510 0 -9.26740301 0 267.71774179 0 58629
0.23250000 0.23250200 5177.52980845 0 110.00332563 0 833.04407345 0 -74.66633314 0 238.57316840 0 58560
0.23350000 0.23350400 5176.97619221 0 46.50276773 0 957.36192205 0 24.72162252 0 359.22497025 0 59305
0.23450000 0.23449700 5158.20860164 0 -40.85422122 0 926.18889875 0 72.41300431 0 509.53620860 0 59196
0.23550000 0.23549300 5167.37648659 0 30.25424178 0 1034.42530279 0 50.79672602 0 455.01275949 0 60063
0.23650000 0.23649900 5161.79603488 0 118.90680346 0 964.22676344 0 79.47504381 0 510.05660786 0 61537
0.23750000 0.23750400 5055.05882363 0 133.53666624 0 988.80178837 0 64.18814927 0 741.70514432 0 61224
0.23850000 0.23850100 4978.27225101 0 58.39079072 0 874.85649366 0 77.22293294 0 604.36070558 0 61221
0.23950000 0.23949400 4949.29597696 0 49.97748470 0 894.58073310 0 90.84078523 0 436.52972767 0 62332
0.24050000 0.24050100 4886.09514690 0 78.33548014 0 774.27438778 0 -37.12484078 0 461.60300722 0 63447
0.24150000 0.24150500 4880.58112914 0 88.30522285 0 796.05254346 0 -88.18375945 0 291.41805306 0 63342
0.24250000 0.24250300 4802.85340891 0 55.90239644 0 745.49963004 0 -53.55960323 0 241.67452658 0 63379
0.24350000 0.24349600 4779.02576590 0 93.80229995 0 844.11086211 0 -83.60402445 0 56.38581414 0 64266
0.24450000 0.24449500 4747.35891692 0 85.39453010 0 782.08259124 0 -119.54235490 0 92.42988529 0 64695
0.24550000 0.24549600 4677.71399381 0 3.40177250 0 857.83833042 0 -40.04793453 0 -76.83861254 0 65947
0.24650000 0.24650000 4695.83938954 0 46.91344026 0 877.56810601 0 -38.56845049 0 0.74216686 0 66018
0.24750000 0.24750000 4678.82122629 0 67.19461763 0 922.65461267 0 21.13385710 0 -101.48605048 0 66303
0.24850000 0.24849600 4634.67586724 0 12.42779882 0 901.38799839 0 17.43802580 0 96.86988754 0 66958
0.24950000 0.24949200 4685.85215255 0 14.37077038 0 772.09756872 0 273.39120103 0 160.41584197 0 66975
0.25050000 0.25048900 4645.38280534 0 -5.62639078 0 654.49176343 0 231.25879063 0 174.30164453 0 68676
0.25150000 0.25150000 4652.59088880 0 76.67817456 0 604.58215207 0 226.44232933 0 126.50906168 0 69349
0.25250000 0.25249900 4574.75244532 0 109.58379524 0 475.06031081 0 25.15034293 0 187.21197527 0 68592
0.25350000 0.25349900 4451.78320588 0 100.65008996 0 459.63656234 0 -71.95560658 0 202.28362381 0 70437
0.25450000 0.25450100 4442.69282721 0 76.18755984 0 509.46534572 0 -70.70498749 0 268.72975228 0 70099
0.25550000 0.25550100 4406.26487855 0 22.16779080 0 555.19626168 0 -42.34300602 0 72.50933354 0 71064
0.25650000 0.25650300 4406.66348225 0 -10.87628931 0 531.30329196 0 15.50756597 0 -67.78654411 0 71409
0.25750000 0.25750600 4360.58046635 0 31.39513413 0 412.47842370 0 3.43347256 0 -126.85451821 0 72612
0.25850000 0.25850600 4446.21382650 0 -7.79027737 0 455.21206134 0 59.01825936 0 -305.07798019 0 71845
0.25950000 0.25949600 4441.49701613 0 -5.51875671 0 371.75330579 0 -40.61018718 0 -210.09293450 0 72816
0.26050000 0.26049800 4434.65431939 0 59.56645017 0 373.29457340 0 24.45710468 0 -288.37094927 0 73743
0.26150000 0.26149900 4427.55695918 0 81.12271646 0 224.60653788 0 49.48565204 0 -226.72578085 0 74662
0.26250000 0.26250300 4379.72451596 0 63.58415395 0 324.83543660 0 -66.07210534 0 -274.03007417 0 74931
0.26350000 0.26350100 4318.21775160 0 123.30473088 0 458.01225229 0 -12.96956768 0 -134.73690625 0 75087
0.26450000 0.26450200 4226.64962535 0 111.21928834 0 511.04979540 0 -11.28269899 0 -20.92315076 0 76678
0.26550000 0.26550600 4158.25587494 0 38.45772724 0 521.23411977 0 86.74590735 0 107.69496735 0 76035
0.26650000 0.26650100 4200.39714320 0 13.62050965 0 539.55106672 0 186.73032914 0 207.30713758 0 77094
0.26750000 0.26750600 4150.99242986 0 39.38226636 0 463.77096842 0 138.28780082 0 262.42184883 0 78463
0.26850000 0.26850100 4176.21518580 0 59.52050002 0 416.60507916 0 64.88227331 0 252.76235266 0 77076
0.26950000 0.26949700 4097.24736519 0 61.94533915 0 288.36762758 0 -10.35646580 0 381.37847775 0 79149
0.27050000 0.27049900 4068.20465719 0 65.42149553 0 373.35214949 0 -23.40811262 0 306.05455924 0 79648
0.27150000 0.27150200 4031.48882809 0 78.20848057 0 270.67958868 0 -2.14598263 0 309.75050127 0 80241
0.27250000 0.27250500 4017.37161395 0 56.85140540 0 323.21998441 0 55.20063249 0 311.47335501 0 80835
0.27350000 0.27350000 3969.21807331 0 -20.47915054 0 212.57092080 0 31.14268512 0 333.10646324 0 80680
0.27450000 0.27450400 4013.13091354 0 13.55152907 0 332.55284700 0 14.78188580 0 201.70786292 0 82617
0.27550000 0.27550800 4009.82028842 0 69.57184577 0 269.98978284 0 -64.56139734 0 155.53294673 0 82548
0.27650000 0.27649900 3906.74801669 0 125.64984927 0 372.92365052 0 -90.71644303 0 89.79766151 0 81181
0.27750000 0.27748900 3879.60974856 0 128.28727705 0 420.28662716 0 -180.23530340 0 229.13844042 0 84096
0.27850000 0.27849800 3756.13118218 0 75.32790455 0 405.71987663 0 -22.84342406 0 145.62653771 0 85215
0.27950000 0.27950200 3777.46755210 0 50.71268707 0 435.32948766 0 94.08907316 0 207.35253411 0 84514
0.28050000 0.28050300 3734.01974952 0 47.37105944 0 347.70864521 0 151.26899444 0 103.58901714 0 85815
0.28150000 0.28150100 3721.33086527 0 31.39923089 0 299.40894989 0 166.38825398 0 261.23711007 0 85485
0.28250000 0.28250000 3710.02602163 0 -25.04327355 0 204.17809859 0 183.04435220 0 296.90771171 0 87220
0.28350000 0.28350400 3748.15910831 0 -26.61587585 0 155.06458739 0 147.63173574 0 245.94180057 0 87147
0.28450000 0.28449700 3788.18556253 0 36.61141708 0 94.81121019 0 13.77109327 0 212.50670131 0 87102
0.28550000 0.28549800 3749.22205149 0 112.35641610 0 162.58933933 0 -137.13849351 0 216.67875331 0 88971
0.28650000 0.28649900 3630.06169179 0 106.13819848 0 201.91934432 0 -174.93498151 0 354.57127213 0 89434
0.28750000 0.28750100 3613.38677062 0 97.34655113 0 234.99570025 0 -6.00570649 0 271.19555902 0 89619
0.28850000 0.28849900 3538.90324156 0 32.67753079 0 237.31424507 0 7.04331619 0 339.42101008 0 90240
0.28950000 0.28950100 3555.29028229 0 16.76803943 0 212.24871615 0 80.54374460 0 79.57646630 0 91333
0.29050000 0.29050500 3550.13057893 0 42.39094918 0 215.43422400 0 -47.94316646 0 220.27393717 0 92139
0.29150000 0.29150600 3548.48080253 0 65.39935088 0 263.22237791 0 -49.66579876 0 106.84428063 0 92370
0.29250000 0.29250200 3499.13145081 0 39.25892066 0 289.20912426 0 -45.66857878 0 235.42752092 0 91819
0.29350000 0.29349600 3508.62043318 0 44.24301696 0 222.62127004 0 34.95544018 0 275.19709721 0 93552
0.29450000 0.29450000 3497.55918069 0 39.95226964 0 249.99759315 0 31.27776749 0 251.59643685 0 94701
0.29550000 0.29550200 3435.83096982 0 22.54591069 0 210.28005679 0 146.74152082 0 286.56616033 0 95020
0.29650000 0.29650300 3485.20246619 0 0.88677807 0 182.83729973 0 137.87369587 0 285.38363604 0 95151
0.29750000 0.29749800 3431.18059340 0 23.99372788 0 130.07656474 0 68.35156485 0 331.50983400 0 95802
0.29850000 0.29850000 3402.84651419 0 85.87894431 0 83.65019605 0 154.76009846 0 351.26286148 0 97399
0.29950000 0.29950700 3393.91114806 0 53.76222677 0 44.79619030 0 -3.49120367 0 380.48383391 0 97881
0.30050000 0.30050300 3389.68151998 0 9.57319847 0 30.98711896 0 -28.07244018 0 374.22354145 0 97188
0.30150000 0.30149700 3374.47921800 0 46.75787409 0 75.87565245 0 -88.28496049 0 403.85086820 0 98263
0.30250000 0.30249700 3365.07881423 0 62.95436011 0 54.29956670 0 -123.95799804 0 421.07608392 0 100050
0.30350000 0.30350600 3348.86893070 0 57.15799807 0 158.09729716 0 -43.33719006 0 419.29011793 0 100779
0.30450000 0.30450500 3288.55797741 0 86.24732056 0 176.68219436 0 -78.26694245 0 379.76191833 0 99982
0.30550000 0.30550300 3293.88376565 0 122.01591227 0 267.88936282 0 -24.44658597 0 305.22081318 0 101559
0.30650000 0.30649700 3189.31673006 0 57.42329097 0 194.06685156 0 36.98289357 0 426.05309393 0 100935
0.30750000 0.30749800 3178.56550266 0 4.87266442 0 234.39558025 0 45.00268916 0 380.17602328 0 103762
0.30850000 0.30850200 3203.09070214 0 11.33496036 0 135.69576958 0 77.16967506 0 407.89558846 0 102951
0.30950000 0.30950100 3215.36991036 0 39.09660038 0 191.83134918 0 49.06257850 0 340.90802331 0 104394
0.31050000 0.31050000 3166.70704278 0 57.38896677 0 118.07527187 0 7.86213676 0 416.76562787 0 103963
0.31150000 0.31149700 3142.15969866 0 35.32503438 0 110.19808782 0 38.02014896 0 324.28514206 0 105936
0.31250000 0.31250000 3133.71151482 0 10.73391028 0 105.44086346 0 22.23688210 0 380.75289140 0 105717
0.31350000 0.31349800 3133.55650228 0 49.62970298 0 171.01094959 0 -0.77496530 0 377.05362768 0 106776
0.31450000 0.31450400 3127.97605057 0 49.15027132 0 87.22589263 0 39.39178856 0 327.43743293 0 108733
0.31550000 0.31549900 3093.30860156 0 39.85926211 0 31.93081321 0 50.30234671 0 488.12233240 0 105891
0.31650000 0.31650000 3104.55808358 0 18.66351071 0 2.57084988 0 51.57223165 0 356.68055001 0 111072
0.31750000 0.31750600 3107.21544153 0 33.20966672 0 -5.55835135 0 6.84745784 0 426.00437570 0 108121
0.31850000 0.31849900 3097.59359126 0 50.73826414 0 -6.01331318 0 -39.07833105 0 288.61232596 0 110484
0.31950000 0.31950100 3069.12664416 0 64.69924778 0 -29.86361016 0 -80.64594216 0 339.55055628 0 110817
0.32050000 0.32049800 3027.27325634 0 44.18234062 0 6.11224440 0 -71.17545057 0 326.59040008 0 111088
0.32150000 0.32149900 3029.24413016 0 47.29942150 0 38.37114166 0 48.32859409 0 279.73121422 0 112635
0.32250000 0.32250100 2999.70316754 0 34.71683158 0 73.83192274 0 -22.00225954 0 283.73385964 0 113202
0.32350000 0.32350400 3018.79185553 0 33.12507416 0 37.06316793 0 76.77782548 0 305.93719260 0 113863
0.32450000 0.32450300 2965.36788828 0 43.86600430 0 38.50024497 0 47.82845718 0 244.32524115 0 114045
0.32550000 0.32549900 2964.17207720 0 67.63784279 0 47.34515020 0 -21.49215754 0 221.88274597 0 114828
0.32650000 0.32650300 2913.75978230 0 60.43119873 0 12.37310154 0 -15.63976953 0 216.81826460 0 116431
0.32750000 0.32750400 2866.32594278 0 97.29606133 0 91.07042525 0 -106.69934390 0 145.00427306 0 116442
0.32850000 0.32850400 2845.55426142 0 83.91958571 0 41.87232149 0 -105.00837845 0 217.65976128 0 116955
0.32950000 0.32949800 2793.96830009 0 13.03434078 0 146.37059794 0 26.09027259 0 236.50707259 0 117028
0.33050000 0.33049700 2814.29708845 0 -2.93225056 0 72.52527769 0 -1.06893885 0 122.93270076 0 119061
0.33150000 0.33150100 2852.62947698 0 25.70019458 0 79.47626176 0 114.62181376 0 124.61126521 0 120060
0.33250000 0.33250400 2825.57978744 0 43.04443780 0 1.95571581 0 2.49262391 0 103.75809154 0 119737
0.33350000 0.33350100 2805.89319392 0 48.17789975 0 30.03002720 0 -0.41179526 0 219.92737341 0 120531
0.33450000 0.33450000 2782.48629925 0 38.20859993 0 20.52211116 0 90.97952146 0 150.21712358 0 121704
0.33550000 0.33550300 2761.07242305 0 45.58719719 0 -65.14136571 0 28.88692039 0 132.15373287 0 122761
0.33650000 0.33650300 2743.77745168 0 84.89538970 0 -34.26585579 0 -16.03970190 0 173.83439242 0 122472
0.33750000 0.33749900 2682.07138547 0 78.41420437 0 -22.23090305 0 41.41946340 0 194.10671193 0 122985
0.33850000 0.33849800 2674.33183042 0 27.10870502 0 -43.05849965 0 -7.17386997 0 239.06920855 0 125380
0.33950000 0.33950300 2656.74897861 0 16.73316161 0 -71.04225050 0 30.66768239 0 274.73870296 0 125223
0.34050000 0.34050000 2676.56844004 0 8.28672720 0 -38.84470499 0 -9.15849562 0 290.53337431 0 125178
0.34150000 0.34149900 2703.64027422 0 4.08335160 0 -20.48479742 0 58.56152597 0 336.20782142 0 127059
0.34250000 0.34250300 2705.96546243 0 29.85453086 0 -108.40149240 0 11.03137936 0 302.63653257 0 127957
0.34350000 0.34349800 2661.25541481 0 68.54555198 0 -84.98263962 0 58.76935350 0 330.32952417 0 126732
0.34450000 0.34449700 2650.14987302 0 41.77632443 0 -121.99044592 0 35.74888297 0 341.16600847 0 129639
0.34550000 0.34550000 2635.04722197 0 20.20378182 0 -195.33352552 0 74.68128078 0 304.62180041 0 129826
0.34650000 0.34650400 2615.38277309 0 48.62677180 0 -225.17786984 0 53.26164697 0 243.33980424 0 130875
0.34750000 0.34750200 2608.93868004 0 43.29411872 0 -224.15810872 0 -40.69201166 0 230.76496494 0 130686
0.34850000 0.34850200 2579.74095950 0 31.36158499 0 -286.20963147 0 6.44129175 0 194.63375459 0 132211
0.34950000 0.34950400 2594.79932125 0 33.89991545 0 -220.25732869 0 -55.81547869 0 264.11480729 0 132768
0.35050000 0.35050300 2602.71603350 0 5.24810481 0 -266.82531241 0 13.95522603 0 197.55906281 0 132957
0.35150000 0.35150100 2609.29299444 0 0.04997394 0 -282.42511085 0 61.29428645 0 192.02954379 0 133987
0.35250000 0.35249800 2642.01171428 0 49.90496098 0 -288.49274485 0 -1.58588908 0 140.17120327 0 134778
0.35350000 0.35349800 2592.86166441 0 79.83788389 0 -286.89390114 0 -30.16643825 0 221.06893010 0 135699
0.35450000 0.35450100 2569.01187675 0 76.62425234 0 -232.70151455 0 -54.29901308 0 182.13974327 0 137380
0.35550000 0.35550100 2522.88457155 0 69.66872861 0 -286.57723265 0 -28.67388886 0 282.52586900 0 136161
0.35650000 0.35649900 2480.11218078 0 46.24865787 0 -170.05319349 0 -12.50641233 0 200.85086498 0 138792
0.35750000 0.35750000 2500.97244074 0 19.64008976 0 -182.47966364 0 -38.60820013 0 207.70241958 0 138097
0.35850000 0.35849800 2479.55856454 0 63.64316944 0 -122.96481051 0 -44.76142320 0 180.55972252 0 140028
0.35950000 0.35950300 2440.56183653 0 75.11431940 0 -170.79946819 0 -78.93670737 0 162.43321955 0 141099
0.36050000 0.36050500 2403.97887533 0 72.52837794 0 -127.92410479 0 -34.41344988 0 162.87168362 0 140821
0.36150000 0.36150200 2366.13366910 0 73.29823668 0 -103.12818698 0 -47.15470621 0 143.14190802 0 141756
0.36250000 0.36250400 2354.41914944 0 52.37253929 0 -108.89387868 0 34.64297917 0 109.55389996 0 142971
0.36350000 0.36349900 2318.30122588 0 9.33023845 0 -134.20764913 0 36.20960241 0 102.38789134 0 142270
0.36450000 0.36450000 2342.38353236 0 32.65726844 0 -158.48704299 0 13.96640908 0 107.10746979 0 145311
0.36550000 0.36550300 2344.80837149 0 10.51651626 0 -167.27625443 0 37.44582747 0 115.87520092 0 145434
0.36650000 0.36650100 2343.42433089 0 19.85278912 0 -147.36378548 0 34.34878750 0 161.80652597 0 144547
0.36750000 0.36749600 2356.10214281 0 14.02287794 0 -211.68070588 0 46.44231284 0 157.45399508 0 146892
0.36850000 0.36849900 2358.82593471 0 23.40567671 0 -193.04155428 0 66.28823712 0 269.96653096 0 148113
0.36950000 0.36949900 2365.83471632 0 32.79412237 0 -204.26114102 0 32.29974307 0 277.59868446 0 147387
0.37050000 0.37049800 2349.21515677 0 43.21362292 0 -231.69282576 0 29.44585135 0 284.36498215 0 149758
0.37150000 0.37150100 2336.18303046 0 60.00059602 0 -211.81578825 0 -9.73541910 0 340.72422271 0 150099
0.37250000 0.37250000 2302.01383607 0 47.95235649 0 -228.32241009 0 6.10912200 0 361.52247765 0 150468
0.37350000 0.37349800 2317.37115059 0 24.88471786 0 -238.67946272 0 -2.20442237 0 339.64356381 0 150709
0.37450000 0.37449700 2307.60536010 0 9.94701123 0 -236.92228477 0 1.24258058 0 348.23015171 0 153108
0.37550000 0.37550100 2314.42591219 0 58.28815027 0 -220.28168780 0 -5.79869830 0 317.05934288 0 153189
0.37650000 0.37649900 2284.03238056 0 36.60444151 0 -283.15920598 0 5.14662695 0 372.68670277 0 153547
0.37750000 0.37749900 2284.45312891 0 44.25065686 0 -277.87659981 0 66.74530269 0 378.66907987 0 155424
0.37850000 0.37850200 2258.84284160 0 23.06453838 0 -326.37448975 0 75.83080954 0 332.02137541 0 155313
0.37950000 0.37949900 2277.72115542 0 41.55974976 0 -331.79107105 0 2.19843224 0 270.29980794 0 156100
0.38050000 0.38050000 2239.72093664 0 49.89189563 0 -366.65228574 0 -77.64467779 0 275.14948621 0 157557
0.38150000 0.38149800 2211.45329138 0 76.70231223 0 -367.09628597 0 -50.03982189 0 244.42489207 0 157692
0.38250000 0.38250100 2170.00957958 0 74.83507537 0 -355.08502800 0 -74.52482883 0 219.51105399 0 159703
0.38350000 0.38350500 2157.03281489 0 20.02950343 0 -342.85010908 0 14.64226379 0 201.95477576 0 160338
0.38450000 0.38450600 2145.89405613 0 26.68419209 0 -324.61620457 0 46.12619796 0 75.74189877 0 160167
0.38550000 0.38550000 2128.85374823 0 41.79924415 0 -339.52841163 0 8.71696452 0 112.81813204 0 160033
0.38650000 0.38649600 2123.71618952 0 70.01152778 0 -356.98725341 0 -20.21884018 0 145.36965978 0 162444
0.38750000 0.38750200 2087.85292943 0 47.55685305 0 -373.46619444 0 12.33379479 0 238.11034522 0 164307
0.38850000 0.38850400 2094.47417967 0 25.61726287 0 -368.85567838 0 36.63289739 0 237.00643444 0 163882
0.38950000 0.38950500 2088.74978774 0 32.48564740 0 -395.13805580 0 7.82038302 0 235.37437376 0 164595
0.39050000 0.39050100 2076.41521789 0 20.38359637 0 -367.73183741 0 -17.18458029 0 160.18996655 0 165006
0.39150000 0.39150100 2080.41232715 0 38.06632056 0 -355.96749229 0 -65.43699679 0 220.45773777 0 166687
0.39250000 0.39250100 2074.73222452 0 50.30223599 0 -339.55387798 0 -37.95072549 0 178.96420051 0 167256
0.39350000 0.39350100 2059.36383767 0 30.60368435 0 -362.97516667 0 -33.11798787 0 133.86662152 0 167937
0.39450000 0.39449600 2057.85800149 0 36.34955659 0 -371.20301124 0 48.42248741 0 108.17207382 0 167719
0.39550000 0.39549700 2057.38189153 0 16.84454919 0 -388.74821715 0 22.45367822 0 81.75915369 0 171636
0.39650000 0.39650400 2041.28273124 0 34.66268791 0 -390.14443731 0 42.83594592 0 37.78231543 0 171093
0.39750000 0.39750000 2041.10557404 0 54.03925634 0 -423.78326734 0 23.70573671 0 69.34785263 0 170464
0.39850000 0.39849800 2014.97488747 0 54.92758896 0 -421.45143573 0 -16.87056916 0 83.70600057 0 172113
0.39950000 0.39949500 2006.08381064 0 54.66152099 0 -439.43621294 0 0.66819930 0 125.46161975 0 173232
