### header ###
fiducial parameters:
Omega_m = 0.31
Omega_nu = 0
Omega_de = 0.69
Omega_k = 0
H_0 = 100
w_de = -1
zeff = 0
beta = 0
fgrowth = 0
b_1 = 2
gamma = 0.55
Lx = 3500 Ly = 3500 Lz = 3500
nx = 700 ny = 700 nz = 700
xoffset = -685.467585 yoffset = -31.7331281 zoffset = 572.489161
bins = 400 dk = 0.001
kx_ny = 0.628318531 ky_ny = 0.628318531 kz_ny = 0.628318531
############################
A(data) = 8.06823935 (not used)
A(ran) = 8.06814975 (used)
Ngal = 479682
weighted Ngal = 0
Nran = 23820508
weighted Nran = 0
SN(data) = 3485.98377
SN(ran) = 70.2765103
SN(data+ran) = 3556.26028
############################
13 columns: k_central k_mean P_0(k) sigma^{lin}_{P_0(k)} P^img_1(k) sigma^{lin}_{P_1(k)} P_2(k) sigma^{lin}_{P_2(k)} P^img_3(k) sigma^{lin}_{P_3(k)} P_4(k) sigma^{lin}_{P_4(k)} N_modes
### header ###
0.00050000 0 0 0 0 0 0 0 0 0 0 0 0
0.00150000 0.00179520 23760.76616782 0 -27437.77451685 0 6168.52502437 0 18409.73302947 0 -53025.25283325 0 3
0.00250000 0.00253879 35455.02347153 0 -15656.15657032 0 6819.23448163 0 15792.12471909 0 36250.68073300 0 6
0.00350000 0.00331552 45736.56285163 0 -16216.85909913 0 -18375.74099227 0 505.66532384 0 -14702.71868018 0 7
0.00450000 0.00420575 43098.24929384 0 -3391.02127128 0 -25283.21083039 0 951.88555019 0 2347.55430805 0 24
0.00550000 0.00557378 67003.06640756 0 -20159.16035081 0 -52958.04382160 0 4562.96041939 0 -3363.18544669 0 45
0.00650000 0.00659388 51281.91529055 0 -16029.29391671 0 -31885.30595000 0 -16320.60678268 0 -3275.28225995 0 40
0.00750000 0.00754703 87349.57049430 0 1395.64439874 0 -55407.79568773 0 -30625.27538564 0 -33365.89722475 0 57
0.00850000 0.00846663 73372.19981299 0 1813.59144367 0 -13868.52972835 0 -56758.61931560 0 2790.11513105 0 75
0.00950000 0.00948925 64102.22802832 0 19447.20986497 0 -10436.15332387 0 -45400.62851663 0 -5558.16311874 0 112
0.01050000 0.01054430 59332.60266619 0 10936.95457541 0 29341.21787642 0 -35171.46123293 0 2646.76174162 0 105
0.01150000 0.01145670 56075.01398130 0 -11155.36725479 0 27228.39685453 0 6566.84083739 0 7393.67776555 0 144
0.01250000 0.01249090 75368.20780804 0 -22095.37779185 0 29011.59476657 0 29157.41728443 0 -23635.75962062 0 169
0.01350000 0.01339930 74093.34032842 0 -15287.22670736 0 8653.95192106 0 26274.07317841 0 -19908.37219367 0 180
0.01450000 0.01448870 103091.31613547 0 -13129.67349320 0 6515.23273141 0 14541.83780057 0 -36864.53042095 0 267
0.01550000 0.01550050 90810.88995586 0 8439.58064024 0 -3634.14737965 0 9934.58808191 0 10644.95522530 0 238
0.01650000 0.01653350 92135.25072742 0 6241.72416374 0 -13251.13689646 0 -6701.12599279 0 -32987.11299270 0 315
0.01750000 0.01747870 85231.32403325 0 3564.97856651 0 -19751.58807424 0 -16873.44796088 0 -25616.04491443 0 297
0.01850000 0.01844180 82633.31373780 0 6473.19111408 0 -11041.99772097 0 -19049.04906450 0 -26228.89809315 0 388
0.01950000 0.01947590 71284.62369168 0 10243.59452295 0 -6840.74800876 0 -15853.90829158 0 -13422.86865440 0 399
0.02050000 0.02045430 65574.40433621 0 8229.58292773 0 -1055.45607655 0 -13351.67360581 0 -10264.18904711 0 462
0.02150000 0.02154770 61916.32966262 0 6326.95892020 0 -641.30241010 0 76.65946233 0 -7107.05956529 0 571
0.02250000 0.02255340 63268.48196948 0 -297.13690883 0 6773.86009453 0 3554.10554354 0 -16225.60623574 0 510
0.02350000 0.02348930 59227.41558041 0 -2108.18171780 0 9513.51864138 0 -4553.60430492 0 -10516.94807807 0 555
0.02450000 0.02439640 63807.92563464 0 -1272.27655561 0 8968.47237986 0 -1380.26493957 0 -6050.04007648 0 592
0.02550000 0.02547300 62271.64056605 0 1263.78408248 0 12510.39836609 0 3037.61480772 0 -5553.40201907 0 837
0.02650000 0.02652900 57990.19400518 0 3130.14622623 0 2833.61829526 0 6309.32070676 0 -476.91824691 0 723
0.02750000 0.02749970 58893.03137089 0 1262.24502933 0 8948.03286824 0 1711.03957120 0 -7469.50104591 0 826
0.02850000 0.02848090 55245.91829888 0 427.08835630 0 -3706.77075814 0 281.58472139 0 -6878.61535964 0 831
0.02950000 0.02946900 57464.36929954 0 465.34656025 0 3526.75690124 0 -5377.18596958 0 -9590.19449075 0 996
0.03050000 0.03053250 56648.22823716 0 -1133.01992637 0 3769.59512916 0 -5381.71455043 0 -14397.89757793 0 1041
0.03150000 0.03150510 57350.43507716 0 15.96640311 0 8028.19948393 0 -8052.66932178 0 -19718.70326953 0 1036
0.03250000 0.03246190 55410.56376893 0 4494.47809038 0 7936.62028536 0 -9910.47255845 0 -24911.84505597 0 1059
0.03350000 0.03345080 53310.47592058 0 4102.39599623 0 17580.08373081 0 -5880.05774587 0 -18739.68830906 0 1302
0.03450000 0.03451200 50040.04333889 0 3333.63341175 0 18086.42114476 0 -3556.28679153 0 -14073.03556775 0 1339
0.03550000 0.03553350 49013.19593521 0 1745.86203275 0 21534.56453979 0 4757.23543066 0 -12244.66257044 0 1365
0.03650000 0.03647120 49491.07747439 0 -2381.51312827 0 21244.02673654 0 2756.37775733 0 -12846.66487083 0 1308
0.03750000 0.03744890 50224.50827037 0 162.64691542 0 19838.94871706 0 4275.71109662 0 -9188.92236699 0 1579
0.03850000 0.03847530 49365.62803419 0 608.57593963 0 19941.03555189 0 678.14224924 0 -5890.90862419 0 1662
0.03950000 0.03950240 47901.97741641 0 2094.97243429 0 17484.19739788 0 3187.92161714 0 -930.83263178 0 1683
0.04050000 0.04050350 46126.19796200 0 3085.09293654 0 16743.34814426 0 3648.94000561 0 -2096.43398116 0 1822
0.04150000 0.04152450 44274.13018958 0 2448.52283807 0 16034.27646287 0 662.09180718 0 -4853.53143960 0 1887
0.04250000 0.04250150 40814.02868376 0 1444.84981023 0 11734.78201255 0 2806.33608691 0 -722.23224667 0 1920
0.04350000 0.04349210 41697.48948104 0 -1194.07272542 0 13045.19165483 0 1025.52315363 0 -1447.21928775 0 2005
0.04450000 0.04448520 42132.18895342 0 -1072.33694297 0 10768.57773190 0 1698.42819323 0 -3004.40890559 0 2151
0.04550000 0.04548030 42707.17478125 0 1204.69108492 0 11505.25271906 0 -449.91949008 0 -7028.18032329 0 2274
0.04650000 0.04648670 40354.41648053 0 2637.48313343 0 12858.29081189 0 -2777.60340401 0 -554.92941866 0 2311
0.04750000 0.04749250 39797.03564916 0 2138.64168337 0 13051.50287998 0 389.08149413 0 -1024.82781163 0 2568
0.04850000 0.04851840 37748.98772746 0 585.56986313 0 13916.80506456 0 2687.90650065 0 -1728.62242301 0 2493
0.04950000 0.04949480 36777.05905488 0 1086.89483564 0 14808.12721246 0 3388.82895097 0 -2220.06756009 0 2644
0.05050000 0.05050630 35123.29661997 0 2608.71723355 0 13318.45663136 0 1537.68018151 0 -1512.73423370 0 2829
0.05150000 0.05149060 35202.13157267 0 814.71051802 0 13035.33728574 0 1629.53618821 0 3139.83451045 0 2784
0.05250000 0.05249300 33142.12554016 0 -534.55080483 0 10737.81881355 0 1204.46963842 0 2141.19939040 0 3055
0.05350000 0.05348950 35531.75468253 0 -869.65692993 0 11540.57343523 0 1668.82079667 0 3826.62867430 0 3009
0.05450000 0.05448610 35493.66588515 0 -1211.55592631 0 11902.41701030 0 -97.23250618 0 1086.14413202 0 3336
0.05550000 0.05550870 35979.74094469 0 415.56870956 0 11470.92851212 0 1460.96004285 0 1558.49615217 0 3349
0.05650000 0.05647670 35529.31877107 0 651.93184193 0 11455.31653412 0 -273.84073741 0 498.74733529 0 3324
0.05750000 0.05747970 34907.60773250 0 1180.09945150 0 10310.29420765 0 -77.84674772 0 -224.26993920 0 3639
0.05850000 0.05849280 34305.49470886 0 382.36502189 0 10044.73556920 0 805.98441883 0 -645.52982372 0 3846
0.05950000 0.05951020 34139.85272957 0 145.23679188 0 8445.05036870 0 2025.77040417 0 -2190.43801887 0 3787
0.06050000 0.06049470 33915.74887524 0 -133.07827200 0 8042.12846855 0 513.96735299 0 -2747.86313954 0 3930
0.06150000 0.06148310 32699.34327067 0 263.18030308 0 7493.15153172 0 264.98952095 0 -4016.70727446 0 4083
0.06250000 0.06249100 33231.70064795 0 923.56807947 0 8176.60185348 0 291.96945484 0 -2443.35206238 0 4303
0.06350000 0.06350600 31501.76061828 0 502.23843931 0 7356.39724788 0 773.42292600 0 -4486.20706375 0 4470
0.06450000 0.06451750 32030.68557487 0 934.46103263 0 8502.15034779 0 -1274.96713054 0 -2934.50931901 0 4479
0.06550000 0.06550280 31476.73716419 0 194.51528072 0 8738.71056754 0 -2204.55523302 0 -2848.74309097 0 4636
0.06650000 0.06648880 30651.40607221 0 1268.62268842 0 11211.39321837 0 -2460.54738282 0 -2473.10339917 0 4653
0.06750000 0.06749660 30959.99176491 0 1073.82617065 0 11152.59917358 0 -873.21778959 0 -2006.13917227 0 5220
0.06850000 0.06852730 30109.41577234 0 -109.86303927 0 12275.44363344 0 -504.49276464 0 -3308.75389788 0 5029
0.06950000 0.06949320 29555.35663841 0 1101.14048875 0 11999.96419195 0 1403.26215822 0 -2765.95531830 0 5040
0.07050000 0.07048030 29992.27057576 0 253.21188905 0 12262.71045990 0 1647.69480091 0 -4811.45660529 0 5475
0.07150000 0.07148790 28403.94558052 0 1082.19684822 0 12713.79697301 0 616.64434273 0 -2571.03811219 0 5509
0.07250000 0.07249820 28027.81870643 0 1578.91351914 0 11502.26319135 0 370.83098113 0 -1725.41144881 0 5916
0.07350000 0.07351270 27613.71375821 0 273.34691173 0 12610.38145920 0 517.12185833 0 1639.21340010 0 5721
0.07450000 0.07449140 27484.83189733 0 -582.36885402 0 12313.86460056 0 626.39241750 0 -767.96205540 0 6028
0.07550000 0.07549160 27900.15480127 0 -175.80083731 0 13011.64251063 0 810.64033141 0 -1201.17008563 0 6183
0.07650000 0.07648840 27318.30413205 0 785.37328618 0 12175.79271007 0 273.72669247 0 -2309.12226860 0 6330
0.07750000 0.07749960 26639.45989742 0 1081.30884777 0 12666.51814604 0 16.58335305 0 -233.13001352 0 6583
0.07850000 0.07848650 25898.27847406 0 292.39241765 0 11388.77186196 0 1889.01612033 0 -742.17793259 0 6549
0.07950000 0.07947320 25094.31696898 0 84.95728399 0 10082.95723448 0 1070.81560554 0 -1077.04932441 0 6828
0.08050000 0.08048110 25346.76597485 0 -336.60531788 0 8803.17364264 0 1733.27279944 0 -1759.85745133 0 7147
0.08150000 0.08149960 25056.22817160 0 137.46291262 0 9624.87301208 0 1539.51818743 0 -1746.22741947 0 7386
0.08250000 0.08250610 24280.16892506 0 963.49931170 0 7803.51986871 0 629.25572070 0 -901.83310585 0 7227
0.08350000 0.08350160 23578.18353156 0 1195.47891067 0 7364.76792545 0 631.57205105 0 -102.07808769 0 7798
0.08450000 0.08449610 22859.58965083 0 226.70474343 0 7456.64607679 0 847.67947240 0 347.63446063 0 7371
0.08550000 0.08548940 23013.05207282 0 37.41504641 0 7116.27173954 0 440.70510136 0 969.57912525 0 8256
0.08650000 0.08650700 22392.66971323 0 796.25516701 0 7305.44240907 0 78.48074904 0 -21.29551305 0 8037
0.08750000 0.08749060 22001.92737038 0 958.89654627 0 8001.14979440 0 -692.29268036 0 1404.63512649 0 8155
0.08850000 0.08849210 21110.60522248 0 691.01050514 0 8185.43756868 0 -168.61489850 0 1470.32722964 0 8718
0.08950000 0.08949900 20909.08891078 0 551.35305774 0 8611.66671257 0 454.22883890 0 2590.50325922 0 8571
0.09050000 0.09049190 20860.92429782 0 -204.88119121 0 8125.30377259 0 1044.89307867 0 2292.14839466 0 8932
0.09150000 0.09150830 20594.08126969 0 -205.54885240 0 8005.06939738 0 1495.79357673 0 2901.10411503 0 9285
0.09250000 0.09250820 21032.76677900 0 159.80132795 0 7410.25303580 0 965.83778670 0 1718.22551001 0 9204
0.09350000 0.09350330 20713.88382423 0 715.28436284 0 8236.31490122 0 66.72747624 0 2398.37627897 0 9349
0.09450000 0.09448040 19924.98068090 0 820.26993231 0 6392.75067427 0 -38.06333103 0 2759.86553965 0 9564
0.09550000 0.09549270 19208.15837214 0 712.82077057 0 7203.37771889 0 434.59649976 0 2973.10744333 0 10155
0.09650000 0.09649430 18947.84801565 0 267.82403611 0 6749.27953343 0 169.69777187 0 2378.53467289 0 9913
0.09750000 0.09749140 18706.13916486 0 586.92179399 0 7221.89064599 0 530.60905719 0 1126.35438683 0 10476
0.09850000 0.09850240 17895.86643463 0 717.17773039 0 7204.24136023 0 -879.66631156 0 1251.48272960 0 10575
0.09950000 0.09950330 17040.64006564 0 1009.66094110 0 7029.60865319 0 -104.95268466 0 894.58405479 0 10882
0.10050000 0.10051200 17016.28095104 0 115.74233303 0 6911.67732154 0 153.86545461 0 1124.81533368 0 10875
0.10150000 0.10150300 16198.47903994 0 -10.38017165 0 6873.80997066 0 1270.54927294 0 961.34242282 0 11118
0.10250000 0.10250800 16901.90383566 0 144.11848707 0 6002.42907976 0 737.98595042 0 178.89555209 0 11575
0.10350000 0.10349800 16413.83575766 0 144.53812818 0 5758.62755958 0 976.30666981 0 539.56767520 0 11364
0.10450000 0.10450100 16221.06658257 0 169.09875910 0 5230.69911223 0 -55.35021960 0 286.65806062 0 12093
0.10550000 0.10551000 15925.54623316 0 144.09634242 0 5250.64036922 0 -9.20991549 0 1011.08262760 0 12067
0.10650000 0.10649700 16264.13792611 0 67.18742062 0 5257.04017297 0 165.69844814 0 321.95331045 0 12054
0.10750000 0.10749900 16010.58168776 0 192.57430218 0 5401.65580743 0 167.67707259 0 1128.71279201 0 12807
0.10850000 0.10850100 15737.20598799 0 431.91146099 0 5668.77564368 0 37.95305067 0 985.72700377 0 12736
0.10950000 0.10950300 15523.17794925 0 449.00823774 0 5592.57590427 0 17.30294344 0 445.68432583 0 12933
0.11050000 0.11050200 15344.24918018 0 255.75298759 0 6136.51493331 0 -542.48191109 0 149.71111834 0 13428
0.11150000 0.11150900 14912.31778900 0 532.97742747 0 6516.22924065 0 -312.73670727 0 -163.71982370 0 13453
0.11250000 0.11250000 14984.84151656 0 167.38587045 0 6286.75530878 0 -600.55071861 0 289.83249615 0 13668
0.11350000 0.11349100 14530.76547575 0 -99.42892326 0 5921.74504881 0 424.03350188 0 -915.41663394 0 13791
0.11450000 0.11448600 14805.80202425 0 172.91428223 0 5619.93561890 0 -32.89078377 0 -1321.85842615 0 14205
0.11550000 0.11549300 14510.61384458 0 315.86242457 0 5996.00713137 0 117.13412426 0 -1920.87119884 0 14776
0.11650000 0.11649800 14184.53387867 0 547.52646228 0 5850.60536185 0 247.87835018 0 -1232.84800693 0 14553
0.11750000 0.11747300 13912.48685788 0 44.50974926 0 5438.63737232 0 578.87664277 0 -1136.45234706 0 14568
0.11850000 0.11849100 13837.41649561 0 -308.41074996 0 5292.33874449 0 1278.57670843 0 -555.88938922 0 16015
0.11950000 0.11950300 14141.01964213 0 -163.59692089 0 4988.10447545 0 1142.86322313 0 -457.14861095 0 15270
0.12050000 0.12050700 14000.95473318 0 87.64630880 0 4653.27737293 0 518.26230779 0 -484.68216108 0 15999
0.12150000 0.12150000 14031.29290318 0 293.86946578 0 4378.53977721 0 379.18837190 0 -259.87299966 0 15670
0.12250000 0.12250700 13517.42630835 0 451.22823887 0 4271.11608182 0 -271.41921998 0 47.91216396 0 16887
0.12350000 0.12352200 13362.41376089 0 246.24186057 0 4147.02853758 0 -404.89720290 0 124.78067178 0 16407
0.12450000 0.12449800 13162.44757466 0 85.34005426 0 4452.07108633 0 -109.74988011 0 -451.08762034 0 16306
0.12550000 0.12549900 13223.67753091 0 95.80683364 0 4921.15012727 0 14.98063403 0 -78.56423437 0 17523
0.12650000 0.12650100 13172.74483674 0 -46.05101688 0 4919.01316858 0 -102.39807788 0 157.40306239 0 17154
0.12750000 0.12750600 13392.53048439 0 -81.60613416 0 4633.80115358 0 269.26676003 0 687.51497220 0 18007
0.12850000 0.12850300 13406.37089042 0 -100.53050885 0 4868.41264416 0 376.66498908 0 745.02684177 0 17496
0.12950000 0.12949900 13648.96552719 0 214.53736569 0 5093.19191030 0 302.71182438 0 557.46387381 0 18405
0.13050000 0.13049000 13250.36183372 0 410.51972944 0 4540.12928561 0 290.59648656 0 825.55807464 0 18100
0.13150000 0.13148800 12832.60301831 0 443.56397563 0 4536.84080514 0 235.51942122 0 775.94077266 0 19059
0.13250000 0.13249300 12445.51454265 0 431.03564010 0 4342.52150457 0 315.94325254 0 1304.85133523 0 18957
0.13350000 0.13349100 12208.34534504 0 237.18580610 0 4185.71524049 0 541.28831448 0 205.66068288 0 19468
0.13450000 0.13450700 11845.61598398 0 199.30959736 0 3923.25685299 0 496.82850140 0 1041.47173030 0 19953
0.13550000 0.13551000 11682.29919291 0 86.65433922 0 3513.71370260 0 577.75280180 0 1016.21907909 0 19956
0.13650000 0.13649900 11662.36900823 0 -105.81112200 0 3288.60226671 0 558.44488179 0 1335.44416870 0 19723
0.13750000 0.13749600 11619.74055768 0 39.30453864 0 3204.16471764 0 381.21017841 0 1040.73099177 0 20946
0.13850000 0.13851100 11622.73008538 0 -5.72552131 0 2689.16874568 0 254.68340101 0 1420.03673032 0 20955
0.13950000 0.13949800 11349.57583211 0 372.33128114 0 2984.95483088 0 389.39816262 0 990.52907104 0 20506
0.14050000 0.14048300 11186.81265727 0 309.59881042 0 2307.08496084 0 -194.45216847 0 751.54179769 0 21447
0.14150000 0.14148400 10786.41524718 0 262.80605850 0 2627.81699386 0 25.95485805 0 729.91976179 0 21771
0.14250000 0.14249400 10835.41028450 0 41.43297164 0 2174.70424531 0 100.68009596 0 854.65282257 0 22470
0.14350000 0.14350900 10730.36713895 0 -49.16621546 0 2703.92815466 0 -14.88751578 0 936.81943781 0 22519
0.14450000 0.14449900 10876.99793652 0 143.23491555 0 2518.58850952 0 -36.65382408 0 476.71230167 0 22218
0.14550000 0.14550500 10813.32099649 0 221.33245143 0 2946.11311542 0 -147.76903256 0 1015.49605628 0 23559
0.14650000 0.14650700 10473.74386663 0 195.85281755 0 2763.72978101 0 -283.24557012 0 758.29813030 0 23044
0.14750000 0.14750500 10506.46258646 0 97.20150367 0 3082.85632693 0 -223.95548518 0 560.99483819 0 23649
0.14850000 0.14849900 10361.60336086 0 243.66533059 0 3194.57608435 0 59.41077328 0 241.36560872 0 23640
0.14950000 0.14949500 10071.94027128 0 313.14970499 0 2832.35605023 0 82.39503731 0 44.64671392 0 24457
0.15050000 0.15050000 9853.05148194 0 58.05585289 0 2544.47560495 0 239.46116885 0 -17.41820634 0 24591
0.15150000 0.15149900 9802.73883797 0 39.39156711 0 2546.67899759 0 319.17304969 0 -292.70797891 0 25020
0.15250000 0.15250500 9729.34039674 0 13.81128581 0 2159.95590865 0 371.26723073 0 136.28924619 0 25297
0.15350000 0.15350100 9698.45968282 0 131.28234091 0 2297.55168917 0 348.38294979 0 -57.85522237 0 25452
0.15450000 0.15450400 9644.28279749 0 165.75934593 0 2376.03232748 0 38.65769343 0 366.07984655 0 26061
0.15550000 0.15549900 9421.15330774 0 225.30630880 0 2506.81862824 0 39.38215564 0 519.85340086 0 26128
0.15650000 0.15649500 9352.79277431 0 265.56638908 0 2565.92269812 0 -282.29667188 0 734.83919570 0 26331
0.15750000 0.15749700 9149.62668621 0 58.93853863 0 2558.48209584 0 52.79705222 0 879.87557850 0 27345
0.15850000 0.15849900 9272.33018985 0 58.16469384 0 2696.94151770 0 -190.43402179 0 239.72690465 0 26980
0.15950000 0.15949700 9077.95552766 0 237.31092337 0 2720.99060721 0 -215.26703189 0 538.48480184 0 27777
0.16050000 0.16050000 8953.53581367 0 194.45549016 0 2646.57351210 0 -178.28435976 0 44.79309005 0 28224
0.16150000 0.16150500 8719.62187956 0 128.09461859 0 2733.05944126 0 14.38261777 0 215.85607957 0 28075
0.16250000 0.16249700 8714.49539317 0 202.89481614 0 2791.29986981 0 150.17061982 0 87.71872180 0 28590
0.16350000 0.16349900 8653.92977641 0 43.36254569 0 2970.52759165 0 144.43847726 0 -309.34082525 0 29163
0.16450000 0.16449100 8583.32156104 0 66.53747515 0 2695.49104315 0 -37.63416772 0 194.27611850 0 28996
0.16550000 0.16550500 8577.51966283 0 77.89801258 0 2948.79261803 0 163.01230214 0 419.36208804 0 30777
0.16650000 0.16650700 8554.88783090 0 45.52751736 0 2882.83477908 0 131.46724873 0 475.96713421 0 29211
0.16750000 0.16749900 8554.93212020 0 65.39381472 0 2853.76992643 0 115.92945532 0 241.02679558 0 30922
0.16850000 0.16850800 8535.13480343 0 -37.42556512 0 2807.87514006 0 -35.48370079 0 427.19686508 0 30867
0.16950000 0.16949900 8556.05042501 0 -53.96374308 0 2863.90110364 0 219.13127325 0 595.49398786 0 30852
0.17050000 0.17049200 8603.22960106 0 73.31418083 0 2720.45913562 0 258.88756275 0 677.46240849 0 31257
0.17150000 0.17149500 8536.55206100 0 175.68789959 0 2884.07487946 0 137.91355624 0 612.22205620 0 32608
0.17250000 0.17250900 8389.45622579 0 211.04293997 0 2647.55894901 0 176.78516698 0 707.65110211 0 32361
0.17350000 0.17350400 8146.23046650 0 321.91455731 0 2813.13449435 0 -24.91505603 0 901.93718570 0 32508
0.17450000 0.17449800 7883.29596903 0 230.29549837 0 2729.30592315 0 -71.13138272 0 791.31137398 0 32791
0.17550000 0.17549800 7758.75445947 0 171.29329387 0 2697.11867490 0 108.37979064 0 588.86277253 0 33633
0.17650000 0.17650100 7597.09851712 0 89.21049613 0 2522.96207783 0 133.35840181 0 359.14524952 0 33984
0.17750000 0.17750300 7572.96084901 0 -32.25312858 0 2382.27711868 0 -62.93398704 0 -23.89894878 0 34069
0.17850000 0.17849800 7507.21338424 0 -20.64844638 0 2264.46758261 0 55.68261079 0 187.11343158 0 34536
0.17950000 0.17950400 7648.39659800 0 -29.77248493 0 2175.67860989 0 180.36927853 0 -118.31886301 0 35343
0.18050000 0.18050100 7632.91748791 0 -47.44114726 0 1928.78791108 0 241.94247684 0 -16.27532097 0 34990
0.18150000 0.18150500 7804.94819861 0 -40.75180222 0 2017.61010078 0 91.86918276 0 -131.09854032 0 36243
0.18250000 0.18250200 7748.29111252 0 17.98665950 0 1824.61947919 0 111.37319365 0 35.31219048 0 35694
0.18350000 0.18350400 7778.31925742 0 117.05551075 0 2031.10726473 0 35.62476221 0 50.92715800 0 37087
0.18450000 0.18450600 7448.25325458 0 250.70732917 0 1881.24334831 0 93.69323755 0 77.84907291 0 36651
0.18550000 0.18550700 7460.26672701 0 176.07321650 0 1974.63840816 0 213.30944486 0 201.48198749 0 37818
0.18650000 0.18651000 7130.01249464 0 119.03413520 0 1613.51453420 0 330.02614247 0 356.75694905 0 37267
0.18750000 0.18750100 7202.25941408 0 67.17601612 0 1753.35799666 0 151.84143363 0 407.25117915 0 38334
0.18850000 0.18850000 7153.78477603 0 64.13743802 0 1628.22965388 0 37.87720525 0 276.73393589 0 38223
0.18950000 0.18949500 7045.75210277 0 98.44038610 0 1575.83541284 0 39.49044297 0 317.68050030 0 39064
0.19050000 0.19050000 7042.24217581 0 55.21668736 0 1495.14030956 0 -50.05576604 0 609.74406990 0 39609
0.19150000 0.19149800 7019.56605458 0 14.98539513 0 1525.51169654 0 119.11053424 0 395.96848016 0 39576
0.19250000 0.19250400 7054.56567333 0 -56.31694428 0 1432.54845736 0 145.64203897 0 129.51962680 0 40909
0.19350000 0.19350500 7068.93755094 0 26.88172236 0 1267.59296221 0 157.09193006 0 107.49765852 0 40191
0.19450000 0.19450100 7007.47507587 0 117.57480278 0 1291.44274987 0 -63.27922212 0 234.23613877 0 41232
0.19550000 0.19549800 6967.52612793 0 184.32652742 0 1271.74508402 0 -66.14274677 0 229.30784699 0 40873
0.19650000 0.19649700 6793.79027920 0 123.22611737 0 1413.36011845 0 35.18109416 0 47.03357498 0 42816
0.19750000 0.19750200 6636.06501216 0 125.31325060 0 1364.69725087 0 -54.30764949 0 40.83517682 0 41727
0.19850000 0.19849000 6578.10139173 0 128.39246413 0 1443.66507148 0 99.85000377 0 53.84626572 0 42610
0.19950000 0.19949900 6575.97550537 0 66.27937926 0 1464.37031889 0 -68.89543744 0 -109.84997393 0 43863
0.20050000 0.20050100 6416.17971358 0 146.55661300 0 1486.06100321 0 -76.45706023 0 17.43625423 0 43302
0.20150000 0.20150100 6386.77161887 0 163.98888119 0 1387.27372118 0 105.92859937 0 -5.06913175 0 44487
0.20250000 0.20249700 6298.04908009 0 -11.98202703 0 1179.78942640 0 111.49941816 0 27.18421828 0 43759
0.20350000 0.20349100 6335.62855053 0 -32.25312858 0 1238.24022912 0 148.07905766 0 -161.94603726 0 45282
0.20450000 0.20449700 6352.17060381 0 12.07636323 0 1117.19757420 0 183.11742955 0 -257.26768163 0 45483
0.20550000 0.20549900 6309.59751488 0 79.54435656 0 1082.27767619 0 12.74435659 0 -256.92222509 0 46138
0.20650000 0.20650200 6261.38861262 0 137.04216428 0 1053.39219520 0 -26.11806412 0 -40.99550409 0 46227
0.20750000 0.20749300 6218.80445137 0 41.09515501 0 1205.13397791 0 -117.88150618 0 23.02966056 0 46236
0.20850000 0.20850300 6140.83313999 0 84.36502534 0 1093.05104824 0 142.06789252 0 129.52405573 0 48361
0.20950000 0.20950400 6149.77957845 0 81.07610198 0 1204.75751887 0 115.00048726 0 455.39143300 0 46812
0.21050000 0.21050300 6098.45935291 0 47.06169869 0 1073.44085375 0 215.92694245 0 333.06106671 0 48813
0.21150000 0.21149700 6013.18030716 0 91.25566524 0 1129.01174478 0 206.99268355 0 476.55175296 0 47215
0.21250000 0.21249000 5958.97020485 0 117.23598964 0 1097.65381366 0 -48.75609655 0 378.93481566 0 50004
0.21350000 0.21350300 5878.92836873 0 77.80843747 0 1109.22550033 0 -60.35369246 0 435.02278426 0 49509
0.21450000 0.21449800 5834.31797204 0 68.46616341 0 1259.97520274 0 -247.31033992 0 413.14497766 0 49660
0.21550000 0.21550100 5775.53499958 0 108.41976173 0 1201.54654467 0 -33.82550943 0 262.71637267 0 50841
0.21650000 0.21649800 5730.97996451 0 118.18820958 0 1285.54120074 0 -231.39719469 0 156.77415434 0 50424
0.21750000 0.21750300 5624.88494809 0 161.45110434 0 1325.67837821 0 7.15057380 0 230.80150361 0 52231
0.21850000 0.21850300 5569.73369817 0 109.06417104 0 1317.72844899 0 38.31345485 0 321.15831753 0 51078
0.21950000 0.21950100 5443.49812292 0 5.16447554 0 1318.96854937 0 169.42317821 0 158.88343222 0 52791
0.22050000 0.22050700 5497.13246434 0 47.25291774 0 1259.53230975 0 164.15828776 0 173.00839699 0 52969
0.22150000 0.22150000 5429.58021062 0 60.11718760 0 1223.68012198 0 86.11533845 0 100.17353710 0 52704
0.22250000 0.22250100 5411.11157282 0 28.91404758 0 1116.44465611 0 78.57054559 0 338.38906941 0 54051
0.22350000 0.22349900 5449.17822555 0 -36.30626380 0 1168.14134069 0 -55.38155428 0 269.20364778 0 53938
0.22450000 0.22449800 5442.24695021 0 10.80228189 0 1121.80366133 0 101.91576741 0 123.25490542 0 54735
0.22550000 0.22549100 5414.88723558 0 123.76312513 0 1118.84735060 0 -62.15172729 0 115.00048726 0 54774
0.22650000 0.22649900 5385.40163459 0 45.97926821 0 991.36281710 0 76.61129772 0 144.95666206 0 56911
0.22750000 0.22749800 5351.37638042 0 -0.83881608 0 1005.37705863 0 61.31609893 0 43.54678917 0 54879
0.22850000 0.22849100 5379.62188104 0 66.07531631 0 938.45924912 0 9.43139521 0 91.09090905 0 57210
0.22950000 0.22949800 5304.35221692 0 51.49439320 0 889.92371328 0 60.17243850 0 102.48001308 0 57375
0.23050000 0.23049600 5274.15798714 0 100.35014068 0 970.18035249 0 -3.20517230 0 28.15758635 0 57604
0.23150000 0.23150100 5194.96872004 0 99.19518648 0 892.59657249 0 33.43930674 0 172.10710975 0 58629
0.23250000 0.23250200 5144.99931813 0 70.86442896 0 921.10891613 0 42.53533230 0 88.36379545 0 58560
0.23350000 0.23350400 5122.54464340 0 68.99852079 0 863.76866759 0 40.38774418 0 184.94325591 0 59305
0.23450000 0.23449700 5056.38750261 0 45.85348660 0 893.38935094 0 39.14653657 0 108.10253963 0 59196
0.23550000 0.23549300 5059.34381333 0 67.33435037 0 816.93605530 0 -41.67257675 0 47.26631525 0 60063
0.23650000 0.23649900 5064.89104807 0 44.63597376 0 854.25754057 0 -95.79653638 0 -57.13197811 0 61537
0.23750000 0.23750400 4990.21928949 0 71.18685506 0 854.21325127 0 -71.56497496 0 47.22335463 0 61224
0.23850000 0.23850100 4947.91193636 0 75.89004648 0 862.46656219 0 88.90036031 0 70.25168651 0 61221
0.23950000 0.23949400 4905.61565555 0 46.78068308 0 827.29532240 0 186.95841903 0 -53.92554356 0 62332
0.24050000 0.24050100 4933.39611852 0 0.40148582 0 909.21502481 0 134.62396854 0 43.43230133 0 63447
0.24150000 0.24150500 4890.76766797 0 51.84317144 0 767.62767119 0 78.09487852 0 105.10127526 0 63342
0.24250000 0.24250300 4864.93593417 0 62.47968955 0 877.76519339 0 61.94976808 0 138.11728702 0 63379
0.24350000 0.24349600 4847.98420487 0 72.55461935 0 764.43994887 0 -2.46520883 0 408.53667607 0 64266
0.24450000 0.24449500 4793.58587304 0 36.65880663 0 888.67475504 0 39.48512826 0 325.97588606 0 64695
0.24550000 0.24549600 4866.19817920 0 -6.53909359 0 787.32312258 0 -30.70134226 0 374.87459415 0 65947
0.24650000 0.24650000 4803.42916980 0 78.14547904 0 873.49016878 0 -38.80550896 0 347.31889938 0 66018
0.24750000 0.24750000 4792.23504941 0 82.97046603 0 893.69826881 0 -75.49243929 0 557.09516539 0 66303
0.24850000 0.24849600 4751.35602618 0 29.60075317 0 954.39232453 0 -52.52533737 0 421.70609921 0 66958
0.24950000 0.24949200 4713.00149301 0 65.03031029 0 975.19943733 0 81.56372716 0 416.87635112 0 66975
0.25050000 0.25048900 4720.68568643 0 53.38842509 0 918.89998733 0 43.97063777 0 341.07632264 0 68676
0.25150000 0.25150000 4682.28686396 0 42.25918852 0 857.65231536 0 57.06233319 0 322.04631798 0 69349
0.25250000 0.25249900 4652.42480392 0 110.99341291 0 810.47978270 0 45.79236737 0 273.92820878 0 68592
0.25350000 0.25349900 4554.55652485 0 62.33652439 0 755.53115633 0 6.94723056 0 243.68083184 0 70437
0.25450000 0.25450100 4466.09972187 0 134.44127518 0 667.78741107 0 135.85853276 0 365.53619540 0 70099
0.25550000 0.25550100 4426.58259460 0 70.05360262 0 673.46640647 0 37.01168162 0 305.99476869 0 71064
0.25650000 0.25650300 4374.32122145 0 32.63634174 0 616.07301077 0 132.40396741 0 286.25613523 0 71409
0.25750000 0.25750600 4351.06933933 0 25.69554421 0 515.65809699 0 114.53655685 0 263.45157504 0 72612
0.25850000 0.25850600 4344.64739094 0 49.53946353 0 572.55545253 0 11.34869005 0 346.17402099 0 71845
0.25950000 0.25949600 4297.98861415 0 50.92217546 0 478.40747460 0 25.82276522 0 246.85416013 0 72816
0.26050000 0.26049800 4292.48566872 0 64.18305600 0 601.32578134 0 -65.98994869 0 276.24232467 0 73743
0.26150000 0.26149900 4291.85454620 0 57.79487820 0 586.02936461 0 -93.89320374 0 297.89425585 0 74662
0.26250000 0.26250300 4204.08422737 0 117.54269304 0 664.13686557 0 -98.43318908 0 370.06256179 0 74931
0.26350000 0.26350100 4195.81320073 0 64.00910978 0 712.99460607 0 -24.20321627 0 365.73439001 0 75087
0.26450000 0.26450200 4130.36468872 0 36.00598235 0 735.46035313 0 130.39323323 0 393.72301269 0 76678
0.26550000 0.26550600 4155.72031256 0 28.63867887 0 693.70329454 0 164.17268178 0 242.58356445 0 76035
0.26650000 0.26650100 4120.14493292 0 4.58776243 0 579.61405961 0 117.20830883 0 294.99109228 0 77094
0.26750000 0.26750600 4130.77436474 0 26.71940208 0 463.98577153 0 67.00439509 0 192.84889583 0 78463
0.26850000 0.26850100 4095.98512016 0 48.38240559 0 409.50882619 0 -23.31853751 0 248.27806111 0 77076
0.26950000 0.26949700 4083.50661009 0 57.49581470 0 444.33128774 0 -116.60818883 0 129.48751706 0 79149
0.27050000 0.27049900 4025.93052103 0 111.60681971 0 467.66731953 0 -110.10895561 0 105.53531039 0 79648
0.27150000 0.27150200 3982.16162103 0 89.83962562 0 534.45558283 0 -156.25154061 0 40.94091753 0 80241
0.27250000 0.27250500 3921.27490685 0 84.65788833 0 599.05484752 0 15.24338030 0 180.57411654 0 80835
0.27350000 0.27350000 3898.49913470 0 14.31662671 0 585.64736940 0 52.74844471 0 161.90839136 0 80680
0.27450000 0.27450400 3901.47759007 0 -14.72752069 0 525.64422674 0 173.36049692 0 209.27911863 0 82617
0.27550000 0.27550800 3924.66303824 0 8.84376479 0 455.18548776 0 183.80169922 0 65.46423470 0 82548
0.27650000 0.27649900 3926.34603162 0 46.06020691 0 426.49266522 0 16.72264290 0 152.46480552 0 81181
0.27750000 0.27748900 3887.27179733 0 58.68354299 0 357.52093946 0 -36.84216432 0 146.50678754 0 84096
0.27850000 0.27849800 3868.90281046 0 23.16042472 0 354.55134195 0 -31.54239605 0 70.40570255 0 85215
0.27950000 0.27950200 3887.65932870 0 0.98499955 0 355.32529745 0 27.77005498 0 5.46265324 0 84514
0.28050000 0.28050300 3885.35628514 0 28.14961428 0 328.06634098 0 -8.33362956 0 37.15916498 0 85815
0.28150000 0.28150100 3889.46411764 0 27.83637821 0 383.67044899 0 55.83950563 0 70.57898443 0 85485
0.28250000 0.28250000 3867.36375731 0 34.19432857 0 335.26556658 0 112.62215189 0 38.04196144 0 87220
0.28350000 0.28350400 3861.73901630 0 60.81219743 0 328.52252076 0 -19.86131481 0 95.44078258 0 87147
0.28450000 0.28449700 3792.40411828 0 68.77685284 0 262.32551960 0 23.93947349 0 90.95793043 0 87102
0.28550000 0.28549800 3823.72772520 0 33.52401002 0 338.79874543 0 -5.50638893 0 153.19447173 0 88971
0.28650000 0.28649900 3785.33997505 0 33.34751717 0 333.84055837 0 -25.62235614 0 156.69664807 0 89434
0.28750000 0.28750100 3772.45178896 0 90.56032325 0 345.85403080 0 -32.09601229 0 77.66028977 0 89619
0.28850000 0.28849900 3673.84166413 0 148.25842932 0 338.45661059 0 -67.04458763 0 54.72009359 0 90240
0.28950000 0.28950100 3622.56572789 0 146.27316148 0 400.87573452 0 -70.73366481 0 112.71958835 0 91333
0.29050000 0.29050500 3521.34253440 0 72.33516587 0 373.26910705 0 -38.92088259 0 136.32024870 0 92139
0.29150000 0.29150600 3499.95080285 0 48.09142489 0 419.46173896 0 92.85816281 0 87.06722621 0 92370
0.29250000 0.29250200 3503.52716377 0 -10.45940521 0 379.49064637 0 31.41561793 0 113.26434673 0 91819
0.29350000 0.29349600 3525.06283554 0 0.20990581 0 355.39062417 0 95.32120147 0 151.25460042 0 93552
0.29450000 0.29450000 3542.18064971 0 23.23494146 0 276.86901825 0 104.64830645 0 249.97987743 0 94701
0.29550000 0.29550200 3515.26382807 0 22.42201137 0 222.73531498 0 64.06934322 0 125.20142012 0 95020
0.29650000 0.29650300 3488.21413854 0 57.84304281 0 191.09946851 0 11.05778686 0 153.46020752 0 95151
0.29750000 0.29749800 3443.28264443 0 90.14732553 0 228.82730810 0 73.02242507 0 163.28800303 0 95802
0.29850000 0.29850000 3402.21539168 0 24.40285028 0 88.76129191 0 42.92474596 0 209.33005132 0 97399
0.29950000 0.29950700 3404.59594151 0 -14.63562039 0 114.32507545 0 142.09778779 0 133.09155879 0 97881
0.30050000 0.30050300 3450.09212419 0 2.84153501 0 63.83671368 0 74.71715511 0 208.91373191 0 97188
0.30150000 0.30149700 3389.77009858 0 62.68652058 0 38.47411428 0 99.24456905 0 249.21588702 0 98263
0.30250000 0.30249700 3369.92849250 0 85.81350687 0 68.90197011 0 -47.69780375 0 276.78043965 0 100050
0.30350000 0.30350600 3292.13433833 0 83.80996970 0 14.30799030 0 -25.09365263 0 276.31872371 0 100779
0.30450000 0.30450500 3300.12855685 0 63.64128715 0 81.42432659 0 -34.15579688 0 297.13247990 0 99982
0.30550000 0.30550300 3274.18609980 0 25.90658272 0 76.58118099 0 -116.22287192 0 268.36658002 0 101559
0.30650000 0.30649700 3246.94818074 0 47.23498057 0 105.25617708 0 -49.21936262 0 251.54771862 0 100935
0.30750000 0.30749800 3233.68353561 0 46.01591761 0 114.71149959 0 -72.38919882 0 128.76449425 0 103762
0.30850000 0.30850200 3227.51625069 0 62.70257545 0 90.08775642 0 15.56713508 0 116.20737067 0 102951
0.30950000 0.30950100 3185.79573077 0 38.50367739 0 61.37112839 0 69.43565617 0 61.15377865 0 104394
0.31050000 0.31050000 3163.06424792 0 17.21857233 0 25.64007186 0 43.26998105 0 54.97874310 0 103963
0.31150000 0.31149700 3179.49557795 0 25.29616545 0 12.27278628 0 42.54131136 0 49.59172491 0 105936
0.31250000 0.31250000 3156.57586557 0 62.12271780 0 -40.04660585 0 -42.23637953 0 81.38036946 0 105717
0.31350000 0.31349800 3131.15380779 0 70.70587327 0 -8.05080917 0 25.15012149 0 192.82785841 0 106776
0.31450000 0.31450400 3091.66989749 0 69.43155941 0 23.02844260 0 31.35161989 0 168.22736713 0 108733
0.31550000 0.31549900 3110.20496923 0 28.10820378 0 -13.38832300 0 62.85526281 0 163.42087093 0 105891
0.31650000 0.31650000 3070.36674454 0 33.28097249 0 21.13230698 0 -10.61664329 0 150.25476949 0 111072
0.31750000 0.31750600 3028.09260838 0 88.16405071 0 2.30895618 0 3.19925968 0 169.31577666 0 108121
0.31850000 0.31849900 3030.40672426 0 25.82763704 0 33.59000108 0 -58.30021910 0 192.06276077 0 110484
0.31950000 0.31950100 3025.73420319 0 28.72781108 0 11.30539726 0 -3.41690837 0 220.42894972 0 110817
0.32050000 0.32049800 3007.33199934 0 6.73043444 0 -11.37792098 0 32.40293714 0 202.73537466 0 111088
0.32150000 0.32149900 3030.42886891 0 16.04446300 0 0.54920392 0 65.54915944 0 229.73966766 0 112635
0.32250000 0.32250100 3046.09620853 0 24.80400061 0 -15.88967190 0 14.94531332 0 164.32880156 0 113202
0.32350000 0.32350400 3028.75694787 0 45.40926493 0 -7.08010953 0 0.57394724 0 201.17639133 0 113863
0.32450000 0.32450300 3023.73011240 0 83.10975587 0 -22.28261080 0 -29.55701749 0 255.94343158 0 114045
0.32550000 0.32549900 2974.85687065 0 68.94404495 0 49.61032641 0 -95.45484443 0 246.05141658 0 114828
0.32650000 0.32650300 2933.37994188 0 78.62324986 0 81.27097489 0 -16.79361650 0 239.74794207 0 116431
0.32750000 0.32750400 2894.93683011 0 67.44352349 0 63.31221765 0 -25.90724706 0 289.99193763 0 116442
0.32850000 0.32850400 2870.83237898 0 62.49042970 0 50.34763252 0 69.15364406 0 275.17163086 0 116955
0.32950000 0.32949800 2834.50408125 0 28.31370613 0 11.54267718 0 60.08042748 0 207.76221013 0 117028
0.33050000 0.33049700 2818.08382354 0 38.14216598 0 -30.66779311 0 115.46441767 0 209.22929317 0 119061
0.33150000 0.33150100 2814.24172683 0 12.97598962 0 -72.72557604 0 109.64347507 0 288.24140307 0 120060
0.33250000 0.33250400 2802.15074813 0 -3.49738202 0 -149.49299354 0 122.43444615 0 343.02615904 0 119737
0.33350000 0.33350100 2855.27576261 0 -24.07079126 0 -218.70831045 0 103.52944803 0 364.38910255 0 120531
0.33450000 0.33450000 2862.37312282 0 33.96579578 0 -198.77923300 0 11.70998000 0 351.58728059 0 121704
0.33550000 0.33550300 2845.59855072 0 101.21577503 0 -167.03709221 0 -127.79898752 0 366.51941784 0 122761
0.33650000 0.33650300 2774.06026006 0 127.93739158 0 -106.30561203 0 -201.58385288 0 384.17756147 0 122472
0.33750000 0.33749900 2720.14911052 0 45.40284298 0 -36.97746813 0 -144.23917541 0 339.20067082 0 122985
0.33850000 0.33849800 2704.89144692 0 31.31032012 0 15.47678491 0 -44.64549596 0 209.17614601 0 125380
0.33950000 0.33950300 2693.95199000 0 55.89940691 0 -32.03301076 0 -8.71254666 0 65.76673062 0 125223
0.34050000 0.34050000 2656.28394097 0 61.08524096 0 -66.71895055 0 39.14321487 0 78.86506943 0 125178
0.34150000 0.34149900 2626.27794071 0 38.63045551 0 -130.68775707 0 96.86623368 0 66.88448181 0 127059
0.34250000 0.34250300 2619.93349859 0 0.59029221 0 -158.65977126 0 81.51844135 0 45.88293899 0 127957
0.34350000 0.34349800 2632.74417840 0 28.57855614 0 -247.69676405 0 121.78228622 0 94.18706324 0 126732
0.34450000 0.34449700 2638.03674967 0 12.47109161 0 -209.58250033 0 19.64551520 0 159.63745754 0 129639
0.34550000 0.34550000 2626.44402558 0 15.99054078 0 -241.39661123 0 -16.20301869 0 199.16676437 0 129826
0.34650000 0.34650400 2689.12445638 0 24.50272265 0 -181.23845603 0 -53.14084790 0 170.83157793 0 130875
0.34750000 0.34750200 2662.41800892 0 25.91754432 0 -183.83159450 0 -90.19250061 0 181.13548341 0 130686
0.34850000 0.34850200 2661.94189895 0 60.69948117 0 -141.89184255 0 -119.93652967 0 172.25326444 0 132211
0.34950000 0.34950400 2643.07465746 0 61.50875739 0 -113.38060614 0 -48.30113473 0 160.10581688 0 132768
0.35050000 0.35050300 2601.90775378 0 58.53351298 0 -137.80615469 0 25.72278213 0 160.79451548 0 132957
0.35150000 0.35150100 2584.87851821 0 47.95302083 0 -172.36952385 0 80.21799680 0 117.42975533 0 133987
0.35250000 0.35249800 2558.73675932 0 21.84547542 0 -224.89220386 0 73.92061206 0 62.13312578 0 134778
0.35350000 0.35349800 2548.80488395 0 70.89521003 0 -181.78764334 0 0.12810348 0 118.77725726 0 135699
0.35450000 0.35450100 2512.37693530 0 58.02739702 0 -182.54499036 0 -22.48733809 0 90.22029215 0 137380
0.35550000 0.35550100 2503.51907544 0 42.76663317 0 -184.52250757 0 -41.01609861 0 182.27925456 0 136161
0.35650000 0.35649900 2490.88555283 0 26.26643327 0 -168.48313784 0 -23.32529163 0 217.75387605 0 138792
0.35750000 0.35750000 2524.87759002 0 -1.91898890 0 -168.44217023 0 63.26659967 0 255.69208980 0 138097
0.35850000 0.35849800 2528.31001071 0 -1.17668918 0 -200.58512918 0 69.30533491 0 139.58104836 0 140028
0.35950000 0.35950300 2530.24766756 0 47.36729485 0 -261.88594831 0 58.90775756 0 166.29746092 0 141099
0.36050000 0.36050500 2529.08507345 0 50.48492935 0 -268.50276962 0 19.80772476 0 106.41279213 0 140821
0.36150000 0.36150200 2478.66170623 0 49.18083093 0 -284.81562578 0 -12.43023473 0 111.51270495 0 141756
0.36250000 0.36250400 2466.05032826 0 49.68174291 0 -286.55065907 0 -32.41245933 0 119.79812561 0 142971
0.36350000 0.36349900 2457.23675770 0 55.54830349 0 -262.32109067 0 -8.21621863 0 183.27022763 0 142270
0.36450000 0.36450000 2426.68821353 0 51.76134696 0 -304.81224440 0 -18.86934523 0 174.65817339 0 145311
0.36550000 0.36550300 2402.08550778 0 24.99975932 0 -285.92728719 0 52.89670314 0 127.54210959 0 145434
0.36650000 0.36650100 2389.40769586 0 32.41400946 0 -335.41725743 0 37.78375483 0 84.93214982 0 144547
0.36750000 0.36749600 2411.59663480 0 25.87425153 0 -332.47976965 0 32.70388292 0 93.02934096 0 146892
0.36850000 0.36849900 2387.22644787 0 44.13273660 0 -306.87169681 0 -18.40364325 0 57.54409004 0 148113
0.36950000 0.36949900 2362.75661003 0 65.43157135 0 -335.59220016 0 -12.76771919 0 107.06395556 0 147387
0.37050000 0.37049800 2356.36787861 0 73.45435646 0 -340.86484124 0 0.40342569 0 120.51007609 0 149758
0.37150000 0.37150100 2302.34600581 0 65.74668971 0 -302.75832814 0 -28.60324743 0 178.27882360 0 150099
0.37250000 0.37250000 2273.62439524 0 56.37285952 0 -306.55502832 0 49.25756214 0 239.67375749 0 150468
0.37350000 0.37349800 2277.13432220 0 33.68865549 0 -290.33739416 0 -13.61098745 0 168.15539702 0 150709
0.37450000 0.37449700 2265.43087487 0 39.03060933 0 -242.82161944 0 -54.36168244 0 238.57316840 0 153108
0.37550000 0.37550100 2243.47445475 0 75.20234438 0 -164.26790378 0 -109.89337744 0 196.37875298 0 153189
0.37650000 0.37649900 2229.00292622 0 77.35978687 0 -204.40508124 0 -63.23028245 0 281.10971866 0 153547
0.37750000 0.37749900 2189.78475171 0 47.96298593 0 -153.44027734 0 -28.66746691 0 323.80460316 0 155424
0.37850000 0.37850200 2186.82844098 0 -0.47576894 0 -163.08648672 0 88.72143154 0 305.54744677 0 155313
0.37950000 0.37949900 2227.96212768 0 3.60277948 0 -193.33386366 0 123.30583811 0 247.13318272 0 156100
0.38050000 0.38050000 2228.81469669 0 37.07778340 0 -187.32491298 0 65.81345583 0 243.21911590 0 157557
0.38150000 0.38149800 2182.60988523 0 46.06740392 0 -271.57976869 0 23.92972984 0 272.80215335 0 157692
0.38250000 0.38250100 2184.70255462 0 60.13346392 0 -258.17229056 0 -43.00590610 0 348.16039606 0 159703
0.38350000 0.38350500 2144.13355648 0 59.10916315 0 -239.78115904 0 -34.43891622 0 332.35908131 0 160338
0.38450000 0.38450600 2137.10263022 0 41.35048282 0 -232.08589329 0 -13.46383626 0 333.39766538 0 160167
0.38550000 0.38550000 2116.36416584 0 31.34187625 0 -237.36074883 0 -1.52135957 0 341.19036759 0 160033
0.38650000 0.38649600 2120.69344484 0 27.92894285 0 -200.94719420 0 -35.89902370 0 240.74998746 0 162444
0.38750000 0.38750200 2123.50581534 0 32.62028687 0 -231.33961860 0 -3.09274391 0 277.47799612 0 164307
0.38850000 0.38850400 2095.81393097 0 41.77422069 0 -230.68192250 0 -0.72982675 0 216.55031434 0 163882
0.38950000 0.38950500 2117.22780717 0 -1.01974672 0 -298.29950294 0 26.60701799 0 248.80399653 0 164595
0.39050000 0.39050100 2109.67648165 0 2.82668702 0 -290.30306996 0 73.78231872 0 177.09629931 0 165006
0.39150000 0.39150100 2144.79789597 0 29.38196403 0 -326.54721802 0 52.74766965 0 182.99120505 0 166687
0.39250000 0.39250100 2113.76216950 0 60.52387409 0 -371.74998409 0 3.39819614 0 149.29369169 0 167256
0.39350000 0.39350100 2073.17102672 0 78.42870911 0 -375.50903836 0 -23.86329590 0 236.04867834 0 167937
0.39450000 0.39449600 2070.41401784 0 28.57933121 0 -377.08241572 0 -37.01577838 0 217.73062416 0 167719
0.39550000 0.39549700 2068.55386727 0 10.20985715 0 -337.30619604 0 -8.68990376 0 231.49020222 0 171636
0.39650000 0.39650400 2073.33711159 0 36.36240049 0 -341.33430781 0 -3.70768976 0 173.81889117 0 171093
0.39750000 0.39750000 2071.75376914 0 40.23140295 0 -339.49519466 0 -10.90636174 0 176.43638875 0 170464
0.39850000 0.39849800 2061.11326499 0 41.82072446 0 -340.92463179 0 -20.45501287 0 131.36538335 0 172113
0.39950000 0.39949500 2062.99556021 0 24.10422968 0 -357.92065039 0 -19.14360672 0 166.26424394 0 173232
