### header ###
fiducial parameters:
Omega_m = 0.31
Omega_nu = 0
Omega_de = 0.69
Omega_k = 0
H_0 = 100
w_de = -1
zeff = 0
beta = 0
fgrowth = 0
b_1 = 2
gamma = 0.55
Lx = 3500 Ly = 3500 Lz = 3500
nx = 700 ny = 700 nz = 700
xoffset = -685.467585 yoffset = -31.7331281 zoffset = 572.489161
bins = 400 dk = 0.001
kx_ny = 0.628318531 ky_ny = 0.628318531 kz_ny = 0.628318531
############################
A(data) = 8.02238984 (not used)
A(ran) = 8.02480366 (used)
Ngal = 477072
weighted Ngal = 0
Nran = 23820508
weighted Nran = 0
SN(data) = 3482.34197
SN(ran) = 69.8989502
SN(data+ran) = 3552.24092
############################
13 columns: k_central k_mean P_0(k) sigma^{lin}_{P_0(k)} P^img_1(k) sigma^{lin}_{P_1(k)} P_2(k) sigma^{lin}_{P_2(k)} P^img_3(k) sigma^{lin}_{P_3(k)} P_4(k) sigma^{lin}_{P_4(k)} N_modes
### header ###
0.00050000 0 0 0 0 0 0 0 0 0 0 0 0
0.00150000 0.00179520 83992.44160929 0 -82933.26301714 0 38665.77622244 0 -23478.20043845 0 -90216.41683634 0 3
0.00250000 0.00253879 126142.56772891 0 -52588.22817266 0 -4480.54910576 0 -26484.77951971 0 77958.91036911 0 6
0.00350000 0.00331552 128756.74361859 0 4163.27163808 0 23626.45886777 0 -95802.51543060 0 -51196.21549646 0 7
0.00450000 0.00420575 106921.45473673 0 48007.60739518 0 2135.58572172 0 -35028.40679627 0 83004.01517273 0 24
0.00550000 0.00557378 67948.75367032 0 28089.71300217 0 40405.01700496 0 -5617.41112884 0 19369.81431449 0 45
0.00650000 0.00659388 45465.51234007 0 18356.25370059 0 51924.22085328 0 10868.10685969 0 30109.96938858 0 40
0.00750000 0.00754703 43682.31442803 0 4201.60402661 0 47853.03774071 0 55297.29388604 0 -22710.55615877 0 57
0.00850000 0.00846663 43904.64671039 0 -9989.44037906 0 51424.08394122 0 17924.32230942 0 -4511.04228831 0 75
0.00950000 0.00948925 53860.65974082 0 -13015.73927082 0 36664.12134173 0 22492.76352959 0 -29380.63535277 0 112
0.01050000 0.01054430 60505.49403423 0 -2813.68811059 0 27260.06370351 0 3498.32317110 0 887.90079953 0 105
0.01150000 0.01145670 65883.32219865 0 -2656.04034982 0 9120.40682102 0 10965.26650997 0 -18886.72878265 0 144
0.01250000 0.01249090 61422.28252921 0 -140.02615582 0 17035.10390323 0 -3846.37062945 0 -3588.58476302 0 169
0.01350000 0.01339930 70328.52844359 0 11307.39027455 0 19412.44276504 0 12687.33411669 0 -9942.07297348 0 180
0.01450000 0.01448870 55912.69369946 0 4317.98523278 0 4405.88841951 0 3633.73770363 0 3657.47676804 0 267
0.01550000 0.01550050 53966.40044283 0 -1659.01071688 0 22901.44303865 0 7964.55576087 0 15399.61080427 0 238
0.01650000 0.01653350 62056.17312508 0 -3838.83037625 0 17048.83358601 0 5437.47477821 0 12049.34676064 0 315
0.01750000 0.01747870 69510.83725573 0 -2190.52659747 0 31108.25019423 0 14740.80747756 0 29473.08926501 0 297
0.01850000 0.01844180 68432.94643464 0 -4380.96461634 0 28871.97275061 0 458.29902550 0 24068.24462804 0 388
0.01950000 0.01947590 75191.71495043 0 -2195.28769714 0 40972.80582166 0 5429.40305342 0 46875.24073598 0 399
0.02050000 0.02045430 79124.05110978 0 -1673.57082401 0 29481.72567837 0 14784.21099085 0 22592.74662270 0 462
0.02150000 0.02154770 76082.92637509 0 -1930.68127863 0 32106.19883013 0 13805.86036987 0 27642.16963300 0 571
0.02250000 0.02255340 83168.21774979 0 4853.86360935 0 35515.69981154 0 -2871.04275315 0 2409.02785544 0 510
0.02350000 0.02348930 74990.08791549 0 4646.71148432 0 26544.57007373 0 -1037.95958887 0 18481.70314079 0 555
0.02450000 0.02439640 69684.34058564 0 1858.20184036 0 29375.20991361 0 -5064.10491300 0 2093.12335604 0 592
0.02550000 0.02547300 73083.54430496 0 152.39504987 0 27246.11257424 0 -3486.27648170 0 -436.56515911 0 837
0.02650000 0.02652900 75160.15882470 0 -1810.65727759 0 34554.51129403 0 3101.85643632 0 -5066.05364217 0 723
0.02750000 0.02749970 73628.30268604 0 3764.33577487 0 29347.52910157 0 -1845.86727052 0 -13766.99650976 0 826
0.02850000 0.02848090 70733.22191571 0 5733.02834460 0 29403.99795814 0 650.71056450 0 -5157.38924960 0 831
0.02950000 0.02946900 65782.01042656 0 1605.60889428 0 26477.13961558 0 5530.79233179 0 -10471.64012491 0 996
0.03050000 0.03053250 64128.46943814 0 3050.62478938 0 27161.96290561 0 10253.55961528 0 -3699.54053003 0 1041
0.03150000 0.03150510 62825.47825348 0 1542.52985978 0 22600.16508033 0 6356.83205256 0 -237.92875910 0 1036
0.03250000 0.03246190 61062.43197261 0 2785.78585205 0 19233.40327273 0 2095.20495311 0 407.24453576 0 1059
0.03350000 0.03345080 58014.66384303 0 1257.97111195 0 17176.49749117 0 4723.84129900 0 6236.21014598 0 1302
0.03450000 0.03451200 56539.60873069 0 1862.54219169 0 20072.68549398 0 1573.45486300 0 560.19763080 0 1339
0.03550000 0.03553350 54865.58394136 0 1970.88489004 0 21691.23793597 0 -663.33633649 0 480.13586451 0 1365
0.03650000 0.03647120 53393.07546372 0 1932.45285060 0 20316.71953298 0 -6733.49039824 0 -4652.14799580 0 1308
0.03750000 0.03744890 52188.29580021 0 3395.58306911 0 22484.23783948 0 -3355.23551747 0 -4967.84212103 0 1579
0.03850000 0.03847530 49488.75228617 0 2529.40617087 0 21113.70547343 0 -176.81063333 0 -4312.83660174 0 1662
0.03950000 0.03950240 47480.34328732 0 2743.07989522 0 20700.04341820 0 2008.30934793 0 -4891.07769306 0 1683
0.04050000 0.04050350 45207.41644855 0 1420.66785283 0 19178.04164863 0 3831.75516069 0 -7599.37941603 0 1822
0.04150000 0.04152450 43179.63088126 0 1513.44286249 0 17105.41316583 0 5403.80383844 0 -6747.86227585 0 1887
0.04250000 0.04250150 41919.93248664 0 2561.11730915 0 17439.35448236 0 3286.35458477 0 -4431.16653707 0 1920
0.04350000 0.04349210 40001.98438156 0 -93.14028565 0 13730.34711461 0 2315.16775795 0 -6024.51836777 0 2005
0.04450000 0.04448520 39786.84911033 0 -197.19699779 0 18632.17603507 0 -3333.46732688 0 -7730.76362233 0 2151
0.04550000 0.04548030 41410.27337524 0 -256.64873867 0 16496.43530080 0 -2370.59581600 0 -4031.71027459 0 2274
0.04650000 0.04648670 41818.06709831 0 -1685.67287504 0 17984.22358669 0 2971.10335254 0 -1780.45197549 0 2311
0.04750000 0.04749250 42583.05402003 0 -510.85713695 0 15539.45426673 0 5866.80417306 0 -16.94375722 0 2568
0.04850000 0.04851840 43217.16606240 0 -260.50412217 0 14890.72675560 0 4537.35013208 0 1730.58222450 0 2493
0.04950000 0.04949480 42832.51349820 0 868.36921855 0 11692.70717824 0 4577.76411767 0 998.96064639 0 2644
0.05050000 0.05050630 42012.16495238 0 612.78895923 0 13325.43219599 0 1093.11858942 0 2731.71968996 0 2829
0.05150000 0.05149060 40278.68177878 0 1882.92634168 0 11013.90723290 0 -1856.36383444 0 3622.43285999 0 2784
0.05250000 0.05249300 39783.85958263 0 1875.09820804 0 16303.55540246 0 -4478.37893010 0 6510.09517270 0 3055
0.05350000 0.05348950 37780.32240670 0 2313.48476458 0 16202.68652337 0 -1149.47340105 0 6573.87176365 0 3009
0.05450000 0.05448610 37936.77435638 0 1440.36551868 0 18501.52260221 0 -54.36389690 0 5885.43889573 0 3336
0.05550000 0.05550870 36575.32129668 0 1046.40334378 0 18969.88194204 0 636.20249729 0 2359.08059819 0 3349
0.05650000 0.05647670 35675.80562842 0 730.09138282 0 18198.91596492 0 4216.29700164 0 4481.96636334 0 3324
0.05750000 0.05747970 35875.10747515 0 -424.11654432 0 17506.56349401 0 927.94829117 0 1533.37304716 0 3639
0.05850000 0.05849280 35538.17663092 0 -186.10031385 0 16195.60023548 0 1251.46058495 0 1277.23695713 0 3846
0.05950000 0.05951020 35638.93478677 0 369.37829211 0 15143.84010096 0 2511.30291979 0 -1914.64855229 0 3787
0.06050000 0.06049470 34720.70688956 0 675.57014818 0 13114.17223845 0 -435.85763756 0 1218.00001935 0 3930
0.06150000 0.06148310 34655.49089638 0 -416.42570750 0 12078.13480517 0 2080.39018250 0 -2632.60023818 0 4083
0.06250000 0.06249100 33896.48303006 0 1042.64096780 0 12483.82478653 0 3509.68337636 0 1975.39132625 0 4303
0.06350000 0.06350600 33875.99922914 0 1170.23401008 0 9141.18957470 0 2172.78873311 0 -463.96251964 0 4470
0.06450000 0.06451750 32440.25086991 0 596.63886625 0 9711.32572426 0 1992.56450204 0 3297.07259520 0 4479
0.06550000 0.06550280 32541.34119551 0 -76.99307148 0 7088.67950609 0 2691.47178924 0 2656.80434023 0 4636
0.06650000 0.06648880 31768.60364641 0 199.38156747 0 9353.49033077 0 311.82877664 0 5197.06138943 0 4653
0.06750000 0.06749660 31118.76890281 0 1213.89218684 0 7416.29852515 0 836.84963149 0 5711.59232375 0 5220
0.06850000 0.06852730 30735.77718733 0 1508.72605211 0 10624.28319486 0 -1418.47553252 0 5631.97123598 0 5029
0.06950000 0.06949320 30021.94440627 0 962.00897678 0 11071.54975591 0 -831.81725986 0 7287.93706353 0 5040
0.07050000 0.07048030 28893.01016776 0 927.13779699 0 12316.96485151 0 448.47898062 0 7408.27108966 0 5475
0.07150000 0.07148790 28248.15797032 0 874.99821942 0 12084.11386057 0 653.11436622 0 7363.11814905 0 5509
0.07250000 0.07249820 28748.84849862 0 -491.03988999 0 12390.70653480 0 838.07312338 0 4967.00062435 0 5916
0.07350000 0.07351270 27809.91535400 0 467.19010233 0 11134.32983763 0 -526.74149413 0 3452.70519285 0 5721
0.07450000 0.07449140 27353.29267848 0 1152.06432506 0 11273.17679086 0 -644.35062112 0 1862.07715405 0 6028
0.07550000 0.07549160 26940.84857899 0 619.82209995 0 9750.10100578 0 499.83574482 0 1695.17292973 0 6183
0.07650000 0.07648840 26041.55435722 0 18.17887506 0 9145.02059909 0 1946.70293264 0 1220.61308801 0 6330
0.07750000 0.07749960 26437.83286247 0 -724.67812322 0 7081.54892891 0 2213.32451427 0 -282.68531048 0 6583
0.07850000 0.07848650 26932.21216563 0 -300.97900555 0 7340.22058132 0 1864.70129503 0 -2234.52801630 0 6549
0.07950000 0.07947320 25922.30541892 0 1156.38253173 0 7067.64208894 0 -649.39185061 0 -746.81502223 0 6828
0.08050000 0.08048110 25483.06629336 0 1377.41935209 0 6276.30303415 0 -1163.88956796 0 546.59527976 0 7147
0.08150000 0.08149960 23801.84449290 0 847.26093852 0 7457.79759857 0 -627.78420873 0 1581.03940550 0 7386
0.08250000 0.08250610 23695.32872814 0 849.16316392 0 7327.64242033 0 1098.06348968 0 2733.18123683 0 7227
0.08350000 0.08350160 22933.55278062 0 464.88041537 0 7367.77959780 0 1592.70963586 0 1594.61407573 0 7798
0.08450000 0.08449610 22337.64025888 0 248.48732805 0 5519.11102910 0 1304.04305552 0 877.78955251 0 7371
0.08550000 0.08548940 21844.47891146 0 187.53639438 0 6220.78639751 0 850.95688054 0 1260.16343226 0 8256
0.08650000 0.08650700 21697.54916112 0 794.80579969 0 6074.11131064 0 -420.22683661 0 -320.29024726 0 8037
0.08750000 0.08749060 21154.78379851 0 351.06245240 0 5960.07743733 0 -789.05040525 0 1009.99864700 0 8155
0.08850000 0.08849210 20714.99105671 0 426.15053039 0 6415.93612244 0 -1115.33742363 0 -115.60725066 0 8718
0.08950000 0.08949900 20277.52350312 0 665.66041747 0 7236.58362102 0 29.81766001 0 1033.47529732 0 8571
0.09050000 0.09049190 20474.72160814 0 307.81062996 0 7342.55684186 0 263.07400876 0 463.92487374 0 8932
0.09150000 0.09150830 19782.92275348 0 369.74700053 0 7545.85579786 0 318.70358311 0 1051.35045850 0 9285
0.09250000 0.09250820 19470.79391684 0 626.29276658 0 7664.49575829 0 467.65181827 0 1302.14968797 0 9204
0.09350000 0.09350330 19221.11299218 0 73.64524334 0 7182.72783310 0 1096.85882074 0 1312.13692496 0 9349
0.09450000 0.09448040 19202.84365623 0 6.21209462 0 6791.95227328 0 882.99465240 0 2085.66060911 0 9564
0.09550000 0.09549270 19127.10895447 0 -130.42534297 0 6519.42914252 0 1293.88973366 0 2430.06527260 0 10155
0.09650000 0.09649430 19184.02070403 0 167.38808491 0 6024.81732054 0 766.78396004 0 1010.28763468 0 9913
0.09750000 0.09749140 18841.66442064 0 402.64177033 0 4899.00547763 0 459.81814846 0 1414.34555536 0 10476
0.09850000 0.09850240 18325.25119110 0 573.36151778 0 5121.04987955 0 -26.19867065 0 462.21419955 0 10575
0.09950000 0.09950330 17589.38448365 0 754.32427292 0 5158.49648208 0 208.59374172 0 1013.84185095 0 10882
0.10050000 0.10051200 17179.15484912 0 598.74925136 0 5091.15460254 0 -141.87855576 0 1461.39186351 0 10875
0.10150000 0.10150300 16730.50424747 0 195.93253829 0 5582.61081194 0 38.17051113 0 1359.58183681 0 11118
0.10250000 0.10250800 16636.05731677 0 233.22412828 0 5953.44511476 0 -272.18985378 0 568.12430814 0 11575
0.10350000 0.10349800 16354.26665013 0 650.66295350 0 5939.57149177 0 -455.11905381 0 777.30488308 0 11364
0.10450000 0.10450100 16294.80826586 0 81.89069291 0 6164.87115718 0 -1012.94388541 0 713.25369847 0 12093
0.10550000 0.10551000 15830.21351647 0 325.74004554 0 6348.33957942 0 -509.43102151 0 758.83513805 0 12067
0.10650000 0.10649700 15806.96163435 0 524.87470017 0 6947.50736466 0 100.85570303 0 610.53684836 0 12054
0.10750000 0.10749900 15272.94340834 0 428.72373868 0 6432.31209085 0 552.71606092 0 -221.08553858 0 12807
0.10850000 0.10850100 14884.85842345 0 24.65452423 0 5696.13535830 0 1544.63360150 0 -348.36855577 0 12736
0.10950000 0.10950300 14778.34265870 0 47.55585654 0 5429.07088368 0 1116.99827235 0 -298.46669504 0 12933
0.11050000 0.11050200 14874.78260787 0 -57.77716248 0 5058.04835133 0 722.88551383 0 -508.88183420 0 13428
0.11150000 0.11150900 14619.45479755 0 -117.89590020 0 4368.92899927 0 981.15081192 0 905.47479348 0 13453
0.11250000 0.11250000 15257.22070710 0 -298.36261519 0 4134.37287031 0 506.80577330 0 408.76698042 0 13668
0.11350000 0.11349100 15175.06405695 0 -173.67052201 0 4170.21398575 0 -33.85230445 0 323.67616419 0 13791
0.11450000 0.11448600 15381.12002182 0 344.21421950 0 4136.35481645 0 -159.00190609 0 326.72991138 0 14205
0.11550000 0.11549300 15140.07551052 0 217.02974600 0 4313.12448218 0 -591.49134244 0 1281.51087451 0 14776
0.11650000 0.11649800 15133.76428537 0 136.46308169 0 4190.23274902 0 8.53107126 0 771.06894974 0 14553
0.11750000 0.11747300 15013.29739135 0 55.80230262 0 4668.92256790 0 115.50649251 0 604.66519451 0 14568
0.11850000 0.11849100 14733.94263617 0 176.38434883 0 4161.36719822 0 22.36155648 0 129.85843994 0 16015
0.11950000 0.11950300 14708.58701234 0 476.04796218 0 4431.42120054 0 461.70597985 0 176.07764543 0 15270
0.12050000 0.12050700 14172.46504462 0 214.88725115 0 4161.27861962 0 131.63665530 0 590.52029955 0 15999
0.12150000 0.12150000 13992.09687332 0 458.22926985 0 3893.72696270 0 377.93055580 0 351.35254731 0 15670
0.12250000 0.12250700 13661.36653099 0 394.66969646 0 4463.13233882 0 75.70336708 0 565.56106495 0 16887
0.12350000 0.12352200 13235.41419522 0 429.49105079 0 4062.82350733 0 -47.24627434 0 596.17715030 0 16407
0.12450000 0.12449800 13060.91435608 0 260.36239641 0 4073.74081960 0 312.61048277 0 473.97522298 0 16306
0.12550000 0.12549900 12812.67283364 0 -27.59389430 0 3828.21201675 0 138.07410495 0 132.28992247 0 17523
0.12650000 0.12650100 12933.36117416 0 -158.58447945 0 3807.60642026 0 50.28950282 0 -230.69299483 0 17154
0.12750000 0.12750600 12956.17016329 0 -49.40858865 0 3785.48391527 0 260.58495014 0 -681.11738292 0 18007
0.12850000 0.12850300 12860.72672335 0 329.06617191 0 3607.03125617 0 -399.83715046 0 -722.29314445 0 17496
0.12950000 0.12949900 12842.56811065 0 200.35482483 0 3670.47567738 0 -281.19497556 0 -822.43125011 0 18405
0.13050000 0.13049000 12478.39934737 0 258.24204621 0 4040.46848352 0 86.83072135 0 -244.35735089 0 18100
0.13150000 0.13148800 12601.74504585 0 219.92183725 0 4029.97191959 0 -74.69501046 0 -58.02861497 0 19059
0.13250000 0.13249300 12418.60879335 0 57.01737955 0 4485.27698846 0 417.85735910 0 284.08928127 0 18957
0.13350000 0.13349100 12471.31305948 0 59.83384681 0 4381.44072631 0 562.84059474 0 572.23435511 0 19468
0.13450000 0.13450700 12419.49457933 0 22.45633558 0 4052.16085853 0 298.71803682 0 778.32464420 0 19953
0.13550000 0.13551000 12376.20178929 0 200.80103952 0 3923.56687809 0 619.93393043 0 850.15413699 0 19956
0.13650000 0.13649900 12183.32189095 0 128.20312738 0 3473.08934284 0 565.60424701 0 870.65897532 0 19723
0.13750000 0.13749600 11926.99757140 0 129.12545204 0 3013.17818685 0 757.78326719 0 1023.08392048 0 20946
0.13850000 0.13851100 11759.14112715 0 154.66709093 0 2666.49262445 0 429.39804326 0 582.57037033 0 20955
0.13950000 0.13949800 11505.03127256 0 232.87202835 0 2698.90131919 0 -86.38816053 0 808.02172659 0 20506
0.14050000 0.14048300 11371.60975849 0 309.64199248 0 2653.53800441 0 154.44564443 0 908.08896937 0 21447
0.14150000 0.14148400 11011.77027421 0 101.54218717 0 2666.88015582 0 -150.62679960 0 1022.16381028 0 21771
0.14250000 0.14249400 11156.80665701 0 32.00721225 0 2711.54591414 0 8.63467500 0 898.99084007 0 22470
0.14350000 0.14350900 11155.14580829 0 -75.07158023 0 3123.36996344 0 38.67396974 0 682.63429142 0 22519
0.14450000 0.14449900 11043.19353205 0 120.87767728 0 2767.73796259 0 303.77476756 0 749.50116823 0 22218
0.14550000 0.14550500 10980.65704147 0 170.42854531 0 2457.72393999 0 189.39100879 0 545.34853599 0 23559
0.14650000 0.14650700 10885.61220523 0 76.51341836 0 2268.17681142 0 101.72964163 0 607.67686686 0 23044
0.14750000 0.14750500 10771.92157399 0 82.32029912 0 2076.96883413 0 223.29003846 0 145.58335565 0 23649
0.14850000 0.14849900 10672.19314435 0 237.37957179 0 1983.20838757 0 -253.05576927 0 4.91176080 0 23640
0.14950000 0.14949500 10594.56507505 0 211.69288544 0 2134.12417485 0 -337.96499937 0 -86.27367269 0 24457
0.15050000 0.15050000 10249.54036137 0 307.55818095 0 2217.12232169 0 -260.91047649 0 171.63099978 0 24591
0.15150000 0.15149900 10039.42085329 0 460.01634308 0 2845.88643116 0 -464.72097389 0 -132.58333908 0 25020
0.15250000 0.15250500 9856.38425171 0 362.60202932 0 3052.94997760 0 -512.11273858 0 387.40625138 0 25297
0.15350000 0.15350100 9538.25421502 0 250.85237663 0 3573.11672525 0 -76.28388907 0 179.26758221 0 25452
0.15450000 0.15450400 9499.54536746 0 118.77282833 0 3767.97856973 0 174.26178416 0 617.74050289 0 26061
0.15550000 0.15549900 9525.88642820 0 -171.80262082 0 3765.13298226 0 399.67660175 0 364.62605030 0 26128
0.15650000 0.15649500 9615.49475296 0 41.32080899 0 3508.01145532 0 492.02975583 0 430.45987921 0 26331
0.15750000 0.15749700 9517.11714694 0 44.57186500 0 3334.28667891 0 284.60857330 0 776.33384019 0 27345
0.15850000 0.15849900 9531.15685481 0 78.15090448 0 3279.74440686 0 136.44536597 0 534.65045575 0 26980
0.15950000 0.15949700 9368.86978995 0 215.70328149 0 3115.74113164 0 29.92915832 0 1165.86044178 0 27777
0.16050000 0.16050000 9256.50783769 0 167.93505776 0 3237.82458509 0 160.24089924 0 825.90685287 0 28224
0.16150000 0.16150500 9159.30389810 0 62.46784216 0 3171.13597271 0 -49.77021078 0 960.65261699 0 28075
0.16250000 0.16249700 9166.63377713 0 92.75917623 0 3136.72318717 0 161.37581253 0 921.47208838 0 28590
0.16350000 0.16349900 9127.08343288 0 146.85445853 0 2875.53811703 0 277.84227560 0 646.23845251 0 29163
0.16450000 0.16449100 9046.27760636 0 -20.67967034 0 2867.67676641 0 202.09096536 0 851.04656637 0 28996
0.16550000 0.16550500 8859.98574128 0 115.71686668 0 2625.14856358 0 152.43712471 0 479.15928546 0 30777
0.16650000 0.16650700 8829.21575061 0 289.51472043 0 2563.64179921 0 132.56894505 0 576.24475116 0 29211
0.16750000 0.16749900 8532.89819381 0 168.37795075 0 2413.95503999 0 -36.92254940 0 582.07875911 0 30922
0.16850000 0.16850800 8465.65596519 0 41.50317018 0 2495.31448275 0 119.32312287 0 684.93733498 0 30867
0.16950000 0.16949900 8480.01677048 0 -29.38517501 0 2322.04367167 0 273.70897675 0 372.43978992 0 30852
0.17050000 0.17049200 8454.74972524 0 93.28300792 0 2379.83013490 0 267.05008060 0 521.54082317 0 31257
0.17150000 0.17149500 8430.18023647 0 49.81848612 0 2226.23484501 0 200.81432631 0 473.12265397 0 32608
0.17250000 0.17250900 8259.81037449 0 170.45179719 0 2159.88947470 0 22.70358059 0 541.65591566 0 32361
0.17350000 0.17350400 8196.93064184 0 121.51212149 0 1841.30547269 0 86.39181440 0 197.60335211 0 32508
0.17450000 0.17449800 8093.92480405 0 67.86825787 0 1837.92841362 0 264.61306191 0 368.22677033 0 32791
0.17550000 0.17549800 7895.42016471 0 102.03822732 0 1473.49391454 0 226.32274822 0 287.65235539 0 33633
0.17650000 0.17650100 7814.29324076 0 139.36181633 0 1446.84282870 0 288.68540330 0 221.22615711 0 33984
0.17750000 0.17750300 7813.54032267 0 124.70870166 0 1246.68841296 0 14.02154926 0 128.72906281 0 34069
0.17850000 0.17849800 7593.61073480 0 99.41043247 0 1395.27901202 0 -2.02436422 0 481.78674814 0 34536
0.17950000 0.17950400 7705.26405827 0 24.42377698 0 1529.44237185 0 -165.48032334 0 463.89165676 0 35343
0.18050000 0.18050100 7569.16304160 0 79.09382366 0 1571.45077221 0 -81.91881662 0 724.70248233 0 34990
0.18150000 0.18150500 7649.16058841 0 166.63738129 0 1807.23592922 0 116.02910624 0 706.72988469 0 36243
0.18250000 0.18250200 7474.07391606 0 -30.06645515 0 1696.11407734 0 138.06413986 0 842.92612335 0 35694
0.18350000 0.18350400 7551.95664883 0 31.34353710 0 1650.77290721 0 149.33133760 0 516.56934932 0 37087
0.18450000 0.18450600 7362.76383466 0 151.60448588 0 1524.54840428 0 97.33337506 0 650.10712280 0 36651
0.18550000 0.18550700 7299.71801714 0 183.93678158 0 1539.19709001 0 74.25887158 0 404.06124237 0 37818
0.18650000 0.18651000 7195.66030849 0 74.51696748 0 1595.59951264 0 -207.44997057 0 489.86068739 0 37267
0.18750000 0.18750100 7112.79502955 0 201.72447141 0 1552.22921633 0 -148.18313751 0 424.39888860 0 38334
0.18850000 0.18850000 7017.41802356 0 153.02506516 0 1784.75910984 0 -240.46099978 0 573.25633070 0 38223
0.18950000 0.18949500 6953.04352707 0 61.16141856 0 1927.68067860 0 156.57706696 0 796.27841889 0 39064
0.19050000 0.19050000 7090.58394596 0 -76.77140353 0 1982.85407317 0 236.02653369 0 639.22856366 0 39609
0.19150000 0.19149800 6972.20972133 0 61.45040623 0 1707.71787375 0 260.90826203 0 648.13624898 0 39576
0.19250000 0.19250400 6982.01980112 0 115.57071199 0 1603.49408024 0 25.67683198 0 528.87180943 0 40909
0.19350000 0.19350500 6875.93585703 0 127.83109726 0 1538.01235126 0 100.47359710 0 465.59236586 0 40191
0.19450000 0.19450100 6794.24424452 0 89.89642665 0 1455.84462878 0 -12.09175376 0 448.28078600 0 41232
0.19550000 0.19549800 6644.35818345 0 84.61603494 0 1302.27148355 0 58.16126142 0 209.15067966 0 40873
0.19650000 0.19649700 6645.85294730 0 -53.37170588 0 1060.37883216 0 173.95729523 0 66.52031305 0 42816
0.19750000 0.19750200 6713.92560028 0 -87.44556755 0 992.05373017 0 269.78162314 0 -38.83330050 0 41727
0.19850000 0.19849000 6855.88387678 0 -125.71185429 0 928.57719922 0 128.85750177 0 -99.42726241 0 42610
0.19950000 0.19949900 6858.34193289 0 75.86236566 0 806.73733691 0 -47.44524402 0 -135.75445290 0 43863
0.20050000 0.20050100 6751.90367441 0 274.73648849 0 884.90795013 0 -287.39326299 0 37.09970660 0 43302
0.20150000 0.20150100 6589.77162209 0 307.45077940 0 1126.40974845 0 -434.27761680 0 -55.22565594 0 44487
0.20250000 0.20249700 6405.52813711 0 179.04724294 0 1290.06978159 0 -185.21563510 0 214.54400908 0 43759
0.20350000 0.20349100 6267.52268057 0 94.77035331 0 1414.57807418 0 -6.36585600 0 98.25603189 0 45282
0.20450000 0.20449700 6369.56522610 0 -50.26470081 0 1432.59274666 0 237.53458433 0 88.42425034 0 45483
0.20550000 0.20549900 6342.64840446 0 -72.65294159 0 1457.54976680 0 346.26924298 0 5.39678398 0 46138
0.20650000 0.20650200 6364.39445041 0 7.67298823 0 1247.23095687 0 150.53157761 0 145.36965978 0 46227
0.20750000 0.20749300 6329.67163978 0 86.83249293 0 1295.76095655 0 144.87804855 0 56.16746789 0 46236
0.20850000 0.20850300 6286.35670509 0 130.10867448 0 1206.01976390 0 122.82751368 0 353.21712681 0 48361
0.20950000 0.20950400 6187.00473449 0 110.63345163 0 1196.20968411 0 30.24604826 0 534.00493921 0 46812
0.21050000 0.21050300 6129.03004174 0 96.75373886 0 1281.92055053 0 -24.64777011 0 373.45622934 0 48813
0.21150000 0.21149700 6052.47598794 0 139.12376135 0 1264.09410757 0 16.26480227 0 395.94301382 0 47215
0.21250000 0.21249000 5929.78355663 0 109.87267219 0 1311.90440614 0 -87.31026374 0 572.60527800 0 50004
0.21350000 0.21350300 5926.83831822 0 54.31373927 0 1269.15416001 0 -2.72966024 0 541.84635965 0 49509
0.21450000 0.21449800 5865.04367341 0 33.59730881 0 1385.63501710 0 -30.33440541 0 434.88216574 0 49660
0.21550000 0.21550100 5833.16645026 0 72.00963952 0 1471.34588353 0 -79.95126450 0 299.92049129 0 50841
0.21650000 0.21649800 5863.42711399 0 37.59198216 0 1518.95688025 0 -170.68763771 0 287.23382152 0 50424
0.21750000 0.21750300 5802.64005073 0 60.48722470 0 1482.11925557 0 -47.32898461 0 328.05748312 0 52231
0.21850000 0.21850300 5862.85135310 0 42.68336928 0 1412.43004317 0 62.82658549 0 236.11511229 0 51078
0.21950000 0.21950100 5711.61446840 0 35.80402315 0 1419.49418640 0 139.59322792 0 258.34280437 0 52791
0.22050000 0.22050700 5827.33133508 0 87.08062372 0 1377.87331741 0 197.70521750 0 223.32768436 0 52969
0.22150000 0.22150000 5675.61834041 0 71.87223197 0 1293.04823697 0 232.29183853 0 354.69528217 0 52704
0.22250000 0.22250100 5652.37753062 0 102.67654685 0 1109.67946565 0 114.80561435 0 217.61104306 0 54051
0.22350000 0.22349900 5587.70408135 0 64.04520556 0 1194.43811214 0 13.80707833 0 428.96622259 0 53938
0.22450000 0.22449800 5564.71793503 0 43.18516704 0 1098.87841279 0 -56.72983127 0 333.75087254 0 54735
0.22550000 0.22549100 5550.66715484 0 17.91679313 0 1221.94176699 0 4.15202216 0 405.67890903 0 54774
0.22650000 0.22649900 5484.12248268 0 72.76776160 0 1051.90296751 0 57.75269264 0 315.76720257 0 56911
0.22750000 0.22749800 5443.36525502 0 98.63204804 0 975.87374191 0 209.14182180 0 369.04722960 0 54879
0.22850000 0.22849100 5389.89699847 0 111.24696915 0 900.79230732 0 97.03209710 0 254.62139599 0 57210
0.22950000 0.22949800 5231.64025984 0 60.16955970 0 1000.13763452 0 100.22391618 0 284.94074305 0 57375
0.23050000 0.23049600 5193.92792150 0 142.28823178 0 777.40231954 0 -14.77801049 0 285.26737663 0 57604
0.23150000 0.23150100 5078.49893527 0 65.65921834 0 825.83156106 0 95.05402627 0 339.13755857 0 58629
0.23250000 0.23250200 5084.52227997 0 -3.15979791 0 753.92899092 0 69.54748665 0 367.55910914 0 58560
0.23350000 0.23350400 5057.82690483 0 31.57815966 0 801.32850624 0 75.60205531 0 93.46669779 0 59305
0.23450000 0.23449700 5004.52473316 0 115.85416351 0 772.66668621 0 -37.22869918 0 49.91802632 0 59196
0.23550000 0.23549300 4968.03035055 0 142.92710492 0 795.95732147 0 -192.34842675 0 156.31908179 0 60063
0.23650000 0.23649900 4916.14543645 0 70.46748612 0 848.06811100 0 -138.35755647 0 242.47173397 0 61537
0.23750000 0.23750400 4917.79521285 0 2.59499862 0 918.85569803 0 -37.62697071 0 185.03183451 0 61224
0.23850000 0.23850100 4949.67243600 0 -66.36507905 0 874.49664311 0 44.58360167 0 130.95570733 0 61221
0.23950000 0.23949400 5017.97760781 0 -0.12275333 0 1022.29114202 0 42.48694624 0 42.53522158 0 62332
0.24050000 0.24050100 5056.16605611 0 45.79347460 0 861.86312049 0 68.75814061 0 33.28274407 0 63447
0.24150000 0.24150500 4991.39295592 0 51.13576060 0 824.79962039 0 60.12095219 0 352.51735588 0 63342
0.24250000 0.24250300 5001.81201358 0 76.53080191 0 769.34498877 0 119.88338251 0 259.91064556 0 63379
0.24350000 0.24349600 4869.42022572 0 57.36493982 0 688.02651360 0 210.97318433 0 302.95209383 0 64266
0.24450000 0.24449500 4875.16676230 0 78.83262752 0 668.99761617 0 104.88370408 0 179.17125298 0 64695
0.24550000 0.24549600 4773.99893043 0 100.73866856 0 681.38865487 0 -67.54660683 0 320.36443184 0 65947
0.24650000 0.24650000 4682.65225068 0 120.45803617 0 703.00404739 0 -93.92398480 0 195.66569527 0 66018
0.24750000 0.24750000 4644.60774260 0 103.47475074 0 674.81944456 0 76.27525266 0 432.47614956 0 66303
0.24850000 0.24849600 4569.65917590 0 64.30474085 0 718.37354147 0 -24.00502165 0 251.66397804 0 66958
0.24950000 0.24949200 4567.28969839 0 36.04119235 0 743.32281098 0 25.56411571 0 243.43613346 0 66975
0.25050000 0.25048900 4534.93636527 0 80.81402005 0 781.75706489 0 93.76908298 0 276.68300320 0 68676
0.25150000 0.25150000 4536.12110403 0 57.25908840 0 675.43617305 0 18.56208822 0 390.60836772 0 69349
0.25250000 0.25249900 4470.39578390 0 -2.31965205 0 647.09877214 0 50.63938828 0 435.28962729 0 68592
0.25350000 0.25349900 4514.15361159 0 2.53485375 0 639.38357621 0 84.27932555 0 466.88339893 0 70437
0.25450000 0.25450100 4511.23051784 0 25.82110437 0 688.99644926 0 25.94666453 0 388.06837641 0 70099
0.25550000 0.25550100 4471.63588428 0 93.51630180 0 608.06993439 0 -12.71922241 0 426.16160271 0 71064
0.25650000 0.25650300 4494.95420035 0 21.46525179 0 651.25753735 0 38.21911864 0 376.92961764 0 71409
0.25750000 0.25750600 4457.68475501 0 -6.96710538 0 577.18922047 0 44.08523633 0 518.58229797 0 72612
0.25850000 0.25850600 4490.28167928 0 36.85700124 0 575.12201743 0 4.06058690 0 301.12958916 0 71845
0.25950000 0.25949600 4426.61581157 0 80.36691957 0 547.40355948 0 -11.20618923 0 380.62334520 0 72816
0.26050000 0.26049800 4424.86638425 0 55.74948763 0 567.96597390 0 -95.52227489 0 158.31431472 0 73743
0.26150000 0.26149900 4333.65257239 0 81.91051237 0 525.06514415 0 11.13178320 0 351.19753476 0 74662
0.26250000 0.26250300 4336.16599013 0 59.18334773 0 483.20511295 0 79.53118049 0 250.29543869 0 74931
0.26350000 0.26350100 4246.64624397 0 46.63940022 0 515.80646614 0 60.16369137 0 297.91307880 0 75087
0.26450000 0.26450200 4259.80016585 0 43.62806004 0 361.51029810 0 184.41621325 0 137.38540635 0 76678
0.26550000 0.26550600 4167.64520639 0 85.48078351 0 393.24136656 0 17.77517809 0 230.67749357 0 76035
0.26650000 0.26650100 4136.62055225 0 68.49484073 0 358.90830176 0 5.25959788 0 177.38307252 0 77094
0.26750000 0.26750600 4122.47012113 0 38.65326450 0 343.40926148 0 -54.92637100 0 206.72030436 0 78463
0.26850000 0.26850100 4058.83747040 0 58.76558891 0 323.70495224 0 -35.16957894 0 140.59416608 0 77076
0.26950000 0.26949700 4067.80605350 0 105.44130635 0 390.45335517 0 -106.82756142 0 165.16919102 0 79149
0.27050000 0.27049900 3975.04211617 0 132.23566808 0 434.64521799 0 -47.55840318 0 75.13126006 0 79648
0.27150000 0.27150200 3912.31739607 0 69.40177486 0 427.87006243 0 -3.93424060 0 92.34606779 0 80241
0.27250000 0.27250500 3847.46678961 0 13.87506240 0 402.96176052 0 104.63081218 0 199.40481936 0 80835
0.27350000 0.27350000 3894.47988079 0 33.00449654 0 386.07203624 0 165.63976482 0 93.94424716 0 80680
0.27450000 0.27450400 3897.81265056 0 -6.15134078 0 295.36090793 0 123.29255132 0 210.19369266 0 82617
0.27550000 0.27550800 3892.54222394 0 -9.26988321 0 304.69598499 0 77.74200353 0 85.81638568 0 82548
0.27650000 0.27649900 3883.59578549 0 51.60245909 0 217.07403530 0 7.59599128 0 152.97856139 0 81181
0.27750000 0.27748900 3897.09294944 0 76.65016158 0 290.14141401 0 -86.67670532 0 149.26601088 0 84096
0.27850000 0.27849800 3806.07843944 0 89.95090249 0 308.34210155 0 -112.58118429 0 240.46653595 0 85215
0.27950000 0.27950200 3819.52024177 0 62.90243091 0 359.14635675 0 -37.95116838 0 268.06209109 0 84514
0.28050000 0.28050300 3723.16887119 0 52.69330454 0 415.07488387 0 18.91673478 0 270.69619717 0 85815
0.28150000 0.28150100 3765.43193503 0 78.92463854 0 460.83569511 0 40.65713384 0 332.87062272 0 85485
0.28250000 0.28250000 3693.71648718 0 18.35016392 0 391.96140581 0 41.70590445 0 322.19579436 0 87220
0.28350000 0.28350400 3701.22352340 0 40.30857706 0 403.04923189 0 60.40462516 0 322.54235813 0 87147
0.28450000 0.28449700 3693.51718533 0 26.05927008 0 334.40413971 0 48.49888645 0 352.92703190 0 87102
0.28550000 0.28549800 3639.83855461 0 44.58747698 0 227.75107812 0 29.78134279 0 294.21492231 0 88971
0.28650000 0.28649900 3678.80206564 0 -5.57090736 0 248.92468488 0 21.44963981 0 380.08965914 0 89434
0.28750000 0.28750100 3654.35437245 0 26.41535604 0 180.34049048 0 120.30413085 0 330.80009798 0 89619
0.28850000 0.28849900 3655.02978426 0 107.18984789 0 237.75935253 0 29.90424559 0 286.86843480 0 90240
0.28950000 0.28950100 3567.42555029 0 112.46271042 0 120.01292871 0 -71.97664399 0 294.11859309 0 91333
0.29050000 0.29050500 3507.02601841 0 74.34590006 0 109.79195495 0 42.97313202 0 364.97150683 0 92139
0.29150000 0.29150600 3486.98511049 0 12.33213394 0 255.86149637 0 35.37220248 0 325.85187602 0 92370
0.29250000 0.29250200 3511.18921254 0 -21.00287150 0 182.31025707 0 102.04642084 0 315.67640951 0 91819
0.29350000 0.29349600 3504.57903462 0 35.34407878 0 158.69630993 0 76.85987141 0 303.87663295 0 93552
0.29450000 0.29450000 3489.32137102 0 51.89321834 0 57.10817261 0 81.53516056 0 326.19733255 0 94701
0.29550000 0.29550200 3471.01881810 0 29.20890359 0 4.15949598 0 93.38620199 0 386.82606156 0 95020
0.29650000 0.29650300 3488.02590902 0 17.60167476 0 -43.41846093 0 10.16809234 0 367.22915387 0 95151
0.29750000 0.29749800 3445.40853079 0 93.85522566 0 -46.19650722 0 -52.72973248 0 332.44433821 0 95802
0.29850000 0.29850000 3382.13019445 0 108.19920102 0 -89.91203863 0 -72.07142309 0 320.78960911 0 97399
0.29950000 0.29950700 3340.36538524 0 28.55098605 0 -65.20934979 0 -37.50406790 0 357.43125363 0 97881
0.30050000 0.30050300 3362.58754115 0 -8.14355096 0 -39.44847886 0 -8.26086225 0 207.74006548 0 97188
0.30150000 0.30149700 3351.48199936 0 10.04997278 0 -58.64932950 0 46.43555872 0 231.56992295 0 98263
0.30250000 0.30249700 3361.36958542 0 73.58467773 0 -104.57423260 0 23.77925695 0 193.41579886 0 100050
0.30350000 0.30350600 3327.14502940 0 71.21453588 0 -118.36315231 0 -10.05724730 0 128.69363137 0 100779
0.30450000 0.30450500 3249.27336896 0 101.18200444 0 -104.56238521 0 -74.30161076 0 176.59361577 0 99982
0.30550000 0.30550300 3226.65260935 0 79.93997073 0 -18.25095589 0 -101.29328131 0 97.23505282 0 101559
0.30650000 0.30649700 3176.97108789 0 35.72895279 0 -31.31652062 0 -20.98061613 0 175.38230343 0 100935
0.30750000 0.30749800 3185.08710198 0 19.37822928 0 14.20003513 0 90.54515416 0 158.30988579 0 103762
0.30850000 0.30850200 3186.62615513 0 -14.82074966 0 14.53751959 0 -14.96801158 0 186.60964080 0 102951
0.30950000 0.30950100 3215.25918711 0 36.66910389 0 -3.28485982 0 68.48675793 0 150.40867480 0 104394
0.31050000 0.31050000 3190.95543414 0 50.56686455 0 32.17108265 0 -3.66588066 0 296.16475871 0 103963
0.31150000 0.31149700 3185.88430937 0 53.36207295 0 11.89798808 0 41.72395234 0 349.90207276 0 105936
0.31250000 0.31250000 3175.00021407 0 29.81212385 0 46.33801154 0 -16.62808524 0 175.71890210 0 105717
0.31350000 0.31349800 3150.29785740 0 61.58914246 0 54.46797676 0 -59.17936169 0 230.32317918 0 106776
0.31450000 0.31450400 3109.51848509 0 98.65308546 0 71.65554657 0 -108.07585532 0 183.03660158 0 108733
0.31550000 0.31549900 3075.63717115 0 103.09198047 0 96.54912229 0 -131.67540844 0 150.12633052 0 105891
0.31650000 0.31650000 2998.13089742 0 74.83740056 0 108.23917211 0 -80.64417058 0 166.69052845 0 111072
0.31750000 0.31750600 2994.57668115 0 39.54646894 0 177.79607024 0 -64.55774347 0 59.50411298 0 108121
0.31850000 0.31849900 2973.01886473 0 12.36789755 0 176.80841887 0 15.26585712 0 -4.11439840 0 110484
0.31950000 0.31950100 2997.83194465 0 4.15070455 0 195.01796426 0 94.57293376 0 33.34508125 0 110817
0.32050000 0.32049800 2993.28121915 0 -9.05692918 0 109.58589898 0 147.57858858 0 37.07966569 0 111088
0.32150000 0.32149900 3059.05082857 0 -13.80608182 0 38.19044132 0 179.95738804 0 68.26830096 0 112635
0.32250000 0.32250100 3008.60531670 0 40.02612205 0 -38.45064095 0 98.99056992 0 -20.45612010 0 113202
0.32350000 0.32350400 2991.26605603 0 86.03030299 0 -77.15317729 0 -15.29852048 0 129.20185108 0 113863
0.32450000 0.32450300 2941.85027037 0 72.31999679 0 -44.37389184 0 13.79512021 0 171.75390259 0 114045
0.32550000 0.32549900 2906.17523980 0 44.10538796 0 -75.88749984 0 -55.30017269 0 239.78558797 0 114828
0.32650000 0.32650300 2870.03517159 0 60.58056440 0 -46.47674777 0 28.52684839 0 226.15666335 0 116431
0.32750000 0.32750400 2890.12036881 0 40.24790072 0 -48.32471878 0 28.68053225 0 265.76901262 0 116442
0.32850000 0.32850400 2870.71058341 0 -3.07087607 0 -121.35821617 0 87.44944286 0 330.62515525 0 116955
0.32950000 0.32949800 2884.29632596 0 31.10027812 0 -68.73544235 0 63.46280127 0 302.51584423 0 117028
0.33050000 0.33049700 2842.39864884 0 41.21960794 0 -98.71276529 0 49.54710344 0 323.39049821 0 119061
0.33150000 0.33150100 2842.28792560 0 44.00341185 0 -149.66129288 0 62.16202455 0 359.93581351 0 120060
0.33250000 0.33250400 2812.00511722 0 56.88860841 0 -252.20984365 0 -5.20585282 0 394.29102295 0 119737
0.33350000 0.33350100 2789.39542994 0 41.03303927 0 -252.24970402 0 47.41069836 0 277.51453479 0 120531
0.33450000 0.33450000 2791.43273770 0 23.76740956 0 -290.49683564 0 -27.43400993 0 299.38680524 0 121704
0.33550000 0.33550300 2768.22514488 0 49.94072459 0 -252.72581399 0 -54.82406272 0 237.36296330 0 122761
0.33650000 0.33650300 2765.56778693 0 59.05856263 0 -219.92405171 0 -82.98618873 0 304.42028410 0 122472
0.33750000 0.33749900 2755.86843039 0 44.99372058 0 -179.53553247 0 -72.63323285 0 235.69436395 0 122985
0.33850000 0.33849800 2741.77336089 0 58.74543728 0 -137.51273809 0 -21.74947836 0 288.08306883 0 125380
0.33950000 0.33950300 2726.93644564 0 50.63994190 0 -117.96787032 0 -9.50725171 0 296.54564669 0 125223
0.34050000 0.34050000 2661.54329526 0 77.90952780 0 -133.48130462 0 14.69817903 0 323.56101201 0 125178
0.34150000 0.34149900 2682.35926592 0 7.60087418 0 -189.04112333 0 98.06348416 0 288.17054020 0 127059
0.34250000 0.34250300 2673.90000975 0 -22.65231573 0 -232.16782849 0 45.03014853 0 260.62038158 0 127957
0.34350000 0.34349800 2713.17354589 0 26.73678563 0 -248.62794657 0 37.36677107 0 216.98988563 0 126732
0.34450000 0.34449700 2714.69045439 0 29.77946049 0 -279.17649074 0 -15.24094439 0 217.11611014 0 129639
0.34550000 0.34550000 2680.97522531 0 57.30603505 0 -266.27058894 0 -80.79541854 0 264.58095217 0 129826
0.34650000 0.34650400 2682.01602385 0 65.91487832 0 -261.69550432 0 -55.67784969 0 203.57687135 0 130875
0.34750000 0.34750200 2636.45340722 0 54.77501232 0 -130.73315360 0 -44.14834858 0 249.04869491 0 130686
0.34850000 0.34850200 2616.63394579 0 49.11661145 0 -167.71804019 0 36.02757339 0 279.98144876 0 132211
0.34950000 0.34950400 2583.95951525 0 65.55137390 0 -146.37834857 0 40.05823179 0 322.28658743 0 132768
0.35050000 0.35050300 2563.89646268 0 41.18628024 0 -212.25757401 0 81.09248902 0 338.11447575 0 132957
0.35150000 0.35150100 2538.97265951 0 33.57328187 0 -206.14897240 0 79.39919838 0 371.70348032 0 133987
0.35250000 0.35249800 2538.26403073 0 53.54133389 0 -300.71880591 0 43.68065358 0 311.47224778 0 134778
0.35350000 0.35349800 2508.78950206 0 68.69990019 0 -276.78929751 0 19.50556102 0 346.93579694 0 135699
0.35450000 0.35450100 2490.83019120 0 39.54303652 0 -284.52331640 0 -66.81339748 0 289.82695999 0 137380
0.35550000 0.35550100 2466.90289727 0 44.51218517 0 -262.52482145 0 -103.82386115 0 257.63306835 0 136161
0.35650000 0.35649900 2451.04732813 0 47.76202323 0 -187.99257417 0 -82.23426715 0 272.42901600 0 138792
0.35750000 0.35750000 2438.24772064 0 44.49336222 0 -187.59175601 0 -23.34466820 0 235.02227383 0 138097
0.35850000 0.35849800 2423.47723933 0 17.92376869 0 -224.71726112 0 21.72478708 0 184.31656233 0 140028
0.35950000 0.35950300 2462.30788247 0 12.36690104 0 -248.53493904 0 59.53644417 0 167.40247893 0 141099
0.36050000 0.36050500 2444.42607789 0 22.88239864 0 -251.27533943 0 35.78796828 0 174.19867191 0 140821
0.36150000 0.36150200 2441.65799668 0 42.62335728 0 -270.59101008 0 -14.09152635 0 149.17743228 0 141756
0.36250000 0.36250400 2426.18995891 0 62.29688547 0 -313.58927628 0 14.02985350 0 235.97449377 0 142971
0.36350000 0.36349900 2376.41985885 0 58.64113598 0 -241.33239175 0 3.06027986 0 160.99603179 0 142270
0.36450000 0.36450000 2346.75710066 0 53.92388272 0 -303.80355561 0 46.09198448 0 155.30928577 0 145311
0.36550000 0.36550300 2336.52627253 0 38.87603967 0 -262.49935510 0 18.36577590 0 246.59063880 0 145434
0.36650000 0.36650100 2323.17304880 0 22.30342678 0 -317.43248023 0 -17.02967846 0 237.78703334 0 144547
0.36750000 0.36749600 2347.78682687 0 21.76143648 0 -292.49649750 0 17.81060953 0 272.64492633 0 146892
0.36850000 0.36849900 2349.08228887 0 45.34371677 0 -294.15291729 0 -36.91668107 0 230.97091018 0 148113
0.36950000 0.36949900 2330.17075808 0 64.49086663 0 -295.25793531 0 -8.39126101 0 284.81119685 0 147387
0.37050000 0.37049800 2290.93043893 0 41.61865453 0 -294.89697752 0 -2.41486297 0 251.54771862 0 149758
0.37150000 0.37150100 2308.70152026 0 32.73244952 0 -299.04024147 0 9.55079916 0 254.61364537 0 150099
0.37250000 0.37250000 2292.61343230 0 10.90800045 0 -297.00846987 0 20.12616482 0 261.94020270 0 150468
0.37350000 0.37349800 2293.60994153 0 35.64823554 0 -294.15734622 0 -26.29477843 0 264.25431859 0 150709
0.37450000 0.37449700 2290.46540128 0 29.72697767 0 -324.56748634 0 23.66930876 0 272.80215335 0 153108
0.37550000 0.37550100 2280.52245360 0 39.06050460 0 -296.06953672 0 -18.71322545 0 214.92711152 0 153189
0.37650000 0.37649900 2267.56783356 0 65.07327091 0 -283.65192444 0 -38.28322740 0 232.00506532 0 153547
0.37750000 0.37749900 2250.27286219 0 33.99303370 0 -233.52197382 0 -50.55900320 0 165.59547552 0 155424
0.37850000 0.37850200 2250.40573009 0 25.22762776 0 -253.13881170 0 -44.40301205 0 262.12289606 0 155313
0.37950000 0.37949900 2262.25311765 0 34.78071889 0 -178.95866435 0 13.38976240 0 201.00919922 0 156100
0.38050000 0.38050000 2249.89640315 0 32.24991761 0 -214.46207388 0 26.61510078 0 209.60907391 0 157557
0.38150000 0.38149800 2235.48023624 0 45.03579541 0 -234.88386977 0 59.32119817 0 235.92909724 0 157692
0.38250000 0.38250100 2214.61997628 0 43.36730679 0 -266.95596584 0 29.49578753 0 228.97457002 0 159703
0.38350000 0.38350500 2220.90905677 0 67.38151847 0 -281.00120987 0 -11.22257627 0 223.27896613 0 160338
0.38450000 0.38450600 2164.01945186 0 53.74583973 0 -302.12277670 0 -48.52889245 0 192.10151391 0 160167
0.38550000 0.38550000 2153.29036911 0 81.20575890 0 -271.46461651 0 -62.51600677 0 190.92895471 0 160033
0.38650000 0.38649600 2097.80694944 0 56.63117686 0 -272.59952980 0 -47.38766793 0 161.27837608 0 162444
0.38750000 0.38750200 2076.10519280 0 47.23542346 0 -293.95582991 0 30.41069373 0 149.74212085 0 164307
0.38850000 0.38850400 2065.13251890 0 34.13055198 0 -296.27326750 0 88.73792930 0 129.02469388 0 163882
0.38950000 0.38950500 2065.85222001 0 10.91975925 0 -343.19113668 0 76.28698932 0 136.27485217 0 164595
0.39050000 0.39050100 2061.77760448 0 55.64020379 0 -361.98972976 0 60.79470316 0 137.58802989 0 165006
0.39150000 0.39150100 2066.61621043 0 35.98594145 0 -386.50828584 0 -17.07695729 0 199.34281434 0 166687
0.39250000 0.39250100 2014.84201957 0 43.55919018 0 -355.48031000 0 -38.69412137 0 249.99427145 0 167256
0.39350000 0.39350100 2020.71035173 0 55.27525996 0 -353.43082268 0 -2.85794419 0 223.87797890 0 167937
0.39450000 0.39449600 2001.58844677 0 41.21462540 0 -321.84037274 0 -62.15128440 0 170.33110885 0 167719
0.39550000 0.39549700 2005.37518185 0 20.97209044 0 -325.13549660 0 -30.21836745 0 164.72076186 0 171636
0.39650000 0.39650400 1992.21018764 0 30.77929142 0 -298.88412169 0 -43.01819639 0 148.25178593 0 171093
0.39750000 0.39750000 2024.67424401 0 13.52440187 0 -336.33293869 0 -41.29800000 0 153.24097549 0 170464
0.39850000 0.39849800 2030.93010754 0 20.45290913 0 -279.12555805 0 -53.04883689 0 103.24245337 0 172113
0.39950000 0.39949500 2021.75115026 0 47.49097272 0 -311.92842756 0 -25.32561783 0 76.68957905 0 173232
