### header ###
fiducial parameters:
Omega_m = 0.31
Omega_nu = 0
Omega_de = 0.69
Omega_k = 0
H_0 = 100
w_de = -1
zeff = 0
beta = 0
fgrowth = 0
b_1 = 2
gamma = 0.55
Lx = 3500 Ly = 3500 Lz = 3500
nx = 700 ny = 700 nz = 700
xoffset = -685.467585 yoffset = -31.7331281 zoffset = 572.489161
bins = 400 dk = 0.001
kx_ny = 0.628318531 ky_ny = 0.628318531 kz_ny = 0.628318531
############################
A(data) = 8.0007265 (not used)
A(ran) = 7.99666831 (used)
Ngal = 475048
weighted Ngal = 0
Nran = 23820508
weighted Nran = 0
SN(data) = 3487.38875
SN(ran) = 69.6538811
SN(data+ran) = 3557.04263
############################
13 columns: k_central k_mean P_0(k) sigma^{lin}_{P_0(k)} P^img_1(k) sigma^{lin}_{P_1(k)} P_2(k) sigma^{lin}_{P_2(k)} P^img_3(k) sigma^{lin}_{P_3(k)} P_4(k) sigma^{lin}_{P_4(k)} N_modes
### header ###
0.00050000 0 0 0 0 0 0 0 0 0 0 0 0
0.00150000 0.00179520 22160.48306178 0 -21960.62759881 0 7190.99885974 0 -32362.19097994 0 44110.25978227 0 3
0.00250000 0.00253879 32250.80339226 0 -11840.63343781 0 8177.35477156 0 -17433.70759670 0 -26103.78082270 0 6
0.00350000 0.00331552 42467.34822568 0 6433.59648052 0 49980.58495462 0 -58784.63331092 0 93301.49870056 0 7
0.00450000 0.00420575 49286.01801874 0 5793.81540785 0 51654.05612771 0 -33347.62788880 0 28468.38651097 0 24
0.00550000 0.00557378 67639.06074514 0 -19280.68209970 0 84071.38728524 0 -143.10536935 0 16438.30559551 0 45
0.00650000 0.00659388 95262.51814919 0 -23632.77009292 0 78070.51940328 0 7403.67607486 0 -43236.21046108 0 40
0.00750000 0.00754703 110279.46940773 0 7328.16281960 0 105336.45143894 0 4892.68318016 0 -13562.93356335 0 57
0.00850000 0.00846663 107457.79815095 0 16977.19564443 0 78310.12451236 0 -8235.32946431 0 -40090.23081036 0 75
0.00950000 0.00948925 93400.81745419 0 17082.49345346 0 87598.91924922 0 15129.00318570 0 9797.63449622 0 112
0.01050000 0.01054430 87907.61566516 0 18952.38766883 0 83824.03154880 0 25222.20232064 0 -16247.97233187 0 105
0.01150000 0.01145670 66351.79226172 0 9890.22127636 0 66425.86611476 0 45936.08614486 0 805.75300724 0 144
0.01250000 0.01249090 64394.86957328 0 4762.58336354 0 53261.75769138 0 50747.89706455 0 -14669.83387547 0 169
0.01350000 0.01339930 62622.52253956 0 -6261.15609380 0 25999.59024615 0 38453.29830917 0 -8074.49287400 0 180
0.01450000 0.01448870 61957.18654120 0 -5878.67370526 0 20876.97916881 0 23881.23306185 0 2345.83809770 0 267
0.01550000 0.01550050 73726.73565368 0 -6793.87885780 0 5950.28950219 0 13559.27969616 0 8473.17407374 0 238
0.01650000 0.01653350 71236.56980197 0 -4823.84653677 0 4777.13239836 0 6253.94801034 0 -1244.56252659 0 315
0.01750000 0.01747870 80627.67282015 0 -2033.88641826 0 -4598.20362929 0 -12786.76359357 0 -11532.93353110 0 297
0.01850000 0.01844180 70184.69894419 0 5075.03329760 0 -6483.12298944 0 -12515.82380525 0 -4107.31210845 0 388
0.01950000 0.01947590 73349.16937736 0 2134.38991064 0 -5945.84949994 0 -9111.88113091 0 -7766.56044847 0 399
0.02050000 0.02045430 69206.23759997 0 -2680.01193305 0 -3464.56365273 0 -4965.28441400 0 -26736.01056984 0 462
0.02150000 0.02154770 74821.67785500 0 -2259.83935084 0 -10473.95424080 0 248.07100863 0 -26457.98449364 0 571
0.02250000 0.02255340 74560.92460552 0 35.99579582 0 -7268.41655488 0 2266.53810735 0 -16189.95334982 0 510
0.02350000 0.02348930 70847.70975433 0 -3261.85152995 0 -23675.39854347 0 10498.16941518 0 -12886.41451693 0 555
0.02450000 0.02439640 74816.25241583 0 -1967.38603540 0 -15044.52134734 0 7922.61379446 0 -11793.57605733 0 592
0.02550000 0.02547300 75358.24271571 0 1722.96446503 0 -19057.90692435 0 -612.47007627 0 -7969.09541405 0 837
0.02650000 0.02652900 72788.13467880 0 4355.34325671 0 -10522.15207073 0 -12441.97139871 0 420.22683661 0 723
0.02750000 0.02749970 68160.78869059 0 5994.75595866 0 -4716.73286647 0 -14133.60118451 0 1513.08854809 0 826
0.02850000 0.02848090 67988.28186992 0 4359.98256081 0 16747.88779744 0 -16637.05382600 0 7087.15152527 0 831
0.02950000 0.02946900 67036.61555176 0 4223.70438694 0 23404.45875516 0 -15579.31463608 0 -167.07252365 0 996
0.03050000 0.03053250 62037.01800315 0 7021.32655422 0 35508.50280041 0 -3957.89108502 0 5372.36950828 0 1041
0.03150000 0.03150510 60004.58205943 0 4240.21322325 0 38528.92228768 0 -4105.82841693 0 5727.61397776 0 1036
0.03250000 0.03246190 57863.52660925 0 765.67451309 0 39145.31861034 0 12887.18957967 0 3353.47501782 0 1059
0.03350000 0.03345080 55511.98626427 0 456.67914438 0 43786.83717432 0 2886.88724997 0 10913.04942613 0 1302
0.03450000 0.03451200 57320.76124664 0 1967.05386566 0 39028.06269051 0 11026.31930902 0 -1186.04528992 0 1339
0.03550000 0.03553350 55025.13614199 0 408.68836692 0 38915.12497736 0 2490.36515356 0 11196.22413337 0 1365
0.03650000 0.03647120 53370.93081409 0 2586.16290789 0 29657.99708948 0 -577.80594896 0 -1437.56422050 0 1308
0.03750000 0.03744890 50801.04422368 0 3169.79622141 0 32140.19086733 0 2498.63618020 0 3399.23693630 0 1579
0.03850000 0.03847530 48834.82078238 0 2736.52507893 0 27097.41125192 0 5143.02844431 0 -241.01572326 0 1662
0.03950000 0.03950240 47617.19722208 0 -157.94007014 0 23649.26785690 0 5867.36886162 0 -7147.48462321 0 1683
0.04050000 0.04050350 45140.42888339 0 1244.56252659 0 17708.30125221 0 7786.06988480 0 -10832.55362470 0 1822
0.04150000 0.04152450 42720.35084778 0 3352.22384512 0 17441.56894732 0 3961.05776992 0 -4603.88373192 0 1887
0.04250000 0.04250150 42344.00252720 0 -121.96719404 0 14371.10255187 0 3027.38397959 0 -4551.73308202 0 1920
0.04350000 0.04349210 42783.79526899 0 -1718.41373953 0 13377.36139939 0 2759.57765920 0 -5761.40671311 0 2005
0.04450000 0.04448520 43108.87872567 0 930.53367901 0 13045.08093158 0 104.53536874 0 -7390.12354928 0 2151
0.04550000 0.04548030 40597.12184056 0 2904.10471506 0 14628.75555040 0 -1799.70674835 0 -4822.63965336 0 2274
0.04650000 0.04648670 38518.29285586 0 1583.47531696 0 14008.59463730 0 996.17595670 0 -4595.22517391 0 2311
0.04750000 0.04749250 37410.17458801 0 1248.41569563 0 12111.68394937 0 2203.16012009 0 -5701.38364027 0 2568
0.04850000 0.04851840 36112.16594952 0 1008.31786810 0 10763.22979901 0 4030.87985023 0 -6532.15124373 0 2493
0.04950000 0.04949480 35358.47279911 0 2402.47303915 0 11245.49597881 0 1475.52014998 0 -4748.16719663 0 2644
0.05050000 0.05050630 33574.38910108 0 311.32609309 0 5741.31044356 0 986.20200650 0 -4331.02843141 0 2829
0.05150000 0.05149060 34326.86429576 0 -1328.75648451 0 7199.98958750 0 578.70945067 0 -1450.45240659 0 2784
0.05250000 0.05249300 36008.52898922 0 -920.94615295 0 7709.41618008 0 -1129.22211895 0 -4649.66779504 0 3055
0.05350000 0.05348950 36186.79341880 0 -510.49950086 0 10763.10800344 0 -1720.04137128 0 -5222.20663909 0 3009
0.05450000 0.05448610 37065.16094666 0 469.68137541 0 10101.20442578 0 -2933.02562748 0 -4218.86578100 0 3336
0.05550000 0.05550870 36626.03254435 0 561.03912749 0 13022.38266571 0 -2365.97865655 0 -3746.47611494 0 3349
0.05650000 0.05647670 37067.59685812 0 585.32627198 0 14354.05117164 0 -140.38600638 0 -4319.73466010 0 3324
0.05750000 0.05747970 35664.62258035 0 548.51743535 0 14001.95124241 0 1875.44145011 0 -4776.08052750 0 3639
0.05850000 0.05849280 35489.90129471 0 460.08942042 0 14921.39709535 0 -544.90232130 0 -4100.87908773 0 3846
0.05950000 0.05951020 35102.25920281 0 2601.04411245 0 14698.51119675 0 -1597.78076063 0 -5806.65930464 0 3787
0.06050000 0.06049470 34101.09959271 0 1512.45742558 0 15913.47739910 0 -815.61401972 0 -2577.06145689 0 3930
0.06150000 0.06148310 31540.07086215 0 1672.02069854 0 16574.93808377 0 -1067.97444699 0 -1055.61441079 0 4083
0.06250000 0.06249100 31720.54975670 0 105.27632872 0 16906.44348884 0 2319.15379489 0 -2214.17708328 0 4303
0.06350000 0.06350600 30913.93089366 0 -164.05752961 0 15856.23347979 0 5147.60131446 0 -912.30198897 0 4470
0.06450000 0.06451750 30890.56828829 0 140.64509878 0 13542.22831594 0 4673.41793178 0 -2069.61681045 0 4479
0.06550000 0.06550280 30416.78350930 0 -570.79384566 0 12649.13459607 0 3005.64900597 0 1669.27476198 0 4636
0.06650000 0.06648880 30751.05699558 0 -891.01655174 0 9529.11954705 0 1875.10928036 0 416.41795687 0 4653
0.06750000 0.06749660 31436.98751809 0 -311.71140999 0 8064.10703332 0 3481.17213996 0 1399.73008660 0 5220
0.06850000 0.06852730 30426.41643190 0 1034.46073423 0 7282.78843249 0 -1002.51596989 0 695.46490142 0 5029
0.06950000 0.06949320 30025.81971996 0 2090.78709550 0 8024.51239977 0 -1225.37418768 0 240.65255100 0 5040
0.07050000 0.07048030 27900.81914076 0 1263.23046623 0 7828.65404605 0 -643.09169779 0 542.83290379 0 5475
0.07150000 0.07148790 27539.52918193 0 311.45121036 0 9001.68935431 0 -256.49704782 0 1709.86590477 0 5509
0.07250000 0.07249820 27641.94818650 0 -370.62835758 0 8981.47128919 0 1322.24595752 0 -64.07687240 0 5916
0.07350000 0.07351270 28164.22974820 0 -256.28113748 0 9328.25650251 0 983.25566087 0 366.37990655 0 5721
0.07450000 0.07449140 27659.99607596 0 810.86509961 0 7957.86807668 0 1332.43249635 0 2326.39509532 0 6028
0.07550000 0.07549160 27226.40383606 0 1000.08116566 0 7962.77311658 0 282.58123063 0 2680.75377882 0 6183
0.07650000 0.07648840 25745.36966832 0 1170.67690308 0 7933.19893699 0 958.68285040 0 2113.61822928 0 6330
0.07750000 0.07749960 25200.05767100 0 708.64539688 0 8260.84010070 0 -723.31844173 0 1425.00820416 0 6583
0.07850000 0.07848650 24823.04501092 0 846.69403549 0 8800.22840424 0 -319.31920437 0 713.22048150 0 6549
0.07950000 0.07947320 24094.92893085 0 397.17425634 0 8362.98229715 0 -690.17343739 0 2135.37534755 0 6828
0.08050000 0.08048110 24313.38589952 0 33.78598123 0 9428.17316168 0 285.42903257 0 2860.22509180 0 7147
0.08150000 0.08149960 24325.56545682 0 -36.48331028 0 9973.19727855 0 691.97490463 0 2238.18188349 0 7386
0.08250000 0.08250610 24376.71959748 0 809.23193170 0 10391.18861278 0 620.01918733 0 3348.91322000 0 7227
0.08350000 0.08350160 24087.73191972 0 635.07976355 0 10511.91017028 0 458.33002801 0 3905.98402627 0 7798
0.08450000 0.08449610 23073.72841283 0 549.36336097 0 10495.89958859 0 1392.82095591 0 5626.95547284 0 7371
0.08550000 0.08548940 23380.43181030 0 559.58200954 0 10663.70067121 0 649.78823984 0 5297.90812388 0 8256
0.08650000 0.08650700 22624.85636468 0 172.47471093 0 10029.45576095 0 529.45753541 0 4994.03924155 0 8037
0.08750000 0.08749060 22051.30993907 0 577.94656749 0 9215.72846538 0 730.75240061 0 3885.02411539 0 8155
0.08850000 0.08849210 21904.93380497 0 24.74243849 0 8607.45922914 0 296.62204573 0 2376.95133044 0 8718
0.08950000 0.08949900 21638.75511633 0 13.54289266 0 7809.76465991 0 237.09279857 0 1113.43298376 0 8571
0.09050000 0.09049190 21334.70907681 0 99.04748167 0 7452.42752104 0 1105.21067535 0 241.08880060 0 8932
0.09150000 0.09150830 21607.08826735 0 233.66812851 0 7145.21479662 0 267.36342740 0 124.65444727 0 9285
0.09250000 0.09250820 20513.80691475 0 1164.46532885 0 6714.73387999 0 785.64345090 0 422.45348113 0 9204
0.09350000 0.09350330 20386.47517934 0 657.92639858 0 5907.64997931 0 1171.21944699 0 -117.62241378 0 9349
0.09450000 0.09448040 18901.56569791 0 238.58091903 0 5938.26495744 0 343.89090761 0 1598.32330455 0 9564
0.09550000 0.09549270 19489.28469928 0 346.18730778 0 5090.26881655 0 635.15726983 0 141.39801686 0 10155
0.09650000 0.09649430 18927.36421474 0 281.33005792 0 5361.79543808 0 951.98520112 0 1611.04540576 0 9913
0.09750000 0.09749140 18481.14952455 0 618.45245337 0 4998.09171244 0 -253.80758012 0 204.32203881 0 10476
0.09850000 0.09850240 17691.02842549 0 709.01853423 0 4653.54310873 0 22.36919638 0 -191.97196771 0 10575
0.09950000 0.09950330 17220.12245095 0 483.07999568 0 4607.99156443 0 399.13848676 0 -345.94925280 0 10882
0.10050000 0.10051200 16789.18756901 0 281.32009283 0 4597.77180862 0 -349.77031209 0 -642.67648561 0 10875
0.10150000 0.10150300 16933.34923815 0 61.76098495 0 4326.66593543 0 -94.74079020 0 -1008.01559363 0 11118
0.10250000 0.10250800 16665.95259378 0 200.35261036 0 4587.02058122 0 -227.60824513 0 -1248.29390005 0 11575
0.10350000 0.10349800 16504.18592818 0 435.39592161 0 4392.51305113 0 -641.50503365 0 -678.46999005 0 11364
0.10450000 0.10450100 16508.17196511 0 192.74813768 0 4901.21994260 0 -146.23330111 0 -770.56183727 0 12093
0.10550000 0.10551000 15934.51481626 0 433.18920727 0 5560.03434163 0 -112.26894473 0 80.98519819 0 12067
0.10650000 0.10649700 15939.94025542 0 379.08872098 0 5562.74706121 0 181.92604740 0 -139.37953205 0 12054
0.10750000 0.10749900 15326.86563021 0 559.31184482 0 6132.86106612 0 621.42537259 0 597.80146035 0 12807
0.10850000 0.10850100 15214.14936356 0 283.20903144 0 5917.23861261 0 250.61210718 0 1140.32766075 0 12736
0.10950000 0.10950300 14856.07037892 0 102.49186047 0 6276.04837068 0 282.33210332 0 728.59219004 0 12933
0.11050000 0.11050200 14962.25397393 0 22.31992454 0 6151.04182348 0 320.39432711 0 1748.78512651 0 13428
0.11150000 0.11150900 15028.13430660 0 -224.82576991 0 6272.75989021 0 34.73620814 0 1137.89174929 0 13453
0.11250000 0.11250000 15141.18274300 0 -237.86232515 0 5762.25928212 0 353.83717700 0 945.24436977 0 13668
0.11350000 0.11349100 15346.90653813 0 202.47296056 0 5655.94281921 0 406.68427612 0 557.93112591 0 13791
0.11450000 0.11448600 14932.02652718 0 296.25887348 0 4570.73319141 0 569.33894217 0 699.21177614 0 14205
0.11550000 0.11549300 14983.40211434 0 4.48360507 0 4724.06274550 0 459.49594381 0 556.43746930 0 14776
0.11650000 0.11649800 14685.99946971 0 56.10036961 0 4047.72085628 0 269.32433612 0 -119.60103823 0 14553
0.11750000 0.11747300 14549.69915119 0 353.20826895 0 4456.01283396 0 316.31638988 0 -371.10889648 0 14568
0.11850000 0.11849100 14529.76896652 0 177.97765637 0 4224.74518548 0 122.14435124 0 270.70616226 0 16015
0.11950000 0.11950300 14406.09109829 0 126.82573017 0 4434.49930684 0 -42.07605227 0 30.73245549 0 15270
0.12050000 0.12050700 14360.03022705 0 348.15043097 0 4583.48850960 0 -209.03109855 0 127.43360080 0 15999
0.12150000 0.12150000 14151.64907396 0 186.08813430 0 5021.43217315 0 -413.25348644 0 951.10716576 0 15670
0.12250000 0.12250700 14019.00262263 0 7.22916516 0 5044.11936671 0 345.27826991 0 814.25433823 0 16887
0.12350000 0.12352200 14054.54478530 0 231.64300030 0 5329.16529684 0 624.46804745 0 652.47770754 0 16407
0.12450000 0.12449800 13701.33762359 0 351.10452723 0 5043.16714677 0 273.27826331 0 894.87636417 0 16306
0.12550000 0.12549900 13433.60880947 0 350.88972413 0 4674.69124913 0 313.84283252 0 1109.46909148 0 17523
0.12650000 0.12650100 13096.01362575 0 181.32592739 0 4180.34516296 0 208.11431006 0 940.66374899 0 17154
0.12750000 0.12750600 13114.06151520 0 -19.56103336 0 4468.01523407 0 179.31630044 0 737.55855868 0 18007
0.12850000 0.12850300 12936.01853212 0 139.36070910 0 4236.72544093 0 133.63853163 0 317.07373690 0 17496
0.12950000 0.12949900 12812.45138714 0 257.34297343 0 4234.40025272 0 -216.92012999 0 682.26669023 0 18405
0.13050000 0.13049000 12596.76249968 0 109.94054555 0 4029.97191959 0 320.02340423 0 477.11865599 0 18100
0.13150000 0.13148800 12340.10601038 0 196.55812465 0 4087.88017839 0 275.09855351 0 361.22684658 0 19059
0.13250000 0.13249300 12456.25469773 0 252.51211812 0 3862.59158531 0 275.21481292 0 -105.88154199 0 18957
0.13350000 0.13349100 12063.29788992 0 288.92235105 0 4105.68447670 0 165.16254762 0 369.48901536 0 19468
0.13450000 0.13450700 11885.47635333 0 373.50384034 0 3830.48184334 0 -153.99832251 0 405.26037515 0 19953
0.13550000 0.13551000 11705.44035178 0 157.12293257 0 3978.89528520 0 163.72314540 0 453.39177114 0 19956
0.13650000 0.13649900 11543.34151643 0 134.54203334 0 4075.96635689 0 -13.88093073 0 121.79557301 0 19723
0.13750000 0.13749600 11471.92502135 0 52.87898742 0 4013.11984122 0 95.43114966 0 354.73403531 0 20946
0.13850000 0.13851100 11369.83818652 0 158.85021524 0 3835.45331718 0 -61.77161438 0 149.46752719 0 20955
0.13950000 0.13949800 11408.59132339 0 8.71221449 0 4215.35585403 0 -117.02007931 0 446.17261536 0 20506
0.14050000 0.14048300 11435.05417971 0 68.74330370 0 4094.85574303 0 237.24781112 0 275.62891787 0 21447
0.14150000 0.14148400 11386.66812025 0 218.83674941 0 4344.31522119 0 226.50765605 0 537.65548471 0 21771
0.14250000 0.14249400 11179.28347639 0 196.76185542 0 4032.64034987 0 451.86046862 0 1068.04752433 0 22470
0.14350000 0.14350900 11043.55891877 0 76.15301419 0 3990.43264767 0 456.50863058 0 968.96350399 0 22519
0.14450000 0.14449900 10961.44655791 0 -30.29664879 0 3749.69816146 0 577.63764963 0 1011.10145056 0 22218
0.14550000 0.14550500 10984.74272933 0 129.36682872 0 3414.41709363 0 419.61896598 0 769.43135290 0 23559
0.14650000 0.14650700 10791.09884058 0 123.56271605 0 3193.77887696 0 -109.79317290 0 712.30369300 0 23044
0.14750000 0.14750500 10583.85813695 0 315.29441430 0 3358.83402304 0 -338.37024646 0 883.30910643 0 23649
0.14850000 0.14849900 10408.31749927 0 274.43642849 0 3214.74986017 0 -204.35082685 0 1230.78855452 0 23640
0.14950000 0.14949500 10304.70268362 0 176.95457355 0 3790.71005259 0 16.18917829 0 1164.18852073 0 24457
0.15050000 0.15050000 10048.53337662 0 145.14932051 0 3752.68768916 0 270.73495030 0 1267.46009432 0 24591
0.15150000 0.15149900 10110.37231073 0 89.91956781 0 4058.52744530 0 320.64566889 0 1255.14766912 0 25020
0.15250000 0.15250500 10009.02732166 0 122.39126408 0 3992.94606540 0 20.25017486 0 1467.13840009 0 25297
0.15350000 0.15350100 10001.59779171 0 144.09855689 0 4360.97907005 0 9.42645695 0 1625.39513873 0 25452
0.15450000 0.15450400 9785.10062453 0 220.92941880 0 3979.41568447 0 94.42932571 0 1544.48966128 0 26061
0.15550000 0.15549900 9566.71008981 0 189.93355271 0 3794.68501720 0 127.36827409 0 1529.19878070 0 26128
0.15650000 0.15649500 9604.10133072 0 41.98979886 0 3419.67644791 0 604.53121938 0 799.64219117 0 26331
0.15750000 0.15749700 9418.40737119 0 -82.21455841 0 3142.31471121 0 515.55955330 0 800.02418638 0 27345
0.15850000 0.15849900 9358.63896181 0 153.37273616 0 2469.42738733 0 235.84384033 0 118.06530677 0 26980
0.15950000 0.15949700 9288.32969922 0 112.71294496 0 2518.65494347 0 61.19186745 0 225.98504232 0 27777
0.16050000 0.16050000 9196.03079953 0 153.29855158 0 2385.97527517 0 -241.76089072 0 2.24610967 0 28224
0.16150000 0.16150500 9036.44538192 0 103.37521054 0 2497.57323702 0 -69.43388460 0 75.67081445 0 28075
0.16250000 0.16249700 8982.11348403 0 125.28999872 0 2533.79081150 0 5.42303647 0 -49.18492769 0 28590
0.16350000 0.16349900 8843.72049612 0 199.75470482 0 2742.22732621 0 6.48460668 0 36.47124144 0 29163
0.16450000 0.16449100 8673.26205554 0 311.08360917 0 2685.23807037 0 225.28527139 0 229.61012146 0 28996
0.16550000 0.16550500 8520.51933467 0 118.97102294 0 2624.61709199 0 174.67478187 0 230.71956841 0 30777
0.16650000 0.16650700 8360.11456502 0 43.67843911 0 2505.24635812 0 161.24626633 0 122.53631154 0 29211
0.16750000 0.16749900 8537.65929349 0 95.42262397 0 2430.15385120 0 -54.89758296 0 1.15673685 0 30922
0.16850000 0.16850800 8315.80312110 0 74.59890268 0 2335.05365333 0 -19.43425524 0 288.54367754 0 30867
0.16950000 0.16949900 8398.74590631 0 -78.67241098 0 2448.56712737 0 289.67969807 0 238.88319350 0 30852
0.17050000 0.17049200 8452.10343961 0 -168.10114263 0 2099.65602768 0 441.87876779 0 334.74295285 0 31257
0.17150000 0.17149500 8507.86366740 0 -2.23500413 0 1925.86481733 0 382.36834359 0 56.31749789 0 32608
0.17250000 0.17250900 8576.99926357 0 46.82142924 0 1950.51181238 0 47.69835736 0 347.79390211 0 32361
0.17350000 0.17350400 8484.55642366 0 48.41008640 0 1801.77727309 0 31.02864018 0 288.37759267 0 32508
0.17450000 0.17449800 8399.62061997 0 165.57886704 0 1867.43615926 0 -172.32191285 0 275.73742666 0 32791
0.17550000 0.17549800 8371.20903449 0 152.66300013 0 1913.55239213 0 -162.24056110 0 194.27279680 0 33633
0.17650000 0.17650100 8236.35919052 0 85.36142385 0 1926.51808450 0 -25.56156908 0 -228.66786662 0 33984
0.17750000 0.17750300 8059.30164435 0 250.99299515 0 1938.03330231 0 30.12691005 0 109.78420432 0 34069
0.17850000 0.17849800 7990.68644745 0 195.31027364 0 1686.03826176 0 -12.57351062 0 -209.63786195 0 34536
0.17950000 0.17950400 7769.08493853 0 198.71944245 0 1959.77934825 0 102.44923202 0 90.91519126 0 35343
0.18050000 0.18050100 7611.73613053 0 143.19837688 0 1976.99681334 0 -34.54155667 0 24.25293101 0 34990
0.18150000 0.18150500 7551.80163628 0 116.19519111 0 2060.31605760 0 80.10616632 0 143.79628242 0 36243
0.18250000 0.18250200 7469.56747986 0 131.75512918 0 2302.04705304 0 -165.58108150 0 48.91077693 0 35694
0.18350000 0.18350400 7445.61804127 0 76.58328473 0 2298.85822350 0 -145.64093173 0 277.28755213 0 37087
0.18450000 0.18450600 7387.63227620 0 33.89902966 0 2489.73403105 0 45.04177447 0 399.24921001 0 36651
0.18550000 0.18550700 7420.98211855 0 -30.79423906 0 2229.21330039 0 139.87778667 0 42.65070592 0 37818
0.18650000 0.18651000 7400.79727041 0 43.03137245 0 2250.29500684 0 49.03024732 0 -22.41592160 0 37267
0.18750000 0.18750100 7399.95577372 0 156.25375507 0 2207.30116957 0 -22.19890403 0 -44.95120285 0 38334
0.18850000 0.18850000 7171.88802711 0 126.73493711 0 1970.45306938 0 137.86594525 0 25.25619436 0 38223
0.18950000 0.18949500 7116.11672700 0 104.91238140 0 2058.66628121 0 197.11838428 0 93.22044928 0 39064
0.19050000 0.19050000 7042.58541787 0 23.98907751 0 1871.01252018 0 227.91384130 0 -35.11355297 0 39609
0.19150000 0.19149800 7108.68719704 0 125.49262226 0 1932.58571850 0 242.33111545 0 -15.87904247 0 39576
0.19250000 0.19250400 6900.06245281 0 49.37791831 0 1738.78681720 0 196.84268339 0 365.49854950 0 40909
0.19350000 0.19350500 6916.83702491 0 22.18639230 0 1555.84986654 0 363.69486778 0 315.02535681 0 40191
0.19450000 0.19450100 6995.94878574 0 -62.69072806 0 1319.15677889 0 323.02289703 0 292.38355979 0 41232
0.19550000 0.19549800 6986.48194802 0 -124.43964417 0 1083.55763694 0 160.13017599 0 226.23527686 0 40873
0.19650000 0.19649700 7112.29677493 0 -18.22515737 0 1054.17943750 0 178.73500338 0 21.88123903 0 42816
0.19750000 0.19750200 7128.81668356 0 21.16585612 0 994.91814060 0 -269.81926904 0 -244.16579967 0 41727
0.19850000 0.19849000 6955.83375292 0 206.14897240 0 1064.57081434 0 -400.15935511 0 -320.17730955 0 42610
0.19950000 0.19949900 6871.16368503 0 346.02897353 0 1361.89595269 0 -323.94743615 0 -324.66824449 0 43863
0.20050000 0.20050100 6602.38300006 0 223.41404849 0 1278.72064866 0 -264.07162523 0 -3.57991513 0 43302
0.20150000 0.20150100 6501.73556746 0 162.01800737 0 1471.14658168 0 165.99518645 0 -359.58703528 0 44487
0.20250000 0.20249700 6403.64584189 0 128.08133180 0 1579.68858188 0 222.83164421 0 -57.69633450 0 43759
0.20350000 0.20349100 6359.57798911 0 28.08738781 0 1421.55363882 0 287.26814572 0 47.15448477 0 45282
0.20450000 0.20449700 6267.71091009 0 51.56658476 0 1419.91493474 0 90.05022124 0 248.75860000 0 45483
0.20550000 0.20549900 6317.13776808 0 -5.19689530 0 1361.97345897 0 140.81339811 0 321.05866660 0 46138
0.20650000 0.20650200 6255.07738747 0 5.68181884 0 1325.95518633 0 109.27377014 0 158.54461908 0 46227
0.20750000 0.20749300 6346.99982812 0 67.71523834 0 1340.75888461 0 -25.06696833 0 261.74090085 0 46236
0.20850000 0.20850300 6166.83095867 0 96.18871812 0 1353.94602347 0 -132.98194277 0 241.10873079 0 48361
0.20950000 0.20950400 6173.54078751 0 202.53053665 0 1357.30093789 0 12.89593672 0 166.40043354 0 46812
0.21050000 0.21050300 5985.76523091 0 174.98702143 0 1480.39197290 0 -59.31234031 0 137.85487292 0 48813
0.21150000 0.21149700 5863.19459517 0 91.94823916 0 1495.43926233 0 85.59272472 0 238.16459962 0 47215
0.21250000 0.21249000 5837.01961930 0 39.16403084 0 1356.20477774 0 287.02012565 0 428.55322487 0 50004
0.21350000 0.21350300 5807.88833270 0 -8.01716038 0 1204.15961333 0 284.40594976 0 686.41659757 0 49509
0.21450000 0.21449800 5851.56865411 0 3.71836348 0 1127.72735510 0 289.05411172 0 584.27218666 0 49660
0.21550000 0.21550100 5795.85271562 0 51.81106169 0 1051.45453836 0 97.70972338 0 348.60439629 0 50841
0.21650000 0.21649800 5716.20948320 0 117.87264832 0 1114.67308414 0 -165.89996446 0 301.84929028 0 50424
0.21750000 0.21750300 5667.63519422 0 134.91406345 0 1183.87511426 0 -166.60527155 0 452.02323179 0 52231
0.21850000 0.21850300 5661.31289675 0 56.59873495 0 1157.52298119 0 -170.74964273 0 587.45215835 0 51078
0.21950000 0.21950100 5623.43447354 0 -4.78734108 0 1145.54272574 0 16.81277162 0 489.95369492 0 52791
0.22050000 0.22050700 5734.66704867 0 -2.73080069 0 1275.04463682 0 121.95944341 0 541.66255906 0 52969
0.22150000 0.22150000 5652.69862804 0 79.59030671 0 1117.76226277 0 126.41937585 0 379.97118527 0 52704
0.22250000 0.22250100 5649.47658152 0 28.71828888 0 1168.81675251 0 64.50171751 0 667.01456279 0 54051
0.22350000 0.22349900 5627.04405143 0 78.73707336 0 1171.89485881 0 22.13435238 0 485.67645585 0 53938
0.22450000 0.22449800 5507.24149690 0 94.25194706 0 1213.70395732 0 92.79593635 0 537.63001836 0 54735
0.22550000 0.22549100 5498.07361195 0 78.31698935 0 1102.10599547 0 104.56050292 0 499.19465722 0 54774
0.22650000 0.22649900 5384.60442721 0 64.38501520 0 1003.42279329 0 46.75676686 0 474.19556224 0 56911
0.22750000 0.22749800 5307.64069739 0 75.49653605 0 894.15998475 0 29.55070626 0 358.76657601 0 54879
0.22850000 0.22849100 5323.37447096 0 39.53528589 0 897.54479445 0 83.89212635 0 369.97619765 0 57210
0.22950000 0.22949800 5285.27460126 0 6.00332594 0 792.15176343 0 71.00128290 0 279.66699473 0 57375
0.23050000 0.23049600 5290.65575112 0 35.95471749 0 773.30998829 0 63.50974793 0 367.95439114 0 57604
0.23150000 0.23150100 5330.02893817 0 23.38607870 0 822.21866148 0 -47.82369608 0 304.23205458 0 58629
0.23250000 0.23250200 5268.40037823 0 90.14854349 0 871.54254684 0 -36.46094418 0 409.05375364 0 58560
0.23350000 0.23350400 5250.89503270 0 133.77582846 0 766.63559089 0 -1.61711304 0 442.15225422 0 59305
0.23450000 0.23449700 5197.69251194 0 27.91299870 0 882.74109617 0 -15.34292050 0 383.73577570 0 59196
0.23550000 0.23549300 5143.13916756 0 71.62011513 0 808.96841036 0 90.48049178 0 424.13315281 0 60063
0.23650000 0.23649900 5105.79221595 0 70.85435315 0 834.68942092 0 129.39893846 0 261.49398801 0 61537
0.23750000 0.23750400 5031.69621826 0 112.99750370 0 727.57021446 0 7.37830938 0 234.66020881 0 61224
0.23850000 0.23850100 5001.20303571 0 63.06331179 0 814.90428370 0 -10.68632143 0 314.90245400 0 61221
0.23950000 0.23949400 4961.47553426 0 -8.31363295 0 934.81977595 0 17.01617023 0 352.22947543 0 62332
0.24050000 0.24050100 5025.81681378 0 -10.43843422 0 741.44715916 0 -11.02479133 0 345.70676888 0 63447
0.24150000 0.24150500 5041.70559990 0 13.69037602 0 891.62331514 0 5.67990333 0 306.54506323 0 63342
0.24250000 0.24250300 5026.43686397 0 137.06209447 0 963.64878808 0 -22.85549289 0 400.69414840 0 63379
0.24350000 0.24349600 4897.65465401 0 136.58598450 0 861.48223251 0 -71.64380991 0 439.69419811 0 64266
0.24450000 0.24449500 4779.20292310 0 87.92942815 0 980.67248749 0 0.53084600 0 453.83355690 0 64695
0.24550000 0.24549600 4775.50476661 0 62.00191873 0 919.68501516 0 90.36002489 0 488.53865181 0 65947
0.24650000 0.24650000 4765.07463663 0 40.60797272 0 856.90382620 0 135.69466235 0 318.05253042 0 66018
0.24750000 0.24750000 4713.84298969 0 24.13866461 0 863.60368995 0 85.32433156 0 571.86896840 0 66303
0.24850000 0.24849600 4720.92927758 0 42.14281839 0 815.05376009 0 -18.00714330 0 359.42980826 0 66958
0.24950000 0.24949200 4657.38520544 0 53.48198623 0 842.22413796 0 73.01500661 0 323.42371519 0 66975
0.25050000 0.25048900 4630.66768565 0 91.00199828 0 751.22291474 0 -54.70071702 0 227.01033959 0 68676
0.25150000 0.25150000 4558.87473153 0 101.77038778 0 699.67792101 0 31.87999123 0 255.70537659 0 69349
0.25250000 0.25249900 4495.65175682 0 38.07030659 0 633.64589749 0 171.39737373 0 228.11314315 0 68592
0.25350000 0.25349900 4457.49652549 0 50.67769853 0 542.56938246 0 49.39242306 0 72.40414645 0 70437
0.25450000 0.25450100 4428.11057542 0 51.00510717 0 493.17906314 0 14.67990969 0 96.75905357 0 70099
0.25550000 0.25550100 4461.16146501 0 75.82316963 0 515.49311935 0 -9.16097582 0 134.28736987 0 71064
0.25650000 0.25650300 4330.37516425 0 88.49267731 0 562.90370699 0 -85.02759326 0 153.66726000 0 71409
0.25750000 0.25750600 4375.01877792 0 56.04467581 0 627.57272733 0 -63.28885505 0 410.05801350 0 72612
0.25850000 0.25850600 4354.78964047 0 36.32143289 0 726.99223911 0 61.05313122 0 359.76308524 0 71845
0.25950000 0.25949600 4368.24251513 0 2.91366013 0 659.92716768 0 25.88045203 0 323.05057784 0 72816
0.26050000 0.26049800 4317.35411026 0 35.64989639 0 642.22141306 0 96.73591241 0 373.41083281 0 73743
0.26150000 0.26149900 4323.76498633 0 51.16111623 0 519.08498152 0 8.08702675 0 211.54451629 0 74662
0.26250000 0.26250300 4336.85247427 0 37.46099656 0 554.28279489 0 12.01590834 0 94.40695961 0 74931
0.26350000 0.26350100 4264.76056737 0 3.45693482 0 451.43639858 0 -21.51496652 0 53.96806129 0 75087
0.26450000 0.26450200 4280.17324352 0 72.30748506 0 423.07685302 0 17.31213347 0 -63.65789563 0 76678
0.26550000 0.26550600 4174.99723007 0 115.20421804 0 389.97724521 0 -55.90549669 0 -6.75932213 0 76035
0.26650000 0.26650100 4127.46373962 0 100.86755042 0 435.98275483 0 35.13304027 0 0.77865239 0 77094
0.26750000 0.26750600 4097.77883678 0 29.03274291 0 369.57648673 0 78.75246389 0 79.82481855 0 78463
0.26850000 0.26850100 4033.78079933 0 6.62734002 0 311.41799338 0 143.23823725 0 123.34791294 0 77076
0.26950000 0.26949700 4054.56355302 0 80.77714921 0 286.29821007 0 81.13987857 0 201.27714948 0 79149
0.27050000 0.27049900 4005.94497474 0 50.56730745 0 290.22334922 0 109.38770437 0 345.18747685 0 79648
0.27150000 0.27150200 4018.57849735 0 19.99174680 0 205.16685719 0 63.81467975 0 396.93841582 0 80241
0.27250000 0.27250500 4020.20612910 0 17.30748309 0 297.54990655 0 -32.69491434 0 350.09694567 0 80835
0.27350000 0.27350000 4006.44322935 0 69.87777410 0 295.77612011 0 -82.44032312 0 289.47153836 0 80680
0.27450000 0.27450400 3961.65567546 0 87.53890725 0 398.79524469 0 -34.37945784 0 422.16560069 0 82617
0.27550000 0.27550800 3940.23072694 0 91.32021690 0 392.82947608 0 -26.79845848 0 485.46054551 0 82548
0.27650000 0.27649900 3873.24316179 0 25.25586219 0 410.13219807 0 37.90455389 0 442.60511230 0 81181
0.27750000 0.27748900 3898.66521957 0 38.54785596 0 442.59846891 0 34.81681467 0 420.98529086 0 84096
0.27850000 0.27849800 3894.01484314 0 55.51198626 0 455.00168717 0 -47.50758121 0 386.92792695 0 85215
0.27950000 0.27950200 3871.94769978 0 31.65788040 0 437.43212215 0 -27.77846995 0 368.09833136 0 84514
0.28050000 0.28050300 3818.81161298 0 37.48690580 0 558.72501160 0 -93.67208941 0 394.48700310 0 85815
0.28150000 0.28150100 3872.24665255 0 52.98528174 0 521.84863380 0 -56.34274280 0 287.66896388 0 85485
0.28250000 0.28250000 3794.56322162 0 47.59826355 0 570.91896293 0 18.45535101 0 274.95018436 0 87220
0.28350000 0.28350400 3801.62736486 0 89.10375892 0 486.24889504 0 13.86011476 0 243.85909627 0 87147
0.28450000 0.28449700 3723.67819813 0 73.64435756 0 487.53439195 0 52.24299308 0 307.23597630 0 87102
0.28550000 0.28549800 3726.81166606 0 37.89946062 0 477.37774839 0 85.64454320 0 264.49126634 0 88971
0.28650000 0.28649900 3644.58858196 0 40.11591860 0 362.49684224 0 75.47992757 0 322.31758994 0 89434
0.28750000 0.28750100 3667.86260872 0 -2.83354079 0 334.20705233 0 185.80357555 0 269.60557317 0 89619
0.28850000 0.28849900 3674.99318591 0 -15.16664909 0 198.97742762 0 111.15617609 0 323.34177998 0 90240
0.28950000 0.28950100 3623.67296037 0 53.49372290 0 147.49776061 0 127.29187505 0 205.07495690 0 91333
0.29050000 0.29050500 3625.05700098 0 87.47236258 0 156.18953559 0 -18.88916469 0 277.48685398 0 92139
0.29150000 0.29150600 3543.38753311 0 108.79289908 0 99.15089718 0 -26.74099312 0 200.54526881 0 92370
0.29250000 0.29250200 3471.69422991 0 74.65282490 0 99.10483631 0 -45.68031544 0 394.81585115 0 91819
0.29350000 0.29349600 3484.01772744 0 35.25616452 0 175.39891192 0 17.23462720 0 309.13377277 0 93552
0.29450000 0.29450000 3477.47398347 0 -16.00460263 0 88.96546558 0 63.09121405 0 327.44629079 0 94701
0.29550000 0.29550200 3512.77255499 0 30.37902688 0 163.74418281 0 25.07538329 0 228.01570669 0 95020
0.29650000 0.29650300 3489.45423892 0 74.38033499 0 109.91851162 0 -77.25459979 0 277.43592128 0 95151
0.29750000 0.29749800 3437.18179345 0 86.87578572 0 158.34310277 0 -45.01154702 0 333.59364553 0 95802
0.29850000 0.29850000 3402.32611492 0 51.76898686 0 158.91222026 0 -1.64569071 0 209.10860483 0 97399
0.29950000 0.29950700 3344.12997568 0 37.34684089 0 129.16420517 0 3.03034029 0 228.73872950 0 97881
0.30050000 0.30050300 3373.48270877 0 45.58276826 0 151.14276994 0 9.00415848 0 103.85884969 0 97188
0.30150000 0.30149700 3312.16417393 0 58.89757102 0 80.66841898 0 36.26518548 0 218.32077908 0 98263
0.30250000 0.30249700 3337.46443614 0 32.13022577 0 100.65374383 0 -21.16962071 0 174.70356992 0 100050
0.30350000 0.30350600 3314.16826472 0 33.83381367 0 56.03493217 0 17.93395523 0 188.97358214 0 100779
0.30450000 0.30450500 3343.52099781 0 6.92265000 0 118.91566132 0 65.63386272 0 286.60159177 0 99982
0.30550000 0.30550300 3310.14901081 0 35.93622671 0 140.09369700 0 -14.43986169 0 197.74507787 0 101559
0.30650000 0.30649700 3311.86522115 0 86.29083480 0 129.72335758 0 -2.51041713 0 246.68918249 0 100935
0.30750000 0.30749800 3249.26229663 0 77.86623501 0 225.12250821 0 -41.97894798 0 245.60077296 0 103762
0.30850000 0.30850200 3218.69160781 0 53.07574263 0 146.08714642 0 -29.49778055 0 367.94885498 0 102951
0.30950000 0.30950100 3218.04941297 0 24.04477130 0 206.61401005 0 59.47731795 0 360.10854177 0 104394
0.31050000 0.31050000 3223.10946541 0 44.04338294 0 168.77323275 0 -3.87168196 0 316.51015557 0 103963
0.31150000 0.31149700 3215.46956128 0 48.68124764 0 182.02126939 0 -30.05527210 0 283.92873256 0 105936
0.31250000 0.31250000 3138.68298867 0 67.01015270 0 164.29779905 0 -59.55283121 0 269.29111915 0 105717
0.31350000 0.31349800 3166.57417488 0 46.41053526 0 232.66940481 0 -66.75504633 0 331.56408839 0 106776
0.31450000 0.31450400 3105.45494189 0 27.46623039 0 208.27818047 0 40.00298089 0 197.99863410 0 108733
0.31550000 0.31549900 3106.11928137 0 68.91104942 0 192.15133937 0 52.33910086 0 214.26609373 0 105891
0.31650000 0.31650000 3061.96285000 0 88.92992342 0 149.00359678 0 56.45634485 0 137.36879786 0 111072
0.31750000 0.31750600 2978.88719688 0 99.44652825 0 137.67328680 0 29.78787546 0 238.98616612 0 108121
0.31850000 0.31849900 2924.69923922 0 72.91568786 0 103.11434657 0 10.51546439 0 258.26308363 0 110484
0.31950000 0.31950100 2922.39619566 0 7.48223422 0 80.86373479 0 55.14693171 0 239.99817661 0 110817
0.32050000 0.32049800 2910.71489298 0 -43.71232043 0 37.20290067 0 46.11667576 0 239.91845587 0 111088
0.32150000 0.32149900 2961.49257459 0 13.66634908 0 4.96846217 0 51.93584679 0 218.98954750 0 112635
0.32250000 0.32250100 2982.70714895 0 35.96346463 0 -1.94880667 0 14.26779776 0 232.98718053 0 113202
0.32350000 0.32350400 2960.46284839 0 70.99187142 0 -17.96141460 0 -44.69244262 0 288.39530839 0 113863
0.32450000 0.32450300 2918.12227828 0 84.63651874 0 4.76322556 0 47.52839718 0 358.94151874 0 114045
0.32550000 0.32549900 2865.79447119 0 52.87012956 0 14.38549657 0 15.69978153 0 358.90940900 0 114828
0.32650000 0.32650300 2874.88484986 0 34.96296936 0 1.75148677 0 -21.20527360 0 304.12133133 0 116431
0.32750000 0.32750400 2849.51815370 0 64.14496720 0 69.38571999 0 1.07829275 0 268.17170711 0 116442
0.32850000 0.32850400 2812.18227441 0 52.66329853 0 41.78407506 0 -81.30873152 0 294.03997958 0 116955
0.32950000 0.32949800 2754.35152189 0 67.67648520 0 26.45034459 0 41.26633315 0 401.35516619 0 117028
0.33050000 0.33049700 2767.25078030 0 25.71647090 0 -8.69436591 0 64.70057646 0 317.83994178 0 119061
0.33150000 0.33150100 2741.70692694 0 -8.05715361 0 -82.77027840 0 231.88769868 0 452.69864361 0 120060
0.33250000 0.33250400 2781.03582470 0 -45.63657976 0 -183.20600815 0 225.52886253 0 390.94053746 0 119737
0.33350000 0.33350100 2827.35135942 0 -33.70670338 0 -207.28831463 0 79.44437347 0 380.60120055 0 120531
0.33450000 0.33450000 2869.04973468 0 34.07995145 0 -220.80540877 0 -101.39204645 0 298.47112397 0 121704
0.33550000 0.33550300 2839.17660232 0 83.32289813 0 -164.22915064 0 -184.79488676 0 370.09245706 0 122761
0.33650000 0.33650300 2778.52240697 0 117.16401953 0 -138.98314282 0 -186.89641401 0 374.24900780 0 122472
0.33750000 0.33749900 2757.54035143 0 90.97531398 0 -24.39930714 0 -135.23073194 0 325.63707292 0 122985
0.33850000 0.33849800 2705.01324249 0 32.37315258 0 -18.16724912 0 23.92076126 0 215.59145101 0 125380
0.33950000 0.33950300 2700.24107050 0 41.18949122 0 -6.03511458 0 70.62803483 0 207.09565618 0 125223
0.34050000 0.34050000 2701.27079671 0 25.82619764 0 -29.62788037 0 68.07962855 0 161.99586272 0 125178
0.34150000 0.34149900 2678.36215666 0 37.84376683 0 -66.23398273 0 45.92058489 0 203.74184899 0 127059
0.34250000 0.34250300 2672.88135587 0 75.58533610 0 -93.85013240 0 -15.37303722 0 245.43800979 0 127957
0.34350000 0.34349800 2664.59925691 0 36.22078546 0 -106.53336975 0 -65.76008722 0 293.84842836 0 126732
0.34450000 0.34449700 2623.63165508 0 46.69586907 0 -55.32187445 0 33.07214845 0 349.84560390 0 129639
0.34550000 0.34550000 2628.49240567 0 19.68460051 0 -102.13289570 0 95.77638474 0 349.20230183 0 129826
0.34650000 0.34650400 2611.77319520 0 18.34385270 0 -161.46217667 0 123.64243678 0 348.57007208 0 130875
0.34750000 0.34750200 2602.71603350 0 11.40028708 0 -222.63898576 0 93.65791684 0 259.73127390 0 130686
0.34850000 0.34850200 2592.97238765 0 39.20344832 0 -304.98607990 0 38.29274960 0 298.75789719 0 132211
0.34950000 0.34950400 2569.58763764 0 33.50895166 0 -303.58985974 0 -33.87688502 0 269.31547826 0 132768
0.35050000 0.35050300 2559.79970250 0 68.93950530 0 -279.60166802 0 -13.51144725 0 216.92012999 0 132957
0.35150000 0.35150100 2542.07291046 0 36.39628180 0 -308.38639085 0 -71.00560111 0 271.28967378 0 133987
0.35250000 0.35249800 2525.98482250 0 60.05407535 0 -292.98810872 0 -27.83781761 0 214.84185462 0 134778
0.35350000 0.35349800 2527.05883801 0 17.98577371 0 -231.34404753 0 -25.11247558 0 237.67520286 0 135699
0.35450000 0.35450100 2508.86700833 0 44.59367748 0 -259.28063028 0 -13.73964787 0 186.41255341 0 137380
0.35550000 0.35550100 2508.82271903 0 68.09070087 0 -204.21685172 0 -3.14942314 0 203.90793386 0 136161
0.35650000 0.35649900 2471.02180210 0 54.68886964 0 -242.90798357 0 -70.20462913 0 168.59164662 0 138792
0.35750000 0.35750000 2440.86078930 0 49.09579548 0 -155.27496156 0 -51.73554844 0 224.49692186 0 138097
0.35850000 0.35849800 2458.39935181 0 30.68783402 0 -188.86950229 0 -21.56933164 0 110.12811073 0 140028
0.35950000 0.35950300 2432.26866524 0 34.41577506 0 -142.48421193 0 -40.27591370 0 102.39564197 0 141099
0.36050000 0.36050500 2443.10847123 0 55.44555232 0 -155.47758510 0 -67.16018270 0 59.99838156 0 140821
0.36150000 0.36150200 2383.08539839 0 66.51854147 0 -120.41596133 0 1.24879215 0 45.11042288 0 141756
0.36250000 0.36250400 2371.41516803 0 42.47775621 0 -143.27699039 0 -6.02936805 0 64.47669405 0 142971
0.36350000 0.36349900 2368.19312151 0 24.61732122 0 -145.62100155 0 30.40615408 0 39.79327106 0 142270
0.36450000 0.36450000 2370.57367135 0 3.68314242 0 -195.45310663 0 38.44455117 0 87.34912760 0 145311
0.36550000 0.36550300 2383.90475043 0 22.98260318 0 -196.84157616 0 29.38229620 0 88.50972869 0 145434
0.36650000 0.36650100 2389.50734679 0 21.75645393 0 -210.70412683 0 31.18553502 0 78.90349040 0 144547
0.36750000 0.36749600 2365.44718496 0 54.11654117 0 -224.51906651 0 70.30804464 0 222.29020752 0 146892
0.36850000 0.36849900 2352.54792654 0 63.05932575 0 -256.50922738 0 77.62264386 0 209.14403627 0 148113
0.36950000 0.36949900 2338.02103638 0 13.61508421 0 -297.23877422 0 71.44284721 0 247.11657423 0 147387
0.37050000 0.37049800 2338.13175963 0 19.73785839 0 -287.65456986 0 40.91024719 0 222.14294560 0 149758
0.37150000 0.37150100 2331.24477359 0 58.55731848 0 -370.44234253 0 -37.42556512 0 205.85334133 0 150099
0.37250000 0.37250000 2302.11348699 0 47.83377190 0 -332.54177467 0 -42.98176844 0 266.12111255 0 150468
0.37350000 0.37349800 2291.92694816 0 45.43484200 0 -319.25830659 0 -2.78459004 0 283.63199425 0 150709
0.37450000 0.37449700 2316.11997789 0 27.35517497 0 -328.36086482 0 0.23300379 0 267.65684400 0 153108
0.37550000 0.37550100 2291.41762122 0 -4.63485302 0 -375.07500323 0 63.12598115 0 234.62145567 0 153189
0.37650000 0.37649900 2312.96436532 0 40.84314890 0 -373.45401488 0 41.45644497 0 254.74097710 0 153547
0.37750000 0.37749900 2312.96436532 0 47.87883626 0 -391.71781467 0 57.24757318 0 270.20790764 0 155424
0.37850000 0.37850200 2284.89602190 0 62.31914084 0 -382.38384484 0 -9.38548935 0 331.92947511 0 155313
0.37950000 0.37949900 2243.70697358 0 71.05476223 0 -403.16770576 0 -1.45316513 0 304.28630897 0 156100
0.38050000 0.38050000 2225.64801180 0 30.83786402 0 -363.14457324 0 -0.50790858 0 332.19078198 0 157557
0.38150000 0.38149800 2204.79882416 0 32.42784987 0 -334.97879337 0 -33.08742826 0 288.46727850 0 157692
0.38250000 0.38250100 2197.02605214 0 38.92885466 0 -343.34725646 0 -54.54946907 0 251.03064106 0 159703
0.38350000 0.38350500 2189.66295614 0 70.81582146 0 -267.79967699 0 -116.29152034 0 242.28571891 0 160338
0.38450000 0.38450600 2155.50483407 0 56.68842078 0 -281.29794818 0 -73.98405648 0 184.25123561 0 160167
0.38550000 0.38550000 2152.45994474 0 23.42029218 0 -251.63297553 0 -32.88137229 0 204.08951999 0 160033
0.38650000 0.38649600 2158.53865107 0 42.99804475 0 -224.39394924 0 -43.09769568 0 132.00204202 0 162444
0.38750000 0.38750200 2161.74962527 0 49.00732760 0 -213.76894634 0 38.36948081 0 173.09143942 0 164307
0.38850000 0.38850400 2108.72426171 0 46.12165831 0 -241.59923478 0 56.72573451 0 119.05627984 0 163882
0.38950000 0.38950500 2110.80585878 0 43.79514142 0 -289.94986279 0 69.54649014 0 191.73944888 0 164595
0.39050000 0.39050100 2095.74749702 0 4.53984141 0 -313.43204927 0 86.52313217 0 147.91629448 0 165006
0.39150000 0.39150100 2108.45852592 0 19.50666825 0 -355.70839989 0 33.44351422 0 141.12453044 0 166687
0.39250000 0.39250100 2097.29762250 0 42.48229586 0 -382.78909193 0 -38.05790559 0 167.16663841 0 167256
0.39350000 0.39350100 2108.74640636 0 45.41590832 0 -380.15720032 0 -50.70792597 0 113.23445146 0 167937
0.39450000 0.39449600 2072.52883188 0 40.63808944 0 -408.91645681 0 -28.37604332 0 124.77292115 0 167719
0.39550000 0.39549700 2091.86111101 0 37.94928608 0 -385.40658952 0 -38.63244852 0 71.62354755 0 171636
0.39650000 0.39650400 2049.47625161 0 46.85951803 0 -377.55741846 0 -33.13902529 0 60.49696834 0 171093
0.39750000 0.39750000 2061.56723031 0 52.68699331 0 -347.09191672 0 -37.08763777 0 -5.06807988 0 170464
0.39850000 0.39849800 2029.64571786 0 56.13890130 0 -317.18113845 0 -44.38064595 0 77.01909144 0 172113
0.39950000 0.39949500 2015.52850371 0 40.48673076 0 -336.66289397 0 24.00347153 0 87.75714277 0 173232
