### header ###
fiducial parameters:
Omega_m = 0.31
Omega_nu = 0
Omega_de = 0.69
Omega_k = 0
H_0 = 100
w_de = -1
zeff = 0
beta = 0
fgrowth = 0
b_1 = 2
gamma = 0.55
Lx = 3500 Ly = 3500 Lz = 3500
nx = 700 ny = 700 nz = 700
xoffset = -685.467585 yoffset = -31.7331281 zoffset = 572.489161
bins = 400 dk = 0.001
kx_ny = 0.628318531 ky_ny = 0.628318531 kz_ny = 0.628318531
############################
A(data) = 8.0906371 (not used)
A(ran) = 8.08501656 (used)
Ngal = 480639
weighted Ngal = 0
Nran = 23820508
weighted Nran = 0
SN(data) = 3492.42454
SN(ran) = 70.4234264
SN(data+ran) = 3562.84796
############################
13 columns: k_central k_mean P_0(k) sigma^{lin}_{P_0(k)} P^img_1(k) sigma^{lin}_{P_1(k)} P_2(k) sigma^{lin}_{P_2(k)} P^img_3(k) sigma^{lin}_{P_3(k)} P_4(k) sigma^{lin}_{P_4(k)} N_modes
### header ###
0.00050000 0 0 0 0 0 0 0 0 0 0 0 0
0.00150000 0.00179520 26052.73740528 0 -13224.45259365 0 30283.02982549 0 -53519.96430615 0 51148.71522298 0 3
0.00250000 0.00253879 34145.61033848 0 2618.04013104 0 13211.83014335 0 -15011.30437288 0 -66.22136028 0 6
0.00350000 0.00331552 36600.12330428 0 11441.80829784 0 26941.07002548 0 8913.46507016 0 -6598.05372106 0 7
0.00450000 0.00420575 44514.73180789 0 -15456.85472358 0 21761.65792182 0 21512.64133664 0 29164.06067932 0 24
0.00550000 0.00557378 57210.03799846 0 -18850.41155725 0 29103.05216957 0 45026.60538426 0 -6153.41130099 0 45
0.00650000 0.00659388 89506.57009222 0 -15691.58800974 0 -1054.83159743 0 65259.95031136 0 14878.43647506 0 40
0.00750000 0.00754703 88465.21794303 0 -8152.25381120 0 22434.52310104 0 -3931.71610915 0 -32358.98000574 0 57
0.00850000 0.00846663 96801.90346873 0 6157.75165232 0 16420.58987580 0 -8457.30743228 0 35519.79657172 0 75
0.00950000 0.00948925 87314.24977813 0 3118.53135750 0 26075.43567116 0 -24053.85060577 0 31592.77512829 0 112
0.01050000 0.01054430 91044.95890252 0 7694.94465154 0 33668.39313880 0 -7891.54485102 0 44404.34072945 0 105
0.01150000 0.01145670 91799.87000866 0 10746.75417968 0 46542.40665193 0 20534.51216217 0 34638.32879291 0 144
0.01250000 0.01249090 96273.42140514 0 379.04553891 0 48174.02443721 0 16967.34127534 0 29795.95825672 0 169
0.01350000 0.01339930 82893.29192454 0 3826.61760197 0 39549.56918947 0 26530.61894445 0 46225.62743887 0 180
0.01450000 0.01448870 92275.75852936 0 1341.02462041 0 41332.10276202 0 33731.17322052 0 -1523.79548619 0 267
0.01550000 0.01550050 83923.79319541 0 8018.02401742 0 24001.69995588 0 6383.05131773 0 -4487.60217667 0 238
0.01650000 0.01653350 81262.22775551 0 8915.66846280 0 3846.01631506 0 6846.57205161 0 -8042.85924199 0 315
0.01750000 0.01747870 76313.78434756 0 -11113.07097398 0 1748.33116119 0 6761.69160955 0 9666.34994085 0 297
0.01850000 0.01844180 82789.43351774 0 -10306.76213604 0 -6955.80053595 0 1451.68143465 0 -19348.99834383 0 388
0.01950000 0.01947590 84481.28475003 0 -3202.62566449 0 -6499.54324714 0 4805.90937056 0 -27397.80342425 0 399
0.02050000 0.02045430 78621.03539327 0 13374.26114844 0 -8946.54917671 0 -2264.02468962 0 -24324.34750109 0 462
0.02150000 0.02154770 66536.92153269 0 12461.45869039 0 -2034.75005960 0 -7586.20334950 0 1588.44679081 0 571
0.02250000 0.02255340 60796.36400722 0 5610.51307048 0 1710.05413429 0 1924.94581437 0 -6550.15484389 0 510
0.02350000 0.02348930 58345.50490861 0 -212.44137460 0 8127.83933497 0 -2866.94599297 0 7669.82154653 0 555
0.02450000 0.02439640 58616.33397367 0 -1363.19141470 0 9686.36870412 0 -4624.58897933 0 -6545.49339514 0 592
0.02550000 0.02547300 66070.00159509 0 -2238.19295582 0 18597.18748865 0 -5656.62930335 0 7895.77447910 0 837
0.02650000 0.02652900 64917.15113497 0 479.09949490 0 24557.75210827 0 -3904.96537239 0 566.26637204 0 723
0.02750000 0.02749970 65264.60068778 0 4710.84238967 0 24059.05459844 0 -3849.65910992 0 10401.87340623 0 826
0.02850000 0.02848090 61467.12544473 0 5579.57699494 0 28265.20935054 0 5577.94936319 0 1223.76870058 0 831
0.02950000 0.02946900 59716.03727466 0 3842.20743532 0 28873.85504582 0 7844.76427866 0 113.35403256 0 996
0.03050000 0.03053250 55572.77332752 0 -180.10354273 0 25638.07884082 0 6146.10356661 0 2627.18587134 0 1041
0.03150000 0.03150510 56541.60174915 0 -27.63585841 0 19941.81061462 0 5998.68663397 0 971.69283206 0 1036
0.03250000 0.03246190 54703.15293627 0 95.00386864 0 19776.83297483 0 1763.48917387 0 -1632.74716241 0 1059
0.03350000 0.03345080 56328.34877315 0 758.79417045 0 19734.53669402 0 -5006.00842468 0 -31.56631227 0 1302
0.03450000 0.03451200 52629.19577449 0 2468.25372090 0 18345.07065253 0 530.15177018 0 -5720.70484708 0 1339
0.03550000 0.03553350 53731.77787993 0 30.32444032 0 23022.46354891 0 -3627.72543126 0 -5937.20201425 0 1365
0.03650000 0.03647120 54922.93858392 0 263.29656249 0 22634.37856402 0 2796.45957317 0 -8821.33225534 0 1308
0.03750000 0.03744890 52726.30006315 0 1110.17772027 0 22115.30797652 0 -2612.03893099 0 -10125.24244296 0 1579
0.03850000 0.03847530 52094.84537874 0 2777.76948888 0 22300.65869399 0 3997.09818721 0 -4670.14052363 0 1662
0.03950000 0.03950240 50376.19912039 0 1265.11276145 0 21824.88089653 0 2637.51635040 0 -4354.36889213 0 1683
0.04050000 0.04050350 48581.70743703 0 254.88159563 0 21407.67569736 0 3619.85300831 0 -5890.90862419 0 1822
0.04150000 0.04152450 50414.28791776 0 559.24983980 0 21191.65464015 0 -104.88237540 0 -6480.03381081 0 1887
0.04250000 0.04250150 48209.12370688 0 1488.35297445 0 21883.56421807 0 -155.53294673 0 -3497.91349508 0 1920
0.04350000 0.04349210 46772.37883841 0 1595.59951264 0 20168.23965716 0 -372.54719148 0 -3804.14078259 0 2005
0.04450000 0.04448520 46914.43676584 0 -86.02188803 0 21016.37973827 0 3638.67596050 0 -5337.60240835 0 2151
0.04550000 0.04548030 45654.84909447 0 868.20866984 0 18589.54758452 0 2355.14992287 0 -7771.99695995 0 2274
0.04650000 0.04648670 45868.54496347 0 2451.39057020 0 18504.62285316 0 -1817.83214408 0 -7078.30473774 0 2311
0.04750000 0.04749250 42164.74158838 0 4223.85939949 0 19153.46108754 0 1092.73216528 0 -1576.96478997 0 2568
0.04850000 0.04851840 40292.07929181 0 2169.02414267 0 17900.84898080 0 1267.34937107 0 1488.06509400 0 2493
0.04950000 0.04949480 38213.25030710 0 465.58350800 0 15008.31484518 0 6397.78858206 0 2888.14949499 0 2644
0.05050000 0.05050630 37010.90655505 0 388.44704992 0 13533.48117934 0 6339.14954982 0 -1771.69376656 0 2829
0.05150000 0.05149060 37632.94976336 0 -777.81088833 0 12548.15499372 0 4406.84063945 0 -1089.03954496 0 2784
0.05250000 0.05249300 36090.02129988 0 -259.91286003 0 9748.48444635 0 308.41960782 0 -1801.83263471 0 3055
0.05350000 0.05348950 36453.30427718 0 717.84649880 0 9764.49502804 0 509.98020882 0 745.20953513 0 3009
0.05450000 0.05448610 37886.94889470 0 -587.01812321 0 10079.10406544 0 791.06999730 0 -1283.75855645 0 3336
0.05550000 0.05550870 37114.98640834 0 78.43612757 0 8356.58249340 0 -548.63701646 0 1555.14123775 0 3349
0.05650000 0.05647670 37325.36057990 0 1559.21585329 0 8851.02823050 0 -1275.97471210 0 628.35000453 0 3324
0.05750000 0.05747970 35239.44530731 0 2185.05686901 0 11029.37527067 0 227.00258897 0 4175.28511051 0 3639
0.05850000 0.05849280 34696.67994470 0 842.11009301 0 11635.46325892 0 1089.61309138 0 3660.27806622 0 3846
0.05950000 0.05951020 33952.06610065 0 -644.50895537 0 11516.32504387 0 3712.31799287 0 8165.36344378 0 3787
0.06050000 0.06049470 34710.63107397 0 -434.87330788 0 10521.29950172 0 4386.41220015 0 2556.69945155 0 3930
0.06150000 0.06148310 34013.73894989 0 81.01465057 0 9832.20229431 0 42.45937615 0 5789.05430818 0 4083
0.06250000 0.06249100 34842.39173932 0 596.61893606 0 10260.93378361 0 -2195.80809641 0 1422.50585875 0 4303
0.06350000 0.06350600 33264.69617591 0 806.03424429 0 9843.58464422 0 -3913.36926693 0 -593.24409146 0 4470
0.06450000 0.06451750 33319.72563026 0 1142.43140246 0 10030.48548716 0 -2104.68286315 0 -2627.10836507 0 4479
0.06550000 0.06550280 32845.16578853 0 670.40490865 0 10294.25040899 0 -916.66005602 0 -5587.29440534 0 4636
0.06650000 0.06648880 32694.58217100 0 157.92346166 0 9955.73622231 0 -171.46602214 0 -6009.47107835 0 4653
0.06750000 0.06749660 31575.83447132 0 352.09217861 0 10090.16531793 0 1391.58085553 0 -6787.70050055 0 5220
0.06850000 0.06852730 31535.42048573 0 1441.57240209 0 10394.25564675 0 1361.53056597 0 -6617.85103783 0 5029
0.06950000 0.06949320 30681.41207247 0 680.53830033 0 9814.79659969 0 1586.85237603 0 -3568.06774513 0 5040
0.07050000 0.07048030 30076.30952113 0 752.96459143 0 10176.50730687 0 897.50714854 0 -2922.77265470 0 5475
0.07150000 0.07148790 29369.23085821 0 716.28197931 0 10271.39713056 0 832.12839219 0 -1465.62149159 0 5509
0.07250000 0.07249820 28370.95005256 0 827.99952226 0 9615.14043856 0 620.28381590 0 -2118.26860570 0 5916
0.07350000 0.07351270 28220.92005127 0 1109.64624868 0 10825.16838404 0 -137.22707210 0 -771.21288997 0 5721
0.07450000 0.07449140 26447.13361532 0 1209.05358090 0 9913.71674962 0 -599.22979026 0 -2802.93688319 0 6028
0.07550000 0.07549160 25911.45454060 0 1194.17237634 0 10379.37444220 0 17.45983828 0 -1165.90473108 0 6183
0.07650000 0.07648840 24246.50905762 0 931.65309105 0 9577.57204045 0 364.59836949 0 -1235.82646231 0 6330
0.07750000 0.07749960 24735.35219836 0 -118.64660383 0 9003.42770931 0 1825.37239728 0 -1570.26603346 0 6583
0.07850000 0.07848650 24320.36146416 0 -724.10789849 0 8125.85738883 0 1911.21613160 0 -1426.89049938 0 6549
0.07950000 0.07947320 25066.30398719 0 86.09839779 0 8791.38161671 0 628.24592467 0 -2775.11213092 0 6828
0.08050000 0.08048110 25048.03465124 0 742.32851621 0 8147.91345987 0 -515.37685994 0 -1713.40904871 0 7147
0.08150000 0.08149960 24083.30298979 0 395.32185640 0 8566.59127824 0 -808.92412107 0 -124.61790860 0 7386
0.08250000 0.08250610 24002.47501861 0 190.44509411 0 8771.73931248 0 839.11170745 0 728.84242458 0 7227
0.08350000 0.08350160 23988.74533584 0 -249.31110901 0 9472.21886980 0 1481.89780908 0 290.75814251 0 7798
0.08450000 0.08449610 24580.78254389 0 226.19541649 0 7905.19702752 0 2136.70402653 0 407.59663569 0 7371
0.08550000 0.08548940 23504.55257152 0 881.38141468 0 8587.40724890 0 399.30457163 0 1255.59056211 0 8256
0.08650000 0.08650700 23129.31148341 0 829.11893430 0 7781.86240137 0 -1029.63541507 0 978.51227692 0 8037
0.08750000 0.08749060 22332.98988246 0 860.86771849 0 8871.00270448 0 -137.37322679 0 3068.83876371 0 8155
0.08850000 0.08849210 21719.14019451 0 470.86389970 0 8929.78567694 0 -855.30719696 0 708.66643430 0 8718
0.08950000 0.08949900 21761.65792182 0 223.85915595 0 8897.33269290 0 1092.76648949 0 894.07583508 0 8571
0.09050000 0.09049190 20984.93433579 0 409.46010796 0 7799.56704875 0 457.03345877 0 -559.04721626 0 8932
0.09150000 0.09150830 21037.08498568 0 438.63679109 0 7138.38317221 0 821.02285039 0 -1002.48275292 0 9285
0.09250000 0.09250820 20235.78083856 0 501.60399510 0 7027.21703103 0 166.68277782 0 -1441.49489581 0 9204
0.09350000 0.09350330 19728.22546887 0 504.31339298 0 6787.75586217 0 -343.38158067 0 -2383.42864046 0 9349
0.09450000 0.09448040 19784.02998596 0 316.72717313 0 7338.93619165 0 -817.59818033 0 -2043.03215856 0 9564
0.09550000 0.09549270 19279.79631372 0 35.02287063 0 7858.52717841 0 -200.02819124 0 -2424.20801277 0 10155
0.09650000 0.09649430 19352.20931803 0 514.13565233 0 7619.25423908 0 -252.13455184 0 -1864.38019761 0 9913
0.09750000 0.09749140 18945.41210419 0 590.81703786 0 7525.61558809 0 205.84891240 0 -2107.51737831 0 10476
0.09850000 0.09850240 18288.49107270 0 260.11659080 0 7740.17509842 0 915.73219520 0 -1617.88810250 0 10575
0.09950000 0.09950330 18221.28206105 0 320.19723973 0 7118.82944658 0 676.94643816 0 -1486.90249990 0 10882
0.10050000 0.10051200 17844.15867773 0 358.39454589 0 7231.15818186 0 1172.68099387 0 -1199.18813948 0 10875
0.10150000 0.10150300 17391.41131590 0 203.26020286 0 6699.15511897 0 852.26784380 0 86.42248474 0 11118
0.10250000 0.10250800 17065.77424298 0 373.37761584 0 6376.13111472 0 1385.49107688 0 -8.45473865 0 11575
0.10350000 0.10349800 16813.32523711 0 173.74581382 0 5962.77908459 0 873.38498169 0 858.92563271 0 11364
0.10450000 0.10450100 16738.58704459 0 199.35720836 0 6100.71810718 0 1036.29763291 0 664.30959384 0 12093
0.10550000 0.10551000 16508.72558135 0 109.79405869 0 5280.32527206 0 539.60642834 0 1105.11434613 0 12067
0.10650000 0.10649700 16576.48820924 0 53.31778365 0 5343.99113977 0 47.81871353 0 555.65354870 0 12054
0.10750000 0.10749900 16438.63776525 0 113.12040651 0 4555.74126361 0 91.78625105 0 208.48634017 0 12807
0.10850000 0.10850100 16400.99186087 0 182.54609759 0 4721.19501337 0 -823.49640776 0 -125.29664211 0 12736
0.10950000 0.10950300 16204.79026508 0 277.60754232 0 5129.33197851 0 -289.13272522 0 -555.89160368 0 12933
0.11050000 0.11050200 15964.63153977 0 273.18968472 0 4944.68988984 0 -76.90770385 0 -730.09027559 0 13428
0.11150000 0.11150900 15699.11719061 0 313.88712182 0 5271.58920778 0 389.35830225 0 -827.44258432 0 13453
0.11250000 0.11250000 15289.88406532 0 406.66102424 0 4849.22430525 0 441.33400941 0 -533.39706858 0 13668
0.11350000 0.11349100 15182.37179133 0 307.19168700 0 5690.51061730 0 532.30976628 0 538.47483674 0 13791
0.11450000 0.11448600 14803.14466629 0 282.11840745 0 4722.61227095 0 552.16908808 0 846.18027962 0 14205
0.11550000 0.11549300 14785.09677683 0 234.51516136 0 5123.30863381 0 376.34389166 0 1121.54899786 0 14776
0.11650000 0.11649800 14462.11706187 0 253.49866226 0 4994.07245853 0 399.13405783 0 1851.39236060 0 14553
0.11750000 0.11747300 14676.03437737 0 6.57991725 0 5057.49473509 0 212.87762420 0 1611.86475780 0 14568
0.11850000 0.11849100 14461.12055264 0 220.85412700 0 4917.21945196 0 -57.08813170 0 1410.84670072 0 16015
0.11950000 0.11950300 14162.72139878 0 427.00642110 0 4984.04093224 0 -470.37007402 0 1435.63763599 0 15270
0.12050000 0.12050700 13975.70983259 0 509.98353052 0 5334.39143415 0 -453.55231985 0 1280.45900365 0 15999
0.12150000 0.12150000 13436.93050692 0 220.11892463 0 5294.20996739 0 22.05097777 0 839.65535860 0 15670
0.12250000 0.12250700 13328.86461669 0 -11.81284190 0 5183.39814060 0 371.12550497 0 103.02765027 0 16887
0.12350000 0.12352200 13425.30456586 0 -96.07865921 0 4967.54316826 0 523.10091373 0 -297.90311371 0 16407
0.12450000 0.12449800 13372.37885322 0 -267.29699345 0 4735.99871165 0 568.08776947 0 -767.36082816 0 16306
0.12550000 0.12549900 13365.62473508 0 109.56010046 0 4423.27196948 0 84.47641293 0 -690.10700344 0 17523
0.12650000 0.12650100 13330.74691191 0 283.04848273 0 4542.44340150 0 -220.41344847 0 -1424.47673257 0 17154
0.12750000 0.12750600 13099.77821619 0 312.30931553 0 4117.86403400 0 -80.67605888 0 -801.38165340 0 18007
0.12850000 0.12850300 12755.65036083 0 292.27394377 0 4330.17586240 0 47.28081999 0 -806.44945647 0 17496
0.12950000 0.12949900 12758.41844203 0 230.95873062 0 4285.12257271 0 397.62711442 0 -158.64537723 0 18405
0.13050000 0.13049000 12705.04983640 0 -159.51787643 0 4090.26072823 0 595.26146904 0 -341.92446272 0 18100
0.13150000 0.13148800 12828.83842788 0 -65.70649717 0 4035.88454105 0 398.58044159 0 -105.76328956 0 19059
0.13250000 0.13249300 12912.87737325 0 43.52741260 0 3878.98969837 0 190.44177242 0 372.54497701 0 18957
0.13350000 0.13349100 12971.00707855 0 -155.34803890 0 3718.66243499 0 424.99015075 0 670.38830017 0 19468
0.13450000 0.13450700 12939.22950632 0 102.15470818 0 3689.08825540 0 230.65645616 0 577.29994372 0 19953
0.13550000 0.13551000 12934.91129964 0 177.68756146 0 3513.22652031 0 -83.55375610 0 330.05935945 0 19956
0.13650000 0.13649900 12687.99845618 0 379.08318482 0 3926.68927368 0 -194.27279680 0 626.45552975 0 19723
0.13750000 0.13749600 12333.90550848 0 470.06226339 0 4037.52324512 0 -304.57529665 0 233.89511117 0 20946
0.13850000 0.13851100 11825.79652256 0 350.51880125 0 4218.09071826 0 -325.90502318 0 -149.22947221 0 20955
0.13950000 0.13949800 11798.22643376 0 186.17117673 0 4195.82427305 0 148.05359131 0 169.27259459 0 20506
0.14050000 0.14048300 11648.30715571 0 -33.91143067 0 4149.78554646 0 235.26586498 0 -48.62544312 0 21447
0.14150000 0.14148400 11535.92305880 0 103.10714956 0 3891.47928076 0 638.96504233 0 259.53640098 0 21771
0.14250000 0.14249400 11491.41231303 0 155.73224857 0 3607.05340082 0 307.91913874 0 258.69379706 0 22470
0.14350000 0.14350900 11327.20973597 0 272.16549467 0 3812.30108598 0 348.13714418 0 210.57458063 0 22519
0.14450000 0.14449900 11123.81112905 0 378.57496511 0 3549.74304756 0 280.12428175 0 599.21539623 0 22218
0.14550000 0.14550500 10700.44971729 0 375.19126264 0 3455.10788733 0 147.48225935 0 741.44494469 0 23559
0.14650000 0.14650700 10504.38098940 0 310.65621744 0 3138.32867427 0 136.40882730 0 925.60760170 0 23044
0.14750000 0.14750500 10296.29878908 0 -21.33194100 0 3343.11132179 0 269.55906941 0 646.99912122 0 23649
0.14850000 0.14849900 10446.32879037 0 -35.27100143 0 3112.71838697 0 137.59688775 0 264.61638361 0 23640
0.14950000 0.14949500 10200.35709453 0 -39.49797216 0 3110.65893455 0 -34.89122069 0 -54.89459343 0 24457
0.15050000 0.15050000 10410.47660261 0 -58.41193886 0 3081.98161327 0 -249.52812658 0 -179.50010103 0 24591
0.15150000 0.15149900 10366.90700445 0 41.97097590 0 2820.69689220 0 -277.75258977 0 -574.94153853 0 25020
0.15250000 0.15250500 10452.47393065 0 164.77833795 0 3045.99655761 0 4.36063583 0 -383.36706729 0 25297
0.15350000 0.15350100 10070.41229046 0 419.30229749 0 2805.61638580 0 130.49842031 0 -108.17262744 0 25452
0.15450000 0.15450400 9903.51913847 0 335.17477352 0 2869.57013395 0 360.72637750 0 131.42738836 0 26061
0.15550000 0.15549900 9725.67545723 0 120.23216074 0 2695.88964684 0 599.85205491 0 60.82039095 0 26128
0.15650000 0.15649500 9554.18729044 0 18.89337218 0 2525.55300183 0 421.44257787 0 118.02433917 0 26331
0.15750000 0.15749700 9365.11627183 0 194.86295172 0 2511.44686001 0 156.75422416 0 177.94443939 0 27345
0.15850000 0.15849900 9258.91053217 0 206.14675794 0 2428.12761575 0 -84.09840376 0 47.86676742 0 26980
0.15950000 0.15949700 9068.06794160 0 169.14083393 0 2382.04459986 0 -136.26710154 0 264.95076782 0 27777
0.16050000 0.16050000 8967.08833925 0 136.63248826 0 2217.64272095 0 33.97111050 0 230.12277010 0 28224
0.16150000 0.16150500 8928.16911752 0 84.32051459 0 2345.94882095 0 242.01112526 0 244.53672255 0 28075
0.16250000 0.16249700 8860.39541730 0 15.16144510 0 2194.92231042 0 207.81757175 0 360.66990864 0 28590
0.16350000 0.16349900 8797.05064701 0 -35.48525092 0 2174.36100324 0 269.71186749 0 125.07962455 0 29163
0.16450000 0.16449100 8725.15804197 0 198.02299322 0 2141.42083690 0 102.88847114 0 405.90478446 0 28996
0.16550000 0.16550500 8685.08729845 0 231.99177853 0 2316.87289598 0 -78.16286259 0 617.31975454 0 30777
0.16650000 0.16650700 8639.85685156 0 112.79045123 0 2428.12761575 0 -88.35205878 0 726.08873740 0 29211
0.16750000 0.16749900 8380.55407663 0 118.91676855 0 2803.70087360 0 -282.16823291 0 706.00464741 0 30922
0.16850000 0.16850800 8527.67205650 0 192.87436218 0 2675.22868873 0 -62.51489954 0 751.87839637 0 30867
0.16950000 0.16949900 8381.72774307 0 48.00207123 0 2808.81628767 0 -193.28403820 0 695.38850238 0 30852
0.17050000 0.17049200 8334.65929026 0 139.70173670 0 2913.64905905 0 -20.26634046 0 635.11630222 0 31257
0.17150000 0.17149500 8205.74421240 0 129.88944245 0 2868.42968449 0 115.83644779 0 549.02233337 0 32608
0.17250000 0.17250900 8110.95403963 0 70.44733449 0 2712.23239828 0 361.76939050 0 413.83699796 0 32361
0.17350000 0.17350400 8053.94263913 0 2.93914862 0 2526.00696715 0 224.30204894 0 525.46817678 0 32508
0.17450000 0.17449800 8079.07681647 0 15.09999369 0 2320.72606501 0 437.74657617 0 -29.66475121 0 32791
0.17550000 0.17549800 7978.09721413 0 133.69610772 0 2016.81289339 0 50.47728945 0 334.47168089 0 33633
0.17650000 0.17650100 7973.69042885 0 99.90193297 0 1892.52604730 0 187.50649911 0 322.13489658 0 33984
0.17750000 0.17750300 7811.84625697 0 13.50502530 0 1849.65400560 0 335.58334230 0 438.56482097 0 34069
0.17850000 0.17849800 7852.94672670 0 53.35321509 0 1577.59591249 0 215.81954090 0 259.37142334 0 34536
0.17950000 0.17950400 7851.50732448 0 -68.64143831 0 1536.70581693 0 334.55140163 0 53.67696987 0 35343
0.18050000 0.18050100 7757.92403511 0 -88.23502431 0 1387.01905771 0 -10.17344027 0 -96.91716637 0 34990
0.18150000 0.18150500 7910.68890063 0 41.09559790 0 1444.27404934 0 -146.59979506 0 -237.53347710 0 36243
0.18250000 0.18250200 7881.84549448 0 68.18094032 0 1450.03165825 0 -277.96960734 0 -186.64950117 0 35694
0.18350000 0.18350400 7795.43707159 0 187.02153128 0 1477.75675960 0 -334.30116709 0 -316.88329291 0 37087
0.18450000 0.18450600 7685.56639242 0 239.39916383 0 1773.67571270 0 -306.55392109 0 16.28705764 0 36651
0.18550000 0.18550700 7542.20193067 0 208.03348209 0 1920.79369256 0 171.81147868 0 19.78458360 0 37818
0.18650000 0.18651000 7396.93302905 0 96.01864721 0 1865.96354006 0 160.40034072 0 248.21827055 0 37267
0.18750000 0.18750100 7429.98391863 0 50.18044042 0 1830.88641504 0 282.47050738 0 70.84018057 0 38334
0.18850000 0.18850000 7401.56126082 0 52.22981702 0 1842.73380259 0 289.74834648 0 271.17895053 0 38223
0.18950000 0.18949500 7325.33937677 0 6.36068522 0 1705.47019182 0 139.76484895 0 500.15684224 0 39064
0.19050000 0.19050000 7291.72379862 0 6.36948772 0 1660.17331098 0 38.94269507 0 565.36951373 0 39609
0.19150000 0.19149800 7321.43084611 0 91.27138795 0 1505.69223511 0 87.14606116 0 369.79350429 0 39576
0.19250000 0.19250400 7340.05449645 0 7.05537395 0 1364.53116600 0 14.12618273 0 45.65462765 0 40909
0.19350000 0.19350500 7120.05847463 0 230.84579291 0 1491.30928517 0 -55.84482035 0 200.47440593 0 40191
0.19450000 0.19450100 7008.00654747 0 198.57439500 0 1306.53432860 0 -56.28328441 0 -36.36184687 0 41232
0.19550000 0.19549800 6831.62441310 0 31.32548921 0 1417.56760188 0 106.27937062 0 43.02063230 0 40873
0.19650000 0.19649700 6820.37493109 0 85.59051025 0 1299.79128279 0 104.57257175 0 24.07688104 0 42816
0.19750000 0.19750200 6793.98958105 0 76.59623935 0 1402.53138478 0 158.93215045 0 0.77319041 0 41727
0.19850000 0.19849000 6686.92020005 0 66.54721879 0 1252.03634584 0 126.65521637 0 355.72943731 0 42610
0.19950000 0.19949900 6681.68299041 0 3.55647502 0 1409.17477967 0 176.82170566 0 509.15089169 0 43863
0.20050000 0.20050100 6701.85676623 0 65.62544775 0 1330.56127346 0 286.10001545 0 755.91204430 0 43302
0.20150000 0.20150100 6623.98510578 0 35.35913714 0 1284.33431734 0 95.39948281 0 768.52785120 0 44487
0.20250000 0.20249700 6627.91578109 0 130.08542260 0 1326.74132139 0 130.90256017 0 948.38891002 0 43759
0.20350000 0.20349100 6536.17049764 0 67.52723026 0 1201.79013582 0 52.99989721 0 1010.33413845 0 45282
0.20450000 0.20449700 6490.48608544 0 81.86013330 0 1176.76668173 0 69.41506165 0 730.86423109 0 45483
0.20550000 0.20549900 6433.78471005 0 86.00871196 0 1249.24611999 0 11.58740937 0 711.90176761 0 46138
0.20650000 0.20650200 6307.54913479 0 173.71259685 0 1264.66986846 0 -220.89066567 0 467.97623739 0 46227
0.20750000 0.20749300 6169.63225685 0 215.02676244 0 1287.74459338 0 -230.58116435 0 561.22292808 0 46236
0.20850000 0.20850300 6070.61245599 0 177.74181585 0 1240.34397083 0 -175.93149074 0 264.35839844 0 48361
0.20950000 0.20950400 5948.24112210 0 71.60959643 0 1363.42393352 0 -98.81584863 0 389.41366387 0 46812
0.21050000 0.21050300 5969.66607062 0 -35.17976548 0 1251.70417610 0 73.16437228 0 206.66272828 0 48813
0.21150000 0.21149700 5969.78786620 0 4.80386099 0 1275.93042280 0 155.93597935 0 150.64230086 0 47215
0.21250000 0.21249000 5978.72323232 0 77.52111065 0 1177.13206844 0 16.08819868 0 102.44878913 0 50004
0.21350000 0.21350300 5980.68303382 0 47.22291174 0 1238.15165052 0 103.83692649 0 183.00117014 0 49509
0.21450000 0.21449800 5840.62919719 0 88.31563083 0 1162.05156204 0 93.76753285 0 309.66192267 0 49660
0.21550000 0.21550100 5852.00047478 0 -15.17118874 0 1044.78014096 0 3.06886091 0 141.13006660 0 50841
0.21650000 0.21649800 5903.97396747 0 22.64545089 0 1193.31980733 0 69.00206393 0 -19.69179752 0 50424
0.21750000 0.21750300 5843.04296400 0 151.39743341 0 1198.61237859 0 -222.92797343 0 22.92203756 0 52231
0.21850000 0.21850300 5740.87862290 0 122.45769803 0 1178.29466255 0 -247.31144715 0 43.57347348 0 51078
0.21950000 0.21950100 5696.51181735 0 67.07647592 0 1291.49811150 0 23.10760973 0 -90.65233426 0 52791
0.22050000 0.22050700 5710.47401894 0 -5.64002082 0 1113.44405609 0 50.90600986 0 -117.36221415 0 52969
0.22150000 0.22150000 5689.82413316 0 59.42217777 0 1307.15437879 0 66.53880383 0 -274.85164067 0 52704
0.22250000 0.22250100 5647.15139331 0 107.94564478 0 1099.07771464 0 -7.30651642 0 -150.64008639 0 54051
0.22350000 0.22349900 5529.64081000 0 150.47067982 0 1211.83273443 0 197.99309794 0 -81.77343699 0 53938
0.22450000 0.22449800 5502.31431235 0 49.89521733 0 1062.14597520 0 219.43686942 0 65.28918125 0 54735
0.22550000 0.22549100 5451.49234143 0 0.50373652 0 1092.17633458 0 170.11630575 0 65.66453306 0 54774
0.22650000 0.22649900 5459.84087435 0 38.77971044 0 1018.54648176 0 203.28677644 0 176.56261326 0 56911
0.22750000 0.22749800 5402.88483548 0 50.94000190 0 991.52004411 0 11.69004982 0 283.64749551 0 54879
0.22850000 0.22849100 5389.45410548 0 73.68975409 0 982.17610920 0 94.79759123 0 315.64319254 0 57210
0.22950000 0.22949800 5299.58004492 0 94.85040622 0 934.90946178 0 -16.32835741 0 306.61592611 0 57375
0.23050000 0.23049600 5311.22813063 0 108.57444211 0 983.94878840 0 -85.01740672 0 294.47401471 0 57604
0.23150000 0.23150100 5158.69578393 0 64.34515483 0 816.54852394 0 -55.01993215 0 112.92664083 0 58629
0.23250000 0.23250200 5187.30667126 0 71.51215997 0 812.33107541 0 -93.50611526 0 111.40087447 0 58560
0.23350000 0.23350400 5142.06515205 0 -15.45464026 0 774.41722077 0 134.15450197 0 -20.38248914 0 59305
0.23450000 0.23449700 5177.56302542 0 -8.68628311 0 688.48601508 0 52.70227312 0 -68.86842097 0 59196
0.23550000 0.23549300 5176.84332431 0 -30.59504794 0 558.41609374 0 113.91097050 0 -198.81023551 0 60063
0.23650000 0.23649900 5197.48213777 0 73.45203127 0 551.64425988 0 103.88896642 0 -76.93615973 0 61537
0.23750000 0.23750400 5153.51393592 0 30.40095008 0 529.04010876 0 17.41311307 0 7.85148518 0 61224
0.23850000 0.23850100 5174.86137817 0 42.80582920 0 570.66208499 0 78.72157210 0 56.38337823 0 61221
0.23950000 0.23949400 5079.67260170 0 122.56952851 0 580.99256405 0 -110.00864034 0 -19.48518794 0 62332
0.24050000 0.24050100 5005.62089331 0 168.52853437 0 758.33466897 0 -46.90856843 0 106.71119129 0 63447
0.24150000 0.24150500 4899.41515365 0 63.71912559 0 744.51972929 0 -83.63890228 0 117.95790522 0 63342
0.24250000 0.24250300 4854.33971932 0 82.37599291 0 704.75347471 0 155.34360997 0 -18.55323036 0 63379
0.24350000 0.24349600 4848.33851926 0 -11.44003673 0 660.54832510 0 11.83011473 0 166.76249856 0 64266
0.24450000 0.24449500 4832.16185270 0 42.20294111 0 653.41885515 0 58.82161488 0 7.30186605 0 64695
0.24550000 0.24549600 4816.66059796 0 63.60297690 0 665.52422787 0 55.04971670 0 26.28270959 0 65947
0.24650000 0.24650000 4745.57627262 0 128.64934207 0 541.62048422 0 8.64595770 0 140.06601619 0 66018
0.24750000 0.24750000 4711.32957196 0 36.19897298 0 548.35135048 0 106.09612364 0 168.46099319 0 66303
0.24850000 0.24849600 4683.81484478 0 -3.13752039 0 594.97137413 0 72.21547404 0 98.12094952 0 66958
0.24950000 0.24949200 4685.70821233 0 57.91180195 0 549.77192976 0 24.36952259 0 164.71301123 0 66975
0.25050000 0.25048900 4649.37991460 0 107.30201054 0 658.12127150 0 -26.94893138 0 288.56803666 0 68676
0.25150000 0.25150000 4594.09579678 0 90.98527907 0 568.96137590 0 -66.67012160 0 344.12231920 0 69349
0.25250000 0.25249900 4603.16403080 0 44.00418691 0 600.12332687 0 17.94978866 0 422.91298261 0 68592
0.25350000 0.25349900 4576.34686009 0 47.73854990 0 688.24463840 0 -23.47244283 0 225.23212423 0 70437
0.25450000 0.25450100 4523.36578584 0 58.38171141 0 624.99841181 0 -44.02300986 0 313.29253798 0 70099
0.25550000 0.25550100 4500.68966461 0 60.30619219 0 676.89439823 0 0.46775147 0 264.24213903 0 71064
0.25650000 0.25650300 4441.99527074 0 85.61896613 0 522.81303329 0 139.03850445 0 332.92155541 0 71409
0.25750000 0.25750600 4435.60653932 0 28.42110768 0 536.74312514 0 179.77137299 0 288.09746285 0 72612
0.25850000 0.25850600 4365.14226418 0 42.55858418 0 397.68026158 0 80.52237501 0 185.71721142 0 71845
0.25950000 0.25949600 4382.13828277 0 150.59801156 0 468.81330515 0 8.14111505 0 316.35846472 0 72816
0.26050000 0.26049800 4220.02837511 0 110.63887707 0 400.11838751 0 -39.78718128 0 233.69138039 0 73743
0.26150000 0.26149900 4153.41726900 0 68.99608487 0 393.97103277 0 -24.43617798 0 427.56003734 0 74662
0.26250000 0.26250300 4139.01217441 0 42.63431888 0 445.45402148 0 29.43776855 0 129.05680362 0 74931
0.26350000 0.26350100 4156.03033765 0 -6.59675826 0 483.80301849 0 43.52154427 0 188.42771653 0 75087
0.26450000 0.26450200 4111.23171144 0 45.24129776 0 442.48774566 0 1.97218035 0 133.15909997 0 76678
0.26550000 0.26550600 4106.60347966 0 71.53662980 0 454.70051993 0 -90.63439710 0 135.43999888 0 76035
0.26650000 0.26650100 4119.00448346 0 47.77088109 0 490.72765043 0 -123.60146918 0 25.12631599 0 77094
0.26750000 0.26750600 4054.90679508 0 54.63472597 0 475.60949812 0 -74.83164295 0 108.02913011 0 78463
0.26850000 0.26850100 4049.65851312 0 24.81773030 0 519.65409902 0 -12.90601253 0 -41.23045882 0 77076
0.26950000 0.26949700 4030.25980004 0 29.60562499 0 495.06135836 0 57.35873932 0 -87.63357563 0 79149
0.27050000 0.27049900 4026.18518451 0 39.81740873 0 501.66378565 0 56.70923675 0 -108.88801035 0 79648
0.27150000 0.27150200 4020.30578003 0 65.79208624 0 386.70205152 0 35.10845970 0 -64.96376562 0 80241
0.27250000 0.27250500 3949.79721558 0 72.83928882 0 453.53349690 0 -23.92806900 0 -28.87651240 0 80835
0.27350000 0.27350000 3924.78483382 0 53.32331982 0 443.90721770 0 -28.46528626 0 8.70346736 0 80680
0.27450000 0.27450400 3933.84199552 0 7.22069483 0 457.50513981 0 103.84855243 0 99.97202079 0 82617
0.27550000 0.27550800 3926.01386187 0 3.07134111 0 409.12572375 0 2.57006375 0 -2.07318210 0 82548
0.27650000 0.27649900 3937.86124943 0 51.30948538 0 424.11654432 0 86.19439485 0 -57.11913421 0 81181
0.27750000 0.27748900 3894.70132728 0 35.02707812 0 352.51624865 0 79.86744700 0 7.27692010 0 84096
0.27850000 0.27849800 3869.50071600 0 96.18871812 0 326.40438503 0 30.01629752 0 51.95323034 0 85215
0.27950000 0.27950200 3779.58236614 0 114.32064652 0 271.12358890 0 50.86858541 0 53.26297565 0 84514
0.28050000 0.28050300 3726.52378561 0 54.81786222 0 265.70922207 0 48.30866391 0 107.76350504 0 85815
0.28150000 0.28150100 3702.60756400 0 18.79837163 0 281.04439194 0 31.34995905 0 65.96780404 0 85485
0.28250000 0.28250000 3729.49116866 0 41.37550628 0 273.24726080 0 -15.14505806 0 108.81891904 0 87220
0.28350000 0.28350400 3728.07391109 0 -0.60726941 0 279.96484027 0 16.46343977 0 189.19835034 0 87147
0.28450000 0.28449700 3775.27523179 0 31.42325784 0 252.85203849 0 10.27934706 0 208.62695870 0 87102
0.28550000 0.28549800 3713.36986373 0 58.77500039 0 253.05023310 0 -62.72361287 0 181.25174282 0 88971
0.28650000 0.28649900 3737.14214511 0 40.75711693 0 342.40721609 0 59.85189470 0 133.73596809 0 89434
0.28750000 0.28750100 3654.33222780 0 79.90243554 0 285.98707774 0 -103.72277082 0 191.51800239 0 89619
0.28850000 0.28849900 3637.48014942 0 93.33759448 0 215.42204444 0 62.92734364 0 98.56948940 0 90240
0.28950000 0.28950100 3627.62578033 0 -31.07071501 0 236.42845909 0 57.19365096 0 125.86686684 0 91333
0.29050000 0.29050500 3628.83266374 0 25.02744013 0 162.35460605 0 5.59284164 0 94.56728687 0 92139
0.29150000 0.29150600 3629.48593090 0 64.61587318 0 250.40616194 0 -24.60669178 0 65.05422652 0 92370
0.29250000 0.29250200 3597.73050332 0 68.12236772 0 192.93636720 0 -68.00555470 0 102.40593923 0 91819
0.29350000 0.29349600 3571.69946767 0 82.27080582 0 291.75575897 0 -34.00853496 0 83.29676744 0 93552
0.29450000 0.29450000 3500.61514234 0 52.94907524 0 247.71226531 0 52.37453230 0 134.34051702 0 94701
0.29550000 0.29550200 3512.32966200 0 26.23520932 0 274.66451838 0 85.61066188 0 154.10683129 0 95020
0.29650000 0.29650300 3485.88895033 0 19.44244877 0 222.80617786 0 106.60091093 0 149.44648977 0 95151
0.29750000 0.29749800 3457.07876115 0 45.40284298 0 252.16444712 0 81.93376426 0 177.89461393 0 95802
0.29850000 0.29850000 3445.79606216 0 48.62909699 0 129.04351683 0 28.18438138 0 162.25606236 0 97399
0.29950000 0.29950700 3443.58159720 0 59.60952151 0 180.36706406 0 25.23726068 0 305.12780565 0 97881
0.30050000 0.30050300 3399.34765955 0 48.35284248 0 146.72048340 0 -6.82700725 0 284.71929655 0 97188
0.30150000 0.30149700 3450.02569024 0 23.17349006 0 99.98741132 0 56.90034507 0 316.48690369 0 98263
0.30250000 0.30249700 3378.38774867 0 33.57616067 0 93.47987385 0 14.71201943 0 353.04107684 0 100050
0.30350000 0.30350600 3416.60941394 0 51.30317415 0 118.33214980 0 -50.98683783 0 253.97477223 0 100779
0.30450000 0.30450500 3366.83931388 0 71.40874445 0 97.83716584 0 -67.25606903 0 276.65532238 0 99982
0.30550000 0.30550300 3279.83298545 0 102.32256462 0 176.39985008 0 -92.69019565 0 265.85426952 0 101559
0.30650000 0.30649700 3246.82638517 0 67.29138975 0 210.49375266 0 -37.71798522 0 260.84182808 0 100935
0.30750000 0.30749800 3230.46148909 0 29.01248055 0 212.44912523 0 68.72835606 0 170.65331350 0 103762
0.30850000 0.30850200 3203.98756045 0 45.31681102 0 194.52746027 0 34.91967657 0 165.51243309 0 102951
0.30950000 0.30950100 3187.39014554 0 35.64734975 0 214.77542067 0 -1.94705725 0 139.69952224 0 104394
0.31050000 0.31050000 3193.65708139 0 57.26650686 0 179.45138280 0 10.30739326 0 120.90203639 0 103963
0.31150000 0.31149700 3173.33936535 0 53.78348564 0 173.12354917 0 -15.81449082 0 200.23856542 0 105936
0.31250000 0.31250000 3117.39090804 0 58.13247338 0 146.66733625 0 -55.19099957 0 93.83097727 0 105717
0.31350000 0.31349800 3124.99759519 0 34.33129323 0 143.23270109 0 17.68217057 0 129.03465897 0 106776
0.31450000 0.31450400 3057.17960568 0 76.44576646 0 201.91934432 0 1.21051513 0 36.75203560 0 108733
0.31550000 0.31549900 3074.29741985 0 55.52748752 0 164.44948990 0 -31.27555302 0 135.94268243 0 105891
0.31650000 0.31650000 3013.92003261 0 57.26484601 0 174.26399862 0 56.40330841 0 114.78568416 0 111072
0.31750000 0.31750600 3018.41539649 0 38.20483534 0 173.67162925 0 83.30208216 0 115.86080690 0 108121
0.31850000 0.31849900 2971.33587136 0 19.72822547 0 102.18770371 0 115.29833280 0 156.54163552 0 110484
0.31950000 0.31950100 2988.42046855 0 -3.55279901 0 24.27319336 0 178.35632988 0 188.59047971 0 110817
0.32050000 0.32049800 3021.73709393 0 -8.91022088 0 -105.50951188 0 86.48581844 0 163.95677145 0 111088
0.32150000 0.32149900 3026.03315596 0 23.39438294 0 -113.20012725 0 77.19403417 0 157.95667863 0 112635
0.32250000 0.32250100 3004.02137422 0 45.24284789 0 -157.64665354 0 -10.08409768 0 99.39526339 0 113202
0.32350000 0.32350400 2960.99431998 0 91.78702611 0 -225.31959559 0 -52.78941231 0 195.50625379 0 113863
0.32450000 0.32450300 2951.79321805 0 32.31424781 0 -185.89769031 0 -36.27337900 0 210.33098949 0 114045
0.32550000 0.32549900 2923.70272999 0 12.94686941 0 -191.22126408 0 40.12942684 0 187.23522715 0 114828
0.32650000 0.32650300 2941.19700320 0 32.65815422 0 -149.89049000 0 35.36467330 0 238.28971689 0 116431
0.32750000 0.32750400 2933.34672490 0 39.57747145 0 -235.78737148 0 66.49407164 0 183.30455184 0 116442
0.32850000 0.32850400 2925.40786801 0 13.52429115 0 -195.30141578 0 -17.57786927 0 234.41551043 0 116955
0.32950000 0.32949800 2902.95319328 0 52.96468722 0 -171.78933403 0 -13.10531438 0 233.39353485 0 117028
0.33050000 0.33049700 2900.86052389 0 38.09588366 0 -154.10129513 0 -13.77042893 0 268.90801671 0 119061
0.33150000 0.33150100 2902.94212095 0 5.16757579 0 -189.38879433 0 10.43990684 0 327.39978703 0 120060
0.33250000 0.33250400 2938.48428362 0 29.54926686 0 -184.71184432 0 -3.04075935 0 240.98804245 0 119737
0.33350000 0.33350100 2899.17753051 0 28.88271291 0 -201.32254602 0 20.94861711 0 251.78688084 0 120531
0.33450000 0.33450000 2914.77843618 0 82.28243176 0 -156.74647353 0 -43.66338075 0 185.75485732 0 121704
0.33550000 0.33550300 2824.98188190 0 100.99787168 0 -134.01720514 0 -35.73725703 0 314.54149622 0 122761
0.33650000 0.33650300 2754.53975141 0 132.31871051 0 -49.87307268 0 -54.24010831 0 336.28089876 0 122472
0.33750000 0.33749900 2715.39908317 0 80.67760901 0 -86.85009792 0 17.24093842 0 293.51182969 0 122985
0.33850000 0.33849800 2642.32173937 0 50.86393503 0 -36.88490350 0 8.07918754 0 356.67390662 0 125380
0.33950000 0.33950300 2640.62767367 0 46.06518945 0 -61.48450899 0 10.76650721 0 347.71528860 0 125223
0.34050000 0.34050000 2648.47795197 0 17.14361269 0 -41.44570481 0 23.81856370 0 306.29482869 0 125178
0.34150000 0.34149900 2618.74875983 0 38.23650219 0 -80.40279390 0 -32.44135810 0 352.45867256 0 127059
0.34250000 0.34250300 2627.25230529 0 37.04999186 0 -113.45146902 0 -31.37697552 0 292.48653241 0 127957
0.34350000 0.34349800 2619.12521888 0 44.89119085 0 -76.87537266 0 -19.19166061 0 307.16622065 0 126732
0.34450000 0.34449700 2596.11692790 0 36.97193197 0 -122.86515958 0 -22.40329915 0 294.46847855 0 129639
0.34550000 0.34550000 2602.32850213 0 14.29846810 0 -46.44386296 0 -19.86884399 0 203.76952980 0 129826
0.34650000 0.34650400 2605.65019957 0 39.50550134 0 -74.38321379 0 3.58765469 0 207.27724230 0 130875
0.34750000 0.34750200 2597.92171685 0 53.62481922 0 -9.76197054 0 -28.60302598 0 248.18948251 0 130686
0.34850000 0.34850200 2607.47713317 0 31.81499669 0 -64.76999994 0 -23.54529873 0 242.59020785 0 132211
0.34950000 0.34950400 2585.21068796 0 34.22466674 0 -32.34635756 0 12.53818990 0 311.80331029 0 132768
0.35050000 0.35050300 2625.82397539 0 19.77583647 0 -63.17337070 0 38.05546968 0 256.59116258 0 132957
0.35150000 0.35150100 2591.25617731 0 1.38245726 0 -56.06073068 0 8.93418139 0 242.40419279 0 133987
0.35250000 0.35249800 2596.08371093 0 53.81382381 0 -82.80593128 0 37.98504969 0 227.88505325 0 134778
0.35350000 0.35349800 2569.97516901 0 66.92312422 0 -94.11376445 0 -26.28835648 0 232.65501079 0 135699
0.35450000 0.35450100 2542.39400788 0 56.33443855 0 -51.08150621 0 -38.25886829 0 153.66504553 0 137380
0.35550000 0.35550100 2474.64245232 0 87.60899506 0 -61.93260598 0 -71.09484404 0 178.86344235 0 136161
0.35650000 0.35649900 2460.40344260 0 66.93065340 0 -50.65023916 0 -12.78687432 0 243.23129545 0 138792
0.35750000 0.35750000 2420.52092860 0 22.83523054 0 -67.40100576 0 52.96313709 0 185.12594927 0 138097
0.35850000 0.35849800 2470.46818586 0 -24.49862589 0 -138.54467876 0 130.69329323 0 284.80566068 0 140028
0.35950000 0.35950300 2453.41680564 0 8.88865199 0 -182.52727464 0 138.23022473 0 147.63284297 0 141099
0.36050000 0.36050500 2466.16105151 0 47.11041692 0 -251.14468600 0 78.75047087 0 240.41449602 0 140821
0.36150000 0.36150200 2440.01929261 0 22.32966819 0 -301.52154946 0 47.22911224 0 235.26807944 0 141756
0.36250000 0.36250400 2436.27684682 0 30.39674260 0 -324.93508752 0 10.49568921 0 275.74960621 0 142971
0.36350000 0.36349900 2454.14757908 0 37.26634509 0 -306.77758205 0 -41.91672151 0 266.49646436 0 142270
0.36450000 0.36450000 2423.37758841 0 70.46892552 0 -240.47317934 0 -87.76622208 0 288.06092418 0 145311
0.36550000 0.36550300 2392.70724866 0 78.97612485 0 -246.55077843 0 -75.05286800 0 336.85444519 0 145434
0.36650000 0.36650100 2371.21586619 0 51.40592533 0 -149.99124816 0 -2.98175493 0 275.29010473 0 144547
0.36750000 0.36749600 2347.35500620 0 18.99047647 0 -189.71764237 0 -15.73942045 0 289.65533895 0 146892
0.36850000 0.36849900 2370.03112743 0 8.79138162 0 -160.85873497 0 68.55906021 0 190.28011647 0 148113
0.36950000 0.36949900 2375.21297545 0 9.90051854 0 -224.93538592 0 7.61274371 0 267.55165692 0 147387
0.37050000 0.37049800 2374.02823669 0 34.20894404 0 -211.26992263 0 21.85067941 0 162.43986295 0 149758
0.37150000 0.37150100 2353.99840109 0 72.28235088 0 -311.69590874 0 -19.85522503 0 208.80411589 0 150099
0.37250000 0.37250000 2322.23190119 0 61.87580495 0 -285.37920711 0 -41.95359235 0 136.15194936 0 150468
0.37350000 0.37349800 2288.49452747 0 70.84150925 0 -312.03804357 0 32.79179718 0 140.61963243 0 150709
0.37450000 0.37449700 2256.97161871 0 40.13540590 0 -331.11344477 0 47.08760793 0 154.25077151 0 153108
0.37550000 0.37550100 2236.26637130 0 40.30071571 0 -335.03415499 0 28.76966447 0 88.65056866 0 153189
0.37650000 0.37649900 2207.63333932 0 62.38435683 0 -347.28236070 0 56.52133939 0 198.84566695 0 153547
0.37750000 0.37749900 2187.93567346 0 53.39861163 0 -393.56467845 0 -15.34923173 0 155.25392414 0 155424
0.37850000 0.37850200 2169.15701057 0 23.26871205 0 -363.71479797 0 -6.39486549 0 213.57075173 0 155313
0.37950000 0.37949900 2180.79402396 0 37.54071730 0 -351.11781402 0 -37.71831739 0 174.18981405 0 156100
0.38050000 0.38050000 2188.31213251 0 45.98912258 0 -285.76563124 0 -115.14221302 0 219.56087946 0 157557
0.38150000 0.38149800 2154.50832484 0 56.02529924 0 -241.22388296 0 -50.76395194 0 200.16659530 0 157692
0.38250000 0.38250100 2136.87011140 0 49.24372174 0 -248.77410126 0 -5.21551895 0 239.46891948 0 159703
0.38350000 0.38350500 2150.58872185 0 30.09424669 0 -229.60015637 0 20.30697589 0 244.25880720 0 160338
0.38450000 0.38450600 2118.53434150 0 28.00512044 0 -258.63068481 0 88.70460161 0 139.02300319 0 160167
0.38550000 0.38550000 2121.32456735 0 25.71724596 0 -269.00323870 0 32.73211735 0 219.02276447 0 160033
0.38650000 0.38649600 2131.05714087 0 30.49030375 0 -338.25177258 0 43.96000833 0 187.02485298 0 162444
0.38750000 0.38750200 2124.26980576 0 19.89309239 0 -364.19533686 0 38.01295195 0 224.39727094 0 164307
0.38850000 0.38850400 2111.81344034 0 19.92453779 0 -370.95388393 0 24.09869352 0 213.51317564 0 163882
0.38950000 0.38950500 2129.89454676 0 22.37262881 0 -407.04412668 0 18.66716458 0 203.70863201 0 164595
0.39050000 0.39050100 2112.73244330 0 41.97916942 0 -406.90129369 0 -13.42010057 0 262.20704573 0 165006
0.39150000 0.39150100 2126.20746260 0 29.48172568 0 -423.63489819 0 -15.78603494 0 205.71383004 0 166687
0.39250000 0.39250100 2098.64844613 0 42.79165662 0 -442.50435414 0 10.57164536 0 252.65052218 0 167256
0.39350000 0.39350100 2135.99539774 0 19.89497468 0 -455.52983706 0 -46.37100706 0 153.62518516 0 167937
0.39450000 0.39449600 2085.63846446 0 33.08698536 0 -399.37322005 0 -2.11293175 0 162.66906007 0 167719
0.39550000 0.39549700 2103.61991997 0 46.30424095 0 -407.14156314 0 -17.02436375 0 80.09597978 0 171636
0.39650000 0.39650400 2058.66628121 0 80.31842279 0 -416.02710381 0 -8.91450587 0 163.67996333 0 171093
0.39750000 0.39750000 2049.06657559 0 62.55010954 0 -414.11712777 0 -32.77906401 0 131.50157294 0 170464
0.39850000 0.39849800 2027.68591636 0 28.46982591 0 -426.14942316 0 13.88989932 0 188.22287852 0 172113
0.39950000 0.39949500 2034.27394963 0 24.86932733 0 -407.10391723 0 63.25862760 0 209.34333811 0 173232
