### header ###
fiducial parameters:
Omega_m = 0.31
Omega_nu = 0
Omega_de = 0.69
Omega_k = 0
H_0 = 100
w_de = -1
zeff = 0
beta = 0
fgrowth = 0
b_1 = 2
gamma = 0.55
Lx = 3500 Ly = 3500 Lz = 3500
nx = 700 ny = 700 nz = 700
xoffset = -685.467585 yoffset = -31.7331281 zoffset = 572.489161
bins = 400 dk = 0.001
kx_ny = 0.628318531 ky_ny = 0.628318531 kz_ny = 0.628318531
############################
A(data) = 8.05824364 (not used)
A(ran) = 8.06229946 (used)
Ngal = 480333
weighted Ngal = 0
Nran = 23820508
weighted Nran = 0
SN(data) = 3481.74828
SN(ran) = 70.2255523
SN(data+ran) = 3551.97383
############################
13 columns: k_central k_mean P_0(k) sigma^{lin}_{P_0(k)} P^img_1(k) sigma^{lin}_{P_1(k)} P_2(k) sigma^{lin}_{P_2(k)} P^img_3(k) sigma^{lin}_{P_3(k)} P_4(k) sigma^{lin}_{P_4(k)} N_modes
### header ###
0.00050000 0 0 0 0 0 0 0 0 0 0 0 0
0.00150000 0.00179520 144685.39010270 0 -129920.44495703 0 51358.53577830 0 245980.55370608 0 -305333.75089644 0 3
0.00250000 0.00253879 226932.83332057 0 -88309.09816308 0 52791.18388658 0 -2875.57133400 0 301388.68156355 0 6
0.00350000 0.00331552 207168.73351928 0 9044.78284251 0 28338.28669435 0 -203080.83119624 0 30366.95804762 0 7
0.00450000 0.00420575 156357.83492651 0 79741.33321842 0 -38167.63232885 0 -32365.18050764 0 124376.53192034 0 24
0.00550000 0.00557378 88411.62789091 0 21059.45108182 0 -67029.19709413 0 -16386.26566886 0 22023.40768053 0 45
0.00650000 0.00659388 83169.43570552 0 -218.59980166 0 -27837.48544280 0 -4825.41880689 0 20640.58503393 0 40
0.00750000 0.00754703 92736.03507208 0 -16071.36875102 0 -37655.53730599 0 -8324.51704073 0 5899.11321688 0 57
0.00850000 0.00846663 96674.35028682 0 -18481.37097104 0 -52228.70978580 0 -14781.44290964 0 3131.16488011 0 75
0.00950000 0.00948925 106257.77958710 0 6327.24680064 0 -25245.89709575 0 -35966.23270841 0 16676.02840936 0 112
0.01050000 0.01054430 88312.97347677 0 17042.19019112 0 -8634.54213565 0 -16379.51155072 0 5646.49812614 0 105
0.01150000 0.01145670 80276.34795365 0 14667.28724076 0 -4489.51768887 0 -5357.06755538 0 25252.76193713 0 144
0.01250000 0.01249090 63227.73581414 0 7069.50223951 0 -2150.84338532 0 -3687.18381553 0 1167.08946983 0 169
0.01350000 0.01339930 75143.99323047 0 -3068.67267884 0 -10116.08563033 0 4875.64287227 0 -14489.35498093 0 180
0.01450000 0.01448870 65124.31433233 0 -6451.15718769 0 -10101.85769294 0 -3736.51102260 0 -29155.20281947 0 267
0.01550000 0.01550050 70735.87927367 0 -213.16550464 0 -19634.88577065 0 -14625.87674594 0 -15967.39962097 0 238
0.01650000 0.01653350 73042.90887288 0 -2124.45803528 0 -8607.78032656 0 -17000.11535680 0 -35324.37003867 0 315
0.01750000 0.01747870 66566.37391671 0 2294.06390685 0 -3957.35961343 0 -17834.30430864 0 -22326.23576432 0 297
0.01850000 0.01844180 65305.12539662 0 8520.47504537 0 -2925.24178314 0 -10718.50867907 0 -24636.58706098 0 388
0.01950000 0.01947590 61783.90465779 0 7333.66576503 0 1202.59841553 0 -6870.06752488 0 -6273.34672342 0 399
0.02050000 0.02045430 56708.12951443 0 2462.09750830 0 10739.09213090 0 6095.10443849 0 -10963.79389077 0 462
0.02150000 0.02154770 56149.75217382 0 -2428.26048365 0 5623.16873775 0 8263.90713467 0 1979.20020598 0 571
0.02250000 0.02255340 64992.55366699 0 -7255.50622414 0 9471.62096426 0 -1632.45928196 0 -8238.61794478 0 510
0.02350000 0.02348930 66333.96581877 0 2700.90540999 0 15576.21438513 0 -498.24243728 0 13754.37405947 0 555
0.02450000 0.02439640 68292.88152568 0 4685.65285070 0 22537.93861485 0 -19135.85609107 0 15779.83443854 0 592
0.02550000 0.02547300 64951.91823490 0 4220.88094412 0 36344.13115447 0 -9489.39204560 0 19204.06161196 0 837
0.02650000 0.02652900 67918.63694681 0 538.12716574 0 44738.72493897 0 2947.36428813 0 22546.57502821 0 723
0.02750000 0.02749970 68394.74691401 0 -3172.11033729 0 51025.81241750 0 11277.93789053 0 14835.25440826 0 826
0.02850000 0.02848090 69934.57512654 0 -5390.72742283 0 39746.87801774 0 21910.91286037 0 23224.97636985 0 831
0.02950000 0.02946900 73156.84309526 0 980.08897597 0 34539.78510202 0 21321.97590327 0 7952.70837332 0 996
0.03050000 0.03053250 69834.81347993 0 -625.19771365 0 20886.50136815 0 12261.16033442 0 4690.02641901 0 1041
0.03150000 0.03150510 66602.58041887 0 3556.44180407 0 14184.64460192 0 6513.45008712 0 16364.34246572 0 1036
0.03250000 0.03246190 63121.10932614 0 4831.36464532 0 12344.86711005 0 1573.15591023 0 5105.68149270 0 1059
0.03350000 0.03345080 58358.12735890 0 4081.71289347 0 9816.30243587 0 1185.60239693 0 16494.22083584 0 1302
0.03450000 0.03451200 56969.10421040 0 3314.54472376 0 10390.70143049 0 -3283.56435892 0 14732.61395719 0 1339
0.03550000 0.03553350 54523.44910446 0 1869.13022496 0 12312.53592158 0 446.74173285 0 12228.60769946 0 1365
0.03650000 0.03647120 54407.41114036 0 1933.94761445 0 17120.80369733 0 -5694.20877378 0 16575.60242326 0 1308
0.03750000 0.03744890 52440.63408282 0 3019.57799059 0 21642.85187651 0 -2215.61648551 0 11688.72114130 0 1579
0.03850000 0.03847530 50876.55747894 0 3050.33690894 0 25006.18126342 0 -3134.03261224 0 14699.06481299 0 1662
0.03950000 0.03950240 50421.59565214 0 1516.84206621 0 27446.18948371 0 -766.32113686 0 11112.84952748 0 1683
0.04050000 0.04050350 46430.68689451 0 754.79816842 0 26175.52948752 0 5629.05921455 0 10109.56403102 0 1822
0.04150000 0.04152450 47339.06042263 0 533.34392142 0 22658.73767862 0 8958.57372147 0 2744.58573140 0 1887
0.04250000 0.04250150 43632.04607335 0 -526.53333443 0 18117.53437750 0 7888.10135800 0 3875.32475885 0 1920
0.04350000 0.04349210 45248.60549687 0 1137.29384375 0 14689.21044391 0 6409.72454822 0 -5240.78600014 0 2005
0.04450000 0.04448520 44152.66678632 0 1561.17565478 0 10011.55181172 0 2472.21761318 0 344.97820991 0 2151
0.04550000 0.04548030 41270.42991278 0 2240.49599938 0 9649.15462041 0 -2844.20343779 0 -281.03664131 0 2274
0.04650000 0.04648670 40367.26037732 0 1897.42001487 0 7651.44148733 0 -4045.55068061 0 4832.60474570 0 2311
0.04750000 0.04749250 39559.64500505 0 0.16562648 0 10221.69346445 0 2361.36149710 0 -166.89647369 0 2568
0.04850000 0.04851840 39624.41810524 0 -853.56552027 0 8795.62231711 0 -752.14634663 0 -1585.03651476 0 2493
0.04950000 0.04949480 40771.51095645 0 -197.19810502 0 12097.28992711 0 -3071.05322867 0 -5035.10649430 0 2644
0.05050000 0.05050630 40712.93835816 0 1291.75277497 0 13310.04166449 0 -3468.67148524 0 -5437.62979076 0 2829
0.05150000 0.05149060 39351.48529846 0 1638.61549456 0 14275.43766543 0 -1693.91068471 0 -3180.60281043 0 2784
0.05250000 0.05249300 38559.26045769 0 875.37689293 0 13721.71070125 0 3287.77184235 0 -2319.90671298 0 3055
0.05350000 0.05348950 38429.71425731 0 -39.46730182 0 13620.50965241 0 4759.62705282 0 -1475.34299279 0 3009
0.05450000 0.05448610 37815.86456936 0 533.25977175 0 11372.93843747 0 4707.93036824 0 -3677.87199036 0 3336
0.05550000 0.05550870 36284.89421669 0 1828.62766077 0 11545.77742789 0 1789.67522206 0 -2578.26834030 0 3349
0.05650000 0.05647670 34532.03447465 0 2109.05643146 0 11333.63168437 0 1076.35841134 0 -517.78287612 0 3324
0.05750000 0.05747970 33960.92396050 0 785.67445341 0 12110.68744014 0 -1949.78103894 0 2065.47576097 0 3639
0.05850000 0.05849280 33110.45869118 0 40.44144495 0 14098.61263808 0 1353.72457698 0 4949.27383231 0 3846
0.05950000 0.05951020 34429.94763982 0 -631.36721304 0 13822.69030360 0 380.04647708 0 6055.07798427 0 3787
0.06050000 0.06049470 34413.22842935 0 111.78619137 0 15657.81741904 0 2718.57684040 0 6927.16750396 0 3930
0.06150000 0.06148310 33848.09697060 0 2066.60513810 0 14596.53508517 0 1685.94968316 0 6744.54057841 0 4083
0.06250000 0.06249100 31641.82552724 0 1576.03471469 0 13529.82731214 0 1140.39409470 0 10575.52067636 0 4303
0.06350000 0.06350600 31749.55924772 0 1218.48720164 0 16111.78273661 0 1628.70576385 0 11061.99433959 0 4470
0.06450000 0.06451750 30681.96568871 0 -556.65670133 0 12840.35364569 0 2667.50020601 0 10547.33053737 0 4479
0.06550000 0.06550280 30569.47086855 0 277.42042003 0 12521.58141416 0 1381.50503995 0 5980.36193640 0 4636
0.06650000 0.06648880 31054.21724911 0 17.33383523 0 12531.87867624 0 -1115.01632621 0 4932.55462183 0 4653
0.06750000 0.06749660 29655.45045477 0 1248.41569563 0 12272.34338249 0 -670.88766202 0 3351.43771006 0 5220
0.06850000 0.06852730 29454.15558957 0 1323.47498557 0 10531.44175126 0 -841.83771382 0 1905.00455737 0 5029
0.06950000 0.06949320 28293.33305558 0 -115.82205377 0 9737.91037615 0 841.15565861 0 1463.14129084 0 5040
0.07050000 0.07048030 28705.00209234 0 -280.70114987 0 9619.54722384 0 99.58803256 0 46.82574744 0 5475
0.07150000 0.07148790 28698.58014395 0 -202.81288094 0 9193.43987552 0 1825.60491610 0 -1956.12548106 0 5509
0.07250000 0.07249820 28345.15153573 0 -12.04369987 0 8641.39590471 0 693.10428177 0 -2010.56810219 0 5916
0.07350000 0.07351270 28047.08455162 0 869.92377296 0 9532.10907475 0 -348.48038625 0 -1176.61166918 0 5721
0.07450000 0.07449140 27782.12381871 0 786.97766604 0 9722.84094207 0 132.91550882 0 1298.65083333 0 6028
0.07550000 0.07549160 26818.49938974 0 783.15549952 0 9532.46338914 0 623.81920921 0 739.07435995 0 6183
0.07650000 0.07648840 26453.44484047 0 913.43358056 0 8837.55321120 0 1196.75222802 0 2022.88052739 0 6330
0.07750000 0.07749960 25986.19273312 0 356.39820573 0 9565.52535105 0 853.06283672 0 1593.65078347 0 6583
0.07850000 0.07848650 25458.81790201 0 179.74479941 0 10181.79987813 0 261.43309022 0 1986.04290272 0 6549
0.07950000 0.07947320 25161.74742713 0 407.55013192 0 10228.55830584 0 376.47675955 0 1147.67968443 0 6828
0.08050000 0.08048110 25442.32013803 0 699.28374625 0 11062.47044956 0 -256.25013498 0 2501.31568281 0 7147
0.08150000 0.08149960 24441.16052793 0 941.86509623 0 10225.62413976 0 -28.84595279 0 2309.81982507 0 7386
0.08250000 0.08250610 24086.62468724 0 650.02186590 0 10374.48047463 0 225.43474777 0 2449.33111778 0 7227
0.08350000 0.08350160 23817.89936389 0 646.10115568 0 10832.21038263 0 1498.72774280 0 3683.92855204 0 7798
0.08450000 0.08449610 22659.62346461 0 274.74866805 0 9794.96606594 0 862.67029297 0 1302.05003705 0 7371
0.08550000 0.08548940 22814.85745857 0 51.75780381 0 9017.38991090 0 778.68892368 0 2230.43125612 0 8256
0.08650000 0.08650700 22633.04988504 0 87.62383198 0 8653.68618526 0 121.39364761 0 1794.07093501 0 8037
0.08750000 0.08749060 22705.35216611 0 4.37621459 0 8199.70979537 0 314.71090279 0 964.63422499 0 8155
0.08850000 0.08849210 22472.27972868 0 -313.04230344 0 8700.11244323 0 242.29457677 0 611.22222527 0 8718
0.08950000 0.08949900 22646.00450508 0 273.96142576 0 8674.46893895 0 455.17552267 0 1556.60278463 0 8571
0.09050000 0.09049190 21990.30142932 0 1207.29308125 0 7985.63746733 0 1106.51388798 0 1614.79892388 0 8932
0.09150000 0.09150830 21066.98026269 0 1436.49020500 0 7982.90260310 0 1147.24786376 0 2643.37361023 0 9285
0.09250000 0.09250820 19829.75868746 0 755.53890695 0 7717.11144583 0 1539.32995791 0 3796.63374636 0 9204
0.09350000 0.09350330 18999.88794230 0 373.79282802 0 6459.07389993 0 1415.82924689 0 3405.14955775 0 9349
0.09450000 0.09448040 18927.58566123 0 240.62929912 0 6009.64823554 0 1143.87080469 0 3661.81711937 0 9564
0.09550000 0.09549270 18855.94771966 0 63.42670549 0 5690.59919589 0 31.22594901 0 2900.74980064 0 10155
0.09650000 0.09649430 18568.17799762 0 339.77200278 0 5600.29331467 0 -615.14625718 0 1725.81005251 0 9913
0.09750000 0.09749140 17981.45550548 0 356.68055001 0 5211.93152166 0 -645.19101058 0 1892.98001262 0 10476
0.09850000 0.09850240 18058.29743972 0 367.21033091 0 5310.82952694 0 10.47801778 0 1376.11281776 0 10575
0.09950000 0.09950330 17911.03551964 0 72.70874611 0 5380.24193123 0 887.46787163 0 744.82532546 0 10882
0.10050000 0.10051200 17682.94562837 0 -86.61414668 0 5426.07028365 0 449.82094638 0 -337.24972719 0 10875
0.10150000 0.10150300 17455.18790685 0 316.07722767 0 5626.50150752 0 -343.60634886 0 243.02092128 0 11118
0.10250000 0.10250800 16965.01608713 0 695.97201389 0 6102.99900609 0 -681.39972720 0 -131.79609678 0 11575
0.10350000 0.10349800 16666.83837976 0 896.69886883 0 6314.27003595 0 -678.37587529 0 227.02916255 0 11364
0.10450000 0.10450100 16104.36427898 0 351.21525048 0 6503.73965825 0 -178.15924249 0 570.89571104 0 12093
0.10550000 0.10551000 16210.54787399 0 123.11539412 0 6020.15587180 0 1057.44245162 0 517.68322520 0 12067
0.10650000 0.10649700 15790.57459362 0 -220.59282013 0 5233.43397646 0 857.50505344 0 -738.55174622 0 12054
0.10750000 0.10749900 15892.66142844 0 -14.42657490 0 5461.73424189 0 1413.60370960 0 10.74711957 0 12807
0.10850000 0.10850100 15865.97712563 0 263.05961474 0 4844.44106093 0 727.97767601 0 -742.51342404 0 12736
0.10950000 0.10950300 15513.65574990 0 374.68857910 0 4515.39371197 0 264.05280228 0 450.00696144 0 12933
0.11050000 0.11050200 15270.95038988 0 474.04165693 0 4362.86136527 0 -60.50538331 0 773.53918541 0 13428
0.11150000 0.11150900 14706.04037763 0 356.87874462 0 4527.29646115 0 30.91049847 0 953.38695744 0 13453
0.11250000 0.11250000 14983.73428408 0 157.82159627 0 5216.06149882 0 -22.46452910 0 2185.94265500 0 13668
0.11350000 0.11349100 14630.41639912 0 210.75505953 0 4910.96358844 0 161.36584744 0 1920.84905419 0 13791
0.11450000 0.11448600 14635.06677554 0 172.62861625 0 5464.57982937 0 174.52419826 0 1977.34005541 0 14205
0.11550000 0.11549300 14390.25767380 0 210.00546314 0 5403.07306500 0 83.35755450 0 1810.36939715 0 14776
0.11650000 0.11649800 14335.33894270 0 175.47752542 0 5131.87861322 0 -69.62255701 0 2008.53079443 0 14553
0.11750000 0.11747300 14065.50638687 0 -60.99455862 0 4613.71595636 0 497.45187329 0 1325.23548522 0 14568
0.11850000 0.11849100 14356.70852960 0 -242.01444696 0 5165.23952790 0 209.30458498 0 1144.66801208 0 16015
0.11950000 0.11950300 14376.30654453 0 92.55743847 0 4326.09017454 0 689.35962151 0 474.61520335 0 15270
0.12050000 0.12050700 14127.51140586 0 202.44195805 0 4377.77578680 0 -348.92660094 0 559.10922127 0 15999
0.12150000 0.12150000 13858.45391276 0 325.73008044 0 3983.52351698 0 -222.84825269 0 483.78308830 0 15670
0.12250000 0.12250700 14016.67743442 0 259.41017648 0 4870.87070027 0 -144.95887653 0 252.08029745 0 16887
0.12350000 0.12352200 13677.31067873 0 333.36223394 0 4913.41057222 0 -30.86554483 0 586.17773376 0 16407
0.12450000 0.12449800 13385.77636625 0 241.35010747 0 4854.45044256 0 488.84424798 0 1094.02873452 0 16306
0.12550000 0.12549900 13349.56986410 0 10.55339817 0 4634.86409676 0 607.82191431 0 1460.06318454 0 17523
0.12650000 0.12650100 13251.80123595 0 77.42300985 0 4432.19626328 0 568.76871745 0 562.46413569 0 17154
0.12750000 0.12750600 13251.69051270 0 88.18453451 0 4314.47530581 0 652.04035071 0 687.10861788 0 18007
0.12850000 0.12850300 13071.65451115 0 284.99721190 0 4074.73732883 0 -466.28549339 0 925.98627521 0 17496
0.12950000 0.12949900 12965.13874639 0 344.76894297 0 4069.99837381 0 -136.12316132 0 439.42624785 0 18405
0.13050000 0.13049000 12447.39683787 0 117.31571038 0 3948.98893587 0 -267.08551204 0 188.44211055 0 18100
0.13150000 0.13148800 12446.84322163 0 280.14199747 0 4207.49450341 0 -188.82632022 0 -265.02163070 0 19059
0.13250000 0.13249300 12378.08408451 0 0.10349413 0 4145.53377373 0 -63.57828562 0 -75.54857598 0 18957
0.13350000 0.13349100 12297.03466684 0 188.21734236 0 4352.86305595 0 203.34545976 0 -350.53208804 0 19468
0.13450000 0.13450700 12198.15880621 0 118.26793032 0 4185.49379400 0 -73.92448737 0 279.56955828 0 19953
0.13550000 0.13551000 12144.56875408 0 154.47000354 0 4495.51888892 0 388.78807752 0 57.48429948 0 19956
0.13650000 0.13649900 12059.86546922 0 12.72254411 0 4194.73918522 0 388.94419730 0 746.79398481 0 19723
0.13750000 0.13749600 12122.09193470 0 50.07547478 0 4405.33480327 0 600.65036953 0 799.52703899 0 20946
0.13850000 0.13851100 12021.77667185 0 131.27237582 0 4282.11090036 0 111.28461505 0 637.06503139 0 20955
0.13950000 0.13949800 11778.40697233 0 266.80538222 0 4016.70727446 0 356.00403096 0 516.01462585 0 20506
0.14050000 0.14048300 11719.05931130 0 233.56404865 0 4138.77965559 0 -105.34818810 0 987.47643109 0 21447
0.14150000 0.14148400 11395.85814985 0 170.61788206 0 3919.60298580 0 121.40250547 0 610.84133729 0 21771
0.14250000 0.14249400 11350.68306459 0 251.77913021 0 3880.35159432 0 -256.01872339 0 409.77456198 0 22470
0.14350000 0.14350900 11024.23771196 0 234.89162040 0 3659.13761677 0 258.11471447 0 203.25245223 0 22519
0.14450000 0.14449900 11109.63855329 0 32.53669082 0 3569.39642411 0 110.91258494 0 257.27875395 0 22218
0.14550000 0.14550500 10861.69598362 0 89.13177190 0 3445.38638614 0 -6.60273731 0 -98.50825945 0 23559
0.14650000 0.14650700 10813.75281716 0 232.19108038 0 3411.43863825 0 154.08136494 0 -152.74825704 0 23044
0.14750000 0.14750500 10676.69958055 0 47.98535202 0 3256.74718821 0 -83.53969425 0 -313.53280742 0 23649
0.14850000 0.14849900 10681.99215181 0 165.59990445 0 3589.40411506 0 180.03046539 0 -599.66161092 0 23640
0.14950000 0.14949500 10410.87520631 0 168.06792565 0 3344.55072402 0 -103.30534417 0 -747.68530696 0 24457
0.15050000 0.15050000 10356.10041543 0 199.10365212 0 3515.40776830 0 -27.57219254 0 -635.56916031 0 24591
0.15150000 0.15149900 10220.73017219 0 117.71542131 0 3469.04794428 0 -185.54226868 0 -613.64263547 0 25020
0.15250000 0.15250500 10138.61781134 0 158.73506307 0 3625.47774932 0 191.12825655 0 -344.87745175 0 25297
0.15350000 0.15350100 10033.95112483 0 202.93246204 0 3586.42565968 0 116.62369008 0 -270.48914469 0 25452
0.15450000 0.15450400 9961.72635004 0 176.32123657 0 3486.61972377 0 117.57812448 0 -264.86772538 0 26061
0.15550000 0.15549900 9747.83117919 0 224.39062754 0 3705.69674263 0 145.95649299 0 -279.83197237 0 26128
0.15650000 0.15649500 9537.91097295 0 345.21958659 0 3597.79693727 0 101.38828186 0 -122.64592755 0 26331
0.15750000 0.15749700 9199.43000325 0 309.21017182 0 3551.47033023 0 25.25320483 0 440.21016844 0 27345
0.15850000 0.15849900 9027.18891837 0 230.00872516 0 3379.56141510 0 349.40271091 0 597.32756485 0 26980
0.15950000 0.15949700 8868.37856349 0 -142.46317451 0 3220.64033697 0 741.08952306 0 501.52427436 0 27777
0.16050000 0.16050000 8891.76331351 0 -98.99488812 0 3045.44294137 0 713.92135966 0 113.32192282 0 28224
0.16150000 0.16150500 9015.89514705 0 72.97293178 0 2384.77946409 0 295.80380093 0 134.96721061 0 28075
0.16250000 0.16249700 8876.56101154 0 46.86427913 0 2300.77373569 0 122.49534393 0 168.07899798 0 28590
0.16350000 0.16349900 8792.11239014 0 172.59097034 0 2432.89978775 0 -250.05627647 0 142.78870086 0 29163
0.16450000 0.16449100 8771.71716783 0 116.54396934 0 2544.06592893 0 -183.71865679 0 234.68346069 0 28996
0.16550000 0.16550500 8602.12236858 0 108.07042988 0 2328.21095659 0 227.13324240 0 240.97475566 0 30777
0.16650000 0.16650700 8648.46004795 0 41.81662770 0 2283.39018573 0 277.13143235 0 339.21285038 0 29211
0.16750000 0.16749900 8526.04442475 0 -47.61620071 0 2206.49288986 0 298.03930331 0 231.42487550 0 30922
0.16850000 0.16850800 8570.92055724 0 192.92972380 0 2236.99714474 0 194.32926566 0 491.50049870 0 30867
0.16950000 0.16949900 8435.89355608 0 137.49723683 0 2104.83787570 0 30.62029284 0 606.24189356 0 30852
0.17050000 0.17049200 8341.53520397 0 25.75566693 0 2276.92394803 0 134.59075157 0 801.41376314 0 31257
0.17150000 0.17149500 8290.65787143 0 -6.88115092 0 2390.45956672 0 15.83729980 0 816.49759124 0 32608
0.17250000 0.17250900 8333.05380316 0 157.54035922 0 2272.78289855 0 160.87977238 0 584.54678031 0 32361
0.17350000 0.17350400 8178.04125570 0 43.95978689 0 2147.52168788 0 97.30403340 0 931.27663201 0 32508
0.17450000 0.17449800 8172.89262466 0 65.99482051 0 2193.31682333 0 28.29842632 0 475.23082461 0 32791
0.17550000 0.17549800 8099.70455761 0 136.07997925 0 2042.12422793 0 -15.59625529 0 424.01025000 0 33633
0.17650000 0.17650100 7992.92305706 0 168.30155171 0 2111.47019827 0 -313.77196964 0 -85.20940083 0 33984
0.17750000 0.17750300 7776.81342125 0 239.26075977 0 2068.05561265 0 -481.46565072 0 -23.45528073 0 34069
0.17850000 0.17849800 7810.87189239 0 178.17695821 0 2320.39389527 0 -270.24333908 0 -252.83100107 0 34536
0.17950000 0.17950400 7639.20656840 0 36.76011840 0 2524.42362470 0 -355.44377133 0 -407.68189259 0 35343
0.18050000 0.18050100 7701.95343315 0 50.11522442 0 2420.37698838 0 96.05518588 0 -601.44204075 0 34990
0.18150000 0.18150500 7700.15971653 0 -13.92865245 0 2498.47009533 0 95.12832157 0 -675.08518036 0 36243
0.18250000 0.18250200 7701.22265971 0 35.41438804 0 2408.61817942 0 203.25798839 0 -388.72828697 0 35694
0.18350000 0.18350400 7698.21098736 0 96.91439829 0 2327.48018315 0 405.83835051 0 -234.61038335 0 37087
0.18450000 0.18450600 7506.61547870 0 79.91118268 0 2099.99926975 0 523.21163698 0 -127.46681778 0 36651
0.18550000 0.18550700 7473.87461421 0 14.69153563 0 1910.44106886 0 445.22925328 0 1.55021405 0 37818
0.18650000 0.18651000 7459.46951962 0 26.69437863 0 1922.99708520 0 157.77841420 0 -108.22876413 0 37267
0.18750000 0.18750100 7407.72854574 0 158.40621502 0 1927.40387048 0 65.19185551 0 -15.29143419 0 38334
0.18850000 0.18850000 7377.46788201 0 95.55250234 0 2013.42476200 0 -184.86574964 0 415.39930299 0 38223
0.18950000 0.18949500 7249.13963737 0 98.32999502 0 1911.31578252 0 24.25193450 0 358.12327393 0 39064
0.19050000 0.19050000 7294.03791451 0 152.11159836 0 2041.49310541 0 69.32914041 0 276.69518275 0 39609
0.19150000 0.19149800 7170.64792673 0 112.02092466 0 1902.23647617 0 -48.31087837 0 231.15803247 0 39576
0.19250000 0.19250400 7017.48445751 0 113.50240172 0 1744.54442610 0 149.74765701 0 36.16143779 0 40909
0.19350000 0.19350500 6898.73377383 0 126.89105689 0 1781.01666405 0 93.99351900 0 -9.41351340 0 40191
0.19450000 0.19450100 6844.82262429 0 56.46464909 0 1618.79603314 0 -87.55518357 0 -139.15919279 0 41232
0.19550000 0.19549800 6812.71288231 0 109.71201276 0 1712.24645461 0 -15.45641183 0 30.89233986 0 40873
0.19650000 0.19649700 6659.02901383 0 149.81298373 0 1694.28714375 0 -44.48904401 0 -51.67885814 0 42816
0.19750000 0.19750200 6622.06959359 0 115.73790410 0 1711.09493282 0 159.58984654 0 250.11385256 0 41727
0.19850000 0.19849000 6492.76698435 0 123.07221206 0 1892.08315431 0 53.78237840 0 54.31074974 0 42610
0.19950000 0.19949900 6419.41283243 0 50.54106604 0 1766.51191854 0 165.99075752 0 17.82622151 0 43863
0.20050000 0.20050100 6460.57973611 0 49.96818395 0 1810.61298829 0 159.89101378 0 202.78962905 0 43302
0.20150000 0.20150100 6401.02170091 0 11.45177339 0 1548.20996242 0 -22.27962128 0 215.27699698 0 44487
0.20250000 0.20249700 6483.96448612 0 -50.67991299 0 1638.67085619 0 83.21450007 0 265.65386044 0 43759
0.20350000 0.20349100 6535.61688140 0 -76.17460522 0 1495.17352654 0 54.22482850 0 69.23867951 0 45282
0.20450000 0.20449700 6480.07810011 0 47.17009675 0 1427.46626027 0 125.99419858 0 65.72111264 0 45483
0.20550000 0.20549900 6428.34819856 0 167.76232949 0 1480.67985335 0 13.87395517 0 -25.13019130 0 46138
0.20650000 0.20650200 6340.92112179 0 95.11204525 0 1326.23199445 0 133.45251657 0 96.52376667 0 46227
0.20750000 0.20749300 6251.71140073 0 52.89880688 0 1323.30890070 0 114.62292099 0 244.17797923 0 46236
0.20850000 0.20850300 6292.57935163 0 64.37759675 0 1311.10719875 0 69.25694885 0 154.73906104 0 48361
0.20950000 0.20950400 6226.69901896 0 33.72131885 0 1386.03362080 0 27.81722309 0 43.53173081 0 46812
0.21050000 0.21050300 6151.26326997 0 130.85273471 0 1220.46914778 0 16.77069679 0 73.89846741 0 48813
0.21150000 0.21149700 6102.62254705 0 96.71000317 0 1307.06580019 0 -58.08209430 0 115.92613362 0 47215
0.21250000 0.21249000 6034.72705126 0 136.20841822 0 1294.17761410 0 -74.62326179 0 -8.61646103 0 50004
0.21350000 0.21350300 5989.10907300 0 25.32849664 0 1240.59863431 0 2.43122787 0 155.45211876 0 49509
0.21450000 0.21449800 5940.75623052 0 102.44480309 0 1237.90805937 0 124.86371421 0 96.33896957 0 49660
0.21550000 0.21550100 5945.06336488 0 18.30399233 0 1368.20717784 0 106.73732197 0 199.39153257 0 50841
0.21650000 0.21649800 5927.93447838 0 0.94849963 0 1275.34358959 0 52.94165678 0 230.34421660 0 50424
0.21750000 0.21750300 5899.73326707 0 70.46372153 0 1331.34740852 0 49.88392356 0 285.28398511 0 52231
0.21850000 0.21850300 5944.69797816 0 42.96892454 0 1422.19583366 0 23.14990601 0 388.35847132 0 51078
0.21950000 0.21950100 5823.27886420 0 115.74676196 0 1339.44127796 0 37.12771958 0 354.62441929 0 52791
0.22050000 0.22050700 5804.28982713 0 97.77006755 0 1292.15137866 0 2.59530865 0 384.91276383 0 52969
0.22150000 0.22150000 5721.75671793 0 68.96563598 0 1366.36917192 0 5.63651089 0 271.12026721 0 52704
0.22250000 0.22250100 5601.86558480 0 111.60460524 0 1227.19004895 0 172.29201757 0 299.44548856 0 54051
0.22350000 0.22349900 5573.27684212 0 83.03767504 0 1175.03939905 0 57.47068052 0 182.49184320 0 53938
0.22450000 0.22449800 5437.82909261 0 106.57987352 0 1126.22151893 0 115.31604852 0 118.14392028 0 54735
0.22550000 0.22549100 5470.16028108 0 87.82324455 0 1056.02740851 0 -24.09193940 0 39.55875922 0 54774
0.22650000 0.22649900 5287.93195921 0 142.54289525 0 1040.98565524 0 -15.66955408 0 110.83729313 0 56911
0.22750000 0.22749800 5274.98841150 0 41.17664732 0 974.15310264 0 -28.06612895 0 142.39674056 0 54879
0.22850000 0.22849100 5223.28065460 0 -19.74992723 0 894.04151088 0 125.95544544 0 120.85663986 0 57210
0.22950000 0.22949800 5310.16518745 0 -36.05060382 0 854.09367016 0 148.90948202 0 79.13158029 0 57375
0.23050000 0.23049600 5269.58511699 0 49.46871138 0 838.80943298 0 112.52250097 0 107.79118585 0 57604
0.23150000 0.23150100 5271.40097826 0 82.09752394 0 875.80760637 0 -13.89322101 0 295.11731679 0 58629
0.23250000 0.23250200 5188.67963954 0 64.28182114 0 827.96851975 0 99.00429960 0 391.49304647 0 58560
0.23350000 0.23350400 5184.27285426 0 76.82333274 0 981.98677245 0 13.22578127 0 368.38842627 0 59305
0.23450000 0.23449700 5173.89808591 0 76.06598572 0 918.55785249 0 -31.82983360 0 402.78017439 0 59196
0.23550000 0.23549300 5089.70412799 0 108.10597205 0 952.92081256 0 6.70783582 0 542.20399574 0 60063
0.23650000 0.23649900 5073.10671308 0 88.19317092 0 947.76110920 0 -29.33701039 0 512.66967652 0 61537
0.23750000 0.23750400 4972.94646277 0 137.04548598 0 927.07025581 0 42.81225114 0 634.95575352 0 61224
0.23850000 0.23850100 4967.72032546 0 48.99614455 0 820.28211186 0 197.36418989 0 451.38546588 0 61221
0.23950000 0.23949400 4825.40773456 0 -34.06090705 0 782.71814268 0 -13.76201396 0 398.08772313 0 62332
0.24050000 0.24050100 4956.69228994 0 -8.88714615 0 760.85473010 0 53.57742967 0 129.86619057 0 63447
0.24150000 0.24150500 4898.15290862 0 49.50358920 0 823.25613831 0 -144.71971431 0 233.32156474 0 63342
0.24250000 0.24250300 4909.51311389 0 116.92707178 0 863.18183437 0 -44.01614502 0 294.11194969 0 63379
0.24350000 0.24349600 4821.78708435 0 32.08571503 0 894.68370572 0 -115.25072180 0 415.53438535 0 64266
0.24450000 0.24449500 4828.39726227 0 158.46711280 0 907.56414118 0 44.51506398 0 297.42036035 0 64695
0.24550000 0.24549600 4746.89387928 0 74.07141713 0 976.92893447 0 73.39943773 0 308.78167284 0 65947
0.24650000 0.24650000 4648.25053747 0 50.62023316 0 929.32679561 0 78.06177227 0 212.07155895 0 66018
0.24750000 0.24750000 4637.74290121 0 67.03351530 0 940.77447224 0 81.71231776 0 190.82155316 0 66303
0.24850000 0.24849600 4553.46036469 0 51.31125695 0 802.70479621 0 1.58625447 0 185.88551075 0 66958
0.24950000 0.24949200 4559.22904592 0 36.28422988 0 810.42774278 0 144.35100589 0 130.70658002 0 66975
0.25050000 0.25048900 4561.74246366 0 -0.15864206 0 625.62289093 0 68.07398166 0 98.42809581 0 68676
0.25150000 0.25150000 4558.03323484 0 0.72621607 0 622.38645038 0 155.60823854 0 -61.10417464 0 69349
0.25250000 0.25249900 4555.89627615 0 54.39058121 0 537.33549452 0 -12.75210722 0 4.86300935 0 68592
0.25350000 0.25349900 4488.16686524 0 126.75154559 0 493.72825045 0 -42.03386671 0 7.45961346 0 70437
0.25450000 0.25450100 4448.35078519 0 93.91878081 0 468.35380367 0 -40.01538189 0 274.85606960 0 70099
0.25550000 0.25550100 4396.59873899 0 7.45195141 0 464.93024083 0 112.54243115 0 165.94536099 0 71064
0.25650000 0.25650300 4398.37031096 0 49.19633219 0 484.21269450 0 166.54215929 0 213.01492102 0 71409
0.25750000 0.25750600 4381.90576395 0 35.75253684 0 433.41065377 0 87.14595044 0 243.47156490 0 72612
0.25850000 0.25850600 4345.01277766 0 18.03083807 0 409.66494597 0 39.17709618 0 212.44248183 0 71845
0.25950000 0.25949600 4377.28860450 0 35.13237593 0 441.83004956 0 35.46354916 0 241.55162378 0 72816
0.26050000 0.26049800 4336.70853404 0 57.50312244 0 466.42943361 0 -121.40693440 0 180.03378709 0 73743
0.26150000 0.26149900 4291.34521926 0 120.96736311 0 514.52096923 0 -197.82147691 0 228.44863459 0 74662
0.26250000 0.26250300 4267.76116740 0 109.91762583 0 553.22206617 0 -136.90265299 0 218.45032528 0 74931
0.26350000 0.26350100 4141.59202609 0 81.16977384 0 658.24638877 0 -32.88502616 0 422.35161574 0 75087
0.26450000 0.26450200 4149.71911251 0 46.17624487 0 687.36328135 0 115.28836771 0 244.70945082 0 76678
0.26550000 0.26550600 4194.93848707 0 -32.09036541 0 633.94263579 0 152.99295541 0 212.91969903 0 76035
0.26650000 0.26650100 4172.19593189 0 -4.77893719 0 589.72752110 0 102.33795515 0 202.59697060 0 77094
0.26750000 0.26750600 4192.14826121 0 41.88239731 0 550.35101234 0 14.84721252 0 212.19889068 0 78463
0.26850000 0.26850100 4182.77000209 0 50.80790907 0 488.57297602 0 -90.13503525 0 162.46200760 0 77076
0.26950000 0.26949700 4136.98593897 0 84.71391429 0 575.45197271 0 -85.62206638 0 290.94415756 0 79149
0.27050000 0.27049900 4097.21414822 0 90.10115393 0 452.68978575 0 13.10143906 0 229.69205667 0 79648
0.27150000 0.27150200 4044.01162746 0 45.91050907 0 593.09904400 0 74.27846960 0 261.44084085 0 80241
0.27250000 0.27250500 3979.88072211 0 79.23532797 0 533.74031065 0 110.89708369 0 134.92513578 0 80835
0.27350000 0.27350000 3988.27354433 0 71.68522040 0 470.28481711 0 1.57365416 0 126.27765009 0 80680
0.27450000 0.27450400 3912.39490234 0 15.46106221 0 422.44019434 0 28.39054807 0 274.44528635 0 82617
0.27550000 0.27550800 3936.18932838 0 -30.90319074 0 414.01415515 0 108.29641603 0 135.75223844 0 82548
0.27650000 0.27649900 3966.30605189 0 -20.01699170 0 267.15969662 0 108.56879522 0 105.16416606 0 81181
0.27750000 0.27748900 3969.62774933 0 43.08463033 0 194.76219356 0 41.23654860 0 157.24140645 0 84096
0.27850000 0.27849800 3916.52487950 0 85.41036353 0 130.56928319 0 14.67990969 0 87.29221585 0 85215
0.27950000 0.27950200 3898.01195240 0 78.11015833 0 174.11120054 0 14.69098202 0 150.65890934 0 84514
0.28050000 0.28050300 3822.28832297 0 58.74444077 0 126.30533090 0 6.40805263 0 137.37544126 0 85815
0.28150000 0.28150100 3831.22368910 0 23.93139069 0 223.72960975 0 6.91644949 0 71.98251232 0 85485
0.28250000 0.28250000 3790.51075074 0 57.93605034 0 255.77956117 0 -50.34098913 0 120.10372177 0 87220
0.28350000 0.28350400 3766.26235939 0 136.00136575 0 343.18117159 0 -132.28327907 0 202.68444197 0 87147
0.28450000 0.28449700 3697.04925695 0 97.11192856 0 409.01942943 0 -80.46413458 0 297.75474456 0 87102
0.28550000 0.28549800 3670.04385671 0 22.62408130 0 490.46191463 0 18.58378998 0 303.46252800 0 88971
0.28650000 0.28649900 3647.91027940 0 55.28876820 0 466.97640646 0 37.64457570 0 298.67374752 0 89434
0.28750000 0.28750100 3672.19188773 0 90.60162302 0 438.34337448 0 -0.44110924 0 227.33918764 0 89619
0.28850000 0.28849900 3582.84929877 0 47.41269138 0 406.10187184 0 14.24908553 0 301.21595330 0 90240
0.28950000 0.28950100 3547.45107632 0 80.55005582 0 410.85964981 0 -35.04634396 0 212.90530501 0 91333
0.29050000 0.29050500 3545.69057668 0 19.03277275 0 393.32330177 0 31.75343456 0 132.84686041 0 92139
0.29150000 0.29150600 3479.84346098 0 9.72119117 0 345.85513804 0 89.44068976 0 94.73447898 0 92370
0.29250000 0.29250200 3532.76917361 0 11.45885968 0 233.22966444 0 115.39576926 0 116.98464787 0 91819
0.29350000 0.29349600 3511.95320295 0 -7.94616463 0 290.95190819 0 112.97314459 0 187.19425955 0 93552
0.29450000 0.29450000 3548.90155087 0 46.79363770 0 211.80250146 0 140.53991169 0 201.10220675 0 94701
0.29550000 0.29550200 3517.45614839 0 17.12633986 0 154.45118059 0 38.00055095 0 299.48092000 0 95020
0.29650000 0.29650300 3494.33713417 0 57.44576779 0 119.55674893 0 -2.39264081 0 283.61538576 0 95151
0.29750000 0.29749800 3486.08825218 0 91.67641359 0 170.18384693 0 -44.64117776 0 288.77730360 0 95802
0.29850000 0.29850000 3425.33440590 0 73.32857485 0 162.24166834 0 -71.30278230 0 314.78065843 0 97399
0.29950000 0.29950700 3391.06556058 0 84.00971444 0 174.08573419 0 -103.81588907 0 331.53640758 0 97881
0.30050000 0.30050300 3356.09915881 0 56.74876495 0 244.59540587 0 -33.73814879 0 227.95591613 0 97188
0.30150000 0.30149700 3328.82802278 0 46.45559963 0 259.22859035 0 11.69957202 0 201.34801236 0 98263
0.30250000 0.30249700 3276.48914336 0 61.17315522 0 253.24732048 0 8.93977291 0 189.23156731 0 100050
0.30350000 0.30350600 3299.50850666 0 43.91737988 0 250.19357330 0 24.24241230 0 171.82476547 0 100779
0.30450000 0.30450500 3239.98368843 0 9.50183734 0 231.97627728 0 42.94002577 0 138.67754666 0 99982
0.30550000 0.30550300 3282.93323640 0 -2.98333827 0 135.93382457 0 145.48702642 0 190.59124880 0 101559
0.30650000 0.30649700 3316.75918872 0 -22.13734190 0 93.63333628 0 106.93773105 0 217.01313752 0 100935
0.30750000 0.30749800 3306.45085432 0 -0.09902412 0 5.97458218 0 144.66103099 0 138.00656377 0 103762
0.30850000 0.30850200 3310.47010823 0 37.43497660 0 -57.22398913 0 41.74908651 0 213.52978413 0 102951
0.30950000 0.30950100 3278.59288507 0 110.26662551 0 -34.38632268 0 19.14150298 0 221.84177837 0 104394
0.31050000 0.31050000 3198.91643568 0 72.85423646 0 -96.31317105 0 16.93035971 0 371.44106623 0 103963
0.31150000 0.31149700 3193.49099652 0 36.56568837 0 -110.28079809 0 7.14108482 0 353.94236408 0 105936
0.31250000 0.31250000 3239.34149359 0 7.79806121 0 -34.93362770 0 -21.94501562 0 261.79072631 0 105717
0.31350000 0.31349800 3171.31312991 0 63.87424886 0 -31.66419162 0 -55.18103448 0 368.74052620 0 106776
0.31450000 0.31450400 3193.60171977 0 71.78464988 0 -24.65817809 0 -57.74040236 0 335.18695307 0 108733
0.31550000 0.31549900 3128.96148748 0 57.13076015 0 6.54048870 0 16.22106658 0 349.99508028 0 105891
0.31650000 0.31650000 3119.80467485 0 71.87201052 0 86.10249455 0 -23.99561018 0 297.16791134 0 111072
0.31750000 0.31750600 3084.19607823 0 83.21317139 0 44.51495325 0 -49.19400700 0 261.88041215 0 108121
0.31850000 0.31849900 2989.61627963 0 82.24567165 0 81.13954640 0 -55.80274551 0 271.44579356 0 110484
0.31950000 0.31950100 2967.18374955 0 67.57063378 0 49.09014859 0 -3.60683195 0 255.07979024 0 110817
0.32050000 0.32049800 2966.85157981 0 14.73970025 0 16.40619585 0 27.50099749 0 164.36091131 0 111088
0.32150000 0.32149900 2932.62702379 0 44.41618812 0 8.05433017 0 -23.85255574 0 77.52188571 0 112635
0.32250000 0.32250100 2916.36177863 0 38.21546477 0 -48.70826411 0 3.97790985 0 39.44615368 0 113202
0.32350000 0.32350400 2900.40655857 0 23.46867824 0 -36.66445351 0 17.48486174 0 75.28815490 0 113863
0.32450000 0.32450300 2914.92237641 0 17.60654659 0 -26.84773033 0 6.81452874 0 6.54691065 0 114045
0.32550000 0.32549900 2916.19569376 0 35.69285701 0 -26.03125710 0 26.15460279 0 -22.84032381 0 114828
0.32650000 0.32650300 2901.33663385 0 65.83726133 0 -27.64659856 0 9.82016668 0 80.46457748 0 116431
0.32750000 0.32750400 2860.45761062 0 52.30422304 0 -42.73053739 0 -5.62040066 0 207.70574127 0 116442
0.32850000 0.32850400 2883.85343297 0 25.92695580 0 -27.38972063 0 25.63996114 0 169.99783187 0 116955
0.32950000 0.32949800 2830.56233361 0 55.27382056 0 -24.44636452 0 10.93237063 0 229.38092434 0 117028
0.33050000 0.33049700 2826.88632177 0 49.95522933 0 -23.85798118 0 24.75771829 0 178.95755711 0 119061
0.33150000 0.33150100 2788.84181370 0 52.50418923 0 -87.04441722 0 1.63235963 0 281.41974375 0 120060
0.33250000 0.33250400 2802.26147138 0 33.47972072 0 -39.60526298 0 57.64529109 0 225.26091227 0 119737
0.33350000 0.33350100 2745.21685391 0 39.16845977 0 -103.88774846 0 15.27814740 0 247.49303328 0 120531
0.33450000 0.33450000 2788.90824765 0 35.07546418 0 -48.56100219 0 16.23379976 0 140.85879465 0 121704
0.33550000 0.33550300 2734.34383094 0 27.57595713 0 -78.26040977 0 -13.87129781 0 251.87988837 0 122761
0.33650000 0.33650300 2746.53446056 0 40.53079861 0 -38.99595295 0 14.88087239 0 252.56637251 0 122472
0.33750000 0.33749900 2764.93666441 0 43.54092084 0 -125.90451275 0 65.91288531 0 268.19606622 0 122985
0.33850000 0.33849800 2739.73605313 0 18.08022064 0 -87.00278528 0 46.41817517 0 282.30110081 0 125380
0.33950000 0.33950300 2708.23528902 0 69.19483311 0 -82.77946843 0 -29.06485265 0 269.01984719 0 125223
0.34050000 0.34050000 2670.72225253 0 97.98265619 0 -45.43716719 0 -51.14284689 0 337.81109405 0 125178
0.34150000 0.34149900 2635.63405518 0 59.48916534 0 -53.76820583 0 -21.65281697 0 293.42768002 0 127059
0.34250000 0.34250300 2598.10994637 0 23.97147251 0 -32.15458489 0 -19.92907744 0 330.64840713 0 127957
0.34350000 0.34349800 2625.85719237 0 17.52737946 0 -57.41996928 0 -8.20573314 0 244.38835340 0 126732
0.34450000 0.34449700 2666.39297353 0 -6.82254511 0 -21.83296369 0 -30.89300420 0 277.66401117 0 129639
0.34550000 0.34550000 2649.28623168 0 5.21167686 0 -87.82103009 0 43.31427035 0 238.52334294 0 129826
0.34650000 0.34650400 2666.23796098 0 34.35443438 0 -61.48849503 0 37.04943825 0 242.72418298 0 130875
0.34750000 0.34750200 2648.41151802 0 43.65551940 0 -160.02720337 0 58.46220721 0 238.54438036 0 130686
0.34850000 0.34850200 2648.75476009 0 29.57827635 0 -130.65675456 0 47.31226540 0 214.04132553 0 132211
0.34950000 0.34950400 2616.53429487 0 43.47681208 0 -184.01096616 0 13.33240776 0 214.51743550 0 132768
0.35050000 0.35050300 2618.81519378 0 69.68179395 0 -133.44476595 0 -50.32061605 0 218.75370698 0 132957
0.35150000 0.35150100 2582.26544956 0 68.96486092 0 -140.04719324 0 -31.83636627 0 265.83987550 0 133987
0.35250000 0.35249800 2515.90900692 0 56.39998671 0 -153.54214273 0 -28.18526717 0 258.10807108 0 134778
0.35350000 0.35349800 2549.21455997 0 9.97172466 0 -195.36120633 0 68.64420639 0 290.80796797 0 135699
0.35450000 0.35450100 2522.70741436 0 29.36314108 0 -199.72148785 0 69.30212393 0 194.50974455 0 137380
0.35550000 0.35550100 2538.58512815 0 14.88042949 0 -244.86446336 0 11.07076362 0 131.13729345 0 136161
0.35650000 0.35649900 2511.18112422 0 70.87671925 0 -283.06952015 0 -11.83476511 0 196.45847372 0 138792
0.35750000 0.35750000 2485.74799411 0 84.25109112 0 -269.27118896 0 -13.39297338 0 218.72934786 0 138097
0.35850000 0.35849800 2439.26637452 0 46.86206467 0 -293.08997411 0 -25.27368863 0 211.30867577 0 140028
0.35950000 0.35950300 2438.96742175 0 34.88380223 0 -274.43089233 0 22.21661975 0 170.28571232 0 141099
0.36050000 0.36050500 2437.45051325 0 31.56653372 0 -254.09988950 0 -29.96403615 0 195.00799917 0 140821
0.36150000 0.36150200 2422.77968287 0 41.45378761 0 -258.39816599 0 -14.75331920 0 201.16864070 0 141756
0.36250000 0.36250400 2415.63803336 0 53.22200805 0 -205.39273262 0 -16.45380685 0 272.72021814 0 142971
0.36350000 0.36349900 2377.33886181 0 57.07661648 0 -223.73736038 0 38.58007643 0 246.64932213 0 142270
0.36450000 0.36450000 2364.46174805 0 52.30787691 0 -233.70688164 0 -19.33194696 0 292.31823307 0 145311
0.36550000 0.36550300 2337.62243269 0 61.85078150 0 -210.81263562 0 32.97449054 0 317.55095410 0 145434
0.36650000 0.36650100 2330.54721713 0 33.12429910 0 -211.46479555 0 2.97475722 0 349.30195275 0 144547
0.36750000 0.36749600 2290.16644851 0 41.05429813 0 -165.06068223 0 -3.06471986 0 323.75145600 0 146892
0.36850000 0.36849900 2318.05763473 0 26.09658381 0 -223.44615824 0 17.22444066 0 362.78250822 0 148113
0.36950000 0.36949900 2299.62221391 0 7.73377529 0 -226.12344638 0 11.17673684 0 284.01509669 0 147387
0.37050000 0.37049800 2299.03538069 0 42.78922071 0 -252.26852697 0 46.01492110 0 260.93926454 0 149758
0.37150000 0.37150100 2277.69901077 0 42.11159443 0 -266.53964643 0 -1.08680294 0 276.81697833 0 150099
0.37250000 0.37250000 2272.92683877 0 59.93925534 0 -307.63568723 0 18.10911941 0 285.60618977 0 150468
0.37350000 0.37349800 2238.29260674 0 28.64100405 0 -324.26853357 0 33.12994598 0 278.04047022 0 150709
0.37450000 0.37449700 2248.19126513 0 7.43065933 0 -334.95775595 0 -36.48840355 0 265.45234413 0 153108
0.37550000 0.37550100 2253.05201572 0 50.78222127 0 -277.32187634 0 -29.77514229 0 174.51976933 0 153189
0.37650000 0.37649900 2218.18526487 0 55.24027141 0 -289.89339394 0 -65.67206224 0 266.46878355 0 153547
0.37750000 0.37749900 2225.10546788 0 27.19794796 0 -257.18796089 0 17.86143150 0 279.18534860 0 155424
0.37850000 0.37850200 2219.66895639 0 17.10198075 0 -236.77280839 0 -1.59279821 0 293.14422850 0 155313
0.37950000 0.37949900 2243.51874405 0 0.40844920 0 -242.13624253 0 62.38468900 0 231.30861609 0 156100
0.38050000 0.38050000 2229.14686644 0 37.65121910 0 -287.01680395 0 24.10323317 0 242.06537965 0 157557
0.38150000 0.38149800 2203.10475847 0 92.14200485 0 -293.50186460 0 14.27421971 0 271.91747459 0 157692
0.38250000 0.38250100 2180.97118115 0 63.31531790 0 -299.66139889 0 -10.16679688 0 225.80677789 0 159703
0.38350000 0.38350500 2127.86831132 0 38.21291814 0 -315.06410995 0 -50.94498445 0 247.94810583 0 160338
0.38450000 0.38450600 2146.15979192 0 30.55275166 0 -320.79403804 0 -18.72451922 0 136.09326604 0 160167
0.38550000 0.38550000 2140.46861697 0 11.03802276 0 -297.26313334 0 -33.03372748 0 156.61249840 0 160033
0.38650000 0.38649600 2178.80100549 0 22.17199828 0 -307.47956745 0 -59.86008822 0 78.83340258 0 162444
0.38750000 0.38750200 2168.97985337 0 60.93853266 0 -272.35483142 0 -33.86503763 0 135.83749534 0 164307
0.38850000 0.38850400 2142.26233359 0 66.20154081 0 -241.78303537 0 -28.86134332 0 110.37391634 0 163882
0.38950000 0.38950500 2103.55348602 0 62.02550279 0 -235.15735620 0 21.74604594 0 213.65711586 0 164595
0.39050000 0.39050100 2091.03068665 0 50.18176910 0 -263.79260264 0 80.94799518 0 224.60985957 0 165006
0.39150000 0.39150100 2075.40763633 0 11.86377460 0 -327.58248039 0 103.16450420 0 257.32857941 0 166687
0.39250000 0.39250100 2097.06510368 0 -18.58644733 0 -329.08167317 0 55.66345567 0 304.26527155 0 167256
0.39350000 0.39350100 2116.24237026 0 32.13399037 0 -343.95401986 0 19.55948324 0 270.85563864 0 167937
0.39450000 0.39449600 2094.41881805 0 74.92155022 0 -351.02480649 0 -29.93403015 0 357.45782721 0 167719
0.39550000 0.39549700 2047.87076451 0 88.75819166 0 -324.03269305 0 -54.39932834 0 306.39558685 0 171636
0.39650000 0.39650400 2018.57339304 0 65.03562501 0 -320.39432711 0 -8.37237163 0 414.43601073 0 171093
0.39750000 0.39750000 1978.27013070 0 32.68007743 0 -320.68885095 0 54.03748477 0 370.88080659 0 170464
0.39850000 0.39849800 1996.16300760 0 31.96657681 0 -335.05076348 0 35.11598889 0 359.63353904 0 172113
0.39950000 0.39949500 1984.65886212 0 29.53741947 0 -354.91229974 0 52.93711713 0 286.24949184 0 173232
