### header ###
fiducial parameters:
Omega_m = 0.31
Omega_nu = 0
Omega_de = 0.69
Omega_k = 0
H_0 = 100
w_de = -1
zeff = 0
beta = 0
fgrowth = 0
b_1 = 2
gamma = 0.55
Lx = 3500 Ly = 3500 Lz = 3500
nx = 700 ny = 700 nz = 700
xoffset = -685.467585 yoffset = -31.7331281 zoffset = 572.489161
bins = 400 dk = 0.001
kx_ny = 0.628318531 ky_ny = 0.628318531 kz_ny = 0.628318531
############################
A(data) = 8.01705897 (not used)
A(ran) = 8.00583075 (used)
Ngal = 475815
weighted Ngal = 0
Nran = 23820508
weighted Nran = 0
SN(data) = 3500.80751
SN(ran) = 69.7336893
SN(data+ran) = 3570.5412
############################
13 columns: k_central k_mean P_0(k) sigma^{lin}_{P_0(k)} P^img_1(k) sigma^{lin}_{P_1(k)} P_2(k) sigma^{lin}_{P_2(k)} P^img_3(k) sigma^{lin}_{P_3(k)} P_4(k) sigma^{lin}_{P_4(k)} N_modes
### header ###
0.00050000 0 0 0 0 0 0 0 0 0 0 0 0
0.00150000 0.00179520 81784.17714746 0 -45980.92906038 0 56082.54316217 0 -19451.86024140 0 -217273.33714878 0 3
0.00250000 0.00253879 120362.81417358 0 -14808.57010545 0 26773.76719747 0 48538.19320049 0 179351.73187740 0 6
0.00350000 0.00331552 99714.47851228 0 33221.40338587 0 56826.71411323 0 -77809.43398406 0 60411.26855002 0 7
0.00450000 0.00420575 71029.07443486 0 46761.74940659 0 30101.88659146 0 -10802.69156466 0 49411.46745894 0 24
0.00550000 0.00557378 64319.79921101 0 -9191.49114635 0 37311.40945063 0 52754.86666118 0 -13665.90618417 0 45
0.00650000 0.00659388 59468.90298471 0 -6633.82840254 0 51692.36637158 0 30898.09746917 0 25278.44973071 0 40
0.00750000 0.00754703 74605.98896753 0 -5246.65433229 0 14989.60261624 0 45179.73563650 0 -44377.54570339 0 57
0.00850000 0.00846663 81035.57726647 0 -7221.56954857 0 32996.08157581 0 -2359.67850373 0 -12899.47986022 0 75
0.00950000 0.00948925 84198.05468117 0 -410.23074176 0 9683.06915133 0 -13977.48140456 0 -29098.29106990 0 112
0.01050000 0.01054430 83393.09666685 0 1320.43009625 0 19031.77623778 0 -13949.13625303 0 -5562.89100144 0 105
0.01150000 0.01145670 75801.35715495 0 7075.56987351 0 11632.69517772 0 -20783.86091708 0 -2752.61316689 0 144
0.01250000 0.01249090 83520.98201851 0 -487.66947431 0 25335.47220353 0 -10848.44241081 0 -23951.32087795 0 169
0.01350000 0.01339930 80659.78256212 0 -43.38734769 0 30271.51460768 0 -485.57016153 0 -18311.63223157 0 180
0.01450000 0.01448870 86069.38829877 0 -312.27831302 0 39900.56188622 0 2413.84431674 0 -40211.69421362 0 267
0.01550000 0.01550050 71021.21308424 0 2290.37682269 0 25746.03400781 0 -3381.79802471 0 -8295.71792387 0 238
0.01650000 0.01653350 78948.66548465 0 10165.94430899 0 38808.49848936 0 -1765.58184326 0 -33200.58741521 0 315
0.01750000 0.01747870 75479.15250273 0 877.71647516 0 32249.80688303 0 -1837.85090735 0 -15474.01682705 0 297
0.01850000 0.01844180 79589.75309165 0 -9898.66946019 0 41206.98549157 0 1424.53209419 0 -32292.10316384 0 388
0.01950000 0.01947590 85437.60144462 0 842.49651715 0 37808.33538849 0 -1879.23925752 0 -18323.70106563 0 399
0.02050000 0.02045430 83169.76787526 0 5918.24619417 0 31023.32546287 0 5685.16268441 0 -23718.91278001 0 462
0.02150000 0.02154770 80763.64096892 0 3806.99744240 0 37997.33997314 0 5003.52822392 0 9961.63777144 0 571
0.02250000 0.02255340 75920.27392350 0 2763.94015518 0 29263.26870970 0 13176.95232017 0 -5389.25480363 0 510
0.02350000 0.02348930 73869.34719734 0 5337.38096185 0 43986.02829780 0 27857.85852047 0 810.07785731 0 555
0.02450000 0.02439640 66726.47973359 0 5069.79608796 0 20867.34624621 0 7024.90291514 0 10283.02307162 0 592
0.02550000 0.02547300 63538.20380206 0 3244.12473791 0 29261.38641448 0 5288.47450313 0 11152.37772709 0 837
0.02650000 0.02652900 59039.73967474 0 2946.98782908 0 27595.88731526 0 -262.07307060 0 16816.64693456 0 723
0.02750000 0.02749970 58766.91759121 0 4367.99892398 0 33316.07176307 0 -346.74535295 0 12636.51214578 0 826
0.02850000 0.02848090 56192.71279412 0 1401.33557370 0 26238.08812275 0 -2633.39744557 0 12766.94413214 0 831
0.02950000 0.02946900 55596.02520964 0 -213.79884162 0 28796.79166509 0 2150.15690118 0 13424.08661013 0 996
0.03050000 0.03053250 57272.92880343 0 -294.50944615 0 23727.65991661 0 6796.12653974 0 272.25407327 0 1041
0.03150000 0.03150510 57838.28170867 0 763.84536503 0 26694.37862852 0 740.10297892 0 -986.35923352 0 1036
0.03250000 0.03246190 55855.00688715 0 2453.67146911 0 23555.04237269 0 -4351.91083602 0 -4802.37729894 0 1059
0.03350000 0.03345080 54992.14061403 0 2873.16863952 0 23381.09614979 0 -117.53272795 0 -776.40138138 0 1302
0.03450000 0.03451200 50121.20347981 0 4297.85574626 0 20468.29965975 0 4451.00814315 0 -1184.73875560 0 1339
0.03550000 0.03553350 49507.13234537 0 206.99711248 0 19454.40687611 0 6573.81640203 0 -2836.56353366 0 1365
0.03650000 0.03647120 49420.87893504 0 -2799.84770457 0 15933.62903027 0 9059.56439614 0 -1017.62526434 0 1308
0.03750000 0.03744890 48751.77834624 0 461.80673800 0 11978.59460505 0 6790.82289615 0 -5871.27739228 0 1579
0.03850000 0.03847530 48702.94939379 0 1051.90075305 0 7149.96482397 0 6040.71717898 0 125.01540506 0 1662
0.03950000 0.03950240 47288.57062146 0 -1415.06525647 0 6532.49448580 0 2335.72906514 0 -146.34956052 0 1683
0.04050000 0.04050350 48792.96739457 0 -0.21269493 0 4899.71410642 0 52.08022991 0 5546.30465886 0 1822
0.04150000 0.04152450 48482.72085315 0 629.26014963 0 10666.38017382 0 -3229.18817173 0 -3313.57035918 0 1887
0.04250000 0.04250150 46305.90179381 0 2363.57596206 0 10036.49775954 0 -3336.01396158 0 1548.87430191 0 1920
0.04350000 0.04349210 45434.28838408 0 2451.77810157 0 10659.23852431 0 -3547.48429330 0 -3964.55662456 0 2005
0.04450000 0.04448520 42646.60916449 0 2049.84163833 0 11529.27966391 0 898.13605659 0 2053.81660294 0 2151
0.04550000 0.04548030 42118.56999389 0 818.58140277 0 10989.59240760 0 2390.99103831 0 -1550.73445248 0 2274
0.04650000 0.04648670 42000.76045782 0 1400.99233163 0 7959.66179330 0 1644.93779203 0 -58.07622597 0 2311
0.04750000 0.04749250 39527.42453983 0 1622.36132173 0 11135.43707011 0 1948.85096365 0 163.04884081 0 2568
0.04850000 0.04851840 38942.25217316 0 2173.25377075 0 12330.58381104 0 -1067.29349901 0 5722.45427440 0 2493
0.04950000 0.04949480 36203.40190602 0 1948.08697324 0 13559.05824967 0 -699.60484367 0 9480.64490899 0 2644
0.05050000 0.05050630 36820.01967517 0 194.05245754 0 17431.71457824 0 389.29851169 0 9793.60416999 0 2829
0.05150000 0.05149060 38193.32012243 0 -2238.81300601 0 20045.66902142 0 1083.14131752 0 11995.42453878 0 2784
0.05250000 0.05249300 38277.24834456 0 -197.19256886 0 19794.32724804 0 2032.43594371 0 8405.03498681 0 3055
0.05350000 0.05348950 39874.32047640 0 373.10634388 0 17672.42691979 0 2220.34436821 0 7661.99341288 0 3009
0.05450000 0.05448610 37440.51275801 0 1527.08396666 0 16284.73245027 0 1257.16283223 0 6538.46246888 0 3336
0.05550000 0.05550870 35957.70701830 0 2921.41075875 0 14125.96128038 0 2161.48388947 0 5176.23434644 0 3349
0.05650000 0.05647670 33111.34447717 0 2205.02027066 0 10614.36239182 0 3432.18817496 0 3791.64012787 0 3324
0.05750000 0.05747970 31934.57779544 0 706.98011923 0 8577.40893959 0 3225.34607502 0 -458.10083088 0 3639
0.05850000 0.05849280 31176.89860810 0 -297.15905348 0 7267.49755192 0 1399.68579730 0 -187.81763143 0 3846
0.05950000 0.05951020 31496.00300938 0 -529.63469261 0 7359.30926931 0 449.47881155 0 -553.22649510 0 3787
0.06050000 0.06049470 32214.15399711 0 -692.78318435 0 6990.19117683 0 -1865.11097105 0 -41.90952450 0 3930
0.06150000 0.06148310 32646.30683479 0 1588.81217753 0 11067.25369388 0 -3591.51892910 0 1888.61751664 0 4083
0.06250000 0.06249100 32094.12999608 0 757.74340682 0 12166.93485022 0 -2762.75541642 0 1344.98851270 0 4303
0.06350000 0.06350600 31739.70487864 0 629.77279827 0 12792.85337222 0 -1245.06078121 0 50.87434301 0 4470
0.06450000 0.06451750 32043.64019491 0 -149.98239030 0 12220.52490234 0 593.27952290 0 -1911.91368806 0 4479
0.06550000 0.06550280 31079.35142645 0 -385.01905815 0 10158.94659971 0 1605.22136291 0 -5621.45252740 0 4636
0.06650000 0.06648880 31987.17133833 0 409.21319511 0 9978.14660774 0 956.79834072 0 -6692.87711080 0 4653
0.06750000 0.06749660 30933.86107833 0 14.34198234 0 8938.96463421 0 699.49079872 0 -6404.18838581 0 5220
0.06850000 0.06852730 30700.34574791 0 70.51830809 0 7687.38225369 0 945.45031501 0 -5752.18346653 0 5029
0.06950000 0.06949320 30341.60242378 0 784.89274728 0 7833.39300107 0 1753.05904389 0 -4900.86562820 0 5040
0.07050000 0.07048030 29704.83302346 0 726.21606914 0 7606.74251203 0 990.68408359 0 -5690.69884682 0 5475
0.07150000 0.07148790 29130.29008862 0 1415.23134134 0 8874.22475100 0 -102.53703556 0 -2827.79425241 0 5509
0.07250000 0.07249820 28471.59748516 0 699.53619525 0 9281.15483273 0 -1268.31266333 0 -227.34693827 0 5916
0.07350000 0.07351270 27689.22701348 0 560.37810970 0 9697.82856031 0 716.07603407 0 1150.11559589 0 5721
0.07450000 0.07449140 27651.58110909 0 256.64430974 0 9115.28033463 0 1079.97352539 0 -1169.28179015 0 6028
0.07550000 0.07549160 27907.24108916 0 -235.17396468 0 7697.12589953 0 2149.65864657 0 -1639.12482150 0 6183
0.07650000 0.07648840 26538.14812533 0 313.96794979 0 6702.11142970 0 1346.77115699 0 -3299.04346901 0 6330
0.07750000 0.07749960 26853.93082916 0 474.04165693 0 6255.07738747 0 -97.52725147 0 -4006.11105961 0 6583
0.07850000 0.07848650 26444.47625737 0 246.97706294 0 6013.11387321 0 -990.84463230 0 -2305.57912466 0 6549
0.07950000 0.07947320 26168.99681588 0 583.08080451 0 7598.37183447 0 -1106.96342437 0 -2247.00652637 0 6828
0.08050000 0.08048110 25766.84997846 0 357.79664035 0 8093.09437969 0 -637.38834328 0 -1964.68438815 0 7147
0.08150000 0.08149960 25294.50460170 0 1073.45303331 0 9453.05267554 0 -705.38016829 0 -1448.47046045 0 7386
0.08250000 0.08250610 24726.82650825 0 895.78097311 0 10050.18315301 0 32.55263497 0 -693.10649623 0 7227
0.08350000 0.08350160 23619.26185664 0 645.92953464 0 10773.18381902 0 926.41477418 0 958.70278058 0 7798
0.08450000 0.08449610 23382.86772176 0 923.28241349 0 10143.97681655 0 1829.54666373 0 719.77751225 0 7371
0.08550000 0.08548940 22741.22649852 0 478.06755423 0 9219.68128534 0 1239.74606529 0 1656.07655080 0 8256
0.08650000 0.08650700 22519.78000215 0 660.04342709 0 8328.14876327 0 1386.52080309 0 1512.96675252 0 8037
0.08750000 0.08749060 21872.15972351 0 121.60402179 0 7964.38967600 0 1129.62072265 0 1933.58222773 0 8155
0.08850000 0.08849210 21406.34701839 0 817.94917303 0 8110.48900198 0 4.85704137 0 -67.03207590 0 8718
0.08950000 0.08949900 20701.37209718 0 1144.54621650 0 7927.00950741 0 -1036.35631624 0 435.50221593 0 8571
0.09050000 0.09049190 20128.37928782 0 657.04947046 0 7747.32782026 0 -235.54488756 0 -11.64775354 0 8932
0.09150000 0.09150830 19457.95002005 0 113.46586304 0 7637.88896175 0 -198.76262452 0 82.65977659 0 9285
0.09250000 0.09250820 19612.63039776 0 207.95597581 0 7937.77180714 0 783.61389376 0 -679.66247944 0 9204
0.09350000 0.09350330 19332.94347285 0 137.71536163 0 6606.91158091 0 1367.74214020 0 -548.04575432 0 9349
0.09450000 0.09448040 19173.39127221 0 163.44301558 0 6482.76867504 0 1461.59116536 0 143.70881105 0 9564
0.09550000 0.09549270 18342.30257132 0 433.68414019 0 5385.25769437 0 1117.58510557 0 -754.42503108 0 10155
0.09650000 0.09649430 18337.20930190 0 465.31666497 0 5333.80460094 0 700.44412589 0 275.28456857 0 9913
0.09750000 0.09749140 17741.96111965 0 254.95578020 0 5295.46114009 0 290.78250162 0 -924.65206007 0 10476
0.09850000 0.09850240 17487.74054182 0 203.84149991 0 4678.17903145 0 -520.43580515 0 -543.25808106 0 10575
0.09950000 0.09950330 17324.31302749 0 307.47624575 0 5012.14249263 0 -177.94665386 0 -562.17182632 0 10882
0.10050000 0.10051200 17183.69450230 0 56.93500145 0 4788.64761617 0 -259.64601700 0 100.56715825 0 10875
0.10150000 0.10150300 17240.38480537 0 92.42678504 0 5209.16344045 0 579.78678787 0 -968.34123934 0 11118
0.10250000 0.10250800 16805.13171675 0 138.73622998 0 5126.91821170 0 -17.44123678 0 -736.91747107 0 11575
0.10350000 0.10349800 17244.70301205 0 287.81733303 0 4913.67630802 0 179.35948250 0 -512.01308766 0 11364
0.10450000 0.10450100 16527.32708705 0 272.84644265 0 5044.99408037 0 78.82078013 0 -547.36812804 0 12093
0.10550000 0.10551000 16537.84579563 0 249.17049049 0 4912.89017296 0 324.59848885 0 -159.29975163 0 12067
0.10650000 0.10649700 16128.50194708 0 269.79823162 0 4449.76804277 0 800.59551834 0 -150.96782720 0 12054
0.10750000 0.10749900 15908.05195994 0 316.60205586 0 4456.53323323 0 815.27520658 0 -841.86760910 0 12807
0.10850000 0.10850100 15463.83028822 0 521.15772073 0 4463.95169086 0 -111.75740332 0 -756.65610453 0 12736
0.10950000 0.10950300 15183.92191680 0 704.61728511 0 4847.20914213 0 -607.78980457 0 -900.99271640 0 12933
0.11050000 0.11050200 14642.70667967 0 632.62502914 0 5248.83558028 0 -742.53556869 0 168.50306802 0 13428
0.11150000 0.11150900 14491.68016914 0 -93.98300029 0 5561.71733500 0 -463.22178111 0 512.55341711 0 13453
0.11250000 0.11250000 14594.32062021 0 -135.50311113 0 6446.71718543 0 26.79779414 0 1027.90481070 0 13668
0.11350000 0.11349100 15092.24306730 0 -28.85049244 0 6604.32065690 0 527.19103052 0 1103.89085423 0 13791
0.11450000 0.11448600 14768.82045935 0 51.51985955 0 6358.92472195 0 840.55110968 0 2038.02746774 0 14205
0.11550000 0.11549300 14923.50083707 0 269.93220675 0 6036.60934648 0 1204.43642145 0 2055.35565609 0 14776
0.11650000 0.11649800 14287.61722273 0 330.34834713 0 5680.42372939 0 967.42777254 0 2423.92013232 0 14553
0.11750000 0.11747300 14341.76089110 0 532.22008045 0 5919.92918754 0 422.82218955 0 1896.31278239 0 14568
0.11850000 0.11849100 13518.20137109 0 446.98532400 0 5061.09324065 0 218.31967184 0 2920.07100745 0 16015
0.11950000 0.11950300 13405.92799742 0 154.82210347 0 5609.79336937 0 -265.48999004 0 2703.61812957 0 15270
0.12050000 0.12050700 13321.88905205 0 -130.27365212 0 4826.65890727 0 364.99918765 0 2433.28731912 0 15999
0.12150000 0.12150000 13466.82578393 0 -225.39931633 0 4999.75256116 0 106.26087984 0 1849.72043955 0 15670
0.12250000 0.12250700 13727.02541716 0 -345.55950696 0 4300.59061049 0 477.82174862 0 997.84012712 0 16887
0.12350000 0.12352200 13799.32769823 0 -40.29971920 0 4110.16876825 0 262.45174411 0 896.82287887 0 16407
0.12450000 0.12449800 13711.41343917 0 236.04424941 0 3351.49307168 0 433.39625975 0 67.07913328 0 16306
0.12550000 0.12549900 13407.81029264 0 353.38985507 0 3558.91093251 0 58.17000856 0 322.05628307 0 17523
0.12650000 0.12650100 13066.45051848 0 592.28079920 0 2865.37372284 0 37.24951515 0 16.41239636 0 17154
0.12750000 0.12750600 12720.77253765 0 114.87979892 0 3331.39680214 0 -36.03045219 0 106.72580676 0 18007
0.12850000 0.12850300 12490.35745817 0 126.02187939 0 3142.29256656 0 50.04591167 0 995.78399640 0 17496
0.12950000 0.12949900 12599.86275063 0 47.74807210 0 3526.60188869 0 48.16826683 0 157.39199006 0 18405
0.13050000 0.13049000 12571.96049208 0 111.02662989 0 3744.08449278 0 -53.21724695 0 658.49330161 0 18100
0.13150000 0.13148800 12435.43872707 0 224.27436813 0 3962.00998986 0 -338.10340343 0 536.40099030 0 19059
0.13250000 0.13249300 12523.02081639 0 310.59753412 0 4256.53383003 0 -506.00302975 0 1108.11826785 0 18957
0.13350000 0.13349100 12294.04513914 0 45.51245900 0 4630.08085244 0 -381.08063221 0 1130.13004959 0 19468
0.13450000 0.13450700 12292.82718341 0 62.95192420 0 4765.78326542 0 186.26307703 0 672.38131863 0 19953
0.13550000 0.13551000 12337.78082217 0 103.22695211 0 4568.88411317 0 360.84263691 0 386.48946289 0 19956
0.13650000 0.13649900 12061.52631794 0 200.92837125 0 4190.50955714 0 309.41833152 0 -9.96240176 0 19723
0.13750000 0.13749600 11887.02647880 0 245.15566551 0 3783.60162005 0 528.96924589 0 604.21565812 0 20946
0.13850000 0.13851100 11817.60300219 0 37.18119891 0 3818.12512884 0 812.61120523 0 456.17424637 0 20955
0.13950000 0.13949800 11606.01087491 0 46.89240284 0 3262.56015874 0 437.31918443 0 594.96030181 0 20506
0.14050000 0.14048300 11649.41438819 0 133.24989303 0 3357.51641638 0 165.35963500 0 654.78407280 0 21447
0.14150000 0.14148400 11505.03127256 0 127.26087254 0 3405.08312380 0 72.21015932 0 873.10706634 0 21771
0.14250000 0.14249400 11271.95883513 0 388.80468601 0 3628.67765119 0 -390.79659724 0 717.43682279 0 22470
0.14350000 0.14350900 11023.20798575 0 256.79489336 0 3519.55989010 0 -179.27865453 0 578.30088188 0 22519
0.14450000 0.14449900 10856.31483376 0 112.71073049 0 3612.02487466 0 -184.33317081 0 624.03954848 0 22218
0.14550000 0.14550500 10779.52826114 0 126.47695194 0 3790.68790794 0 -77.19846310 0 -242.69539493 0 23559
0.14650000 0.14650700 10634.95691598 0 197.73511277 0 3492.39947732 0 230.03862043 0 -39.58422557 0 23044
0.14750000 0.14750500 10466.66865107 0 201.32033155 0 3585.29628255 0 -17.70996210 0 -512.23453416 0 23649
0.14850000 0.14849900 10347.26470022 0 156.79187006 0 3357.28389756 0 172.08717956 0 -191.58554357 0 23640
0.14950000 0.14949500 10151.55028673 0 22.02794733 0 3245.95167151 0 387.79046105 0 -129.52405573 0 24457
0.15050000 0.15050000 10066.31553027 0 76.97081610 0 3159.11142796 0 324.10023423 0 -41.54779165 0 24591
0.15150000 0.15149900 10158.85802111 0 3.64582868 0 2791.06735099 0 311.12568401 0 -486.54452611 0 25020
0.15250000 0.15250500 9999.73764114 0 328.70078519 0 2846.21860091 0 58.93278102 0 60.64533750 0 25297
0.15350000 0.15350100 9794.34601575 0 370.56524533 0 2557.83990101 0 -224.54231839 0 -391.85400426 0 25452
0.15450000 0.15450400 9659.79512456 0 77.12505359 0 2844.66847543 0 -205.98842369 0 81.45001438 0 26061
0.15550000 0.15549900 9502.65669073 0 10.40521725 0 2866.31487045 0 183.29237228 0 -150.25587672 0 26128
0.15650000 0.15649500 9542.60563868 0 51.40049989 0 2944.43012205 0 131.70862542 0 -331.36478655 0 26331
0.15750000 0.15749700 9632.32468668 0 -17.56668622 0 2741.50762510 0 284.28083249 0 -418.74093062 0 27345
0.15850000 0.15849900 9569.84355773 0 81.52940295 0 2754.14114771 0 252.48886623 0 -436.25956295 0 26980
0.15950000 0.15949700 9465.42046237 0 175.11988933 0 2379.03292751 0 194.26947511 0 102.25336259 0 27777
0.16050000 0.16050000 9362.58070945 0 76.63776057 0 2472.40584270 0 255.59797504 0 -131.28676984 0 28224
0.16150000 0.16150500 9241.08408922 0 85.68872177 0 2036.13410020 0 339.41547392 0 44.83760080 0 28075
0.16250000 0.16249700 9241.72628405 0 86.94454485 0 2134.01345160 0 368.28877535 0 -206.10468310 0 28590
0.16350000 0.16349900 9058.81147805 0 95.51098112 0 2016.74645944 0 126.60649814 0 -58.82715104 0 29163
0.16450000 0.16449100 8970.60933855 0 252.32721029 0 1781.19382125 0 -312.35471206 0 -145.05963468 0 28996
0.16550000 0.16550500 8695.49528378 0 354.44615486 0 2078.29751311 0 -198.86448991 0 302.83251272 0 30777
0.16650000 0.16650700 8527.90457532 0 272.77115084 0 2305.75628186 0 -419.00445195 0 427.35741379 0 29211
0.16750000 0.16749900 8281.97716877 0 142.85845651 0 2500.36346287 0 -9.65183412 0 377.28614650 0 30922
0.16850000 0.16850800 8259.28997522 0 168.16204042 0 2388.12330618 0 185.42158034 0 325.26947173 0 30867
0.16950000 0.16949900 8108.34097097 0 37.79250196 0 2488.91467901 0 83.76091930 0 144.48055209 0 30852
0.17050000 0.17049200 8126.76531947 0 -37.20212560 0 2315.14561331 0 326.65240510 0 231.02405734 0 31257
0.17150000 0.17149500 8177.25512064 0 -43.29899054 0 2120.33913045 0 303.91095716 0 214.92600429 0 32608
0.17250000 0.17250900 8077.79242679 0 138.87906297 0 1805.56400818 0 265.61953624 0 -19.88102355 0 32361
0.17350000 0.17350400 8122.71284858 0 98.71852289 0 1892.78071077 0 75.41847616 0 93.14094999 0 32508
0.17450000 0.17449800 7987.70799207 0 90.70094177 0 1884.41003321 0 34.35476655 0 175.69232852 0 32791
0.17550000 0.17549800 7959.76144423 0 161.10343334 0 1890.02370189 0 132.51026173 0 416.05478462 0 33633
0.17650000 0.17650100 7827.73504309 0 62.59417739 0 1849.73151188 0 195.70001947 0 347.73300432 0 33984
0.17750000 0.17750300 7740.56262979 0 137.54595506 0 1923.04137450 0 -133.47466122 0 395.53001610 0 34069
0.17850000 0.17849800 7633.15000673 0 242.30786356 0 2209.73708103 0 -167.99263385 0 209.83052041 0 34536
0.17950000 0.17950400 7394.44175596 0 195.13311644 0 2005.74056857 0 -216.11738644 0 491.94449892 0 35343
0.18050000 0.18050100 7382.28434331 0 114.55095088 0 2189.48579894 0 -111.11631572 0 293.14533574 0 34990
0.18150000 0.18150500 7374.77730708 0 -11.14008745 0 2150.01296096 0 128.28949151 0 253.35250757 0 36243
0.18250000 0.18250200 7446.43739331 0 -83.75936917 0 2212.70446408 0 17.65880796 0 -4.08853345 0 35694
0.18350000 0.18350400 7372.00922588 0 36.31002839 0 2107.94919897 0 11.83775463 0 -187.52753652 0 37087
0.18450000 0.18450600 7403.64285789 0 140.43915353 0 2178.29167855 0 38.97391902 0 47.95036348 0 36651
0.18550000 0.18550700 7296.75063409 0 110.28843799 0 2162.86793007 0 78.25852748 0 91.33283935 0 37818
0.18650000 0.18651000 7206.97622446 0 166.88650860 0 2172.32369547 0 155.65917123 0 102.94438639 0 37267
0.18750000 0.18750100 7070.19979597 0 100.57191935 0 2006.85887338 0 258.02170695 0 214.90607410 0 38334
0.18850000 0.18850000 7059.13854348 0 10.52019227 0 1870.75785671 0 32.67188391 0 54.17976414 0 38223
0.18950000 0.18949500 7042.82900902 0 -13.56071910 0 1840.56362693 0 133.30082572 0 71.06760613 0 39064
0.19050000 0.19050000 7055.10821724 0 22.04964909 0 1626.33628634 0 -23.94622761 0 121.98158806 0 39609
0.19150000 0.19149800 7032.34351742 0 24.00347153 0 1716.54251663 0 152.31865083 0 29.14745219 0 39576
0.19250000 0.19250400 7024.37144355 0 51.64254091 0 1599.15372891 0 42.42793075 0 190.79055065 0 40909
0.19350000 0.19350500 7077.88398940 0 24.16523819 0 1663.87146747 0 144.27017792 0 203.47279149 0 40191
0.19450000 0.19450100 7069.66832438 0 -41.50671332 0 1518.89044630 0 222.19387830 0 269.45277509 0 41232
0.19550000 0.19549800 7037.83539053 0 -62.02550279 0 1507.37522849 0 156.95463323 0 345.06457404 0 40873
0.19650000 0.19649700 7127.93089758 0 96.68298670 0 1587.95960852 0 -16.58235654 0 73.64280743 0 42816
0.19750000 0.19750200 6920.78984487 0 208.19403080 0 1436.68950684 0 35.33322790 0 173.02168378 0 41727
0.19850000 0.19849000 6740.97528981 0 224.36848289 0 1440.42088031 0 -49.52075130 0 173.81446224 0 42610
0.19950000 0.19949900 6644.29174950 0 60.96643492 0 1095.46592228 0 18.83236367 0 -101.34056014 0 43863
0.20050000 0.20050100 6582.57461096 0 42.69422016 0 1356.58123678 0 112.76498488 0 -412.69433404 0 43302
0.20150000 0.20150100 6542.18277002 0 78.06409745 0 952.36498186 0 -24.55343390 0 -531.20917720 0 44487
0.20250000 0.20249700 6430.70660375 0 148.36029471 0 1090.26082238 0 112.37745351 0 -323.20337592 0 43759
0.20350000 0.20349100 6489.72209503 0 -0.73976970 0 1032.67144654 0 -73.57781288 0 -302.30989899 0 45282
0.20450000 0.20449700 6501.39232539 0 -59.74692906 0 1076.52892514 0 45.85071852 0 -183.73526527 0 45483
0.20550000 0.20549900 6508.34574537 0 99.49568937 0 1385.96718685 0 -159.54223554 0 -289.93657600 0 46138
0.20650000 0.20650200 6432.92106871 0 191.12382762 0 1490.42349919 0 -190.38087463 0 69.46699085 0 46227
0.20750000 0.20749300 6401.38708763 0 168.98139245 0 1662.56493314 0 104.21305336 0 303.68840343 0 46236
0.20850000 0.20850300 6216.92215615 0 127.72480295 0 1516.93064480 0 127.22765556 0 363.79784040 0 48361
0.20950000 0.20950400 6220.18849197 0 24.04875734 0 1550.28048716 0 339.75317983 0 357.09686942 0 46812
0.21050000 0.21050300 6214.01013472 0 4.55721388 0 1423.62416356 0 182.89044689 0 126.43709157 0 48813
0.21150000 0.21149700 6139.21658057 0 16.55445428 0 1158.78522622 0 144.02437231 0 188.36017535 0 47215
0.21250000 0.21249000 6130.70196279 0 90.03571650 0 1051.72802478 0 -39.78662766 0 140.09037530 0 50004
0.21350000 0.21350300 5994.70059704 0 93.02214395 0 856.56501306 0 -15.98367594 0 50.69463918 0 49509
0.21450000 0.21449800 6046.46371556 0 -4.24624764 0 965.93743762 0 97.55692530 0 -89.96430000 0 49660
0.21550000 0.21550100 5912.80968268 0 63.16661658 0 864.47176022 0 107.56608549 0 34.76045654 0 50841
0.21650000 0.21649800 5899.15750618 0 204.55787933 0 940.39136980 0 78.72489380 0 55.66013397 0 50424
0.21750000 0.21750300 5796.74957393 0 140.33396645 0 989.08302542 0 34.84150595 0 218.58762210 0 52231
0.21850000 0.21850300 5689.93485640 0 55.40624556 0 1075.14820624 0 -75.80678259 0 490.15410400 0 51078
0.21950000 0.21950100 5657.47080004 0 104.74950750 0 1207.51452775 0 -137.93127196 0 262.40302588 0 52791
0.22050000 0.22050700 5732.05398001 0 71.32703070 0 1375.52598455 0 -240.68133905 0 251.54993309 0 52969
0.22150000 0.22150000 5565.96910773 0 127.35388006 0 1318.58101800 0 -84.96027352 0 324.17441881 0 52704
0.22250000 0.22250100 5527.93567198 0 99.45328237 0 1327.30600996 0 -90.35902838 0 272.84201372 0 54051
0.22350000 0.22349900 5407.10339124 0 6.89876699 0 1212.53029089 0 236.99868381 0 174.89733560 0 53938
0.22450000 0.22449800 5431.45143351 0 25.51152217 0 1069.38506117 0 246.17099769 0 -211.34521444 0 54735
0.22550000 0.22549100 5410.35865473 0 4.24318061 0 1004.25100319 0 128.87300303 0 -376.84103904 0 54774
0.22650000 0.22649900 5379.61080871 0 81.77753375 0 915.28598051 0 30.58762948 0 -534.16216623 0 56911
0.22750000 0.22749800 5273.16147791 0 136.67345586 0 808.93740786 0 -124.95450728 0 -307.12303859 0 54879
0.22850000 0.22849100 5229.31507162 0 14.47097492 0 737.46333669 0 -30.83177424 0 -395.63631042 0 57210
0.22950000 0.22949800 5294.07709949 0 -59.41852391 0 867.57976179 0 115.14553472 0 -313.12645310 0 57375
0.23050000 0.23049600 5372.28092968 0 12.49799736 0 808.25978158 0 94.67180962 0 -403.78221979 0 57604
0.23150000 0.23150100 5274.97733918 0 60.33619819 0 758.67680381 0 39.64988445 0 -350.65609808 0 58629
0.23250000 0.23250200 5292.70413121 0 132.75274565 0 838.12848501 0 -130.66561242 0 -306.99127792 0 58560
0.23350000 0.23350400 5197.17211268 0 138.08517728 0 905.45043437 0 -77.09272240 0 -121.57966267 0 59305
0.23450000 0.23449700 5116.73167287 0 126.75486729 0 969.21595300 0 9.69182736 0 23.81557418 0 59196
0.23550000 0.23549300 5047.79537855 0 41.15295255 0 890.00454125 0 100.06790712 0 39.30697455 0 60063
0.23650000 0.23649900 5076.24018101 0 -57.16419857 0 865.98313255 0 168.07456905 0 -22.71199556 0 61537
0.23750000 0.23750400 5060.57284139 0 72.92089185 0 853.79693186 0 66.71861838 0 -101.03363529 0 61224
0.23850000 0.23850100 5035.81512309 0 109.71389506 0 889.74544885 0 -98.23488375 0 -151.77499968 0 61221
0.23950000 0.23949400 4951.77617772 0 86.43599297 0 850.73986298 0 -14.69541095 0 115.63493148 0 62332
0.24050000 0.24050100 4918.60349256 0 104.19843789 0 854.14238839 0 -44.57330441 0 70.06179614 0 63447
0.24150000 0.24150500 4873.49484125 0 7.67717357 0 887.39700875 0 89.13354347 0 127.36938132 0 63342
0.24250000 0.24250300 4862.05712971 0 11.34758281 0 870.68111997 0 139.87778667 0 -94.07611854 0 63379
0.24350000 0.24349600 4824.75446740 0 112.97203736 0 883.34232340 0 26.13035440 0 -96.33553715 0 64266
0.24450000 0.24449500 4736.92878694 0 94.24109618 0 726.87930139 0 35.99646016 0 -104.63623762 0 64695
0.24550000 0.24549600 4637.36644217 0 50.95173856 0 558.84016378 0 97.17271563 0 -97.24966828 0 65947
0.24650000 0.24650000 4667.58281660 0 -39.92757836 0 581.75655446 0 95.60398865 0 -244.19458771 0 66018
0.24750000 0.24750000 4697.72168476 0 -8.49911653 0 445.96224119 0 160.18332315 0 -200.16991700 0 66303
0.24850000 0.24849600 4713.00149301 0 12.24588053 0 434.46252463 0 38.76575932 0 -155.47758510 0 66958
0.24950000 0.24949200 4682.61903370 0 13.83331974 0 259.07025611 0 92.76770192 0 17.48253655 0 66975
0.25050000 0.25048900 4693.25953785 0 31.60672626 0 359.29029697 0 128.33378081 0 -71.82628182 0 68676
0.25150000 0.25150000 4657.13054197 0 115.81098144 0 391.46758013 0 40.02113950 0 -39.48701055 0 69349
0.25250000 0.25249900 4551.64450342 0 122.80204733 0 365.72553215 0 -32.37448126 0 73.43342977 0 68592
0.25350000 0.25349900 4487.83469549 0 125.78160994 0 359.42316487 0 -18.36333999 0 76.69179352 0 70437
0.25450000 0.25450100 4469.65393814 0 15.41024024 0 387.17262533 0 2.30518052 0 105.86903026 0 70099
0.25550000 0.25550100 4397.99385192 0 62.72538444 0 480.63744082 0 -30.82867399 0 102.86167612 0 71064
0.25650000 0.25650300 4415.46598048 0 86.15984919 0 387.40735861 0 -33.46167283 0 68.86786735 0 71409
0.25750000 0.25750600 4374.16620891 0 47.05383734 0 506.40274067 0 54.42988796 0 108.20163693 0 72612
0.25850000 0.25850600 4350.44928914 0 26.21350756 0 424.20180122 0 100.85415291 0 220.72458079 0 71845
0.25950000 0.25949600 4410.87096568 0 -8.09303902 0 410.04029778 0 52.01623187 0 241.05669086 0 72816
0.26050000 0.26049800 4363.13817339 0 103.64028200 0 469.14104596 0 70.26940223 0 302.76164984 0 73743
0.26150000 0.26149900 4325.58084760 0 111.76183225 0 412.06985492 0 -73.20677928 0 497.17506517 0 74662
0.26250000 0.26250300 4237.03546603 0 34.17196247 0 452.31886286 0 -6.62924446 0 415.24650491 0 74931
0.26350000 0.26350100 4227.91187038 0 39.61666748 0 508.80543516 0 14.80724143 0 467.71160883 0 75087
0.26450000 0.26450200 4205.76722074 0 67.54970708 0 509.57828343 0 -31.29703333 0 230.46379771 0 76678
0.26550000 0.26550600 4153.55013689 0 107.75287561 0 530.10969534 0 -94.49620255 0 289.34088493 0 76035
0.26650000 0.26650100 4129.68927691 0 25.68358610 0 480.56436348 0 82.36458841 0 302.25010843 0 77094
0.26750000 0.26750600 4123.44448571 0 -32.41268078 0 506.41602746 0 2.82453899 0 204.55234316 0 78463
0.26850000 0.26850100 4169.78216508 0 5.17175005 0 431.96792985 0 58.09316663 0 64.69703332 0 77076
0.26950000 0.26949700 4167.75592964 0 42.40556465 0 506.27983787 0 -57.32419367 0 47.58054783 0 79149
0.27050000 0.27049900 4156.63931552 0 103.70970548 0 484.80617111 0 -75.33654096 0 146.29752060 0 79648
0.27150000 0.27150200 4068.99079225 0 75.88129934 0 502.51967636 0 -95.74748598 0 134.85205843 0 80241
0.27250000 0.27250500 4048.55128064 0 36.23650816 0 552.39053457 0 -24.32257593 0 242.90798357 0 80835
0.27350000 0.27350000 4046.23716475 0 74.92476120 0 480.82456311 0 87.34392361 0 139.52015057 0 80680
0.27450000 0.27450400 4041.28783556 0 7.04358193 0 504.38979202 0 90.46842295 0 167.59513738 0 82617
0.27550000 0.27550800 4018.92173942 0 37.40297758 0 444.18734752 0 71.34507859 0 76.99727896 0 82548
0.27650000 0.27649900 3955.45517356 0 79.39631958 0 392.34118655 0 63.37588352 0 163.31125491 0 81181
0.27750000 0.27748900 3915.07440495 0 104.07099544 0 415.90973716 0 70.71318101 0 153.12028715 0 84096
0.27850000 0.27849800 3868.30490492 0 85.19722127 0 361.39071699 0 55.13951326 0 213.91952996 0 85215
0.27950000 0.27950200 3800.52013238 0 29.30279691 0 233.85746526 0 118.51927209 0 294.24149589 0 84514
0.28050000 0.28050300 3785.30675808 0 -7.38553961 0 271.51665644 0 119.52131749 0 252.03047199 0 85815
0.28150000 0.28150100 3836.54947734 0 -16.33112549 0 130.58810614 0 55.04993815 0 159.13145229 0 85485
0.28250000 0.28250000 3838.98538880 0 26.53250124 0 156.33015411 0 2.69339837 0 151.36643090 0 87220
0.28350000 0.28350400 3806.37739221 0 67.34154738 0 114.10695065 0 -96.75551043 0 241.95908533 0 87147
0.28450000 0.28449700 3783.94486212 0 82.62700251 0 215.20945580 0 -66.09480360 0 163.69878628 0 87102
0.28550000 0.28549800 3733.55471187 0 90.97952146 0 174.23742504 0 -87.52030574 0 95.28632365 0 88971
0.28650000 0.28649900 3673.33233718 0 148.76554180 0 234.86947575 0 -31.45880000 0 133.65846182 0 89434
0.28750000 0.28750100 3575.80730018 0 118.60342176 0 306.29261423 0 -66.71142137 0 93.06599035 0 89619
0.28850000 0.28849900 3519.32737128 0 35.93678032 0 181.81975308 0 89.16255296 0 137.92130687 0 90240
0.28950000 0.28950100 3474.06370742 0 -11.38722174 0 108.13885685 0 153.13357394 0 -11.21892240 0 91333
0.29050000 0.29050500 3560.83751703 0 -27.65224545 0 13.97537766 0 153.02395792 0 -24.65341699 0 92139
0.29150000 0.29150600 3556.03212806 0 -25.84125600 0 -55.35752733 0 104.03423532 0 -111.44294930 0 92370
0.29250000 0.29250200 3564.57996282 0 66.31348202 0 -165.80474246 0 28.73821907 0 60.69339139 0 91819
0.29350000 0.29349600 3550.66205052 0 36.09267866 0 -157.01885272 0 15.31357884 0 79.72538907 0 93552
0.29450000 0.29450000 3496.19728474 0 72.78149128 0 -178.93430523 0 42.63520467 0 145.55235314 0 94701
0.29550000 0.29550200 3508.02252764 0 64.11263601 0 -184.42950004 0 33.91464164 0 139.32195596 0 95020
0.29650000 0.29650300 3428.05819780 0 14.60827175 0 -217.77712793 0 75.15119024 0 299.79094509 0 95151
0.29750000 0.29749800 3466.14699518 0 48.80381827 0 -156.76972541 0 0.50336117 0 150.22155251 0 95802
0.29850000 0.29850000 3426.60772325 0 43.60514032 0 -168.95924780 0 -54.62797185 0 138.87352681 0 97399
0.29950000 0.29950700 3386.13837604 0 107.95660638 0 -73.60427574 0 -133.49237694 0 163.97448717 0 97881
0.30050000 0.30050300 3345.63581185 0 57.46935185 0 -72.63821540 0 -76.56722986 0 151.65874027 0 97188
0.30150000 0.30149700 3331.56288701 0 -4.81825501 0 -41.82415688 0 23.25952202 0 135.90503652 0 98263
0.30250000 0.30249700 3344.57286867 0 16.66562042 0 -107.79760780 0 86.47031718 0 7.87645327 0 100050
0.30350000 0.30350600 3332.61475787 0 21.24469108 0 -144.89133534 0 11.38201774 0 -19.20826910 0 100779
0.30450000 0.30450500 3330.38922058 0 65.69420689 0 -138.52585581 0 -40.07063280 0 64.07255420 0 99982
0.30550000 0.30550300 3293.83947635 0 87.95323364 0 -179.15575173 0 -26.81584203 0 29.24200985 0 101559
0.30650000 0.30649700 3236.99416073 0 79.45478145 0 -106.71528805 0 -89.55606338 0 -10.93000116 0 100935
0.30750000 0.30749800 3242.02099620 0 67.85342095 0 -109.64635387 0 -103.90324971 0 72.90384047 0 103762
0.30850000 0.30850200 3215.30347641 0 37.45368882 0 -1.57341057 0 5.50883591 0 75.87321654 0 102951
0.30950000 0.30950100 3198.68391686 0 23.48805481 0 -34.80275282 0 23.42250664 0 189.55155750 0 104394
0.31050000 0.31050000 3194.33249321 0 55.62270951 0 21.81081904 0 116.21733576 0 218.16798099 0 103963
0.31150000 0.31149700 3200.53299510 0 45.24783043 0 -61.78678346 0 18.76061500 0 150.03332299 0 105936
0.31250000 0.31250000 3111.81045633 0 64.17984503 0 -3.72286992 0 29.94000920 0 179.57760730 0 105717
0.31350000 0.31349800 3091.02770265 0 72.99308341 0 -5.13557677 0 -108.25987736 0 169.37778168 0 106776
0.31450000 0.31450400 3100.33952782 0 10.49419445 0 24.26666069 0 -63.01226837 0 92.20711012 0 108733
0.31550000 0.31549900 3095.25733073 0 11.55031708 0 85.88868796 0 -50.85507717 0 122.14988740 0 105891
0.31650000 0.31650000 3095.87738092 0 27.95917029 0 52.26292327 0 -66.49429308 0 123.54832202 0 111072
0.31750000 0.31750600 3137.36538201 0 22.13878131 0 75.24452994 0 76.92907344 0 160.29847533 0 108121
0.31850000 0.31849900 3104.39199870 0 18.54038646 0 85.19688910 0 72.71096057 0 209.69433081 0 110484
0.31950000 0.31950100 3089.47757717 0 81.35490311 0 1.05979089 0 127.53657342 0 183.35769900 0 110817
0.32050000 0.32049800 3061.22100424 0 79.66360550 0 22.56694811 0 43.46695771 0 217.11611014 0 111088
0.32150000 0.32149900 2991.26605603 0 80.57651868 0 7.67845796 0 19.54486777 0 270.77259621 0 112635
0.32250000 0.32250100 2963.18664029 0 64.54567464 0 -16.71300997 0 15.72369775 0 186.41808958 0 113202
0.32350000 0.32350400 2900.05224418 0 48.43699215 0 -84.50077204 0 -82.02588600 0 188.66023535 0 113863
0.32450000 0.32450300 2911.31279852 0 36.99684470 0 -61.31964208 0 -12.31862570 0 156.71214932 0 114045
0.32550000 0.32549900 2900.73872831 0 26.15316339 0 -94.16104328 0 -26.50969225 0 125.68306625 0 114828
0.32650000 0.32650300 2877.49791852 0 57.24414076 0 -83.58498006 0 24.66050328 0 59.39516130 0 116431
0.32750000 0.32750400 2875.95886537 0 42.98354001 0 -90.84432838 0 -43.14076702 0 -11.51089960 0 116442
0.32850000 0.32850400 2835.42308421 0 78.85421855 0 -26.65031078 0 -86.58104043 0 22.53827078 0 116955
0.32950000 0.32949800 2805.31743303 0 78.54375057 0 16.65499099 0 -16.94043553 0 77.27220478 0 117028
0.33050000 0.33049700 2779.90644757 0 40.72711093 0 -38.40734816 0 10.48467225 0 186.26750596 0 119061
0.33150000 0.33150100 2790.74625357 0 -2.48266989 0 -0.63631322 0 109.11554662 0 182.94913021 0 120060
0.33250000 0.33250400 2813.95384639 0 -22.77056816 0 -59.12222849 0 160.32837061 0 152.50466589 0 119737
0.33350000 0.33350100 2840.62707687 0 -0.55638543 0 -139.87557220 0 53.30892580 0 189.88372724 0 120531
0.33450000 0.33450000 2858.85212352 0 14.19250595 0 -157.61232933 0 -26.32489515 0 138.07189049 0 121704
0.33550000 0.33550300 2818.06167889 0 33.28041888 0 -162.14533911 0 19.27525666 0 275.60455876 0 122761
0.33650000 0.33650300 2844.43595661 0 29.27478393 0 -169.79631556 0 53.14129080 0 190.31222622 0 122472
0.33750000 0.33749900 2788.19961886 0 57.53346061 0 -208.23610563 0 29.70771183 0 207.78989094 0 122985
0.33850000 0.33849800 2784.11393100 0 99.18798947 0 -254.89377519 0 27.32893356 0 180.71805676 0 125380
0.33950000 0.33950300 2722.56287733 0 73.63073860 0 -234.81854306 0 -14.35604419 0 138.81816518 0 125223
0.34050000 0.34050000 2639.67545374 0 82.93791339 0 -264.34511165 0 -64.46307509 0 204.32868220 0 125178
0.34150000 0.34149900 2633.29779464 0 84.32272906 0 -221.08443135 0 -76.28311401 0 148.13774098 0 127059
0.34250000 0.34250300 2582.44260675 0 59.34755030 0 -134.67157954 0 -56.22393675 0 182.70996799 0 127957
0.34350000 0.34349800 2545.52747581 0 49.29365792 0 -204.33864730 0 -3.12197485 0 218.44368188 0 126732
0.34450000 0.34449700 2526.69345129 0 44.23172319 0 -127.28080272 0 62.76048371 0 217.65643959 0 129639
0.34550000 0.34550000 2550.33286478 0 29.55978557 0 -146.42153063 0 27.55591622 0 284.83666319 0 129826
0.34650000 0.34650400 2552.61376369 0 -4.96691205 0 -149.69672432 0 22.81507891 0 210.51257561 0 130875
0.34750000 0.34750200 2553.31132015 0 31.86371492 0 -183.82495110 0 12.95849535 0 271.40593319 0 130686
0.34850000 0.34850200 2539.26053996 0 28.37825779 0 -175.72443827 0 -35.66362607 0 174.46662217 0 132211
0.34950000 0.34950400 2562.81137485 0 43.03070811 0 -150.36770720 0 -28.17375195 0 135.53522087 0 132768
0.35050000 0.35050300 2520.96905936 0 52.06982192 0 -178.21238965 0 -65.63851310 0 123.46085066 0 132957
0.35150000 0.35150100 2507.07329171 0 63.82752365 0 -166.32403450 0 18.89436869 0 110.27260457 0 133987
0.35250000 0.35249800 2504.85882675 0 6.28643421 0 -155.67467249 0 -1.32061833 0 101.52956472 0 134778
0.35350000 0.35349800 2522.04307487 0 6.94542577 0 -180.57411654 0 26.88216526 0 135.41674700 0 135699
0.35450000 0.35450100 2535.57345579 0 38.95376739 0 -169.59922818 0 -4.59794897 0 110.03443886 0 137380
0.35550000 0.35550100 2519.35249994 0 35.00570853 0 -180.13897417 0 -2.50031917 0 208.57381154 0 136161
0.35650000 0.35649900 2495.01552998 0 53.50867053 0 -169.32131282 0 55.52250497 0 157.60790040 0 138792
0.35750000 0.35750000 2477.73163094 0 57.64617687 0 -234.61591951 0 35.26934058 0 118.92894811 0 138097
0.35850000 0.35849800 2434.06238186 0 35.40907332 0 -241.41321972 0 43.32390327 0 115.31051236 0 140028
0.35950000 0.35950300 2427.90616926 0 46.46180013 0 -296.25444455 0 -2.78145657 0 70.39274793 0 141099
0.36050000 0.36050500 2401.38795132 0 50.10791669 0 -290.29421210 0 15.11505206 0 107.44251834 0 140821
0.36150000 0.36150200 2371.22693851 0 51.84239637 0 -322.01310100 0 -9.44356369 0 40.22542390 0 141756
0.36250000 0.36250400 2374.39362341 0 55.00564885 0 -318.51203190 0 -48.29316265 0 108.26308834 0 142971
0.36350000 0.36349900 2343.23610137 0 43.52730188 0 -284.34505197 0 -33.57804297 0 63.39592443 0 142270
0.36450000 0.36450000 2353.05725348 0 21.67230426 0 -292.67808363 0 -10.09793809 0 114.57530999 0 145311
0.36550000 0.36550300 2345.35091541 0 22.66981000 0 -266.43113765 0 -29.59754220 0 109.14367033 0 145434
0.36650000 0.36650100 2361.53865430 0 52.65964467 0 -229.41857024 0 -29.54660950 0 56.92326479 0 144547
0.36750000 0.36749600 2342.01814564 0 45.80155740 0 -244.90210927 0 45.45554725 0 153.30408774 0 146892
0.36850000 0.36849900 2308.18112099 0 43.00003777 0 -264.02512146 0 45.63181866 0 147.86425456 0 148113
0.36950000 0.36949900 2313.75050038 0 42.05246821 0 -257.66517809 0 40.25188675 0 156.26593463 0 147387
0.37050000 0.37049800 2270.09232362 0 35.84366207 0 -277.60311339 0 59.47178179 0 178.28103807 0 149758
0.37150000 0.37150100 2286.65652155 0 30.39220295 0 -306.95363202 0 62.60403176 0 232.87313559 0 150099
0.37250000 0.37250000 2266.39416713 0 36.79532839 0 -303.40938084 0 -3.61368572 0 229.04764736 0 150468
0.37350000 0.37349800 2262.82887854 0 42.21689224 0 -292.60611352 0 -14.14090892 0 207.98476386 0 150709
0.37450000 0.37449700 2244.21630052 0 45.04587123 0 -300.00131926 0 -38.65647547 0 282.66316583 0 153108
0.37550000 0.37550100 2245.48961787 0 40.55870087 0 -287.45305355 0 -11.77342443 0 331.27620795 0 153189
0.37650000 0.37649900 2233.91903844 0 42.15887326 0 -271.84661171 0 -15.82357012 0 324.40029423 0 153547
0.37750000 0.37749900 2249.36493156 0 47.08960094 0 -278.80446063 0 28.81506100 0 253.86515621 0 155424
0.37850000 0.37850200 2191.37916648 0 46.59046054 0 -306.58603083 0 -10.40223879 0 291.54759926 0 155313
0.37950000 0.37949900 2190.73697164 0 80.38862133 0 -251.65954911 0 -53.02779947 0 224.46924105 0 156100
0.38050000 0.38050000 2148.32996759 0 47.73998930 0 -291.17003299 0 -10.62769347 0 247.89495867 0 157557
0.38150000 0.38149800 2135.69644497 0 31.47109028 0 -252.79999856 0 -14.10990641 0 208.09770157 0 157692
0.38250000 0.38250100 2144.95290852 0 29.23470211 0 -289.92218198 0 22.70048034 0 126.82905187 0 159703
0.38350000 0.38350500 2113.91718205 0 57.64208011 0 -264.79575527 0 -20.22271550 0 137.63674812 0 160338
0.38450000 0.38450600 2094.33023945 0 54.67945816 0 -294.94458852 0 -21.87083104 0 131.58350814 0 160167
0.38550000 0.38550000 2063.62668272 0 58.36665305 0 -302.96205892 0 -10.48066407 0 213.07249711 0 160033
0.38650000 0.38649600 2071.16693593 0 11.49307316 0 -274.68887750 0 32.16975397 0 161.57511438 0 162444
0.38750000 0.38750200 2053.80553061 0 4.23430060 0 -290.78471608 0 54.82638791 0 208.28260940 0 164307
0.38850000 0.38850400 2097.20904390 0 5.69073206 0 -353.11193972 0 71.88252923 0 189.77078953 0 163882
0.38950000 0.38950500 2102.61233841 0 3.91133196 0 -385.05006066 0 39.01986917 0 205.25432856 0 164595
0.39050000 0.39050100 2111.60306616 0 34.90007855 0 -375.55664936 0 21.42993107 0 216.44180555 0 165006
0.39150000 0.39150100 2098.61522915 0 61.77039642 0 -403.78775595 0 -29.19307017 0 202.89924507 0 166687
0.39250000 0.39250100 2075.81731235 0 70.08383007 0 -390.16547473 0 -42.02678042 0 261.62242698 0 167256
0.39350000 0.39350100 2024.05419382 0 62.75638695 0 -372.17294690 0 -20.30310057 0 256.86464900 0 167937
0.39450000 0.39449600 2023.51164991 0 38.83473990 0 -369.50340938 0 11.76113415 0 282.73070701 0 167719
0.39550000 0.39549700 2016.29249413 0 14.03339664 0 -419.13731985 0 26.15327411 0 288.61011149 0 171636
0.39650000 0.39650400 2014.14446311 0 30.73378417 0 -410.38021815 0 72.28290450 0 291.13570878 0 171093
0.39750000 0.39750000 2020.68820708 0 12.25850298 0 -416.68812160 0 24.85803356 0 258.49781691 0 170464
0.39850000 0.39849800 2017.72082403 0 42.27524339 0 -422.06262806 0 -18.19437631 0 288.81827120 0 172113
0.39950000 0.39949500 1982.47761413 0 96.35579950 0 -404.74329758 0 -47.97594055 0 270.31641642 0 173232
