### header ###
fiducial parameters:
Omega_m = 0.31
Omega_nu = 0
Omega_de = 0.69
Omega_k = 0
H_0 = 100
w_de = -1
zeff = 0
beta = 0
fgrowth = 0
b_1 = 2
gamma = 0.55
Lx = 3500 Ly = 3500 Lz = 3500
nx = 700 ny = 700 nz = 700
xoffset = -685.467585 yoffset = -31.7331281 zoffset = 572.489161
bins = 400 dk = 0.001
kx_ny = 0.628318531 ky_ny = 0.628318531 kz_ny = 0.628318531
############################
A(data) = 8.01272654 (not used)
A(ran) = 8.01355312 (used)
Ngal = 476372
weighted Ngal = 0
Nran = 23820508
weighted Nran = 0
SN(data) = 3486.81544
SN(ran) = 69.8009539
SN(data+ran) = 3556.6164
############################
13 columns: k_central k_mean P_0(k) sigma^{lin}_{P_0(k)} P^img_1(k) sigma^{lin}_{P_1(k)} P_2(k) sigma^{lin}_{P_2(k)} P^img_3(k) sigma^{lin}_{P_3(k)} P_4(k) sigma^{lin}_{P_4(k)} N_modes
### header ###
0.00050000 0 0 0 0 0 0 0 0 0 0 0 0
0.00150000 0.00179520 16607.71216523 0 -19403.47418194 0 -9874.01139282 0 35992.80628797 0 -5430.53243055 0 3
0.00250000 0.00253879 36492.05741405 0 -25483.06629336 0 8362.09651116 0 -25642.83994050 0 -609.73410481 0 6
0.00350000 0.00331552 41824.93193970 0 -14932.02652718 0 -4883.52636754 0 -20719.53070988 0 41616.21861687 0 7
0.00450000 0.00420575 51671.77184742 0 -3262.33871224 0 7222.78750430 0 -19960.63356681 0 23932.83009550 0 24
0.00550000 0.00557378 47145.51618480 0 4896.63600012 0 5594.98967108 0 -2601.36520987 0 24450.35055753 0 45
0.00650000 0.00659388 54178.43546311 0 5569.05828636 0 15493.61484198 0 26863.78519825 0 2330.52507248 0 40
0.00750000 0.00754703 42076.27371308 0 -2876.47926464 0 3883.69543641 0 10371.71239342 0 5623.76664329 0 57
0.00850000 0.00846663 56025.07779636 0 -5629.19208245 0 8676.41766811 0 -6519.68380599 0 -21788.89584087 0 75
0.00950000 0.00948925 53786.14299479 0 35.47860752 0 18075.01665020 0 -21438.34603711 0 -12223.07153705 0 112
0.01050000 0.01054430 55331.83953947 0 6401.74140202 0 32279.25926705 0 -22366.87119640 0 9535.61900172 0 105
0.01150000 0.01145670 55721.91754283 0 2789.84939526 0 22890.92433007 0 -5208.15585890 0 15819.14119165 0 144
0.01250000 0.01249090 56085.86485962 0 330.43692573 0 36336.26980385 0 16000.50587218 0 20685.64939594 0 169
0.01350000 0.01339930 62469.39228731 0 -8386.77672318 0 12487.25720722 0 33235.46523839 0 -704.22643205 0 180
0.01450000 0.01448870 70154.13932769 0 -9891.32850884 0 15325.53695123 0 20416.14900985 0 -12436.98885254 0 267
0.01550000 0.01550050 78043.50293072 0 -1969.17975202 0 -8.08591951 0 7276.95331731 0 -25430.25130398 0 238
0.01650000 0.01653350 69973.54970990 0 6947.03125469 0 5393.09690034 0 -13864.43296816 0 -9625.36019437 0 315
0.01750000 0.01747870 66639.34053726 0 2945.74772870 0 -3602.48053067 0 -21446.53955748 0 -22324.79636209 0 297
0.01850000 0.01844180 71671.37999759 0 -10409.82333545 0 -1205.41078603 0 -8804.15907955 0 -36385.98454228 0 388
0.01950000 0.01947590 74055.03008455 0 -7470.36468724 0 5765.48132864 0 -15605.44532265 0 -34630.02454929 0 399
0.02050000 0.02045430 82732.18959843 0 -1223.17079504 0 8961.34180267 0 -1511.18410822 0 -44558.24604443 0 462
0.02150000 0.02154770 77235.77683520 0 3599.75673876 0 9599.98242589 0 -3724.37575460 0 -33392.80297406 0 571
0.02250000 0.02255340 79840.20907905 0 10160.81782260 0 18610.36355518 0 -1206.65088641 0 -21795.87140551 0 510
0.02350000 0.02348930 70496.27416459 0 6074.89744570 0 16305.21625119 0 1372.33715500 0 -22510.03635631 0 555
0.02450000 0.02439640 68140.52633618 0 6379.27565496 0 30614.75667706 0 2433.96273093 0 -9468.43213472 0 592
0.02550000 0.02547300 61845.24533729 0 6721.60979371 0 22963.33733438 0 1204.59143399 0 1138.12426811 0 837
0.02650000 0.02652900 60657.40633074 0 3787.07833005 0 27821.98418805 0 11111.29940201 0 11624.28021086 0 723
0.02750000 0.02749970 57030.22344340 0 -3746.23252379 0 16115.21515730 0 12119.43457675 0 -1369.04867453 0 826
0.02850000 0.02848090 61754.45227377 0 -4604.04981679 0 13687.94011056 0 9141.77640792 0 5613.92334652 0 831
0.02950000 0.02946900 62131.46493385 0 -2153.97685324 0 13859.00752900 0 3323.98941683 0 -1244.68432216 0 996
0.03050000 0.03053250 63361.82166770 0 3623.15256111 0 16596.19694742 0 3235.44403526 0 6509.64120738 0 1041
0.03150000 0.03150510 59402.35831255 0 1637.88472112 0 11965.30781527 0 -8194.64974293 0 7898.47612636 0 1036
0.03250000 0.03246190 60520.22022624 0 4738.88858843 0 22135.90250069 0 -6664.46552532 0 6324.87732313 0 1059
0.03350000 0.03345080 55308.14476436 0 4535.54534314 0 26983.58775279 0 -7612.10151725 0 9691.39553959 0 1302
0.03450000 0.03451200 54648.34492841 0 2220.42187448 0 31574.06289935 0 -5550.16890022 0 4085.08995254 0 1339
0.03550000 0.03553350 55039.64088751 0 332.76765010 0 29055.99478909 0 -1671.88783064 0 -1304.66310571 0 1365
0.03650000 0.03647120 50183.54066854 0 130.71211618 0 29050.56934993 0 3746.16608984 0 -43.29721897 0 1308
0.03750000 0.03744890 53831.09663355 0 381.57445790 0 25411.09618204 0 5614.00085280 0 -8841.92677950 0 1579
0.03850000 0.03847530 50138.80847628 0 528.73340537 0 18675.02593212 0 7196.63467308 0 -5870.59090815 0 1662
0.03950000 0.03950240 49434.94078755 0 1241.92731328 0 13776.85087885 0 10622.97666053 0 -10406.98882029 0 1683
0.04050000 0.04050350 48275.11476280 0 1053.90152214 0 10881.17220298 0 6386.53910004 0 -6076.32577560 0 1822
0.04150000 0.04152450 48585.69347396 0 1434.24252306 0 11436.49358193 0 2009.81518411 0 -754.58004362 0 1887
0.04250000 0.04250150 44200.05633655 0 2389.89487816 0 9590.99169813 0 4401.66986376 0 170.36100412 0 1920
0.04350000 0.04349210 44738.61421573 0 1884.56504576 0 11028.09088100 0 -1089.25656252 0 834.78132121 0 2005
0.04450000 0.04448520 42479.19561323 0 2852.35266886 0 13209.94784813 0 -2841.03675289 0 2955.87890591 0 2151
0.04550000 0.04548030 39472.83797847 0 2691.73752504 0 15299.29554141 0 -1413.96909632 0 5037.99637108 0 2274
0.04650000 0.04648670 38515.63549790 0 1146.45065637 0 15718.05086605 0 1077.43353408 0 7696.63871724 0 2311
0.04750000 0.04749250 38530.69385966 0 -260.60045140 0 15864.09483041 0 2797.53358868 0 4112.87041551 0 2568
0.04850000 0.04851840 37754.41316662 0 132.89336417 0 14996.46745762 0 5234.15367757 0 3798.54925856 0 2493
0.04950000 0.04949480 38112.38142801 0 -140.14020076 0 12539.96147336 0 2115.20157173 0 6327.32430691 0 2644
0.05050000 0.05050630 38774.72789866 0 -278.76460026 0 12930.92526270 0 1932.07639155 0 5864.32397230 0 2829
0.05150000 0.05149060 37743.78373479 0 -443.68798567 0 10456.88071593 0 80.60674613 0 7106.26235791 0 2784
0.05250000 0.05249300 38880.24715418 0 660.84838510 0 13581.53506905 0 1309.68994117 0 7251.03300491 0 3055
0.05350000 0.05348950 39185.62187268 0 620.66913280 0 13116.60814991 0 -494.21764721 0 6413.11267961 0 3009
0.05450000 0.05448610 37786.08001560 0 2136.44936306 0 13417.88610823 0 -45.56560616 0 4760.73428530 0 3336
0.05550000 0.05550870 36213.14555186 0 492.06629450 0 13502.92156284 0 -112.11946835 0 3802.55744014 0 3349
0.05650000 0.05647670 36291.64833483 0 -399.72642721 0 14004.27643062 0 -936.99880948 0 2601.87453681 0 3324
0.05750000 0.05747970 36204.06624551 0 843.12985413 0 14651.01092328 0 -471.03219904 0 1284.53361919 0 3639
0.05850000 0.05849280 36227.98246712 0 1326.23199445 0 13856.79306404 0 -3206.70028003 0 -324.45454863 0 3846
0.05950000 0.05951020 35402.42992864 0 1787.78185452 0 15427.95595581 0 -3287.04106891 0 -2010.68989777 0 3787
0.06050000 0.06049470 34321.54957985 0 1485.13092793 0 18597.40893514 0 -3575.76301088 0 -2825.46906420 0 3930
0.06150000 0.06148310 32441.13665590 0 1356.89126188 0 16878.31978380 0 344.02488274 0 -1408.76510365 0 4083
0.06250000 0.06249100 33151.09412327 0 -791.49296010 0 18116.20569852 0 4320.88618188 0 -2314.29304429 0 4303
0.06350000 0.06350600 32948.13840934 0 -1649.06776919 0 14281.52744408 0 6192.92842827 0 -5669.28497062 0 4470
0.06450000 0.06451750 34147.71408019 0 -26.70733325 0 11985.12727670 0 4897.05674847 0 -3192.71593378 0 4479
0.06550000 0.06550280 33235.46523839 0 1775.83481604 0 11286.46358064 0 1211.58914328 0 -3987.74207273 0 4636
0.06650000 0.06648880 31518.81199850 0 1378.58194620 0 9475.89488164 0 549.47629868 0 -422.68710718 0 4653
0.06750000 0.06749660 30215.26719760 0 602.55259493 0 8958.88374656 0 -349.54997283 0 136.24163520 0 5220
0.06850000 0.06852730 30240.73354469 0 734.44723541 0 10661.27583208 0 919.44142401 0 -872.72728560 0 5029
0.06950000 0.06949320 30635.79409422 0 -453.35191077 0 9813.16896795 0 -926.37380658 0 -2853.47097366 0 5040
0.07050000 0.07048030 29520.03592224 0 1147.58003350 0 9046.88658422 0 -519.61313141 0 -2490.92984213 0 5475
0.07150000 0.07148790 28897.21765119 0 1036.32531373 0 9402.70681459 0 -654.92026240 0 -1625.06296898 0 5509
0.07250000 0.07249820 27995.70896446 0 520.16674766 0 9674.90884793 0 794.49577459 0 -2501.49284000 0 5916
0.07350000 0.07351270 27498.56158010 0 291.87312561 0 8580.52026286 0 2780.96939075 0 -3584.97518513 0 5721
0.07450000 0.07449140 27256.85272931 0 -66.34459525 0 8124.97160285 0 1658.95535525 0 -2762.35681273 0 6028
0.07550000 0.07549160 26871.86799537 0 172.25437167 0 7506.72620195 0 1141.49025485 0 -2390.66994089 0 6183
0.07650000 0.07648840 26544.34862723 0 730.90630593 0 7669.84369118 0 80.31797989 0 -1698.31746998 0 6330
0.07750000 0.07749960 25659.22698123 0 1143.87080469 0 7710.45697861 0 -1654.91395669 0 511.27899252 0 6583
0.07850000 0.07848650 25860.74329293 0 522.29374125 0 8700.09029858 0 622.71419120 0 643.39729396 0 6549
0.07950000 0.07947320 25199.50405476 0 -187.52310759 0 8846.33356478 0 1357.33415487 0 1766.45655692 0 6828
0.08050000 0.08048110 25067.52194292 0 478.28125010 0 8829.26003991 0 1291.01092920 0 1629.02686127 0 7147
0.08150000 0.08149960 25032.64411974 0 660.14972141 0 9278.82964452 0 1200.36180591 0 1130.13004959 0 7386
0.08250000 0.08250610 23827.75373298 0 1105.33689986 0 8811.83220065 0 258.99939323 0 2655.88533727 0 7227
0.08350000 0.08350160 23223.09407463 0 492.55458402 0 8860.93796122 0 1299.39267909 0 2367.44020342 0 7798
0.08450000 0.08449610 22887.60263262 0 51.94725129 0 8346.24094202 0 535.77651118 0 3132.74822256 0 7371
0.08550000 0.08548940 22926.24504624 0 -231.74375845 0 7946.49679909 0 995.99215611 0 2436.58687192 0 8256
0.08650000 0.08650700 23368.03080650 0 -298.60731357 0 7375.25341705 0 68.18193683 0 1216.95922082 0 8037
0.08750000 0.08749060 22833.45896426 0 746.86706215 0 6450.64786074 0 -89.78116375 0 1663.65002098 0 8155
0.08850000 0.08849210 22185.61723912 0 956.16611097 0 6595.27456753 0 -552.68173672 0 1240.16681364 0 8718
0.08950000 0.08949900 21924.31037340 0 791.77198269 0 7224.62551022 0 -235.03002446 0 57.18268936 0 8571
0.09050000 0.09049190 20754.40853306 0 874.29401956 0 7127.49907691 0 3.33990035 0 598.84779505 0 8932
0.09150000 0.09150830 20316.27663999 0 202.77080610 0 7166.57331119 0 226.12787531 0 -73.92149785 0 9285
0.09250000 0.09250820 20050.20867460 0 468.00502543 0 7248.18741743 0 -6.45463390 0 1490.21312502 0 9204
0.09350000 0.09350330 20124.28252763 0 250.84130430 0 7461.08607904 0 766.03436365 0 193.92069687 0 9349
0.09450000 0.09448040 19571.10917969 0 408.38498522 0 7384.24414480 0 -530.02665291 0 790.58281500 0 9564
0.09550000 0.09549270 19340.14048398 0 233.68473699 0 7221.42560835 0 384.05798036 0 122.31707950 0 10155
0.09650000 0.09649430 19312.01677894 0 147.59851876 0 7202.72445173 0 203.99319076 0 829.33705910 0 9913
0.09750000 0.09749140 18914.07742496 0 396.88305419 0 6482.97904922 0 631.69163216 0 -125.42729555 0 10476
0.09850000 0.09850240 18645.46282486 0 -112.30105447 0 5293.18024118 0 1285.53012842 0 495.99364811 0 10575
0.09950000 0.09950330 18387.25621009 0 228.66122322 0 5317.78294692 0 1458.62378231 0 -381.91548550 0 10882
0.10050000 0.10051200 18366.77240917 0 263.64534072 0 4896.70243407 0 368.52350864 0 -436.64487985 0 10875
0.10150000 0.10150300 17428.83577378 0 1084.28398145 0 5230.94270337 0 -158.09065376 0 340.97445726 0 11118
0.10250000 0.10250800 16806.79256547 0 729.63409581 0 5102.99091777 0 -627.75209899 0 962.76300210 0 11575
0.10350000 0.10349800 16462.11109387 0 245.65613459 0 5708.15990306 0 -12.52634251 0 1874.85461689 0 11364
0.10450000 0.10450100 16630.18898461 0 91.79676976 0 5846.84077141 0 934.91499794 0 2048.47974237 0 12093
0.10550000 0.10551000 16526.44130106 0 -345.05239449 0 4777.28741090 0 1042.16375060 0 1831.29609106 0 12067
0.10650000 0.10649700 16777.45090470 0 -265.70147144 0 4601.80213485 0 951.97080710 0 1761.44079377 0 12054
0.10750000 0.10749900 16569.51264461 0 494.82883954 0 4051.37472347 0 251.85774372 0 1378.60409084 0 12807
0.10850000 0.10850100 16300.01225852 0 657.69720146 0 4100.03759105 0 -121.50437086 0 619.00274792 0 12736
0.10950000 0.10950300 15400.16442051 0 449.13778394 0 3677.66161619 0 -93.94181124 0 986.88516895 0 12933
0.11050000 0.11050200 15077.07398230 0 503.88821571 0 4163.11662554 0 -279.60831141 0 115.96820845 0 13428
0.11150000 0.11150900 14897.03798075 0 125.86797407 0 4269.36665450 0 -316.58655461 0 229.80720884 0 13453
0.11250000 0.11250000 14996.24601113 0 245.43579533 0 4794.88133504 0 -242.57913552 0 251.04835678 0 13668
0.11350000 0.11349100 14651.89670927 0 233.72127567 0 4913.95311614 0 -520.69600478 0 559.78241862 0 13791
0.11450000 0.11448600 14684.44934423 0 317.52770222 0 5564.72900736 0 -157.96221479 0 843.15753494 0 14205
0.11550000 0.11549300 14631.85580134 0 214.47978960 0 6037.61692803 0 -137.82497765 0 970.30546976 0 14776
0.11650000 0.11649800 14407.64122377 0 -70.50989312 0 6046.09832885 0 539.99506694 0 1560.93206363 0 14553
0.11750000 0.11747300 14474.73951217 0 -34.07242227 0 5822.20484869 0 601.76092371 0 1153.35978706 0 14568
0.11850000 0.11849100 14784.98605359 0 -184.74949023 0 5498.52757726 0 879.39946854 0 1707.86181398 0 16015
0.11950000 0.11950300 14643.26029591 0 202.72651680 0 5016.58249488 0 792.05321974 0 1338.90980637 0 15270
0.12050000 0.12050700 14495.88765257 0 265.27629417 0 4552.47492778 0 421.03843802 0 1284.46718524 0 15999
0.12150000 0.12150000 14115.88546480 0 322.64200905 0 4326.51092289 0 72.60389119 0 1196.24290108 0 15670
0.12250000 0.12250700 13833.98407491 0 251.22551397 0 4097.47988401 0 252.81660705 0 940.48216286 0 16887
0.12350000 0.12352200 13699.23388187 0 88.95815784 0 3998.05040714 0 153.76469645 0 850.07330902 0 16407
0.12450000 0.12449800 13556.62233821 0 -165.53679220 0 3554.09447121 0 470.59927114 0 682.70736876 0 16306
0.12550000 0.12549900 13555.51510572 0 -116.83849318 0 3624.20443196 0 476.24504956 0 251.53775353 0 17523
0.12650000 0.12650100 13549.53605032 0 369.47129964 0 3408.64841239 0 -33.46477309 0 -71.21918625 0 17154
0.12750000 0.12750600 13393.96988662 0 341.16600847 0 3767.28101327 0 -368.37071055 0 294.92355110 0 18007
0.12850000 0.12850300 12955.06293081 0 464.50949249 0 3892.74152579 0 -338.39903450 0 129.14648945 0 17496
0.12950000 0.12949900 13101.43906491 0 26.08595438 0 4097.72347516 0 -482.42672851 0 230.89229668 0 18405
0.13050000 0.13049000 12843.23245014 0 -139.98297375 0 4410.52772361 0 37.49521004 0 410.72235299 0 18100
0.13150000 0.13148800 12952.18412636 0 224.54564009 0 4225.19915080 0 3.62227785 0 -256.28003025 0 19059
0.13250000 0.13249300 12795.06783718 0 355.58771155 0 4378.44012629 0 221.65133438 0 186.52659836 0 18957
0.13350000 0.13349100 12591.33706052 0 180.28291439 0 4131.85945257 0 576.97995353 0 610.37962135 0 19468
0.13450000 0.13450700 12302.46010600 0 336.25986135 0 3771.32241183 0 607.53403387 0 679.71230490 0 19953
0.13550000 0.13551000 12311.87158209 0 37.46675417 0 3473.18899376 0 770.22966752 0 812.78393350 0 19956
0.13650000 0.13649900 12146.89394230 0 11.31093342 0 3504.19150325 0 130.08431536 0 830.62477048 0 19723
0.13750000 0.13749600 11975.93724710 0 306.56499342 0 3484.60456065 0 -43.44558812 0 714.08080113 0 20946
0.13850000 0.13851100 11809.18803533 0 314.63228928 0 3630.99176708 0 -320.00679575 0 469.32816825 0 20955
0.13950000 0.13949800 11436.49358193 0 297.09261953 0 3726.68987049 0 -386.86702916 0 628.96230409 0 20506
0.14050000 0.14048300 11514.88564165 0 63.40666458 0 3801.67165416 0 -26.55863193 0 470.74764029 0 21447
0.14150000 0.14148400 11396.19031959 0 0.96576582 0 3628.21261355 0 236.05532174 0 285.13450873 0 21771
0.14250000 0.14249400 11525.40435023 0 7.59592485 0 3535.11650647 0 173.10694068 0 269.79712439 0 22470
0.14350000 0.14350900 11465.72451945 0 111.35215624 0 3562.60908900 0 -33.46455164 0 4.95095683 0 22519
0.14450000 0.14449900 11370.72397251 0 126.55999437 0 3744.42773484 0 315.60997556 0 216.40858858 0 22218
0.14550000 0.14550500 11011.82563584 0 220.46881009 0 3404.23055479 0 316.21009557 0 613.29164277 0 23559
0.14650000 0.14650700 11096.57321000 0 126.81908678 0 3188.87383707 0 485.69970773 0 585.55768357 0 23044
0.14750000 0.14750500 10803.99809899 0 169.14083393 0 3351.78095213 0 -133.88544447 0 91.62891331 0 23649
0.14850000 0.14849900 10686.47644337 0 304.28298727 0 3317.09135847 0 -104.32853771 0 282.86246768 0 23640
0.14950000 0.14949500 10342.00534593 0 248.89478960 0 3318.14322933 0 -415.24207598 0 25.94666453 0 24457
0.15050000 0.15050000 10363.86211513 0 155.80311145 0 3194.75324155 0 -118.66874848 0 55.65559432 0 24591
0.15150000 0.15149900 10310.41600323 0 -69.14744356 0 3362.24429908 0 121.55087463 0 -230.41507948 0 25020
0.15250000 0.15250500 10339.24833705 0 3.06014699 0 3173.60510114 0 49.67044914 0 -364.26619974 0 25297
0.15350000 0.15350100 10258.66395702 0 195.10432840 0 3146.27860349 0 100.50360310 0 -468.00613267 0 25452
0.15450000 0.15450400 10014.80707522 0 440.60434321 0 3160.03043092 0 -123.20397272 0 -319.10883020 0 26061
0.15550000 0.15549900 9842.26703757 0 353.57254843 0 3318.36467582 0 156.98009958 0 -118.00551622 0 26128
0.15650000 0.15649500 9372.19148739 0 224.89220386 0 3431.20273805 0 203.66102102 0 15.92510334 0 26331
0.15750000 0.15749700 9312.60023522 0 153.92524516 0 3205.71484312 0 534.29724859 0 113.38503507 0 27345
0.15850000 0.15849900 9145.33062418 0 -18.09561117 0 3238.30069506 0 489.01697624 0 234.94587479 0 26980
0.15950000 0.15949700 9280.42405930 0 -90.17711008 0 2858.60853238 0 562.37887879 0 367.28562272 0 27777
0.16050000 0.16050000 9224.03270899 0 -17.93030136 0 2727.70043605 0 197.84915772 0 329.35515959 0 28224
0.16150000 0.16150500 9199.34142465 0 114.35164903 0 2568.76828560 0 402.97615454 0 646.51415339 0 28075
0.16250000 0.16249700 9118.94527414 0 139.45482386 0 2561.59341912 0 3.26663477 0 485.58566278 0 28590
0.16350000 0.16349900 8945.58588446 0 115.55742520 0 2165.82424080 0 213.87966959 0 507.10029714 0 29163
0.16450000 0.16449100 8807.75758511 0 122.76440143 0 2216.81229659 0 220.39351828 0 159.98845023 0 28996
0.16550000 0.16550500 8919.36661928 0 57.72600834 0 2098.03946826 0 -147.70149138 0 10.20767590 0 30777
0.16650000 0.16650700 8709.41319607 0 126.25661267 0 2144.45465390 0 -193.51323532 0 151.38968278 0 29211
0.16750000 0.16749900 8643.06782576 0 202.65454669 0 2082.03995890 0 -177.89239947 0 282.18373417 0 30922
0.16850000 0.16850800 8705.00641080 0 33.43177756 0 2127.96796225 0 -3.28048625 0 68.31701919 0 30867
0.16950000 0.16949900 8536.12024034 0 86.86548845 0 2330.51400015 0 199.48121840 0 -148.85744209 0 30852
0.17050000 0.17049200 8467.26145229 0 257.02187602 0 2310.15199481 0 -29.29914304 0 -178.52020028 0 31257
0.17150000 0.17149500 8136.76362878 0 297.73481437 0 2101.44974431 0 151.24020640 0 112.05635609 0 32608
0.17250000 0.17250900 7938.74617172 0 168.66250950 0 2083.42399950 0 76.12621917 0 108.81969410 0 32361
0.17350000 0.17350400 7898.79722378 0 57.59756937 0 2078.47467031 0 304.49668314 0 310.22107507 0 32508
0.17450000 0.17449800 7892.55243258 0 -45.50216174 0 2161.04099648 0 65.21865054 0 127.81670324 0 32791
0.17550000 0.17549800 7972.63855799 0 56.54769153 0 1952.09515483 0 -70.36030602 0 -15.44633602 0 33633
0.17650000 0.17650100 7826.02990507 0 138.29001529 0 2152.57066799 0 -219.61402662 0 97.20781490 0 33984
0.17750000 0.17750300 7758.96483364 0 131.60343833 0 2131.19000877 0 -122.83969324 0 142.56171820 0 34069
0.17850000 0.17849800 7749.98517821 0 157.82934689 0 2445.42258712 0 -146.91757079 0 32.96363966 0 34536
0.17950000 0.17950400 7671.55990152 0 55.94004234 0 2179.33247708 0 162.51294029 0 -151.89568802 0 35343
0.18050000 0.18050100 7484.89157740 0 100.93841330 0 2102.51268749 0 227.63481871 0 86.37830616 0 34990
0.18150000 0.18150500 7604.38410685 0 -18.01356525 0 1899.42410566 0 168.76658935 0 11.65196102 0 36243
0.18250000 0.18250200 7472.05875294 0 34.23485328 0 1768.06204402 0 420.56897145 0 9.42254842 0 35694
0.18350000 0.18350400 7466.14613149 0 76.80373472 0 1618.68530989 0 383.83210493 0 108.18170675 0 37087
0.18450000 0.18450600 7372.06458750 0 18.99844854 0 1403.06285637 0 116.35795429 0 65.78167826 0 36651
0.18550000 0.18550700 7416.18780191 0 122.13106445 0 1686.13791268 0 -10.99372238 0 -98.17885778 0 37818
0.18650000 0.18651000 7222.61034710 0 249.23913890 0 1661.87844901 0 -181.81975308 0 401.03074707 0 37267
0.18750000 0.18750100 7123.92271599 0 177.42846906 0 1896.47886726 0 -233.32710090 0 362.00080209 0 38334
0.18850000 0.18850000 7076.11241743 0 53.50867053 0 1880.37970698 0 -64.49662424 0 528.46545511 0 38223
0.18950000 0.18949500 6991.04374584 0 34.57986692 0 1941.57644625 0 111.02662989 0 392.38879755 0 39064
0.19050000 0.19050000 6996.65741453 0 51.83663876 0 1937.12537167 0 114.90637250 0 414.75821538 0 39609
0.19150000 0.19149800 7039.19728648 0 -16.30421974 0 1882.64953356 0 145.64314620 0 429.07694584 0 39576
0.19250000 0.19250400 6924.88660505 0 22.91871587 0 1712.35717785 0 232.75134001 0 228.44088396 0 40909
0.19350000 0.19350500 6994.83048093 0 8.09997029 0 1438.49429579 0 68.80320498 0 120.58868960 0 40191
0.19450000 0.19450100 6928.95014826 0 69.99503002 0 1506.62231040 0 79.66770226 0 189.37329307 0 41232
0.19550000 0.19549800 6990.27975543 0 4.67407120 0 1451.41569885 0 11.61365078 0 39.13435701 0 40873
0.19650000 0.19649700 6883.33217001 0 -21.69976363 0 1355.40757035 0 140.93187199 0 204.88340568 0 42816
0.19750000 0.19750200 6873.96498321 0 174.61609855 0 1292.38389748 0 -47.30916515 0 47.82768212 0 41727
0.19850000 0.19849000 6753.01090689 0 118.79497298 0 1349.89355259 0 154.28841742 0 150.20272956 0 42610
0.19950000 0.19949900 6712.97338035 0 68.84815862 0 1344.39060716 0 67.97853822 0 280.25493518 0 43863
0.20050000 0.20050100 6671.16428183 0 24.81629089 0 1294.58729012 0 163.96562931 0 409.77013305 0 43302
0.20150000 0.20150100 6684.18533582 0 22.13988854 0 1152.51829037 0 -7.92874786 0 56.25394275 0 44487
0.20250000 0.20249700 6632.00146895 0 140.69603147 0 1349.32886402 0 -310.91752430 0 137.61681794 0 43759
0.20350000 0.20349100 6500.62833498 0 210.18704926 0 1411.44460626 0 -179.28308346 0 17.75126187 0 45282
0.20450000 0.20449700 6395.28623665 0 143.05775835 0 1409.16370734 0 -80.00762263 0 130.94684947 0 45483
0.20550000 0.20549900 6224.44026470 0 74.43259636 0 1221.64281422 0 151.27453060 0 87.69137316 0 46138
0.20650000 0.20650200 6252.54182509 0 15.19388701 0 1217.98894703 0 303.00745545 0 -89.97349003 0 46227
0.20750000 0.20749300 6354.52900899 0 -69.36645414 0 1122.08046945 0 249.90680009 0 -134.49774404 0 46236
0.20850000 0.20850300 6202.30668739 0 83.91427100 0 1123.80775212 0 190.17050046 0 -47.30772574 0 48361
0.20950000 0.20950400 6168.32572252 0 237.93761696 0 1014.08212040 0 -65.20248495 0 274.10758044 0 46812
0.21050000 0.21050300 6040.08605647 0 177.27677821 0 1157.92158488 0 44.93791606 0 336.27979153 0 48813
0.21150000 0.21149700 5853.39558770 0 106.06434607 0 1160.71181074 0 41.27618752 0 308.17158775 0 47215
0.21250000 0.21249000 5865.26511991 0 71.07148144 0 1104.13001645 0 72.87903847 0 309.24560325 0 50004
0.21350000 0.21350300 5833.48754768 0 -9.55644604 0 1165.59470598 0 -101.76795187 0 162.76760376 0 49509
0.21450000 0.21449800 5885.52747433 0 8.08482335 0 1207.30415358 0 -214.48975469 0 127.49671305 0 49660
0.21550000 0.21550100 5868.28786458 0 108.19421847 0 1255.21410307 0 -219.43354772 0 -31.42325784 0 50841
0.21650000 0.21649800 5843.15368724 0 62.14264798 0 1237.69768520 0 -88.15951105 0 67.87634067 0 50424
0.21750000 0.21750300 5802.72862933 0 27.97301070 0 1357.09056372 0 -76.85245295 0 -65.83715060 0 52231
0.21850000 0.21850300 5866.84846236 0 46.80592798 0 1440.99664120 0 76.80462051 0 -287.99670470 0 51078
0.21950000 0.21950100 5686.35849549 0 143.58147932 0 1260.50667433 0 177.52701275 0 -89.16554249 0 52791
0.22050000 0.22050700 5602.88423868 0 162.21620199 0 1263.83944410 0 101.46888838 0 -24.41104380 0 52969
0.22150000 0.22150000 5529.08719376 0 50.73505317 0 1179.86693267 0 155.00147514 0 114.67938984 0 52704
0.22250000 0.22250100 5489.62542811 0 15.90672328 0 1213.33857060 0 80.11989600 0 6.77552094 0 54051
0.22350000 0.22349900 5509.21237071 0 32.88502616 0 1088.73173433 0 74.25798580 0 58.33631488 0 53938
0.22450000 0.22449800 5486.70233436 0 -22.17675938 0 1124.62710415 0 130.38548260 0 199.46239545 0 54735
0.22550000 0.22549100 5526.68449928 0 10.20773126 0 977.34525388 0 90.56497362 0 282.19037756 0 54774
0.22650000 0.22649900 5606.81491399 0 56.91341042 0 1079.41215853 0 58.24563254 0 275.97437441 0 56911
0.22750000 0.22749800 5489.21575209 0 50.55767452 0 922.96795947 0 136.33021379 0 369.79239706 0 54879
0.22850000 0.22849100 5472.86192833 0 111.45402162 0 1004.46137736 0 107.90888466 0 482.92498313 0 57210
0.22950000 0.22949800 5391.71285974 0 95.17382883 0 998.63069111 0 12.92195668 0 413.55133198 0 57375
0.23050000 0.23049600 5288.90632380 0 116.21512130 0 1017.81017216 0 104.34282101 0 546.25978832 0 57604
0.23150000 0.23150100 5164.01049984 0 123.35234187 0 966.80329342 0 -10.16913314 0 557.26125026 0 58629
0.23250000 0.23250200 5152.17418461 0 76.85477814 0 928.90494003 0 36.24580891 0 626.05138990 0 58560
0.23350000 0.23350400 5116.79810682 0 22.01012089 0 947.49758787 0 83.01608401 0 541.91168637 0 59305
0.23450000 0.23449700 5064.52566135 0 52.78586917 0 871.82599836 0 40.83982720 0 575.77307013 0 59196
0.23550000 0.23549300 5093.04797008 0 62.02461700 0 883.34564510 0 -30.54068282 0 411.98902694 0 60063
0.23650000 0.23649900 5011.35635757 0 74.19476282 0 835.16220919 0 98.68918123 0 500.81896727 0 61537
0.23750000 0.23750400 4949.71672530 0 80.15100924 0 825.72748121 0 -84.48870321 0 390.89071200 0 61224
0.23850000 0.23850100 4909.52418621 0 76.92087992 0 816.13220452 0 49.46395028 0 447.20787773 0 61221
0.23950000 0.23949400 4912.97875156 0 -16.29425465 0 851.01999279 0 -28.72216420 0 446.19808170 0 62332
0.24050000 0.24050100 4887.42382587 0 38.45706290 0 803.79209851 0 84.88354231 0 320.72981856 0 63447
0.24150000 0.24150500 4902.59291088 0 40.29739401 0 851.01999279 0 -121.68484976 0 243.60332557 0 63342
0.24250000 0.24250300 4873.09623756 0 68.50779535 0 938.85231665 0 -157.06203478 0 336.42041006 0 63379
0.24350000 0.24349600 4846.34550080 0 17.27249455 0 928.23617161 0 14.14057675 0 296.48917783 0 64266
0.24450000 0.24449500 4825.21950504 0 54.68754096 0 913.82664809 0 27.64471627 0 231.64742923 0 64695
0.24550000 0.24549600 4809.92862447 0 136.39664774 0 872.71842774 0 83.18681926 0 194.64925585 0 65947
0.24650000 0.24650000 4692.00836515 0 102.54401112 0 766.53151103 0 80.17658631 0 215.10869765 0 66018
0.24750000 0.24750000 4639.44803924 0 49.91304377 0 744.83196885 0 57.84835752 0 190.13506902 0 66303
0.24850000 0.24849600 4666.29842692 0 -42.03010212 0 704.80994356 0 41.52874725 0 77.65873964 0 66958
0.24950000 0.24949200 4652.18121278 0 83.76601257 0 773.16051190 0 -82.51129672 0 0.56286938 0 66975
0.25050000 0.25048900 4612.07725228 0 152.93759379 0 677.35832864 0 -185.16027348 0 71.44506168 0 68676
0.25150000 0.25150000 4516.46772747 0 89.59614520 0 761.60432649 0 -157.91792549 0 126.60981984 0 69349
0.25250000 0.25249900 4505.03001594 0 -3.82983965 0 740.24138298 0 60.52808158 0 55.54243516 0 68592
0.25350000 0.25349900 4565.57348805 0 -70.93673125 0 768.85005585 0 182.98456165 0 -175.47088203 0 70437
0.25450000 0.25450100 4572.20581061 0 -54.12329529 0 716.83227385 0 112.25676517 0 -131.95110933 0 70099
0.25550000 0.25550100 4571.34216928 0 99.14082136 0 687.70873788 0 85.15536788 0 -144.73743003 0 71064
0.25650000 0.25650300 4525.79062497 0 132.95647642 0 748.58437973 0 11.07265699 0 2.96145936 0 71409
0.25750000 0.25750600 4421.96543515 0 123.60811258 0 669.90001064 0 82.40245577 0 189.58256001 0 72612
0.25850000 0.25850600 4376.73498826 0 45.19512617 0 676.27988420 0 72.25013042 0 202.93246204 0 71845
0.25950000 0.25949600 4451.32924057 0 1.92489045 0 707.33111192 0 42.69399871 0 211.41718455 0 72816
0.26050000 0.26049800 4355.93008993 0 52.41904305 0 735.15364973 0 -22.91052234 0 270.97300529 0 73743
0.26150000 0.26149900 4379.93489014 0 142.36795252 0 656.33751997 0 -70.99596818 0 306.23725260 0 74662
0.26250000 0.26250300 4287.72456905 0 81.74896715 0 732.70888041 0 12.36723321 0 258.94846053 0 74931
0.26350000 0.26350100 4205.26896612 0 49.05848174 0 646.31928048 0 86.22661531 0 264.59313173 0 75087
0.26450000 0.26450200 4181.45239544 0 48.93513605 0 547.32605320 0 146.08161026 0 123.52064121 0 76678
0.26550000 0.26550600 4132.13626069 0 33.52821751 0 509.42105642 0 98.02229511 0 232.95174909 0 76035
0.26650000 0.26650100 4146.95103130 0 -47.13134361 0 424.93257466 0 149.07335243 0 170.86922383 0 77094
0.26750000 0.26750600 4126.89905106 0 27.86239817 0 496.37896501 0 84.50497953 0 294.46294239 0 78463
0.26850000 0.26850100 4150.83741731 0 97.60453629 0 396.92955796 0 87.26209913 0 277.14804084 0 77076
0.26950000 0.26949700 4061.45053905 0 85.00578078 0 472.89788577 0 -30.02670551 0 347.91901938 0 79149
0.27050000 0.27049900 3992.31494288 0 104.52695377 0 421.81017906 0 -37.19825029 0 377.24850059 0 79648
0.27150000 0.27150200 3992.27065359 0 68.24338823 0 542.46640984 0 -67.86371822 0 345.49418025 0 80241
0.27250000 0.27250500 3935.53606121 0 74.88988338 0 562.67783156 0 -89.11693498 0 297.80789172 0 80835
0.27350000 0.27350000 3917.69854593 0 54.23257913 0 570.69530197 0 -106.21614765 0 207.54629980 0 80680
0.27450000 0.27450400 3854.28734170 0 77.96998269 0 572.45580161 0 -60.71321085 0 268.38318851 0 82617
0.27550000 0.27550800 3842.70568994 0 34.08515544 0 515.74999729 0 45.65008799 0 118.59234944 0 82548
0.27650000 0.27649900 3829.18638133 0 13.95832628 0 584.30208193 0 21.84525397 0 38.67574131 0 81181
0.27750000 0.27748900 3868.61493001 0 21.61904638 0 448.18224231 0 46.17159449 0 146.44588975 0 84096
0.27850000 0.27849800 3876.05553229 0 -36.00576091 0 506.46917462 0 126.22339570 0 153.27751416 0 85215
0.27950000 0.27950200 3898.47699005 0 -0.36774845 0 429.58405831 0 106.31646291 0 254.72104692 0 84514
0.28050000 0.28050300 3945.18005613 0 10.24855492 0 349.99508028 0 73.67026680 0 191.52464578 0 85815
0.28150000 0.28150100 3895.04456935 0 50.19660601 0 351.83862237 0 98.89080827 0 107.12452117 0 85485
0.28250000 0.28250000 3892.25434350 0 90.82395530 0 265.18993003 0 -25.17824519 0 142.07342868 0 87220
0.28350000 0.28350400 3803.74217890 0 118.04426936 0 281.45406796 0 -46.99803282 0 165.38399412 0 87147
0.28450000 0.28449700 3752.47731499 0 96.39798506 0 223.56352488 0 -6.31818964 0 165.61097678 0 87102
0.28550000 0.28549800 3640.35895387 0 49.28070330 0 249.34764768 0 70.11704704 0 142.73223200 0 88971
0.28650000 0.28649900 3689.90760744 0 0.62095812 0 93.96428806 0 109.84853453 0 95.58848739 0 89434
0.28750000 0.28750100 3685.17972474 0 6.81466161 0 69.53807517 0 121.38700422 0 46.00550962 0 89619
0.28850000 0.28849900 3662.72505001 0 64.18383106 0 28.37980791 0 40.74803763 0 172.65961876 0 90240
0.28950000 0.28950100 3639.24064907 0 70.30483367 0 15.08139219 0 44.48129339 0 157.00113700 0 91333
0.29050000 0.29050500 3556.76290149 0 83.00346156 0 -27.98685110 0 -5.01718040 0 291.02941446 0 92139
0.29150000 0.29150600 3534.03141864 0 61.60652601 0 7.11991453 0 -9.17442869 0 233.03589876 0 92370
0.29250000 0.29250200 3505.80806268 0 26.51522841 0 17.69036409 0 9.15562789 0 310.24654142 0 91819
0.29350000 0.29349600 3487.38371418 0 21.29728462 0 21.63997307 0 2.19456800 0 225.16679751 0 93552
0.29450000 0.29450000 3518.10941555 0 35.68300264 0 -14.57272959 0 -76.76298857 0 227.43662410 0 94701
0.29550000 0.29550200 3490.70541163 0 40.83074789 0 61.33569695 0 -72.75923591 0 217.20801043 0 95020
0.29650000 0.29650300 3437.23715508 0 123.48853147 0 82.02821119 0 -103.10305280 0 217.00317242 0 95151
0.29750000 0.29749800 3431.20273805 0 64.88935960 0 173.36824755 0 -64.99421452 0 218.49461458 0 95802
0.29850000 0.29850000 3378.09986822 0 29.58613770 0 154.56411831 0 13.82335464 0 253.63595909 0 97399
0.29950000 0.29950700 3387.11274062 0 20.08220769 0 200.20202674 0 27.18100730 0 295.55135192 0 97881
0.30050000 0.30050300 3401.86107728 0 10.39680228 0 250.13488998 0 -6.52784411 0 116.07782447 0 97188
0.30150000 0.30149700 3396.81209716 0 67.57052305 0 261.72761406 0 -7.53550317 0 203.21591356 0 98263
0.30250000 0.30249700 3353.95112779 0 78.16186608 0 188.06454428 0 -22.42599741 0 174.88183435 0 100050
0.30350000 0.30350600 3315.50801602 0 27.65401702 0 226.44232933 0 9.37020954 0 192.58869620 0 100779
0.30450000 0.30450500 3331.14213866 0 29.55546736 0 249.24135337 0 6.48766264 0 168.08342691 0 99982
0.30550000 0.30550300 3296.56326826 0 38.89973445 0 169.55826058 0 137.44741137 0 219.70149798 0 101559
0.30650000 0.30649700 3300.99219818 0 29.88963012 0 96.81042916 0 57.53036036 0 193.13345458 0 100935
0.30750000 0.30749800 3261.05432256 0 12.70859298 0 88.93058776 0 99.55824801 0 272.49212825 0 103762
0.30850000 0.30850200 3288.39189254 0 45.31061052 0 88.01568156 0 16.46399339 0 200.75564298 0 102951
0.30950000 0.30950100 3248.38758297 0 82.81346046 0 111.87255550 0 -84.72410083 0 279.38797215 0 104394
0.31050000 0.31050000 3231.09261160 0 75.49476448 0 136.22281224 0 -28.20851905 0 412.69322680 0 103963
0.31150000 0.31149700 3182.45188867 0 38.13087221 0 133.95187842 0 -20.97806949 0 432.32335147 0 105936
0.31250000 0.31250000 3207.67464461 0 -1.95052288 0 113.97076106 0 130.39544769 0 354.65542180 0 105717
0.31350000 0.31349800 3197.77598622 0 12.39358534 0 114.91523036 0 40.14747473 0 337.13236054 0 106776
0.31450000 0.31450400 3216.01210520 0 70.50037092 0 120.63630060 0 -32.70576522 0 181.62820186 0 108733
0.31550000 0.31549900 3158.23671430 0 84.80869339 0 158.52690336 0 -127.31512693 0 266.67140709 0 105891
0.31650000 0.31650000 3066.20355040 0 128.35149653 0 211.59434175 0 -129.59048968 0 287.18178159 0 111072
0.31750000 0.31750600 3058.05431934 0 79.84530235 0 267.18737743 0 -73.87111877 0 319.47643139 0 108121
0.31850000 0.31849900 3014.78367395 0 26.76258415 0 235.41312690 0 9.50927794 0 329.22118446 0 110484
0.31950000 0.31950100 3007.19913145 0 23.73231029 0 279.25288979 0 131.46946320 0 251.76805789 0 110817
0.32050000 0.32049800 3005.64900597 0 35.67015874 0 254.68229378 0 30.85679770 0 187.84863394 0 111088
0.32150000 0.32149900 3003.01379266 0 74.95410286 0 234.53176984 0 -3.39157489 0 153.84995336 0 112635
0.32250000 0.32250100 2926.28258167 0 70.67088473 0 210.41735362 0 -41.42566391 0 238.80790169 0 113202
0.32350000 0.32350400 2892.50091865 0 41.27364089 0 158.09508269 0 -9.80745565 0 183.44517036 0 113863
0.32450000 0.32450300 2929.51570052 0 3.36514525 0 119.11274870 0 101.38329931 0 300.12090037 0 114045
0.32550000 0.32549900 2922.50691891 0 -3.96436840 0 57.33205502 0 117.18394972 0 122.17424651 0 114828
0.32650000 0.32650300 2928.60776988 0 34.63500710 0 5.74625977 0 76.29374344 0 160.91741829 0 116431
0.32750000 0.32750400 2895.45722938 0 75.67657205 0 -18.81675169 0 14.34718633 0 129.23949698 0 116442
0.32850000 0.32850400 2839.86308646 0 73.29303269 0 -23.82786446 0 6.85368048 0 208.54170180 0 116955
0.32950000 0.32949800 2828.81290629 0 41.75473340 0 -7.35459246 0 18.48159242 0 250.73168829 0 117028
0.33050000 0.33049700 2829.89799412 0 18.33931304 0 -31.33279694 0 44.25663592 0 201.40226675 0 119061
0.33150000 0.33150100 2800.52311638 0 48.10725832 0 19.44001285 0 -10.75121633 0 263.40285681 0 120060
0.33250000 0.33250400 2776.78405197 0 69.14345752 0 -25.24080383 0 10.35222510 0 280.86944921 0 119737
0.33350000 0.33350100 2767.01826148 0 46.41806444 0 14.91076766 0 21.58660447 0 353.56036888 0 120531
0.33450000 0.33450000 2742.90273802 0 22.49165630 0 -24.45599744 0 41.45101953 0 250.02305950 0 121704
0.33550000 0.33550300 2732.60547594 0 44.41198063 0 -35.61590435 0 12.75365734 0 208.84508350 0 122761
0.33650000 0.33650300 2700.06391330 0 67.07337567 0 -3.99735285 0 -41.54446995 0 245.08590986 0 122472
0.33750000 0.33749900 2659.25132402 0 47.85713450 0 -69.43211303 0 14.05288394 0 275.37314717 0 122985
0.33850000 0.33849800 2651.07994830 0 24.58565437 0 -86.10570552 0 31.68855074 0 246.21860869 0 125380
0.33950000 0.33950300 2651.84393872 0 14.11300666 0 -148.74893331 0 105.49700015 0 174.08019803 0 125223
0.34050000 0.34050000 2674.96295294 0 20.92259715 0 -175.28375974 0 46.32394968 0 156.61139116 0 125178
0.34150000 0.34149900 2642.41031797 0 80.70451475 0 -163.98777396 0 -68.24626704 0 97.69134332 0 127059
0.34250000 0.34250300 2622.18118053 0 49.26630928 0 -139.91432534 0 -122.02919906 0 189.98227094 0 127957
0.34350000 0.34349800 2616.10247420 0 18.22128206 0 -101.32583394 0 -80.66908331 0 227.15538705 0 126732
0.34450000 0.34449700 2631.10547433 0 13.01020311 0 -59.25343554 0 -9.05082833 0 238.27421563 0 129639
0.34550000 0.34550000 2653.22797932 0 14.41926716 0 -73.64037152 0 82.51661143 0 213.41463195 0 129826
0.34650000 0.34650400 2653.36084722 0 19.23019230 0 -83.03335683 0 76.30271202 0 196.01447350 0 130875
0.34750000 0.34750200 2649.02049589 0 57.68493001 0 -145.54460251 0 65.08899362 0 251.21333442 0 130686
0.34850000 0.34850200 2598.88500911 0 62.80100842 0 -147.89525707 0 37.46697561 0 187.70912265 0 132211
0.34950000 0.34950400 2554.15281684 0 83.06347356 0 -173.21987839 0 -45.33696265 0 284.56317677 0 132768
0.35050000 0.35050300 2532.12996278 0 51.22577860 0 -185.56884226 0 16.47871958 0 235.36108697 0 132957
0.35150000 0.35150100 2494.29582887 0 14.82174617 0 -207.08901278 0 3.52981286 0 259.15329854 0 133987
0.35250000 0.35249800 2512.21085043 0 42.29096609 0 -214.69569993 0 -3.00291414 0 188.29927756 0 134778
0.35350000 0.35349800 2488.34999044 0 42.55747695 0 -238.66839040 0 22.67567834 0 243.50035295 0 135699
0.35450000 0.35450100 2492.70141410 0 22.05596032 0 -267.75870939 0 28.98391395 0 232.86206326 0 137380
0.35550000 0.35550100 2479.54749221 0 27.06950899 0 -250.24893492 0 13.53480986 0 182.07220209 0 136161
0.35650000 0.35649900 2503.36406290 0 21.43701736 0 -294.69103228 0 2.66736734 0 185.99069784 0 138792
0.35750000 0.35750000 2485.64834319 0 24.31593253 0 -265.37483786 0 15.01695126 0 180.99043595 0 138097
0.35850000 0.35849800 2489.98869452 0 35.42689977 0 -293.60705168 0 5.94198526 0 252.85425295 0 140028
0.35950000 0.35950300 2487.88495280 0 53.29530684 0 -249.03208643 0 50.11068477 0 174.09127036 0 141099
0.36050000 0.36050500 2421.49529319 0 80.99926004 0 -310.80015766 0 10.60660069 0 230.03197704 0 140821
0.36150000 0.36150200 2380.97058435 0 90.20490162 0 -278.17776705 0 20.70657609 0 268.22485427 0 141756
0.36250000 0.36250400 2345.77166375 0 26.00302267 0 -330.33616757 0 3.86621224 0 368.45928915 0 142971
0.36350000 0.36349900 2352.81366234 0 14.24709251 0 -344.22086289 0 62.83787926 0 324.81439918 0 142270
0.36450000 0.36450000 2377.79282713 0 24.89291138 0 -374.26118736 0 13.43626617 0 258.68272474 0 145311
0.36550000 0.36550300 2319.15379489 0 51.10619750 0 -399.20049178 0 -24.96333137 0 233.54633293 0 145434
0.36650000 0.36650100 2333.00527324 0 61.04693072 0 -387.64209190 0 -62.49463719 0 215.16073757 0 144547
0.36750000 0.36749600 2311.75748191 0 32.48254715 0 -383.22866323 0 -31.90291095 0 216.99099287 0 146892
0.36850000 0.36849900 2316.16426719 0 9.10925699 0 -388.30200246 0 16.75995663 0 207.68470386 0 148113
0.36950000 0.36949900 2319.43060301 0 26.92567949 0 -402.83221432 0 -9.75028924 0 177.78389068 0 147387
0.37050000 0.37049800 2340.18013972 0 5.96959964 0 -420.37631299 0 50.46821014 0 163.41090584 0 149758
0.37150000 0.37150100 2332.11948725 0 26.24594947 0 -381.64199908 0 37.72064258 0 202.25594300 0 150099
0.37250000 0.37250000 2344.95231172 0 44.75179028 0 -430.45212858 0 -4.68168896 0 187.04256870 0 150468
0.37350000 0.37349800 2306.23239183 0 54.64923071 0 -389.95842225 0 -22.43319442 0 236.84145680 0 150709
0.37450000 0.37449700 2306.89673132 0 51.17595314 0 -415.80565731 0 12.38971003 0 294.09977014 0 153108
0.37550000 0.37550100 2291.66121236 0 41.36731275 0 -426.83701453 0 -28.48012318 0 260.54508977 0 153189
0.37650000 0.37649900 2260.33760545 0 53.21514320 0 -380.35982387 0 -26.67987388 0 271.63513031 0 153547
0.37750000 0.37749900 2258.28922536 0 52.48138024 0 -365.16527252 0 -45.19700846 0 202.23822728 0 155424
0.37850000 0.37850200 2208.15373858 0 78.22032796 0 -299.89723941 0 -77.87132828 0 267.10765669 0 155313
0.37950000 0.37949900 2188.40071111 0 95.66599367 0 -284.25093721 0 -59.12278211 0 228.37334278 0 156100
0.38050000 0.38050000 2143.61315721 0 53.38698569 0 -237.75935253 0 -63.83859597 0 303.39055789 0 157557
0.38150000 0.38149800 2132.27509660 0 26.59074167 0 -245.87536662 0 23.69920404 0 261.60138956 0 157692
0.38250000 0.38250100 2131.66611874 0 21.76940855 0 -211.69952884 0 -22.42511162 0 187.52642929 0 159703
0.38350000 0.38350500 2140.65684649 0 30.94327255 0 -209.43966734 0 -14.57217597 0 187.62940191 0 160338
0.38450000 0.38450600 2117.42710902 0 40.02844724 0 -245.72035407 0 -3.03633042 0 175.21621856 0 160167
0.38550000 0.38550000 2131.40038294 0 19.58052066 0 -249.22917381 0 -0.19190553 0 159.05394602 0 160033
0.38650000 0.38649600 2120.26162417 0 23.66388333 0 -233.50868703 0 15.92831431 0 129.71892865 0 162444
0.38750000 0.38750200 2121.29135038 0 50.41306996 0 -229.72970257 0 5.11246883 0 102.07775552 0 164307
0.38850000 0.38850400 2097.06510368 0 51.50557625 0 -267.98901375 0 -15.09512187 0 214.39342546 0 163882
0.38950000 0.38950500 2098.50450590 0 43.21395509 0 -237.72613555 0 48.42802357 0 224.89331109 0 164595
0.39050000 0.39050100 2074.28933153 0 33.82750245 0 -276.25561146 0 51.92178494 0 225.93410962 0 165006
0.39150000 0.39150100 2074.09002968 0 41.64478521 0 -261.12417236 0 34.12579088 0 262.59789879 0 166687
0.39250000 0.39250100 2071.11157430 0 19.98277822 0 -320.35446675 0 22.01333186 0 297.00182647 0 167256
0.39350000 0.39350100 2069.38429163 0 21.96649593 0 -299.23843608 0 -0.03251012 0 296.30980617 0 167937
0.39450000 0.39449600 2096.74400626 0 45.95955947 0 -342.61426856 0 -58.39156578 0 314.68100751 0 167719
0.39550000 0.39549700 2035.51405001 0 59.72179488 0 -262.24579886 0 -49.80940681 0 226.36039413 0 171636
0.39650000 0.39650400 2056.65111809 0 52.82838690 0 -253.39790410 0 -62.06835268 0 221.12318449 0 171093
0.39750000 0.39750000 2026.39045436 0 27.33856649 0 -250.59882039 0 -20.59175608 0 141.21089457 0 170464
0.39850000 0.39849800 2014.96381515 0 50.63030897 0 -236.32880816 0 -21.04904310 0 140.38822084 0 172113
0.39950000 0.39949500 2020.40032663 0 37.00736341 0 -228.25597614 0 29.69874324 0 174.48655235 0 173232
