### header ###
fiducial parameters:
Omega_m = 0.31
Omega_nu = 0
Omega_de = 0.69
Omega_k = 0
H_0 = 100
w_de = -1
zeff = 0
beta = 0
fgrowth = 0
b_1 = 2
gamma = 0.55
Lx = 3500 Ly = 3500 Lz = 3500
nx = 700 ny = 700 nz = 700
xoffset = -685.467585 yoffset = -31.7331281 zoffset = 572.489161
bins = 400 dk = 0.001
kx_ny = 0.628318531 ky_ny = 0.628318531 kz_ny = 0.628318531
############################
A(data) = 8.04390775 (not used)
A(ran) = 8.03693624 (used)
Ngal = 477733
weighted Ngal = 0
Nran = 23820508
weighted Nran = 0
SN(data) = 3498.19254
SN(ran) = 70.0046294
SN(data+ran) = 3568.19716
############################
13 columns: k_central k_mean P_0(k) sigma^{lin}_{P_0(k)} P^img_1(k) sigma^{lin}_{P_1(k)} P_2(k) sigma^{lin}_{P_2(k)} P^img_3(k) sigma^{lin}_{P_3(k)} P_4(k) sigma^{lin}_{P_4(k)} N_modes
### header ###
0.00050000 0 0 0 0 0 0 0 0 0 0 0 0
0.00150000 0.00179520 28812.07147334 0 -22915.06199817 0 -11070.67504225 0 35067.82427262 0 -4707.42104130 0 3
0.00250000 0.00253879 45436.72429554 0 -14519.13953469 0 32793.45803163 0 -31633.07839063 0 -36028.68062039 0 6
0.00350000 0.00331552 60522.32396795 0 -1042.81480330 0 8543.27296217 0 76930.84500970 0 29823.63906877 0 7
0.00450000 0.00420575 70073.97569601 0 1034.02337740 0 27533.77157302 0 45145.52215281 0 -1432.85848246 0 24
0.00550000 0.00557378 78409.88615897 0 4796.67505166 0 32343.47875100 0 38551.39910707 0 -34970.83070721 0 45
0.00650000 0.00659388 84347.42034297 0 -9672.82725087 0 37929.90951500 0 48235.80800970 0 -4130.29825477 0 40
0.00750000 0.00754703 72184.80369943 0 8023.82591563 0 19375.35047690 0 22126.60174784 0 -5429.13731763 0 57
0.00850000 0.00846663 79310.50905972 0 163.29021750 0 25390.05876489 0 -4400.18617223 0 -33403.32168264 0 75
0.00950000 0.00948925 71846.98706922 0 -4078.15867720 0 25312.33104466 0 -562.30358699 0 -13574.55950441 0 112
0.01050000 0.01054430 83492.74759022 0 731.03585213 0 22889.26348135 0 -9567.75088834 0 -7232.74152431 0 105
0.01150000 0.01145670 72808.06486348 0 8879.58375621 0 18140.56481313 0 -2922.83908865 0 -8548.26658066 0 144
0.01250000 0.01249090 79987.80316888 0 5502.89007324 0 25448.96353292 0 -9299.72312145 0 -11507.57790727 0 169
0.01350000 0.01339930 68184.59418895 0 2104.74929710 0 24188.93296856 0 2862.43955677 0 -5210.79107220 0 180
0.01450000 0.01448870 70052.05249287 0 2147.33345835 0 33057.64370180 0 15686.60546357 0 -2343.08108882 0 267
0.01550000 0.01550050 68632.24828137 0 -2532.55071112 0 32177.83677171 0 8125.30377259 0 6798.21920913 0 238
0.01650000 0.01653350 75070.69444017 0 1713.13224059 0 33962.03119299 0 15745.73167810 0 21557.04135917 0 315
0.01750000 0.01747870 73044.01610536 0 -3357.49427173 0 33582.80406795 0 11937.95917297 0 31844.55979467 0 297
0.01850000 0.01844180 80597.99898963 0 -6276.59091460 0 37437.85540006 0 14840.34767768 0 43261.01246868 0 388
0.01950000 0.01947590 81950.92635923 0 836.39345171 0 34806.51740690 0 22557.20446004 0 48503.42610056 0 399
0.02050000 0.02045430 83990.33786757 0 2735.94931804 0 31177.23077785 0 12428.02026944 0 29592.44892656 0 462
0.02150000 0.02154770 75788.95615115 0 7831.48856120 0 29555.79953141 0 3705.01025849 0 31908.33638562 0 571
0.02250000 0.02255340 75385.03774177 0 4627.68923028 0 23989.07750558 0 -5045.66949218 0 35662.74028513 0 510
0.02350000 0.02348930 66910.94466507 0 4660.99478333 0 24196.24070294 0 2592.66236256 0 21662.33916819 0 555
0.02450000 0.02439640 70645.08621015 0 -5512.26833236 0 21031.99171627 0 9223.66732228 0 11876.72921672 0 592
0.02550000 0.02547300 73853.51377285 0 -7342.88901161 0 10253.30495181 0 11590.39889691 0 -3499.69613938 0 837
0.02650000 0.02652900 75774.34068239 0 548.51743535 0 860.00739885 0 6003.45880597 0 -5148.47602812 0 723
0.02750000 0.02749970 76870.05794644 0 -3042.56413692 0 -3103.42870644 0 251.19894039 0 -15576.65727812 0 826
0.02850000 0.02848090 72199.75133794 0 5437.05402987 0 -4264.11837253 0 -2139.70462655 0 -4786.53280213 0 831
0.02950000 0.02946900 69033.17716306 0 5712.66633926 0 168.23622499 0 -1114.20804650 0 -7848.11919308 0 996
0.03050000 0.03053250 63926.51023345 0 5872.24068454 0 81.35744975 0 483.78087384 0 -185.92537112 0 1041
0.03150000 0.03150510 62123.49285998 0 3486.98511049 0 5035.43866405 0 -1842.04731845 0 1406.51742171 0 1036
0.03250000 0.03246190 56040.02543487 0 3212.96721587 0 5743.48061923 0 -1321.09443574 0 3303.97065356 0 1059
0.03350000 0.03345080 56353.26150399 0 2332.67310349 0 13464.72204221 0 -3244.52334161 0 4087.60337027 0 1302
0.03450000 0.03451200 54658.42074400 0 1311.22899432 0 14013.68790672 0 -992.09691224 0 2593.82495667 0 1339
0.03550000 0.03553350 55840.05924865 0 -1446.62138221 0 13384.22624078 0 -2532.81644691 0 5419.88085408 0 1365
0.03650000 0.03647120 55822.12208244 0 563.45178707 0 16198.58976318 0 -63.10029336 0 6222.74619900 0 1308
0.03750000 0.03744890 57545.64016371 0 1614.02386114 0 15728.34812814 0 2882.32545214 0 -1252.91105950 0 1579
0.03850000 0.03847530 53890.00140159 0 2791.41059305 0 13356.65615198 0 -503.11426020 0 102.23332169 0 1662
0.03950000 0.03950240 51532.81417094 0 2437.60552580 0 15064.23008551 0 1537.81304941 0 -46.97522383 0 1683
0.04050000 0.04050350 48699.95986609 0 1185.13735929 0 13706.43089300 0 -666.37236796 0 -5308.40468780 0 1822
0.04150000 0.04152450 47277.94118963 0 2056.99436016 0 13824.57259882 0 -1813.09318905 0 -9574.03996884 0 1887
0.04250000 0.04250150 45732.79826119 0 2485.88086201 0 14716.55908621 0 -1201.25866422 0 -4540.31751513 0 1920
0.04350000 0.04349210 44433.01805073 0 569.21493214 0 15228.54338582 0 2338.29784450 0 -4944.70096216 0 2005
0.04450000 0.04448520 43672.57078219 0 86.12076389 0 16375.96840678 0 314.79283799 0 -2768.95591832 0 2151
0.04550000 0.04548030 45163.90221201 0 1634.64052995 0 17249.13194198 0 -50.15641347 0 -4391.83763932 0 2274
0.04650000 0.04648670 42659.12089154 0 2364.42853107 0 16394.34846598 0 2244.10557727 0 -826.84800048 0 2311
0.04750000 0.04749250 40552.38964829 0 1690.72185516 0 18596.52314916 0 -853.17466720 0 2196.49458055 0 2568
0.04850000 0.04851840 40240.81442790 0 1291.19915873 0 17808.83796156 0 3189.85927398 0 218.51565199 0 2493
0.04950000 0.04949480 39755.40370785 0 -798.39766186 0 15378.13049412 0 3282.00316112 0 -1.73111370 0 2644
0.05050000 0.05050630 38998.61030649 0 -224.52349544 0 14409.74496548 0 1720.79428937 0 -3462.83637006 0 2829
0.05150000 0.05149060 40266.83439122 0 -171.12499454 0 14412.95593968 0 2486.32375500 0 -869.36129886 0 2784
0.05250000 0.05249300 38193.65229218 0 1274.01491061 0 14393.35792475 0 818.65780181 0 -2284.53063518 0 3055
0.05350000 0.05348950 38519.51081159 0 3341.73835352 0 13430.17638878 0 668.31223926 0 1217.11423336 0 3009
0.05450000 0.05448610 35530.86889654 0 1789.50913719 0 14444.06917242 0 -468.04488580 0 385.06556192 0 3336
0.05550000 0.05550870 34394.51620040 0 953.35706216 0 14868.13921297 0 3016.43345034 0 10109.38687382 0 3349
0.05650000 0.05647670 33978.52895697 0 104.70123216 0 16866.58311949 0 1068.53470662 0 9319.78617403 0 3324
0.05750000 0.05747970 34317.56354291 0 -545.00972285 0 15170.19223403 0 3440.71386507 0 8342.70887040 0 3639
0.05850000 0.05849280 34800.98124449 0 -615.63565394 0 15415.11205902 0 1544.81075870 0 8371.04294962 0 3846
0.05950000 0.05951020 34254.56201469 0 528.75001385 0 12643.70915691 0 1035.42845542 0 7043.82551825 0 3787
0.06050000 0.06049470 34389.53365423 0 488.39249712 0 13778.62245082 0 515.49311935 0 8087.00460104 0 3930
0.06150000 0.06148310 34026.58284668 0 57.00652867 0 13485.31656637 0 -272.96602375 0 5051.33852249 0 4083
0.06250000 0.06249100 33906.11595265 0 850.35565330 0 12657.43883968 0 783.38026771 0 4495.20886382 0 4303
0.06350000 0.06350600 33230.26124572 0 744.94047764 0 12779.89875218 0 -156.35119153 0 1799.55173580 0 4470
0.06450000 0.06451750 32652.39661344 0 365.90379658 0 12485.59635850 0 259.63605190 0 288.83930861 0 4479
0.06550000 0.06550280 32067.22424677 0 1034.97781180 0 12515.49163551 0 -715.08284653 0 317.74582702 0 4636
0.06650000 0.06648880 31520.02995423 0 561.83412041 0 11893.11625745 0 62.49020826 0 -176.70655348 0 4653
0.06750000 0.06749660 30564.26687589 0 -108.11770871 0 11482.33300668 0 1366.83420956 0 -883.15298665 0 5220
0.06850000 0.06852730 31079.57287295 0 427.93871085 0 9599.78312404 0 1938.71978645 0 -3777.97687905 0 5029
0.06950000 0.06949320 30141.30406782 0 961.51072216 0 9120.05250662 0 -88.00006958 0 -3624.12692569 0 5040
0.07050000 0.07048030 29745.91134854 0 565.57103004 0 9286.17059588 0 930.90017297 0 -4173.33638134 0 5475
0.07150000 0.07148790 28819.04703797 0 -84.53587131 0 7120.03632998 0 819.37639569 0 -773.60340489 0 5509
0.07250000 0.07249820 30152.70856238 0 -1289.40544211 0 7321.48620773 0 2073.54748576 0 -3494.85753343 0 5916
0.07350000 0.07351270 30505.02993811 0 -560.03929656 0 8113.69997618 0 -211.86893540 0 -3586.89069733 0 5721
0.07450000 0.07449140 31052.77784689 0 992.43572538 0 8952.26249632 0 -2056.86149226 0 -5909.70943173 0 6028
0.07550000 0.07549160 29268.58342561 0 2558.67032537 0 10607.89615413 0 -3775.43024434 0 -3383.82426015 0 6183
0.07650000 0.07648840 27837.70688930 0 2126.16317330 0 11670.23035885 0 -1439.55723897 0 -32.65726844 0 6330
0.07750000 0.07749960 26526.85435402 0 638.74802477 0 11599.25675677 0 688.29003493 0 -2141.76407897 0 6583
0.07850000 0.07848650 26067.46359729 0 557.41515558 0 11683.73859513 0 2565.71232395 0 -1869.49561168 0 6549
0.07950000 0.07947320 25261.06618075 0 273.83630848 0 10363.10919704 0 2237.04143403 0 -3046.35087200 0 6828
0.08050000 0.08048110 25279.55696320 0 623.46157312 0 9623.04607848 0 1933.39399821 0 -1583.24279814 0 7147
0.08150000 0.08149960 24027.16630296 0 250.86455618 0 8307.21099704 0 1374.61805391 0 -1287.62279781 0 7386
0.08250000 0.08250610 23953.97823591 0 148.63378113 0 7917.43194645 0 2040.50766850 0 -1014.04004556 0 7227
0.08350000 0.08350160 23794.64748177 0 257.05287852 0 6989.78150081 0 211.46036662 0 -836.41448913 0 7798
0.08450000 0.08449610 23669.41948807 0 552.37171162 0 7025.52296533 0 -383.08140131 0 -1235.61608814 0 7371
0.08550000 0.08548940 23188.76986769 0 423.80762646 0 7479.47721057 0 -780.14271993 0 -928.46979767 0 8256
0.08650000 0.08650700 22391.23031100 0 389.41587834 0 7313.60271246 0 -32.98799878 0 -185.63527621 0 8037
0.08750000 0.08749060 22803.67441050 0 361.53465721 0 8055.83600668 0 -276.16481839 0 -1101.82918735 0 8155
0.08850000 0.08849210 21848.90784139 0 403.82983079 0 7161.91186244 0 1327.09563579 0 -2350.72099295 0 8718
0.08950000 0.08949900 21565.34560278 0 859.66304955 0 7262.82503084 0 894.72467332 0 -1815.44052191 0 8571
0.09050000 0.09049190 20759.39107923 0 689.59656926 0 6345.31683475 0 -225.34616917 0 -1830.63175157 0 8932
0.09150000 0.09150830 20431.31809486 0 557.30221786 0 6259.58382367 0 779.57249520 0 -776.16775532 0 9285
0.09250000 0.09250820 20443.82982190 0 -298.56080980 0 5995.27635793 0 -374.28443924 0 95.05756942 0 9204
0.09350000 0.09350330 20210.42521472 0 1.03944992 0 5819.14888704 0 1082.17913250 0 -850.96241670 0 9349
0.09450000 0.09448040 20511.81389629 0 502.54624994 0 6208.14180257 0 319.15533397 0 -1191.02783609 0 9564
0.09550000 0.09549270 19783.03347672 0 569.58031886 0 6281.18592940 0 199.01839522 0 -1053.71550709 0 10155
0.09650000 0.09649430 19323.42127350 0 906.83668944 0 6682.15910038 0 -0.50265587 0 -86.36092261 0 9913
0.09750000 0.09749140 18650.55609427 0 294.27028394 0 5880.83280860 0 346.18620055 0 -1133.34102379 0 10476
0.09850000 0.09850240 18262.69255588 0 100.90862874 0 6327.53468109 0 83.05140472 0 -386.61679462 0 10575
0.09950000 0.09950330 18280.74044533 0 650.23888346 0 6359.14616844 0 -72.00952880 0 -825.54257339 0 10882
0.10050000 0.10051200 17733.10325980 0 573.47999166 0 6206.24843502 0 207.13773101 0 230.99084037 0 10875
0.10150000 0.10150300 17274.48756581 0 161.25401696 0 5867.63459742 0 38.03243924 0 -238.13913327 0 11118
0.10250000 0.10250800 17173.72940996 0 -51.54288999 0 5648.92296528 0 957.38849563 0 -998.26973332 0 11575
0.10350000 0.10349800 17146.49149091 0 43.49973179 0 5368.62706249 0 670.58870925 0 -1384.14025325 0 11364
0.10450000 0.10450100 17057.13782962 0 -61.87414411 0 5178.72561953 0 -610.45823485 0 -2000.96839658 0 12093
0.10550000 0.10551000 16846.21004183 0 348.32869540 0 5323.21945841 0 -512.72393091 0 -1686.66938427 0 12067
0.10650000 0.10649700 16730.06135448 0 450.66244307 0 5562.09379405 0 -712.03352828 0 -1603.78196068 0 12054
0.10750000 0.10749900 16299.68008878 0 386.02774694 0 5655.97603619 0 -181.09230134 0 -1973.12149966 0 12807
0.10850000 0.10850100 15882.03199662 0 611.27869412 0 5865.18761363 0 300.95132473 0 -1395.46724154 0 12736
0.10950000 0.10950300 15811.27984103 0 158.39292823 0 5964.47315028 0 301.67434754 0 -1362.81495565 0 12933
0.11050000 0.11050200 15684.61244510 0 284.01952562 0 6410.82070837 0 -206.31727174 0 -1563.46762602 0 13428
0.11150000 0.11150900 15470.36295986 0 138.75173123 0 6111.59113015 0 353.11415419 0 -1153.47051031 0 13453
0.11250000 0.11250000 15331.51600664 0 57.19497964 0 6192.61840317 0 663.77590779 0 101.03618193 0 13668
0.11350000 0.11349100 15267.96086218 0 -39.63582260 0 5267.42601365 0 1304.68525036 0 -160.66164758 0 13791
0.11450000 0.11448600 15295.64167422 0 -60.52841375 0 4553.06176100 0 1334.81304619 0 -356.91196160 0 14205
0.11550000 0.11549300 15173.62465472 0 135.02257223 0 4284.52466717 0 750.62500920 0 -663.39391258 0 14776
0.11650000 0.11649800 14645.91765386 0 561.04909258 0 3725.15081734 0 193.04155428 0 29.90446704 0 14553
0.11750000 0.11747300 14440.19385873 0 350.28849689 0 3807.46248004 0 289.56786759 0 686.95692703 0 14568
0.11850000 0.11849100 14061.29890344 0 143.56154913 0 3446.22788283 0 412.12078761 0 1224.62126959 0 16015
0.11950000 0.11950300 14457.90957844 0 -130.29579677 0 3732.27032219 0 768.70833009 0 1746.38243202 0 15270
0.12050000 0.12050700 14546.37745374 0 -290.84118494 0 3410.46427366 0 508.29832268 0 1507.27557756 0 15999
0.12150000 0.12150000 14496.77343856 0 220.76997733 0 3253.92374538 0 121.01829580 0 1716.94112033 0 15670
0.12250000 0.12250700 14524.23280411 0 351.17981904 0 3407.45260131 0 -843.89827347 0 1160.66752144 0 16887
0.12350000 0.12352200 14147.88448352 0 337.96167767 0 4124.42992262 0 -1037.84000776 0 1178.21715628 0 16407
0.12450000 0.12449800 13894.77113817 0 384.04912250 0 3821.04822259 0 -915.37566634 0 469.08457710 0 16306
0.12550000 0.12549900 13690.26529877 0 197.80708289 0 4156.40679670 0 -355.60985620 0 -368.84239159 0 17523
0.12650000 0.12650100 13387.10504523 0 83.37992060 0 4086.79509056 0 134.81219806 0 -1995.91941646 0 17154
0.12750000 0.12750600 13251.91195920 0 392.83833394 0 3895.63140257 0 304.25862816 0 -1802.25338306 0 18007
0.12850000 0.12850300 13161.56178868 0 198.76041005 0 3704.77773967 0 154.20205328 0 -1889.07148196 0 17496
0.12950000 0.12949900 12553.69115613 0 181.23624156 0 3809.13440109 0 457.86166867 0 -1709.83268779 0 18405
0.13050000 0.13049000 12688.77351892 0 195.62694213 0 3604.97180375 0 236.70526721 0 -1455.25779556 0 18100
0.13150000 0.13148800 12438.64970127 0 90.09473199 0 3833.64852823 0 384.45104789 0 -1104.40239564 0 19059
0.13250000 0.13249300 12531.98939949 0 14.85197362 0 3821.62398348 0 39.06969463 0 -1099.21058253 0 18957
0.13350000 0.13349100 12432.00630638 0 116.17858262 0 4080.25134659 0 61.36703163 0 -482.58506276 0 19468
0.13450000 0.13450700 12307.88554516 0 190.72743840 0 3878.05962308 0 73.23357431 0 -384.56398560 0 19953
0.13550000 0.13551000 12346.97085177 0 56.26634375 0 3888.14651099 0 -121.54866016 0 -543.59467974 0 19956
0.13650000 0.13649900 12111.57322612 0 196.80282302 0 4082.37723296 0 79.95735428 0 -832.16714532 0 19723
0.13750000 0.13749600 12019.89437663 0 358.04798213 0 3892.92975531 0 -20.38503578 0 -497.04219727 0 20946
0.13850000 0.13851100 11599.47820326 0 258.44577699 0 3582.96002201 0 370.65271670 0 -344.57628452 0 20955
0.13950000 0.13949800 11490.08363405 0 19.70109827 0 3626.13101648 0 248.18173188 0 -382.25872757 0 20506
0.14050000 0.14048300 11569.69364950 0 80.15565961 0 3443.38229535 0 498.61889633 0 -460.70061275 0 21447
0.14150000 0.14148400 11228.77676833 0 300.74648672 0 3512.59539779 0 158.80481871 0 1.41261827 0 21771
0.14250000 0.14249400 11095.24453102 0 289.86017696 0 3492.26660943 0 93.13951059 0 96.31206382 0 22470
0.14350000 0.14350900 10955.24605601 0 131.84813671 0 3354.63761193 0 138.66425987 0 517.53042712 0 22519
0.14450000 0.14449900 10896.55166215 0 51.78625969 0 3424.47076456 0 199.99275980 0 413.53915242 0 22218
0.14550000 0.14550500 10894.29290789 0 -66.31525359 0 3504.96656599 0 92.74943259 0 825.79059346 0 23559
0.14650000 0.14650700 10890.31794328 0 -61.40368102 0 3312.89494736 0 535.15646099 0 1183.18863012 0 23044
0.14750000 0.14750500 10881.71474689 0 75.49332508 0 3279.17971829 0 491.56028925 0 925.19681845 0 23649
0.14850000 0.14849900 10707.86817492 0 300.57708015 0 2954.25127416 0 412.06210429 0 1358.46353200 0 23640
0.14950000 0.14949500 10614.55062134 0 289.54572294 0 3038.66667858 0 -28.57623095 0 1140.06192495 0 24457
0.15050000 0.15050000 10382.33075292 0 162.81300030 0 2908.73294683 0 -183.68211811 0 1315.35897148 0 24591
0.15150000 0.15149900 10279.16990259 0 175.06231324 0 2881.55038940 0 -127.74251867 0 1266.69610390 0 25020
0.15250000 0.15250500 10222.03670652 0 83.71286541 0 3019.52262897 0 -169.66787659 0 1068.99863703 0 25297
0.15350000 0.15350100 10126.47147101 0 196.65223941 0 2951.27281879 0 55.60133993 0 815.37596474 0 25452
0.15450000 0.15450400 9882.99104825 0 255.10525659 0 2918.54302662 0 -43.36542449 0 636.75389907 0 26061
0.15550000 0.15549900 9881.42985045 0 161.42120907 0 2926.91370419 0 56.14310878 0 154.05922029 0 26128
0.15650000 0.15649500 9466.50555020 0 102.07199791 0 2809.19274671 0 96.98935793 0 123.40216734 0 26331
0.15750000 0.15749700 9526.76114186 0 282.93111609 0 3069.15986113 0 121.49108407 0 -236.29448395 0 27345
0.15850000 0.15849900 9253.67332253 0 187.61943682 0 2747.99600744 0 16.36024571 0 -98.54391233 0 26980
0.15950000 0.15949700 9173.94151151 0 155.45544045 0 2744.02104283 0 221.50296523 0 -111.83823130 0 27777
0.16050000 0.16050000 9059.52010684 0 -39.00791106 0 2601.96311541 0 2.67897113 0 -21.72135466 0 28224
0.16150000 0.16150500 9080.88969374 0 154.79110096 0 2734.12238444 0 222.28910029 0 197.86465897 0 28075
0.16250000 0.16249700 9195.45503864 0 -66.58674699 0 2565.51302210 0 120.59976192 0 326.71108842 0 28590
0.16350000 0.16349900 9126.70697384 0 -98.37683095 0 2322.54192628 0 254.02127599 0 258.95067500 0 29163
0.16450000 0.16449100 9172.56854324 0 7.89350465 0 2331.84267913 0 29.41772764 0 -4.60905451 0 28996
0.16550000 0.16550500 9162.19377488 0 157.08750113 0 2448.89929711 0 -13.72027130 0 -104.24959203 0 30777
0.16650000 0.16650700 8892.02904931 0 241.38110998 0 2361.59401592 0 91.64264300 0 -105.25473768 0 29211
0.16750000 0.16749900 8738.30089153 0 249.41961779 0 2424.07514487 0 -51.67752946 0 123.59704025 0 30922
0.16850000 0.16850800 8570.32265170 0 150.39206631 0 2335.81764374 0 134.26190352 0 123.08106992 0 30867
0.16950000 0.16949900 8441.16398269 0 149.68233029 0 2367.87202409 0 280.01798743 0 239.02824095 0 30852
0.17050000 0.17049200 8471.28070620 0 66.38799876 0 2149.42612774 0 100.51644700 0 774.18802364 0 31257
0.17150000 0.17149500 8334.49320539 0 29.43599698 0 2247.33869612 0 270.45260602 0 411.74432857 0 32608
0.17250000 0.17250900 8430.00307927 0 -0.18709461 0 2227.09848635 0 -53.77706369 0 571.63202064 0 32361
0.17350000 0.17350400 8264.70434206 0 241.08215721 0 2243.70697358 0 -63.65025573 0 203.31002832 0 32508
0.17450000 0.17449800 8118.42785888 0 258.94292437 0 2232.28033436 0 -178.30982611 0 149.01688357 0 32791
0.17550000 0.17549800 7926.74377162 0 110.32719113 0 2274.04514358 0 93.94546511 0 209.15621582 0 33633
0.17650000 0.17650100 7882.70913581 0 53.16830727 0 2236.00063550 0 -123.23608246 0 -85.56437956 0 33984
0.17750000 0.17750300 7931.64881151 0 -82.96946952 0 2136.15041029 0 145.27000885 0 -46.58093834 0 34069
0.17850000 0.17849800 7939.38836656 0 -51.41090787 0 2010.76740404 0 205.45141594 0 -172.25215720 0 34536
0.17950000 0.17950400 8064.12917797 0 11.57711211 0 2080.64484597 0 119.52021025 0 -13.18891043 0 35343
0.18050000 0.18050100 7992.60195964 0 36.71516476 0 2155.60448499 0 114.77129014 0 -327.47729330 0 34990
0.18150000 0.18150500 7918.04092431 0 267.17076894 0 1950.34572751 0 -40.99351107 0 6.74843804 0 36243
0.18250000 0.18250200 7727.61908208 0 188.69566679 0 1922.90850660 0 160.89970257 0 27.70760707 0 35694
0.18350000 0.18350400 7532.21469368 0 139.57219050 0 1835.29320031 0 94.38957606 0 -39.21518498 0 37087
0.18450000 0.18450600 7480.04189913 0 143.68113024 0 1836.01290143 0 59.92076456 0 -94.63117419 0 36651
0.18550000 0.18550700 7348.79056073 0 147.32503234 0 1719.36595946 0 73.42645420 0 -403.31607491 0 37818
0.18650000 0.18651000 7218.95647991 0 89.47667482 0 1634.91733807 0 -28.29045425 0 -120.12808089 0 37267
0.18750000 0.18750100 7217.66101791 0 39.61965701 0 1664.24792652 0 66.31447853 0 -177.92783091 0 38334
0.18850000 0.18850000 7245.27539600 0 19.24015739 0 1704.83906930 0 55.32851784 0 -130.22714835 0 38223
0.18950000 0.18949500 7317.11263943 0 -70.86143944 0 1597.06105952 0 -77.98227297 0 28.23387467 0 39064
0.19050000 0.19050000 7366.56164207 0 10.94625533 0 1690.50040866 0 171.55127904 0 -124.14069140 0 39609
0.19150000 0.19149800 7263.54473196 0 97.47654022 0 1657.25021723 0 32.94492744 0 106.22334466 0 39576
0.19250000 0.19250400 7153.26437676 0 184.18369443 0 1599.48589865 0 230.47376280 0 -62.58443374 0 40909
0.19350000 0.19350500 7044.32377287 0 119.90220546 0 1504.89502773 0 301.40418282 0 424.99679414 0 40191
0.19450000 0.19450100 6928.42974899 0 1.73053794 0 1245.62546977 0 284.65839876 0 285.86749663 0 41232
0.19550000 0.19549800 7013.85273497 0 -29.24898541 0 1305.52674704 0 263.69184449 0 491.07532143 0 40873
0.19650000 0.19649700 6981.59905277 0 -10.79735470 0 1229.75882831 0 12.22628251 0 191.06292984 0 42816
0.19750000 0.19750200 6996.12594294 0 76.99506449 0 1226.85787921 0 -173.31620762 0 282.43729040 0 41727
0.19850000 0.19849000 6892.30075311 0 160.06817097 0 1401.84490064 0 -192.95740461 0 328.19699441 0 42610
0.19950000 0.19949900 6820.43029271 0 187.03813977 0 1465.17859860 0 -197.64874864 0 382.57428883 0 43863
0.20050000 0.20050100 6749.17988251 0 84.20348012 0 1456.73041477 0 -20.61157554 0 258.60743293 0 43302
0.20150000 0.20150100 6628.04864899 0 75.91064100 0 1379.89955285 0 228.36780662 0 365.52290861 0 44487
0.20250000 0.20249700 6689.12359269 0 27.75433228 0 1248.47105725 0 287.29693377 0 86.33789218 0 43759
0.20350000 0.20349100 6567.15086249 0 39.71897576 0 1305.22779427 0 137.52934657 0 199.48232563 0 45282
0.20450000 0.20449700 6572.19984260 0 87.40371416 0 1174.47471049 0 -77.66892618 0 233.39132039 0 45483
0.20550000 0.20549900 6431.96884878 0 111.90909417 0 1256.52063739 0 -65.26028248 0 351.21303601 0 46138
0.20650000 0.20650200 6376.08682542 0 142.07342868 0 1247.49669267 0 -165.69955538 0 244.23887701 0 46227
0.20750000 0.20749300 6356.32272561 0 59.57076837 0 1439.87833639 0 31.88541667 0 162.53176325 0 46236
0.20850000 0.20850300 6192.78448804 0 138.62993566 0 1325.97733098 0 -18.93732931 0 135.57065231 0 48361
0.20950000 0.20950400 6216.51248013 0 62.59816342 0 1389.89786216 0 107.35947591 0 205.92531144 0 46812
0.21050000 0.21050300 6174.20512700 0 3.92634603 0 1334.10441740 0 32.84981616 0 202.36002285 0 48813
0.21150000 0.21149700 6142.50506104 0 67.27300969 0 1273.23984787 0 130.35669455 0 224.06620843 0 47215
0.21250000 0.21249000 6152.82446777 0 68.77319898 0 1219.62765110 0 42.65092737 0 218.94193650 0 50004
0.21350000 0.21350300 6080.25645091 0 49.51654382 0 1233.02516413 0 197.77165145 0 315.82256420 0 49509
0.21450000 0.21449800 6048.60067425 0 37.59231433 0 1231.25359216 0 111.61346310 0 362.11484703 0 49660
0.21550000 0.21550100 6051.04765804 0 68.16577124 0 1110.45452839 0 75.83501702 0 265.90409498 0 50841
0.21650000 0.21649800 6003.14878087 0 18.45225076 0 1125.84505988 0 -44.03530014 0 426.30000677 0 50424
0.21750000 0.21750300 5961.36182701 0 54.96346329 0 1241.20761217 0 -41.65497175 0 246.46330707 0 52231
0.21850000 0.21850300 5979.17719764 0 146.35398945 0 1327.02920184 0 -208.36122290 0 58.38802264 0 51078
0.21950000 0.21950100 5852.34371684 0 201.78758366 0 1342.46402264 0 -200.34485973 0 246.69361142 0 52791
0.22050000 0.22050700 5725.01198143 0 178.11163150 0 1409.31871989 0 -112.35530886 0 315.60776110 0 52969
0.22150000 0.22150000 5614.95307273 0 72.72413664 0 1275.54289143 0 14.21952243 0 188.37899830 0 52704
0.22250000 0.22250100 5645.03657926 0 68.15182011 0 1460.25141406 0 124.35217281 0 154.86307108 0 54051
0.22350000 0.22349900 5517.19551691 0 126.19460766 0 1370.91989742 0 87.91381617 0 251.05278571 0 53938
0.22450000 0.22449800 5511.52648660 0 -0.63984529 0 1286.23875721 0 119.74387122 0 139.90325301 0 54735
0.22550000 0.22549100 5488.79500375 0 -6.43901085 0 1239.25888300 0 121.36928850 0 117.23709688 0 54774
0.22650000 0.22649900 5469.72846041 0 28.42033262 0 1190.09776081 0 32.80729844 0 -56.08287533 0 56911
0.22750000 0.22749800 5489.30433069 0 54.21896017 0 1184.15192238 0 58.42112889 0 63.91754165 0 54879
0.22850000 0.22849100 5378.93539690 0 110.86608118 0 1070.01175475 0 20.31306567 0 51.85623678 0 57210
0.22950000 0.22949800 5315.36918011 0 119.90331269 0 1032.23851864 0 102.00744626 0 135.60719098 0 57375
0.23050000 0.23049600 5199.55266251 0 109.21552972 0 942.56597439 0 164.31219308 0 6.37713870 0 57604
0.23150000 0.23150100 5104.49675394 0 92.40740847 0 867.99275951 0 163.39540458 0 198.06728252 0 58629
0.23250000 0.23250200 5066.09793147 0 97.74792290 0 818.05768181 0 237.29431489 0 199.95511390 0 58560
0.23350000 0.23350400 4993.74028878 0 -16.49056697 0 697.36823405 0 130.36223072 0 284.45356075 0 59305
0.23450000 0.23449700 4993.86208436 0 -47.50370589 0 538.27774936 0 157.44513722 0 396.35933323 0 59196
0.23550000 0.23549300 5076.33983193 0 37.19204979 0 677.03169506 0 13.82844791 0 159.51455473 0 60063
0.23650000 0.23649900 5059.93064655 0 30.47369526 0 535.76100993 0 -19.20040774 0 249.24356783 0 61537
0.23750000 0.23750400 4991.42617290 0 70.46505021 0 571.12601540 0 33.90910548 0 91.38432566 0 61224
0.23850000 0.23850100 4990.54038691 0 35.79239721 0 451.47736618 0 -38.61506497 0 266.16761632 0 61221
0.23950000 0.23949400 4992.14587401 0 -24.95547002 0 506.26322938 0 88.80757423 0 108.83663476 0 62332
0.24050000 0.24050100 5014.92164616 0 17.25876486 0 397.48317420 0 99.61992086 0 88.89615282 0 63447
0.24150000 0.24150500 5049.53373354 0 10.86704392 0 396.29843544 0 41.78961122 0 68.92178958 0 63342
0.24250000 0.24250300 4962.18416305 0 59.16419261 0 474.82668476 0 -99.61394180 0 67.97554870 0 63379
0.24350000 0.24349600 5001.13660176 0 162.39114472 0 462.99590569 0 -204.72950036 0 124.84046233 0 64266
0.24450000 0.24449500 4891.44307978 0 78.22641774 0 564.56344848 0 -197.97981115 0 56.52499326 0 64695
0.24550000 0.24549600 4806.30797425 0 101.63253734 0 695.52247751 0 -64.03479757 0 92.02917786 0 65947
0.24650000 0.24650000 4819.90478913 0 75.70491721 0 749.77354742 0 -123.19843656 0 -176.05328631 0 66018
0.24750000 0.24750000 4742.52031097 0 122.59167316 0 796.72352635 0 -101.52878966 0 -147.66384548 0 66303
0.24850000 0.24849600 4656.65443200 0 104.00710812 0 766.18605450 0 -50.04879048 0 -231.66514495 0 66958
0.24950000 0.24949200 4607.63725003 0 50.82230309 0 663.23668557 0 150.96893444 0 -85.51820797 0 66975
0.25050000 0.25048900 4618.57670695 0 -14.83680453 0 630.75269901 0 197.06745159 0 -169.44643009 0 68676
0.25150000 0.25150000 4623.01670920 0 -26.28824575 0 528.58060728 0 290.50126457 0 -105.10980095 0 69349
0.25250000 0.25249900 4659.81004458 0 38.09986970 0 486.86894523 0 99.19872962 0 -154.41021299 0 68592
0.25350000 0.25349900 4581.31833394 0 68.04906893 0 500.93190498 0 8.72928802 0 11.18216228 0 70437
0.25450000 0.25450100 4569.01698106 0 79.12338677 0 561.07788063 0 -42.39903198 0 85.20552552 0 70099
0.25550000 0.25550100 4474.48147176 0 115.65929059 0 549.03783462 0 -21.18988307 0 163.02337447 0 71064
0.25650000 0.25650300 4450.25522506 0 65.13560810 0 625.18442686 0 -88.29381835 0 83.90375229 0 71409
0.25750000 0.25750600 4385.21638907 0 89.99187009 0 582.23709336 0 16.28650402 0 280.75540426 0 72612
0.25850000 0.25850600 4370.53448636 0 53.32952032 0 576.15285087 0 -11.44966965 0 96.96090205 0 71845
0.25950000 0.25949600 4334.20618864 0 71.32603419 0 546.67278604 0 -6.91209807 0 234.26381958 0 72816
0.26050000 0.26049800 4247.21093253 0 80.75068635 0 569.65228897 0 43.14641391 0 -26.13090802 0 73743
0.26150000 0.26149900 4233.82449183 0 89.79600066 0 478.63335003 0 51.90274054 0 134.71476160 0 74662
0.26250000 0.26250300 4139.98653899 0 88.83636227 0 483.81298358 0 2.82487116 0 64.44502720 0 74931
0.26350000 0.26350100 4092.39768692 0 65.72199843 0 483.45645472 0 45.23697956 0 -62.48976536 0 75087
0.26450000 0.26450200 4088.34521604 0 -10.54460675 0 453.50470885 0 111.89580738 0 80.14680175 0 76678
0.26550000 0.26550600 4089.82890756 0 -12.93823300 0 375.92314331 0 80.62324389 0 74.66810471 0 76035
0.26650000 0.26650100 4148.21327633 0 13.55330064 0 438.43970370 0 35.51592126 0 61.55492898 0 77094
0.26750000 0.26750600 4168.54206470 0 2.48214949 0 391.38453769 0 -66.87152719 0 37.50506441 0 78463
0.26850000 0.26850100 4150.17307782 0 71.89360156 0 432.09083265 0 -56.63405566 0 73.92393376 0 77076
0.26950000 0.26949700 4159.73956647 0 66.70721389 0 451.39543097 0 -76.88268040 0 205.15799933 0 79149
0.27050000 0.27049900 4124.87281561 0 -1.23857240 0 462.49432937 0 -35.56486093 0 32.16920036 0 79648
0.27150000 0.27150200 4137.27381941 0 24.59739103 0 492.63984092 0 55.31977071 0 108.68605114 0 80241
0.27250000 0.27250500 4157.66904173 0 29.87069645 0 422.08034378 0 114.99605833 0 136.13755534 0 80835
0.27350000 0.27350000 4102.89425085 0 17.47556098 0 360.62561934 0 164.00991861 0 220.74229651 0 80680
0.27450000 0.27450400 4133.67531384 0 10.52088983 0 321.10295590 0 155.08894650 0 278.03825575 0 82617
0.27550000 0.27550800 4117.62044286 0 46.40200957 0 306.89716316 0 148.73675375 0 215.18398946 0 82548
0.27650000 0.27649900 4081.46930232 0 80.24257736 0 225.45910689 0 -54.74533849 0 208.99455988 0 81181
0.27750000 0.27748900 3951.54664290 0 133.44476595 0 278.59851539 0 -40.22509173 0 325.06463372 0 84096
0.27850000 0.27849800 3958.73258171 0 76.46912906 0 277.42484896 0 -126.85894714 0 155.30485684 0 85215
0.27950000 0.27950200 3835.42010020 0 69.67404332 0 281.93571409 0 -38.91900029 0 163.44965897 0 84514
0.28050000 0.28050300 3812.05749484 0 113.21119957 0 249.89462053 0 -17.31910903 0 150.07982675 0 85815
0.28150000 0.28150100 3743.19870679 0 43.30286586 0 172.46806754 0 153.20997298 0 117.99001496 0 85485
0.28250000 0.28250000 3738.03900342 0 28.57091624 0 156.67118172 0 102.28923693 0 69.54682231 0 87220
0.28350000 0.28350400 3742.97726029 0 24.03104162 0 115.15882151 0 84.34276997 0 110.09101844 0 87147
0.28450000 0.28449700 3701.87679057 0 61.25497970 0 178.18360161 0 3.95255422 0 172.97296555 0 87102
0.28550000 0.28549800 3676.77583020 0 71.70315757 0 142.04574787 0 -95.15810613 0 225.50118172 0 88971
0.28650000 0.28649900 3662.40395259 0 25.66011277 0 187.08464353 0 -89.25168517 0 265.67157616 0 89434
0.28750000 0.28750100 3648.22030450 0 61.62125221 0 239.99153321 0 -14.41018786 0 189.16402613 0 89619
0.28850000 0.28849900 3611.42696912 0 90.08055941 0 180.66490960 0 -49.06457152 0 143.66120006 0 90240
0.28950000 0.28950100 3575.22046697 0 50.78820033 0 149.93477930 0 29.23846670 0 156.59588991 0 91333
0.29050000 0.29050500 3543.54254566 0 26.37627074 0 189.53716348 0 28.59627186 0 28.86510791 0 92139
0.29150000 0.29150600 3524.05525398 0 62.51257435 0 164.25240252 0 59.78302484 0 60.79669618 0 92370
0.29250000 0.29250200 3535.14972345 0 39.95005518 0 116.70119636 0 27.34609567 0 111.08531321 0 91819
0.29350000 0.29349600 3485.25782781 0 31.84422762 0 170.58466509 0 27.55558405 0 222.92354450 0 93552
0.29450000 0.29450000 3526.13685105 0 6.28898085 0 168.31594573 0 10.20920388 0 174.75228815 0 94701
0.29550000 0.29550200 3517.29006352 0 -7.22119309 0 145.17367963 0 80.80228338 0 277.16354209 0 95020
0.29650000 0.29650300 3537.47491166 0 49.88536296 0 179.53774693 0 54.75641082 0 244.91650329 0 95151
0.29750000 0.29749800 3512.89435056 0 41.30641497 0 82.04592691 0 108.21957410 0 304.58083281 0 95802
0.29850000 0.29850000 3454.75357294 0 79.75273771 0 65.08345745 0 51.11394812 0 202.89813784 0 97399
0.29950000 0.29950700 3433.88224066 0 88.21830510 0 46.87800882 0 -53.28844199 0 200.78553826 0 97881
0.30050000 0.30050300 3337.51979776 0 73.31916338 0 27.61781052 0 -97.83926958 0 109.93478794 0 97188
0.30150000 0.30149700 3341.11830333 0 69.45558635 0 73.32027061 0 -54.98250769 0 157.03324674 0 98263
0.30250000 0.30249700 3299.12097529 0 45.59040816 0 45.74630650 0 -10.28458427 0 219.55091436 0 100050
0.30350000 0.30350600 3312.07559533 0 -29.79551536 0 -19.96506250 0 43.81905764 0 70.82490077 0 100779
0.30450000 0.30450500 3318.15430165 0 8.27924230 0 72.09777523 0 86.69253874 0 140.43693907 0 99982
0.30550000 0.30550300 3314.68866398 0 88.59908235 0 33.42956309 0 1.36364538 0 89.10918435 0 101559
0.30650000 0.30649700 3229.88572820 0 85.97660222 0 32.29775005 0 -14.01047693 0 231.89323484 0 100935
0.30750000 0.30749800 3253.70229888 0 57.75158541 0 31.64116119 0 -25.43899844 0 279.60941865 0 103762
0.30850000 0.30850200 3181.08999272 0 64.20066100 0 105.87213051 0 -59.07129580 0 245.45572551 0 102951
0.30950000 0.30950100 3190.44610719 0 78.84303551 0 125.96762500 0 -34.15767917 0 216.06645374 0 104394
0.31050000 0.31050000 3114.25744012 0 58.85317100 0 134.22425761 0 -54.72585120 0 249.49269514 0 103963
0.31150000 0.31149700 3118.24347705 0 14.90357065 0 189.56705876 0 8.31696572 0 249.19595683 0 105936
0.31250000 0.31250000 3143.86483668 0 9.57516935 0 116.32363008 0 30.49395761 0 152.51573821 0 105717
0.31350000 0.31349800 3139.08159236 0 30.82623808 0 77.80223697 0 81.67301101 0 144.62892125 0 106776
0.31450000 0.31450400 3141.00817688 0 34.52173721 0 32.11450307 0 -1.32571160 0 122.90391272 0 108733
0.31550000 0.31549900 3073.52235711 0 64.58741730 0 32.49306586 0 -11.87429331 0 105.83902426 0 105891
0.31650000 0.31650000 3075.75896672 0 79.97883459 0 42.76165062 0 6.54458546 0 121.01386687 0 111072
0.31750000 0.31750600 3035.23425789 0 13.37658634 0 40.93981029 0 65.88719751 0 160.01723828 0 108121
0.31850000 0.31849900 3046.35087200 0 -11.88337261 0 10.57782372 0 73.87477264 0 62.30208946 0 110484
0.31950000 0.31950100 3084.89363470 0 24.08286010 0 11.09900912 0 9.75228225 0 136.07001416 0 110817
0.32050000 0.32049800 3052.07526394 0 62.51456737 0 -19.23019230 0 -33.90711246 0 182.28589795 0 111088
0.32150000 0.32149900 3049.06359158 0 74.09300816 0 12.37011201 0 -61.16274724 0 250.00091485 0 112635
0.32250000 0.32250100 2992.62795198 0 69.82639851 0 44.22319750 0 32.79135429 0 259.25737840 0 113202
0.32350000 0.32350400 2980.92450465 0 74.83540754 0 102.95568016 0 0.68852588 0 274.88596488 0 113863
0.32450000 0.32450300 2904.89085012 0 61.38707254 0 108.29364795 0 12.87899606 0 310.56653161 0 114045
0.32550000 0.32549900 2907.98002875 0 45.70722119 0 77.80611229 0 55.39007997 0 327.22262983 0 114828
0.32650000 0.32650300 2877.81901594 0 28.60225092 0 26.26499387 0 35.91917533 0 347.13952771 0 116431
0.32750000 0.32750400 2869.82479742 0 -6.95935475 0 10.10129300 0 33.31629321 0 247.98021557 0 116442
0.32850000 0.32850400 2923.04946282 0 29.84567300 0 6.16602268 0 -20.03005704 0 251.68501545 0 116955
0.32950000 0.32949800 2856.13940394 0 73.86691129 0 -37.00315593 0 14.58103383 0 256.22466863 0 117028
0.33050000 0.33049700 2808.03015261 0 68.47524272 0 -49.37049986 0 35.31130470 0 297.07379658 0 119061
0.33150000 0.33150100 2790.83483216 0 36.45131126 0 -142.97914485 0 88.88663063 0 239.16221608 0 120060
0.33250000 0.33250400 2769.12200319 0 38.74317177 0 -96.17520988 0 64.25856925 0 204.87676228 0 119737
0.33350000 0.33350100 2754.30723259 0 35.94187359 0 -188.25166657 0 29.42016355 0 334.91678835 0 120531
0.33450000 0.33450000 2742.94702732 0 30.07785965 0 -188.27491845 0 7.53300083 0 337.24308379 0 121704
0.33550000 0.33550300 2771.52469768 0 19.78735168 0 -156.65014430 0 -47.92301483 0 348.28329887 0 122761
0.33650000 0.33650300 2755.59162227 0 62.10024098 0 -96.14808269 0 -43.48954525 0 372.56822889 0 122472
0.33750000 0.33749900 2707.68167278 0 94.82925808 0 -99.35219204 0 -25.53920298 0 418.95794819 0 122985
0.33850000 0.33849800 2694.84884831 0 69.22273536 0 -67.16915128 0 -15.47423827 0 424.27487856 0 125380
0.33950000 0.33950300 2630.65150901 0 34.05968910 0 -25.48195906 0 19.21103718 0 388.95416239 0 125223
0.34050000 0.34050000 2659.74957864 0 23.26439385 0 -97.30923739 0 64.39509102 0 375.17908308 0 125178
0.34150000 0.34149900 2647.58109366 0 20.14742369 0 -72.23551495 0 -18.57105680 0 378.47531418 0 127059
0.34250000 0.34250300 2670.81083113 0 -1.98122644 0 -102.86909458 0 -14.44174398 0 278.08365229 0 127957
0.34350000 0.34349800 2662.66160006 0 53.70365417 0 -45.80377186 0 -52.06417504 0 233.92611368 0 126732
0.34450000 0.34449700 2646.05311284 0 57.94357952 0 -52.78232603 0 -51.75924321 0 325.62710782 0 129639
0.34550000 0.34550000 2647.99076968 0 -5.52392749 0 -84.78987044 0 15.54964081 0 292.89288673 0 129826
0.34650000 0.34650400 2674.46469832 0 6.44464666 0 -89.74606448 0 -9.16939079 0 229.83488966 0 130875
0.34750000 0.34750200 2667.16803626 0 53.68914943 0 -63.65402032 0 -0.28435170 0 135.16429799 0 130686
0.34850000 0.34850200 2631.83624777 0 54.03515958 0 -123.16743405 0 -3.72012398 0 286.71895841 0 132211
0.34950000 0.34950400 2600.54585783 0 19.95941561 0 -178.57224021 0 51.70974992 0 250.97527943 0 132768
0.35050000 0.35050300 2606.18167116 0 21.68094067 0 -203.77506596 0 136.95690738 0 202.04778329 0 132957
0.35150000 0.35150100 2627.03085880 0 47.15437404 0 -218.09047472 0 38.50799559 0 139.50686379 0 133987
0.35250000 0.35249800 2566.12199997 0 72.65249870 0 -273.63147048 0 -16.79915266 0 191.53682534 0 134778
0.35350000 0.35349800 2540.91031636 0 56.57160775 0 -266.71680363 0 -82.47032912 0 195.09657777 0 135699
0.35450000 0.35450100 2546.69006991 0 54.43586702 0 -219.53873481 0 -21.39771061 0 195.70001947 0 137380
0.35550000 0.35550100 2491.29522885 0 38.52017515 0 -259.81099464 0 -20.61135410 0 221.30034169 0 136161
0.35650000 0.35649900 2530.63519893 0 14.28440625 0 -246.35036936 0 70.77252867 0 255.64115711 0 138792
0.35750000 0.35750000 2537.27859382 0 -15.34967462 0 -292.04696111 0 73.84786689 0 252.72802845 0 138097
0.35850000 0.35849800 2545.04029351 0 23.78966494 0 -289.42392736 0 80.64051672 0 225.87210460 0 140028
0.35950000 0.35950300 2526.99240406 0 70.26120871 0 -323.16019385 0 -17.16896831 0 234.85840343 0 141099
0.36050000 0.36050500 2496.11169014 0 68.00046143 0 -301.90022297 0 -43.30884491 0 233.75117094 0 140821
0.36150000 0.36150200 2442.83166311 0 67.01092776 0 -324.46783542 0 -126.31529600 0 193.30286115 0 141756
0.36250000 0.36250400 2456.31775474 0 59.83661489 0 -272.21753460 0 -73.05054878 0 123.88713516 0 142971
0.36350000 0.36349900 2394.22415716 0 51.83940685 0 -226.50101265 0 -56.92237900 0 74.20827106 0 142270
0.36450000 0.36450000 2370.89476877 0 73.72230672 0 -219.12795156 0 -39.92314943 0 87.83619917 0 145311
0.36550000 0.36550300 2360.61965134 0 58.07777609 0 -240.16315425 0 43.08806276 0 48.68025113 0 145434
0.36650000 0.36650100 2286.13612228 0 56.50417729 0 -216.93120231 0 26.74232179 0 60.67512205 0 144547
0.36750000 0.36749600 2294.94969284 0 59.88854410 0 -223.65099624 0 56.56020325 0 153.89092096 0 146892
0.36850000 0.36849900 2277.51078125 0 20.90576721 0 -232.93181891 0 70.67918897 0 141.45337849 0 148113
0.36950000 0.36949900 2262.27526230 0 9.87431035 0 -265.64389535 0 37.55865446 0 244.90321650 0 147387
0.37050000 0.37049800 2287.76375403 0 25.01991095 0 -251.76805789 0 67.65002235 0 213.96824819 0 149758
0.37150000 0.37150100 2295.18221166 0 24.15217285 0 -313.26485716 0 22.46873658 0 218.07054454 0 150099
0.37250000 0.37250000 2286.76724480 0 23.65126088 0 -360.66658695 0 -22.08973091 0 242.60017294 0 150468
0.37350000 0.37349800 2283.12444993 0 48.86117292 0 -300.53500532 0 1.34165574 0 184.94214868 0 150709
0.37450000 0.37449700 2252.65341203 0 73.80435265 0 -271.49229732 0 -91.59780008 0 165.28545043 0 153108
0.37550000 0.37550100 2238.54727021 0 57.54342570 0 -278.78563768 0 -39.67701165 0 217.89560180 0 153189
0.37650000 0.37649900 2242.69939202 0 19.69821947 0 -244.81906683 0 -31.57838111 0 239.63057542 0 153547
0.37750000 0.37749900 2242.59974109 0 -7.90031413 0 -286.32256918 0 80.72167686 0 228.56821570 0 155424
0.37850000 0.37850200 2284.84066028 0 -4.05247088 0 -226.02933162 0 36.88080674 0 156.67118172 0 155313
0.37950000 0.37949900 2291.81622491 0 63.42294090 0 -295.73072358 0 -29.71169786 0 186.23207452 0 156100
0.38050000 0.38050000 2223.97609075 0 90.95150848 0 -231.40715978 0 -40.38586188 0 189.16624060 0 157557
0.38150000 0.38149800 2191.56739600 0 63.57153150 0 -300.35341919 0 -48.65279176 0 232.56532496 0 157692
0.38250000 0.38250100 2173.08768588 0 34.96507310 0 -238.50894892 0 6.38934040 0 173.27745448 0 159703
0.38350000 0.38350500 2142.79380518 0 37.31163090 0 -247.79973667 0 7.65321306 0 104.83742176 0 160338
0.38450000 0.38450600 2145.26293361 0 55.94358549 0 -266.21744178 0 -38.68293833 0 72.24636583 0 160167
0.38550000 0.38550000 2131.19000877 0 39.69373086 0 -213.95828310 0 -35.24885678 0 148.81093833 0 160033
0.38650000 0.38649600 2137.60088484 0 27.99880922 0 -217.29658903 0 -28.88393086 0 131.13397176 0 162444
0.38750000 0.38750200 2145.36258454 0 0.88141020 0 -187.36920228 0 -0.51248366 0 182.11538415 0 164307
0.38850000 0.38850400 2137.26871509 0 44.26150774 0 -198.90767197 0 37.58799612 0 133.17127952 0 163882
0.38950000 0.38950500 2158.32827690 0 43.97528814 0 -209.91799177 0 51.76035045 0 233.98258253 0 164595
0.39050000 0.39050100 2108.71318939 0 38.66787996 0 -264.90980022 0 35.63461658 0 220.29829629 0 165006
0.39150000 0.39150100 2090.39956414 0 45.26000999 0 -306.74325785 0 53.33250985 0 196.89361609 0 166687
0.39250000 0.39250100 2082.38320097 0 36.79344610 0 -335.80700326 0 37.87299777 0 184.71184432 0 167256
0.39350000 0.39350100 2071.59875659 0 26.20664272 0 -419.75847727 0 16.13459173 0 200.82429140 0 167937
0.39450000 0.39449600 2088.31796707 0 12.36280428 0 -412.94789027 0 -32.44102593 0 135.94711136 0 167719
0.39550000 0.39549700 2096.76615091 0 29.08710802 0 -405.91917848 0 5.65497953 0 128.28395535 0 171636
0.39650000 0.39650400 2072.38489166 0 33.41959800 0 -407.59442122 0 -16.53618495 0 155.35800400 0 171093
0.39750000 0.39750000 2082.39427329 0 59.71481932 0 -377.87519418 0 28.00035934 0 173.28631234 0 170464
0.39850000 0.39849800 2060.73680595 0 43.13157699 0 -430.00480666 0 22.23389258 0 200.16105914 0 172113
0.39950000 0.39949500 2042.11315560 0 44.62257625 0 -451.01897193 0 62.60115295 0 174.48987405 0 173232
