### header ###
fiducial parameters:
Omega_m = 0.31
Omega_nu = 0
Omega_de = 0.69
Omega_k = 0
H_0 = 100
w_de = -1
zeff = 0
beta = 0
fgrowth = 0
b_1 = 2
gamma = 0.55
Lx = 3500 Ly = 3500 Lz = 3500
nx = 700 ny = 700 nz = 700
xoffset = -685.467585 yoffset = -31.7331281 zoffset = 572.489161
bins = 400 dk = 0.001
kx_ny = 0.628318531 ky_ny = 0.628318531 kz_ny = 0.628318531
############################
A(data) = 8.06155284 (not used)
A(ran) = 8.0546671 (used)
Ngal = 478950
weighted Ngal = 0
Nran = 23820508
weighted Nran = 0
SN(data) = 3494.07603
SN(ran) = 70.1590716
SN(data+ran) = 3564.2351
############################
13 columns: k_central k_mean P_0(k) sigma^{lin}_{P_0(k)} P^img_1(k) sigma^{lin}_{P_1(k)} P_2(k) sigma^{lin}_{P_2(k)} P^img_3(k) sigma^{lin}_{P_3(k)} P_4(k) sigma^{lin}_{P_4(k)} N_modes
### header ###
0.00050000 0 0 0 0 0 0 0 0 0 0 0 0
0.00150000 0.00179520 3428.23535500 0 -5295.54971869 0 7887.64739268 0 -14766.38454789 0 -27056.66509659 0 3
0.00250000 0.00253879 11778.18552584 0 -12974.10732950 0 -4918.50384164 0 -5323.30803701 0 -5076.49484448 0 6
0.00350000 0.00331552 17046.39767455 0 -10261.83064192 0 7226.70710728 0 4673.60616130 0 4732.78773746 0 7
0.00450000 0.00420575 32251.68917825 0 -11127.35427299 0 7392.37123122 0 -10094.18457184 0 -2219.83504127 0 24
0.00550000 0.00557378 38587.71633247 0 593.59729862 0 11836.31523113 0 -10811.98124519 0 13514.99039689 0 45
0.00650000 0.00659388 42763.53291458 0 11350.57234134 0 21403.91110693 0 -23116.13541688 0 -188.46979137 0 40
0.00750000 0.00754703 49712.74541725 0 -10280.90825758 0 14546.37745374 0 -4826.98000469 0 -7748.54577599 0 57
0.00850000 0.00846663 54176.66389114 0 -2535.08627350 0 47739.54641132 0 -36839.83913660 0 -20474.05726866 0 75
0.00950000 0.00948925 65929.16162340 0 -3357.69357358 0 36541.99359898 0 -13134.10242313 0 -32938.72693325 0 112
0.01050000 0.01054430 68690.71015641 0 -10541.20754175 0 40903.05017530 0 -14714.56606774 0 -30747.73529813 0 105
0.01150000 0.01145670 81772.88337614 0 -13576.55252288 0 35999.33895962 0 1669.24154501 0 -44982.20536174 0 144
0.01250000 0.01249090 87378.69070857 0 -5149.57218828 0 28259.23029514 0 6410.33352608 0 -49377.36469850 0 169
0.01350000 0.01339930 78386.52355361 0 12735.94162265 0 28053.61722326 0 -6533.96710501 0 -43812.52496789 0 180
0.01450000 0.01448870 73530.31261140 0 5058.67947384 0 6251.15778449 0 11100.00563069 0 -25267.48812914 0 267
0.01550000 0.01550050 71791.29327538 0 1409.19692432 0 4733.82853599 0 6196.30548734 0 -26826.25001711 0 238
0.01650000 0.01653350 73205.56132447 0 -1767.36448755 0 2818.67065676 0 -143.26038190 0 -11740.31817496 0 315
0.01750000 0.01747870 75318.71451610 0 -1256.11096138 0 12847.21848708 0 -5719.46474670 0 6465.76158412 0 297
0.01850000 0.01844180 75911.74823339 0 -4078.49084695 0 17648.95359118 0 12131.83558054 0 25568.98753396 0 388
0.01950000 0.01947590 94074.23624966 0 -12854.30477496 0 22227.69207343 0 20569.27926210 0 30539.13269855 0 399
0.02050000 0.02045430 97077.05074047 0 -9178.82440676 0 17263.74741074 0 22358.67767604 0 16525.11262209 0 462
0.02150000 0.02154770 101062.42333570 0 11196.22413337 0 33519.69181648 0 6336.20431142 0 29665.85844010 0 571
0.02250000 0.02255340 88243.21783041 0 9776.78530859 0 19899.51433382 0 2821.01798962 0 29342.32510890 0 510
0.02350000 0.02348930 83047.64013251 0 5483.71280666 0 25500.33912008 0 780.22244067 0 32820.36378094 0 555
0.02450000 0.02439640 78002.53532890 0 4498.18731920 0 28487.54163290 0 -5482.79380370 0 15723.03341222 0 592
0.02550000 0.02547300 76753.79853585 0 3219.01270523 0 28248.26869357 0 -11152.70989683 0 -4294.64477206 0 837
0.02650000 0.02652900 68708.86876912 0 4674.53623659 0 29152.65618476 0 -11118.93930613 0 -2776.71761802 0 723
0.02750000 0.02749970 72327.30451985 0 5911.48100370 0 30000.13192638 0 -2662.68374471 0 -16235.68205133 0 826
0.02850000 0.02848090 65005.06539403 0 2778.69956416 0 30888.02165358 0 390.35038255 0 -9750.97571944 0 831
0.02950000 0.02946900 63653.35598017 0 1240.89758708 0 27138.71102349 0 11167.76825858 0 -18086.53186801 0 996
0.03050000 0.03053250 61599.99334255 0 2724.40088325 0 29307.11511598 0 3835.86299320 0 -9718.48951842 0 1041
0.03150000 0.03150510 58395.55181679 0 4423.90309199 0 20086.63662325 0 6590.56882948 0 -11965.75070826 0 1036
0.03250000 0.03246190 55130.65539751 0 1398.01387625 0 22047.87751838 0 -983.09843386 0 -10991.12038843 0 1059
0.03350000 0.03345080 56271.54774683 0 177.72188566 0 20768.58110883 0 -9164.61861402 0 -10217.39740242 0 1302
0.03450000 0.03451200 52659.86611423 0 2482.31557342 0 28701.45894840 0 -6305.14644030 0 -12805.03292952 0 1339
0.03550000 0.03553350 52769.14996019 0 5154.69867467 0 27238.36194686 0 -1934.91090671 0 -10975.67449530 0 1365
0.03650000 0.03647120 47626.05508193 0 577.73840778 0 25455.38548132 0 4250.66549788 0 -7976.05990636 0 1308
0.03750000 0.03744890 47084.28622856 0 985.43469439 0 26087.17233547 0 6484.24129424 0 -10653.12660101 0 1579
0.03850000 0.03847530 48043.81389734 0 921.56288145 0 20289.03872094 0 9867.27941933 0 -8426.58173091 0 1662
0.03950000 0.03950240 46405.22054743 0 -1821.30885407 0 16321.71401517 0 10773.30561459 0 281.90914051 0 1683
0.04050000 0.04050350 46270.47035439 0 15.61297450 0 9396.90491639 0 5952.71434133 0 3034.82458187 0 1822
0.04150000 0.04152450 46739.05114071 0 -98.77964213 0 7921.21868153 0 7159.91884398 0 -4298.08826508 0 1887
0.04250000 0.04250150 43599.60416163 0 2836.43066577 0 4524.20728252 0 2965.17965876 0 2119.92945443 0 1920
0.04350000 0.04349210 42387.73821023 0 2164.03052418 0 7072.87929858 0 -3554.61487048 0 -352.58268260 0 2005
0.04450000 0.04448520 40800.29900098 0 929.55045657 0 3384.49967197 0 -2718.55469575 0 1247.31953547 0 2151
0.04550000 0.04548030 40819.01122993 0 347.29454026 0 9008.18880898 0 -3201.04232205 0 -1091.94270852 0 2274
0.04650000 0.04648670 39950.16590141 0 1576.77656045 0 9515.35664730 0 916.32567181 0 -1702.28136227 0 2311
0.04750000 0.04749250 39308.74612466 0 1671.10169558 0 11430.07163354 0 -1000.64806870 0 1787.15073200 0 2568
0.04850000 0.04851840 38553.72429528 0 1159.51599966 0 12393.80678575 0 -350.02940449 0 800.06183228 0 2493
0.04950000 0.04949480 37794.27353597 0 643.64531403 0 15192.33688366 0 -1925.74302176 0 2023.99883220 0 2644
0.05050000 0.05050630 37529.42352631 0 701.87467025 0 17122.90743904 0 1105.13316908 0 4172.64989721 0 2829
0.05150000 0.05149060 38768.19522702 0 -1014.73760203 0 15134.98224110 0 -368.00532383 0 4475.96516329 0 2784
0.05250000 0.05249300 39311.62492911 0 -1094.35204640 0 16281.18930633 0 3326.18173715 0 2596.61518252 0 3055
0.05350000 0.05348950 39404.85390409 0 -260.91490542 0 14943.65246824 0 1609.03024265 0 1144.44656558 0 3009
0.05450000 0.05448610 39314.17156382 0 920.71474136 0 12973.44299001 0 -413.19369588 0 -1550.44657203 0 3336
0.05550000 0.05550870 38448.20503976 0 2129.98312536 0 13146.39270368 0 -549.60363042 0 776.22200971 0 3349
0.05650000 0.05647670 37064.05371418 0 1366.55740144 0 12242.66955198 0 -853.78253784 0 1125.01463552 0 3324
0.05750000 0.05747970 36888.88953555 0 -806.77166112 0 12599.75202738 0 2687.39717371 0 2418.77150128 0 3639
0.05850000 0.05849280 38019.59534603 0 -2376.13197841 0 12628.31862541 0 4075.36845135 0 2932.51630054 0 3846
0.05950000 0.05951020 39992.35145897 0 -592.25311839 0 12337.11648268 0 3926.99929878 0 1216.05129018 0 3787
0.06050000 0.06049470 39831.47057935 0 2009.77089481 0 14726.85634829 0 742.00188263 0 6883.25466373 0 3930
0.06150000 0.06148310 37931.45964047 0 3017.99464814 0 13201.86505102 0 -2255.47685486 0 7193.58978375 0 4083
0.06250000 0.06249100 36245.69818683 0 1619.40501100 0 14817.98158155 0 631.33731776 0 10395.65075968 0 4303
0.06350000 0.06350600 34780.94033657 0 249.78500451 0 13621.72760814 0 410.28610339 0 8409.08745769 0 4470
0.06450000 0.06451750 34031.89756259 0 476.58164824 0 14457.79885520 0 525.47260571 0 4820.53591164 0 4479
0.06550000 0.06550280 33840.67851297 0 1420.01458567 0 14239.89550276 0 1123.98490932 0 3472.64644985 0 4636
0.06650000 0.06648880 32031.23919111 0 1344.26881158 0 12768.27281112 0 -1620.87763020 0 1923.00815753 0 4653
0.06750000 0.06749660 30944.37978691 0 957.35749312 0 12756.53614681 0 617.90437329 0 906.12806065 0 5220
0.06850000 0.06852730 30751.72133507 0 424.62587126 0 12781.33815440 0 253.48648270 0 -420.93546540 0 5029
0.06950000 0.06949320 30036.33842853 0 852.52140004 0 12584.25077263 0 927.59729847 0 -798.52167190 0 5040
0.07050000 0.07048030 29828.62161494 0 618.97838880 0 11956.11778567 0 1111.65033947 0 -1866.52822863 0 5475
0.07150000 0.07148790 29061.08805851 0 187.89845940 0 12978.75770592 0 578.76370506 0 1067.24478078 0 5509
0.07250000 0.07249820 29346.97548533 0 235.83166078 0 12063.74078291 0 716.33512647 0 -2774.23741726 0 5916
0.07350000 0.07351270 28332.30763894 0 582.95125831 0 12446.17888214 0 72.26972843 0 -749.45466446 0 5721
0.07450000 0.07449140 27766.95473370 0 1791.03711801 0 12972.44648077 0 -75.65885633 0 -1019.72679159 0 6028
0.07550000 0.07549160 27056.33292684 0 645.43017279 0 11440.47961887 0 456.24289478 0 -72.88568186 0 6183
0.07650000 0.07648840 25711.26690787 0 230.99416206 0 10831.50175384 0 1103.32727290 0 -257.99402613 0 6330
0.07750000 0.07749960 26432.62886981 0 774.71285184 0 10901.72243784 0 722.45480039 0 -534.50540830 0 6583
0.07850000 0.07848650 25343.22283090 0 -28.22324524 0 9304.41778718 0 2085.56095819 0 -372.45529118 0 6549
0.07950000 0.07947320 25185.44220224 0 170.45401165 0 8626.00537321 0 1635.30486944 0 829.25733836 0 6828
0.08050000 0.08048110 24634.15114952 0 468.20322005 0 9132.81889714 0 1163.38024102 0 1310.45393159 0 7147
0.08150000 0.08149960 24385.79890383 0 944.86237456 0 8463.07611351 0 1281.47765754 0 599.45123675 0 7386
0.08250000 0.08250610 23520.82888900 0 662.17927855 0 7900.71273597 0 865.85469359 0 2119.87409280 0 7227
0.08350000 0.08350160 22742.77662400 0 531.46162620 0 8719.65509653 0 -222.52936974 0 2142.22911661 0 7798
0.08450000 0.08449610 22772.78262425 0 637.86445324 0 9493.46666113 0 -513.38384147 0 1499.93462621 0 7371
0.08550000 0.08548940 21708.17859294 0 1248.64821445 0 9168.16175796 0 -1353.44776886 0 1404.59083719 0 8256
0.08650000 0.08650700 21048.71092674 0 571.01418492 0 9481.57498428 0 -58.63748211 0 2515.45504160 0 8037
0.08750000 0.08749060 21164.63816759 0 -363.58414453 0 9499.13569144 0 406.82600188 0 1442.26995855 0 8155
0.08850000 0.08849210 21395.60686331 0 -624.03511955 0 9938.93950556 0 904.76062853 0 256.60887830 0 8718
0.08950000 0.08949900 21779.26291828 0 40.08281235 0 9648.18025582 0 849.43886481 0 1004.50788113 0 8571
0.09050000 0.09049190 21243.03022731 0 388.50351877 0 8381.26270542 0 881.60064671 0 -904.68533672 0 8932
0.09150000 0.09150830 21111.60173171 0 290.78028715 0 8370.32324850 0 763.15998813 0 592.31955234 0 9285
0.09250000 0.09250820 20813.53474759 0 450.67130093 0 7743.87325491 0 1067.75853665 0 -399.80836241 0 9204
0.09350000 0.09350330 19869.95122655 0 561.35911768 0 6533.84530943 0 945.70276402 0 -80.35141832 0 9349
0.09450000 0.09448040 19622.37404361 0 684.27078102 0 6254.85594098 0 888.74893961 0 316.99069447 0 9564
0.09550000 0.09549270 18676.02244136 0 922.82512648 0 6060.93524410 0 874.74909211 0 -438.51831721 0 10155
0.09650000 0.09649430 17651.72167238 0 918.49806194 0 5914.49267605 0 -41.12250365 0 1112.35896826 0 9913
0.09750000 0.09749140 17269.61574289 0 709.43153194 0 6114.01596928 0 220.01705924 0 1194.28309959 0 10476
0.09850000 0.09850240 16864.36865453 0 61.10406391 0 6483.14513409 0 -93.89364663 0 2770.24030800 0 10575
0.09950000 0.09950330 16952.72580658 0 -294.20384999 0 7012.69014086 0 178.72393106 0 1251.01769196 0 10882
0.10050000 0.10051200 17175.50098193 0 -123.06446143 0 6550.16591621 0 -798.69107847 0 1326.45344095 0 10875
0.10150000 0.10150300 17593.59196708 0 -19.84758513 0 7625.51010260 0 -1265.31206330 0 760.24243054 0 11118
0.10250000 0.10250800 17466.81384791 0 418.95794819 0 6893.81766161 0 -137.64339152 0 -346.29913826 0 11575
0.10350000 0.10349800 17152.69199281 0 51.54953338 0 6683.37705611 0 298.15666995 0 -829.68805180 0 11364
0.10450000 0.10450100 16778.22596744 0 384.05355143 0 6182.18827319 0 861.20653163 0 -2244.41560236 0 12093
0.10550000 0.10551000 16498.87121226 0 372.11869251 0 5691.10852284 0 918.32644090 0 -2014.63164540 0 12067
0.10650000 0.10649700 16278.64267162 0 248.22269948 0 4895.32946579 0 567.29941994 0 -2169.73277146 0 12054
0.10750000 0.10749900 16104.25355573 0 39.31173565 0 5094.37664906 0 470.45975985 0 -1694.74110907 0 12807
0.10850000 0.10850100 16351.27712243 0 84.88686401 0 5076.88237585 0 156.52391980 0 -1295.89382445 0 12736
0.10950000 0.10950300 15949.13028502 0 421.88547087 0 4628.74110114 0 489.10444761 0 -803.69576929 0 12933
0.11050000 0.11050200 15750.04988478 0 433.86572632 0 5001.39126523 0 278.97940336 0 -380.81157472 0 13428
0.11150000 0.11150900 15256.66709086 0 282.07079645 0 4868.02511279 0 347.68982226 0 102.54545052 0 13453
0.11250000 0.11250000 15142.40069873 0 452.51595025 0 5218.60813352 0 979.20983338 0 476.56282529 0 13668
0.11350000 0.11349100 14747.00797946 0 37.97331303 0 4593.50896356 0 578.03846778 0 1782.94324857 0 13791
0.11450000 0.11448600 14807.35214972 0 -176.13632875 0 4419.14199232 0 1362.78173868 0 1386.62045401 0 14205
0.11550000 0.11549300 15165.54185760 0 -399.65445710 0 4759.27273842 0 223.28118060 0 1806.66016833 0 14776
0.11650000 0.11649800 15111.28746599 0 423.91392077 0 4195.34816308 0 -77.38946070 0 2191.02485209 0 14553
0.11750000 0.11747300 14959.04299974 0 536.21940418 0 4567.69937441 0 -25.11524366 0 2987.75612906 0 14568
0.11850000 0.11849100 14360.47312004 0 211.93979828 0 4350.40499984 0 -19.39339837 0 2364.25137388 0 16015
0.11950000 0.11950300 14427.79285494 0 122.28607699 0 4738.84429913 0 118.62224471 0 2249.66388433 0 15270
0.12050000 0.12050700 14289.38879470 0 414.26106800 0 4586.19015686 0 -58.68586817 0 827.64631510 0 15999
0.12150000 0.12150000 13962.64448931 0 259.19426614 0 4557.77857137 0 -811.36003253 0 614.29147371 0 15670
0.12250000 0.12250700 13500.04275838 0 221.78973844 0 4428.59775771 0 -599.09138619 0 237.71727769 0 16887
0.12350000 0.12352200 13761.57107060 0 50.15829577 0 4722.20259493 0 -370.87084150 0 261.98781370 0 16407
0.12450000 0.12449800 13884.91676908 0 -191.86899508 0 4930.45088012 0 -48.00384280 0 -511.00993503 0 16306
0.12550000 0.12549900 13897.42849612 0 15.89908338 0 4872.38760877 0 120.79352761 0 -812.71085615 0 17523
0.12650000 0.12650100 13733.33664231 0 302.42726563 0 4807.89131670 0 466.05961796 0 -717.75792021 0 17154
0.12750000 0.12750600 13467.37940017 0 420.82474215 0 4553.00639938 0 372.22720129 0 -265.78894281 0 18007
0.12850000 0.12850300 13255.89799613 0 25.42925479 0 4824.47765928 0 470.77753557 0 -503.74095379 0 17496
0.12950000 0.12949900 12986.17616355 0 149.14421531 0 4248.81641963 0 85.91692239 0 -691.72688456 0 18405
0.13050000 0.13049000 13003.11682052 0 276.61103308 0 4372.27284136 0 288.01774211 0 -597.00757466 0 18100
0.13150000 0.13148800 12558.56297905 0 98.78938577 0 3629.89560692 0 265.00170051 0 -476.10775274 0 19059
0.13250000 0.13249300 12529.22131828 0 209.09642527 0 4089.95070314 0 697.11357058 0 -61.41032442 0 18957
0.13350000 0.13349100 12326.70849735 0 188.57608568 0 3238.54428621 0 160.97277991 0 -488.78888635 0 19468
0.13450000 0.13450700 12198.04808296 0 200.60395213 0 3535.21615740 0 401.25662250 0 -24.98990495 0 19953
0.13550000 0.13551000 11952.24247198 0 218.66845008 0 3222.43405359 0 430.51302637 0 168.07346182 0 19956
0.13650000 0.13649900 11857.79554128 0 13.58009567 0 3180.95712482 0 272.87523069 0 451.68774035 0 19723
0.13750000 0.13749600 11783.83241149 0 194.67582943 0 3175.91921703 0 291.12574369 0 456.92494999 0 20946
0.13850000 0.13851100 11455.64870387 0 363.16228896 0 3052.94997760 0 380.28453206 0 294.18613427 0 20955
0.13950000 0.13949800 11333.18879137 0 217.94099834 0 2677.09991163 0 198.22008060 0 549.23602923 0 20506
0.14050000 0.14048300 11160.57124745 0 150.81835082 0 2448.22388530 0 365.51405075 0 256.20916737 0 21447
0.14150000 0.14148400 11065.18316914 0 -25.45516403 0 2478.76135715 0 -66.40737533 0 461.24980006 0 21771
0.14250000 0.14249400 11154.59219205 0 -31.57063048 0 2652.97331585 0 -130.27254489 0 -179.44584664 0 22470
0.14350000 0.14350900 11013.45326759 0 89.08216788 0 2378.05856292 0 -244.25880720 0 208.82847501 0 22519
0.14450000 0.14449900 11060.35563552 0 201.66689532 0 2845.46568282 0 -242.32447205 0 -321.69643251 0 22218
0.14550000 0.14550500 10891.81270713 0 169.69998633 0 2679.95657143 0 -261.33565376 0 -456.94598741 0 23559
0.14650000 0.14650700 10970.48157496 0 103.57772336 0 2886.44435697 0 37.97032350 0 -678.41573566 0 23044
0.14750000 0.14750500 10706.88273801 0 191.71508977 0 2786.70485501 0 -413.84807028 0 -679.18969117 0 23649
0.14850000 0.14849900 10614.20737927 0 188.96915321 0 3024.75983861 0 -43.83954144 0 -714.41186365 0 23640
0.14950000 0.14949500 10493.43046015 0 159.62970691 0 3155.78973051 0 250.04188245 0 -804.02793903 0 24457
0.15050000 0.15050000 10422.42364109 0 78.37556195 0 2970.84868907 0 183.97332026 0 -345.53404062 0 24591
0.15150000 0.15149900 10405.68228597 0 -17.15180621 0 3036.35256269 0 387.91779279 0 -333.52167542 0 25020
0.15250000 0.15250500 10376.87209679 0 68.98434821 0 3131.84029193 0 154.03707564 0 116.62811901 0 25297
0.15350000 0.15350100 10159.76595174 0 227.76879384 0 2990.46884864 0 366.50613105 0 153.51446191 0 25452
0.15450000 0.15450400 10137.99776115 0 138.53582090 0 2750.28797868 0 329.30754859 0 678.19096747 0 26061
0.15550000 0.15549900 9926.16204272 0 186.81780050 0 2874.97342846 0 241.14637669 0 629.42402004 0 26128
0.15650000 0.15649500 9843.49606562 0 173.69820282 0 2708.64496504 0 160.43355769 0 877.76851509 0 26331
0.15750000 0.15749700 9710.41779363 0 186.19110692 0 2608.92760772 0 -75.43386669 0 673.71553378 0 27345
0.15850000 0.15849900 9517.64861854 0 152.99406265 0 2559.15750766 0 282.84585919 0 703.70935448 0 26980
0.15950000 0.15949700 9422.79201181 0 60.46408354 0 2430.86247998 0 287.80626071 0 681.15613605 0 27777
0.16050000 0.16050000 9309.16781453 0 169.86496397 0 2307.01852689 0 88.21764076 0 483.46531258 0 28224
0.16150000 0.16150500 9160.53292616 0 185.64745577 0 2219.92361986 0 69.61679940 0 402.43803956 0 28075
0.16250000 0.16249700 8979.33433050 0 104.43084599 0 2105.10361150 0 -89.47246733 0 374.80151681 0 28590
0.16350000 0.16349900 9031.45176342 0 170.82825623 0 2229.83335058 0 -304.22319672 0 38.55073477 0 29163
0.16450000 0.16449100 8896.72371503 0 102.45742554 0 2294.14141312 0 -217.73394586 0 289.85796250 0 28996
0.16550000 0.16550500 8838.14004442 0 81.48223485 0 2406.96840303 0 -203.48497105 0 98.22702240 0 30777
0.16650000 0.16650700 8849.96528732 0 193.70367931 0 2481.11976234 0 11.49606269 0 145.50474214 0 29211
0.16750000 0.16749900 8685.88450583 0 212.67610788 0 2653.53800441 0 187.40131202 0 -46.38916568 0 30922
0.16850000 0.16850800 8456.84239464 0 373.23256838 0 2554.24139544 0 374.15932197 0 139.95861464 0 30867
0.16950000 0.16949900 8234.37724438 0 197.49262886 0 2336.19410279 0 178.90773165 0 509.37898158 0 30852
0.17050000 0.17049200 8106.50296505 0 40.71559572 0 2205.38565738 0 334.44732177 0 595.69550417 0 31257
0.17150000 0.17149500 8004.16146675 0 -74.32220528 0 2051.23675125 0 219.77568256 0 573.53203158 0 32608
0.17250000 0.17250900 8157.44673154 0 -166.15905686 0 1794.02664572 0 352.70337094 0 219.31618108 0 32361
0.17350000 0.17350400 8173.26908370 0 20.96157173 0 1736.31768876 0 -132.52797745 0 5.10936858 0 32508
0.17450000 0.17449800 8234.80906505 0 200.85750837 0 1656.78517959 0 -188.16862413 0 -91.12467964 0 32791
0.17550000 0.17549800 7949.40882052 0 241.51619234 0 1801.07971663 0 -494.04270448 0 25.31144526 0 33633
0.17650000 0.17650100 7837.55619520 0 204.72839313 0 2029.62357321 0 -78.26140628 0 39.71975082 0 33984
0.17750000 0.17750300 7827.90112796 0 -3.87265633 0 2157.84109461 0 67.15198918 0 178.82358198 0 34069
0.17850000 0.17849800 7748.08073834 0 -71.02021658 0 2225.33798670 0 355.83351716 0 -85.31525226 0 34536
0.17950000 0.17950400 7874.01736083 0 36.40060001 0 2011.78605792 0 402.03611417 0 -133.71825237 0 35343
0.18050000 0.18050100 7889.33038606 0 10.46199613 0 1823.86656110 0 154.13894103 0 275.55584053 0 34990
0.18150000 0.18150500 7729.03633966 0 66.54068612 0 1665.13371250 0 266.01813993 0 135.64372966 0 36243
0.18250000 0.18250200 7666.73236790 0 66.00423199 0 1625.25119850 0 158.33203044 0 361.60994902 0 35694
0.18350000 0.18350400 7656.73405859 0 127.06267792 0 1384.81566507 0 134.64279149 0 56.57559379 0 37087
0.18450000 0.18450600 7569.88274271 0 167.62392543 0 1621.24301692 0 -172.43485056 0 44.19695609 0 36651
0.18550000 0.18550700 7291.07053145 0 216.64996526 0 1483.49222385 0 -229.60347807 0 31.00394889 0 37818
0.18650000 0.18651000 7180.49122349 0 163.07209270 0 1659.15465710 0 -127.52771556 0 123.84616756 0 37267
0.18750000 0.18750100 7166.21899680 0 21.40025724 0 1488.29761282 0 23.03586106 0 -56.20090631 0 38334
0.18850000 0.18850000 7161.10358273 0 -80.14536235 0 1633.72152699 0 213.37698605 0 -152.74604257 0 38223
0.18950000 0.18949500 7196.81183027 0 18.35902178 0 1635.36023106 0 112.23019159 0 43.53959216 0 39064
0.19050000 0.19050000 7306.93717292 0 -14.86570330 0 1551.94133588 0 192.26649155 0 195.35899187 0 39609
0.19150000 0.19149800 7265.83670319 0 -45.76878332 0 1473.29461269 0 286.40339715 0 365.15862912 0 39576
0.19250000 0.19250400 7364.95615497 0 86.00273290 0 1526.46391647 0 142.52407230 0 490.70993471 0 40909
0.19350000 0.19350500 7295.14514699 0 140.61188180 0 1424.37708165 0 101.80825514 0 266.50200052 0 40191
0.19450000 0.19450100 7141.70486965 0 272.83758479 0 1542.69594466 0 -164.34208835 0 715.54788417 0 41232
0.19550000 0.19549800 6981.12294281 0 158.83582122 0 1415.36420924 0 -47.17928678 0 678.99481825 0 40873
0.19650000 0.19649700 6898.44589339 0 3.68510222 0 1570.88608365 0 -74.29806761 0 816.75446918 0 42816
0.19750000 0.19750200 6923.20361168 0 67.75653811 0 1535.38821028 0 24.75483949 0 434.95192139 0 41727
0.19850000 0.19849000 6888.01576341 0 119.56671402 0 1600.95851785 0 11.56316098 0 571.23673865 0 42610
0.19950000 0.19949900 6710.81427701 0 165.50357523 0 1730.18362081 0 15.79777160 0 609.90129692 0 43863
0.20050000 0.20050100 6663.12577401 0 139.72609582 0 1700.47657332 0 41.03381433 0 940.51980877 0 43302
0.20150000 0.20150100 6567.23944109 0 3.39696711 0 1735.37654115 0 198.26658437 0 600.18865358 0 44487
0.20250000 0.20249700 6595.69531587 0 84.30191309 0 1597.47073554 0 9.44911093 0 717.20651843 0 43759
0.20350000 0.20349100 6464.66542397 0 112.49482016 0 1726.64047687 0 -0.37785526 0 539.72490221 0 45282
0.20450000 0.20449700 6419.64535125 0 178.10720257 0 1613.69169139 0 -82.81932879 0 562.56489385 0 45483
0.20550000 0.20549900 6306.53048091 0 71.46953152 0 1527.75937848 0 -27.30224926 0 343.42033381 0 46138
0.20650000 0.20650200 6182.49829829 0 -5.84014201 0 1352.05265593 0 78.28875493 0 237.89000596 0 46227
0.20750000 0.20749300 6297.72798267 0 -31.89161718 0 1415.09847345 0 86.47839998 0 147.54426437 0 46236
0.20850000 0.20850300 6260.28138014 0 11.94260955 0 1265.05739983 0 161.28944840 0 100.55409290 0 48361
0.20950000 0.20950400 6212.34928600 0 126.27211393 0 1290.11407089 0 45.62783262 0 222.83385867 0 46812
0.21050000 0.21050300 6233.05453341 0 26.46329921 0 1211.94345767 0 102.30340950 0 251.69830224 0 48813
0.21150000 0.21149700 6158.46028111 0 32.89820222 0 1300.54420087 0 76.34921579 0 342.81799934 0 47215
0.21250000 0.21249000 6142.25039757 0 81.57623889 0 1283.24922951 0 40.71127751 0 470.64023874 0 50004
0.21350000 0.21350300 6148.21838065 0 72.02702307 0 1313.86420763 0 -5.49600309 0 308.02875476 0 49509
0.21450000 0.21449800 6017.28813967 0 106.99209617 0 1305.72604889 0 6.51001767 0 535.11770786 0 49660
0.21550000 0.21550100 5946.79064755 0 191.77820202 0 1319.86540768 0 15.15435881 0 515.30599706 0 50841
0.21650000 0.21649800 5790.13939601 0 142.83963356 0 1374.64019856 0 -24.51634161 0 474.97726837 0 50424
0.21750000 0.21750300 5736.32789739 0 59.48595436 0 1290.68983178 0 26.85636674 0 353.28688245 0 52231
0.21850000 0.21850300 5707.65057611 0 17.78580753 0 1329.12187123 0 266.06021476 0 446.85134887 0 51078
0.21950000 0.21950100 5756.88920458 0 -62.19612731 0 1116.20106497 0 170.13734316 0 296.23229990 0 52791
0.22050000 0.22050700 5757.40960385 0 -30.65727440 0 1038.44898563 0 136.50958546 0 298.32054036 0 52969
0.22150000 0.22150000 5760.32162528 0 103.39669085 0 988.61466608 0 -6.36978667 0 217.71512291 0 52704
0.22250000 0.22250100 5695.71460996 0 138.74951677 0 889.01910434 0 35.73869643 0 433.72400056 0 54051
0.22350000 0.22349900 5579.07874032 0 43.33442198 0 862.73008352 0 179.50342273 0 439.16051205 0 53938
0.22450000 0.22449800 5574.30656832 0 36.39517457 0 738.23175603 0 246.82647932 0 296.49803569 0 54735
0.22550000 0.22549100 5547.13508322 0 35.08908314 0 622.62450536 0 88.84887400 0 233.08240252 0 54774
0.22650000 0.22649900 5495.83700233 0 94.87941571 0 583.03540798 0 -49.59659673 0 47.19423441 0 56911
0.22750000 0.22749800 5462.12177326 0 120.87989174 0 730.79226098 0 -310.62300046 0 177.29338669 0 54879
0.22850000 0.22849100 5380.79554747 0 103.75598779 0 783.05031243 0 -305.38911252 0 51.15115113 0 57210
0.22950000 0.22949800 5343.80291025 0 76.17028702 0 888.17096426 0 -97.92906614 0 108.36750036 0 57375
0.23050000 0.23049600 5322.38903405 0 -2.11314212 0 912.18794402 0 56.14521252 0 -22.49198847 0 57604
0.23150000 0.23150100 5326.62973446 0 47.21516111 0 942.03450280 0 105.27754667 0 -3.55284330 0 58629
0.23250000 0.23250200 5328.40130643 0 77.70823294 0 843.30590409 0 133.63410270 0 100.28426035 0 58560
0.23350000 0.23350400 5262.66491398 0 58.90211068 0 887.87754765 0 189.97894924 0 193.21871148 0 59305
0.23450000 0.23449700 5223.00384648 0 63.51030154 0 779.28461476 0 26.40505878 0 242.68210814 0 59196
0.23550000 0.23549300 5160.04660756 0 69.56830262 0 650.85339749 0 97.96217239 0 180.23087447 0 60063
0.23650000 0.23649900 5143.39383103 0 46.36281354 0 655.14281612 0 -42.36193969 0 249.70528378 0 61537
0.23750000 0.23750400 5065.95399125 0 47.11872116 0 576.14731471 0 5.48235091 0 32.12280732 0 61224
0.23850000 0.23850100 5020.25850672 0 100.50216370 0 512.66081866 0 8.59919927 0 -17.67464138 0 61221
0.23950000 0.23949400 4976.44531742 0 98.58487993 0 458.00117996 0 -24.86977022 0 -161.68805209 0 62332
0.24050000 0.24050100 4915.83541136 0 31.75166299 0 504.49165741 0 -23.57010073 0 -169.21391127 0 63447
0.24150000 0.24150500 4913.79810359 0 25.82276522 0 442.35598499 0 31.71257768 0 -239.38809151 0 63342
0.24250000 0.24250300 4915.66932649 0 -2.96367382 0 458.09640195 0 56.87919693 0 -195.79302700 0 63379
0.24350000 0.24349600 4920.92868078 0 21.55648774 0 434.03402566 0 38.23373411 0 -97.01039535 0 64266
0.24450000 0.24449500 4957.64450987 0 54.79826421 0 546.62074611 0 56.16381403 0 -68.59725973 0 64695
0.24550000 0.24549600 4883.39349964 0 81.30552055 0 489.44326075 0 30.93895435 0 5.44094042 0 65947
0.24650000 0.24650000 4821.48813158 0 141.40244579 0 602.88144298 0 -22.27773898 0 79.85604250 0 66018
0.24750000 0.24750000 4784.41798809 0 98.24650969 0 577.24790379 0 -13.53082382 0 166.78464321 0 66303
0.24850000 0.24849600 4657.41842242 0 105.67105709 0 542.14863412 0 12.27123615 0 202.57371872 0 66958
0.24950000 0.24949200 4641.88395070 0 110.67364417 0 664.79677613 0 21.61450672 0 164.95881685 0 66975
0.25050000 0.25048900 4572.84800545 0 42.01338291 0 644.13360356 0 54.27841856 0 210.05196690 0 68676
0.25150000 0.25150000 4535.47890919 0 51.80917940 0 669.89004555 0 -112.22908436 0 70.56746921 0 69349
0.25250000 0.25249900 4521.94852826 0 128.76449425 0 755.80464275 0 -65.11634226 0 175.19518114 0 68592
0.25350000 0.25349900 4441.33093126 0 89.03356038 0 870.16293517 0 -169.14415563 0 76.85333874 0 70437
0.25450000 0.25450100 4421.79935028 0 51.66269254 0 848.35820591 0 -16.01124603 0 183.08421257 0 70099
0.25550000 0.25550100 4401.48163423 0 -22.21639830 0 809.44341310 0 28.58885340 0 94.70148345 0 71064
0.25650000 0.25650300 4456.88754763 0 -42.56467396 0 769.97168235 0 225.08043338 0 22.42178993 0 71409
0.25750000 0.25750600 4502.57195983 0 6.49175940 0 674.28354404 0 165.10940046 0 33.56951728 0 72612
0.25850000 0.25850600 4430.14788319 0 88.13171952 0 502.94263917 0 177.18377068 0 -11.23254136 0 71845
0.25950000 0.25949600 4404.15006451 0 110.00066827 0 386.55146791 0 -56.61888658 0 49.89676746 0 72816
0.26050000 0.26049800 4295.23160527 0 105.70925662 0 453.90441978 0 -89.23275150 0 82.45981041 0 73743
0.26150000 0.26149900 4277.65982579 0 51.40570388 0 455.64609647 0 20.77013123 0 64.86289674 0 74662
0.26250000 0.26250300 4264.39518065 0 -19.48507722 0 456.56731390 0 4.50751022 0 166.82228911 0 74931
0.26350000 0.26350100 4290.18262516 0 -35.60549637 0 427.39838139 0 122.78433161 0 114.99273664 0 75087
0.26450000 0.26450200 4308.87270945 0 43.65264060 0 443.44550175 0 146.05725115 0 13.72038202 0 76678
0.26550000 0.26550600 4251.76165804 0 103.88320881 0 395.38275418 0 22.94451438 0 124.13183354 0 76035
0.26650000 0.26650100 4201.99155798 0 92.01190503 0 379.98557929 0 -20.82493924 0 31.45138154 0 77094
0.26750000 0.26750600 4121.50682887 0 87.74817419 0 373.95005503 0 -22.19569305 0 197.49041440 0 78463
0.26850000 0.26850100 4093.53813638 0 73.43985172 0 418.12198766 0 -87.11970903 0 72.94790833 0 77076
0.26950000 0.26949700 4067.38530516 0 40.71493138 0 379.58586836 0 12.97842554 0 172.32634178 0 79149
0.27050000 0.27049900 3997.49679090 0 88.52644790 0 420.35970451 0 11.75305135 0 186.78236906 0 79648
0.27150000 0.27150200 4031.20094765 0 29.76794527 0 357.87636109 0 73.25328304 0 208.89269449 0 80241
0.27250000 0.27250500 4001.78178060 0 6.15843814 0 417.43107459 0 35.41593816 0 162.06229667 0 80835
0.27350000 0.27350000 4012.05689804 0 96.92414193 0 397.19640099 0 -21.32463326 0 145.97753041 0 80680
0.27450000 0.27450400 3949.89686650 0 63.54540081 0 347.79058041 0 28.38855505 0 333.32458804 0 82617
0.27550000 0.27550800 3875.16974630 0 38.48540805 0 400.99420840 0 36.90848755 0 292.24183403 0 82548
0.27650000 0.27649900 3847.61072983 0 71.77224888 0 381.46594912 0 112.49039123 0 300.61915499 0 81181
0.27750000 0.27748900 3831.16832747 0 68.97106142 0 339.98016249 0 82.78400808 0 134.52099592 0 84096
0.27850000 0.27849800 3725.78193985 0 53.71029757 0 228.46745754 0 31.95417581 0 207.12001529 0 85215
0.27950000 0.27950200 3776.40460892 0 21.10374038 0 271.01618735 0 -59.93338701 0 122.71014704 0 84514
0.28050000 0.28050300 3737.06463884 0 36.63134726 0 271.68938470 0 -106.02614655 0 163.55927499 0 85815
0.28150000 0.28150100 3758.83282943 0 72.14472188 0 383.25634404 0 -90.69308042 0 102.61332387 0 85485
0.28250000 0.28250000 3694.45833294 0 70.09910987 0 372.15190948 0 -68.49783026 0 26.40594457 0 87220
0.28350000 0.28350400 3675.69074237 0 74.83573971 0 392.68221416 0 11.13676575 0 65.68180589 0 87147
0.28450000 0.28449700 3636.17361509 0 15.15380519 0 346.50397627 0 -25.15820428 0 -67.71258098 0 87102
0.28550000 0.28549800 3647.02449342 0 45.70434239 0 376.11580176 0 33.01922273 0 -55.91933709 0 88971
0.28650000 0.28649900 3598.69379558 0 58.12328335 0 295.49045413 0 -19.04074482 0 5.48024717 0 89434
0.28750000 0.28750100 3593.52301989 0 33.05288260 0 288.63779230 0 176.69880285 0 26.86312086 0 89619
0.28850000 0.28849900 3579.35044412 0 11.49362678 0 188.02800561 0 114.91523036 0 120.48018082 0 90240
0.28950000 0.28950100 3600.93040520 0 8.78974291 0 226.45783059 0 152.81247652 0 49.14196707 0 91333
0.29050000 0.29050500 3602.34766277 0 52.40221312 0 139.30091854 0 51.91669167 0 143.98561917 0 92139
0.29150000 0.29150600 3553.65157822 0 63.00019954 0 171.11613668 0 -24.10179377 0 260.74106992 0 92370
0.29250000 0.29250200 3527.54303630 0 50.27599458 0 204.34639792 0 -58.25747993 0 307.78294915 0 91819
0.29350000 0.29349600 3478.26011853 0 120.39713838 0 201.28157841 0 32.79035778 0 321.95884661 0 93552
0.29450000 0.29450000 3446.67077582 0 91.46770026 0 203.23362928 0 -22.53140594 0 314.31783525 0 94701
0.29550000 0.29550200 3368.90983862 0 61.60442227 0 213.07249711 0 62.43473591 0 345.35909788 0 95020
0.29650000 0.29650300 3323.57974081 0 4.12552608 0 130.08985153 0 80.75445094 0 253.62931569 0 95151
0.29750000 0.29749800 3389.61508603 0 -27.51251271 0 77.35358637 0 62.14464100 0 264.27424877 0 95802
0.29850000 0.29850000 3411.27255338 0 -2.61446377 0 98.21428922 0 -7.44985874 0 187.05031932 0 97399
0.29950000 0.29950700 3425.35655055 0 8.53310857 0 168.87731260 0 -83.20364919 0 222.62127004 0 97881
0.30050000 0.30050300 3437.65790342 0 61.77670765 0 218.10929767 0 -157.80609501 0 164.72851249 0 97188
0.30150000 0.30149700 3389.79224323 0 109.77667514 0 239.99153321 0 -42.76342219 0 210.16822631 0 98263
0.30250000 0.30249700 3360.87133080 0 75.15440122 0 276.87012549 0 -52.16327235 0 311.41799338 0 100050
0.30350000 0.30350600 3347.63990264 0 -20.94706698 0 280.84619733 0 115.48213339 0 208.52730777 0 100779
0.30450000 0.30450500 3366.07532347 0 -19.29474395 0 292.70022828 0 79.64046434 0 199.18780179 0 99982
0.30550000 0.30550300 3381.16690219 0 95.78557477 0 153.84109550 0 52.16161150 0 154.11679638 0 101559
0.30650000 0.30649700 3329.59201319 0 47.36751630 0 157.10853855 0 -17.74262546 0 142.94924957 0 100935
0.30750000 0.30749800 3273.86500238 0 75.81409033 0 119.42720273 0 -51.79744273 0 89.71760860 0 103762
0.30850000 0.30850200 3264.90749160 0 51.11461246 0 113.74931456 0 -43.15338947 0 16.08388048 0 102951
0.30950000 0.30950100 3246.78209587 0 35.45923095 0 126.34519127 0 -56.43940419 0 -74.85965593 0 104394
0.31050000 0.31050000 3231.21440718 0 19.60377254 0 72.32055040 0 15.40791505 0 -36.38055910 0 103963
0.31150000 0.31149700 3251.54319554 0 1.91195798 0 109.24686440 0 23.01836679 0 -59.72677743 0 105936
0.31250000 0.31250000 3237.41490907 0 49.18049876 0 54.90832312 0 117.99555113 0 -76.80583846 0 105717
0.31350000 0.31349800 3180.73567833 0 84.52889575 0 31.74114428 0 110.01428723 0 37.24619346 0 106776
0.31450000 0.31450400 3164.39292690 0 91.26762335 0 5.22487507 0 105.69220524 0 30.07176987 0 108733
0.31550000 0.31549900 3103.55050202 0 48.07636653 0 -51.96651713 0 82.65711924 0 266.25840938 0 105891
0.31650000 0.31650000 3099.78591158 0 -8.77521602 0 -91.59182103 0 109.85119188 0 276.08952659 0 111072
0.31750000 0.31750600 3141.91610751 0 -10.13938180 0 -124.91353967 0 68.59449165 0 314.29458337 0 108121
0.31850000 0.31849900 3142.10433704 0 48.65699925 0 -157.32887781 0 8.31555953 0 261.57038705 0 110484
0.31950000 0.31950100 3116.89265342 0 52.37431086 0 -158.44939708 0 -57.91645232 0 264.50676759 0 110817
0.32050000 0.32049800 3062.62718949 0 66.52341330 0 -110.61141771 0 -122.97145390 0 319.87835678 0 111088
0.32150000 0.32149900 3071.91687001 0 59.30957223 0 -103.33634668 0 -70.04540910 0 230.54905461 0 112635
0.32250000 0.32250100 3009.26965619 0 59.67075147 0 -25.83538767 0 -22.35225573 0 171.26450583 0 113202
0.32350000 0.32350400 3010.77549236 0 51.26198511 0 -65.78810021 0 15.69933864 0 99.31820001 0 113863
0.32450000 0.32450300 2961.88010596 0 37.22725978 0 -64.68153206 0 -4.98508173 0 186.06377518 0 114045
0.32550000 0.32549900 2974.60220718 0 59.07273520 0 -75.38492702 0 59.09476913 0 131.81491973 0 114828
0.32650000 0.32650300 2924.53315435 0 42.65424907 0 -104.92046420 0 20.10224860 0 312.66141546 0 116431
0.32750000 0.32750400 2954.15162324 0 55.65681227 0 -150.77738322 0 0.59574976 0 195.28591452 0 116442
0.32850000 0.32850400 2890.00964556 0 28.24273253 0 -119.52242472 0 44.56289642 0 219.47451532 0 116955
0.32950000 0.32949800 2896.18800281 0 69.30145959 0 -141.00605657 0 -55.32508542 0 239.82766280 0 117028
0.33050000 0.33049700 2882.25901819 0 42.79752495 0 -95.55715271 0 -35.57338662 0 188.21180620 0 119061
0.33150000 0.33150100 2845.15565772 0 28.89588897 0 -121.35378724 0 32.93551596 0 196.79950133 0 120060
0.33250000 0.33250400 2849.78388950 0 47.26011475 0 -147.08144119 0 -3.51262861 0 156.43977013 0 119737
0.33350000 0.33350100 2817.71843682 0 57.93859697 0 -188.79753218 0 25.52414462 0 87.37990866 0 120531
0.33450000 0.33450000 2791.63203955 0 35.86536383 0 -113.37728445 0 -2.99908312 0 97.29583988 0 121704
0.33550000 0.33550300 2759.32299573 0 80.50067325 0 -227.86401584 0 58.15760756 0 185.46697687 0 122761
0.33650000 0.33650300 2744.56358675 0 4.65368705 0 -280.66571843 0 93.19298992 0 145.48038302 0 122472
0.33750000 0.33749900 2755.11551230 0 -5.01737970 0 -317.23539284 0 58.02163941 0 144.54809327 0 122985
0.33850000 0.33849800 2783.93677380 0 6.34918108 0 -322.87452787 0 30.44778602 0 31.46090374 0 125380
0.33950000 0.33950300 2766.60858546 0 56.84597996 0 -296.51464418 0 -142.77873577 0 77.13955833 0 125223
0.34050000 0.34050000 2755.17087392 0 85.97438775 0 -283.92541086 0 -115.05252719 0 109.13658404 0 125178
0.34150000 0.34149900 2692.41293685 0 24.77775920 0 -235.74861834 0 -24.55531620 0 13.86531875 0 127059
0.34250000 0.34250300 2720.29305074 0 28.05926411 0 -204.61877711 0 35.66451186 0 26.10400227 0 127957
0.34350000 0.34349800 2706.33084915 0 42.11967723 0 -234.43876232 0 -10.95237832 0 -69.33013691 0 126732
0.34450000 0.34449700 2722.16427364 0 30.87562065 0 -165.60876231 0 50.25030679 0 13.33672597 0 129639
0.34550000 0.34550000 2671.66340014 0 68.68871714 0 -199.10365212 0 -19.81060357 0 117.83832411 0 129826
0.34650000 0.34650400 2651.04673133 0 107.91696746 0 -153.68276125 0 -4.35111363 0 155.73999920 0 130875
0.34750000 0.34750200 2608.55114867 0 82.40920988 0 -145.90113137 0 14.89659509 0 195.08882714 0 130686
0.34850000 0.34850200 2540.55600196 0 40.97657041 0 -127.91856863 0 -7.69777917 0 217.84134741 0 132211
0.34950000 0.34950400 2566.11092764 0 47.89865572 0 -100.99610011 0 -49.40781359 0 201.80640661 0 132768
0.35050000 0.35050300 2532.16317975 0 35.38559999 0 -72.94037915 0 -58.83036201 0 165.10607877 0 132957
0.35150000 0.35150100 2532.47320485 0 38.57819413 0 -107.84078987 0 -36.19365826 0 117.02782994 0 133987
0.35250000 0.35249800 2503.68516032 0 35.43741848 0 -174.19424298 0 31.40188825 0 121.35489448 0 134778
0.35350000 0.35349800 2526.90382546 0 18.93976522 0 -186.15346101 0 76.40236295 0 72.57720689 0 135699
0.35450000 0.35450100 2552.62483602 0 -26.61864393 0 -257.96080916 0 118.98652420 0 122.84080047 0 137380
0.35550000 0.35550100 2561.41626192 0 6.85249575 0 -313.55163038 0 102.29233718 0 89.44223989 0 136161
0.35650000 0.35649900 2564.94833354 0 54.68078684 0 -328.43726386 0 49.74363720 0 155.25503137 0 138792
0.35750000 0.35750000 2517.08267335 0 67.85751771 0 -329.87334439 0 -33.78299170 0 241.81071618 0 138097
0.35850000 0.35849800 2491.56096464 0 68.20961764 0 -274.32791971 0 -2.16694255 0 278.21541295 0 140028
0.35950000 0.35950300 2472.69372315 0 49.74197635 0 -199.86874977 0 -47.59394534 0 310.60528474 0 141099
0.36050000 0.36050500 2444.00532954 0 56.27498017 0 -198.94753234 0 -26.80476971 0 336.88434047 0 140821
0.36150000 0.36150200 2435.52392873 0 40.23018500 0 -217.36634468 0 -12.63673359 0 332.02469710 0 141756
0.36250000 0.36250400 2416.32451750 0 22.96112287 0 -156.71879272 0 -27.03263815 0 299.21850590 0 142971
0.36350000 0.36349900 2455.39875178 0 76.60542938 0 -146.19897691 0 -86.10138732 0 285.61283316 0 142270
0.36450000 0.36450000 2373.60748835 0 73.40619185 0 -105.18675361 0 -56.61744717 0 266.59390082 0 145311
0.36550000 0.36550300 2350.22273833 0 59.48185760 0 -155.84407905 0 -12.88752175 0 251.00849641 0 145434
0.36650000 0.36650100 2325.01105472 0 37.56308339 0 -171.96649122 0 8.45878005 0 237.91547231 0 144547
0.36750000 0.36749600 2347.47680178 0 8.17793053 0 -123.56714498 0 25.61205888 0 143.94243711 0 146892
0.36850000 0.36849900 2324.54601708 0 23.50510619 0 -149.72661959 0 14.75907681 0 160.08699393 0 148113
0.36950000 0.36949900 2325.26571819 0 55.59635738 0 -223.72185912 0 34.89753192 0 129.76100348 0 147387
0.37050000 0.37049800 2299.11288697 0 44.15709572 0 -259.06361271 0 24.00003911 0 142.99464610 0 149758
0.37150000 0.37150100 2280.02419898 0 8.75457721 0 -264.68503202 0 65.44751549 0 156.30911670 0 150099
0.37250000 0.37250000 2304.06221616 0 21.93748644 0 -274.90146613 0 42.51750586 0 102.15802988 0 150468
0.37350000 0.37349800 2286.18041158 0 29.34653259 0 -304.63287274 0 -20.84331930 0 107.18420100 0 150709
0.37450000 0.37449700 2286.44614738 0 62.49408357 0 -285.55525707 0 -24.85526548 0 147.09140629 0 153108
0.37550000 0.37550100 2252.21051904 0 46.67638178 0 -291.81333506 0 -36.28688724 0 181.47540378 0 153189
0.37650000 0.37649900 2241.55894256 0 22.29224373 0 -276.19803537 0 70.85579255 0 168.84077393 0 153547
0.37750000 0.37749900 2260.34867778 0 7.39670051 0 -314.74190529 0 26.26975497 0 75.24309054 0 155424
0.37850000 0.37850200 2272.88254947 0 34.91170449 0 -301.10080112 0 -0.99081252 0 110.47866053 0 155313
0.37950000 0.37949900 2244.96921860 0 67.55325023 0 -343.70267809 0 -33.32747626 0 65.47209605 0 156100
0.38050000 0.38050000 2221.13050327 0 57.25787044 0 -358.19967298 0 0.59959628 0 155.53516119 0 157557
0.38150000 0.38149800 2211.84082275 0 12.41074744 0 -346.90700889 0 16.93445647 0 71.55999241 0 157692
0.38250000 0.38250100 2227.25349889 0 17.55351015 0 -370.99817323 0 37.80589948 0 96.86723019 0 159703
0.38350000 0.38350500 2236.93071079 0 33.99436238 0 -382.79794979 0 12.72221194 0 121.42797182 0 160338
0.38450000 0.38450600 2203.27084334 0 60.78008769 0 -362.58431360 0 -32.98678082 0 59.79620091 0 160167
0.38550000 0.38550000 2187.08310445 0 72.40159982 0 -395.11923285 0 -6.92803115 0 192.23659627 0 160033
0.38650000 0.38649600 2151.50772481 0 44.38629284 0 -386.08200133 0 -30.35488921 0 81.47260193 0 162444
0.38750000 0.38750200 2128.78731428 0 46.25507982 0 -347.04541295 0 13.12037274 0 136.02904656 0 164307
0.38850000 0.38850400 2113.09783001 0 60.57868210 0 -374.57453415 0 -11.36507709 0 93.58749685 0 163882
0.38950000 0.38950500 2065.59755654 0 72.53424627 0 -379.58697560 0 11.41490255 0 201.36572808 0 164595
0.39050000 0.39050100 2055.36672841 0 48.16162343 0 -418.99670132 0 22.69383695 0 150.02003620 0 165006
0.39150000 0.39150100 2026.40152668 0 29.08655441 0 -383.34381541 0 35.16957894 0 113.91429220 0 166687
0.39250000 0.39250100 2049.24373279 0 24.38225576 0 -409.61179881 0 4.77925828 0 142.07010698 0 167256
0.39350000 0.39350100 2048.02577706 0 9.05096120 0 -420.98307639 0 6.01677881 0 151.62330883 0 167937
0.39450000 0.39449600 2070.92334478 0 15.33793796 0 -454.58758222 0 -50.04591167 0 151.64988241 0 167719
0.39550000 0.39549700 2073.14888207 0 31.82540467 0 -435.11911349 0 1.80981578 0 157.94007014 0 171636
0.39650000 0.39650400 2074.71007987 0 17.82190330 0 -403.89847920 0 -4.60703934 0 128.25516730 0 171093
0.39750000 0.39750000 2061.46757939 0 62.49906612 0 -452.60342161 0 14.39568311 0 88.56176862 0 170464
0.39850000 0.39849800 2039.04612163 0 86.89538373 0 -455.11573211 0 5.34164381 0 98.03779636 0 172113
0.39950000 0.39949500 1992.73058691 0 50.91885376 0 -459.42950986 0 0.93715825 0 144.06533991 0 173232
