### header ###
fiducial parameters:
Omega_m = 0.31
Omega_nu = 0
Omega_de = 0.69
Omega_k = 0
H_0 = 100
w_de = -1
zeff = 0
beta = 0
fgrowth = 0
b_1 = 2
gamma = 0.55
Lx = 3500 Ly = 3500 Lz = 3500
nx = 700 ny = 700 nz = 700
xoffset = -685.467585 yoffset = -31.7331281 zoffset = 572.489161
bins = 400 dk = 0.001
kx_ny = 0.628318531 ky_ny = 0.628318531 kz_ny = 0.628318531
############################
A(data) = 8.02044317 (not used)
A(ran) = 8.01679328 (used)
Ngal = 476807
weighted Ngal = 0
Nran = 23820508
weighted Nran = 0
SN(data) = 3492.88993
SN(ran) = 69.8291769
SN(data+ran) = 3562.7191
############################
13 columns: k_central k_mean P_0(k) sigma^{lin}_{P_0(k)} P^img_1(k) sigma^{lin}_{P_1(k)} P_2(k) sigma^{lin}_{P_2(k)} P^img_3(k) sigma^{lin}_{P_3(k)} P_4(k) sigma^{lin}_{P_4(k)} N_modes
### header ###
0.00050000 0 0 0 0 0 0 0 0 0 0 0 0
0.00150000 0.00179520 2933.30243561 0 -4757.36829855 0 6671.89505527 0 -19232.84965649 0 -4377.85329307 0 3
0.00250000 0.00253879 11655.39344360 0 -16946.52530468 0 -11144.95926946 0 -14529.10462703 0 -26580.88729913 0 6
0.00350000 0.00331552 16377.73997875 0 -13716.94960158 0 -14490.24076691 0 37667.05252380 0 25465.90418989 0 7
0.00450000 0.00420575 40832.40874296 0 -28956.56531222 0 -19654.04089259 0 -2801.14316657 0 -30842.84656832 0 24
0.00550000 0.00557378 63572.52800900 0 -20181.19427720 0 -5752.42705768 0 -18971.65351401 0 -18315.39682201 0 45
0.00650000 0.00659388 85481.11568115 0 9036.27929704 0 -1806.93697645 0 -24779.30932789 0 48022.11214070 0 40
0.00750000 0.00754703 65670.62283888 0 6599.39347236 0 4434.41072824 0 -11288.56732235 0 1267.46009432 0 57
0.00850000 0.00846663 80148.35187875 0 -4766.23723073 0 11990.55271586 0 7434.78930760 0 26158.92100029 0 75
0.00950000 0.00948925 79265.55542096 0 2087.32145784 0 20422.46023500 0 12409.41876375 0 2079.41581792 0 112
0.01050000 0.01054430 75601.39096872 0 -2334.64397731 0 24603.92370276 0 21866.18066810 0 8627.46692009 0 105
0.01150000 0.01145670 71364.01226063 0 8973.76495112 0 7566.88214269 0 28927.44509795 0 21060.22614455 0 144
0.01250000 0.01249090 75464.53703397 0 -4963.77857782 0 12991.82304921 0 15107.19070581 0 8999.77384212 0 169
0.01350000 0.01339930 75986.92931891 0 -5690.14523058 0 8691.43174057 0 -4905.75959577 0 -1960.32189217 0 180
0.01450000 0.01448870 71694.18898672 0 1583.08778560 0 -2237.01928938 0 -666.36793903 0 -838.05430043 0 267
0.01550000 0.01550050 79686.41448732 0 -528.15543001 0 -2020.76571335 0 -12684.23386574 0 11081.84701799 0 238
0.01650000 0.01653350 79959.23657085 0 -8427.11320250 0 -8673.31741716 0 -10672.20421667 0 -15137.75032231 0 315
0.01750000 0.01747870 85873.62959598 0 -8353.39366385 0 -1538.88706492 0 -10355.90111358 0 -29623.89432904 0 297
0.01850000 0.01844180 93741.73433535 0 -2080.27945925 0 -6448.57733600 0 -15327.97286269 0 -29177.45819235 0 388
0.01950000 0.01947590 87334.62285580 0 6487.82872749 0 -1646.78687028 0 -13688.49372680 0 -29211.78239929 0 399
0.02050000 0.02045430 89338.27075498 0 5805.96174818 0 3859.65741923 0 -99.45394671 0 -19560.03685488 0 462
0.02150000 0.02154770 81943.06500860 0 1423.53558496 0 533.02836016 0 1850.70587646 0 -10191.08955866 0 571
0.02250000 0.02255340 79405.17743692 0 4374.36551075 0 6833.29633415 0 16232.91397012 0 -9431.41735285 0 510
0.02350000 0.02348930 80491.70467138 0 1425.82755620 0 1316.26690212 0 9214.68766685 0 6029.84415601 0 555
0.02450000 0.02439640 76789.45142177 0 4596.79744403 0 1104.54855033 0 5766.76571832 0 6015.66050792 0 592
0.02550000 0.02547300 74013.84103623 0 821.09149881 0 5334.13677068 0 1139.75189986 0 15316.12547514 0 837
0.02650000 0.02652900 74240.15935552 0 2355.69246679 0 12864.93420679 0 -8615.91848530 0 6304.93606613 0 723
0.02750000 0.02749970 75985.71136318 0 5003.07425860 0 20854.72379592 0 -17605.32863139 0 4948.90844559 0 826
0.02850000 0.02848090 69996.80159202 0 2994.28880071 0 22111.76483258 0 -6353.13389607 0 4396.93090873 0 831
0.02950000 0.02946900 68918.13570819 0 1376.33426426 0 24970.86054725 0 -3629.35306300 0 626.76223315 0 996
0.03050000 0.03053250 66423.09803356 0 2907.28247228 0 22765.25344338 0 2411.43054993 0 -10898.83256106 0 1041
0.03150000 0.03150510 63368.68650908 0 4230.01561209 0 21640.74813480 0 10573.61623649 0 -4516.54523375 0 1036
0.03250000 0.03246190 60318.92536104 0 1405.04480251 0 21715.48632732 0 5436.11288226 0 -9826.16787728 0 1059
0.03350000 0.03345080 58546.35688082 0 843.50077701 0 15084.38171668 0 4762.22904915 0 -2688.02829622 0 1302
0.03450000 0.03451200 56581.01922551 0 3526.94513076 0 19099.98175866 0 -173.78124526 0 -3967.11433160 0 1339
0.03550000 0.03553350 53748.05419741 0 4094.23569284 0 18990.03357321 0 -2861.15516709 0 1462.80912109 0 1365
0.03650000 0.03647120 51098.33614506 0 5591.00363415 0 24739.44895854 0 3887.02820618 0 11333.63168437 0 1308
0.03750000 0.03744890 48722.87957847 0 1434.15394446 0 22607.02992172 0 4575.68252060 0 11303.29351436 0 1579
0.03850000 0.03847530 48828.17738749 0 -349.87439194 0 24237.54047451 0 4444.88514752 0 4025.89730406 0 1662
0.03950000 0.03950240 47897.76993298 0 554.24736345 0 24028.71642843 0 5761.11883266 0 5648.98939923 0 1683
0.04050000 0.04050350 46620.90943490 0 2625.83504772 0 22629.06384811 0 -4787.09749069 0 3308.80925950 0 1822
0.04150000 0.04152450 44105.27723610 0 1596.13098423 0 21029.77725130 0 821.06381800 0 4906.19141644 0 1887
0.04250000 0.04250150 42989.96195712 0 616.33210317 0 19668.10274511 0 2532.47320485 0 5353.51333911 0 1920
0.04350000 0.04349210 43803.99927778 0 -104.58851590 0 20311.84771006 0 4000.77419905 0 1554.14472852 0 2005
0.04450000 0.04448520 44552.82060527 0 -557.58788384 0 18872.99909988 0 4806.17510635 0 -3782.83762964 0 2151
0.04550000 0.04548030 43435.40158457 0 1439.59045595 0 14347.18633026 0 -1168.75031856 0 -2786.95951848 0 2274
0.04650000 0.04648670 41532.51184124 0 2490.49802146 0 17739.63593144 0 -3249.45052615 0 4043.29192635 0 2311
0.04750000 0.04749250 41252.16057683 0 1042.96760138 0 18619.11069179 0 -241.99340954 0 2186.24160777 0 2568
0.04850000 0.04851840 40017.37491306 0 -700.38544257 0 20272.98384995 0 3028.98946669 0 1117.87298602 0 2493
0.04950000 0.04949480 41110.10264941 0 -133.03730439 0 18097.93636257 0 393.48274324 0 -2249.67495665 0 2644
0.05050000 0.05050630 41057.50910652 0 -488.99704606 0 17696.12169491 0 1576.64369255 0 -4275.03568480 0 2829
0.05150000 0.05149060 40496.25296146 0 -73.08675528 0 15881.47838038 0 1736.52806293 0 -1605.78605147 0 2784
0.05250000 0.05249300 40202.06129103 0 1111.55068854 0 15366.17238332 0 1587.85995759 0 -4230.97890435 0 3055
0.05350000 0.05348950 38453.85192541 0 96.22127076 0 11529.72255690 0 1858.73331196 0 -4194.99384869 0 3009
0.05450000 0.05448610 38714.05155865 0 304.87314218 0 12938.01155059 0 1651.37081275 0 -8980.27547811 0 3336
0.05550000 0.05550870 37813.31793466 0 1172.16059460 0 10915.83965198 0 1246.71055761 0 -8101.52041888 0 3349
0.05650000 0.05647670 36029.12351338 0 1987.27193078 0 10534.30948338 0 -1777.35172454 0 -9058.32429576 0 3324
0.05750000 0.05747970 35199.58493797 0 1371.19670554 0 11311.70848123 0 -750.35816617 0 -5092.12896712 0 3639
0.05850000 0.05849280 33439.08529180 0 1756.27001808 0 10328.79606242 0 203.20705570 0 -3792.31553969 0 3846
0.05950000 0.05951020 32604.89633996 0 1767.63022335 0 12465.66617382 0 910.10413249 0 -2400.52430998 0 3787
0.06050000 0.06049470 31509.28979916 0 1713.02151734 0 12161.17724131 0 1648.28163413 0 1363.49036747 0 3930
0.06150000 0.06148310 31958.93691004 0 -722.70503494 0 12782.22394039 0 2903.55109882 0 1768.07311634 0 4083
0.06250000 0.06249100 31722.54277517 0 -690.25647982 0 12844.89329886 0 2324.22491966 0 2616.95504321 0 4303
0.06350000 0.06350600 32417.44188078 0 -233.96265235 0 12808.24390371 0 -561.04023472 0 -706.23384454 0 4470
0.06450000 0.06451750 32379.90669965 0 1016.86902455 0 13746.95560184 0 -1347.41335183 0 931.51357976 0 4479
0.06550000 0.06550280 31918.74437095 0 126.32858279 0 13925.33075467 0 -1114.28555277 0 1760.25605502 0 4636
0.06650000 0.06648880 32431.94662630 0 724.23744469 0 15140.18623377 0 -16.27941773 0 2601.22126964 0 4653
0.06750000 0.06749660 31873.56928569 0 326.55607588 0 15399.94297401 0 502.50971127 0 2179.18853686 0 5220
0.06850000 0.06852730 31300.68719958 0 622.41523843 0 14922.83649758 0 2920.43639417 0 1197.22833799 0 5029
0.06950000 0.06949320 31261.93406271 0 713.99554423 0 14079.56823939 0 2199.84949497 0 2915.81923472 0 5040
0.07050000 0.07048030 30441.91768664 0 344.45116725 0 13116.82959641 0 588.26265252 0 444.61141756 0 5475
0.07150000 0.07148790 30037.44566102 0 630.11604034 0 13612.53757854 0 -698.23962602 0 1342.04327429 0 5509
0.07250000 0.07249820 29508.85287417 0 929.40873081 0 13505.46819754 0 -360.94339507 0 -583.83261536 0 5916
0.07350000 0.07351270 28396.08422990 0 638.85321185 0 12234.14386187 0 292.79434304 0 208.59263449 0 5721
0.07450000 0.07449140 28329.31811124 0 -117.65009459 0 11790.58652963 0 1541.57763985 0 -474.12912829 0 6028
0.07550000 0.07549160 27946.99073526 0 243.49481678 0 10670.88661002 0 2404.20032182 0 -3088.40356167 0 6183
0.07650000 0.07648840 27799.28592218 0 678.79662363 0 8368.45202561 0 2035.71335186 0 -2547.88588099 0 6330
0.07750000 0.07749960 26744.64698320 0 263.03636286 0 7772.99346919 0 2641.83455708 0 -1897.12106210 0 6583
0.07850000 0.07848650 26034.02517634 0 147.27409965 0 5695.16099372 0 961.41882186 0 -576.88583877 0 6549
0.07950000 0.07947320 26205.31404128 0 142.11993244 0 5443.18809782 0 1882.08484500 0 -1758.30732585 0 6828
0.08050000 0.08048110 25721.45344671 0 459.47933532 0 5817.04514532 0 -307.23929800 0 -386.00338783 0 7147
0.08150000 0.08149960 25554.48278844 0 866.26215514 0 7159.86348235 0 -1571.81615893 0 -796.01821926 0 7386
0.08250000 0.08250610 24414.03333212 0 1579.94324535 0 8339.80792130 0 -2496.33313664 0 484.87814123 0 7227
0.08350000 0.08350160 24069.01969077 0 754.33534524 0 9367.28644750 0 -997.15253575 0 923.86149608 0 7798
0.08450000 0.08449610 23655.91125179 0 -265.74022458 0 10011.69575194 0 -615.40867128 0 -653.46535891 0 7371
0.08550000 0.08548940 24122.16684990 0 -12.13106052 0 11159.90690796 0 283.18688679 0 490.61139102 0 8256
0.08650000 0.08650700 24023.73388227 0 273.31701645 0 10374.39189603 0 1184.99341907 0 -500.15905671 0 8037
0.08750000 0.08749060 23013.27351932 0 775.64735606 0 9132.80782481 0 1919.76396636 0 -699.36457422 0 8155
0.08850000 0.08849210 22558.09024602 0 778.89708339 0 8331.72512418 0 1440.16621684 0 -572.60195630 0 8718
0.08950000 0.08949900 21783.91329470 0 269.22136350 0 6708.71053529 0 1682.51726247 0 -581.27823003 0 8571
0.09050000 0.09049190 21088.57129609 0 630.10718248 0 6876.69984744 0 650.64634502 0 -776.29176536 0 8932
0.09150000 0.09150830 20499.30216924 0 891.35868657 0 5800.40344112 0 -201.92598772 0 -379.81838718 0 9285
0.09250000 0.09250820 20344.28962178 0 239.25522361 0 6195.98438992 0 -185.85450824 0 269.92999229 0 9204
0.09350000 0.09350330 19886.44899053 0 348.54792743 0 6280.55480688 0 -386.92017632 0 -472.85470371 0 9349
0.09450000 0.09448040 19923.98417166 0 316.11708804 0 6484.41845144 0 208.90930298 0 -234.32693183 0 9564
0.09550000 0.09549270 19068.31490968 0 868.02597648 0 7143.35464605 0 -154.99593897 0 -96.17520988 0 10155
0.09650000 0.09649430 18506.72659488 0 1184.88269582 0 7238.90880923 0 -287.24378661 0 615.11968360 0 9913
0.09750000 0.09749140 17698.66832961 0 419.11960413 0 7437.00377256 0 178.50469903 0 1011.38158037 0 10476
0.09850000 0.09850240 17102.97725437 0 457.02460091 0 6931.13139625 0 1262.12323375 0 1912.67767847 0 10575
0.09950000 0.09950330 17061.89892929 0 -216.20264334 0 6391.41092297 0 1344.36846251 0 1233.06945343 0 10882
0.10050000 0.10051200 17534.24430606 0 -386.47063993 0 6073.01515048 0 1289.26150188 0 709.40495836 0 10875
0.10150000 0.10150300 17105.52388908 0 213.02377888 0 6014.01073152 0 107.02332013 0 789.07808606 0 11118
0.10250000 0.10250800 17029.78918732 0 399.58691592 0 4945.63103745 0 224.71283219 0 792.82053185 0 11575
0.10350000 0.10349800 16639.26829097 0 313.35897192 0 5418.23107768 0 33.06162974 0 1543.52636902 0 11364
0.10450000 0.10450100 16320.60678268 0 335.55344702 0 5125.11342276 0 -111.73968760 0 746.53046348 0 12093
0.10550000 0.10551000 16279.86062735 0 307.23929800 0 5283.54731859 0 204.71399911 0 627.85839331 0 12067
0.10650000 0.10649700 16140.57078113 0 94.97264469 0 5257.27269179 0 -7.69545398 0 53.84338691 0 12054
0.10750000 0.10749900 15582.41488703 0 266.87845957 0 5264.18182248 0 166.19338106 0 614.73990286 0 12807
0.10850000 0.10850100 15935.06843250 0 237.30538721 0 5116.00089943 0 154.75234783 0 -271.19777348 0 12736
0.10950000 0.10950300 15453.42230289 0 -135.61051268 0 4685.57534443 0 733.12519982 0 112.82034651 0 12933
0.11050000 0.11050200 15699.78153010 0 -27.65556715 0 4540.79362510 0 879.69620684 0 -446.72955330 0 13428
0.11150000 0.11150900 15407.36143164 0 297.34506854 0 4952.32979396 0 0.51560716 0 78.12787405 0 13453
0.11250000 0.11250000 15400.49659026 0 463.74771654 0 4847.28664841 0 -83.33618492 0 -601.89600607 0 13668
0.11350000 0.11349100 14956.05347203 0 663.71722446 0 5253.09842533 0 -650.64080885 0 337.75573243 0 13791
0.11450000 0.11448600 14498.65573378 0 557.24353454 0 5489.94652553 0 -172.29423204 0 1438.56072974 0 14205
0.11550000 0.11549300 14300.46111952 0 90.72574378 0 6031.39428149 0 55.44245206 0 1385.92289755 0 14776
0.11650000 0.11649800 14238.01320755 0 -8.55527536 0 6135.47413478 0 728.50361144 0 2233.94118309 0 14553
0.11750000 0.11747300 14411.51653745 0 43.72704662 0 6277.93066590 0 863.29477209 0 1715.87817715 0 14568
0.11850000 0.11849100 14129.50442432 0 18.25206312 0 5891.84977180 0 321.78279665 0 2458.23326694 0 16015
0.11950000 0.11950300 14492.34450863 0 92.73293482 0 5657.36007679 0 529.38335083 0 2296.25622716 0 15270
0.12050000 0.12050700 14095.84455687 0 -8.69447663 0 5289.42672306 0 -192.88654174 0 1895.47128570 0 15999
0.12150000 0.12150000 14174.90095608 0 219.21874462 0 5452.71029717 0 46.69066508 0 1296.59138091 0 15670
0.12250000 0.12250700 13921.56616423 0 381.53238307 0 4684.99958354 0 -503.08436492 0 968.89485558 0 16887
0.12350000 0.12352200 13547.65375510 0 203.59237260 0 4900.98742378 0 -437.55945388 0 447.16469566 0 16407
0.12450000 0.12449800 13540.12457423 0 -42.78689552 0 4869.98491428 0 230.63209704 0 -45.74254191 0 16306
0.12550000 0.12549900 13511.77942269 0 -86.88143260 0 4725.75681120 0 172.97518001 0 -599.16335631 0 17523
0.12650000 0.12650100 13432.05868400 0 257.89769691 0 4393.83065778 0 909.92586806 0 -816.09345139 0 17154
0.12750000 0.12750600 13521.85523828 0 86.12585716 0 4301.79749389 0 378.37787773 0 -481.85096762 0 18007
0.12850000 0.12850300 13276.82469004 0 198.50463935 0 4433.77960573 0 261.64678609 0 80.64007382 0 17496
0.12950000 0.12949900 13173.07700649 0 418.46744420 0 4635.84953367 0 -126.27100670 0 281.97446723 0 18405
0.13050000 0.13049000 12884.42149847 0 337.48335324 0 4766.04900121 0 -91.23197047 0 801.05723428 0 18100
0.13150000 0.13148800 12735.83089940 0 116.85067274 0 5157.02386288 0 -203.86585903 0 1102.10378101 0 19059
0.13250000 0.13249300 12765.83689966 0 4.91455102 0 5122.03531646 0 350.26192331 0 1199.29886273 0 18957
0.13350000 0.13349100 12693.09172560 0 22.41581087 0 5082.81714195 0 73.68488227 0 914.25957600 0 19468
0.13450000 0.13450700 12599.75202738 0 126.34076234 0 4472.67668282 0 382.25762034 0 720.86924348 0 19953
0.13550000 0.13551000 12387.93845360 0 143.23380832 0 4319.59071987 0 662.54577250 0 497.50723491 0 19956
0.13650000 0.13649900 12325.82271137 0 67.92771625 0 4338.25865952 0 469.65369460 0 384.03251401 0 19723
0.13750000 0.13749600 12122.42410445 0 208.88715833 0 3830.63685588 0 332.49637814 0 6.69468190 0 20946
0.13850000 0.13851100 12024.87692279 0 372.04007900 0 3612.24632116 0 -71.49045821 0 47.65827555 0 20955
0.13950000 0.13949800 11459.19184781 0 349.06389777 0 3608.21599493 0 -220.20971769 0 41.69616080 0 20506
0.14050000 0.14048300 11583.64477877 0 61.58781379 0 3734.31870229 0 -165.70841324 0 210.23133856 0 21447
0.14150000 0.14148400 11427.19282908 0 61.31543459 0 3486.97403816 0 218.77031546 0 -113.35624703 0 21771
0.14250000 0.14249400 11368.39878430 0 150.50721849 0 3518.69624877 0 96.29645184 0 360.65883632 0 22470
0.14350000 0.14350900 11218.25805976 0 191.06735877 0 3521.88507832 0 561.02362624 0 189.36000628 0 22519
0.14450000 0.14449900 11104.10239088 0 81.44503184 0 3318.63041162 0 343.37936621 0 404.38566149 0 22218
0.14550000 0.14550500 10750.16445572 0 254.43759540 0 3291.97932578 0 842.63049228 0 607.00699121 0 23559
0.14650000 0.14650700 10718.99586136 0 283.20681698 0 2963.93955838 0 293.91043338 0 841.88975375 0 23044
0.14750000 0.14750500 10608.69336152 0 25.88144854 0 2889.07957028 0 324.67267342 0 689.99406572 0 23649
0.14850000 0.14849900 10374.08187093 0 78.93526797 0 2721.53315112 0 109.41438867 0 1468.47815140 0 23640
0.14950000 0.14949500 10404.11001584 0 143.81731984 0 2759.28977876 0 13.16222613 0 1056.04733869 0 24457
0.15050000 0.15050000 10277.55334316 0 193.19878130 0 2876.45711999 0 -93.97646762 0 974.90269903 0 24591
0.15150000 0.15149900 10269.58126929 0 -12.21044909 0 2943.71042093 0 -234.97244837 0 693.17293018 0 25020
0.15250000 0.15250500 10123.20513519 0 89.99773842 0 3095.15767980 0 -264.86329645 0 694.18826236 0 25297
0.15350000 0.15350100 10161.43787279 0 200.49876505 0 3279.94370870 0 -288.31890935 0 377.15881476 0 25452
0.15450000 0.15450400 9892.54646457 0 199.45132312 0 3333.78842430 0 62.99942448 0 496.79749889 0 26061
0.15550000 0.15549900 9816.33565284 0 227.18417509 0 3188.44201640 0 74.78093170 0 475.06584697 0 26128
0.15650000 0.15649500 9567.56265882 0 109.87101135 0 3035.62178925 0 518.36749487 0 183.98217812 0 26331
0.15750000 0.15749700 9528.44413523 0 107.29603149 0 3062.57182786 0 431.68226387 0 351.90948525 0 27345
0.15850000 0.15849900 9445.51242234 0 67.43676937 0 2699.44386311 0 57.19531181 0 32.28379892 0 26980
0.15950000 0.15949700 9250.96060295 0 256.77717764 0 2701.66940040 0 145.19250258 0 458.93900587 0 27777
0.16050000 0.16050000 9203.79249923 0 214.66801912 0 2699.96426238 0 -438.45963389 0 89.36451216 0 28224
0.16150000 0.16150500 8972.23697029 0 101.90535942 0 2677.77532344 0 -182.27261116 0 395.36946739 0 28075
0.16250000 0.16249700 9045.23680782 0 84.03030896 0 2874.43088454 0 198.53121293 0 41.18240493 0 28590
0.16350000 0.16349900 8819.33923687 0 9.52579785 0 2442.23375757 0 85.31945974 0 -155.33585935 0 29163
0.16450000 0.16449100 8942.34169328 0 145.73615373 0 2550.05605666 0 202.78298566 0 -254.04342064 0 28996
0.16550000 0.16550500 8729.89699699 0 118.59899283 0 2392.82904423 0 237.57998087 0 -167.26296764 0 30777
0.16650000 0.16650700 8718.43714080 0 74.72568080 0 2491.79348346 0 243.67197398 0 264.69942604 0 29211
0.16750000 0.16749900 8557.89950326 0 87.25146970 0 2184.51432509 0 98.34472121 0 -96.45113222 0 30922
0.16850000 0.16850800 8604.63578631 0 111.63560775 0 2514.29244749 0 66.27982215 0 50.66507607 0 30867
0.16950000 0.16949900 8425.02053311 0 143.10536935 0 2320.68177571 0 -68.65860041 0 263.40617851 0 30852
0.17050000 0.17049200 8483.70385465 0 109.47772237 0 2603.72361505 0 35.56928986 0 479.27997380 0 31257
0.17150000 0.17149500 8401.19289010 0 64.81572864 0 2489.25792108 0 -47.55375280 0 341.03314058 0 32608
0.17250000 0.17250900 8340.81550286 0 79.91826897 0 2540.04667502 0 100.09259840 0 -18.56308473 0 32361
0.17350000 0.17350400 8195.25872079 0 218.56658469 0 2356.14643211 0 70.02713976 0 140.27306866 0 32508
0.17450000 0.17449800 8126.04561835 0 163.95898591 0 2229.85549523 0 -32.19477743 0 -127.71262339 0 32791
0.17550000 0.17549800 7997.92774788 0 -43.44547740 0 2312.64326790 0 181.89725935 0 -54.12949579 0 33633
0.17650000 0.17650100 8039.60397849 0 94.75009096 0 2271.04454355 0 -172.83456149 0 -408.38166352 0 33984
0.17750000 0.17750300 7940.26308022 0 66.18227497 0 2159.83411307 0 141.69143347 0 -243.69411863 0 34069
0.17850000 0.17849800 7877.38334758 0 185.93201452 0 2194.16939234 0 -15.27825812 0 -45.67799025 0 34536
0.17950000 0.17950400 7789.05941250 0 113.80135449 0 2265.25371767 0 281.46071135 0 116.05346535 0 35343
0.18050000 0.18050100 7629.64007976 0 137.69875314 0 2082.13960982 0 416.84424138 0 422.15120666 0 34990
0.18150000 0.18150500 7584.95217679 0 46.94909314 0 1837.62946085 0 244.96189982 0 283.27325093 0 36243
0.18250000 0.18250200 7441.01195415 0 117.16734123 0 1857.42677763 0 164.53917574 0 232.49224761 0 35694
0.18350000 0.18350400 7518.93897622 0 23.07793590 0 1751.92966676 0 39.11542333 0 92.93810500 0 37087
0.18450000 0.18450600 7427.27119905 0 10.22436189 0 1795.76500071 0 -279.68692492 0 255.77402501 0 36651
0.18550000 0.18550700 7509.53857245 0 37.86602220 0 1844.58288084 0 -170.80721881 0 75.43309163 0 37818
0.18650000 0.18651000 7595.11657097 0 -6.91319423 0 2018.50695909 0 -203.15058684 0 -68.43438584 0 37267
0.18750000 0.18750100 7590.14509713 0 29.28541336 0 1979.80918385 0 -116.73552056 0 -215.10426872 0 38334
0.18850000 0.18850000 7619.18780513 0 130.70768725 0 2191.78884250 0 -115.21750483 0 -266.80316776 0 38223
0.18950000 0.18949500 7529.70127595 0 62.42388503 0 2165.18204596 0 -15.02957371 0 17.01927048 0 39064
0.19050000 0.19050000 7435.96297403 0 56.62619431 0 2228.12821256 0 183.22372387 0 -88.58568484 0 39609
0.19150000 0.19149800 7422.35508683 0 90.21054850 0 2152.37136615 0 116.36016875 0 29.91908251 0 39576
0.19250000 0.19250400 7278.39271954 0 223.75950503 0 2010.46845127 0 241.36450149 0 -277.70719324 0 40909
0.19350000 0.19350500 7113.68081553 0 115.56074690 0 1898.88156175 0 179.71822583 0 77.45910563 0 40191
0.19450000 0.19450100 7007.08754451 0 83.15814193 0 1879.77072911 0 103.99825026 0 -110.45529793 0 41232
0.19550000 0.19549800 6922.16281315 0 169.64905364 0 1855.30089126 0 126.66961039 0 -45.96919240 0 40873
0.19650000 0.19649700 6832.64306699 0 80.01769845 0 1932.61893547 0 15.33638783 0 46.41872878 0 42816
0.19750000 0.19750200 6734.44261817 0 103.32505291 0 1876.57082724 0 85.28723927 0 55.38133283 0 41727
0.19850000 0.19849000 6741.03065144 0 67.34575486 0 1929.51868452 0 24.10090799 0 212.38269128 0 42610
0.19950000 0.19949900 6663.52437771 0 124.78067178 0 1917.84845416 0 -65.53675843 0 22.92668794 0 43863
0.20050000 0.20050100 6489.33456366 0 162.17744885 0 1883.42459630 0 45.31924693 0 239.44345313 0 43302
0.20150000 0.20150100 6441.32496325 0 103.57683758 0 1741.18951168 0 203.56801349 0 137.69321698 0 44487
0.20250000 0.20249700 6444.05982748 0 -11.88038308 0 1496.95617083 0 333.63904206 0 56.59895639 0 43759
0.20350000 0.20349100 6405.57242641 0 -67.64503980 0 1469.82897503 0 188.21180620 0 -102.97871059 0 45282
0.20450000 0.20449700 6397.46748464 0 39.69749545 0 1327.81533690 0 42.97634300 0 -228.97789171 0 45483
0.20550000 0.20549900 6316.79452601 0 179.19561210 0 1341.62252595 0 -55.66821677 0 -132.45157841 0 46138
0.20650000 0.20650200 6267.85485031 0 126.48913150 0 1312.84555375 0 -314.23700728 0 -141.39912410 0 46227
0.20750000 0.20749300 6182.01111599 0 30.38500594 0 1413.13867195 0 62.03303197 0 3.20441938 0 46236
0.20850000 0.20850300 6196.77052498 0 9.44408409 0 1467.48164216 0 11.98878114 0 -235.16399959 0 48361
0.20950000 0.20950400 6171.09380372 0 88.14423125 0 1427.35553702 0 183.26247700 0 -326.64133278 0 46812
0.21050000 0.21050300 6021.80564819 0 154.77781417 0 1272.97411207 0 109.94187422 0 -276.89448460 0 48813
0.21150000 0.21149700 5857.18232279 0 203.76510087 0 1132.56596105 0 138.50814009 0 -116.19740558 0 47215
0.21250000 0.21249000 5808.79626333 0 58.65143324 0 1102.70722271 0 192.37832203 0 -171.02755808 0 50004
0.21350000 0.21350300 5707.66164844 0 -16.80269581 0 1018.40586324 0 219.22981694 0 -82.16739031 0 49509
0.21450000 0.21449800 5733.78126269 0 -12.49877243 0 826.68966624 0 253.26835790 0 -54.43154881 0 49660
0.21550000 0.21550100 5820.75437414 0 3.68618731 0 982.71090249 0 -48.35804648 0 88.19438888 0 50841
0.21650000 0.21649800 5785.79904468 0 8.85715123 0 907.63611129 0 -86.81544155 0 38.17294704 0 50424
0.21750000 0.21750300 5831.16235947 0 102.86876241 0 993.87402037 0 -168.36687842 0 110.58285111 0 52231
0.21850000 0.21850300 5772.11365121 0 88.44949524 0 960.54964436 0 -157.24362091 0 254.28369009 0 51078
0.21950000 0.21950100 5741.37687751 0 70.79932369 0 1112.03787084 0 -33.21542433 0 79.91195774 0 52791
0.22050000 0.22050700 5701.12897680 0 84.06463317 0 1225.49598325 0 -26.20110656 0 72.74949227 0 52969
0.22150000 0.22150000 5514.89247335 0 211.97633696 0 1131.71339204 0 30.77563756 0 75.79626389 0 52704
0.22250000 0.22250100 5424.01083124 0 190.08192186 0 1235.76002836 0 138.10178577 0 314.15175038 0 54051
0.22350000 0.22349900 5381.69240578 0 -82.99980769 0 1098.44659212 0 195.77088235 0 256.09733689 0 53938
0.22450000 0.22449800 5435.91358042 0 -34.33350769 0 1174.04288982 0 134.93399363 0 58.41072090 0 54735
0.22550000 0.22549100 5497.02174109 0 17.73099952 0 1077.39478094 0 26.76778814 0 181.68688518 0 54774
0.22650000 0.22649900 5443.48705059 0 58.09183795 0 1085.02250551 0 -89.17185371 0 175.65136092 0 56911
0.22750000 0.22749800 5407.33591006 0 103.94510310 0 1066.63469568 0 -28.26421284 0 328.65871036 0 54879
0.22850000 0.22849100 5349.98126750 0 87.21891706 0 1088.58225794 0 51.58009300 0 308.23691446 0 57210
0.22950000 0.22949800 5238.94799422 0 67.96226191 0 1048.88022284 0 203.97879674 0 288.77619636 0 57375
0.23050000 0.23049600 5253.55239065 0 96.20322287 0 1020.47085182 0 147.14455344 0 188.85178657 0 57604
0.23150000 0.23150100 5150.14794917 0 115.72129561 0 980.21520048 0 83.52651818 0 144.97880671 0 58629
0.23250000 0.23250200 5040.23298070 0 108.35997118 0 911.62325546 0 -81.62794664 0 422.65831914 0 58560
0.23350000 0.23350400 5022.11865729 0 81.73512675 0 937.23022106 0 -53.19122698 0 425.70985186 0 59305
0.23450000 0.23449700 5012.14249263 0 15.76056859 0 921.32150476 0 -40.98631406 0 455.56748297 0 59196
0.23550000 0.23549300 4982.45758979 0 33.97044616 0 1014.78521302 0 -64.84628826 0 193.68707082 0 60063
0.23650000 0.23649900 4961.50875124 0 86.52346434 0 1003.79039448 0 -15.28866611 0 314.63228928 0 61537
0.23750000 0.23750400 4976.84392111 0 4.48195529 0 1018.13126958 0 93.68039366 0 167.87194551 0 61224
0.23850000 0.23850100 4952.41837256 0 -1.43702168 0 946.38371199 0 198.72165692 0 276.51581109 0 61221
0.23950000 0.23949400 4969.21508931 0 4.97707644 0 748.61648948 0 161.57400715 0 228.25929783 0 62332
0.24050000 0.24050100 4922.36808300 0 102.41523998 0 780.41177743 0 194.98253282 0 448.63177870 0 63447
0.24150000 0.24150500 4885.81833878 0 40.96771255 0 578.53118624 0 43.21605883 0 580.28614972 0 63342
0.24250000 0.24250300 4831.16534347 0 5.01240823 0 596.93228286 0 272.91730552 0 622.89799179 0 63379
0.24350000 0.24349600 4852.92246174 0 -12.09684703 0 517.09860645 0 82.68225341 0 504.55034073 0 64266
0.24450000 0.24449500 4864.01693121 0 14.82617510 0 599.76790524 0 40.89961775 0 483.18518276 0 64695
0.24550000 0.24549600 4889.71579711 0 40.30746982 0 645.21204799 0 -138.44834953 0 494.89527349 0 65947
0.24650000 0.24650000 4837.55407489 0 125.08405348 0 689.37623000 0 -165.03964482 0 587.69464226 0 66018
0.24750000 0.24750000 4801.79046573 0 83.35223979 0 793.61995370 0 -171.23350332 0 539.75590472 0 66303
0.24850000 0.24849600 4741.19163199 0 101.90790606 0 799.37424091 0 -13.60799793 0 440.93429849 0 66958
0.24950000 0.24949200 4678.50012887 0 111.94231115 0 801.69721466 0 -23.54408077 0 362.10156024 0 66975
0.25050000 0.25048900 4619.22997412 0 52.06118551 0 802.28183341 0 40.28100697 0 246.66039445 0 68676
0.25150000 0.25150000 4590.89589491 0 41.45245893 0 729.39714806 0 -3.98990118 0 119.39287852 0 69349
0.25250000 0.25249900 4527.79471576 0 91.67641359 0 653.37456585 0 -10.47691055 0 192.95408292 0 68592
0.25350000 0.25349900 4525.72419102 0 65.74702188 0 710.19552236 0 -39.91838833 0 93.90195088 0 70437
0.25450000 0.25450100 4463.46450857 0 43.37273223 0 696.53005906 0 14.50729215 0 180.18547794 0 70099
0.25550000 0.25550100 4480.90342016 0 86.62986938 0 699.38671887 0 86.68058063 0 164.94442282 0 71064
0.25650000 0.25650300 4391.71584374 0 58.25338317 0 791.33794756 0 19.68072520 0 208.41104836 0 71409
0.25750000 0.25750600 4387.47514334 0 53.48663661 0 769.65390663 0 40.88555590 0 302.59002881 0 72612
0.25850000 0.25850600 4354.80071280 0 29.09729456 0 676.86228849 0 56.52244663 0 242.44737486 0 71845
0.25950000 0.25949600 4330.26444100 0 42.08103481 0 689.49913280 0 69.73892715 0 269.24240092 0 72816
0.26050000 0.26049800 4286.61733656 0 32.08228261 0 554.46216655 0 40.15290017 0 164.83923574 0 73743
0.26150000 0.26149900 4288.68786131 0 35.78597526 0 552.43150218 0 24.21196340 0 76.32153497 0 74662
0.26250000 0.26250300 4253.94290602 0 77.95282059 0 416.70473008 0 9.54122160 0 29.52911523 0 74931
0.26350000 0.26350100 4220.96952271 0 44.79818332 0 478.86033269 0 -11.10044852 0 44.77703518 0 75087
0.26450000 0.26450200 4207.93739640 0 47.92733304 0 405.20722799 0 11.06406486 0 46.87690158 0 76678
0.26550000 0.26550600 4210.65011598 0 48.85951207 0 478.07198316 0 17.85257364 0 178.57113298 0 76035
0.26650000 0.26650100 4189.69020510 0 15.33350903 0 474.19224054 0 -8.04217276 0 134.69926035 0 77094
0.26750000 0.26750600 4206.92981484 0 33.76084705 0 520.63399976 0 116.55393444 0 227.86844477 0 78463
0.26850000 0.26850100 4207.82667315 0 30.85115081 0 468.36598322 0 55.58129902 0 228.39880913 0 77076
0.26950000 0.26949700 4145.66664162 0 109.96955504 0 506.35512968 0 39.49852577 0 182.90041198 0 79149
0.27050000 0.27049900 4075.34630670 0 113.19459109 0 430.25614843 0 -70.30206559 0 95.16917845 0 79648
0.27150000 0.27150200 3954.72440013 0 115.91284683 0 410.65813350 0 14.47307866 0 147.88639921 0 80241
0.27250000 0.27250500 3897.15938339 0 82.87989441 0 434.74708338 0 -26.40926626 0 65.79219697 0 80835
0.27350000 0.27350000 3853.04724132 0 20.96666500 0 317.75357765 0 47.72171997 0 -14.84045840 0 80680
0.27450000 0.27450400 3841.94169952 0 46.24445039 0 324.67156619 0 136.40661284 0 9.69988801 0 82617
0.27550000 0.27550800 3799.33539362 0 60.71166072 0 297.51447511 0 86.17346815 0 -18.50916251 0 82548
0.27650000 0.27649900 3812.43395388 0 -1.11244755 0 230.01979748 0 45.80698284 0 126.78586980 0 81181
0.27750000 0.27748900 3755.35611944 0 79.44570215 0 259.35592209 0 -13.70798102 0 117.23156071 0 84096
0.27850000 0.27849800 3776.23852405 0 41.01100534 0 230.38296973 0 -12.41739084 0 220.09124382 0 85215
0.27950000 0.27950200 3738.54833037 0 -24.10057582 0 336.48241508 0 44.86849259 0 270.86671097 0 84514
0.28050000 0.28050300 3808.87973761 0 12.71025383 0 271.36496559 0 54.24210133 0 263.19912603 0 85815
0.28150000 0.28150100 3800.56442168 0 49.46948644 0 285.65822969 0 45.16190919 0 220.30936861 0 85485
0.28250000 0.28250000 3753.98315116 0 102.81484018 0 278.39257015 0 -1.97443911 0 366.84937312 0 87220
0.28350000 0.28350400 3713.85704602 0 85.22988463 0 253.80425842 0 -1.03736611 0 348.38516426 0 87147
0.28450000 0.28449700 3652.93711487 0 49.74795541 0 300.87271123 0 59.19253776 0 330.92078632 0 87102
0.28550000 0.28549800 3653.91147945 0 14.82252123 0 254.54610419 0 6.68490504 0 262.77394876 0 88971
0.28650000 0.28649900 3629.54129253 0 25.08711996 0 254.33130108 0 -62.60624622 0 293.20955522 0 89434
0.28750000 0.28750100 3663.02400278 0 30.48133516 0 261.81729989 0 -119.35966155 0 126.32304662 0 89619
0.28850000 0.28849900 3659.39228024 0 33.76892985 0 321.30668668 0 -113.86335951 0 128.16548147 0 90240
0.28950000 0.28950100 3627.18288734 0 119.10499807 0 346.64791649 0 -139.35960186 0 -72.33915191 0 91333
0.29050000 0.29050500 3581.87493418 0 70.18536328 0 301.52376393 0 -35.35880497 0 -58.01853916 0 92139
0.29150000 0.29150600 3504.81155344 0 72.13575330 0 401.92206922 0 -58.60437586 0 -62.78074606 0 92370
0.29250000 0.29250200 3510.41414980 0 16.11255780 0 302.12720563 0 104.97704378 0 -64.23310291 0 91819
0.29350000 0.29349600 3473.65403140 0 17.26042571 0 295.92006034 0 158.68080867 0 -78.54950817 0 93552
0.29450000 0.29450000 3470.91916717 0 64.16135424 0 226.34600011 0 83.15327011 0 -58.16103998 0 94701
0.29550000 0.29550200 3415.21430101 0 79.05208100 0 220.60167799 0 38.71681964 0 4.71087561 0 95020
0.29650000 0.29650300 3370.72569989 0 73.74777307 0 132.46929413 0 0.86940559 0 -19.72745041 0 95151
0.29750000 0.29749800 3370.53747037 0 14.05709142 0 224.29208385 0 -38.84669801 0 69.51449112 0 95802
0.29850000 0.29850000 3379.18495605 0 6.83077184 0 193.70146484 0 10.87065349 0 -48.42171234 0 97399
0.29950000 0.29950700 3367.78046149 0 32.46007033 0 229.60126360 0 15.64940245 0 -4.41854409 0 97881
0.30050000 0.30050300 3349.44469159 0 57.18988637 0 156.47630880 0 27.05666510 0 27.98419375 0 97188
0.30150000 0.30149700 3347.87242147 0 59.32595927 0 162.15198250 0 95.35308977 0 27.80936174 0 98263
0.30250000 0.30249700 3297.75907934 0 76.88677716 0 80.28587015 0 19.34102627 0 110.55849199 0 100050
0.30350000 0.30350600 3235.72084338 0 89.51775314 0 109.95881488 0 73.82771526 0 67.10327095 0 100779
0.30450000 0.30450500 3161.91272614 0 70.11616125 0 73.29004316 0 4.07346401 0 154.57297617 0 99982
0.30550000 0.30550300 3146.17895257 0 28.82480465 0 46.19407131 0 55.14859256 0 204.66528088 0 101559
0.30650000 0.30649700 3134.22084176 0 1.90895738 0 23.06232392 0 52.96944832 0 176.62904720 0 100935
0.30750000 0.30749800 3168.86614612 0 21.57398202 0 -1.79197827 0 72.71660746 0 180.27294930 0 103762
0.30850000 0.30850200 3160.50654088 0 54.24741605 0 12.55645924 0 -15.82755616 0 223.63881669 0 102951
0.30950000 0.30950100 3149.09097400 0 70.81438206 0 51.42020863 0 -49.56836230 0 262.40524034 0 104394
0.31050000 0.31050000 3101.32496473 0 71.70503987 0 112.60554341 0 -28.00943865 0 352.76316149 0 103963
0.31150000 0.31149700 3093.20895064 0 26.31570512 0 107.67913392 0 -30.42896307 0 367.94553328 0 105936
0.31250000 0.31250000 3104.60237287 0 -20.08342565 0 139.58879899 0 79.30309060 0 307.18504361 0 105717
0.31350000 0.31349800 3138.95979679 0 -1.02504483 0 158.22462889 0 -11.88879805 0 257.33300834 0 106776
0.31450000 0.31450400 3125.42941586 0 49.58574585 0 106.71473443 0 56.00193664 0 212.98059682 0 108733
0.31550000 0.31549900 3128.51859448 0 -6.05729245 0 -4.54744809 0 23.24235992 0 312.39567967 0 105891
0.31650000 0.31650000 3116.50512205 0 25.28564674 0 2.00120092 0 65.79994759 0 170.21374220 0 111072
0.31750000 0.31750600 3130.67769782 0 74.07905703 0 -15.15635183 0 18.45911560 0 177.77724729 0 108121
0.31850000 0.31849900 3025.99993899 0 95.20239543 0 -70.60367572 0 33.58081105 0 150.04439531 0 110484
0.31950000 0.31950100 2994.62097045 0 85.59361050 0 -46.89129561 0 -17.85046990 0 242.20710541 0 110817
0.32050000 0.32049800 2923.70272999 0 82.71690979 0 -24.60049128 0 23.68170977 0 274.11090214 0 111088
0.32150000 0.32149900 2921.41075875 0 64.37715385 0 -7.23495599 0 -21.46503034 0 278.72141819 0 112635
0.32250000 0.32250100 2862.46170142 0 55.95986180 0 -18.04368197 0 17.73930376 0 359.29251144 0 113202
0.32350000 0.32350400 2879.70131116 0 4.61165650 0 27.56732072 0 -3.35707352 0 374.05967105 0 113863
0.32450000 0.32450300 2888.95777471 0 -1.31978790 0 -34.09157739 0 47.89356245 0 431.97568047 0 114045
0.32550000 0.32549900 2915.91888564 0 -2.72178781 0 -14.34917935 0 54.82206970 0 307.97671483 0 114828
0.32650000 0.32650300 2911.45673874 0 22.20853695 0 -112.45717425 0 77.03160317 0 356.52000130 0 116431
0.32750000 0.32750400 2897.10700577 0 22.80599960 0 -122.43555338 0 72.78082694 0 225.25648334 0 116442
0.32850000 0.32850400 2867.21172876 0 64.94726786 0 -200.20867014 0 15.09168945 0 330.14350912 0 116955
0.32950000 0.32949800 2844.04842524 0 90.07745916 0 -146.40935108 0 7.86949985 0 346.11644490 0 117028
0.33050000 0.33049700 2811.03075263 0 30.22191059 0 -225.05718150 0 40.88688458 0 475.73793709 0 119061
0.33150000 0.33150100 2830.38517642 0 2.64939695 0 -187.84641948 0 37.50229633 0 476.16089990 0 120060
0.33250000 0.33250400 2851.78798029 0 35.52765792 0 -231.16910480 0 -6.78329372 0 372.75645841 0 119737
0.33350000 0.33350100 2827.04133432 0 48.97078893 0 -107.71666911 0 -68.94127687 0 410.94269225 0 120531
0.33450000 0.33450000 2805.43922860 0 73.65775507 0 -157.19268822 0 -112.36748842 0 442.34491267 0 121704
0.33550000 0.33550300 2786.15123877 0 53.58772693 0 -176.19169037 0 -92.31130069 0 290.67399284 0 122761
0.33650000 0.33650300 2774.06026006 0 5.66219868 0 -120.19119314 0 -75.45767219 0 231.10488531 0 122472
0.33750000 0.33749900 2760.76239796 0 41.56440014 0 -164.78498135 0 -0.51502808 0 69.12983856 0 122985
0.33850000 0.33849800 2750.44299123 0 68.30406457 0 -158.04082830 0 -73.85982500 0 -23.27015146 0 125380
0.33950000 0.33950300 2670.33472116 0 105.04812810 0 -185.57216396 0 22.12538379 0 19.31201678 0 125223
0.34050000 0.34050000 2638.92253565 0 72.33140128 0 -159.38833023 0 13.49162779 0 75.84088535 0 125178
0.34150000 0.34149900 2580.41637131 0 32.86542814 0 -198.93756725 0 97.84358779 0 137.64117705 0 127059
0.34250000 0.34250300 2612.23823284 0 13.87007985 0 -178.45598080 0 105.28263994 0 181.76217699 0 127957
0.34350000 0.34349800 2614.28661293 0 -1.52538990 0 -211.99405268 0 91.59281753 0 215.76417928 0 126732
0.34450000 0.34449700 2603.29179439 0 16.31296688 0 -276.61656925 0 60.14564348 0 277.94303376 0 129639
0.34550000 0.34550000 2634.01749576 0 24.23289010 0 -303.60314653 0 15.04385701 0 273.68683210 0 129826
0.34650000 0.34650400 2615.26097751 0 58.14664595 0 -274.85496237 0 -12.11633433 0 272.67260715 0 130875
0.34750000 0.34750200 2574.71412403 0 46.92883079 0 -309.64420695 0 10.81545796 0 302.92552025 0 130686
0.34850000 0.34850200 2558.21636005 0 37.27619946 0 -352.56828857 0 9.16096475 0 251.50896549 0 132211
0.34950000 0.34950400 2567.16279850 0 36.40226086 0 -296.60211554 0 -50.88696546 0 287.75643525 0 132768
0.35050000 0.35050300 2569.52120369 0 29.70793327 0 -273.93817387 0 -25.47841592 0 217.40288335 0 132957
0.35150000 0.35150100 2557.58523753 0 49.85292105 0 -272.67703608 0 -46.88609161 0 267.04011551 0 133987
0.35250000 0.35249800 2531.77564838 0 55.55992943 0 -201.65471576 0 -92.46830626 0 172.43374333 0 134778
0.35350000 0.35349800 2495.22590416 0 77.72539504 0 -193.95059215 0 -81.33508365 0 183.01224246 0 135699
0.35450000 0.35450100 2497.76146654 0 59.84602637 0 -131.36206165 0 -41.13003283 0 238.46687408 0 137380
0.35550000 0.35550100 2485.57083691 0 4.28366103 0 -155.31150023 0 51.16155912 0 162.16194760 0 136161
0.35650000 0.35649900 2489.36864433 0 -13.29066510 0 -195.60036855 0 89.82478871 0 190.63775257 0 138792
0.35750000 0.35750000 2501.62570790 0 25.49170271 0 -258.82112880 0 89.18912654 0 179.91309875 0 138097
0.35850000 0.35849800 2492.73463107 0 40.80506010 0 -317.08038030 0 94.24120691 0 156.48627389 0 140028
0.35950000 0.35950300 2475.32893646 0 60.40351792 0 -335.99080385 0 -6.64891998 0 180.04707388 0 141099
0.36050000 0.36050500 2434.70457670 0 36.26684633 0 -330.60301060 0 -24.48234958 0 182.84172866 0 140821
0.36150000 0.36150200 2435.57929036 0 53.10608080 0 -311.32166416 0 -30.97538230 0 192.38053649 0 141756
0.36250000 0.36250400 2427.27504674 0 53.16742148 0 -320.15184320 0 -28.75294526 0 258.91967249 0 142971
0.36350000 0.36349900 2398.01089225 0 27.04492843 0 -279.03144329 0 14.38250705 0 307.61354258 0 142270
0.36450000 0.36450000 2408.75104732 0 22.02230045 0 -272.73461217 0 28.54843942 0 229.81606670 0 145311
0.36550000 0.36550300 2397.41298671 0 67.32759625 0 -305.04697768 0 8.03614941 0 264.41486730 0 145434
0.36650000 0.36650100 2337.06881645 0 79.66980600 0 -310.06163359 0 -13.32399279 0 260.94369347 0 144547
0.36750000 0.36749600 2334.38931384 0 62.97517609 0 -333.12417896 0 -25.52945933 0 305.46772603 0 146892
0.36850000 0.36849900 2299.48934601 0 10.36341922 0 -294.06876763 0 17.79942649 0 204.12273696 0 148113
0.36950000 0.36949900 2313.19688414 0 55.55705063 0 -348.84245127 0 -19.37822928 0 256.23131202 0 147387
0.37050000 0.37049800 2303.40894900 0 54.01589373 0 -362.81904689 0 -53.66800129 0 219.44904898 0 149758
0.37150000 0.37150100 2292.32555185 0 38.84968754 0 -337.94617642 0 -75.21518828 0 217.92106815 0 150099
0.37250000 0.37250000 2271.98569116 0 56.48203264 0 -269.79933886 0 -64.57158388 0 171.50034635 0 150468
0.37350000 0.37349800 2259.48503644 0 68.30472891 0 -189.07212584 0 -104.43084599 0 149.10103324 0 150709
0.37450000 0.37449700 2229.33509596 0 37.00847064 0 -177.51151149 0 -16.13979572 0 221.08553858 0 153108
0.37550000 0.37550100 2219.91254754 0 41.18484084 0 -184.33206358 0 -10.74709742 0 228.84391658 0 153189
0.37650000 0.37649900 2262.26418997 0 8.14187904 0 -131.30337833 0 45.11407675 0 169.52061467 0 153547
0.37750000 0.37749900 2233.43185614 0 16.84322051 0 -176.54489754 0 19.44754203 0 120.88432067 0 155424
0.37850000 0.37850200 2237.53968865 0 38.84304414 0 -234.93923140 0 35.94519529 0 216.84705264 0 155313
0.37950000 0.37949900 2228.39394835 0 28.85746801 0 -190.85034120 0 10.08025559 0 209.94677982 0 156100
0.38050000 0.38050000 2214.35424048 0 28.63502500 0 -263.12383422 0 126.87777010 0 244.54225871 0 157557
0.38150000 0.38149800 2212.43872829 0 28.79313780 0 -294.71871309 0 117.74642382 0 259.27066519 0 157692
0.38250000 0.38250100 2199.62804847 0 38.09577294 0 -350.79450214 0 70.25445459 0 285.53089796 0 159703
0.38350000 0.38350500 2185.13437528 0 55.10552122 0 -371.92381959 0 44.89927365 0 332.80751047 0 160338
0.38450000 0.38450600 2173.84060397 0 22.87630886 0 -368.58108473 0 0.23351312 0 390.72351990 0 160167
0.38550000 0.38550000 2149.30433217 0 52.17423395 0 -367.29780228 0 -16.16227254 0 431.35230859 0 160033
0.38650000 0.38649600 2147.11201186 0 69.04845697 0 -323.22330611 0 -70.18337027 0 407.59442122 0 162444
0.38750000 0.38750200 2116.96207138 0 51.65261673 0 -320.07433693 0 13.40138834 0 416.20426100 0 164307
0.38850000 0.38850400 2085.12913752 0 36.90505513 0 -344.25297263 0 -50.63053042 0 352.53617883 0 163882
0.38950000 0.38950500 2075.16404519 0 43.69349748 0 -342.38174974 0 26.33430663 0 355.32529745 0 164595
0.39050000 0.39050100 2061.37900079 0 51.50900867 0 -343.65063816 0 18.88086045 0 327.33335308 0 165006
0.39150000 0.39150100 2013.82336569 0 80.41530563 0 -358.80865084 0 21.34611357 0 318.86413182 0 166687
0.39250000 0.39250100 1985.16818906 0 70.95134671 0 -388.32525434 0 -16.07911938 0 357.41907408 0 167256
0.39350000 0.39350100 1973.71940520 0 32.14639137 0 -355.60874897 0 -25.56544439 0 348.03749326 0 167937
0.39450000 0.39449600 1956.52408475 0 27.58625439 0 -364.07797022 0 -5.05514740 0 311.82877664 0 167719
0.39550000 0.39549700 1978.40299860 0 23.21102524 0 -326.18293853 0 -55.23085994 0 287.85055001 0 171636
0.39650000 0.39650400 2000.69158846 0 6.56812523 0 -360.67655204 0 -24.24872352 0 299.15982258 0 171093
0.39750000 0.39750000 2022.12760930 0 16.22593841 0 -308.02543306 0 -43.60901564 0 262.31887621 0 170464
0.39850000 0.39849800 2007.82216564 0 21.26251752 0 -342.50354531 0 -3.82958499 0 234.82629368 0 172113
0.39950000 0.39949500 2017.00112291 0 57.85234356 0 -327.44296909 0 2.32991609 0 158.31099302 0 173232
