### header ###
fiducial parameters:
Omega_m = 0.31
Omega_nu = 0
Omega_de = 0.69
Omega_k = 0
H_0 = 100
w_de = -1
zeff = 0
beta = 0
fgrowth = 0
b_1 = 2
gamma = 0.55
Lx = 3500 Ly = 3500 Lz = 3500
nx = 700 ny = 700 nz = 700
xoffset = -685.467585 yoffset = -31.7331281 zoffset = 572.489161
bins = 400 dk = 0.001
kx_ny = 0.628318531 ky_ny = 0.628318531 kz_ny = 0.628318531
############################
A(data) = 8.00187858 (not used)
A(ran) = 8.00170855 (used)
Ngal = 475721
weighted Ngal = 0
Nran = 23820508
weighted Nran = 0
SN(data) = 3487.32392
SN(ran) = 69.6977834
SN(data+ran) = 3557.0217
############################
13 columns: k_central k_mean P_0(k) sigma^{lin}_{P_0(k)} P^img_1(k) sigma^{lin}_{P_1(k)} P_2(k) sigma^{lin}_{P_2(k)} P^img_3(k) sigma^{lin}_{P_3(k)} P_4(k) sigma^{lin}_{P_4(k)} N_modes
### header ###
0.00050000 0 0 0 0 0 0 0 0 0 0 0 0
0.00150000 0.00179520 19020.37174322 0 -38103.85573790 0 7332.99035322 0 -87986.00772488 0 -14997.68541335 0 3
0.00250000 0.00253879 29130.29008862 0 -29014.69501752 0 -35997.12449465 0 31547.60004303 0 36954.54842172 0 6
0.00350000 0.00331552 67327.15335500 0 -38203.06376827 0 8759.74798470 0 -59162.97464997 0 -90872.00918886 0 7
0.00450000 0.00420575 85200.10007726 0 -18693.18454482 0 4484.23618993 0 -37359.68478684 0 15468.03777165 0 24
0.00550000 0.00557378 106731.56436609 0 12541.62232208 0 50302.90033009 0 -38117.80686717 0 12439.31404076 0 45
0.00650000 0.00659388 59268.16173575 0 28061.03568089 0 38227.64432937 0 -18745.55664122 0 15783.59902898 0 40
0.00750000 0.00754703 91282.79243963 0 13448.77789447 0 56853.95203229 0 35787.52538584 0 -33774.57673381 0 57
0.00850000 0.00846663 70585.51710263 0 -12017.23701867 0 51064.56555436 0 26453.66628697 0 2549.13705370 0 75
0.00950000 0.00948925 83677.98758444 0 -7534.41808632 0 44028.98891810 0 40255.31917341 0 -32285.90266194 0 112
0.01050000 0.01054430 89664.68289063 0 -8135.93320442 0 15686.27329382 0 28297.65126226 0 -30620.40356272 0 105
0.01150000 0.01145670 92438.63242745 0 7077.36359013 0 16062.06799817 0 7605.12595261 0 -17062.34182229 0 144
0.01250000 0.01249090 79252.26863118 0 13682.29322490 0 5623.13552077 0 -11961.43250158 0 -5602.00952502 0 169
0.01350000 0.01339930 64836.65533354 0 -40.34013318 0 13236.41070445 0 3873.74141640 0 -18215.85662189 0 180
0.01450000 0.01448870 70630.47074139 0 -2865.92733908 0 10233.65157526 0 6942.08192550 0 -18421.35897053 0 267
0.01550000 0.01550050 71982.73377149 0 -2625.93469864 0 11399.06912404 0 -2071.52125032 0 -17505.12409178 0 238
0.01650000 0.01653350 73250.07207024 0 -1892.80285542 0 -1648.42557435 0 -7970.90020299 0 -13808.40700458 0 315
0.01750000 0.01747870 70658.04083019 0 -4410.73809778 0 -8612.10960557 0 -919.13582785 0 -6713.83702168 0 297
0.01850000 0.01844180 77908.86346093 0 -5884.97385808 0 -6569.47605070 0 -3482.70012078 0 -24623.63244094 0 388
0.01950000 0.01947590 75231.68604303 0 1331.12596202 0 -4101.45484862 0 -1846.44303141 0 -18141.00770612 0 399
0.02050000 0.02045430 77750.75066252 0 6741.47354443 0 -14379.18534898 0 -9908.03664699 0 -11598.70314052 0 462
0.02150000 0.02154770 74912.02802552 0 3772.04211294 0 -3277.34171237 0 -17646.40695647 0 -15366.94744605 0 571
0.02250000 0.02255340 72267.73541233 0 2642.81999399 0 11428.30006157 0 -16763.05688244 0 1512.85602927 0 510
0.02350000 0.02348930 75688.53016505 0 5960.25459453 0 22726.72175301 0 -9250.29626346 0 -11356.44067349 0 555
0.02450000 0.02439640 73379.28610087 0 6451.85474415 0 37752.19870166 0 -3491.65763156 0 1554.24437944 0 592
0.02550000 0.02547300 69294.48402878 0 3503.00676450 0 37339.86532541 0 7508.45348462 0 -10330.95516576 0 837
0.02650000 0.02652900 66427.08407049 0 4229.72773165 0 36329.29423921 0 7721.61788203 0 673.07001724 0 723
0.02750000 0.02749970 61067.74668852 0 2673.84464813 0 30132.99982420 0 6282.03849841 0 -14557.67122506 0 826
0.02850000 0.02848090 61855.43187612 0 177.25241909 0 27028.76283805 0 7444.59938739 0 -8330.66218100 0 831
0.02950000 0.02946900 57642.08011288 0 -1354.64357994 0 20604.93214801 0 852.00542970 0 -21164.52744435 0 996
0.03050000 0.03053250 60404.29298539 0 1541.93195424 0 21125.55286098 0 -4680.41564106 0 -19535.01340079 0 1041
0.03150000 0.03150510 57409.45056844 0 2744.26463398 0 19230.30302178 0 -2265.03227118 0 -19019.48595723 0 1036
0.03250000 0.03246190 55348.33730345 0 -1000.71118095 0 14801.26237107 0 81.28260083 0 -17008.08743067 0 1059
0.03350000 0.03345080 56061.28429852 0 -880.50448655 0 21107.28352503 0 6783.67017432 0 -10723.46908059 0 1302
0.03450000 0.03451200 57677.51155230 0 885.88563642 0 19002.54530026 0 5441.18400703 0 -13407.47812290 0 1339
0.03550000 0.03553350 54626.86461827 0 3884.81374122 0 19094.44559625 0 3951.66843848 0 -4805.72114104 0 1365
0.03650000 0.03647120 50706.59729298 0 5464.36945520 0 14891.39109509 0 -188.40225018 0 488.12343963 0 1308
0.03750000 0.03744890 48099.72913767 0 1679.52773477 0 18843.32526937 0 2412.69279496 0 1587.33955833 0 1579
0.03850000 0.03847530 46650.91543515 0 1562.29395959 0 17125.78624350 0 321.52038255 0 -7423.90521230 0 1662
0.03950000 0.03950240 44847.23372220 0 1595.37806614 0 15781.49528726 0 960.69690628 0 -6426.31089079 0 1683
0.04050000 0.04050350 43627.39569693 0 1355.25255780 0 18110.22664312 0 -5747.86525986 0 -8272.96429637 0 1822
0.04150000 0.04152450 43001.25572843 0 2793.66934732 0 20910.30686651 0 -3148.59271938 0 -4392.63484670 0 1887
0.04250000 0.04250150 41252.71419307 0 1897.87398019 0 20468.29965975 0 883.69110164 0 -5439.91068967 0 1920
0.04350000 0.04349210 38916.45365634 0 1514.47258869 0 20206.32845454 0 1989.66355294 0 -2733.54662355 0 2005
0.04450000 0.04448520 39095.38242541 0 772.11528444 0 19786.68734391 0 3763.18425309 0 -2809.19274671 0 2151
0.04550000 0.04548030 38511.53873772 0 120.96071971 0 17075.07499583 0 5553.44630837 0 -3220.50746908 0 2274
0.04650000 0.04648670 38866.73891790 0 224.10828326 0 16619.67027604 0 5019.78239676 0 1813.11533370 0 2311
0.04750000 0.04749250 38588.82356495 0 561.13434948 0 16343.52649506 0 3304.12566611 0 3688.01423989 0 2568
0.04850000 0.04851840 38331.94562916 0 -283.81468761 0 14966.90435036 0 3549.97556638 0 6172.96502662 0 2493
0.04950000 0.04949480 39099.92207858 0 -260.78314476 0 16543.49268128 0 3304.19210006 0 8032.38482271 0 2644
0.05050000 0.05050630 39623.08942626 0 195.26266264 0 17395.17590633 0 1670.93561071 0 7388.29661569 0 2829
0.05150000 0.05149060 38086.47218793 0 857.91694392 0 18199.91247415 0 -2208.65199320 0 9165.96943765 0 2784
0.05250000 0.05249300 37879.19826733 0 2087.84185710 0 17965.73280424 0 110.29696368 0 8426.75888810 0 3055
0.05350000 0.05348950 36468.58408543 0 1567.97406222 0 18842.32876013 0 -78.57962490 0 6929.72521100 0 3009
0.05450000 0.05448610 34801.09196774 0 1404.21437815 0 18865.80208875 0 403.89847920 0 2962.13476943 0 3336
0.05550000 0.05550870 33759.96126505 0 1324.34969923 0 17322.43073228 0 2242.62188574 0 3956.80599719 0 3349
0.05650000 0.05647670 32860.77776652 0 -395.04726274 0 13827.89429626 0 500.96622919 0 3076.06899182 0 3324
0.05750000 0.05747970 33933.35387171 0 -1053.75979639 0 14172.24359812 0 3845.94988111 0 5.27422442 0 3639
0.05850000 0.05849280 34339.59746930 0 -385.92255986 0 11099.34129120 0 891.95880658 0 655.10517022 0 3846
0.05950000 0.05951020 34848.59224121 0 625.61514030 0 12479.61730310 0 -998.44689052 0 -278.70259524 0 3787
0.06050000 0.06049470 33288.72312076 0 1749.78163574 0 12713.02191027 0 -1246.30088159 0 1350.70183230 0 3930
0.06150000 0.06148310 32927.87605492 0 1274.43565895 0 14106.69543520 0 266.06685816 0 2001.26734935 0 4083
0.06250000 0.06249100 31197.49313227 0 371.36577442 0 12734.28077393 0 1896.40136099 0 325.13660383 0 4303
0.06350000 0.06350600 31556.56862613 0 -88.64580756 0 11971.17614742 0 2451.80024622 0 -1013.81970630 0 4470
0.06450000 0.06451750 31468.21147408 0 -694.83377890 0 10639.04260384 0 2727.22432608 0 -2283.83307872 0 4479
0.06550000 0.06550280 31254.84777483 0 116.85953060 0 9162.95776529 0 2275.65063068 0 -409.39921017 0 4636
0.06650000 0.06648880 30570.68882428 0 471.34111690 0 8987.30640437 0 -890.10087047 0 -2919.91599490 0 4653
0.06750000 0.06749660 30471.48079391 0 910.96666659 0 7597.16495107 0 -551.76937715 0 -2470.97751280 0 5220
0.06850000 0.06852730 30062.91200810 0 654.35557383 0 8975.75796959 0 591.63085373 0 -2779.71821805 0 5029
0.06950000 0.06949320 29252.52855462 0 389.86652196 0 8907.06526641 0 -37.78619074 0 -1023.00641420 0 5040
0.07050000 0.07048030 29140.58735071 0 1084.37256004 0 9152.30618882 0 -145.02752494 0 -1360.60049069 0 5475
0.07150000 0.07148790 28857.24655860 0 115.82758993 0 9966.01133974 0 1139.87369543 0 -1296.22599419 0 5509
0.07250000 0.07249820 28294.55101131 0 50.38760361 0 9641.26005281 0 970.29993360 0 1736.81594338 0 5916
0.07350000 0.07351270 28748.73777537 0 294.04662298 0 9556.97751629 0 837.16076382 0 1331.17025132 0 5721
0.07450000 0.07449140 29098.73396289 0 554.04031097 0 10314.00343647 0 152.80472589 0 1440.63125448 0 6028
0.07550000 0.07549160 28101.00677348 0 850.88712490 0 10269.11623165 0 -92.30930767 0 1954.35390909 0 6183
0.07650000 0.07648840 27159.19482441 0 1103.28962700 0 11644.76401177 0 -1302.00574775 0 2670.14649164 0 6330
0.07750000 0.07749960 26803.66247448 0 365.48747717 0 11659.37948053 0 1327.80426458 0 1682.51726247 0 6583
0.07850000 0.07848650 26199.00281614 0 609.39972060 0 12770.15510634 0 1857.58179017 0 2080.85522014 0 6549
0.07950000 0.07947320 25494.47078793 0 1093.75192640 0 9992.20846026 0 330.63844204 0 -11.65583634 0 6828
0.08050000 0.08048110 24664.48931952 0 271.59526994 0 9402.95040574 0 383.31170566 0 579.29074772 0 7147
0.08150000 0.08149960 24317.81482945 0 452.41519209 0 9133.40573035 0 154.43567934 0 -156.95131154 0 7386
0.08250000 0.08250610 23556.14960517 0 509.76762019 0 8671.40190497 0 1027.84059122 0 -1033.87611548 0 7227
0.08350000 0.08350160 23180.68707057 0 270.31641642 0 7584.90788749 0 925.53673882 0 -1496.91188153 0 7798
0.08450000 0.08449610 22835.00908974 0 526.03507981 0 7332.28172443 0 -61.21567295 0 -1693.06918802 0 7371
0.08550000 0.08548940 22889.37420459 0 439.44174910 0 8192.75637539 0 -92.35038600 0 -589.81831416 0 8256
0.08650000 0.08650700 22405.95650301 0 191.90110483 0 7898.84151307 0 345.56282866 0 827.37836484 0 8037
0.08750000 0.08749060 22260.57687814 0 0.74499473 0 7602.95577695 0 1407.77966674 0 938.26105450 0 8155
0.08850000 0.08849210 22566.39448963 0 -570.71080322 0 7906.44820023 0 766.41192992 0 -1345.47569499 0 8718
0.08950000 0.08949900 22627.40299939 0 329.93313495 0 7794.60664723 0 35.08277191 0 56.33665302 0 8571
0.09050000 0.09049190 21812.81206248 0 1394.12749024 0 7867.10823014 0 -222.53712037 0 229.20487437 0 8932
0.09150000 0.09150830 21155.89103099 0 498.96767456 0 6917.66744927 0 701.74290959 0 1660.43904678 0 9285
0.09250000 0.09250820 20416.25973310 0 785.83389489 0 6674.90672762 0 1210.41547685 0 1426.10436432 0 9204
0.09350000 0.09350330 19730.10776409 0 140.16123818 0 5971.48193189 0 1378.37157202 0 95.97125766 0 9349
0.09450000 0.09448040 19867.18314535 0 271.42918507 0 5884.66383299 0 642.90678997 0 195.28370006 0 9564
0.09550000 0.09549270 18909.75921828 0 727.34544627 0 5787.57061666 0 -17.54575952 0 -453.89002576 0 10155
0.09650000 0.09649430 18653.98851497 0 710.36160723 0 6498.91212463 0 -1140.82591536 0 1081.12615441 0 9913
0.09750000 0.09749140 18185.18628214 0 177.28895776 0 6287.60787779 0 -386.43963743 0 486.05623659 0 10476
0.09850000 0.09850240 18460.11210739 0 88.97388055 0 7063.54532876 0 -207.39350171 0 1287.57850851 0 10575
0.09950000 0.09950330 18247.96636387 0 112.34423654 0 7602.80076440 0 154.11790362 0 806.36198510 0 10882
0.10050000 0.10051200 18211.09552222 0 241.88047183 0 7882.68699116 0 562.53610581 0 845.09740625 0 10875
0.10150000 0.10150300 17795.21900203 0 531.18260362 0 7157.13969045 0 461.40481261 0 812.40636722 0 11118
0.10250000 0.10250800 17192.88453190 0 738.53624496 0 6714.51243350 0 611.69944247 0 175.52070749 0 11575
0.10350000 0.10349800 16884.52028570 0 232.26858665 0 6663.09255704 0 676.07947512 0 1301.55178243 0 11364
0.10450000 0.10450100 16249.63318060 0 152.25110965 0 5653.45154613 0 848.37702886 0 668.89353632 0 12093
0.10550000 0.10551000 16343.63721831 0 -63.84479648 0 5214.85461541 0 1115.63637640 0 28.90729347 0 12067
0.10650000 0.10649700 16189.95334982 0 -292.36030791 0 4378.61728348 0 933.29733129 0 -304.03275273 0 12054
0.10750000 0.10749900 16423.69012675 0 108.01207873 0 4139.65436925 0 75.09826453 0 -286.53183612 0 12807
0.10850000 0.10850100 16150.31442697 0 358.06901954 0 4767.24481229 0 -717.43350109 0 -481.27742119 0 12736
0.10950000 0.10950300 15916.13475706 0 712.88277559 0 4962.07343980 0 -961.53175958 0 526.67616742 0 12933
0.11050000 0.11050200 15566.47073929 0 391.29928079 0 5782.94238488 0 -338.30049081 0 296.32641466 0 13428
0.11150000 0.11150900 15254.12045615 0 181.50640629 0 5445.87867275 0 211.78478574 0 216.46395020 0 13453
0.11250000 0.11250000 15557.72360268 0 -100.74265459 0 6450.65893307 0 436.78882007 0 624.93529955 0 13668
0.11350000 0.11349100 15441.57491533 0 -176.44303215 0 5199.22049277 0 497.92576879 0 277.49349737 0 13791
0.11450000 0.11448600 15495.16496745 0 65.39259676 0 5886.83400865 0 311.53868172 0 93.65359863 0 14205
0.11550000 0.11549300 15701.55310207 0 349.40049644 0 5422.02888509 0 -243.64540040 0 107.61823614 0 14776
0.11650000 0.11649800 15056.03656515 0 710.31288900 0 5296.97804859 0 -5.23218280 0 638.12465288 0 14553
0.11750000 0.11747300 14612.03633992 0 220.10120891 0 5050.18700071 0 -13.01153179 0 571.01750662 0 14568
0.11850000 0.11849100 14535.85874517 0 59.83772212 0 5069.63000309 0 671.31062482 0 755.09601396 0 16015
0.11950000 0.11950300 14701.83289420 0 -110.63599827 0 5213.06089879 0 575.67231197 0 62.47957883 0 15270
0.12050000 0.12050700 14734.82842216 0 56.81785625 0 5038.51677035 0 -7.38532923 0 373.94119717 0 15999
0.12150000 0.12150000 14396.01528271 0 276.98306320 0 5151.87523184 0 -392.97784523 0 411.47194938 0 15670
0.12250000 0.12250700 14425.35694348 0 383.09911703 0 5564.10895717 0 -609.61009477 0 519.68399429 0 16887
0.12350000 0.12352200 14112.56376735 0 169.75091903 0 5829.61223399 0 192.79021251 0 1038.14006776 0 16407
0.12450000 0.12449800 13972.27741190 0 94.13059438 0 5474.91030843 0 471.40312192 0 441.54991975 0 16306
0.12550000 0.12549900 13814.05389024 0 238.35725807 0 5687.43251100 0 382.17125621 0 177.98651423 0 17523
0.12650000 0.12650100 13711.63488567 0 260.87393782 0 5234.41941337 0 391.75213887 0 443.97918781 0 17154
0.12750000 0.12750600 13333.51499311 0 258.91081463 0 5191.55844399 0 267.54944245 0 -171.15046088 0 18007
0.12850000 0.12850300 13025.59363990 0 221.78973844 0 4515.36049499 0 400.71186412 0 86.35605079 0 17496
0.12950000 0.12949900 12854.41549821 0 244.02961007 0 4287.11559118 0 577.59778926 0 -931.88782434 0 18405
0.13050000 0.13049000 12649.79893556 0 11.61630814 0 3849.03905973 0 -73.01688891 0 -469.72123578 0 18100
0.13150000 0.13148800 12577.71810099 0 144.66435269 0 4118.09655282 0 212.93298582 0 -1264.65879614 0 19059
0.13250000 0.13249300 12406.98285229 0 165.81360032 0 3663.41153415 0 5.40477820 0 -423.21082815 0 18957
0.13350000 0.13349100 12439.42476400 0 319.29263080 0 4040.09202448 0 134.17332492 0 197.34647417 0 19468
0.13450000 0.13450700 12202.36628964 0 148.13441928 0 3665.53742051 0 273.32144538 0 303.52564025 0 19953
0.13550000 0.13551000 12128.29243660 0 46.67627106 0 3833.90319170 0 613.35143333 0 798.62464452 0 19956
0.13650000 0.13649900 12114.34130733 0 -54.48314584 0 3624.89091610 0 493.55995112 0 706.52283221 0 19723
0.13750000 0.13749600 12036.28141736 0 163.18835211 0 3400.72062782 0 517.18939951 0 535.75990270 0 20946
0.13850000 0.13851100 11989.88837637 0 231.70279085 0 3387.43383804 0 -14.65997951 0 245.50222927 0 20955
0.13950000 0.13949800 11629.37348027 0 203.51265186 0 2913.53833580 0 244.58433355 0 805.24589476 0 20506
0.14050000 0.14048300 11504.14548657 0 176.63458337 0 2945.13875084 0 223.09295107 0 628.23153065 0 21447
0.14150000 0.14148400 11233.42714476 0 57.37501564 0 2686.44495377 0 326.90263964 0 836.38127215 0 21771
0.14250000 0.14249400 11378.58532313 0 74.23949502 0 2756.57705918 0 398.91704026 0 75.02097970 0 22470
0.14350000 0.14350900 11252.02865045 0 181.38793241 0 2702.71019893 0 -122.92384290 0 608.33677742 0 22519
0.14450000 0.14449900 11032.30943675 0 183.68986874 0 3261.56364950 0 -500.12141080 0 587.81643783 0 22218
0.14550000 0.14550500 11068.22805846 0 266.28498296 0 3305.32147719 0 -232.35937971 0 987.68901973 0 23559
0.14650000 0.14650700 10947.77223676 0 353.12079758 0 3883.18610947 0 -561.56506292 0 1026.46540848 0 23044
0.14750000 0.14750500 10760.45064548 0 275.64552636 0 3702.03180311 0 -239.19543306 0 744.41675667 0 23649
0.14850000 0.14849900 10603.16827143 0 79.46784680 0 4125.12747908 0 119.16035970 0 838.13402117 0 23640
0.14950000 0.14949500 10298.49110940 0 276.72839973 0 3804.71654348 0 374.96317275 0 526.94633214 0 24457
0.15050000 0.15050000 10331.97381965 0 62.31072587 0 3818.90019158 0 516.96352409 0 647.95687732 0 24591
0.15150000 0.15149900 10157.18610006 0 -79.36996744 0 3462.83637006 0 705.59386416 0 286.84850461 0 25020
0.15250000 0.15250500 10081.11922856 0 97.00419484 0 2978.88719688 0 214.26609373 0 548.26387911 0 25297
0.15350000 0.15350100 10000.82272897 0 176.19501207 0 3001.71833066 0 198.32858938 0 307.79955763 0 25452
0.15450000 0.15450400 9777.91468572 0 76.89065247 0 2485.80335574 0 315.65315763 0 691.09354758 0 26061
0.15550000 0.15549900 9883.56680914 0 62.03956464 0 2614.72950592 0 359.89373867 0 472.87574112 0 26128
0.15650000 0.15649500 9686.68980154 0 -147.66273825 0 2167.96119949 0 114.54652195 0 304.04161059 0 26331
0.15750000 0.15749700 9860.13776983 0 25.26261631 0 2160.67560976 0 278.69816631 0 289.02310921 0 27345
0.15850000 0.15849900 9614.24358025 0 363.91188535 0 2234.50587165 0 -116.55836337 0 406.90129369 0 26980
0.15950000 0.15949700 9452.42155303 0 381.01862719 0 2330.02681786 0 -2.17354165 0 646.80092661 0 27777
0.16050000 0.16050000 9171.59417865 0 196.40975549 0 2271.76424467 0 112.72512451 0 1100.84928661 0 28224
0.16150000 0.16150500 9101.88282160 0 76.36992103 0 2247.29440682 0 386.44517359 0 1002.02878760 0 28075
0.16250000 0.16249700 9002.16546428 0 -48.07758449 0 2316.77324505 0 167.75014993 0 1099.96128616 0 28590
0.16350000 0.16349900 9136.11844993 0 23.85587744 0 2127.25933346 0 191.54457597 0 922.12757001 0 29163
0.16450000 0.16449100 9044.07421372 0 63.20614478 0 2172.54514197 0 -168.88838492 0 1099.19508128 0 28996
0.16550000 0.16550500 8952.52823212 0 112.66976289 0 2051.54677635 0 -135.70794914 0 992.09801947 0 30777
0.16650000 0.16650700 8914.09619267 0 116.93925134 0 2167.89476554 0 -10.44126874 0 931.07179400 0 29211
0.16750000 0.16749900 8796.97314074 0 175.99460299 0 1948.23091346 0 42.77582320 0 488.65380399 0 30922
0.16850000 0.16850800 8691.02206455 0 160.66275482 0 1962.63600805 0 194.21854241 0 516.73432696 0 30867
0.16950000 0.16949900 8522.98846310 0 216.38755116 0 2037.19704338 0 39.62397521 0 337.93953302 0 30852
0.17050000 0.17049200 8425.64058330 0 163.81947462 0 1859.95126769 0 -27.04061023 0 625.61403307 0 31257
0.17150000 0.17149500 8323.28801267 0 24.77377317 0 2030.50935919 0 -29.25883978 0 654.67445678 0 32608
0.17250000 0.17250900 8345.44373463 0 13.62349918 0 1902.79009241 0 4.12106394 0 492.24234446 0 32361
0.17350000 0.17350400 8376.90020944 0 128.56076347 0 2202.60650385 0 -20.34783277 0 441.60749583 0 32508
0.17450000 0.17449800 8170.32384530 0 256.18702272 0 2164.73915297 0 -255.28462825 0 0.27289848 0 32791
0.17550000 0.17549800 8014.20406536 0 203.07861673 0 2353.53336345 0 -210.84917429 0 676.23005874 0 33633
0.17650000 0.17650100 7936.05559679 0 106.25434717 0 2391.94325825 0 61.67307069 0 481.88197013 0 33984
0.17750000 0.17750300 7931.40522037 0 -21.04328549 0 2367.90524107 0 238.79350767 0 501.13785022 0 34069
0.17850000 0.17849800 8012.79788011 0 -114.11580851 0 2351.09745199 0 142.26830159 0 289.62212198 0 34536
0.17950000 0.17950400 8028.86382342 0 105.58679670 0 2372.73277469 0 30.66790384 0 361.04968938 0 35343
0.18050000 0.18050100 7943.89480276 0 130.96567242 0 2435.75644755 0 -155.67688695 0 559.03835840 0 34990
0.18150000 0.18150500 7767.20264331 0 157.27462342 0 2374.57078061 0 36.95953097 0 424.71998602 0 36243
0.18250000 0.18250200 7765.38678204 0 12.47053800 0 2215.87114898 0 70.61186924 0 398.12315457 0 35694
0.18350000 0.18350400 7786.96674311 0 27.57540351 0 2296.76555411 0 184.03532528 0 141.16881974 0 37087
0.18450000 0.18450600 7723.92092559 0 21.23284369 0 2012.26216789 0 71.86758159 0 203.13951452 0 36651
0.18550000 0.18550700 7637.96646802 0 105.56254831 0 1970.16518893 0 284.37937618 0 117.44304212 0 37818
0.18650000 0.18651000 7685.49995847 0 90.33887675 0 1717.14042217 0 51.84693603 0 112.89342385 0 37267
0.18750000 0.18750100 7556.29700016 0 64.90674315 0 1968.62613578 0 -68.73632813 0 -93.04960331 0 38334
0.18850000 0.18850000 7450.17983910 0 224.87448814 0 1889.24863916 0 -46.85021728 0 -44.36536615 0 38223
0.18950000 0.18949500 7306.89288362 0 215.69995979 0 1845.51295612 0 -40.61594479 0 108.22887485 0 39064
0.19050000 0.19050000 7145.23694127 0 170.77178738 0 1812.03024587 0 16.35581678 0 39.86668057 0 39609
0.19150000 0.19149800 7153.16472584 0 73.57371612 0 1853.85041671 0 232.83991861 0 67.24488598 0 39576
0.19250000 0.19250400 7025.22401256 0 -38.02158836 0 1644.22916324 0 69.84887533 0 -393.73740671 0 40909
0.19350000 0.19350500 7030.30620965 0 49.26918809 0 1555.21874403 0 55.73642229 0 -478.98544996 0 40191
0.19450000 0.19450100 7031.70132258 0 -5.28743370 0 1658.47924529 0 -65.89838056 0 -285.59622467 0 41232
0.19550000 0.19549800 6996.32524478 0 66.30971743 0 1572.90124676 0 109.81886070 0 -192.80792823 0 40873
0.19650000 0.19649700 7012.14759695 0 65.45227659 0 1445.70237925 0 113.70834696 0 -242.76182888 0 42816
0.19750000 0.19750200 6975.58678040 0 -10.52414509 0 1554.20009014 0 244.65408919 0 -0.70164547 0 41727
0.19850000 0.19849000 6810.81951477 0 130.12639020 0 1370.85346347 0 218.41378661 0 -138.13057381 0 42610
0.19950000 0.19949900 6863.46841928 0 143.60140950 0 1328.00356642 0 247.52625025 0 -42.65535630 0 43863
0.20050000 0.20050100 6566.56402927 0 151.63659562 0 1208.10136096 0 44.03430363 0 36.10463677 0 43302
0.20150000 0.20150100 6548.49399517 0 125.11284152 0 1209.25288274 0 -7.11641568 0 120.35949248 0 44487
0.20250000 0.20249700 6449.29703712 0 61.86218599 0 1088.37188377 0 0.20332332 0 133.56102536 0 43759
0.20350000 0.20349100 6499.90863386 0 -39.17964282 0 1225.21917513 0 -43.21583738 0 -106.01983533 0 45282
0.20450000 0.20449700 6497.35092683 0 7.03973983 0 1222.57288950 0 -24.46330518 0 -107.96003880 0 45483
0.20550000 0.20549900 6539.30396557 0 109.26358361 0 1318.19348663 0 -82.58083092 0 -53.26773675 0 46138
0.20650000 0.20650200 6384.75645575 0 166.42922158 0 1341.23499458 0 -43.62673136 0 177.10294271 0 46227
0.20750000 0.20749300 6286.87710435 0 190.56688969 0 1400.80410211 0 46.07980492 0 221.79084567 0 46236
0.20850000 0.20850300 6081.96158893 0 187.59064877 0 1372.87969891 0 46.39093725 0 201.70232676 0 48361
0.20950000 0.20950400 5977.38348102 0 155.81307655 0 1346.16217913 0 140.69160254 0 247.50078390 0 46812
0.21050000 0.21050300 5950.07912802 0 56.86624231 0 1243.72102990 0 42.33481250 0 122.52081028 0 48813
0.21150000 0.21149700 5858.46671247 0 75.23135387 0 1217.16959499 0 0.78625686 0 295.39412491 0 47215
0.21250000 0.21249000 5834.56156319 0 -17.60355706 0 1114.48485462 0 -34.71472783 0 128.34263867 0 50004
0.21350000 0.21350300 5918.16868789 0 -74.51729965 0 1093.58030536 0 188.06011535 0 127.21990493 0 49509
0.21450000 0.21449800 5942.66067039 0 -30.01729403 0 1057.72368867 0 178.17252928 0 97.99705021 0 49660
0.21550000 0.21550100 6013.18030716 0 -27.20115894 0 915.41441947 0 147.52211972 0 55.78159737 0 50841
0.21650000 0.21649800 5947.27782984 0 7.92473968 0 928.40779265 0 307.01120811 0 291.17003299 0 50424
0.21750000 0.21750300 5994.31306567 0 107.91209564 0 817.60593096 0 22.73402949 0 252.79556963 0 52231
0.21850000 0.21850300 5872.38462477 0 150.24148270 0 873.23107638 0 -124.33999325 0 243.96981952 0 51078
0.21950000 0.21950100 5766.13459581 0 186.66278796 0 986.96156799 0 -174.73567966 0 130.68554260 0 52791
0.22050000 0.22050700 5645.60126783 0 88.48193715 0 1054.50385661 0 -175.38894682 0 183.65775900 0 52969
0.22150000 0.22150000 5661.43469232 0 33.02032997 0 1140.71519212 0 -83.23000132 0 150.71205650 0 52704
0.22250000 0.22250100 5620.23457167 0 40.99284673 0 1245.61439745 0 29.89317327 0 77.24540976 0 54051
0.22350000 0.22349900 5671.73195440 0 81.19269356 0 1386.32150124 0 -177.39303762 0 33.51559506 0 53938
0.22450000 0.22449800 5579.64342889 0 141.08134837 0 1451.70357930 0 -91.10430656 0 52.38239365 0 54735
0.22550000 0.22549100 5461.51279540 0 174.66038785 0 1486.12743716 0 -40.94778237 0 185.70613909 0 54774
0.22650000 0.22649900 5391.01530328 0 120.60419085 0 1589.69796351 0 35.78497875 0 334.53479314 0 56911
0.22750000 0.22749800 5338.33318179 0 26.08108256 0 1521.89104632 0 199.50889921 0 274.12529616 0 54879
0.22850000 0.22849100 5337.13737071 0 -14.99668890 0 1398.89966224 0 286.03247427 0 265.78562111 0 57210
0.22950000 0.22949800 5319.01197498 0 -9.85132420 0 1261.18208614 0 107.54394084 0 338.94490012 0 57375
0.23050000 0.23049600 5323.71771303 0 57.09543944 0 1181.50563675 0 83.38899991 0 202.51171370 0 57604
0.23150000 0.23150100 5310.53057417 0 108.30715619 0 1136.82880610 0 72.55329067 0 320.20499036 0 58629
0.23250000 0.23250200 5155.36301416 0 119.40173638 0 1069.79695165 0 -52.22826689 0 309.16034635 0 58560
0.23350000 0.23350400 5053.02151586 0 150.09200631 0 977.39950827 0 17.29917885 0 354.24685302 0 59305
0.23450000 0.23449700 5017.45720854 0 64.79192314 0 1192.55581692 0 3.70722472 0 270.64747894 0 59196
0.23550000 0.23549300 4960.76690547 0 37.23024931 0 1122.29084362 0 -90.08410255 0 216.22146629 0 60063
0.23650000 0.23649900 4953.60311131 0 74.32696638 0 1127.87129533 0 -23.61970475 0 247.89606590 0 61537
0.23750000 0.23750400 4893.21465175 0 60.84076403 0 1173.45605660 0 23.68846389 0 371.74223346 0 61224
0.23850000 0.23850100 4892.50602297 0 28.74375523 0 1219.37298763 0 149.17411058 0 363.87534668 0 61221
0.23950000 0.23949400 4872.52047667 0 -3.31735709 0 1034.22710817 0 143.10979828 0 292.89731566 0 62332
0.24050000 0.24050100 4944.96669796 0 17.31301926 0 1094.58345799 0 151.80821666 0 387.92222172 0 63447
0.24150000 0.24150500 4910.36568290 0 28.66901704 0 982.87366566 0 -20.91584303 0 290.53448154 0 63342
0.24250000 0.24250300 4879.20816086 0 86.24034499 0 964.18690307 0 -37.25715506 0 341.93332058 0 63379
0.24350000 0.24349600 4810.08363702 0 87.34680241 0 1019.79876170 0 -70.08958767 0 409.20323002 0 64266
0.24450000 0.24449500 4833.04763869 0 36.64275175 0 938.35849096 0 85.07409702 0 363.04270785 0 64695
0.24550000 0.24549600 4831.53073019 0 -40.35164840 0 913.44465289 0 51.72945866 0 169.35120810 0 65947
0.24650000 0.24650000 4829.42698847 0 69.35338880 0 986.13225086 0 102.08439892 0 141.48105930 0 66018
0.24750000 0.24750000 4786.79853792 0 100.72028850 0 934.84634953 0 -14.29702870 0 198.72387138 0 66303
0.24850000 0.24849600 4693.21524855 0 86.11799580 0 786.70639408 0 189.29467956 0 390.01710557 0 66958
0.24950000 0.24949200 4696.86911574 0 24.40307173 0 805.58581513 0 215.93690754 0 395.32407086 0 66975
0.25050000 0.25048900 4694.71001241 0 -5.22791996 0 646.67470210 0 240.04689484 0 475.31054535 0 68676
0.25150000 0.25150000 4646.62290572 0 42.13927524 0 609.60012968 0 188.91046989 0 516.33793773 0 69349
0.25250000 0.25249900 4626.68164872 0 116.03574963 0 599.06481262 0 -40.59280363 0 495.79656073 0 68592
0.25350000 0.25349900 4556.27273520 0 90.30001289 0 518.29773923 0 -96.03160183 0 607.97360516 0 70437
0.25450000 0.25450100 4477.64815666 0 81.57180996 0 669.62541699 0 -98.71863362 0 518.88346521 0 70099
0.25550000 0.25550100 4413.84942106 0 112.56346857 0 620.82746705 0 -113.79249663 0 476.64365326 0 71064
0.25650000 0.25650300 4419.10877534 0 20.82438563 0 675.73291136 0 24.39842135 0 425.87372227 0 71409
0.25750000 0.25750600 4367.81069446 0 36.83330646 0 619.88189051 0 -10.67979983 0 386.37763241 0 72612
0.25850000 0.25850600 4410.00732434 0 53.91247822 0 703.78686075 0 29.56532173 0 278.27409627 0 71845
0.25950000 0.25949600 4322.15949923 0 56.94662739 0 654.96012276 0 -86.40377251 0 325.28940192 0 72816
0.26050000 0.26049800 4300.76776768 0 105.24056511 0 719.59924782 0 -61.16828340 0 335.78928754 0 73743
0.26150000 0.26149900 4245.87118123 0 73.59309269 0 783.70579406 0 -77.32092301 0 463.68238983 0 74662
0.26250000 0.26250300 4242.32803729 0 38.94214145 0 810.56836130 0 31.75066648 0 410.64152501 0 74931
0.26350000 0.26350100 4215.16762451 0 18.05929395 0 790.78322408 0 82.33867917 0 370.17660673 0 75087
0.26450000 0.26450200 4211.32552780 0 -14.04446897 0 828.64171710 0 39.15993408 0 191.17476032 0 76678
0.26550000 0.26550600 4217.55924667 0 72.34269505 0 787.89224007 0 16.48480936 0 217.32426984 0 76035
0.26650000 0.26650100 4147.90325124 0 72.35686763 0 733.24810263 0 22.53373113 0 307.26919327 0 77094
0.26750000 0.26750600 4116.49106573 0 66.63967271 0 716.37609407 0 125.31657230 0 313.24824868 0 78463
0.26850000 0.26850100 4071.01702770 0 24.60082345 0 683.14694006 0 27.01403665 0 328.29000194 0 77076
0.26950000 0.26949700 4115.09595280 0 36.89376136 0 664.15347406 0 176.87596005 0 186.51552604 0 79149
0.27050000 0.27049900 4073.28685428 0 15.40979734 0 599.78783543 0 -63.39171694 0 281.93128516 0 79648
0.27150000 0.27150200 4050.33392493 0 104.40759411 0 660.07332237 0 -46.45947494 0 266.17536694 0 80241
0.27250000 0.27250500 3995.33768756 0 111.58246059 0 625.20324981 0 -50.74136439 0 301.87697109 0 80835
0.27350000 0.27350000 3927.12109435 0 108.76322525 0 721.63544836 0 -77.20953543 0 358.70457099 0 80680
0.27450000 0.27450400 3901.97584469 0 53.02359198 0 683.94636191 0 7.01982072 0 305.83754168 0 82617
0.27550000 0.27550800 3864.28565101 0 19.95875127 0 695.98087175 0 90.70060960 0 355.45705812 0 82548
0.27650000 0.27649900 3863.34450340 0 -6.16915615 0 635.77399832 0 103.78588307 0 342.91986473 0 81181
0.27750000 0.27748900 3872.81134112 0 17.23662021 0 471.66664325 0 175.91377502 0 211.12155348 0 84096
0.27850000 0.27849800 3918.36288542 0 -4.35866495 0 508.35922047 0 17.56380741 0 215.30578503 0 85215
0.27950000 0.27950200 3868.14989237 0 11.23387004 0 381.30097148 0 25.56522294 0 274.69662812 0 84514
0.28050000 0.28050300 3896.30681438 0 71.68721342 0 306.26161172 0 67.76262789 0 158.24566631 0 85815
0.28150000 0.28150100 3804.50616931 0 65.98806639 0 281.56589844 0 41.37816363 0 165.39506644 0 85485
0.28250000 0.28250000 3794.27534118 0 73.73371122 0 277.97735797 0 30.76766548 0 136.93697719 0 87220
0.28350000 0.28350400 3721.10941878 0 65.58680534 0 252.92068690 0 19.34623026 0 207.42671869 0 87147
0.28450000 0.28449700 3688.92217053 0 49.61464462 0 321.80715576 0 -17.19509900 0 122.43998231 0 87102
0.28550000 0.28549800 3690.73803180 0 81.59118653 0 328.14938342 0 -109.41815326 0 188.16087350 0 88971
0.28650000 0.28649900 3639.67246974 0 67.74989472 0 351.93938052 0 4.82191995 0 155.31925086 0 89434
0.28750000 0.28750100 3598.16232399 0 54.60372346 0 394.54125750 0 -61.29816177 0 193.35157938 0 89619
0.28850000 0.28849900 3578.42036884 0 47.95545675 0 379.63347936 0 44.40810532 0 208.83844010 0 90240
0.28950000 0.28950100 3576.54914594 0 25.19529657 0 382.70826396 0 72.32553295 0 175.72997443 0 91333
0.29050000 0.29050500 3596.72292176 0 -10.61257975 0 243.40845265 0 119.73279889 0 113.44371839 0 92139
0.29150000 0.29150600 3566.57298128 0 32.09855893 0 235.07099206 0 55.44522015 0 120.09486391 0 92370
0.29250000 0.29250200 3583.21468549 0 29.65910432 0 201.87726949 0 54.70414945 0 150.42528329 0 91819
0.29350000 0.29349600 3568.17846838 0 15.81814468 0 206.55532672 0 30.85303311 0 192.39825221 0 93552
0.29450000 0.29450000 3557.70404910 0 82.02942914 0 188.97579661 0 22.82039362 0 195.13975984 0 94701
0.29550000 0.29550200 3504.67868555 0 69.73704485 0 109.73847562 0 72.21015932 0 288.25026093 0 95020
0.29650000 0.29650300 3465.01761805 0 48.57019222 0 102.61830642 0 102.46672629 0 322.77044802 0 95151
0.29750000 0.29749800 3464.88475015 0 17.60555008 0 121.96719404 0 69.56863479 0 351.50313093 0 95802
0.29850000 0.29850000 3454.63177737 0 30.51521648 0 96.99943374 0 0.15984783 0 287.41762211 0 97399
0.29950000 0.29950700 3432.50927238 0 44.35418310 0 52.63539628 0 -56.44593686 0 271.99608810 0 97881
0.30050000 0.30050300 3417.30697040 0 63.76828671 0 88.88419471 0 -48.15996258 0 263.82581962 0 97188
0.30150000 0.30149700 3373.02874345 0 57.73785572 0 111.34108391 0 -80.61970075 0 185.43265267 0 98263
0.30250000 0.30249700 3362.56539650 0 66.09148191 0 116.01028329 0 -47.06756702 0 168.21629481 0 100050
0.30350000 0.30350600 3314.71080863 0 81.25580581 0 171.52802716 0 -77.37816693 0 129.88279905 0 100779
0.30450000 0.30450500 3231.15904555 0 121.99044592 0 152.40169327 0 -32.17717243 0 162.31363845 0 99982
0.30550000 0.30550300 3194.11104671 0 75.86768038 0 218.92089908 0 89.98899128 0 309.46040636 0 101559
0.30650000 0.30649700 3190.60111974 0 19.16929451 0 161.18204685 0 54.45945107 0 217.48703302 0 100935
0.30750000 0.30749800 3160.04150324 0 43.94805022 0 193.74021798 0 76.75202696 0 228.45306352 0 103762
0.30850000 0.30850200 3183.57019348 0 43.55509342 0 198.38395101 0 -28.77043953 0 305.58398544 0 102951
0.30950000 0.30950100 3128.24178636 0 53.74428961 0 211.25885031 0 -83.92379320 0 408.70165371 0 104394
0.31050000 0.31050000 3162.39990843 0 23.64439603 0 247.08778619 0 15.85722999 0 439.93114586 0 103963
0.31150000 0.31149700 3141.65037172 0 26.13633346 0 242.61124526 0 109.44539118 0 426.47273504 0 105936
0.31250000 0.31250000 3151.18364339 0 -0.66052507 0 148.46216010 0 99.34732022 0 343.22546089 0 105717
0.31350000 0.31349800 3132.08388307 0 12.45769410 0 48.22517858 0 158.92772152 0 295.93666882 0 106776
0.31450000 0.31450400 3118.58671912 0 45.09813260 0 -30.55773420 0 18.47915651 0 231.74043676 0 108733
0.31550000 0.31549900 3079.39068926 0 41.04366870 0 -47.15858153 0 -57.47389150 0 271.20330964 0 105891
0.31650000 0.31650000 3082.70131438 0 76.49559192 0 -62.90287380 0 -88.54870327 0 143.62355415 0 111072
0.31750000 0.31750600 3016.85419869 0 72.14881864 0 1.10179154 0 -63.23703657 0 302.97756018 0 108121
0.31850000 0.31849900 3013.26676545 0 42.07560937 0 30.39386380 0 -84.79961409 0 214.38124591 0 110484
0.31950000 0.31950100 2999.13847898 0 40.74449448 0 117.15959060 0 -24.94949096 0 273.48863749 0 110817
0.32050000 0.32049800 3015.48123041 0 27.07438082 0 130.94463500 0 29.85895978 0 287.63796137 0 111088
0.32150000 0.32149900 2992.07433574 0 27.64715218 0 142.63479555 0 -9.78904237 0 277.33184143 0 112635
0.32250000 0.32250100 2969.90754146 0 70.65892662 0 151.08740831 0 -1.95430962 0 229.82492456 0 113202
0.32350000 0.32350400 2985.75203827 0 45.18482891 0 147.73581559 0 -23.57840498 0 229.29013127 0 113863
0.32450000 0.32450300 2912.80756237 0 50.21310378 0 96.35657456 0 27.18421828 0 255.35992006 0 114045
0.32550000 0.32549900 2923.96846578 0 43.35922399 0 76.20117880 0 41.65087499 0 233.19976917 0 114828
0.32650000 0.32650300 2896.61982348 0 26.56505387 0 17.79222947 0 98.42975666 0 242.64999840 0 116431
0.32750000 0.32750400 2911.26850922 0 23.96815081 0 -40.69843361 0 111.75629609 0 192.34510505 0 116442
0.32850000 0.32850400 2903.29643535 0 48.72276886 0 -13.36794992 0 -17.75447285 0 218.15358697 0 116955
0.32950000 0.32949800 2845.35495957 0 60.64256942 0 -43.81595739 0 -60.72317594 0 319.12986762 0 117028
0.33050000 0.33049700 2831.02737126 0 85.13034443 0 22.19314642 0 -29.15619933 0 331.50761954 0 119061
0.33150000 0.33150100 2789.24041739 0 35.69141761 0 -37.99257887 0 -0.31546493 0 412.35330643 0 120060
0.33250000 0.33250400 2805.48351790 0 -7.06836179 0 -5.87942662 0 57.23041108 0 276.00426968 0 119737
0.33350000 0.33350100 2806.39144853 0 40.56955175 0 -2.92978144 0 20.06360619 0 224.05402887 0 120531
0.33450000 0.33450000 2778.96529996 0 80.64527782 0 -65.97621900 0 2.43518069 0 342.18798406 0 121704
0.33550000 0.33550300 2746.70054544 0 49.62184163 0 -44.93215845 0 44.79054342 0 364.47103775 0 122761
0.33650000 0.33650300 2744.30892328 0 31.37631118 0 -61.89429574 0 23.02235283 0 288.28679961 0 122472
0.33750000 0.33749900 2721.22312603 0 38.48784396 0 -92.08852552 0 -38.14648419 0 275.18823935 0 122985
0.33850000 0.33849800 2714.42471859 0 44.82486763 0 -28.81074279 0 -53.00034010 0 263.04079179 0 125380
0.33950000 0.33950300 2702.11229339 0 13.64276503 0 -36.50479059 0 -87.87572737 0 196.12630398 0 125223
0.34050000 0.34050000 2742.83630408 0 -2.75890225 0 -11.76268427 0 -43.86345766 0 158.47375620 0 125178
0.34150000 0.34149900 2743.61136681 0 21.32319386 0 27.83504953 0 15.66113912 0 129.18192089 0 127059
0.34250000 0.34250300 2746.58982219 0 33.78919220 0 -29.11434594 0 22.51889422 0 91.57056216 0 127957
0.34350000 0.34349800 2736.95689960 0 39.10335450 0 -66.91603793 0 26.09979479 0 121.35268001 0 126732
0.34450000 0.34449700 2720.49235259 0 52.36312781 0 -89.36971616 0 25.27645671 0 56.63250554 0 129639
0.34550000 0.34550000 2708.95499013 0 56.18551578 0 -67.61093704 0 -12.89128634 0 -1.71978671 0 129826
0.34650000 0.34650400 2650.50418741 0 77.70823294 0 -128.61169616 0 -1.69892645 0 34.41012818 0 130875
0.34750000 0.34750200 2609.61409186 0 59.52315738 0 -53.89199442 0 -30.68716968 0 25.61726287 0 130686
0.34850000 0.34850200 2605.76092282 0 49.14462443 0 -130.31351249 0 -1.26068383 0 -25.98851792 0 132211
0.34950000 0.34950400 2578.94375211 0 29.78842908 0 -91.98909604 0 19.98466051 0 62.39055733 0 132768
0.35050000 0.35050300 2592.36340979 0 54.46000468 0 -88.05997085 0 -34.48076961 0 8.54488952 0 132957
0.35150000 0.35150100 2571.70245168 0 47.62671942 0 -71.23612691 0 12.27854388 0 65.76595556 0 133987
0.35250000 0.35249800 2545.61605441 0 24.73225195 0 -99.37710478 0 16.32160329 0 50.61635785 0 134778
0.35350000 0.35349800 2540.60029126 0 40.30414813 0 -99.40722150 0 46.56300118 0 90.40730372 0 135699
0.35450000 0.35450100 2530.30302918 0 38.49393374 0 -122.00594718 0 23.98852389 0 51.39097769 0 137380
0.35550000 0.35550100 2508.75628508 0 42.46147989 0 -125.12169938 0 19.30869508 0 59.38220668 0 136161
0.35650000 0.35649900 2493.93044215 0 49.28668236 0 -184.89010875 0 9.79327200 0 103.69320771 0 138792
0.35750000 0.35750000 2494.00794843 0 16.80446738 0 -185.60427370 0 20.02396726 0 50.14323741 0 138097
0.35850000 0.35849800 2479.21532247 0 36.73686652 0 -151.87022168 0 42.98896545 0 140.94294431 0 140028
0.35950000 0.35950300 2458.64294295 0 42.97213551 0 -194.56289171 0 18.38426668 0 132.49033155 0 141099
0.36050000 0.36050500 2474.07776375 0 15.01230088 0 -180.02935816 0 63.27147150 0 138.47381588 0 140821
0.36150000 0.36150200 2470.55676446 0 -1.46006318 0 -226.31942653 0 35.58191231 0 136.87497218 0 141756
0.36250000 0.36250400 2520.40437079 0 29.09563371 0 -181.16427145 0 -2.08247178 0 87.99287257 0 142971
0.36350000 0.36349900 2481.97233135 0 79.30453000 0 -210.96321923 0 -119.16257416 0 141.36479989 0 142270
0.36450000 0.36450000 2403.15952329 0 95.39948281 0 -133.43480085 0 -81.61897806 0 148.89730246 0 145311
0.36550000 0.36550300 2405.87224287 0 56.50783116 0 -134.12349946 0 -55.76211008 0 200.46554807 0 145434
0.36650000 0.36650100 2386.05278144 0 40.61284454 0 -129.99684400 0 59.05856263 0 108.85944375 0 144547
0.36750000 0.36749600 2374.47112968 0 -2.97061617 0 -181.28274533 0 46.55868297 0 111.94784731 0 146892
0.36850000 0.36849900 2379.53118213 0 37.09339537 0 -196.96669343 0 60.15726942 0 110.07861744 0 148113
0.36950000 0.36949900 2381.10345225 0 52.59210349 0 -215.58702208 0 0.55150696 0 135.88732080 0 147387
0.37050000 0.37049800 2349.97914718 0 41.58920214 0 -246.83201548 0 44.54274479 0 150.09643524 0 149758
0.37150000 0.37150100 2336.00587326 0 50.13836558 0 -215.57041359 0 12.85087235 0 172.51124960 0 150099
0.37250000 0.37250000 2306.70850179 0 70.27770647 0 -291.46012790 0 37.88096984 0 207.41343190 0 150468
0.37350000 0.37349800 2261.77700768 0 62.87718601 0 -260.57166335 0 58.51313991 0 254.27593946 0 150709
0.37450000 0.37449700 2234.81589675 0 49.17784141 0 -293.48304164 0 28.13942774 0 249.80161300 0 153108
0.37550000 0.37550100 2217.04481541 0 55.03709425 0 -272.93834294 0 29.21377542 0 239.04152774 0 153189
0.37650000 0.37649900 2196.21777243 0 38.42583894 0 -288.30008640 0 -56.15263098 0 253.79761503 0 153547
0.37750000 0.37749900 2198.56510529 0 22.37141085 0 -272.28064685 0 -40.33216111 0 198.37398592 0 155424
0.37850000 0.37850200 2213.65668402 0 10.45714645 0 -247.96249985 0 -70.95167888 0 222.11747926 0 155313
0.37950000 0.37949900 2241.09390492 0 9.93174249 0 -218.30417059 0 -6.97823307 0 184.50589908 0 156100
0.38050000 0.38050000 2238.34796836 0 12.64979894 0 -259.16658533 0 6.28862653 0 186.80119202 0 157557
0.38150000 0.38149800 2243.85091380 0 42.81612646 0 -233.88403884 0 31.03960178 0 137.90580562 0 157692
0.38250000 0.38250100 2234.00761703 0 42.71570047 0 -286.88061435 0 22.36266371 0 98.37716312 0 159703
0.38350000 0.38350500 2218.91603831 0 25.02954387 0 -299.02916914 0 65.66763331 0 134.19104064 0 160338
0.38450000 0.38450600 2200.18166471 0 30.06147261 0 -390.45556964 0 10.52248424 0 153.49563896 0 160167
0.38550000 0.38550000 2176.60868517 0 70.17406951 0 -371.17533043 0 34.83751992 0 163.98555949 0 160033
0.38650000 0.38649600 2176.17686451 0 55.70099085 0 -402.23763048 0 9.88017868 0 114.44687102 0 162444
0.38750000 0.38750200 2140.49076162 0 31.44551321 0 -403.46665853 0 7.42645185 0 201.49195258 0 164307
0.38850000 0.38850400 2141.23260738 0 47.13322590 0 -399.81611304 0 -50.90899939 0 184.66866226 0 163882
0.38950000 0.38950500 2137.26871509 0 48.31054620 0 -306.21842965 0 -45.19224736 0 154.15001336 0 164595
0.39050000 0.39050100 2128.08975782 0 47.05317300 0 -296.08725244 0 -73.82051824 0 233.49650747 0 165006
0.39150000 0.39150100 2105.26969637 0 41.67700568 0 -230.65645616 0 -29.98640224 0 184.95543547 0 166687
0.39250000 0.39250100 2099.05812214 0 43.48312330 0 -257.86558717 0 -20.43917945 0 272.71578921 0 167256
0.39350000 0.39350100 2089.52485048 0 28.34083333 0 -276.65864408 0 51.75127114 0 189.31128805 0 167937
0.39450000 0.39449600 2096.75507858 0 33.30987126 0 -308.93668539 0 57.42993437 0 184.61662233 0 167719
0.39550000 0.39549700 2081.69671683 0 19.14571046 0 -323.06165016 0 47.53659070 0 155.19745529 0 171636
0.39650000 0.39650400 2049.68662578 0 48.07337700 0 -397.86184771 0 49.84262379 0 185.11155525 0 171093
0.39750000 0.39750000 2038.27105889 0 70.13952386 0 -420.54682680 0 5.67335959 0 181.61491507 0 170464
0.39850000 0.39849800 2010.28022175 0 37.51934771 0 -419.19268147 0 19.52283384 0 213.84534538 0 172113
0.39950000 0.39949500 1993.19562455 0 46.94532855 0 -441.05941576 0 7.27717476 0 199.42032061 0 173232
