### header ###
fiducial parameters:
Omega_m = 0.31
Omega_nu = 0
Omega_de = 0.69
Omega_k = 0
H_0 = 100
w_de = -1
zeff = 0
beta = 0
fgrowth = 0
b_1 = 2
gamma = 0.55
Lx = 3500 Ly = 3500 Lz = 3500
nx = 700 ny = 700 nz = 700
xoffset = -685.467585 yoffset = -31.7331281 zoffset = 572.489161
bins = 400 dk = 0.001
kx_ny = 0.628318531 ky_ny = 0.628318531 kz_ny = 0.628318531
############################
A(data) = 8.01608599 (not used)
A(ran) = 8.00867489 (used)
Ngal = 475850
weighted Ngal = 0
Nran = 23820508
weighted Nran = 0
SN(data) = 3494.53368
SN(ran) = 69.7584628
SN(data+ran) = 3564.29215
############################
13 columns: k_central k_mean P_0(k) sigma^{lin}_{P_0(k)} P^img_1(k) sigma^{lin}_{P_1(k)} P_2(k) sigma^{lin}_{P_2(k)} P^img_3(k) sigma^{lin}_{P_3(k)} P_4(k) sigma^{lin}_{P_4(k)} N_modes
### header ###
0.00050000 0 0 0 0 0 0 0 0 0 0 0 0
0.00150000 0.00179520 28206.19385926 0 -23198.62423678 0 22056.51393174 0 -59902.60594785 0 -31352.83784947 0 3
0.00250000 0.00253879 36607.98465490 0 131.16608150 0 3254.90918229 0 24522.76356184 0 90367.88623986 0 6
0.00350000 0.00331552 43402.51677986 0 -2715.05584111 0 3650.32404621 0 -21059.78325156 0 -22495.42088755 0 7
0.00450000 0.00420575 37438.07684655 0 -9103.84262309 0 -20820.06741924 0 14291.93542941 0 34286.11814043 0 24
0.00550000 0.00557378 63283.54033123 0 -33759.62909530 0 -25760.98164631 0 6515.74205835 0 -40085.69115719 0 45
0.00650000 0.00659388 87705.10284423 0 -39724.95481459 0 -23591.91321434 0 -15293.87010225 0 4091.14651422 0 40
0.00750000 0.00754703 102615.42761476 0 8866.77307640 0 4466.96336321 0 -38706.85454752 0 -12213.99223070 0 57
0.00850000 0.00846663 89715.72630805 0 19241.37534660 0 -2173.55272352 0 -49264.75915509 0 6365.37988732 0 75
0.00950000 0.00948925 69768.93314725 0 13658.81989628 0 13720.04985253 0 -23491.59795148 0 16353.49158740 0 112
0.01050000 0.01054430 77539.49070498 0 8154.62328871 0 31882.98076179 0 -7390.55536995 0 -15970.05697893 0 105
0.01150000 0.01145670 79276.73846903 0 -16.65709473 0 65015.25193286 0 -15061.24055781 0 -8629.03919021 0 144
0.01250000 0.01249090 78465.57995281 0 7316.55902319 0 64536.59533095 0 -8242.26073965 0 -13721.93214775 0 169
0.01350000 0.01339930 82127.86210983 0 -3370.95821871 0 77898.67692210 0 -12535.08965044 0 -266.07460879 0 180
0.01450000 0.01448870 84856.74728463 0 -540.01499713 0 86571.07533630 0 7596.94350457 0 -7700.91263462 0 267
0.01550000 0.01550050 95211.14256204 0 1639.76701634 0 87808.85052778 0 25336.57943601 0 -5645.04765159 0 238
0.01650000 0.01653350 90397.11717739 0 1886.49163028 0 70744.62641027 0 27474.42391200 0 -8605.75409112 0 315
0.01750000 0.01747870 81299.98438314 0 4919.64429110 0 46369.34621502 0 30734.55923160 0 -18867.46293747 0 297
0.01850000 0.01844180 87266.41733491 0 -1006.86075015 0 46004.73455874 0 18666.83241176 0 -33525.22797889 0 388
0.01950000 0.01947590 75641.69423106 0 4472.83169536 0 26236.64872052 0 14871.01801743 0 -18883.62853170 0 399
0.02050000 0.02045430 72229.64661495 0 4864.33802863 0 18106.68349918 0 3209.34656566 0 -31946.97879924 0 462
0.02150000 0.02154770 67746.57301913 0 1697.63098584 0 7846.22582554 0 -3356.69706435 0 -25249.66168619 0 571
0.02250000 0.02255340 68964.63947243 0 -4072.42321295 0 5136.92759334 0 3656.56883741 0 -17974.03704785 0 510
0.02350000 0.02348930 70287.22867202 0 -8862.60988226 0 -9547.94249924 0 4016.23116449 0 -26597.27433986 0 555
0.02450000 0.02439640 79918.26896902 0 -10908.36583273 0 -72.02901609 0 1187.71721097 0 -35152.19538774 0 592
0.02550000 0.02547300 83048.41519525 0 -462.39357122 0 -1087.11296044 0 -9838.45815783 0 -38031.66418008 0 837
0.02650000 0.02652900 81263.44571124 0 12401.77885962 0 2652.87366492 0 -18889.16469411 0 -34499.92473268 0 723
0.02750000 0.02749970 70250.35783037 0 10338.48434664 0 5014.44553619 0 -17923.76869318 0 -23751.68686147 0 826
0.02850000 0.02848090 62103.11978231 0 11440.03672587 0 14148.10593002 0 -11568.47569377 0 -17257.98980183 0 831
0.02950000 0.02946900 55781.26520386 0 6882.55710727 0 20250.39630732 0 1653.76243491 0 -22605.25834975 0 996
0.03050000 0.03053250 55345.79066874 0 1792.94155788 0 28308.16997084 0 695.81589411 0 -19852.89984633 0 1041
0.03150000 0.03150510 54257.38113907 0 -2433.79664606 0 24792.37467118 0 7986.26858984 0 -7830.03808665 0 1036
0.03250000 0.03246190 54700.93847130 0 -4006.59824190 0 25524.36606494 0 5915.66634248 0 -4017.34946930 0 1059
0.03350000 0.03345080 63604.74847422 0 -2807.36581312 0 26957.12489647 0 9774.88086872 0 -1277.74628407 0 1302
0.03450000 0.03451200 63285.09045670 0 -1070.25534590 0 25278.00683772 0 5109.29107059 0 -757.96928225 0 1339
0.03550000 0.03553350 61353.30194559 0 3545.22553903 0 22212.08009544 0 -1617.02446116 0 5312.15820592 0 1365
0.03650000 0.03647120 58097.92772566 0 3090.79518383 0 21287.31952658 0 1789.23232907 0 -1528.16905450 0 1308
0.03750000 0.03744890 55575.43068548 0 5792.98498349 0 22906.20413832 0 -3259.49312476 0 -5491.51879565 0 1579
0.03850000 0.03847530 49636.12492951 0 3429.06577936 0 19503.45727505 0 810.84516942 0 -9471.22236057 0 1662
0.03950000 0.03950240 48896.93652462 0 1795.85357931 0 19559.15106889 0 -1838.63704241 0 -9144.15695775 0 1683
0.04050000 0.04050350 48398.01756829 0 339.93698042 0 18924.48541029 0 -908.18640583 0 -13942.49285814 0 1822
0.04150000 0.04152450 46447.73827473 0 2750.75301632 0 21613.51021574 0 353.51497234 0 -14095.18021738 0 1887
0.04250000 0.04250150 43892.35642984 0 2489.66759710 0 18849.96866426 0 -938.65412204 0 -9145.19775629 0 1920
0.04350000 0.04349210 43543.91036779 0 64.68197496 0 18560.64881675 0 3776.26066870 0 -6219.29163366 0 2005
0.04450000 0.04448520 42955.41630368 0 -456.55291987 0 19479.09816045 0 5768.11654195 0 -6956.44273079 0 2151
0.04550000 0.04548030 43708.88800759 0 -567.51090135 0 16582.79943439 0 6791.32115076 0 -2770.33995892 0 2274
0.04650000 0.04648670 43681.42864204 0 480.49239337 0 13659.81640552 0 1913.40845191 0 -3937.40728411 0 2311
0.04750000 0.04749250 41434.07887360 0 1877.00264791 0 12878.77461281 0 1229.16092277 0 -3419.82038814 0 2568
0.04850000 0.04851840 39987.81180579 0 2744.47500815 0 11834.76510566 0 545.68070573 0 -3468.57183431 0 2493
0.04950000 0.04949480 37431.21200516 0 1714.79308931 0 11126.24704051 0 1970.76309447 0 740.17605627 0 2644
0.05050000 0.05050630 35828.16081792 0 1352.71699542 0 11446.45867427 0 2385.03412756 0 2424.58447181 0 2829
0.05150000 0.05149060 35204.34603764 0 -269.86577280 0 8737.29330997 0 3705.55280241 0 2686.28994123 0 2784
0.05250000 0.05249300 35913.08554928 0 -121.80885979 0 9249.29975423 0 1662.67565639 0 2562.77815787 0 3055
0.05350000 0.05348950 35641.81359122 0 1049.76268713 0 8448.43850010 0 299.59496494 0 3501.97703829 0 3009
0.05450000 0.05448610 34844.27403454 0 481.48668813 0 10187.73464424 0 -1516.07807579 0 3141.05246618 0 3336
0.05550000 0.05550870 35202.68518891 0 918.24672016 0 12687.11267020 0 66.79435308 0 7919.60212211 0 3349
0.05650000 0.05647670 34177.16646421 0 973.47326189 0 11805.31272164 0 1158.57485205 0 4418.80982257 0 3324
0.05750000 0.05747970 33672.26845248 0 41.01465921 0 10602.72537844 0 398.71773842 0 6153.73239841 0 3639
0.05850000 0.05849280 33791.84956052 0 -236.34320218 0 10113.70508050 0 2135.59679405 0 4171.08869941 0 3846
0.05950000 0.05951020 34934.62420506 0 -836.90499311 0 10389.38382383 0 -880.18228190 0 1610.40321092 0 3787
0.06050000 0.06049470 34695.68343547 0 918.56338865 0 9928.15506119 0 -1843.85210740 0 1958.91570691 0 3930
0.06150000 0.06148310 33842.78225469 0 1094.34208131 0 11150.05253887 0 -1960.41047077 0 210.51811178 0 4083
0.06250000 0.06249100 32978.58730259 0 1582.58953098 0 12380.96288896 0 194.66475710 0 1452.11325532 0 4303
0.06350000 0.06350600 33407.86133581 0 -386.38649027 0 14126.29345013 0 387.53801205 0 -1304.35308061 0 4470
0.06450000 0.06451750 32278.59492756 0 726.99002464 0 14227.16232922 0 1528.46800727 0 219.94730359 0 4479
0.06550000 0.06550280 32465.93866349 0 700.24925297 0 13102.76774389 0 34.32442838 0 -2161.10743043 0 4636
0.06650000 0.06648880 31601.52226490 0 499.54564991 0 14928.92627623 0 2183.35173099 0 1227.93189471 0 4653
0.06750000 0.06749660 31374.87177586 0 89.63932727 0 14386.05019037 0 224.10939049 0 1708.37114092 0 5220
0.06850000 0.06852730 31939.33889512 0 -120.05500354 0 14153.75281568 0 2600.08082019 0 49.16112219 0 5029
0.06950000 0.06949320 31441.30572477 0 361.30656732 0 12477.18139164 0 -21.88345349 0 1765.53755396 0 5040
0.07050000 0.07048030 31254.29415859 0 1081.43396504 0 13260.54837256 0 -652.59175249 0 2040.65160873 0 5475
0.07150000 0.07148790 31242.66821753 0 1039.25615811 0 13838.85589783 0 -969.43407780 0 1238.43953097 0 5509
0.07250000 0.07249820 29494.56957516 0 1255.47983886 0 15322.76887003 0 -494.13792647 0 1166.91231264 0 5916
0.07350000 0.07351270 28782.06547308 0 2148.82822220 0 15855.90131005 0 -1147.44716561 0 456.19085485 0 5721
0.07450000 0.07449140 27492.36107820 0 989.49602314 0 15860.10879348 0 386.50164244 0 3476.47747423 0 6028
0.07550000 0.07549160 26294.66770257 0 555.37009718 0 14441.52253771 0 2987.06964492 0 1918.74531247 0 6183
0.07650000 0.07648840 25986.19273312 0 -394.37517262 0 13115.05802444 0 3725.84837380 0 2766.97397218 0 6330
0.07750000 0.07749960 26227.56941417 0 -540.97386045 0 11361.20177316 0 4286.41803472 0 590.22799018 0 6583
0.07850000 0.07848650 26533.82991865 0 4.87383808 0 10021.52797638 0 2847.91266660 0 842.62384888 0 6549
0.07950000 0.07947320 25629.66387396 0 53.77695297 0 7466.06862521 0 134.48224278 0 -502.79316278 0 6828
0.08050000 0.08048110 25961.39072553 0 638.22098210 0 8294.84321021 0 -1198.46843837 0 794.70504153 0 7147
0.08150000 0.08149960 25234.49260118 0 906.05719777 0 8505.97029986 0 -2070.60224736 0 1012.82984046 0 7386
0.08250000 0.08250610 24718.07937164 0 440.74496173 0 9661.79921535 0 -535.84515960 0 914.68807497 0 7227
0.08350000 0.08350160 24685.52673668 0 -288.26908389 0 9177.48465546 0 785.74531629 0 497.51387831 0 7798
0.08450000 0.08449610 24613.11373236 0 -234.31143058 0 8667.31621711 0 839.69632620 0 -1103.79231054 0 7371
0.08550000 0.08548940 23851.33778484 0 1285.57441772 0 9421.21974169 0 584.31647596 0 986.37141307 0 8256
0.08650000 0.08650700 22986.81066300 0 1751.96288373 0 8704.88461522 0 1560.73276179 0 117.75860338 0 8037
0.08750000 0.08749060 21829.97416595 0 360.28902067 0 6341.89548638 0 1096.14022686 0 1641.37250344 0 8155
0.08850000 0.08849210 21237.27261840 0 186.48009460 0 6482.15969718 0 1306.30180978 0 185.61091710 0 8718
0.08950000 0.08949900 21339.91306947 0 -152.34633164 0 5448.10421004 0 1041.82272300 0 -208.78197125 0 8571
0.09050000 0.09049190 21217.34243373 0 365.74324787 0 5657.31578749 0 -177.02211474 0 -1189.78773571 0 8932
0.09150000 0.09150830 20443.82982190 0 933.95613462 0 4999.66398256 0 -486.14592242 0 -1116.63288564 0 9285
0.09250000 0.09250820 19815.25394195 0 548.09115085 0 5644.40545675 0 -1109.35836823 0 -1445.66916227 0 9204
0.09350000 0.09350330 19612.85184426 0 592.83552267 0 6667.68757184 0 -1036.84460576 0 -2418.79364593 0 9349
0.09450000 0.09448040 19219.56286670 0 99.69942015 0 7669.27900261 0 -370.05702562 0 -1221.52101864 0 9564
0.09550000 0.09549270 19378.00783486 0 251.21554888 0 7125.18496102 0 347.52484462 0 -1916.86301725 0 10155
0.09650000 0.09649430 19324.52850598 0 57.84027473 0 7884.79073288 0 649.17926198 0 -631.40485895 0 9913
0.09750000 0.09749140 19320.87463879 0 -215.26260296 0 6795.72793604 0 1079.17521077 0 -935.29034976 0 10476
0.09850000 0.09850240 19188.89252696 0 249.47497942 0 7327.93030078 0 1179.20259319 0 -548.02693136 0 10575
0.09950000 0.09950330 18760.61500297 0 507.08922481 0 5706.77586245 0 747.73291796 0 -1294.52085617 0 10882
0.10050000 0.10051200 18181.75386145 0 579.70263821 0 5841.34889830 0 507.06375846 0 -536.46853149 0 10875
0.10150000 0.10150300 17777.28183583 0 313.90815924 0 4959.47144347 0 541.63044932 0 -662.53359294 0 11118
0.10250000 0.10250800 17485.63680010 0 183.43852697 0 4936.71781597 0 671.84209642 0 -348.10392721 0 11575
0.10350000 0.10349800 17071.53185189 0 573.60621616 0 4289.88367239 0 432.21594992 0 -454.78577683 0 11364
0.10450000 0.10450100 17061.89892929 0 51.34547044 0 4326.34483801 0 3.63114678 0 -359.38219727 0 12093
0.10550000 0.10551000 16768.37159835 0 331.38582396 0 4578.37309554 0 227.97252462 0 515.52522909 0 12067
0.10650000 0.10649700 17072.63908437 0 139.83792630 0 4967.27743247 0 -424.73991621 0 258.39927322 0 12054
0.10750000 0.10749900 16806.90328872 0 53.35554028 0 5340.37048956 0 62.68153803 0 1398.08031020 0 12807
0.10850000 0.10850100 16988.71086224 0 22.61367332 0 5515.80040398 0 -91.25588669 0 1607.14794743 0 12736
0.10950000 0.10950300 16750.76660189 0 141.85751834 0 5742.99343694 0 797.65360163 0 1123.80775212 0 12933
0.11050000 0.11050200 16793.17360594 0 454.49568192 0 5823.98749298 0 -630.87670905 0 781.86668091 0 13428
0.11150000 0.11150900 16230.25661216 0 793.82036278 0 6187.65800165 0 -300.97014769 0 165.82467265 0 13453
0.11250000 0.11250000 15373.25867120 0 570.17933163 0 5689.62483131 0 -499.05514592 0 1017.43924928 0 13668
0.11350000 0.11349100 15094.45753227 0 522.04350671 0 6157.07624050 0 -88.93867055 0 195.76645342 0 13791
0.11450000 0.11448600 14919.29335364 0 -136.79303697 0 5738.50914538 0 292.41345507 0 -45.44259263 0 14205
0.11550000 0.11549300 15046.40364255 0 -298.06144796 0 5776.94118483 0 941.83187926 0 196.44629416 0 14776
0.11650000 0.11649800 15075.63458008 0 -110.94912361 0 4944.98884261 0 1002.48939631 0 53.59957432 0 14553
0.11750000 0.11747300 14874.78260787 0 318.30055049 0 5252.22371167 0 628.83275789 0 435.61183195 0 14568
0.11850000 0.11849100 14939.66643130 0 544.95546846 0 4833.41302541 0 559.42921146 0 978.38383795 0 16015
0.11950000 0.11950300 14274.21970970 0 258.12910850 0 4770.09039977 0 316.00636479 0 1931.88816203 0 15270
0.12050000 0.12050700 14185.86255765 0 65.84279749 0 4590.49729121 0 465.03874962 0 1709.57802432 0 15999
0.12150000 0.12150000 14236.57380532 0 81.98513984 0 4782.75713936 0 270.15365325 0 1291.65312404 0 15670
0.12250000 0.12250700 13908.94371394 0 294.80839892 0 4486.08526817 0 28.03556933 0 1224.28909985 0 16887
0.12350000 0.12352200 13673.54608829 0 251.31962873 0 4098.91928624 0 -63.59179385 0 1302.50400237 0 16407
0.12450000 0.12449800 13674.87476727 0 -130.06659964 0 3682.62201771 0 140.61963243 0 869.18746336 0 16306
0.12550000 0.12549900 13683.84335037 0 -106.99431063 0 3380.34755016 0 75.66372816 0 247.36459431 0 17523
0.12650000 0.12650100 13829.22297524 0 -8.02776766 0 3163.55143021 0 257.62531772 0 121.46672496 0 17154
0.12750000 0.12750600 13610.10166708 0 277.72712343 0 2937.38812346 0 402.34171033 0 -54.57936434 0 18007
0.12850000 0.12850300 13331.18980490 0 373.30010956 0 2768.56838695 0 118.59567113 0 169.46746751 0 17496
0.12950000 0.12949900 13086.93431940 0 433.96316278 0 2939.23720171 0 269.68086498 0 -120.46135786 0 18405
0.13050000 0.13049000 12694.19895808 0 422.66164084 0 3313.12746618 0 -119.91881395 0 -308.15608649 0 18100
0.13150000 0.13148800 12313.42170757 0 289.18697961 0 3081.72694980 0 -45.97705375 0 366.00898367 0 19059
0.13250000 0.13249300 12136.81812671 0 147.05597485 0 3388.18675613 0 -238.80679446 0 357.75788722 0 18957
0.13350000 0.13349100 12192.84409029 0 -96.43496662 0 3306.00796133 0 -40.20217201 0 73.05973881 0 19468
0.13450000 0.13450700 12313.53243082 0 11.91481801 0 3440.72493739 0 -65.56067465 0 -56.00226881 0 19953
0.13550000 0.13551000 12274.00423121 0 -36.51165543 0 3404.30806107 0 179.56099882 0 2.70957504 0 19956
0.13650000 0.13649900 12340.99179637 0 42.19939797 0 3430.62697716 0 178.93319800 0 224.91767020 0 19723
0.13750000 0.13749600 12261.38178092 0 266.15322229 0 3320.87809356 0 209.78180218 0 -254.16743068 0 20946
0.13850000 0.13851100 11950.80306976 0 401.08721593 0 3439.89451303 0 -143.01014736 0 136.88604450 0 20955
0.13950000 0.13949800 11746.51867685 0 234.52069752 0 3478.09403366 0 149.97685413 0 165.40503154 0 20506
0.14050000 0.14048300 11662.81190122 0 102.87507363 0 3262.84803918 0 235.57035391 0 395.82786164 0 21447
0.14150000 0.14148400 11623.83731786 0 -68.22522962 0 3204.97299736 0 633.45323904 0 183.03106541 0 21771
0.14250000 0.14249400 11515.88215088 0 30.15237639 0 2713.64965585 0 235.33229893 0 -126.39390950 0 22470
0.14350000 0.14350900 11480.22926497 0 291.19107041 0 3069.83527294 0 -124.15287096 0 -304.08368542 0 22519
0.14450000 0.14449900 11186.59121077 0 401.48581962 0 2992.05219109 0 -376.54651520 0 53.81459887 0 22218
0.14550000 0.14550500 10844.78854362 0 461.45574530 0 2996.38147010 0 -183.08310534 0 -79.56063288 0 23559
0.14650000 0.14650700 10459.16161484 0 298.82876007 0 3286.93034566 0 51.59913740 0 132.66195258 0 23044
0.14750000 0.14750500 10446.97098521 0 56.78696447 0 3353.77397059 0 410.89729572 0 44.81003071 0 23649
0.14850000 0.14849900 10482.92282390 0 -178.44158678 0 3020.65200610 0 703.79350415 0 785.75417415 0 23640
0.14950000 0.14949500 10593.80108463 0 -178.48255438 0 2695.71248965 0 748.75821523 0 606.96713084 0 24457
0.15050000 0.15050000 10798.86054028 0 -139.87335774 0 2371.45945733 0 338.79653096 0 682.17921887 0 24591
0.15150000 0.15149900 10668.97109783 0 141.67371775 0 2284.04345289 0 43.05683880 0 577.45495627 0 25020
0.15250000 0.15250500 10636.67312633 0 275.49051381 0 2329.08567025 0 -263.32867223 0 438.42752415 0 25297
0.15350000 0.15350100 10276.56790626 0 277.31080401 0 2505.34600904 0 -183.23036726 0 732.44535908 0 25452
0.15450000 0.15450400 10184.08077704 0 315.70851925 0 2872.32714283 0 -27.93182165 0 290.49351394 0 26061
0.15550000 0.15549900 9832.73376590 0 275.28124687 0 2643.82757555 0 -404.58164164 0 524.85698445 0 26128
0.15650000 0.15649500 9877.82027256 0 111.54592192 0 2961.17147717 0 43.38590829 0 403.44451388 0 26331
0.15750000 0.15749700 9638.58055020 0 74.83607188 0 3241.40094601 0 -191.63758350 0 681.00555244 0 27345
0.15850000 0.15849900 9711.54717076 0 178.77375652 0 3203.81040325 0 237.95865437 0 577.41398867 0 26980
0.15950000 0.15949700 9642.41157459 0 290.39386302 0 3271.87198391 0 169.57486906 0 1224.10087033 0 27777
0.16050000 0.16050000 9357.22170424 0 71.55988169 0 3102.58720976 0 215.26924636 0 1329.27688378 0 28224
0.16150000 0.16150500 9420.55540220 0 -71.08665052 0 2984.98804786 0 490.23271751 0 1432.69239758 0 28075
0.16250000 0.16249700 9371.88146230 0 39.51358413 0 3072.55906485 0 340.06541939 0 1212.55243554 0 28590
0.16350000 0.16349900 9336.04034686 0 231.73157890 0 2918.53195430 0 77.85405545 0 698.05914712 0 29163
0.16450000 0.16449100 9008.97494404 0 406.42850542 0 2911.70032988 0 -256.06522715 0 646.88396904 0 28996
0.16550000 0.16550500 8650.39770479 0 166.72374542 0 2603.56860251 0 -161.81870553 0 702.46039624 0 30777
0.16650000 0.16650700 8745.17680524 0 -5.71357427 0 2721.80995924 0 152.19242633 0 545.88997267 0 29211
0.16750000 0.16749900 8677.04879063 0 -28.98479974 0 2486.84415427 0 295.34872837 0 -30.20474849 0 30922
0.16850000 0.16850800 8574.02080819 0 121.82657551 0 2378.91113194 0 137.10084760 0 -39.16104131 0 30867
0.16950000 0.16949900 8475.73178078 0 165.05736054 0 2238.35904069 0 88.36036303 0 -121.33717876 0 30852
0.17050000 0.17049200 8376.55696738 0 152.75268597 0 2227.59674096 0 207.73231485 0 415.07045494 0 31257
0.17150000 0.17149500 8256.96478701 0 64.89489576 0 2008.17648003 0 331.43011326 0 309.61541890 0 32608
0.17250000 0.17250900 8229.26183031 0 -2.38453587 0 1788.25796449 0 664.47457148 0 573.43348789 0 32361
0.17350000 0.17350400 8312.86895502 0 -83.57623292 0 1813.58037135 0 211.22895503 0 560.55637413 0 32508
0.17450000 0.17449800 8229.52756611 0 144.87583409 0 1602.99582562 0 99.88543521 0 627.42214371 0 32791
0.17550000 0.17549800 8190.56405507 0 163.11970369 0 1574.21885342 0 -221.26823194 0 560.19098741 0 33633
0.17650000 0.17650100 8065.24748277 0 157.87031450 0 1714.91488489 0 -221.10546877 0 569.28690225 0 33984
0.17750000 0.17750300 7926.81020557 0 95.47156364 0 1905.91248801 0 -284.57646356 0 429.47001337 0 34069
0.17850000 0.17849800 7940.11914000 0 168.07789075 0 2142.91560075 0 -213.63940014 0 357.09908389 0 34536
0.17950000 0.17950400 7863.34363971 0 20.68409927 0 2127.75758807 0 -6.57578728 0 423.93827989 0 35343
0.18050000 0.18050100 7977.20035582 0 -72.22942517 0 2293.74280943 0 211.68070588 0 592.01838510 0 34990
0.18150000 0.18150500 7891.46734475 0 5.03227198 0 2086.22529768 0 200.43786726 0 329.99071104 0 36243
0.18250000 0.18250200 7956.88263977 0 87.18846817 0 2080.06908508 0 416.18100912 0 759.77850013 0 35694
0.18350000 0.18350400 7859.20259022 0 77.50870964 0 1853.93899531 0 327.45404142 0 769.20104855 0 37087
0.18450000 0.18450600 7770.38040053 0 12.18930095 0 1766.16867647 0 279.38797215 0 886.22777125 0 36651
0.18550000 0.18550700 7761.29002185 0 111.43741314 0 1540.66970922 0 -122.40565810 0 241.29474584 0 37818
0.18650000 0.18651000 7562.89610575 0 230.10505438 0 1652.03515224 0 -197.46273358 0 592.68051012 0 37267
0.18750000 0.18750100 7505.78505434 0 288.50935333 0 1703.84256007 0 -410.15655719 0 622.02992152 0 38334
0.18850000 0.18850000 7312.36261208 0 93.88910698 0 1713.13224059 0 -26.28049513 0 432.56694262 0 38223
0.18950000 0.18949500 7287.00698825 0 8.42917265 0 1866.88254302 0 61.39770197 0 633.52853085 0 39064
0.19050000 0.19050000 7169.67356214 0 192.21666608 0 1793.36230623 0 279.08126875 0 328.91226660 0 39609
0.19150000 0.19149800 7110.40340739 0 128.70470369 0 1852.75425655 0 170.15616612 0 417.47868559 0 39576
0.19250000 0.19250400 6905.26644547 0 116.32584454 0 1703.38859475 0 249.75843093 0 720.91131831 0 40909
0.19350000 0.19350500 6948.24921042 0 6.06169923 0 1841.91445056 0 35.77379570 0 712.52624673 0 40191
0.19450000 0.19450100 6940.54287235 0 47.29886788 0 1669.33012361 0 108.06755108 0 748.32639457 0 41232
0.19550000 0.19549800 6864.48707317 0 -30.25435250 0 1561.98393449 0 134.83544994 0 539.69611417 0 40873
0.19650000 0.19649700 6922.31782569 0 -0.27186654 0 1481.33312051 0 36.08437441 0 504.61456021 0 42816
0.19750000 0.19750200 6912.65168613 0 34.69800862 0 1411.46675091 0 128.15330192 0 247.71226531 0 41727
0.19850000 0.19849000 6776.14099344 0 199.68605641 0 1259.68732229 0 64.02051427 0 267.58265943 0 42610
0.19950000 0.19949900 6660.02552307 0 90.40697155 0 1209.09787020 0 216.14174555 0 341.89235298 0 43863
0.20050000 0.20050100 6720.60221215 0 -27.79552133 0 1064.06259463 0 71.77269177 0 227.13324240 0 43302
0.20150000 0.20150100 6644.23638787 0 0.64429526 0 1053.82401587 0 -61.03762997 0 138.51589071 0 44487
0.20250000 0.20249700 6754.22886262 0 160.97610161 0 1148.08936045 0 -218.90871952 0 179.93081447 0 43759
0.20350000 0.20349100 6624.37263715 0 95.90670601 0 1263.09759834 0 -272.20314057 0 311.17218777 0 45282
0.20450000 0.20449700 6540.45548735 0 84.80038915 0 1342.17614219 0 -116.51185960 0 294.41422416 0 45483
0.20550000 0.20549900 6551.76033099 0 139.62312320 0 1422.79373920 0 -55.17040504 0 164.77723072 0 46138
0.20650000 0.20650200 6323.69258437 0 161.24626633 0 1337.45933182 0 178.89555209 0 176.31570041 0 46227
0.20750000 0.20749300 6323.47113788 0 121.20098916 0 1475.70837950 0 120.26316325 0 288.60678979 0 46236
0.20850000 0.20850300 6163.64212912 0 10.58472178 0 1254.38367870 0 342.53233336 0 400.73843770 0 48361
0.20950000 0.20950400 6252.76327159 0 -53.90782784 0 1395.97656849 0 158.56454926 0 431.46524630 0 46812
0.21050000 0.21050300 6261.98651816 0 57.23749736 0 1176.11341456 0 -44.38872875 0 473.65191109 0 48813
0.21150000 0.21149700 6196.43835523 0 174.68696143 0 1348.73095848 0 -96.81375086 0 766.69205974 0 47215
0.21250000 0.21249000 6103.59691163 0 160.35605142 0 1433.77748542 0 -98.92003921 0 825.78948623 0 50004
0.21350000 0.21350300 6009.80324809 0 114.42804807 0 1472.01022301 0 31.69995523 0 921.72785909 0 49509
0.21450000 0.21449800 6044.90251777 0 5.47312766 0 1537.65803686 0 141.68921901 0 956.09967702 0 49660
0.21550000 0.21550100 6016.72345110 0 -21.98531888 0 1390.11930866 0 330.76023761 0 722.28207213 0 50841
0.21650000 0.21649800 5947.57678261 0 62.79569370 0 1302.78081049 0 4.12988858 0 516.71107508 0 50424
0.21750000 0.21750300 5882.22792153 0 99.86971251 0 1249.72222996 0 50.98063733 0 407.93877053 0 52231
0.21850000 0.21850300 5804.68843082 0 109.59254238 0 1127.02979864 0 -108.91203729 0 460.72386463 0 51078
0.21950000 0.21950100 5775.94467560 0 71.63550567 0 1010.04072184 0 8.50091025 0 332.12656249 0 52791
0.22050000 0.22050700 5661.42362000 0 90.20036197 0 1068.36197836 0 -24.59074764 0 327.83382216 0 52969
0.22150000 0.22150000 5713.40818502 0 59.37644907 0 962.99884261 0 142.81195274 0 176.52496735 0 52704
0.22250000 0.22250100 5588.88882011 0 65.20093482 0 977.53126894 0 229.94229121 0 403.36036421 0 54051
0.22350000 0.22349900 5541.66535476 0 111.83158790 0 842.48987375 0 105.92483478 0 422.38704718 0 53938
0.22450000 0.22449800 5489.47041556 0 66.89909728 0 834.24874239 0 69.62211412 0 324.14230907 0 54735
0.22550000 0.22549100 5419.30509319 0 68.40858732 0 997.16692977 0 -104.15735957 0 542.92480409 0 54774
0.22650000 0.22649900 5375.18187878 0 103.18775608 0 960.10785860 0 -133.98288093 0 347.63113894 0 56911
0.22750000 0.22749800 5329.25387544 0 56.73935347 0 1033.99126765 0 -176.20719163 0 418.60916995 0 54879
0.22850000 0.22849100 5321.80220083 0 68.69635704 0 1057.11692527 0 -106.39407991 0 52.10602843 0 57210
0.22950000 0.22949800 5306.12378889 0 26.28392755 0 1007.89269082 0 -78.43922782 0 -115.54303118 0 57375
0.23050000 0.23049600 5277.11429787 0 87.65981704 0 1023.75158166 0 -117.04333119 0 -262.50932020 0 57604
0.23150000 0.23150100 5190.52871778 0 115.91395406 0 1107.59786858 0 -130.82837559 0 -244.35624366 0 58629
0.23250000 0.23250200 5136.38504942 0 85.11251799 0 1041.86922676 0 53.08504339 0 -125.49926566 0 58560
0.23350000 0.23350400 5106.45655544 0 105.98706125 0 1152.59579665 0 63.00518209 0 -71.13392935 0 59305
0.23450000 0.23449700 5003.46178997 0 103.45127742 0 1222.84969762 0 219.57084455 0 55.68250007 0 59196
0.23550000 0.23549300 4940.82564847 0 121.06147787 0 1208.18993956 0 72.75358903 0 67.81422492 0 60063
0.23650000 0.23649900 4851.19517907 0 85.67255618 0 1192.02434533 0 63.65944576 0 273.55064250 0 61537
0.23750000 0.23750400 4862.84326478 0 26.40970916 0 1188.01616374 0 105.53575329 0 299.34805210 0 61224
0.23850000 0.23850100 4881.95409741 0 -60.73369465 0 1127.92665695 0 198.29758687 0 513.78576686 0 61221
0.23950000 0.23949400 4914.58423865 0 -87.56171624 0 926.06821041 0 354.10734172 0 459.25456713 0 62332
0.24050000 0.24050100 4965.81588559 0 -71.86813521 0 768.86998603 0 278.33831576 0 445.48502399 0 63447
0.24150000 0.24150500 5072.79668799 0 -32.08283622 0 704.48441721 0 164.87798887 0 433.76718263 0 63342
0.24250000 0.24250300 4994.45998990 0 62.99488482 0 483.70004586 0 123.66458143 0 368.77042148 0 63379
0.24350000 0.24349600 4984.87135660 0 108.01218945 0 505.37412170 0 -76.92375872 0 483.55721287 0 64266
0.24450000 0.24449500 4893.43609825 0 129.08448443 0 508.97373450 0 -107.17146783 0 459.03533510 0 64695
0.24550000 0.24549600 4851.53842114 0 132.91772329 0 594.04572778 0 -126.90766537 0 434.52010072 0 65947
0.24650000 0.24650000 4673.28506388 0 171.47045107 0 667.93024406 0 -100.86422872 0 378.02799226 0 66018
0.24750000 0.24750000 4683.63768759 0 95.15954553 0 648.08753075 0 -100.10212060 0 397.34255567 0 66303
0.24850000 0.24849600 4570.14635820 0 60.34660617 0 704.47666659 0 -78.08292041 0 363.61736151 0 66958
0.24950000 0.24949200 4584.96112880 0 85.15902175 0 804.55830339 0 -46.61149796 0 307.98667992 0 66975
0.25050000 0.25048900 4517.71890018 0 63.49967211 0 797.18081336 0 63.86317654 0 444.90926310 0 68676
0.25150000 0.25150000 4510.79869717 0 10.39475390 0 703.51669602 0 88.60993323 0 283.00862236 0 69349
0.25250000 0.25249900 4473.47389020 0 9.14223037 0 750.22751274 0 89.06622373 0 410.21302604 0 68592
0.25350000 0.25349900 4509.30393332 0 10.35321054 0 621.12752705 0 63.96249529 0 167.53091790 0 70437
0.25450000 0.25450100 4520.18802861 0 32.33650319 0 572.43144250 0 101.68513088 0 305.00711731 0 70099
0.25550000 0.25550100 4475.59977657 0 5.75512870 0 478.21703061 0 82.77736468 0 338.01925376 0 71064
0.25650000 0.25650300 4501.81904174 0 29.66751929 0 518.61883665 0 73.94264599 0 328.20253058 0 71409
0.25750000 0.25750600 4511.35231341 0 35.85207704 0 445.75629594 0 133.78025739 0 344.06474311 0 72612
0.25850000 0.25850600 4471.96805403 0 66.15780513 0 375.42045977 0 80.85033727 0 411.96688229 0 71845
0.25950000 0.25949600 4438.38569285 0 74.04794380 0 415.57092402 0 34.76377823 0 550.83044401 0 72816
0.26050000 0.26049800 4400.90587334 0 51.12037007 0 510.71873289 0 41.12106425 0 531.80486827 0 73743
0.26150000 0.26149900 4383.21229828 0 52.62111298 0 472.85581094 0 -11.53935548 0 608.81620908 0 74662
0.26250000 0.26250300 4334.02903144 0 89.92499325 0 481.88639906 0 -0.58069029 0 586.35156926 0 74931
0.26350000 0.26350100 4335.70095249 0 73.07169692 0 481.02607942 0 -69.22339970 0 543.63343288 0 75087
0.26450000 0.26450200 4248.93821521 0 34.74351588 0 455.60512887 0 -55.88047323 0 488.87635772 0 76678
0.26550000 0.26550600 4256.26809424 0 45.16633812 0 466.90111465 0 -81.35656396 0 378.46202739 0 76035
0.26650000 0.26650100 4209.78647465 0 66.94227934 0 478.96219808 0 -106.00710215 0 240.08343351 0 77094
0.26750000 0.26750600 4202.62268049 0 65.92971524 0 439.70637766 0 -107.33046642 0 97.75235183 0 78463
0.26850000 0.26850100 4141.18235007 0 92.76393733 0 611.99396631 0 -144.61784892 0 169.62469452 0 77076
0.26950000 0.26949700 4108.00966491 0 54.67004669 0 547.19318531 0 15.41378338 0 256.00986553 0 79149
0.27050000 0.27049900 4121.11929750 0 -12.79783592 0 572.33179157 0 102.27030325 0 206.34827425 0 79648
0.27150000 0.27150200 4143.69576781 0 -37.89658182 0 526.47908003 0 231.02627181 0 197.09845410 0 80241
0.27250000 0.27250500 4186.86676227 0 4.07076236 0 476.54510957 0 134.85538013 0 179.04613571 0 80835
0.27350000 0.27350000 4143.08678994 0 65.38982868 0 487.84441704 0 -25.02378626 0 103.61381914 0 80680
0.27450000 0.27450400 4112.94792178 0 141.48548823 0 458.83714048 0 -78.73120503 0 171.39515926 0 82617
0.27550000 0.27550800 3972.99373608 0 127.36273792 0 452.91344671 0 -55.37203208 0 219.93512404 0 82548
0.27650000 0.27649900 3944.99182661 0 89.31501887 0 502.72562160 0 38.54309486 0 247.20847453 0 81181
0.27750000 0.27748900 3895.63140257 0 -23.19541326 0 479.79705137 0 95.51729234 0 177.03872322 0 84096
0.27850000 0.27849800 3929.12518514 0 38.17715453 0 433.27446418 0 54.10724041 0 140.68163745 0 85215
0.27950000 0.27950200 3928.51620728 0 44.02599939 0 376.72699409 0 103.93624524 0 191.41613700 0 84514
0.28050000 0.28050300 3835.70798065 0 63.65058790 0 378.35794754 0 -25.82486896 0 233.14994371 0 85815
0.28150000 0.28150100 3886.38601134 0 73.13790942 0 337.42577715 0 26.62860902 0 317.22874945 0 85485
0.28250000 0.28250000 3795.63723713 0 63.11867341 0 365.91043998 0 9.63256828 0 253.46655252 0 87220
0.28350000 0.28350400 3761.27981322 0 91.41732119 0 281.06985829 0 15.08604257 0 337.44349287 0 87147
0.28450000 0.28449700 3706.90362603 0 38.19642037 0 332.13099142 0 28.96630896 0 319.60708482 0 87102
0.28550000 0.28549800 3706.39429909 0 25.34986623 0 319.30481035 0 115.47991893 0 379.60136962 0 88971
0.28650000 0.28649900 3702.86222748 0 14.12086801 0 314.54038898 0 55.50301768 0 347.73078986 0 89434
0.28750000 0.28750100 3691.38022664 0 5.06499070 0 217.55125250 0 89.49250824 0 350.57084118 0 89619
0.28850000 0.28849900 3730.89735392 0 28.41856105 0 253.72564492 0 -26.66182599 0 392.83501224 0 90240
0.28950000 0.28950100 3659.39228024 0 82.66619854 0 257.67735764 0 -91.88889150 0 392.23599947 0 91333
0.29050000 0.29050500 3660.17841530 0 120.73262982 0 319.69123449 0 -85.41711764 0 457.27262099 0 92139
0.29150000 0.29150600 3537.36418841 0 60.01886536 0 247.18190095 0 7.25034652 0 348.46820669 0 92370
0.29250000 0.29250200 3559.56419967 0 46.27301699 0 257.46144731 0 42.52481359 0 401.64415387 0 91819
0.29350000 0.29349600 3532.49236549 0 6.21649034 0 258.82555773 0 90.55434419 0 288.17054020 0 93552
0.29450000 0.29450000 3504.40187743 0 36.24403734 0 225.00957050 0 60.49929353 0 219.77568256 0 94701
0.29550000 0.29550200 3467.09921511 0 118.57795541 0 181.48536887 0 0.32212050 0 205.68282753 0 95020
0.29650000 0.29650300 3417.52841690 0 56.61213246 0 183.08864150 0 1.85455905 0 303.71054808 0 95151
0.29750000 0.29749800 3391.46416428 0 45.98015400 0 156.55049338 0 16.82472973 0 285.38585050 0 95802
0.29850000 0.29850000 3386.21588231 0 -8.86929757 0 131.85145841 0 78.98896875 0 193.21760425 0 97399
0.29950000 0.29950700 3430.58268786 0 -22.65840551 0 104.71086509 0 -0.78632883 0 101.07393855 0 97881
0.30050000 0.30050300 3436.29600747 0 56.48745808 0 80.06874186 0 -67.47773697 0 65.07149934 0 97188
0.30150000 0.30149700 3394.47583663 0 82.32683179 0 73.01511734 0 -112.15932872 0 62.75450465 0 98263
0.30250000 0.30249700 3353.25357133 0 76.35619135 0 150.68105399 0 -110.86718841 0 50.61347904 0 100050
0.30350000 0.30350600 3336.02503391 0 96.43363795 0 169.74870456 0 -95.39593966 0 -60.04809630 0 100779
0.30450000 0.30450500 3295.11279370 0 47.23785937 0 277.73376682 0 -89.03987160 0 -38.51176018 0 99982
0.30550000 0.30550300 3257.22329817 0 31.03738732 0 230.73064073 0 19.00763857 0 -67.85873567 0 101559
0.30650000 0.30649700 3286.50959732 0 14.57737996 0 304.74470322 0 8.75959297 0 -44.24024888 0 100935
0.30750000 0.30749800 3295.27887858 0 15.39662128 0 225.53882763 0 148.08459382 0 -13.41777538 0 103762
0.30850000 0.30850200 3299.98461662 0 -10.69028532 0 216.75958128 0 112.29108938 0 -53.09899452 0 102951
0.30950000 0.30950100 3323.18113712 0 40.68758273 0 72.19332939 0 132.72949376 0 6.65684777 0 104394
0.31050000 0.31050000 3299.79638710 0 57.17239209 0 122.98806239 0 22.66095214 0 48.29615218 0 103963
0.31150000 0.31149700 3218.27085946 0 83.69924645 0 41.40396215 0 64.87153316 0 126.62753556 0 105936
0.31250000 0.31250000 3192.69378913 0 90.02840876 0 67.58524925 0 7.37319396 0 220.58285504 0 105717
0.31350000 0.31349800 3125.61764538 0 76.63421743 0 6.70698325 0 75.62940395 0 267.21505824 0 106776
0.31450000 0.31450400 3111.78831168 0 29.09840179 0 -46.03684430 0 76.58129172 0 265.02163070 0 108733
0.31550000 0.31549900 3073.09053644 0 51.84494301 0 -72.88103148 0 35.98505566 0 242.71089619 0 105891
0.31650000 0.31650000 3056.12773482 0 40.42029681 0 -72.55506224 0 -8.79566661 0 222.45961409 0 111072
0.31750000 0.31750600 3027.16253309 0 48.95860937 0 -49.37127492 0 -10.71140025 0 152.61538914 0 108121
0.31850000 0.31849900 3000.68860445 0 77.28737387 0 -18.50218694 0 -63.97168532 0 178.83354708 0 110484
0.31950000 0.31950100 2955.93426753 0 48.48869991 0 -46.01835352 0 -13.24050746 0 142.35355850 0 110817
0.32050000 0.32049800 2982.95074009 0 -8.53251066 0 -22.18517435 0 36.81370845 0 195.29920131 0 111088
0.32150000 0.32149900 3006.95554030 0 21.98199719 0 1.95499610 0 -46.24788281 0 167.89076846 0 112635
0.32250000 0.32250100 3008.90426947 0 38.58018715 0 -3.26084395 0 6.37252154 0 219.96944824 0 113202
0.32350000 0.32350400 3005.75972922 0 23.09210847 0 27.95296979 0 -16.17722018 0 218.75149251 0 113863
0.32450000 0.32450300 3013.23354847 0 31.51969778 0 70.94093873 0 -21.42660937 0 254.80076766 0 114045
0.32550000 0.32549900 2997.23403911 0 75.84464994 0 86.73793527 0 -6.27407750 0 145.73615373 0 114828
0.32650000 0.32650300 2948.15042319 0 84.31796796 0 49.34558713 0 -31.89349947 0 194.08235282 0 116431
0.32750000 0.32750400 2898.22531058 0 35.25860043 0 -3.03365092 0 17.62913413 0 219.82218632 0 116442
0.32850000 0.32850400 2890.36395996 0 30.98767258 0 21.95498071 0 -0.21274586 0 145.64757513 0 116955
0.32950000 0.32949800 2901.32556153 0 32.88502616 0 -5.18338707 0 18.63959449 0 132.03193730 0 117028
0.33050000 0.33049700 2880.84176061 0 6.51206605 0 -4.77016791 0 10.24776879 0 95.04882228 0 119061
0.33150000 0.33150100 2874.25372735 0 43.20498651 0 -19.16896234 0 18.46044428 0 120.37831543 0 120060
0.33250000 0.33250400 2885.58071564 0 63.95485538 0 -7.36483436 0 -0.70264088 0 63.47232347 0 119737
0.33350000 0.33350100 2829.38866718 0 62.66337942 0 -4.84477323 0 -29.55845689 0 140.89865501 0 120531
0.33450000 0.33450000 2827.32921477 0 48.56454533 0 -0.33586679 0 18.34994248 0 99.15975504 0 121704
0.33550000 0.33550300 2781.73338116 0 41.17066827 0 -46.35550581 0 -18.72861598 0 133.17017229 0 122761
0.33650000 0.33650300 2801.57498724 0 27.08146710 0 -20.63482743 0 -19.43923779 0 47.30905442 0 122472
0.33750000 0.33749900 2786.94844615 0 18.11642715 0 -52.36423504 0 32.43316458 0 88.38815456 0 122985
0.33850000 0.33849800 2781.83303209 0 23.30713302 0 -91.82522563 0 59.44963714 0 41.77621371 0 125380
0.33950000 0.33950300 2782.36450368 0 13.67609272 0 -175.40555531 0 82.22441278 0 102.34792025 0 125223
0.34050000 0.34050000 2766.55322384 0 32.69989689 0 -187.82095313 0 58.82161488 0 104.30561800 0 125178
0.34150000 0.34149900 2766.49786221 0 59.00995512 0 -208.97352246 0 88.71644899 0 103.23337406 0 127059
0.34250000 0.34250300 2735.12996600 0 46.41529636 0 -219.67381717 0 -32.55961053 0 155.24174458 0 127957
0.34350000 0.34349800 2689.06909476 0 77.23478033 0 -250.20132393 0 -26.38114256 0 175.93813414 0 126732
0.34450000 0.34449700 2687.12036559 0 41.62053682 0 -179.72708369 0 18.65332418 0 191.68962342 0 129639
0.34550000 0.34550000 2659.58349376 0 27.65711727 0 -225.69937634 0 41.71044410 0 217.81698830 0 129826
0.34650000 0.34650400 2679.35866589 0 35.83768302 0 -198.61093367 0 54.73016941 0 214.87728606 0 130875
0.34750000 0.34750200 2658.95237125 0 42.27103591 0 -224.05624333 0 31.69729787 0 259.72463050 0 130686
0.34850000 0.34850200 2640.41729950 0 47.66336882 0 -204.16259733 0 21.10307604 0 253.42890661 0 132211
0.34950000 0.34950400 2636.26517770 0 42.07339491 0 -188.87614569 0 -34.26076252 0 333.43974022 0 132768
0.35050000 0.35050300 2612.21608819 0 64.53139134 0 -217.19915257 0 -78.90625848 0 212.34393814 0 132957
0.35150000 0.35150100 2618.67125356 0 59.40734086 0 -123.43759878 0 -135.32927563 0 246.14442411 0 133987
0.35250000 0.35249800 2561.05087520 0 53.97359745 0 -88.93700970 0 -145.86791439 0 148.44222991 0 134778
0.35350000 0.35349800 2568.91222582 0 58.20898314 0 -55.88235553 0 -75.25383069 0 155.64256274 0 135699
0.35450000 0.35450100 2562.51242208 0 50.46577423 0 -30.99951996 0 -31.77535776 0 107.04690418 0 137380
0.35550000 0.35550100 2526.84846384 0 52.24144296 0 -33.55169084 0 28.56272272 0 60.56185217 0 136161
0.35650000 0.35649900 2499.77662966 0 50.29559260 0 -80.62490474 0 79.78119359 0 123.63136446 0 138792
0.35750000 0.35750000 2481.71766788 0 33.82185556 0 -105.04369917 0 72.44588912 0 66.33230497 0 138097
0.35850000 0.35849800 2481.38549813 0 26.13057585 0 -223.99534555 0 88.25451160 0 150.81281466 0 140028
0.35950000 0.35950300 2458.21112229 0 42.51285548 0 -223.07080642 0 79.04986653 0 164.41073677 0 141099
0.36050000 0.36050500 2433.37589772 0 26.48411518 0 -288.67211651 0 68.29409948 0 233.15437264 0 140821
0.36150000 0.36150200 2440.75006605 0 -2.92588398 0 -276.40951677 0 55.55516833 0 178.61874397 0 141756
0.36250000 0.36250400 2451.67845064 0 6.56977500 0 -313.47301687 0 16.25505862 0 109.62941322 0 142971
0.36350000 0.36349900 2460.32593633 0 39.93333597 0 -273.57167992 0 -77.58200843 0 117.62462825 0 142270
0.36450000 0.36450000 2450.53800119 0 82.31874899 0 -249.65767278 0 -111.46730841 0 137.82054872 0 145311
0.36550000 0.36550300 2392.19792172 0 82.86140363 0 -138.90342208 0 -70.76632817 0 242.57470659 0 145434
0.36650000 0.36650100 2373.72928392 0 86.92007501 0 -115.41569944 0 -43.87264769 0 242.22260666 0 144547
0.36750000 0.36749600 2364.87142407 0 34.27338497 0 -90.80136776 0 51.27460756 0 272.58181408 0 146892
0.36850000 0.36849900 2327.05943481 0 26.42067076 0 -157.11186025 0 113.44150393 0 305.82979105 0 148113
0.36950000 0.36949900 2347.24428295 0 -4.54616370 0 -252.00389841 0 144.23031755 0 352.61368510 0 147387
0.37050000 0.37049800 2351.99431030 0 1.17485117 0 -241.44865116 0 102.65296280 0 341.44392383 0 149758
0.37150000 0.37150100 2366.47691116 0 17.65150023 0 -371.05685655 0 90.80491090 0 317.52880945 0 150099
0.37250000 0.37250000 2319.27559046 0 51.10619750 0 -349.35731438 0 4.55751284 0 306.89827039 0 150468
0.37350000 0.37349800 2341.37595080 0 61.49823868 0 -426.90677017 0 -83.67234070 0 237.66855946 0 150709
0.37450000 0.37449700 2282.30509789 0 62.41303415 0 -352.44095684 0 -92.40253665 0 258.82666496 0 153108
0.37550000 0.37550100 2270.21411919 0 52.86769365 0 -355.75933259 0 -82.53011967 0 282.35092627 0 153189
0.37650000 0.37649900 2274.65412144 0 27.96592441 0 -323.98840375 0 -18.11089098 0 225.24983995 0 153547
0.37750000 0.37749900 2286.29113483 0 31.40465633 0 -311.30394844 0 -15.95167692 0 116.82409916 0 155424
0.37850000 0.37850200 2246.65221198 0 51.12856359 0 -265.72693779 0 -24.26068163 0 88.54981050 0 155313
0.37950000 0.37949900 2265.99556344 0 33.88873240 0 -301.20820267 0 -43.26378055 0 73.83801252 0 156100
0.38050000 0.38050000 2196.59423147 0 60.74609565 0 -306.94698862 0 25.93016677 0 75.64512665 0 157557
0.38150000 0.38149800 2190.11692145 0 63.59644423 0 -312.52633310 0 -7.18061302 0 46.87856243 0 157692
0.38250000 0.38250100 2188.35642181 0 15.36927263 0 -371.70126586 0 56.37662411 0 20.81707789 0 159703
0.38350000 0.38350500 2176.57546820 0 19.79632027 0 -355.27436476 0 28.09170602 0 70.82833319 0 160338
0.38450000 0.38450600 2216.77907962 0 27.86848795 0 -355.04848933 0 13.93496368 0 99.38075864 0 160167
0.38550000 0.38550000 2170.21995375 0 59.26129689 0 -327.57030083 0 -6.82175897 0 102.30086287 0 160033
0.38650000 0.38649600 2170.46354490 0 57.66732501 0 -346.58923317 0 -32.25656100 0 146.98732643 0 162444
0.38750000 0.38750200 2123.83798509 0 72.50080785 0 -277.81348756 0 -11.59837097 0 241.94358408 0 164307
0.38850000 0.38850400 2127.25933346 0 40.27048826 0 -307.30019578 0 20.37507068 0 327.71202659 0 163882
0.38950000 0.38950500 2126.20746260 0 12.14312935 0 -318.43452562 0 57.05989727 0 306.57828021 0 164595
0.39050000 0.39050100 2128.77624196 0 22.63194265 0 -330.12800786 0 27.15841976 0 322.95314138 0 165006
0.39150000 0.39150100 2155.43840012 0 30.54046138 0 -309.24671049 0 -14.80945589 0 263.40174958 0 166687
0.39250000 0.39250100 2119.02152379 0 43.27618155 0 -306.73107829 0 -76.91822256 0 295.60892801 0 167256
0.39350000 0.39350100 2110.41832741 0 49.97925628 0 -267.57933773 0 -95.03487115 0 251.91421258 0 167937
0.39450000 0.39449600 2066.43905323 0 79.78473673 0 -232.95064186 0 -28.68385395 0 191.14597227 0 167719
0.39550000 0.39549700 2046.40921763 0 65.47010304 0 -226.02379545 0 -35.67325899 0 176.97561097 0 171636
0.39650000 0.39650400 2026.70047945 0 29.95451395 0 -255.28130655 0 40.30293017 0 210.39742344 0 171093
0.39750000 0.39750000 2026.13579089 0 4.07270002 0 -297.12805097 0 79.12859076 0 171.97534908 0 170464
0.39850000 0.39849800 2066.66049973 0 -3.58025837 0 -311.62283139 0 28.37017499 0 168.29601555 0 172113
0.39950000 0.39949500 2064.44603476 0 25.72411080 0 -361.75610371 0 54.61213843 0 161.38245593 0 173232
