### header ###
fiducial parameters:
Omega_m = 0.31
Omega_nu = 0
Omega_de = 0.69
Omega_k = 0
H_0 = 100
w_de = -1
zeff = 0
beta = 0
fgrowth = 0
b_1 = 2
gamma = 0.55
Lx = 3500 Ly = 3500 Lz = 3500
nx = 700 ny = 700 nz = 700
xoffset = -685.467585 yoffset = -31.7331281 zoffset = 572.489161
bins = 400 dk = 0.001
kx_ny = 0.628318531 ky_ny = 0.628318531 kz_ny = 0.628318531
############################
A(data) = 8.04847412 (not used)
A(ran) = 8.04098644 (used)
Ngal = 477943
weighted Ngal = 0
Nran = 23820508
weighted Nran = 0
SN(data) = 3495.90229
SN(ran) = 70.0399081
SN(data+ran) = 3565.9422
############################
13 columns: k_central k_mean P_0(k) sigma^{lin}_{P_0(k)} P^img_1(k) sigma^{lin}_{P_1(k)} P_2(k) sigma^{lin}_{P_2(k)} P^img_3(k) sigma^{lin}_{P_3(k)} P_4(k) sigma^{lin}_{P_4(k)} N_modes
### header ###
0.00050000 0 0 0 0 0 0 0 0 0 0 0 0
0.00150000 0.00179520 10710.64732845 0 -15611.09220831 0 -7861.88209283 0 28302.30163869 0 -40037.30509773 0 3
0.00250000 0.00253879 20029.39270394 0 -18835.90681174 0 -6122.74096124 0 -3263.66739122 0 27861.51238766 0 6
0.00350000 0.00331552 28828.01562108 0 -18627.41493540 0 -4128.29416398 0 -42943.90108587 0 -16273.88157195 0 7
0.00450000 0.00420575 39581.78965469 0 -18556.55205656 0 -16479.82681358 0 -4668.65683211 0 10059.74964166 0 24
0.00550000 0.00557378 52914.52958506 0 -5518.84529331 0 -7669.21256866 0 -18952.94128507 0 1696.96664636 0 45
0.00650000 0.00659388 46968.35898770 0 3986.14765796 0 -34694.79764948 0 16244.31846468 0 35085.76143883 0 40
0.00750000 0.00754703 48787.54195541 0 -1248.82537165 0 -10171.67977325 0 6299.03451700 0 18533.41089769 0 57
0.00850000 0.00846663 56960.68924354 0 -19165.97281458 0 -40876.80876548 0 18585.00793135 0 20669.48380170 0 75
0.00950000 0.00948925 76727.11423304 0 -26032.14288112 0 -40724.45357597 0 30794.46050887 0 13100.44255568 0 112
0.01050000 0.01054430 98353.57906882 0 -9893.33259963 0 -24440.93908143 0 -9571.48226180 0 15771.97308792 0 105
0.01150000 0.01145670 97086.90510956 0 11323.22369904 0 -6299.76529044 0 -48936.90761721 0 33444.17856122 0 144
0.01250000 0.01249090 89799.87597667 0 17853.34870733 0 23294.17839996 0 -27214.33500201 0 45874.63474212 0 169
0.01350000 0.01339930 76055.90990253 0 7856.19091787 0 33500.20452480 0 -31734.50088597 0 43537.59914265 0 180
0.01450000 0.01448870 85232.32054248 0 277.90206616 0 63077.26291986 0 19196.08953809 0 30660.70682506 0 267
0.01550000 0.01550050 81278.61479624 0 -309.01972783 0 50122.97505179 0 14482.04724655 0 22076.66556291 0 238
0.01650000 0.01653350 92675.02656233 0 -1958.10742720 0 43655.96229496 0 22094.93489886 0 -10635.15621783 0 315
0.01750000 0.01747870 81398.08518103 0 -230.99859099 0 38508.32776352 0 12100.50090131 0 -6305.85506909 0 297
0.01850000 0.01844180 81106.32942206 0 7999.18999291 0 16720.42843189 0 2248.98847251 0 -14670.71966146 0 388
0.01950000 0.01947590 76156.44661188 0 2497.11927170 0 18810.32974141 0 -498.02874141 0 -20944.74179670 0 399
0.02050000 0.02045430 74922.65745734 0 -37.31140945 0 11570.80088198 0 9212.79429930 0 -15363.95791835 0 462
0.02150000 0.02154770 74213.25360621 0 2123.41723675 0 9243.43142208 0 -6414.93961320 0 -24062.81918887 0 571
0.02250000 0.02255340 70977.47740121 0 4108.90652323 0 11504.03476333 0 6257.90083030 0 -20782.97513110 0 510
0.02350000 0.02348930 71232.80521153 0 -1238.94885791 0 9248.76828264 0 -4779.31364634 0 -14233.58427762 0 555
0.02450000 0.02439640 68127.90388588 0 -32.76267697 0 11885.14418358 0 -6504.17147892 0 -7350.55106038 0 592
0.02550000 0.02547300 71786.53217571 0 -1995.25507697 0 18982.83656208 0 5204.54628100 0 -16486.02731548 0 837
0.02650000 0.02652900 68141.19067566 0 4779.50187587 0 18927.03204499 0 6308.49028240 0 -1537.91270034 0 723
0.02750000 0.02749970 70317.34539552 0 5582.86547541 0 18362.45420249 0 -115.88405878 0 -1693.91068471 0 826
0.02850000 0.02848090 61593.90356390 0 1583.03242397 0 17025.02808765 0 3508.26611879 0 -3210.18806235 0 831
0.02950000 0.02946900 63009.05739897 0 5504.62842824 0 21595.68377278 0 -10310.89211319 0 -913.55759060 0 996
0.03050000 0.03053250 59478.42518405 0 3061.23207656 0 23848.34825714 0 -1703.79827077 0 -4799.02238452 0 1041
0.03150000 0.03150510 55030.00796491 0 1087.48720502 0 25303.14101506 0 -696.40715626 0 -653.75988275 0 1036
0.03250000 0.03246190 54718.10057477 0 1609.77208841 0 20871.88589939 0 7608.85732607 0 -8673.32848949 0 1059
0.03350000 0.03345080 52859.94302371 0 -66.11218715 0 16334.44718871 0 7373.36004951 0 -7695.55362940 0 1302
0.03450000 0.03451200 50652.67507111 0 2162.93436402 0 11547.77044636 0 10593.34711932 0 -6532.52770278 0 1339
0.03550000 0.03553350 49500.93184347 0 2615.59314726 0 9216.60317904 0 9333.58229075 0 -6485.02742931 0 1365
0.03650000 0.03647120 48113.23737395 0 -1262.11216143 0 8140.28462807 0 3252.08573946 0 -2393.46016675 0 1308
0.03750000 0.03744890 47271.07634825 0 1023.59546188 0 5756.44631159 0 737.57295270 0 -2073.46997949 0 1579
0.03850000 0.03847530 48437.54576789 0 -639.17541650 0 7916.91154718 0 -6019.81262973 0 -323.93082766 0 1662
0.03950000 0.03950240 49204.85787782 0 30.46993067 0 14635.28822204 0 -9097.89678466 0 4328.20498858 0 1683
0.04050000 0.04050350 48612.70994652 0 3562.17726833 0 20397.21533441 0 -6711.10215745 0 4153.57228154 0 1822
0.04150000 0.04152450 47704.44714165 0 736.82667801 0 23939.25204390 0 -671.79448542 0 6127.61278416 0 1887
0.04250000 0.04250150 47062.14157892 0 1161.24328233 0 25045.15584679 0 3420.83904202 0 6147.90835555 0 1920
0.04350000 0.04349210 46444.52730053 0 2063.41630855 0 23944.56675981 0 6066.68178068 0 448.55759412 0 2005
0.04450000 0.04448520 45489.76073142 0 1269.68563160 0 21914.56672756 0 4779.15863380 0 4398.55854048 0 2151
0.04550000 0.04548030 43176.19846057 0 1648.51415295 0 18606.93113449 0 4352.11013787 0 2143.43600002 0 2274
0.04650000 0.04648670 40081.04078076 0 2117.54890459 0 16292.59380089 0 3164.38185457 0 2467.56723676 0 2311
0.04750000 0.04749250 39895.57934005 0 -330.22544432 0 12395.57835772 0 4720.38673366 0 2573.25257715 0 2568
0.04850000 0.04851840 40530.02355216 0 -1190.95032982 0 11439.26166314 0 2749.82294104 0 -1909.96495889 0 2493
0.04950000 0.04949480 38867.95687363 0 148.02369604 0 10130.64573747 0 -563.01332301 0 -670.61528283 0 2644
0.05050000 0.05050630 40095.65624952 0 1485.65132719 0 10736.82230432 0 -2008.60830070 0 -4117.47650263 0 2829
0.05150000 0.05149060 37966.22674040 0 2278.86160487 0 11921.01851600 0 -5032.30519613 0 2594.56680243 0 2784
0.05250000 0.05249300 38342.46433774 0 1163.26951777 0 15274.71498032 0 -1451.93609812 0 133.23882071 0 3055
0.05350000 0.05348950 36870.39875310 0 838.41857992 0 15098.77573895 0 620.03136689 0 2049.42088998 0 3009
0.05450000 0.05448610 37087.85921254 0 1495.63856418 0 17896.75222062 0 3231.77909574 0 2986.29458219 0 3336
0.05550000 0.05550870 35624.31931801 0 645.33827250 0 16878.65195354 0 1401.36879067 0 2994.51024720 0 3349
0.05650000 0.05647670 34903.28952582 0 775.08931088 0 17308.25815651 0 4287.77993067 0 2429.87704308 0 3324
0.05750000 0.05747970 33804.47201082 0 1289.23935723 0 16111.56129011 0 1401.57916484 0 6472.38283436 0 3639
0.05850000 0.05849280 33256.72410204 0 322.19690160 0 15709.30372945 0 1296.52494696 0 5304.38543389 0 3846
0.05950000 0.05951020 32984.23418825 0 -716.78798455 0 12995.91980939 0 914.88184065 0 1596.45208165 0 3787
0.06050000 0.06049470 33658.76021620 0 27.76573678 0 12527.78191606 0 1399.44220615 0 4616.71655638 0 3930
0.06150000 0.06148310 33227.60388776 0 -356.16347244 0 11783.72168824 0 1084.05478432 0 1753.41335828 0 4083
0.06250000 0.06249100 34181.92756388 0 -798.77744260 0 8849.97635965 0 3712.60587332 0 1923.01922985 0 4303
0.06350000 0.06350600 32927.76533168 0 342.16141048 0 8138.51305610 0 2830.85021406 0 996.47490947 0 4470
0.06450000 0.06451750 32813.38821630 0 2325.47609236 0 7312.24081651 0 48.13671070 0 -23.33636396 0 4479
0.06550000 0.06550280 30505.80500085 0 2240.78387982 0 8233.27001190 0 -279.21635111 0 2569.62085461 0 4636
0.06650000 0.06648880 29526.79004038 0 1131.66910274 0 8796.26451195 0 -2690.97353462 0 4463.48665322 0 4653
0.06750000 0.06749660 28605.46189222 0 82.24511803 0 10481.20661355 0 890.73752915 0 3180.09348349 0 5220
0.06850000 0.06852730 29358.82287288 0 -336.78911847 0 10580.60287345 0 -859.79481021 0 1134.49254557 0 5029
0.06950000 0.06949320 29391.04333810 0 -44.72233790 0 11549.32057183 0 -281.53932486 0 1600.98066250 0 5040
0.07050000 0.07048030 29843.90142319 0 -314.66993518 0 10838.05657013 0 -686.24386931 0 -606.40687120 0 5475
0.07150000 0.07148790 29308.77596470 0 479.69629321 0 12413.73697043 0 -116.69676743 0 1355.28577478 0 5509
0.07250000 0.07249820 29238.13453236 0 1345.05494664 0 12047.57518867 0 -565.27539897 0 -494.58967732 0 5916
0.07350000 0.07351270 28071.22221972 0 864.41086243 0 12193.72987628 0 1274.05919991 0 2857.39057665 0 5721
0.07450000 0.07449140 27919.97426270 0 382.69829887 0 12420.93398156 0 1465.27824953 0 2290.98580055 0 6028
0.07550000 0.07549160 27646.37711643 0 -40.17681639 0 11551.53503680 0 1093.90583171 0 716.56100189 0 6183
0.07650000 0.07648840 27172.26016770 0 787.28104774 0 12320.50799545 0 355.28322262 0 1306.03607398 0 6330
0.07750000 0.07749960 26741.10383926 0 1138.17962973 0 10563.86151832 0 859.33087980 0 2092.80225862 0 6583
0.07850000 0.07848650 25686.35417703 0 418.73428722 0 10449.05258228 0 561.73889842 0 2564.71581472 0 6549
0.07950000 0.07947320 26251.26418928 0 -883.28031839 0 9655.70943670 0 1703.39966708 0 1988.54524813 0 6828
0.08050000 0.08048110 26290.46021914 0 -590.78603535 0 9452.65407185 0 1519.96446180 0 519.06172964 0 7147
0.08150000 0.08149960 25702.85194101 0 1198.72310184 0 7862.40249210 0 374.77162153 0 -1036.12379741 0 7386
0.08250000 0.08250610 25195.62874107 0 1121.51578088 0 7737.78347626 0 40.66909195 0 1311.48365779 0 7227
0.08350000 0.08350160 23486.94757506 0 1025.91622116 0 7570.96783055 0 985.99827573 0 2524.77793910 0 7798
0.08450000 0.08449610 23187.77335846 0 989.55138476 0 7496.91612216 0 1738.86432347 0 343.75803971 0 7371
0.08550000 0.08548940 22079.21219761 0 639.80543179 0 7300.93597287 0 608.85828392 0 1227.67723124 0 8256
0.08650000 0.08650700 21296.50955618 0 1165.56148901 0 6563.99524991 0 -338.74227657 0 834.02729589 0 8037
0.08750000 0.08749060 21032.98822550 0 794.78697674 0 6861.04358015 0 -364.98036469 0 2157.02174257 0 8155
0.08850000 0.08849210 19745.83046533 0 509.73993937 0 7558.89899649 0 -316.02186604 0 1968.07251954 0 8718
0.08950000 0.08949900 20063.16329464 0 179.28419070 0 7842.00726978 0 119.87120295 0 1697.25452680 0 8571
0.09050000 0.09049190 19689.25088551 0 -90.34862039 0 7934.78227944 0 887.88640551 0 2106.47657977 0 8932
0.09150000 0.09150830 20002.81912437 0 -273.22954508 0 8032.88307733 0 1217.66784961 0 2952.29147267 0 9285
0.09250000 0.09250820 20268.22275028 0 -528.43334536 0 7378.96264586 0 1344.72277690 0 2632.36771936 0 9204
0.09350000 0.09350330 20878.75074078 0 -378.12099979 0 7357.26088922 0 988.45743907 0 3356.09915881 0 9349
0.09450000 0.09448040 21101.41519288 0 146.60422399 0 7297.61427542 0 542.88051479 0 3610.95085916 0 9564
0.09550000 0.09549270 20708.12621532 0 750.95164278 0 6985.54080041 0 -389.91191849 0 2513.89384380 0 10155
0.09650000 0.09649430 19607.09423536 0 1197.70444796 0 7249.13963737 0 -796.24741638 0 2599.01787701 0 9913
0.09750000 0.09749140 18798.59307710 0 1149.78342614 0 7599.36834370 0 -1052.90501291 0 1389.65427101 0 10476
0.09850000 0.09850240 18198.69451842 0 585.95739450 0 7402.03737079 0 112.95653610 0 874.73137639 0 10575
0.09950000 0.09950330 17601.34259446 0 352.19293676 0 7122.16221635 0 569.60246351 0 1207.61417867 0 10882
0.10050000 0.10051200 17221.67257643 0 -40.35120551 0 6652.99459681 0 1140.96985559 0 516.91702032 0 10875
0.10150000 0.10150300 17428.06071105 0 -2.10388566 0 6024.33013825 0 1586.11053027 0 409.97607829 0 11118
0.10250000 0.10250800 17045.06899557 0 429.54198348 0 5479.90392692 0 669.51026481 0 -194.33480182 0 11575
0.10350000 0.10349800 16597.30417990 0 415.24650491 0 4782.38068032 0 565.05727417 0 679.07011006 0 11364
0.10450000 0.10450100 16819.63646226 0 45.16434511 0 5526.72878858 0 -827.03069384 0 951.20128052 0 12093
0.10550000 0.10551000 16322.59980115 0 531.76279344 0 6054.98940568 0 -854.28522138 0 323.57983497 0 12067
0.10650000 0.10649700 16297.35490057 0 468.33276625 0 6471.26452956 0 -1246.38946019 0 -30.75349291 0 12054
0.10750000 0.10749900 15878.15668293 0 388.26214209 0 6941.70546645 0 -1184.15192238 0 537.84482146 0 12807
0.10850000 0.10850100 16045.45951094 0 -3.94072898 0 7685.37816290 0 60.34018422 0 133.07827200 0 12736
0.10950000 0.10950300 16008.58866930 0 -228.49956728 0 7628.13424358 0 1030.02405367 0 194.48538544 0 12933
0.11050000 0.11050200 16223.83466377 0 258.58639551 0 7479.38863197 0 923.92017940 0 -29.79141860 0 13428
0.11150000 0.11150900 15917.35271279 0 191.38624172 0 6270.46791897 0 1466.54049455 0 -184.25898624 0 13453
0.11250000 0.11250000 15616.40692422 0 -12.62920441 0 5851.33613529 0 1125.36894992 0 397.19197206 0 13668
0.11350000 0.11349100 15390.97439091 0 -129.11216525 0 4685.91858650 0 941.59714597 0 226.71249406 0 13791
0.11450000 0.11448600 15734.65935328 0 -132.61323435 0 4534.89207597 0 611.00631493 0 11.10487745 0 14205
0.11550000 0.11549300 15577.21089436 0 -74.31733346 0 4133.48708432 0 162.11876553 0 147.99380076 0 14776
0.11650000 0.11649800 15553.40539600 0 497.89365905 0 4339.68698942 0 24.42532710 0 140.42586674 0 14553
0.11750000 0.11747300 15018.16921427 0 468.05817259 0 3742.24648686 0 -111.88584229 0 -35.68012384 0 14568
0.11850000 0.11849100 14615.80093036 0 570.41627938 0 4407.89251030 0 0.02738042 0 -92.26745429 0 16015
0.11950000 0.11950300 14326.59180609 0 219.03494403 0 4561.22206439 0 -315.17815489 0 216.19599994 0 15270
0.12050000 0.12050700 14406.86616103 0 81.26255993 0 4935.02375027 0 95.35242543 0 -146.69944599 0 15999
0.12150000 0.12150000 14023.43155256 0 400.85137541 0 4828.20903274 0 -190.48606172 0 1073.03892836 0 15670
0.12250000 0.12250700 13795.00949155 0 322.68408389 0 4409.35405718 0 305.93497813 0 379.56815264 0 16887
0.12350000 0.12352200 13635.12512117 0 117.59584020 0 4405.02477818 0 271.97283622 0 949.44410257 0 16407
0.12450000 0.12449800 13437.81629290 0 110.95355254 0 4293.06142961 0 344.37255374 0 426.29225615 0 16306
0.12550000 0.12549900 13343.03719245 0 97.49348088 0 4175.27403819 0 622.91238581 0 644.41151891 0 17523
0.12650000 0.12650100 13335.06511858 0 33.36357204 0 3914.77545218 0 527.16224248 0 1042.08845879 0 17154
0.12750000 0.12750600 13247.26158277 0 152.36072567 0 4284.00426791 0 342.96858296 0 1136.33055149 0 18007
0.12850000 0.12850300 13008.21008994 0 297.66616596 0 3879.27757881 0 451.72206456 0 1308.17303267 0 17496
0.12950000 0.12949900 12940.66890854 0 283.59988451 0 4256.88814443 0 -20.36344474 0 1724.52566283 0 18405
0.13050000 0.13049000 12666.07525304 0 272.05698589 0 3982.90346679 0 407.95648625 0 1935.47559527 0 18100
0.13150000 0.13148800 12342.09902885 0 95.67009043 0 3846.41491875 0 314.32004972 0 1576.10114864 0 19059
0.13250000 0.13249300 12602.40938534 0 18.05431140 0 3659.97911345 0 363.86870328 0 1910.38570723 0 18957
0.13350000 0.13349100 12360.81125779 0 -49.12225833 0 3485.81144406 0 -169.21058958 0 1324.65972433 0 19468
0.13450000 0.13450700 12374.43021732 0 221.53839667 0 3487.20655698 0 59.15035220 0 902.50298150 0 19953
0.13550000 0.13551000 12234.25458512 0 339.43429687 0 3860.90859194 0 -147.99269353 0 1260.83884407 0 19956
0.13650000 0.13649900 12056.98666477 0 194.17757481 0 4105.46303021 0 4.28138013 0 1282.00912913 0 19723
0.13750000 0.13749600 11803.54114967 0 248.59472960 0 4286.19658822 0 -207.23406024 0 1548.98502515 0 20946
0.13850000 0.13851100 11787.48627868 0 235.99553118 0 4568.13119508 0 65.74768622 0 1297.79826432 0 20955
0.13950000 0.13949800 11594.27421060 0 191.96200261 0 4532.48938149 0 70.45508512 0 2219.49179920 0 20506
0.14050000 0.14048300 11463.73150099 0 81.54412915 0 4370.91094541 0 204.11830803 0 1941.97504994 0 21447
0.14150000 0.14148400 11480.56143471 0 76.93992432 0 4153.20689482 0 422.21653338 0 2426.49998401 0 21771
0.14250000 0.14249400 11436.27213544 0 88.19715696 0 4006.77539910 0 334.61451388 0 1613.84670394 0 22470
0.14350000 0.14350900 11155.58870128 0 212.37936958 0 3540.87411538 0 508.45444246 0 1537.01584203 0 22519
0.14450000 0.14449900 11073.43205113 0 161.49650087 0 3663.03507510 0 -119.15814523 0 1480.70199800 0 22218
0.14550000 0.14550500 10863.57827884 0 272.76672191 0 3178.87552776 0 84.25463426 0 1013.98136224 0 23559
0.14650000 0.14650700 10692.64372829 0 60.22071384 0 3289.46590805 0 458.44960912 0 945.95410579 0 23044
0.14750000 0.14750500 10589.47180563 0 47.83687215 0 2770.73856262 0 -16.39800233 0 585.24212231 0 23649
0.14850000 0.14849900 10565.61094565 0 137.30125668 0 2920.07100745 0 321.96659724 0 405.69662475 0 23640
0.14950000 0.14949500 10487.68392357 0 79.35944874 0 2706.36406612 0 -253.71789429 0 -44.65313587 0 24457
0.15050000 0.15050000 10323.32633396 0 258.28301381 0 2727.24647073 0 48.12298102 0 -77.62452616 0 24591
0.15150000 0.15149900 10022.48019632 0 255.96336176 0 2969.73038426 0 27.22230708 0 315.57232966 0 25020
0.15250000 0.15250500 9892.62397084 0 169.35342257 0 2775.33357742 0 -100.56195425 0 235.88923687 0 25297
0.15350000 0.15350100 9851.78923691 0 111.40530340 0 3021.52671976 0 116.17083200 0 199.81670984 0 25452
0.15450000 0.15450400 9674.91992026 0 333.20500693 0 3024.75983861 0 -229.60790700 0 169.55161718 0 26061
0.15550000 0.15549900 9563.62091118 0 226.88190063 0 3005.63793365 0 -232.64393846 0 474.79789671 0 26128
0.15650000 0.15649500 9269.50674702 0 104.25368879 0 3074.72924051 0 -22.36509962 0 93.78912389 0 26331
0.15750000 0.15749700 9376.18859665 0 50.97133658 0 3166.49666861 0 -95.08447517 0 261.87044705 0 27345
0.15850000 0.15849900 9227.57585294 0 79.52752663 0 3115.51968515 0 418.72653660 0 151.52697961 0 26980
0.15950000 0.15949700 9220.24597391 0 -11.13466201 0 2733.14801986 0 421.23773987 0 218.01629014 0 27777
0.16050000 0.16050000 9215.67310376 0 39.75208201 0 2714.90082856 0 368.65748377 0 319.71337914 0 28224
0.16150000 0.16150500 9225.51640052 0 20.01975978 0 2612.20501586 0 327.17944776 0 534.28064010 0 28075
0.16250000 0.16249700 9087.92062000 0 105.36601455 0 2482.21592249 0 325.22850413 0 489.57502141 0 28590
0.16350000 0.16349900 9085.09717717 0 3.20913619 0 2396.77079187 0 90.93689301 0 544.92557318 0 29163
0.16450000 0.16449100 8979.54470467 0 126.17024854 0 2543.09156435 0 3.35699602 0 601.04897322 0 28996
0.16550000 0.16550500 8848.95770576 0 233.35588895 0 2507.61583563 0 -64.12647642 0 604.59322440 0 30777
0.16650000 0.16650700 8737.31545462 0 273.43216863 0 2398.38735129 0 -46.04725229 0 141.42680491 0 29211
0.16750000 0.16749900 8439.99031626 0 187.91506789 0 2545.63819905 0 -195.31691703 0 270.83460123 0 30922
0.16850000 0.16850800 8330.31893893 0 259.13115389 0 2536.27101226 0 -93.54442551 0 478.50601829 0 30867
0.16950000 0.16949900 8279.08729200 0 104.24582744 0 2713.22890751 0 65.59079138 0 285.85863877 0 30852
0.17050000 0.17049200 8116.97738433 0 15.74506734 0 2487.98460372 0 192.33846166 0 267.83289397 0 31257
0.17150000 0.17149500 8138.21410333 0 6.29161606 0 2359.37955096 0 254.16853791 0 242.93123545 0 32608
0.17250000 0.17250900 8202.20106846 0 -2.11739389 0 2180.31791399 0 228.18068433 0 251.22662121 0 32361
0.17350000 0.17350400 8161.01202013 0 88.38682588 0 2040.27514968 0 265.81219469 0 306.15974633 0 32508
0.17450000 0.17449800 8038.50781834 0 -0.33079899 0 1956.38014453 0 144.86144007 0 293.03129079 0 32791
0.17550000 0.17549800 8151.36802521 0 48.19517258 0 1830.05599068 0 83.90807049 0 134.31726514 0 33633
0.17650000 0.17650100 8125.66915931 0 -8.22186552 0 1821.17598617 0 109.86547518 0 147.76460363 0 33984
0.17750000 0.17750300 8034.04567144 0 201.91712986 0 1896.57851819 0 33.46344441 0 391.97247814 0 34069
0.17850000 0.17849800 7943.67335627 0 234.57938084 0 1772.09237025 0 137.18831897 0 756.49444858 0 34536
0.17950000 0.17950400 7727.04332119 0 80.64859951 0 1866.14069726 0 97.64926849 0 801.23549871 0 35343
0.18050000 0.18050100 7790.91956307 0 -3.37657189 0 1855.34518056 0 118.33214980 0 727.27126169 0 34990
0.18150000 0.18150500 7745.92163500 0 15.92942155 0 1968.00608559 0 94.02219632 0 629.61003509 0 36243
0.18250000 0.18250200 7703.91323464 0 8.02874203 0 1975.01486720 0 -312.41118092 0 530.10858811 0 35694
0.18350000 0.18350400 7691.22435040 0 158.22905782 0 2055.62139188 0 -225.76359582 0 522.99351218 0 37087
0.18450000 0.18450600 7629.51828419 0 203.22034249 0 2190.36051260 0 -241.04008237 0 583.56909403 0 36651
0.18550000 0.18550700 7496.00819152 0 133.45473104 0 2265.90698484 0 11.14794880 0 511.18930669 0 37818
0.18650000 0.18651000 7396.15796631 0 87.43715258 0 2267.35745939 0 234.76539590 0 672.83306949 0 37267
0.18750000 0.18750100 7353.62916668 0 48.41484750 0 2288.46131049 0 265.33940642 0 248.33785166 0 38334
0.18850000 0.18850000 7305.17667327 0 106.34458661 0 2236.07814178 0 30.75349291 0 438.33894555 0 38223
0.18950000 0.18949500 7259.41475480 0 151.05197687 0 2218.00810767 0 -56.18806242 0 464.69329308 0 39064
0.19050000 0.19050000 7102.78564791 0 51.00853959 0 2213.67882867 0 -30.70034575 0 642.84035602 0 39609
0.19150000 0.19149800 7118.53049381 0 78.27059631 0 2219.11534015 0 65.23703060 0 626.77441271 0 39576
0.19250000 0.19250400 7047.88906146 0 96.00259234 0 2134.27918739 0 269.92888506 0 473.27545205 0 40909
0.19350000 0.19350500 7035.27768349 0 45.25857059 0 2135.77395124 0 165.96196947 0 349.06943393 0 40191
0.19450000 0.19450100 6952.26846433 0 68.61220737 0 1877.83307227 0 89.40171518 0 499.88003412 0 41232
0.19550000 0.19549800 6873.64388579 0 164.54914083 0 1959.19251504 0 46.99415750 0 650.22227498 0 40873
0.19650000 0.19649700 6781.32284145 0 29.23614151 0 1947.04617471 0 6.03984247 0 568.24831818 0 42816
0.19750000 0.19750200 6808.68255608 0 2.81569220 0 1898.72654920 0 211.17248617 0 591.99845492 0 41727
0.19850000 0.19849000 6774.04832405 0 104.87894298 0 1817.34496178 0 151.47383245 0 451.12637348 0 42610
0.19950000 0.19949900 6695.88878315 0 83.05229051 0 1872.64015193 0 69.27034636 0 576.56917028 0 43863
0.20050000 0.20050100 6697.91501859 0 63.31775381 0 1723.54022592 0 -3.65270460 0 685.86630303 0 43302
0.20150000 0.20150100 6626.88605488 0 30.56493122 0 1728.72207394 0 47.59870644 0 427.02192235 0 44487
0.20250000 0.20249700 6620.35338324 0 121.24084953 0 1843.25420186 0 -122.06241603 0 338.96593753 0 43759
0.20350000 0.20349100 6509.02115719 0 235.90363089 0 1781.97995631 0 -169.37667445 0 329.91874092 0 45282
0.20450000 0.20449700 6254.75629005 0 219.10912860 0 1884.76434760 0 -121.36818127 0 447.53118961 0 45483
0.20550000 0.20549900 6237.94850098 0 29.97721221 0 1905.74640314 0 95.43967535 0 541.60609020 0 46138
0.20650000 0.20650200 6214.51946166 0 -100.12504032 0 1956.47979545 0 356.24762211 0 426.35204670 0 46227
0.20750000 0.20749300 6318.11213267 0 34.60433676 0 1886.15946053 0 207.97701323 0 385.53945742 0 46236
0.20850000 0.20850300 6280.39979433 0 31.89682117 0 1570.12209323 0 198.13039477 0 451.24484736 0 48361
0.20950000 0.20950400 6178.12472998 0 123.67565376 0 1583.68569114 0 98.64622061 0 450.77316632 0 46812
0.21050000 0.21050300 6122.61916567 0 44.91809660 0 1465.18967093 0 7.81791389 0 431.87270785 0 48813
0.21150000 0.21149700 6112.94195378 0 62.98624841 0 1286.15017861 0 13.57455950 0 192.89982853 0 47215
0.21250000 0.21249000 6012.56025697 0 134.26079629 0 1305.32744520 0 -79.15726808 0 297.27531289 0 50004
0.21350000 0.21350300 5963.11125433 0 76.58693860 0 1182.77895410 0 62.45865213 0 137.48062834 0 49509
0.21450000 0.21449800 5836.04525471 0 54.53164262 0 1197.18404869 0 67.99558960 0 134.37041230 0 49660
0.21550000 0.21550100 5841.75857432 0 95.82809250 0 1267.88084266 0 50.62942319 0 9.51273251 0 50841
0.21650000 0.21649800 5759.05938025 0 37.95515442 0 1294.10010783 0 90.40453564 0 102.05550015 0 50424
0.21750000 0.21750300 5778.29200846 0 50.33988189 0 1226.84680688 0 142.49749872 0 164.29226289 0 52231
0.21850000 0.21850300 5772.98836487 0 38.71305505 0 1227.33398917 0 -18.79449632 0 270.67848145 0 51078
0.21950000 0.21950100 5780.10786973 0 57.27857569 0 1287.71137641 0 -48.32095419 0 149.68233029 0 52791
0.22050000 0.22050700 5720.10694154 0 124.24587849 0 1376.97645910 0 -89.21946471 0 236.14168587 0 52969
0.22150000 0.22150000 5657.83618676 0 127.22322663 0 1201.17008563 0 -61.28111039 0 243.72955007 0 52704
0.22250000 0.22250100 5560.79833204 0 43.04753805 0 1312.57981795 0 81.25525219 0 211.44486536 0 54051
0.22350000 0.22349900 5580.41849162 0 -15.94702654 0 1229.94705783 0 137.57474310 0 46.56565853 0 53938
0.22450000 0.22449800 5558.58386708 0 -7.32896003 0 1116.33393287 0 174.23853228 0 -13.42951205 0 54735
0.22550000 0.22549100 5524.10464760 0 105.20004040 0 1080.55925138 0 -19.20040774 0 61.00319503 0 54774
0.22650000 0.22649900 5504.88309171 0 80.32816643 0 1041.13402439 0 -40.83495538 0 -55.15235715 0 56911
0.22750000 0.22749800 5366.43474218 0 123.83177354 0 1087.49495564 0 -40.06786471 0 51.93186076 0 54879
0.22850000 0.22849100 5344.41188811 0 65.79596156 0 1054.99989677 0 83.50060894 0 161.91946368 0 57210
0.22950000 0.22949800 5254.80356336 0 60.35933935 0 978.34397758 0 264.86772538 0 118.21146146 0 57375
0.23050000 0.23049600 5239.52375511 0 36.49847936 0 925.56552687 0 293.11101153 0 251.91753427 0 57604
0.23150000 0.23150100 5254.51568291 0 2.29685413 0 782.64727981 0 247.65026029 0 358.86069077 0 58629
0.23250000 0.23250200 5243.10011602 0 37.55599711 0 786.30668316 0 100.71574885 0 478.18492087 0 58560
0.23350000 0.23350400 5229.94619414 0 110.91922834 0 674.20050160 0 15.02293031 0 457.58486055 0 59305
0.23450000 0.23449700 5077.65743858 0 91.58163449 0 660.67012067 0 -68.73389222 0 579.21988484 0 59196
0.23550000 0.23549300 5067.92486507 0 63.82331617 0 731.43002689 0 -144.67210331 0 454.41263949 0 60063
0.23650000 0.23649900 5014.53411479 0 92.00592597 0 862.92827814 0 3.86873673 0 395.68502865 0 61537
0.23750000 0.23750400 4918.74743279 0 100.05528467 0 992.86090265 0 -261.06881074 0 223.18263690 0 61224
0.23850000 0.23850100 4957.91024567 0 118.79275851 0 1021.10197433 0 -47.29377461 0 517.45181361 0 61221
0.23950000 0.23949400 4871.80077555 0 68.74474310 0 1105.54727403 0 -0.74073299 0 411.99456311 0 62332
0.24050000 0.24050100 4870.63818145 0 24.12615289 0 1098.11885131 0 26.38058894 0 483.08663907 0 63447
0.24150000 0.24150500 4918.19381654 0 -17.80119806 0 1161.11041443 0 77.15428452 0 331.87079179 0 63342
0.24250000 0.24250300 4822.18568804 0 71.70415408 0 998.10807738 0 135.68469726 0 428.68830724 0 63379
0.24350000 0.24349600 4886.92557126 0 24.36631161 0 933.27629387 0 30.96309202 0 390.44892624 0 64266
0.24450000 0.24449500 4792.61150845 0 36.03233449 0 849.33146326 0 161.29277010 0 352.34352038 0 64695
0.24550000 0.24549600 4749.97198558 0 124.17280114 0 747.84031951 0 73.60815105 0 223.29446739 0 65947
0.24650000 0.24650000 4613.64952241 0 112.14382746 0 670.53113316 0 15.82190927 0 203.83264205 0 66018
0.24750000 0.24750000 4635.48414695 0 21.57088177 0 688.97541184 0 90.07524469 0 283.90990960 0 66303
0.24850000 0.24849600 4612.99625524 0 -41.15417050 0 713.20498024 0 36.94690852 0 166.71488756 0 66958
0.24950000 0.24949200 4685.45354886 0 30.17618189 0 743.93621778 0 -170.15505888 0 122.56731404 0 66975
0.25050000 0.25048900 4670.32875315 0 115.92281192 0 882.40339026 0 -265.24972059 0 132.35746365 0 68676
0.25150000 0.25150000 4651.38400539 0 129.62370665 0 936.41529796 0 -164.71411847 0 243.95431826 0 69349
0.25250000 0.25249900 4521.37276737 0 88.93346656 0 987.31477515 0 -29.69486793 0 382.18343577 0 68592
0.25350000 0.25349900 4538.02554390 0 -22.30696992 0 893.02950039 0 235.11971029 0 140.41479442 0 70437
0.25450000 0.25450100 4577.95234719 0 -57.74981383 0 883.55934097 0 251.54771862 0 -23.82564999 0 70099
0.25550000 0.25550100 4571.97329179 0 102.60546252 0 714.24356431 0 95.36615511 0 -10.95488067 0 71064
0.25650000 0.25650300 4461.08395873 0 149.85727303 0 693.29694022 0 -49.35378065 0 70.13055528 0 71409
0.25750000 0.25750600 4388.80382232 0 69.72054709 0 704.36483611 0 -152.89441172 0 -1.07733278 0 72612
0.25850000 0.25850600 4382.37080160 0 59.02036311 0 818.49282417 0 -68.47845369 0 149.50074417 0 71845
0.25950000 0.25949600 4334.69337093 0 35.84919824 0 875.15433920 0 -13.96563402 0 84.97156729 0 72816
0.26050000 0.26049800 4344.31522119 0 48.93480388 0 934.41674333 0 69.16139468 0 152.74936427 0 73743
0.26150000 0.26149900 4299.29514848 0 91.72524254 0 936.56809604 0 59.56002822 0 157.65551140 0 74662
0.26250000 0.26250300 4237.76623946 0 116.92928625 0 948.31140374 0 66.97748934 0 291.82330015 0 74931
0.26350000 0.26350100 4161.89866981 0 65.91332820 0 964.30537694 0 -0.02314858 0 331.06915547 0 75087
0.26450000 0.26450200 4128.34952561 0 34.35875259 0 956.99764256 0 87.60013720 0 348.54017680 0 76678
0.26550000 0.26550600 4112.63789669 0 33.86282316 0 989.66542971 0 38.31522642 0 350.66052701 0 76035
0.26650000 0.26650100 4131.33905331 0 37.20456152 0 951.13816827 0 -38.10474152 0 283.65635337 0 77094
0.26750000 0.26750600 4124.62922447 0 48.03794557 0 990.81362979 0 -72.85390429 0 352.07667735 0 78463
0.26850000 0.26850100 4086.47399314 0 26.00335484 0 911.63875671 0 26.09204416 0 390.37252720 0 77076
0.26950000 0.26949700 4122.17116836 0 12.36712248 0 945.83673915 0 77.89723752 0 278.50218616 0 79149
0.27050000 0.27049900 4058.69353017 0 30.64609136 0 770.61166273 0 157.42520704 0 238.18452980 0 79648
0.27150000 0.27150200 4090.49324705 0 48.69309502 0 771.55281034 0 117.15294721 0 152.76929445 0 80241
0.27250000 0.27250500 4050.86539653 0 47.92035748 0 688.28560600 0 47.64554237 0 255.83270833 0 80835
0.27350000 0.27350000 3982.26127195 0 86.87179968 0 678.06695743 0 8.44224907 0 264.20892206 0 80680
0.27450000 0.27450400 3948.97786354 0 81.66736412 0 633.94485026 0 -50.60373540 0 256.50590568 0 82617
0.27550000 0.27550800 3884.60336705 0 79.27009507 0 664.15125960 0 32.18270859 0 339.43208241 0 82548
0.27650000 0.27649900 3881.65812865 0 60.90332266 0 616.53251225 0 87.97227804 0 245.44686765 0 81181
0.27750000 0.27748900 3834.32394005 0 19.72778258 0 568.11545028 0 114.87979892 0 348.55789252 0 84096
0.27850000 0.27849800 3830.60363891 0 35.10945621 0 601.03236474 0 88.46820747 0 193.45123030 0 85215
0.27950000 0.27950200 3814.67056349 0 46.32793572 0 483.40220033 0 59.11104545 0 252.79446240 0 84514
0.28050000 0.28050300 3767.26994095 0 47.50359517 0 408.17571828 0 0.43850060 0 211.21566824 0 85815
0.28150000 0.28150100 3724.39789925 0 82.57341246 0 406.82157295 0 -21.40601485 0 164.59675182 0 85485
0.28250000 0.28250000 3668.47158659 0 64.31437377 0 389.09810261 0 -13.10387498 0 183.75962439 0 87220
0.28350000 0.28350400 3649.34968163 0 27.68402302 0 306.79197608 0 78.00430690 0 66.54522578 0 87147
0.28450000 0.28449700 3674.33991874 0 -33.43543142 0 252.34603324 0 78.21634192 0 89.06976688 0 87102
0.28550000 0.28549800 3654.86369939 0 45.77908058 0 230.46933387 0 109.52644060 0 17.48220438 0 88971
0.28650000 0.28649900 3671.19537849 0 24.78905297 0 166.07822888 0 69.85983693 0 78.52548123 0 89434
0.28750000 0.28750100 3637.38049850 0 58.34085453 0 185.44483223 0 -2.34324717 0 192.19230697 0 89619
0.28850000 0.28849900 3633.61590806 0 37.34728378 0 218.29420550 0 9.82829376 0 161.87517438 0 90240
0.28950000 0.28950100 3577.02525591 0 41.56052482 0 157.61897272 0 43.20609374 0 269.92224166 0 91333
0.29050000 0.29050500 3597.09938081 0 51.57245309 0 207.42561146 0 60.90896955 0 290.65516988 0 92139
0.29150000 0.29150600 3545.67950435 0 44.41043051 0 81.36940786 0 36.08570309 0 338.90061082 0 92370
0.29250000 0.29250200 3537.75171978 0 61.42582567 0 79.97274481 0 46.55525055 0 242.86923043 0 91819
0.29350000 0.29349600 3496.64017773 0 39.23821542 0 75.11387651 0 10.62698484 0 253.58945532 0 93552
0.29450000 0.29450000 3516.02781849 0 -7.33901370 0 42.09133207 0 -63.40965411 0 114.80339988 0 94701
0.29550000 0.29550200 3487.31728023 0 66.57346020 0 54.88817148 0 -11.66303335 0 255.20822921 0 95020
0.29650000 0.29650300 3490.38431421 0 71.55379191 0 40.64285054 0 -16.89991082 0 181.30710444 0 95151
0.29750000 0.29749800 3421.58088778 0 55.93705281 0 50.26193273 0 85.51953665 0 337.16889922 0 95802
0.29850000 0.29850000 3431.13630410 0 36.83042766 0 131.21258526 0 -6.36117240 0 243.81037804 0 97399
0.29950000 0.29950700 3384.25608082 0 99.69775930 0 107.31230780 0 31.30079792 0 230.56234140 0 97881
0.30050000 0.30050300 3329.00517997 0 105.01524330 0 189.70324835 0 -94.35857355 0 301.19934481 0 97188
0.30150000 0.30149700 3247.04783167 0 84.93458573 0 129.76653964 0 -90.47993817 0 452.51927194 0 98263
0.30250000 0.30249700 3291.09353980 0 -9.50734028 0 224.61096681 0 56.13867985 0 383.17108714 0 100050
0.30350000 0.30350600 3256.89112843 0 -42.57851437 0 137.49280790 0 88.84522013 0 272.01712552 0 100779
0.30450000 0.30450500 3325.41774673 0 11.86776063 0 101.15365929 0 140.36054003 0 249.44951307 0 99982
0.30550000 0.30550300 3326.86822128 0 22.10191046 0 43.75328803 0 11.81306335 0 293.48636334 0 101559
0.30650000 0.30649700 3346.22264507 0 60.07300903 0 45.47204501 0 10.60871551 0 365.73549725 0 100935
0.30750000 0.30749800 3269.56894035 0 66.13134227 0 10.12700294 0 20.80666991 0 400.41623304 0 103762
0.30850000 0.30850200 3243.30538588 0 101.67904110 0 21.03077376 0 62.18605150 0 526.51783317 0 102951
0.30950000 0.30950100 3164.03861250 0 54.18098210 0 -2.05163535 0 -8.96543856 0 320.11641176 0 104394
0.31050000 0.31050000 3187.32371159 0 54.68233697 0 47.67632344 0 -73.66705582 0 365.69010072 0 103963
0.31150000 0.31149700 3156.09975561 0 54.20046939 0 56.33167047 0 -88.59144245 0 325.77104805 0 105936
0.31250000 0.31250000 3151.39401756 0 44.16894310 0 132.54458594 0 -141.29615148 0 244.38060277 0 105717
0.31350000 0.31349800 3143.41087136 0 8.28344979 0 114.40701065 0 -96.50594023 0 274.30909675 0 106776
0.31450000 0.31450400 3126.00517675 0 40.98863925 0 158.24013015 0 10.70146837 0 118.68424973 0 108733
0.31550000 0.31549900 3119.35070953 0 60.43828502 0 151.54469533 0 65.10693078 0 238.42590648 0 105891
0.31650000 0.31650000 3075.57073720 0 52.17855215 0 95.10540186 0 149.44316808 0 122.90169825 0 111072
0.31750000 0.31750600 3063.31367363 0 56.43685756 0 33.68887694 0 95.57010733 0 240.42335388 0 108121
0.31850000 0.31849900 3019.65549687 0 34.94591798 0 8.08308500 0 37.91983370 0 126.68954057 0 110484
0.31950000 0.31950100 2974.14824186 0 46.26205539 0 -31.39613064 0 -2.79812042 0 267.87386157 0 110817
0.32050000 0.32049800 3005.93688642 0 29.36015155 0 -13.86454369 0 -80.62767282 0 252.61619797 0 111088
0.32150000 0.32149900 2995.06386344 0 8.37933612 0 27.81954828 0 -18.10657278 0 264.32850316 0 112635
0.32250000 0.32250100 2994.31094536 0 44.49613030 0 87.73986994 0 -18.16890996 0 266.95485861 0 113202
0.32350000 0.32350400 2988.33188995 0 67.00838112 0 65.44574392 0 74.57188621 0 303.93642350 0 113863
0.32450000 0.32450300 2974.59113485 0 36.93550402 0 79.35369113 0 42.86517686 0 360.75073661 0 114045
0.32550000 0.32549900 2943.22323864 0 58.23179213 0 28.47691220 0 83.48455407 0 378.91267101 0 114828
0.32650000 0.32650300 2924.28956320 0 27.45593313 0 -1.35123330 0 57.35364605 0 430.55731567 0 116431
0.32750000 0.32750400 2923.31519862 0 15.97935773 0 26.77055622 0 74.48031808 0 325.01591549 0 116442
0.32850000 0.32850400 2922.78372703 0 48.71380027 0 -61.01526387 0 -23.69732175 0 323.45250323 0 116955
0.32950000 0.32949800 2889.01313633 0 80.06575234 0 -47.01763083 0 -68.55928166 0 311.02935478 0 117028
0.33050000 0.33049700 2841.52393518 0 59.44033639 0 -72.20263014 0 -46.40533127 0 315.72623497 0 119061
0.33150000 0.33150100 2837.09500526 0 37.16791212 0 17.11847851 0 -15.23806559 0 307.22379674 0 120060
0.33250000 0.33250400 2843.55017063 0 30.04021374 0 17.70199003 0 -3.49974043 0 225.91528667 0 119737
0.33350000 0.33350100 2817.28661616 0 36.07042328 0 -3.24932873 0 4.76769878 0 250.38512452 0 120531
0.33450000 0.33450000 2815.01678957 0 58.74377643 0 18.59242639 0 -55.08182645 0 296.36406056 0 121704
0.33550000 0.33550300 2795.06446024 0 44.29350676 0 46.30390878 0 7.09979612 0 307.52385675 0 122761
0.33650000 0.33650300 2776.07542318 0 24.10190450 0 29.75366198 0 6.56729480 0 357.78335356 0 122472
0.33750000 0.33749900 2776.05327853 0 17.83474720 0 23.97756229 0 58.63205667 0 201.52738402 0 122985
0.33850000 0.33849800 2749.30254177 0 91.97658431 0 -13.38035093 0 17.86652477 0 266.67251433 0 125380
0.33950000 0.33950300 2722.87290243 0 59.96272867 0 -31.62244896 0 -20.32269859 0 261.83944454 0 125223
0.34050000 0.34050000 2653.61551069 0 51.29708438 0 -62.89390522 0 -34.96097634 0 293.38006902 0 125178
0.34150000 0.34149900 2686.17921798 0 40.85898232 0 -33.04247462 0 -47.21527183 0 198.90988644 0 127059
0.34250000 0.34250300 2655.01062361 0 20.15240623 0 -29.83028246 0 -2.10669803 0 173.17448186 0 127957
0.34350000 0.34349800 2682.31497662 0 21.56922092 0 -69.12242010 0 -76.15024611 0 112.56900473 0 126732
0.34450000 0.34449700 2655.67496310 0 23.84624452 0 -42.76940125 0 4.26540276 0 106.89144874 0 129639
0.34550000 0.34550000 2675.92624520 0 30.81129044 0 -66.51167663 0 -5.78495755 0 20.75363347 0 129826
0.34650000 0.34650400 2639.18827145 0 36.78049148 0 -122.69796748 0 28.79800962 0 -11.79778354 0 130875
0.34750000 0.34750200 2654.19127158 0 44.82553197 0 -99.09088518 0 31.65998414 0 -42.14027175 0 130686
0.34850000 0.34850200 2606.07094792 0 66.35832493 0 -177.43179075 0 5.55140900 0 44.46379911 0 132211
0.34950000 0.34950400 2591.11223709 0 68.55573852 0 -153.77798324 0 27.09187509 0 61.36891392 0 132768
0.35050000 0.35050300 2546.86722711 0 34.79024109 0 -150.45960750 0 39.30786034 0 52.02032863 0 132957
0.35150000 0.35150100 2524.67828817 0 37.71964607 0 -190.77947832 0 62.41214837 0 97.54142404 0 133987
0.35250000 0.35249800 2531.64278048 0 29.96746857 0 -159.65628049 0 18.96722458 0 21.29828113 0 134778
0.35350000 0.35349800 2516.86122685 0 58.22182704 0 -133.42483576 0 -15.45032205 0 133.41154897 0 135699
0.35450000 0.35450100 2482.48165829 0 95.11425972 0 -108.48464555 0 -52.60350798 0 74.22543316 0 137380
0.35550000 0.35550100 2461.83177250 0 30.05792946 0 -126.63971511 0 -21.92021361 0 226.25852874 0 136161
0.35650000 0.35649900 2456.80493703 0 13.81040002 0 -119.58775144 0 -2.47638081 0 146.43592466 0 138792
0.35750000 0.35750000 2479.27068409 0 23.08092542 0 -91.08282625 0 0.01421797 0 149.35016055 0 138097
0.35850000 0.35849800 2480.35577192 0 24.00070345 0 -119.25004553 0 34.75281663 0 147.46565086 0 140028
0.35950000 0.35950300 2483.64425240 0 29.90856380 0 -117.54490751 0 15.69800996 0 291.45902067 0 141099
0.36050000 0.36050500 2471.05501908 0 6.38091436 0 -143.21498537 0 92.22770464 0 256.09290796 0 140821
0.36150000 0.36150200 2512.52087552 0 2.73290443 0 -154.13783380 0 126.94752574 0 231.99510023 0 141756
0.36250000 0.36250400 2499.76555733 0 47.92024675 0 -207.20305773 0 63.19285799 0 343.93187521 0 142971
0.36350000 0.36349900 2427.83973531 0 90.28107921 0 -276.94209560 0 46.33070380 0 347.56581222 0 142270
0.36450000 0.36450000 2434.72672135 0 54.45114682 0 -270.28209222 0 -8.98771608 0 372.18180476 0 145311
0.36550000 0.36550300 2401.67583176 0 58.34273683 0 -232.00174362 0 -70.52340136 0 284.19003942 0 145434
0.36650000 0.36650100 2350.04558113 0 77.89923054 0 -201.42219694 0 -122.14878017 0 219.35714868 0 144547
0.36750000 0.36749600 2326.69404809 0 63.14956520 0 -181.27831640 0 -101.81235190 0 270.25773310 0 146892
0.36850000 0.36849900 2300.57443384 0 26.35290813 0 -177.22584551 0 -23.61084689 0 168.46874381 0 148113
0.36950000 0.36949900 2316.69573878 0 23.35407968 0 -146.50789477 0 23.79010783 0 161.81538383 0 147387
0.37050000 0.37049800 2311.54710774 0 18.11886306 0 -226.98598048 0 50.89681983 0 55.01328875 0 149758
0.37150000 0.37150100 2304.05114384 0 46.68701121 0 -188.27270398 0 15.23839775 0 87.37736203 0 150099
0.37250000 0.37250000 2311.95678376 0 52.99092863 0 -255.85042405 0 20.83756169 0 139.32084873 0 150468
0.37350000 0.37349800 2273.53581664 0 37.80534586 0 -252.62616306 0 -32.87727553 0 116.82631363 0 150709
0.37450000 0.37449700 2282.72584624 0 21.76420456 0 -250.49916946 0 -3.26753163 0 106.91957244 0 153108
0.37550000 0.37550100 2271.14419448 0 44.87447164 0 -183.15618269 0 -29.33379942 0 104.91415297 0 153189
0.37650000 0.37649900 2260.00543571 0 55.01218152 0 -161.23297954 0 -32.78172137 0 169.22055467 0 153547
0.37750000 0.37749900 2234.37300375 0 65.49623372 0 -151.19923879 0 5.38857939 0 166.37828889 0 155424
0.37850000 0.37850200 2232.85609525 0 38.32009824 0 -135.67694663 0 23.35640487 0 259.63937360 0 155313
0.37950000 0.37949900 2220.38865751 0 22.37030362 0 -122.92716460 0 37.89425663 0 257.83569189 0 156100
0.38050000 0.38050000 2239.93131081 0 27.11534842 0 -103.00484128 0 12.78776010 0 246.27507755 0 157557
0.38150000 0.38149800 2217.10017704 0 37.42645091 0 -106.80718834 0 -0.40296730 0 262.98543016 0 157692
0.38250000 0.38250100 2190.67053769 0 64.61122280 0 -149.91706358 0 23.82188540 0 287.43644506 0 159703
0.38350000 0.38350500 2189.16470152 0 37.88163418 0 -173.24423751 0 8.04465296 0 295.08409981 0 160338
0.38450000 0.38450600 2150.96518089 0 22.83235173 0 -157.50935671 0 43.73302568 0 225.95625427 0 160167
0.38550000 0.38550000 2172.06903200 0 44.92883676 0 -230.42504457 0 37.11875100 0 208.81850992 0 160033
0.38650000 0.38649600 2117.44925367 0 58.01333516 0 -221.13979298 0 33.47728481 0 240.68355351 0 162444
0.38750000 0.38750200 2132.89514679 0 37.99302177 0 -278.20876956 0 2.43503675 0 287.45083908 0 164307
0.38850000 0.38850400 2086.14779141 0 34.29840842 0 -276.63539220 0 49.87473353 0 262.82488145 0 163882
0.38950000 0.38950500 2105.26969637 0 46.78887660 0 -293.67902179 0 20.88672281 0 310.02620215 0 164595
0.39050000 0.39050100 2063.69311667 0 23.92762610 0 -325.22850413 0 46.50797172 0 294.39540121 0 165006
0.39150000 0.39150100 2057.59226570 0 49.49495279 0 -333.45967040 0 22.52431966 0 235.59471303 0 166687
0.39250000 0.39250100 2069.01890491 0 28.39829869 0 -382.49678256 0 -46.03529418 0 243.45495641 0 167256
0.39350000 0.39350100 2042.36781907 0 31.50641099 0 -378.61482548 0 37.37341447 0 240.44771299 0 167937
0.39450000 0.39449600 2029.11424627 0 52.90733257 0 -416.18543805 0 -30.16422378 0 252.41800336 0 167719
0.39550000 0.39549700 2020.94287055 0 33.81786952 0 -408.31744403 0 -4.84110829 0 147.67823950 0 171636
0.39650000 0.39650400 2028.68242560 0 19.14737131 0 -390.12782882 0 -31.66906345 0 184.60776447 0 171093
0.39750000 0.39750000 2014.50984983 0 35.91153542 0 -414.02412025 0 -27.47763489 0 149.44648977 0 170464
0.39850000 0.39849800 2017.45508823 0 53.46415979 0 -377.47216155 0 -59.56943969 0 127.33727158 0 172113
0.39950000 0.39949500 2021.91723513 0 39.96954247 0 -365.08555178 0 -76.13452341 0 79.24385366 0 173232
