### header ###
fiducial parameters:
Omega_m = 0.31
Omega_nu = 0
Omega_de = 0.69
Omega_k = 0
H_0 = 100
w_de = -1
zeff = 0
beta = 0
fgrowth = 0
b_1 = 2
gamma = 0.55
Lx = 3500 Ly = 3500 Lz = 3500
nx = 700 ny = 700 nz = 700
xoffset = -685.467585 yoffset = -31.7331281 zoffset = 572.489161
bins = 400 dk = 0.001
kx_ny = 0.628318531 ky_ny = 0.628318531 kz_ny = 0.628318531
############################
A(data) = 8.11011286 (not used)
A(ran) = 8.11124382 (used)
Ngal = 482302
weighted Ngal = 0
Nran = 23820508
weighted Nran = 0
SN(data) = 3485.5929
SN(ran) = 70.6518753
SN(data+ran) = 3556.24477
############################
13 columns: k_central k_mean P_0(k) sigma^{lin}_{P_0(k)} P^img_1(k) sigma^{lin}_{P_1(k)} P_2(k) sigma^{lin}_{P_2(k)} P^img_3(k) sigma^{lin}_{P_3(k)} P_4(k) sigma^{lin}_{P_4(k)} N_modes
### header ###
0.00050000 0 0 0 0 0 0 0 0 0 0 0 0
0.00150000 0.00179520 12524.34949536 0 -23628.78405598 0 4765.59503589 0 15789.02446814 0 -28049.85263282 0 3
0.00250000 0.00253879 29797.50838220 0 -34167.97643461 0 -8534.52582556 0 13134.32386962 0 57550.17981689 0 6
0.00350000 0.00331552 47361.53724202 0 -40946.78585833 0 -15397.94995555 0 -10932.92424918 0 -18031.61313691 0 7
0.00450000 0.00420575 67765.28524807 0 -30165.10956618 0 -19679.17506992 0 -21742.83496962 0 -5279.59449863 0 24
0.00550000 0.00557378 98833.78579620 0 -3547.38464237 0 -22593.85385519 0 -38315.89075817 0 3443.94698392 0 45
0.00650000 0.00659388 85101.44566312 0 17606.98948012 0 1545.55260446 0 -58158.38261917 0 20478.70764508 0 40
0.00750000 0.00754703 65636.40935519 0 38499.69135016 0 11435.71851919 0 -42269.81795091 0 13752.04887126 0 57
0.00850000 0.00846663 55730.33250969 0 20845.97665931 0 24232.66865159 0 11473.36442358 0 20528.42238351 0 75
0.00950000 0.00948925 51005.88223282 0 -14487.25123921 0 18989.59068022 0 39273.20396199 0 -6764.37111216 0 112
0.01050000 0.01054430 59115.69582299 0 -20835.12578099 0 19653.37655310 0 37175.10913211 0 -15573.33558067 0 105
0.01150000 0.01145670 75373.19035421 0 -8675.54295445 0 19555.27575520 0 9245.32478962 0 -7235.37673762 0 144
0.01250000 0.01249090 75246.74440478 0 9478.29757613 0 16874.66591661 0 -5113.00029940 0 4060.27687262 0 169
0.01350000 0.01339930 70618.29118409 0 7504.92141300 0 22394.88417819 0 -30496.06135500 0 22851.50685372 0 180
0.01450000 0.01448870 64848.61344434 0 2752.34743109 0 25180.90254906 0 -8487.18056464 0 20517.79295169 0 267
0.01550000 0.01550050 71471.52453462 0 -4900.84348355 0 44023.89564868 0 12086.43904879 0 28404.38847351 0 238
0.01650000 0.01653350 71716.00146661 0 948.81630175 0 30349.35305116 0 -1887.20025906 0 -5755.30586213 0 315
0.01750000 0.01747870 74487.84726171 0 4772.65917913 0 38447.65142352 0 3244.91087298 0 -4902.54862158 0 297
0.01850000 0.01844180 66188.03257766 0 3291.92396416 0 36239.27623844 0 466.01865036 0 -14955.16768605 0 388
0.01950000 0.01947590 64532.27712428 0 2115.21264405 0 29188.64124042 0 823.49308606 0 -3388.41927495 0 399
0.02050000 0.02045430 67171.14429830 0 -9602.16367388 0 19898.40710133 0 14685.00296047 0 -22422.67571349 0 462
0.02150000 0.02154770 76718.47781968 0 -9964.99268586 0 25621.35963035 0 -4133.12169760 0 -31369.99995294 0 571
0.02250000 0.02255340 82388.28318956 0 4917.95022540 0 15095.78621125 0 -5021.03356946 0 -40403.24543298 0 510
0.02350000 0.02348930 77773.78109814 0 7094.84679102 0 17881.69385887 0 -9740.89990385 0 -17728.67432987 0 555
0.02450000 0.02439640 71699.72514913 0 6946.15654103 0 17892.65546044 0 -8171.04354642 0 -2141.11081181 0 592
0.02550000 0.02547300 70450.87763283 0 3577.03632824 0 25223.19882987 0 7075.16019749 0 -13934.74223076 0 837
0.02650000 0.02652900 67169.26200308 0 -155.54512628 0 19081.71242271 0 10132.89341941 0 -20995.23159787 0 723
0.02750000 0.02749970 63350.63861963 0 5589.29849613 0 24805.77218421 0 1399.96260542 0 -11214.93636231 0 826
0.02850000 0.02848090 63137.71781337 0 1422.47264178 0 23071.07105487 0 359.83173365 0 -11826.01796905 0 831
0.02950000 0.02946900 58855.82835950 0 663.48802734 0 21743.38858586 0 -1549.51649675 0 -15197.76232283 0 996
0.03050000 0.03053250 58847.19194614 0 6631.33712946 0 23666.20851387 0 -6350.59833368 0 -7502.25298272 0 1041
0.03150000 0.03150510 52970.33410215 0 2235.13699417 0 22179.52746047 0 860.50233177 0 -2346.87889624 0 1036
0.03250000 0.03246190 55591.92844946 0 -463.38343706 0 26538.81246482 0 7791.53961326 0 3814.86986534 0 1059
0.03350000 0.03345080 51663.02471081 0 -1677.21361888 0 16689.42592239 0 9688.85997721 0 -1500.59896570 0 1302
0.03450000 0.03451200 56118.86038758 0 -986.82648562 0 17865.08537164 0 15278.92246375 0 7051.28826518 0 1339
0.03550000 0.03553350 56095.38705896 0 -3501.41234973 0 10598.06392969 0 13203.30445324 0 7974.13332184 0 1365
0.03650000 0.03647120 57344.45602175 0 -2549.64638064 0 6073.57983905 0 5886.38004334 0 10810.39790274 0 1308
0.03750000 0.03744890 58715.65272730 0 -1726.54082595 0 1094.75065010 0 5938.86286298 0 13292.10449829 0 1579
0.03850000 0.03847530 57749.37094037 0 3469.66799447 0 2989.93737705 0 -3530.69864887 0 10840.19352882 0 1662
0.03950000 0.03950240 55567.01571862 0 5867.83389927 0 4150.64918779 0 -1827.58686224 0 14347.96139299 0 1683
0.04050000 0.04050350 50508.84557172 0 5036.05871424 0 5686.12597667 0 -4594.89300417 0 12904.68385288 0 1822
0.04150000 0.04152450 45217.93515713 0 4783.57649140 0 10205.35071302 0 -3237.23775188 0 9269.13028798 0 1887
0.04250000 0.04250150 44174.36854297 0 3184.25667762 0 13039.54476918 0 -2061.88832773 0 5758.09608799 0 1920
0.04350000 0.04349210 40673.74232830 0 102.14186428 0 11319.56983185 0 -2579.20948791 0 6495.09217257 0 2005
0.04450000 0.04448520 42186.88623802 0 -404.50967153 0 15672.87578079 0 -564.49922900 0 3102.50970348 0 2151
0.04550000 0.04548030 43129.80541958 0 -712.10106946 0 19074.84758132 0 -544.50261037 0 5940.57907332 0 2274
0.04650000 0.04648670 43302.53368675 0 -1127.45054698 0 18894.59013328 0 2243.82876915 0 1929.60726312 0 2311
0.04750000 0.04749250 44012.15898437 0 1680.12564031 0 18426.00934695 0 770.41568258 0 2249.65281200 0 2568
0.04850000 0.04851840 44046.81536106 0 1629.41439264 0 19550.73610203 0 1200.62754171 0 4416.47356204 0 2493
0.04950000 0.04949480 41798.80125313 0 2269.00723579 0 23125.98978597 0 -3075.75896672 0 5676.76986220 0 2644
0.05050000 0.05050630 40477.65145577 0 2367.07481670 0 20141.77680085 0 697.04935110 0 6708.85447552 0 2829
0.05150000 0.05149060 38679.17373547 0 1063.97844496 0 22147.41771850 0 3736.95391559 0 7404.89403059 0 2784
0.05250000 0.05249300 39245.74459644 0 -993.42448398 0 19973.58818685 0 3739.29017613 0 2164.37376625 0 3055
0.05350000 0.05348950 38802.51943395 0 -574.48092982 0 17128.55432470 0 3831.19047212 0 745.25160996 0 3009
0.05450000 0.05448610 38125.77894104 0 1038.07916998 0 15274.27208732 0 2223.93180145 0 1609.52849726 0 3336
0.05550000 0.05550870 36932.51449533 0 1625.12940293 0 14837.02598023 0 -561.87065908 0 -2345.74951910 0 3349
0.05650000 0.05647670 35424.79602478 0 1608.66485593 0 12582.58992391 0 1571.94902683 0 -371.19968955 0 3324
0.05750000 0.05747970 34872.06556983 0 604.01746351 0 10713.43755430 0 843.54063738 0 482.39572600 0 3639
0.05850000 0.05849280 33716.00413552 0 426.65321393 0 10497.21719524 0 2810.93110171 0 521.50207003 0 3846
0.05950000 0.05951020 34306.60194134 0 -500.97397981 0 8779.45672288 0 1295.24055729 0 -1242.87953322 0 3787
0.06050000 0.06049470 34414.88927807 0 245.29517680 0 9335.67496014 0 710.15123306 0 -2481.16405164 0 3930
0.06150000 0.06148310 33250.08070715 0 1282.23057562 0 9319.84153565 0 -419.00998811 0 -1332.25533915 0 4083
0.06250000 0.06249100 34091.02377712 0 291.40033734 0 10623.72957862 0 -1531.85613866 0 -869.95920440 0 4303
0.06350000 0.06350600 33228.48967375 0 -587.69464226 0 10408.09605278 0 -969.48058156 0 -2623.26626836 0 4470
0.06450000 0.06451750 33989.60128178 0 -385.10542228 0 12195.50144825 0 2.22655594 0 -2370.25257393 0 4479
0.06550000 0.06550280 33574.83199408 0 1321.53732873 0 13054.60313093 0 -1340.60387207 0 -2497.36286285 0 4636
0.06650000 0.06648880 32668.89437742 0 1323.54141952 0 11988.55969739 0 -260.95698026 0 -1850.91625063 0 4653
0.06750000 0.06749660 32268.62983522 0 528.24400861 0 13874.61950700 0 1127.72735510 0 284.63293242 0 5220
0.06850000 0.06852730 30733.56272236 0 492.26891804 0 13172.74483674 0 1621.56411434 0 1114.85024134 0 5029
0.06950000 0.06949320 31785.87647313 0 1207.93527609 0 13917.35868080 0 2771.79043348 0 748.86893848 0 5040
0.07050000 0.07048030 29907.01367465 0 1282.45202212 0 12537.74700839 0 1376.44498751 0 1479.57262087 0 5475
0.07150000 0.07148790 28771.32531800 0 1133.34102379 0 14440.41530523 0 -77.62507978 0 3577.21348543 0 5509
0.07250000 0.07249820 27824.42009951 0 1168.29635324 0 12971.00707855 0 13.28402170 0 2666.54798607 0 5916
0.07350000 0.07351270 26880.06151573 0 704.81547973 0 11569.36147976 0 1264.51485591 0 2965.03571854 0 5721
0.07450000 0.07449140 26922.24707329 0 102.21483090 0 12626.43633019 0 1185.98992830 0 3317.45674519 0 6028
0.07550000 0.07549160 26739.99660678 0 -446.72623160 0 10914.01271839 0 2814.85070470 0 4830.79995675 0 6183
0.07650000 0.07648840 27483.06032535 0 -1225.98316554 0 9993.93574293 0 2473.33591799 0 2775.68789181 0 6330
0.07750000 0.07749960 28065.57533406 0 -806.32987536 0 9026.08168589 0 1156.36038708 0 1416.84790077 0 6583
0.07850000 0.07848650 27750.67841622 0 707.41415436 0 8770.10060840 0 5.97833570 0 1583.78534206 0 6549
0.07950000 0.07947320 27226.29311281 0 1145.80846153 0 8616.87070524 0 -724.11786358 0 684.14898545 0 6828
0.08050000 0.08048110 26100.01623226 0 1696.68983823 0 8074.69217584 0 -1728.69992929 0 800.44936365 0 7147
0.08150000 0.08149960 24422.00540599 0 1489.46020693 0 9005.43180010 0 -157.89356638 0 -279.53523407 0 7386
0.08250000 0.08250610 23797.85845596 0 1176.40129501 0 8474.52489737 0 81.50039346 0 379.27030711 0 7227
0.08350000 0.08350160 22953.81513504 0 367.97764302 0 8447.96239013 0 805.12520642 0 -351.96595410 0 7798
0.08450000 0.08449610 22703.24842439 0 -26.81750288 0 9330.33809958 0 799.71637575 0 174.54523567 0 7371
0.08550000 0.08548940 22868.77968043 0 456.10670518 0 9229.82353487 0 322.97417880 0 1147.55788885 0 8256
0.08650000 0.08650700 22226.91701070 0 759.41975680 0 9758.72634681 0 766.94893768 0 1766.97695618 0 8037
0.08750000 0.08749060 21882.78915533 0 131.24801670 0 8646.75490992 0 1081.90121714 0 2757.64000236 0 8155
0.08850000 0.08849210 21554.27327796 0 399.08201790 0 8021.32357022 0 1297.31108203 0 2790.61338567 0 8718
0.08950000 0.08949900 21171.72445548 0 264.30414405 0 8170.02489253 0 1341.34571783 0 2771.46933606 0 8571
0.09050000 0.09049190 20953.26748681 0 246.12560116 0 7194.55307601 0 362.48687715 0 1269.46418511 0 8932
0.09150000 0.09150830 20061.50244591 0 670.20560681 0 6515.95243253 0 245.90636913 0 1396.81806517 0 9285
0.09250000 0.09250820 19928.30237834 0 478.12734478 0 7044.82202749 0 -959.73915019 0 107.57549696 0 9204
0.09350000 0.09350330 19428.82980578 0 116.16308137 0 6794.95287331 0 -1005.42577685 0 78.78822750 0 9349
0.09450000 0.09448040 19675.29975624 0 140.19888409 0 7588.63926096 0 -697.26636866 0 -656.95646293 0 9564
0.09550000 0.09549270 19819.46142538 0 291.15010280 0 7916.59044976 0 -596.08414277 0 -591.46033993 0 10155
0.09650000 0.09649430 19392.40185712 0 566.44574370 0 8346.22986970 0 11.58585924 0 -1057.15900010 0 9913
0.09750000 0.09749140 18969.54977230 0 422.61735154 0 7507.81128978 0 315.85799564 0 -1052.42779571 0 10476
0.09850000 0.09850240 18596.19097941 0 269.40073516 0 7180.85661021 0 1766.76658201 0 -263.96754537 0 10575
0.09950000 0.09950330 18383.71306614 0 -204.14931054 0 6869.77964443 0 1646.35504961 0 -1219.92660387 0 10882
0.10050000 0.10051200 18395.11756071 0 181.20081012 0 6362.67824006 0 1385.94504220 0 -551.81588092 0 10875
0.10150000 0.10150300 17987.43456088 0 506.39388281 0 5502.35860165 0 475.65268019 0 -215.22827875 0 11118
0.10250000 0.10250800 17320.76988355 0 568.46644298 0 4999.09929399 0 742.64961363 0 347.06645037 0 11575
0.10350000 0.10349800 17077.84307703 0 310.48127470 0 5427.74220470 0 -23.34522182 0 1500.13392805 0 11364
0.10450000 0.10450100 16907.88289107 0 359.72876103 0 5239.76734625 0 692.94373306 0 1090.70371538 0 12093
0.10550000 0.10551000 16381.83673893 0 -35.42789628 0 4892.07420230 0 274.15629867 0 1963.30034754 0 12067
0.10650000 0.10649700 16844.43846985 0 -122.26836127 0 4675.57703512 0 391.93483223 0 787.93874384 0 12054
0.10750000 0.10749900 16479.38392058 0 154.64383904 0 4688.25484704 0 289.68191253 0 1287.67815943 0 12807
0.10850000 0.10850100 16585.34606910 0 107.85186219 0 4628.85182438 0 151.97208707 0 -19.43680188 0 12736
0.10950000 0.10950300 16333.78284922 0 288.27462005 0 4269.39987147 0 -518.91557495 0 698.43007000 0 12933
0.11050000 0.11050200 16122.63361493 0 473.21344703 0 5049.48944424 0 81.35490311 0 436.09015638 0 13428
0.11150000 0.11150900 15697.56706514 0 459.44944005 0 4666.78560921 0 196.12962568 0 978.90091552 0 13453
0.11250000 0.11250000 15481.54600793 0 414.78811066 0 5107.15411190 0 296.88778152 0 1431.10905513 0 13668
0.11350000 0.11349100 15227.10398360 0 111.01887926 0 5306.85456233 0 -283.47698170 0 1190.72888332 0 13791
0.11450000 0.11448600 15326.86563021 0 159.51344750 0 5611.78638783 0 53.64076337 0 1063.70163684 0 14205
0.11550000 0.11549300 15224.22517914 0 68.63623432 0 5845.35707988 0 -553.24974698 0 1301.06460014 0 14776
0.11650000 0.11649800 15122.24906756 0 201.96474085 0 5766.25639138 0 320.26810261 0 1331.70172291 0 14553
0.11750000 0.11747300 15140.40768027 0 50.43931137 0 5057.38401184 0 -71.64812812 0 866.31308783 0 14568
0.11850000 0.11849100 15020.05150949 0 -4.23341482 0 5389.48732245 0 483.83180653 0 640.66353696 0 16015
0.11950000 0.11950300 15139.41117103 0 251.24765862 0 5177.12013243 0 -307.65561741 0 -75.47184477 0 15270
0.12050000 0.12050700 14790.41149275 0 320.76303553 0 5371.02975698 0 53.36273729 0 87.30561336 0 15999
0.12150000 0.12150000 14295.92146635 0 636.65424814 0 5135.90893945 0 -266.26948170 0 556.37103535 0 15670
0.12250000 0.12250700 13856.79306404 0 478.98102103 0 5704.42852959 0 478.78171918 0 -103.52690139 0 16887
0.12350000 0.12352200 13685.72564559 0 102.72747954 0 5559.22606192 0 318.63936363 0 163.82611802 0 16407
0.12450000 0.12449800 13379.79731085 0 104.35688286 0 5354.53199300 0 519.89215400 0 333.92027911 0 16306
0.12550000 0.12549900 13410.13548086 0 144.96441269 0 5088.80726968 0 500.48569029 0 690.80455990 0 17523
0.12650000 0.12650100 13548.20737134 0 -135.84856766 0 5024.13382041 0 489.60934562 0 312.74224343 0 17154
0.12750000 0.12750600 13420.43274294 0 -53.09899452 0 4909.74563271 0 655.91677163 0 730.05595138 0 18007
0.12850000 0.12850300 13422.42576140 0 129.72667927 0 4763.32520931 0 58.29169341 0 864.03993955 0 17496
0.12950000 0.12949900 13477.34449250 0 173.80117545 0 4581.15224907 0 350.39700568 0 978.12585278 0 18405
0.13050000 0.13049000 13247.37230602 0 239.86420148 0 4679.36377021 0 -95.81281269 0 748.71060424 0 18100
0.13150000 0.13148800 13004.55622275 0 331.36478655 0 4364.46685236 0 24.47293810 0 1133.96107398 0 19059
0.13250000 0.13249300 12821.53069350 0 373.24031901 0 4606.70717475 0 345.93153708 0 1530.91499105 0 18957
0.13350000 0.13349100 12415.95143539 0 81.27374297 0 4355.21038882 0 170.80832605 0 599.18328649 0 19468
0.13450000 0.13450700 12395.68908097 0 271.15791311 0 4382.49259717 0 -50.79783325 0 -59.69566420 0 19953
0.13550000 0.13551000 12004.72529162 0 346.30578166 0 4696.78053715 0 -707.43629901 0 -210.28005679 0 19956
0.13650000 0.13649900 11801.32668471 0 561.94595089 0 4753.81408229 0 -548.13654738 0 -71.56497496 0 19723
0.13750000 0.13749600 11648.97149520 0 186.63732161 0 5195.05729864 0 -263.20023326 0 -455.82657537 0 20946
0.13850000 0.13851100 11438.81877014 0 66.02825893 0 4713.11221625 0 -8.80494521 0 -672.20526867 0 20955
0.13950000 0.13949800 11336.28904232 0 57.68382278 0 4889.63829084 0 539.73486731 0 -546.16899526 0 20506
0.14050000 0.14048300 11399.95491003 0 77.83224297 0 4583.39993100 0 523.43419071 0 -871.85478640 0 21447
0.14150000 0.14148400 11227.33736611 0 199.21326814 0 4500.03639744 0 843.52513612 0 -631.20555710 0 21771
0.14250000 0.14249400 11063.36730787 0 141.01159273 0 3984.14356717 0 393.08967571 0 -396.67932342 0 22470
0.14350000 0.14350900 10782.16347445 0 -19.99761513 0 3891.76716121 0 430.71897161 0 325.25839941 0 22519
0.14450000 0.14449900 10938.65971344 0 84.98662565 0 3586.04920064 0 678.00827411 0 374.85687843 0 22218
0.14550000 0.14550500 10885.71185615 0 -116.03021347 0 3515.10881553 0 482.49426969 0 494.66607637 0 23559
0.14650000 0.14650700 10916.37112358 0 5.38167026 0 3498.03529066 0 316.37285874 0 645.21869139 0 23044
0.14750000 0.14750500 10678.10576580 0 417.39896485 0 3429.63046793 0 83.45510169 0 703.06051624 0 23649
0.14850000 0.14849900 10473.09059946 0 377.27507417 0 3072.94659622 0 23.82321408 0 653.70673560 0 23640
0.14950000 0.14949500 10213.01276180 0 134.27076138 0 3378.77528003 0 93.56701305 0 1368.11859924 0 24457
0.15050000 0.15050000 10068.86216498 0 112.81702481 0 3168.45647010 0 155.20409868 0 937.54467509 0 24591
0.15150000 0.15149900 10007.44397921 0 188.17637476 0 3055.03157466 0 91.25533307 0 937.40405656 0 25020
0.15250000 0.15250500 9964.76016704 0 39.63305452 0 3122.04128446 0 311.86420807 0 606.50541489 0 25297
0.15350000 0.15350100 9762.22520145 0 58.28859316 0 2913.67120370 0 371.55621840 0 1090.21099692 0 25452
0.15450000 0.15450400 9851.22454835 0 155.29932067 0 2790.48051777 0 25.34255849 0 687.20605433 0 26061
0.15550000 0.15549900 9703.69689246 0 43.16180444 0 2765.73387180 0 123.91149428 0 891.22028251 0 26128
0.15650000 0.15649500 9671.64251211 0 81.61676360 0 2915.16596755 0 -179.59200133 0 457.69447656 0 26331
0.15750000 0.15749700 9504.61649222 0 151.25681488 0 2691.19498112 0 -42.29517357 0 498.54471175 0 27345
0.15850000 0.15849900 9423.74423175 0 261.39765878 0 2822.24701767 0 183.77734011 0 646.08343996 0 26980
0.15950000 0.15949700 9157.68733868 0 112.56568304 0 2645.80952169 0 118.52812995 0 721.28113396 0 27777
0.16050000 0.16050000 9199.69573904 0 82.64017858 0 2634.22786993 0 314.60017954 0 322.21240285 0 28224
0.16150000 0.16150500 9071.00210768 0 182.07995271 0 2621.43933476 0 -32.86343512 0 697.56753590 0 28075
0.16250000 0.16249700 9017.17953673 0 80.62125087 0 2561.95880584 0 -43.72261769 0 1016.19804167 0 28590
0.16350000 0.16349900 8992.61004796 0 73.81365340 0 2744.55251442 0 4.11874982 0 966.36372213 0 29163
0.16450000 0.16449100 8954.58768453 0 -20.55200644 0 2729.53844197 0 77.98315876 0 1333.56187348 0 28996
0.16550000 0.16550500 9031.88358409 0 4.99108293 0 2737.11191214 0 468.83544980 0 1116.67717493 0 30777
0.16650000 0.16650700 8984.39438294 0 16.34241926 0 2602.90426302 0 280.55610242 0 1434.53040350 0 29211
0.16750000 0.16749900 8855.91112575 0 230.01204685 0 2375.21297545 0 152.94755888 0 1111.15208485 0 30922
0.16850000 0.16850800 8777.37512581 0 199.11693891 0 2517.31519217 0 -67.94676065 0 1591.32559526 0 30867
0.16950000 0.16949900 8525.35794061 0 301.32114038 0 2531.35490004 0 -63.92141696 0 1549.47220745 0 30852
0.17050000 0.17049200 8456.97526253 0 124.15176373 0 2461.61032601 0 6.21942450 0 1729.45284737 0 31257
0.17150000 0.17149500 8332.35624670 0 -3.23800174 0 2525.89624390 0 132.88229185 0 1573.73167112 0 32608
0.17250000 0.17250900 8385.62520140 0 -11.13587996 0 2507.27259356 0 130.02673928 0 1157.40118562 0 32361
0.17350000 0.17350400 8408.74421562 0 23.40921985 0 2659.45062587 0 -107.28119457 0 1045.16545786 0 32508
0.17450000 0.17449800 8319.96631523 0 124.66884130 0 2559.58932833 0 -130.64457500 0 1060.55488213 0 32791
0.17550000 0.17549800 8230.20297792 0 232.98828776 0 2555.91331649 0 -77.58189771 0 1078.85854228 0 33633
0.17650000 0.17650100 8088.99761951 0 119.99742745 0 2286.37971343 0 293.86835855 0 1030.83897678 0 33984
0.17750000 0.17750300 8020.79209863 0 14.38450006 0 2471.08823605 0 336.54774179 0 1056.72385774 0 34069
0.17850000 0.17849800 8026.88187728 0 -9.22505136 0 2160.53166954 0 216.38201500 0 908.05575240 0 34536
0.17950000 0.17950400 7967.60065020 0 142.26830159 0 2308.23648262 0 97.19131713 0 754.96425329 0 35343
0.18050000 0.18050100 7828.27758701 0 172.24994274 0 2103.95208971 0 -88.39424434 0 1336.09743587 0 34990
0.18150000 0.18150500 7727.66337138 0 32.29664282 0 2257.80204307 0 90.01268606 0 972.92296735 0 36243
0.18250000 0.18250200 7772.06339390 0 7.65951321 0 2192.98465358 0 117.90254360 0 1303.51158392 0 35694
0.18350000 0.18350400 7717.01179490 0 146.18569012 0 2131.00177925 0 92.21707521 0 840.20454591 0 37087
0.18450000 0.18450600 7596.44524995 0 181.03251078 0 2018.05299377 0 -63.34864560 0 1091.39573568 0 36651
0.18550000 0.18550700 7454.77485390 0 150.40646034 0 1961.16338885 0 77.17964015 0 728.61876362 0 37818
0.18650000 0.18651000 7432.97344633 0 18.26036737 0 1854.80263665 0 -95.71858721 0 819.59009156 0 37267
0.18750000 0.18750100 7367.21490923 0 -22.53594560 0 1840.09858929 0 269.86466557 0 409.79559940 0 38334
0.18850000 0.18850000 7379.44982816 0 18.21474939 0 1750.65634940 0 92.26269319 0 200.50983737 0 38223
0.18950000 0.18949500 7303.20579946 0 124.63119539 0 1511.91488166 0 171.40180266 0 403.20313720 0 39064
0.19050000 0.19050000 7188.61830991 0 134.20211296 0 1518.46969795 0 46.25895514 0 205.83341115 0 39609
0.19150000 0.19149800 7166.31864772 0 133.18456631 0 1567.58653085 0 54.43642063 0 414.91654963 0 39576
0.19250000 0.19250400 7092.58803676 0 34.39163740 0 1722.25583624 0 -54.25228787 0 332.52295172 0 40909
0.19350000 0.19350500 7051.70901353 0 108.09467827 0 1825.93708584 0 -258.31844525 0 404.66136238 0 40191
0.19450000 0.19450100 7019.78750107 0 189.36886414 0 1985.21247836 0 -192.41818240 0 382.38827377 0 41232
0.19550000 0.19549800 6899.06594358 0 188.82078406 0 2044.17260802 0 -187.66704782 0 450.17858248 0 40873
0.19650000 0.19649700 6714.29098700 0 172.06060598 0 2207.50047142 0 5.30089765 0 617.77814879 0 42816
0.19750000 0.19750200 6682.02623248 0 58.89845681 0 2206.40431126 0 176.26698218 0 504.24695903 0 41727
0.19850000 0.19849000 6556.27783951 0 58.72672505 0 2074.34469315 0 318.99699972 0 516.45308991 0 42610
0.19950000 0.19949900 6630.71707927 0 62.33729945 0 2128.13404712 0 207.05136688 0 462.73570605 0 43863
0.20050000 0.20050100 6550.09948227 0 14.83337211 0 1838.74776566 0 91.24647521 0 746.51274776 0 43302
0.20150000 0.20150100 6537.02306666 0 43.41680008 0 1897.64146137 0 -33.16493453 0 646.38239273 0 44487
0.20250000 0.20249700 6676.00288778 0 -91.91302917 0 1837.67375015 0 99.09664279 0 793.75725053 0 43759
0.20350000 0.20349100 6637.90301808 0 -3.27493902 0 1768.95890233 0 97.66155877 0 531.79601041 0 45282
0.20450000 0.20449700 6566.69689717 0 216.77951146 0 1735.91908507 0 0.29210232 0 616.90454236 0 45483
0.20550000 0.20549900 6403.39117842 0 202.26147916 0 1719.03378972 0 -97.55592879 0 441.18342579 0 46138
0.20650000 0.20650200 6223.60984034 0 123.05228187 0 1697.77492607 0 67.68179992 0 367.50817645 0 46227
0.20750000 0.20749300 6289.42373906 0 -37.33145036 0 1754.75310958 0 78.90437619 0 357.06918861 0 46236
0.20850000 0.20850300 6214.39766609 0 -66.45830803 0 1473.15067247 0 242.65996349 0 255.84820958 0 48361
0.20950000 0.20950400 6343.51204580 0 8.57209422 0 1565.36099356 0 228.87602633 0 176.94682293 0 46812
0.21050000 0.21050300 6288.40508518 0 48.60407353 0 1281.99805680 0 110.49980867 0 170.98880494 0 48813
0.21150000 0.21149700 6209.65871107 0 154.52315070 0 1410.59203725 0 84.85707945 0 281.05103534 0 47215
0.21250000 0.21249000 6109.26594194 0 190.75511921 0 1389.75392194 0 -129.42994097 0 238.59642028 0 50004
0.21350000 0.21350300 5982.50996741 0 139.80360209 0 1489.77023202 0 -18.09129297 0 384.01701276 0 49509
0.21450000 0.21449800 5852.74232054 0 60.74332757 0 1430.40042635 0 -29.75255474 0 439.72409338 0 49660
0.21550000 0.21550100 5888.07410903 0 57.70198139 0 1407.69108814 0 94.04035494 0 303.95967539 0 50841
0.21650000 0.21649800 5911.43671440 0 -4.51560409 0 1402.02205784 0 89.41721643 0 272.50320058 0 50424
0.21750000 0.21750300 5817.79806341 0 77.96876474 0 1303.83268134 0 29.88697277 0 248.47847019 0 52231
0.21850000 0.21850300 5789.71864767 0 119.69736745 0 1309.00345703 0 -80.37145922 0 226.74903273 0 51078
0.21950000 0.21950100 5727.42574824 0 74.66511518 0 1347.35799021 0 -26.13910154 0 117.96344139 0 52791
0.22050000 0.22050700 5711.48160050 0 109.40730238 0 1404.40260767 0 -0.35690310 0 210.15826122 0 52969
0.22150000 0.22150000 5655.94281921 0 40.06742182 0 1433.95464261 0 -24.29755248 0 198.56221544 0 52704
0.22250000 0.22250100 5597.21520837 0 49.17319103 0 1542.35270259 0 45.33519108 0 282.87575447 0 54051
0.22350000 0.22349900 5501.30673079 0 103.15110669 0 1460.48393288 0 7.06477436 0 308.24466509 0 53938
0.22450000 0.22449800 5470.33743828 0 107.60528152 0 1470.31615732 0 143.10426212 0 329.22229169 0 54735
0.22550000 0.22549100 5442.81163878 0 54.77778041 0 1378.51551225 0 142.74662603 0 543.86263000 0 54774
0.22650000 0.22649900 5336.14086147 0 87.33761238 0 1296.58030859 0 138.95103308 0 244.52122129 0 56911
0.22750000 0.22749800 5348.27612948 0 60.09504295 0 1215.08799792 0 6.85514203 0 366.88148287 0 54879
0.22850000 0.22849100 5233.32325321 0 112.86574304 0 1117.98370926 0 -66.09292131 0 321.43291118 0 57210
0.22950000 0.22949800 5189.98617387 0 63.37765509 0 1098.80644268 0 -7.30380370 0 234.88497701 0 57375
0.23050000 0.23049600 5111.93735622 0 31.68777568 0 1051.30063304 0 71.53806921 0 16.29812996 0 57604
0.23150000 0.23150100 5112.33595992 0 75.58079644 0 992.61841874 0 135.52414855 0 -109.07313962 0 58629
0.23250000 0.23250200 5013.12792954 0 66.08738515 0 854.56092227 0 76.94335674 0 -194.95153031 0 58560
0.23350000 0.23350400 5075.21045480 0 -6.69272210 0 812.65217283 0 47.35622253 0 -114.55095088 0 59305
0.23450000 0.23449700 5018.92982774 0 3.49234412 0 776.95942655 0 63.06010082 0 -96.91351250 0 59196
0.23550000 0.23549300 5060.30710559 0 54.39600665 0 767.32096779 0 148.39794061 0 -7.25753246 0 60063
0.23650000 0.23649900 4995.46757145 0 90.57305642 0 794.94531098 0 36.10441532 0 30.38002339 0 61537
0.23750000 0.23750400 4960.54545898 0 114.30625250 0 741.61102956 0 59.14016566 0 135.20748006 0 61224
0.23850000 0.23850100 4904.63021864 0 18.17854289 0 857.15406074 0 55.52117629 0 227.60935237 0 61221
0.23950000 0.23949400 4850.42011633 0 87.20706967 0 855.29058848 0 -35.40386933 0 146.96296732 0 62332
0.24050000 0.24050100 4847.62989048 0 70.98124199 0 973.33928676 0 -212.61188840 0 115.98038801 0 63447
0.24150000 0.24150500 4792.11325383 0 121.18770237 0 878.28227096 0 -18.71123243 0 249.16827602 0 63342
0.24250000 0.24250300 4725.24748426 0 71.60793558 0 941.60378937 0 -99.24700496 0 110.63688405 0 63379
0.24350000 0.24349600 4665.09154352 0 28.60645840 0 844.97228898 0 144.70310582 0 148.49869877 0 64266
0.24450000 0.24449500 4732.64379723 0 -10.65623792 0 882.95368480 0 111.01887926 0 66.95390529 0 64695
0.24550000 0.24549600 4699.13894233 0 13.03267993 0 843.70672225 0 205.33958546 0 87.55053319 0 65947
0.24650000 0.24650000 4685.66392303 0 31.92738078 0 781.25881027 0 94.98792449 0 165.70176984 0 66018
0.24750000 0.24750000 4631.49811002 0 72.79821049 0 837.38885371 0 88.01822819 0 278.95615148 0 66303
0.24850000 0.24849600 4686.84866178 0 -22.72948983 0 694.39642207 0 83.41590566 0 309.90883551 0 66958
0.24950000 0.24949200 4661.55947190 0 25.88620964 0 744.40568435 0 66.04132427 0 265.82548148 0 66975
0.25050000 0.25048900 4681.83289864 0 107.77269507 0 732.96354388 0 -104.16865334 0 277.72823066 0 68676
0.25150000 0.25150000 4547.23771815 0 118.02433917 0 764.99467235 0 -155.61709640 0 279.30935864 0 69349
0.25250000 0.25249900 4506.87909418 0 122.60274548 0 736.62294723 0 -189.84718857 0 303.32744564 0 68592
0.25350000 0.25349900 4507.26662555 0 -19.36405671 0 812.85922531 0 27.44153911 0 105.63086456 0 70437
0.25450000 0.25450100 4491.30033316 0 -9.97079458 0 805.79618930 0 15.16830994 0 58.41769647 0 70099
0.25550000 0.25550100 4512.92458353 0 37.09738141 0 711.75339846 0 6.04584367 0 -86.78665350 0 71064
0.25650000 0.25650300 4450.85313060 0 88.14699933 0 729.75146245 0 109.98483484 0 61.65911956 0 71409
0.25750000 0.25750600 4428.63097469 0 100.59915727 0 721.29220629 0 41.87531102 0 162.16748376 0 72612
0.25850000 0.25850600 4384.85100236 0 75.96722058 0 600.06242908 0 199.01839522 0 304.97279311 0 71845
0.25950000 0.25949600 4327.96139744 0 26.33164927 0 594.62148867 0 157.57136173 0 266.00042421 0 72816
0.26050000 0.26049800 4295.80736616 0 16.62631367 0 542.24607058 0 142.09889503 0 458.63451694 0 73743
0.26150000 0.26149900 4326.41127196 0 14.21841519 0 476.58496994 0 87.52672769 0 415.48566712 0 74662
0.26250000 0.26250300 4286.41803472 0 34.22045925 0 456.98252608 0 127.96507239 0 492.19030454 0 74931
0.26350000 0.26350100 4244.36534506 0 59.24956023 0 432.12294239 0 -17.42972156 0 448.37268630 0 75087
0.26450000 0.26450200 4219.40832492 0 90.84399621 0 396.11574208 0 8.85223511 0 409.60294095 0 76678
0.26550000 0.26550600 4174.37717988 0 83.62650127 0 476.67576300 0 -67.73837950 0 463.26939211 0 76035
0.26650000 0.26650100 4119.05984508 0 96.47604495 0 385.74208096 0 -66.37415836 0 397.63154335 0 77094
0.26750000 0.26750600 4108.86223393 0 22.95979419 0 461.85545623 0 23.65048581 0 466.49808203 0 78463
0.26850000 0.26850100 4087.06082636 0 43.69726207 0 526.79021236 0 -0.81722283 0 406.92897450 0 77076
0.26950000 0.26949700 4060.84156119 0 77.51723533 0 421.83785987 0 85.88636277 0 292.31491137 0 79149
0.27050000 0.27049900 3981.34226899 0 102.63004308 0 468.99378404 0 -10.36469254 0 398.28591775 0 79648
0.27150000 0.27150200 3911.78592448 0 133.78247185 0 504.22038545 0 -38.79078277 0 333.45967040 0 80241
0.27250000 0.27250500 3827.95735328 0 83.24040931 0 466.09837110 0 38.84237980 0 415.07156217 0 80835
0.27350000 0.27350000 3828.84313926 0 -30.38943487 0 375.77145246 0 67.86227881 0 313.33682728 0 80680
0.27450000 0.27450400 3809.20083503 0 -12.32349752 0 374.86684353 0 4.87925245 0 282.16158952 0 82617
0.27550000 0.27550800 3868.30490492 0 43.46695771 0 440.02304615 0 -132.87232675 0 94.48911626 0 82548
0.27650000 0.27649900 3796.24621500 0 113.42268098 0 380.77392882 0 -75.18783964 0 149.47859952 0 81181
0.27750000 0.27748900 3773.18256240 0 42.04338891 0 439.22694600 0 -30.17939287 0 252.33163922 0 84096
0.27850000 0.27849800 3721.87340919 0 43.41026741 0 441.91198477 0 -13.85911825 0 172.93974857 0 85215
0.27950000 0.27950200 3764.39113649 0 36.28267975 0 493.69724794 0 71.87953970 0 181.57394747 0 84514
0.28050000 0.28050300 3759.90684494 0 15.60688472 0 455.40139809 0 97.69577225 0 162.11876553 0 85815
0.28150000 0.28150100 3785.90466362 0 -16.29680128 0 420.01756967 0 0.88439641 0 163.83829757 0 85485
0.28250000 0.28250000 3801.97060693 0 37.10701433 0 428.21551897 0 17.00742309 0 242.38647707 0 87220
0.28350000 0.28350400 3769.77228635 0 62.80964483 0 383.56747637 0 83.88946899 0 338.08125878 0 87147
0.28450000 0.28449700 3765.88590034 0 48.56587401 0 355.65968166 0 19.87227641 0 360.40306561 0 87102
0.28550000 0.28549800 3707.96656922 0 63.81711566 0 301.53926518 0 52.43509792 0 367.62775756 0 88971
0.28650000 0.28649900 3642.92773323 0 86.08832197 0 306.60042486 0 96.39510625 0 319.19962327 0 89434
0.28750000 0.28750100 3632.48653093 0 62.33364559 0 263.71288190 0 63.14425049 0 321.50377406 0 89619
0.28850000 0.28849900 3551.38175163 0 29.49944140 0 273.99242826 0 78.00076376 0 377.55077506 0 90240
0.28950000 0.28950100 3579.39473342 0 15.66656456 0 147.88861367 0 49.50635728 0 265.41469823 0 91333
0.29050000 0.29050500 3585.80560949 0 20.81696717 0 199.75913375 0 -44.65391093 0 166.56430394 0 92139
0.29150000 0.29150600 3566.45118571 0 27.93536479 0 102.52086996 0 -4.36717957 0 181.72896002 0 92370
0.29250000 0.29250200 3542.01456484 0 82.54340646 0 179.77248022 0 -52.45846053 0 112.20472525 0 91819
0.29350000 0.29349600 3528.35131601 0 64.28990393 0 103.13073361 0 -85.30119040 0 74.09411539 0 93552
0.29450000 0.29450000 3483.49732817 0 55.31058068 0 192.69388328 0 23.75124397 0 127.99275321 0 94701
0.29550000 0.29550200 3460.12365048 0 69.68821590 0 150.74859517 0 -24.18550055 0 168.79869909 0 95020
0.29650000 0.29650300 3450.47965556 0 36.60732032 0 267.81739271 0 21.89297569 0 104.64598126 0 95151
0.29750000 0.29749800 3417.93809292 0 59.07063146 0 223.16602842 0 13.18093836 0 344.51760120 0 95802
0.29850000 0.29850000 3382.99383579 0 93.02856589 0 258.37602134 0 29.00461920 0 327.15951758 0 97399
0.29950000 0.29950700 3355.68948279 0 9.28324750 0 228.20836514 0 56.37507398 0 365.14866403 0 97881
0.30050000 0.30050300 3356.48669017 0 -1.69598121 0 326.60368687 0 40.90758983 0 283.63310148 0 97188
0.30150000 0.30149700 3360.14055736 0 32.84992689 0 281.87149461 0 35.53297264 0 358.67135401 0 98263
0.30250000 0.30249700 3379.86036787 0 11.31890549 0 233.21084149 0 12.07138069 0 429.73132023 0 100050
0.30350000 0.30350600 3405.78068027 0 -16.33500080 0 219.84543820 0 26.87264306 0 477.71877600 0 100779
0.30450000 0.30450500 3461.82878850 0 2.70999579 0 244.71277251 0 16.85573224 0 434.88991637 0 99982
0.30550000 0.30550300 3466.57881585 0 65.59654899 0 264.70274774 0 -14.03383954 0 374.70740205 0 101559
0.30650000 0.30649700 3371.77757075 0 132.36078535 0 244.79470772 0 -6.58544234 0 474.52330306 0 100935
0.30750000 0.30749800 3302.30980484 0 121.65606171 0 277.55107346 0 -71.48425771 0 404.62814541 0 103762
0.30850000 0.30850200 3240.57052165 0 60.66117092 0 259.38581736 0 -10.50593111 0 399.14955908 0 102951
0.30950000 0.30950100 3176.36211002 0 35.40918405 0 215.10759041 0 46.47165450 0 244.50018388 0 104394
0.31050000 0.31050000 3194.16640833 0 8.83481835 0 168.29380108 0 -14.65599347 0 278.80778233 0 103963
0.31150000 0.31149700 3163.72858741 0 44.07947872 0 134.71808330 0 103.47331134 0 235.18946594 0 105936
0.31250000 0.31250000 3158.90105379 0 46.15686830 0 121.92622644 0 16.97985300 0 183.95671177 0 105717
0.31350000 0.31349800 3133.45685135 0 52.67902124 0 109.01988174 0 19.96871636 0 284.56096230 0 106776
0.31450000 0.31450400 3113.29414786 0 46.40732429 0 121.48886961 0 -2.93071151 0 272.42790877 0 108733
0.31550000 0.31549900 3081.70480515 0 73.02220363 0 166.54215929 0 36.95443770 0 293.42657279 0 105891
0.31650000 0.31650000 3076.30151064 0 29.90402415 0 120.97622097 0 -31.03805165 0 266.95485861 0 111072
0.31750000 0.31750600 3060.19127803 0 36.25034856 0 115.36144505 0 14.02664253 0 387.69745352 0 108121
0.31850000 0.31849900 3097.21713222 0 10.18658312 0 54.07734514 0 23.95431041 0 307.08760715 0 110484
0.31950000 0.31950100 3083.66460664 0 -18.22449304 0 13.12613035 0 34.08460183 0 324.30175054 0 110817
0.32050000 0.32049800 3138.99301376 0 14.97277268 0 44.56134630 0 41.17697949 0 165.98189966 0 111088
0.32150000 0.32149900 3084.90470702 0 74.47777145 0 -12.67725830 0 -13.85391426 0 308.71523890 0 112635
0.32250000 0.32250100 3098.32436470 0 73.50850013 0 -54.50097229 0 40.51729038 0 273.31923092 0 113202
0.32350000 0.32350400 3045.66438787 0 29.39270419 0 -19.93472433 0 54.19161153 0 351.42451742 0 113863
0.32450000 0.32450300 3026.33210873 0 29.01724165 0 -14.92516169 0 49.44147346 0 352.81409418 0 114045
0.32550000 0.32549900 3008.56102740 0 40.35353069 0 2.00838685 0 72.60034805 0 309.13045108 0 114828
0.32650000 0.32650300 2987.72291209 0 65.00716914 0 -92.38360297 0 66.16466997 0 395.52669440 0 116431
0.32750000 0.32750400 2959.21167568 0 53.78857891 0 -125.04640757 0 107.05100094 0 376.84878967 0 116442
0.32850000 0.32850400 2911.79998081 0 39.78131295 0 -145.15485668 0 20.04699770 0 372.00575479 0 116955
0.32950000 0.32949800 2902.25563681 0 67.33136084 0 -165.81470755 0 -48.22562147 0 325.42448428 0 117028
0.33050000 0.33049700 2846.01929906 0 91.99053544 0 -155.11552008 0 -27.48317105 0 436.19423623 0 119061
0.33150000 0.33150100 2813.15663900 0 24.76092927 0 -167.45230439 0 -30.71274675 0 509.20846778 0 120060
0.33250000 0.33250400 2830.73949081 0 -15.47246670 0 -180.92953816 0 47.63723813 0 435.85985202 0 119737
0.33350000 0.33350100 2855.60793235 0 17.23185912 0 -128.87743196 0 73.44428065 0 418.72542936 0 120531
0.33450000 0.33450000 2843.36194110 0 59.26472932 0 -139.57994113 0 2.04884513 0 376.65059505 0 121704
0.33550000 0.33550300 2813.31165155 0 73.79449828 0 -146.20008414 0 -54.74268114 0 454.03507321 0 122761
0.33650000 0.33650300 2774.90175675 0 83.22745469 0 -176.23487244 0 -39.68044407 0 431.59589973 0 122472
0.33750000 0.33749900 2721.42242788 0 60.13368537 0 -164.33101603 0 -58.98570673 0 397.64815184 0 122985
0.33850000 0.33849800 2717.45853559 0 57.86186576 0 -150.24258993 0 -36.97082474 0 412.37434385 0 125380
0.33950000 0.33950300 2683.65472792 0 47.26664742 0 -145.04856236 0 -48.77348010 0 305.60280839 0 125223
0.34050000 0.34050000 2658.86379265 0 66.47347711 0 -134.24640226 0 -32.82944309 0 271.41589828 0 125178
0.34150000 0.34149900 2607.69857966 0 58.79614853 0 -79.01986053 0 -39.87487409 0 301.87586386 0 127059
0.34250000 0.34250300 2626.37759163 0 37.76603911 0 -81.51622689 0 -11.92821553 0 307.37659483 0 127957
0.34350000 0.34349800 2613.43404392 0 37.16735850 0 -21.00298223 0 11.60844679 0 324.74685800 0 126732
0.34450000 0.34449700 2626.78726765 0 39.09449664 0 -17.38864323 0 -65.05588736 0 260.60488033 0 129639
0.34550000 0.34550000 2610.24521437 0 45.20763790 0 10.80715371 0 -2.55586903 0 276.62099818 0 129826
0.34650000 0.34650400 2606.95673390 0 23.19862424 0 -8.10849598 0 -56.15849931 0 263.57558508 0 130875
0.34750000 0.34750200 2591.47762380 0 16.30012298 0 3.98607015 0 39.20898448 0 257.70282399 0 130686
0.34850000 0.34850200 2636.12123747 0 3.79140761 0 -44.00175100 0 27.14945118 0 135.89507143 0 132211
0.34950000 0.34950400 2600.77837665 0 19.78270131 0 -86.92472539 0 51.52539571 0 126.73161541 0 132768
0.35050000 0.35050300 2644.19296227 0 30.33440541 0 -95.26738997 0 -47.59438823 0 49.22977061 0 132957
0.35150000 0.35150100 2574.85806425 0 65.53210806 0 -136.08772988 0 -8.81944996 0 111.39312384 0 133987
0.35250000 0.35249800 2589.29637581 0 74.82311726 0 -109.92681586 0 -33.86193738 0 53.42939269 0 134778
0.35350000 0.35349800 2521.92127929 0 46.29892623 0 -133.27978831 0 32.98334840 0 62.03480354 0 135699
0.35450000 0.35450100 2484.07607306 0 62.27618022 0 -166.15130623 0 102.52806697 0 87.72580809 0 137380
0.35550000 0.35550100 2495.34769973 0 21.39117793 0 -203.10076138 0 97.94024918 0 95.28399846 0 136161
0.35650000 0.35649900 2436.93011399 0 37.85074239 0 -279.95930411 0 90.90577978 0 95.07417790 0 138792
0.35750000 0.35750000 2449.81830007 0 63.39858179 0 -292.06689130 0 67.10338167 0 97.20560043 0 138097
0.35850000 0.35849800 2382.81966260 0 64.47060428 0 -356.49121326 0 9.06784650 0 185.20234831 0 140028
0.35950000 0.35950300 2388.46654825 0 25.14170652 0 -305.49319237 0 -42.89983323 0 175.84734107 0 141099
0.36050000 0.36050500 2397.56799926 0 24.13379279 0 -294.22267294 0 -41.00646569 0 175.68014897 0 140821
0.36150000 0.36150200 2379.99621977 0 51.35156021 0 -248.87485941 0 -55.50788950 0 166.20556062 0 141756
0.36250000 0.36250400 2390.27133720 0 46.46711484 0 -264.08712648 0 -4.97858228 0 256.69524243 0 142971
0.36350000 0.36349900 2378.57896219 0 21.43125975 0 -269.75504956 0 -3.40354407 0 243.56235797 0 142270
0.36450000 0.36450000 2386.07492609 0 24.72571928 0 -231.49906008 0 20.55377801 0 196.94233432 0 145311
0.36550000 0.36550300 2393.13906933 0 40.24557553 0 -228.76751754 0 15.89731180 0 283.66631846 0 145434
0.36650000 0.36650100 2340.58981574 0 70.44412351 0 -240.80202739 0 12.17512837 0 270.82685060 0 144547
0.36750000 0.36749600 2330.23719203 0 42.88953597 0 -248.44857491 0 46.11623287 0 407.54459576 0 146892
0.36850000 0.36849900 2316.49643693 0 -8.84726364 0 -185.12594927 0 33.26347822 0 334.02214450 0 148113
0.36950000 0.36949900 2333.16028579 0 28.56039753 0 -287.72764720 0 88.75298767 0 323.42592965 0 147387
0.37050000 0.37049800 2332.26342747 0 48.94698343 0 -218.19455457 0 -20.73004942 0 353.98333168 0 149758
0.37150000 0.37150100 2296.57732458 0 66.70267424 0 -266.49424990 0 -39.23478299 0 322.70290684 0 150099
0.37250000 0.37250000 2281.58539678 0 62.73656749 0 -223.21474665 0 -66.64841984 0 261.07545413 0 150468
0.37350000 0.37349800 2229.32402364 0 68.78106033 0 -212.33508028 0 -135.73452272 0 192.21002269 0 150709
0.37450000 0.37449700 2239.14517575 0 76.11005357 0 -189.80511374 0 -103.57285154 0 133.70718005 0 153108
0.37550000 0.37550100 2168.62553898 0 25.58803193 0 -154.66598369 0 -36.06034747 0 198.46477898 0 153189
0.37650000 0.37649900 2217.05588774 0 15.32620129 0 -186.87316213 0 86.83913632 0 175.29926099 0 153547
0.37750000 0.37749900 2219.37000362 0 -12.91188086 0 -206.16779536 0 97.61815525 0 183.04988837 0 155424
0.37850000 0.37850200 2235.66846576 0 36.64751285 0 -221.98904029 0 85.24616095 0 195.04010891 0 155313
0.37950000 0.37949900 2212.57159619 0 78.44841785 0 -255.42303231 0 -15.94292978 0 269.03756291 0 156100
0.38050000 0.38050000 2190.60410375 0 54.79627119 0 -256.71738708 0 5.50083062 0 311.32166416 0 157557
0.38150000 0.38149800 2161.30673227 0 29.02942121 0 -272.23635755 0 -7.78026799 0 266.18201034 0 157692
0.38250000 0.38250100 2156.04737799 0 20.72739206 0 -308.16051542 0 10.73036714 0 235.63900233 0 159703
0.38350000 0.38350500 2140.65684649 0 25.19219632 0 -307.85381203 0 54.19039357 0 177.52590551 0 160338
0.38450000 0.38450600 2133.79200510 0 52.70526265 0 -386.11078938 0 43.21993414 0 170.45844058 0 160167
0.38550000 0.38550000 2113.62930161 0 53.80186570 0 -419.04541955 0 15.34602075 0 156.47741603 0 160033
0.38650000 0.38649600 2081.87387403 0 29.91576081 0 -416.59068514 0 27.32837995 0 162.50186797 0 162444
0.38750000 0.38750200 2084.17691759 0 41.63282710 0 -411.19292679 0 15.12390992 0 250.12271042 0 164307
0.38850000 0.38850400 2092.85762025 0 15.39617838 0 -395.52780164 0 26.80510188 0 243.87016860 0 163882
0.38950000 0.38950500 2103.25453325 0 -19.45938942 0 -424.28152196 0 46.89074199 0 356.47903370 0 164595
0.39050000 0.39050100 2152.68139124 0 19.45961087 0 -412.17836370 0 -21.46292660 0 303.02184947 0 165006
0.39150000 0.39150100 2149.68079122 0 41.02772455 0 -404.67354194 0 -13.51786920 0 299.59385771 0 166687
0.39250000 0.39250100 2136.82582210 0 55.48087303 0 -408.85445179 0 -83.31902281 0 362.61642335 0 167256
0.39350000 0.39350100 2100.14320998 0 61.16042205 0 -367.35759283 0 -29.23149114 0 315.52361143 0 167937
0.39450000 0.39449600 2082.23926074 0 70.86044293 0 -349.67509010 0 -36.08116344 0 235.88812963 0 167719
0.39550000 0.39549700 2013.41368967 0 90.23391111 0 -384.87843963 0 0.84848775 0 191.11939869 0 171636
0.39650000 0.39650400 1983.27482152 0 66.46738733 0 -371.95150040 0 -19.05901416 0 204.10612847 0 171093
0.39750000 0.39750000 1961.30732908 0 18.31251802 0 -422.95284298 0 23.81236320 0 197.65428480 0 170464
0.39850000 0.39849800 1978.25905837 0 -2.54979032 0 -416.87192219 0 30.85978723 0 162.54283557 0 172113
0.39950000 0.39949500 1979.55452038 0 23.61926186 0 -447.51901006 0 -19.01350690 0 156.67450342 0 173232
