### header ###
fiducial parameters:
Omega_m = 0.31
Omega_nu = 0
Omega_de = 0.69
Omega_k = 0
H_0 = 100
w_de = -1
zeff = 0
beta = 0
fgrowth = 0
b_1 = 2
gamma = 0.55
Lx = 3500 Ly = 3500 Lz = 3500
nx = 700 ny = 700 nz = 700
xoffset = -685.467585 yoffset = -31.7331281 zoffset = 572.489161
bins = 400 dk = 0.001
kx_ny = 0.628318531 ky_ny = 0.628318531 kz_ny = 0.628318531
############################
A(data) = 8.05518218 (not used)
A(ran) = 8.04802478 (used)
Ngal = 478453
weighted Ngal = 0
Nran = 23820508
weighted Nran = 0
SN(data) = 3495.96722
SN(ran) = 70.1012146
SN(data+ran) = 3566.06843
############################
13 columns: k_central k_mean P_0(k) sigma^{lin}_{P_0(k)} P^img_1(k) sigma^{lin}_{P_1(k)} P_2(k) sigma^{lin}_{P_2(k)} P^img_3(k) sigma^{lin}_{P_3(k)} P_4(k) sigma^{lin}_{P_4(k)} N_modes
### header ###
0.00050000 0 0 0 0 0 0 0 0 0 0 0 0
0.00150000 0.00179520 41268.43689431 0 -57630.78634156 0 37937.66014237 0 -122964.81050596 0 5104.15351187 0 3
0.00250000 0.00253879 72022.26197110 0 -54315.28939787 0 243.15378918 0 6138.51902411 0 7450.39021327 0 6
0.00350000 0.00331552 92463.76660479 0 -21002.31788575 0 30154.59085760 0 9251.17097713 0 12062.52282718 0 7
0.00450000 0.00420575 110059.79448333 0 2552.31481092 0 16476.61583938 0 3634.75635752 0 42611.50989482 0 24
0.00550000 0.00557378 103949.75347866 0 11301.30049590 0 4290.50372258 0 22062.82515688 0 -11349.35438561 0 45
0.00650000 0.00659388 95702.31089099 0 12370.00128739 0 3209.55693983 0 16149.76081073 0 38481.42201421 0 40
0.00750000 0.00754703 96265.11716152 0 708.44498780 0 11560.94651289 0 2739.23779851 0 -22579.57055617 0 57
0.00850000 0.00846663 82908.46100954 0 8792.77672963 0 15730.78403960 0 43.71818876 0 -16497.98542628 0 75
0.00950000 0.00948925 77713.43692788 0 20445.93356362 0 19142.94237896 0 -12160.40217857 0 -9170.25442735 0 112
0.01050000 0.01054430 60250.27694716 0 8741.02468343 0 25705.06640598 0 -3810.69559888 0 28547.22146367 0 105
0.01150000 0.01145670 56572.71498190 0 4763.33628163 0 29297.70363988 0 1118.44874691 0 2283.87736802 0 144
0.01250000 0.01249090 53557.94238027 0 -690.95182182 0 22851.94974671 0 -3300.81504099 0 -1086.00683519 0 169
0.01350000 0.01339930 56163.59257985 0 -6250.49344500 0 31899.81069551 0 -6724.49967048 0 -13868.52972835 0 180
0.01450000 0.01448870 63892.18602651 0 -3394.07723293 0 36205.06275475 0 -3807.51784166 0 -10581.93155243 0 267
0.01550000 0.01550050 69391.25614769 0 -1601.77786989 0 54925.37449538 0 4886.17265317 0 17224.55138088 0 238
0.01650000 0.01653350 71044.13279662 0 2933.65675000 0 37254.27625456 0 22084.52691353 0 5345.26445712 0 315
0.01750000 0.01747870 78641.18702444 0 -8543.39475774 0 31988.50001731 0 16700.49824721 0 20727.28133726 0 297
0.01850000 0.01844180 77683.20948113 0 -2171.27182461 0 30470.92717767 0 23903.37771149 0 19586.72115769 0 388
0.01950000 0.01947590 81807.42902958 0 -208.18849464 0 21428.82383777 0 18401.31806260 0 24112.64465056 0 399
0.02050000 0.02045430 81664.15314642 0 -903.93131140 0 20381.16046343 0 7827.31429475 0 13927.43449638 0 462
0.02150000 0.02154770 75391.79185991 0 670.43812563 0 3467.02170884 0 13115.72236393 0 16154.18974066 0 571
0.02250000 0.02255340 75593.64034135 0 1495.50569628 0 2113.21962559 0 1165.83829713 0 -3815.35704763 0 510
0.02350000 0.02348930 70795.00548820 0 5943.52431173 0 -5132.84190548 0 -10483.37678922 0 -11124.91836153 0 555
0.02450000 0.02439640 63140.26444808 0 9473.03822184 0 -1384.18454255 0 -7444.04577115 0 -17487.18692558 0 592
0.02550000 0.02547300 57932.50719287 0 5554.59783015 0 -2815.20501909 0 -10150.25482472 0 -9696.11234996 0 837
0.02650000 0.02652900 54352.82457900 0 -447.75374334 0 -902.64027833 0 108.24869431 0 -9952.79098391 0 723
0.02750000 0.02749970 59162.19958723 0 -1919.12177152 0 1313.04485559 0 -2673.33532119 0 -20480.47921705 0 826
0.02850000 0.02848090 59709.39387977 0 -2050.09630180 0 5148.33208790 0 -2235.96741853 0 -11561.72157563 0 831
0.02950000 0.02946900 62033.58558245 0 -1589.17756425 0 4870.10670986 0 -8893.39094526 0 -17395.39735283 0 996
0.03050000 0.03053250 63683.25125718 0 1941.57644625 0 16843.88485361 0 -7652.83660025 0 -17603.88922917 0 1041
0.03150000 0.03150510 63656.56695437 0 3001.48581184 0 24270.97889547 0 -12403.66115484 0 -10579.34062842 0 1036
0.03250000 0.03246190 61566.22275186 0 4741.90026078 0 24517.33812268 0 -1399.02145781 0 -18112.33038484 0 1059
0.03350000 0.03345080 55646.07211782 0 3810.78417748 0 24661.61051507 0 1556.17096396 0 -9116.75295383 0 1302
0.03450000 0.03451200 54254.05944162 0 2110.76156948 0 21303.04222783 0 9815.98133845 0 -12122.31338120 0 1339
0.03550000 0.03553350 54129.27434092 0 -301.41746961 0 16680.01444630 0 9579.33254010 0 -11385.00727152 0 1365
0.03650000 0.03647120 50274.55517855 0 300.71326975 0 18880.97117375 0 4567.41149397 0 -5743.21488343 0 1308
0.03750000 0.03744890 50873.12505825 0 4683.23908389 0 15837.74269734 0 2850.04962529 0 -4357.52450470 0 1579
0.03850000 0.03847530 45637.13337476 0 2725.80706850 0 15232.08652976 0 -1329.35439005 0 4068.44824834 0 1662
0.03950000 0.03950240 45505.70487916 0 574.25948332 0 18642.69474365 0 686.67347551 0 5027.34479461 0 1683
0.04050000 0.04050350 43628.17075966 0 774.88779457 0 18509.71612258 0 1608.43233711 0 3087.68386055 0 1822
0.04150000 0.04152450 43641.12537970 0 1832.17080472 0 20714.54816372 0 4375.48381556 0 5701.88189488 0 1887
0.04250000 0.04250150 43152.17151571 0 1326.68595977 0 15573.22485743 0 3011.69449532 0 6242.28885231 0 1920
0.04350000 0.04349210 40296.17605199 0 -74.65503937 0 12555.24128161 0 6119.08709405 0 2353.43371253 0 2005
0.04450000 0.04448520 42901.82625156 0 -2631.51515035 0 11392.53645240 0 5796.86029718 0 3757.84739253 0 2151
0.04550000 0.04548030 42453.17564991 0 -672.69355819 0 11306.50448856 0 -907.03931298 0 -349.53114988 0 2274
0.04650000 0.04648670 43232.11370090 0 1755.31779815 0 10754.87019377 0 1214.46794773 0 2570.58414687 0 2311
0.04750000 0.04749250 41769.79176210 0 1980.87212703 0 10984.80916328 0 -2223.95394610 0 5967.87235400 0 2568
0.04850000 0.04851840 40391.73021517 0 2484.39717048 0 13807.52121860 0 -2414.91833225 0 6718.22166231 0 2493
0.04950000 0.04949480 40533.34524960 0 1627.63174834 0 16552.01837139 0 -2307.38391361 0 9376.81971917 0 2644
0.05050000 0.05050630 37926.14492456 0 1580.93975458 0 19526.04481768 0 433.85686846 0 5729.68450250 0 2829
0.05150000 0.05149060 36807.95084112 0 1985.09068279 0 17995.40663475 0 -1193.79591730 0 4148.32399958 0 2784
0.05250000 0.05249300 35586.34124388 0 974.45205541 0 17464.59938295 0 1452.64472691 0 5483.67958968 0 3055
0.05350000 0.05348950 35429.55712445 0 -224.30315618 0 16813.98957660 0 3180.81318460 0 1427.76521304 0 3009
0.05450000 0.05448610 35662.85100838 0 -1283.26030183 0 15534.58244381 0 3551.22673908 0 2176.87442097 0 3336
0.05550000 0.05550870 37816.75035535 0 -1945.00886694 0 15507.67669450 0 1353.73564930 0 -132.93543901 0 3349
0.05650000 0.05647670 37752.86304115 0 266.80095330 0 14858.28484389 0 2108.34780267 0 373.27132152 0 3324
0.05750000 0.05747970 37985.16041584 0 1242.35913395 0 15387.43124697 0 -411.14310133 0 1650.26358027 0 3639
0.05850000 0.05849280 36156.56597204 0 1724.45922888 0 14716.66980946 0 -91.35155158 0 2883.00086395 0 3846
0.05950000 0.05951020 35387.15012039 0 791.85502513 0 15202.08052951 0 570.75287805 0 1769.68967576 0 3787
0.06050000 0.06049470 35003.49406543 0 1146.93783866 0 15146.49745892 0 539.37280229 0 884.10077765 0 3930
0.06150000 0.06148310 33488.80003024 0 872.14820301 0 14421.03873680 0 435.94732339 0 376.98608650 0 4083
0.06250000 0.06249100 32897.09499193 0 1759.49206461 0 14151.98124370 0 1045.92723381 0 2415.16192339 0 4303
0.06350000 0.06350600 30994.42669509 0 1163.02592663 0 12193.84059953 0 2360.18783067 0 1957.85276373 0 4470
0.06450000 0.06451750 30716.06844915 0 204.41393910 0 12824.40949795 0 903.81062306 0 556.74970886 0 4479
0.06550000 0.06550280 30762.57221339 0 -167.82987067 0 14234.47006360 0 682.82141371 0 425.14294883 0 4636
0.06650000 0.06648880 30054.71848773 0 916.94240030 0 14838.57610571 0 -843.39558992 0 904.23469310 0 4653
0.06750000 0.06749660 29163.17489334 0 1408.43293391 0 13758.80298939 0 -1016.34751806 0 2988.21009438 0 5220
0.06850000 0.06852730 29418.28125716 0 -12.68689122 0 15154.69097928 0 941.69015350 0 5143.44919266 0 5029
0.06950000 0.06949320 29134.05467906 0 -684.68599321 0 13378.02573888 0 2459.34049942 0 3343.56528711 0 5040
0.07050000 0.07048030 29679.03450664 0 -604.86892529 0 12894.71876055 0 3148.83631053 0 277.67951243 0 5475
0.07150000 0.07148790 29516.16060855 0 442.31391016 0 11695.14308970 0 1239.69070367 0 1807.46844805 0 5509
0.07250000 0.07249820 28968.41269978 0 1217.98894703 0 11140.30889303 0 -489.47647772 0 368.54454605 0 5916
0.07350000 0.07351270 28161.57239024 0 1296.82389973 0 11265.20471699 0 796.21530664 0 2056.96114318 0 5721
0.07450000 0.07449140 26792.59014966 0 735.66297667 0 9974.75847635 0 878.88681990 0 1888.46250409 0 6028
0.07550000 0.07549160 26467.50669299 0 389.74694085 0 10570.41633462 0 1085.90164810 0 946.50882926 0 6183
0.07650000 0.07648840 25976.78125703 0 521.78219985 0 9455.83182907 0 1469.37500971 0 700.98556257 0 6330
0.07750000 0.07749960 25170.16239399 0 735.15364973 0 9391.49054955 0 317.20660480 0 1248.23853843 0 6583
0.07850000 0.07848650 24918.48845086 0 669.91440466 0 8644.49615566 0 -83.53061494 0 2729.93704566 0 6549
0.07950000 0.07947320 23883.11535707 0 655.17714033 0 9876.28121941 0 978.47352378 0 234.54394940 0 6828
0.08050000 0.08048110 23589.80947262 0 371.54293161 0 8515.31534200 0 338.26727384 0 1424.56531117 0 7147
0.08150000 0.08149960 23794.53675852 0 -182.46416238 0 8628.35270608 0 314.06649348 0 -443.19858891 0 7386
0.08250000 0.08250610 23918.54679649 0 67.68113558 0 8652.21356606 0 194.85077216 0 649.63765622 0 7227
0.08350000 0.08350160 23471.99993655 0 497.41422739 0 7846.15939159 0 396.16335308 0 1723.16376688 0 7798
0.08450000 0.08449610 22930.89542266 0 662.73953818 0 6888.81297079 0 597.10501112 0 755.23995418 0 7371
0.08550000 0.08548940 22684.64691870 0 269.69193731 0 7578.71845792 0 202.70437215 0 408.87991814 0 8256
0.08650000 0.08650700 21918.88493424 0 1102.47248943 0 7320.99902544 0 322.54346536 0 -750.73683968 0 8037
0.08750000 0.08749060 21339.69162298 0 695.12165935 0 7308.08869470 0 145.77158517 0 477.13858618 0 8155
0.08850000 0.08849210 20613.90073111 0 194.71679703 0 7129.28172120 0 240.68798244 0 82.51439697 0 8718
0.08950000 0.08949900 20942.85950148 0 -184.10286646 0 7344.79345147 0 514.90407167 0 772.54710511 0 8571
0.09050000 0.09049190 20849.18763351 0 -34.79323062 0 6540.62157222 0 1464.81321188 0 -340.19053666 0 8932
0.09150000 0.09150830 21103.18676485 0 216.38312223 0 6273.35779575 0 722.12927404 0 308.90346842 0 9285
0.09250000 0.09250820 20347.16842623 0 353.21823404 0 6088.71570707 0 -380.00883117 0 663.89659613 0 9204
0.09350000 0.09350330 20098.92690380 0 547.96492634 0 6861.26502664 0 -30.28181187 0 345.19301301 0 9349
0.09450000 0.09448040 19633.33564518 0 743.69151940 0 6649.35180194 0 -259.07689950 0 1119.14630337 0 9564
0.09550000 0.09549270 19593.47527583 0 336.57431537 0 6713.70415379 0 599.04377520 0 673.99344913 0 10155
0.09650000 0.09649430 18957.03804525 0 -6.41409812 0 7244.15709120 0 -94.72628546 0 1203.32918897 0 9913
0.09750000 0.09749140 19471.90114932 0 77.80655518 0 6629.60984679 0 -428.85439211 0 -736.76910192 0 10476
0.09850000 0.09850240 18881.96768298 0 697.07371021 0 7958.74279034 0 -399.49390839 0 910.78286600 0 10575
0.09950000 0.09950330 18425.01283772 0 1129.16675733 0 7530.60920658 0 -738.67464902 0 473.50022024 0 10882
0.10050000 0.10051200 17596.58149479 0 672.52636609 0 7721.59573738 0 728.63869381 0 636.04084135 0 10875
0.10150000 0.10150300 16860.82551059 0 372.64130624 0 7160.52782184 0 1000.12324050 0 597.41392898 0 11118
0.10250000 0.10250800 16871.89783541 0 -40.99915795 0 6968.52263716 0 991.58204913 0 -218.25766683 0 11575
0.10350000 0.10349800 16798.48832186 0 -63.23936176 0 6296.28858045 0 758.74545222 0 134.75351474 0 11364
0.10450000 0.10450100 16702.93415867 0 495.14550803 0 5989.70697854 0 425.65227577 0 678.11346119 0 12093
0.10550000 0.10551000 16362.79234024 0 89.60887837 0 5801.32244408 0 259.69584246 0 1284.74399336 0 12067
0.10650000 0.10649700 16245.86859016 0 126.07281208 0 5848.59019873 0 274.16404930 0 844.71762551 0 12054
0.10750000 0.10749900 16049.11337813 0 387.87682519 0 6258.95270116 0 145.43720096 0 1331.69065059 0 12807
0.10850000 0.10850100 15650.95257765 0 309.56559344 0 6003.35915505 0 970.34533013 0 1678.06618789 0 12736
0.10950000 0.10950300 15405.81130617 0 144.64995866 0 6071.80826707 0 314.84155622 0 1624.66436529 0 12933
0.11050000 0.11050200 15451.31856117 0 -15.53679691 0 5630.25502563 0 698.60169104 0 1361.63021690 0 13428
0.11150000 0.11150900 15262.09253002 0 137.61571071 0 5605.66339221 0 110.79964723 0 1285.67406864 0 13453
0.11250000 0.11250000 15256.11347462 0 345.29155670 0 4832.09541876 0 -205.31190465 0 1391.48120461 0 13668
0.11350000 0.11349100 14872.90031265 0 75.92160260 0 4940.32739386 0 112.66201226 0 853.85450795 0 13791
0.11450000 0.11448600 14797.27633414 0 426.39190707 0 4674.65803216 0 425.61241540 0 423.55074852 0 14205
0.11550000 0.11549300 14369.55242639 0 277.91867465 0 4696.97983899 0 55.55051795 0 595.40319480 0 14776
0.11650000 0.11649800 14108.68845366 0 103.89871006 0 4044.08913374 0 1208.15672259 0 92.13358988 0 14553
0.11750000 0.11747300 14113.67099983 0 32.59714571 0 3848.45222652 0 480.98068289 0 507.53876120 0 14568
0.11850000 0.11849100 14196.15981973 0 -46.57086253 0 4181.92850540 0 409.35713534 0 47.15293464 0 16015
0.11950000 0.11950300 13913.26192061 0 162.69009749 0 4053.97671980 0 -399.47619267 0 356.63958241 0 15270
0.12050000 0.12050700 13867.86538886 0 488.36370908 0 4425.49750676 0 -943.50380031 0 169.72323822 0 15999
0.12150000 0.12150000 13600.13657474 0 444.82511343 0 5040.37692092 0 -496.39557350 0 762.38160369 0 15670
0.12250000 0.12250700 13442.90956232 0 322.92324610 0 5039.21432681 0 -635.71752946 0 437.05344864 0 16887
0.12350000 0.12352200 13269.84912540 0 42.20537702 0 5122.94324709 0 144.02769401 0 477.01568337 0 16407
0.12450000 0.12449800 13176.50942718 0 138.82591581 0 5174.54028075 0 389.36937457 0 -79.73546489 0 16306
0.12550000 0.12549900 12961.26343271 0 16.62199546 0 4826.82499214 0 853.84565009 0 -101.06629865 0 17523
0.12650000 0.12650100 13086.93431940 0 -177.19816470 0 4520.89665740 0 650.55776642 0 -313.52616403 0 17154
0.12750000 0.12750600 13118.37972188 0 -27.99438029 0 4252.52564845 0 461.76134147 0 124.80060196 0 18007
0.12850000 0.12850300 13305.05911833 0 29.15874596 0 4086.42970384 0 200.94055081 0 7.12454277 0 17496
0.12950000 0.12949900 13005.10983899 0 326.19843978 0 4285.07828341 0 -508.82757981 0 12.22871842 0 18405
0.13050000 0.13049000 13002.78465078 0 274.43089233 0 4477.30491459 0 -376.73917365 0 457.23718955 0 18100
0.13150000 0.13148800 12663.97151133 0 306.28043467 0 4774.92900572 0 -303.90652823 0 220.18868027 0 19059
0.13250000 0.13249300 12789.31022827 0 140.45686925 0 5117.26314446 0 96.41127185 0 109.01811016 0 18957
0.13350000 0.13349100 12446.95394488 0 204.67303151 0 4938.30115842 0 117.34560566 0 151.34871518 0 19468
0.13450000 0.13450700 12456.03325123 0 195.32909659 0 4930.04120410 0 36.52682451 0 128.76892318 0 19953
0.13550000 0.13551000 12330.36236454 0 37.04655944 0 5082.11958548 0 370.60732017 0 92.80424059 0 19956
0.13650000 0.13649900 12101.38668729 0 268.78068497 0 4839.55816568 0 132.30542372 0 -347.52484462 0 19723
0.13750000 0.13749600 11900.20254534 0 375.91428545 0 4797.40582510 0 -53.40680515 0 34.92576635 0 20946
0.13850000 0.13851100 11704.66528904 0 253.64038802 0 4778.56072826 0 135.71237807 0 115.97706631 0 20955
0.13950000 0.13949800 11464.06367073 0 142.49085532 0 4556.94814701 0 416.60507916 0 190.48606172 0 20506
0.14050000 0.14048300 11451.33049719 0 20.86114574 0 4319.54643058 0 453.03413505 0 134.69815312 0 21447
0.14150000 0.14148400 11244.38874633 0 94.32679598 0 4041.54249903 0 693.85609262 0 425.55483931 0 21771
0.14250000 0.14249400 11211.06104862 0 32.09047613 0 3629.22019511 0 418.88929977 0 21.72323695 0 22470
0.14350000 0.14350900 11118.82858288 0 53.42352436 0 3535.30473600 0 399.95673156 0 200.36146822 0 22519
0.14450000 0.14449900 11137.76225832 0 190.76065537 0 3202.52601357 0 192.39825221 0 9.38933145 0 22218
0.14550000 0.14550500 10834.13696715 0 106.28501751 0 3277.40814632 0 -77.21473942 0 281.77959431 0 23559
0.14650000 0.14650700 10771.46760867 0 260.38343383 0 2976.14126033 0 57.23672230 0 459.07740993 0 23044
0.14750000 0.14750500 10518.94109654 0 222.47511535 0 3268.38420159 0 359.26040169 0 500.59309184 0 23649
0.14850000 0.14849900 10465.68321416 0 148.65038962 0 3101.32496473 0 262.81270190 0 1020.01356480 0 23640
0.14950000 0.14949500 10262.77178953 0 135.89728589 0 3355.63412116 0 277.64297376 0 751.22955813 0 24457
0.15050000 0.15050000 10288.17170266 0 70.76444587 0 3225.06926690 0 89.11571703 0 1113.38869446 0 24591
0.15150000 0.15149900 10098.69100804 0 274.43864295 0 3366.57357808 0 -6.08285845 0 1179.35760573 0 25020
0.15250000 0.15250500 9903.67415101 0 144.32996848 0 3278.43787253 0 47.14086581 0 1309.00345703 0 25297
0.15350000 0.15350100 9895.61349854 0 11.55042780 0 3297.12795682 0 33.76682611 0 1090.59077766 0 25452
0.15450000 0.15450400 9790.72536554 0 259.89403707 0 3306.63908384 0 -54.21287039 0 952.43805920 0 26061
0.15550000 0.15549900 9678.81737860 0 167.32829436 0 3499.74042868 0 -4.97149599 0 657.67505681 0 26128
0.15650000 0.15649500 9435.30373886 0 292.34369942 0 3215.51385058 0 -116.47642816 0 726.70657312 0 26331
0.15750000 0.15749700 9342.55087385 0 205.37390967 0 3450.93362088 0 -285.61394039 0 737.57738163 0 27345
0.15850000 0.15849900 9161.07547008 0 -95.71460117 0 3536.68877660 0 103.35096215 0 702.91546879 0 26980
0.15950000 0.15949700 9337.94478673 0 -39.82283417 0 3548.35900696 0 94.74865155 0 418.98784346 0 27777
0.16050000 0.16050000 9301.27324693 0 81.89335027 0 3301.98870742 0 248.86046539 0 432.53151118 0 28224
0.16150000 0.16150500 9222.48258352 0 176.27805451 0 3286.58710359 0 16.93401358 0 437.91044658 0 28075
0.16250000 0.16249700 8951.86389263 0 207.44111271 0 3069.25951205 0 262.10185864 0 785.19612898 0 28590
0.16350000 0.16349900 8929.81889391 0 124.27023760 0 3011.28481930 0 275.48387042 0 423.19200520 0 29163
0.16450000 0.16449100 8804.12586257 0 -6.71024959 0 2741.47440812 0 377.57624141 0 379.95457678 0 28996
0.16550000 0.16550500 8660.79461779 0 70.79666634 0 2600.35762831 0 473.71613058 0 474.44468955 0 30777
0.16650000 0.16650700 8816.47150474 0 23.25786117 0 2456.97102191 0 127.51664324 0 396.67378726 0 29211
0.16750000 0.16749900 8635.19540281 0 -2.59127832 0 2326.95978389 0 -10.41240319 0 49.77109657 0 30922
0.16850000 0.16850800 8713.89748763 0 161.89399734 0 2340.91091316 0 -275.03433403 0 -41.34760402 0 30867
0.16950000 0.16949900 8579.45731968 0 110.05791219 0 2398.73059336 0 -238.90644538 0 -297.87875460 0 30852
0.17050000 0.17049200 8512.10436781 0 49.42397919 0 2334.34502454 0 -155.05572953 0 -94.13081583 0 31257
0.17150000 0.17149500 8466.55282350 0 68.37669902 0 2210.85538584 0 134.11131990 0 -38.89275888 0 32608
0.17250000 0.17250900 8500.83274114 0 -45.25425238 0 2319.14272256 0 479.96756517 0 -259.42899943 0 32361
0.17350000 0.17350400 8431.48677080 0 57.27137868 0 2080.44554412 0 464.18507337 0 -27.89340068 0 32508
0.17450000 0.17449800 8445.57076797 0 136.42765025 0 2078.50788728 0 291.83658694 0 -308.80935366 0 32791
0.17550000 0.17549800 8188.61532590 0 201.64917960 0 1902.44685034 0 -51.45253982 0 -19.98078520 0 33633
0.17650000 0.17650100 8106.23722925 0 265.61178561 0 1994.86754560 0 -231.48134436 0 117.12748086 0 33984
0.17750000 0.17750300 7884.66893731 0 205.46913166 0 1995.88619948 0 -89.62725843 0 369.36500532 0 34069
0.17850000 0.17849800 7804.04026798 0 39.01865121 0 2012.90436273 0 195.10875733 0 448.49891080 0 34536
0.17950000 0.17950400 7763.99166911 0 -0.44947438 0 1953.01415779 0 321.24135996 0 195.75759556 0 35343
0.18050000 0.18050100 7706.73667747 0 92.88241121 0 1806.60480671 0 164.23468680 0 75.86524447 0 34990
0.18150000 0.18150500 7587.33272663 0 319.25055596 0 1818.44112194 0 -12.79329627 0 133.72157407 0 36243
0.18250000 0.18250200 7345.38028469 0 209.97113893 0 1852.75425655 0 -156.31465286 0 447.28759847 0 35694
0.18350000 0.18350400 7221.34810207 0 58.29468294 0 1857.57071785 0 99.55669788 0 704.49216784 0 37087
0.18450000 0.18450600 7337.36392152 0 -40.25775508 0 1960.01186707 0 112.02756805 0 795.61850833 0 36651
0.18550000 0.18550700 7383.08155070 0 -108.56348051 0 1870.80214601 0 143.13083570 0 337.42134822 0 37818
0.18650000 0.18651000 7519.27114597 0 2.26710280 0 1879.66000586 0 153.82337978 0 703.45136931 0 37267
0.18750000 0.18750100 7549.23285693 0 49.42475425 0 1757.97515611 0 -137.18499727 0 445.74190192 0 38334
0.18850000 0.18850000 7537.36332472 0 48.28098309 0 1731.47908282 0 -127.65947623 0 470.62363025 0 38223
0.18950000 0.18949500 7488.31292577 0 67.17501961 0 1801.34545242 0 -13.35853845 0 290.23663601 0 39064
0.19050000 0.19050000 7449.74801843 0 100.79558031 0 1915.47897665 0 -58.06615015 0 -45.74232046 0 39609
0.19150000 0.19149800 7308.33228585 0 162.27377808 0 1927.51459373 0 -65.87944688 0 -242.33665161 0 39576
0.19250000 0.19250400 7153.51904023 0 177.82707275 0 1908.54770131 0 -23.32030909 0 -144.21260183 0 40909
0.19350000 0.19350500 6895.67781218 0 208.87830047 0 1969.00259482 0 -22.29301879 0 -126.14146050 0 40191
0.19450000 0.19450100 6946.10117940 0 60.28692634 0 1867.63546111 0 199.03721817 0 -108.31822851 0 41232
0.19550000 0.19549800 6793.43596481 0 31.01756785 0 1710.10949592 0 293.83292711 0 54.08686734 0 40873
0.19650000 0.19649700 6838.41174822 0 22.24928311 0 1636.26816170 0 442.32498248 0 165.11493663 0 42816
0.19750000 0.19750200 6781.12353961 0 -17.33184221 0 1517.90500939 0 316.57658952 0 383.32277799 0 41727
0.19850000 0.19849000 6862.44976540 0 39.89934393 0 1428.05309348 0 360.96775418 0 396.48223604 0 42610
0.19950000 0.19949900 6704.22624374 0 112.30548340 0 1184.89376814 0 175.18189435 0 627.49189935 0 43863
0.20050000 0.20050100 6663.55759468 0 168.36134226 0 1133.07528799 0 144.46947977 0 870.36998765 0 43302
0.20150000 0.20150100 6468.20856791 0 113.25881057 0 1130.25184516 0 11.02603143 0 904.92671341 0 44487
0.20250000 0.20249700 6504.68080586 0 105.01967223 0 1083.32511812 0 132.13601715 0 781.98183308 0 43759
0.20350000 0.20349100 6365.06986222 0 56.32336623 0 1064.38369205 0 -158.43721753 0 552.75149236 0 45282
0.20450000 0.20449700 6329.15124051 0 169.38996124 0 1100.35103199 0 -197.21914244 0 464.39212585 0 45483
0.20550000 0.20549900 6282.28208955 0 94.92824466 0 1341.46751340 0 -299.06902951 0 270.36513465 0 46138
0.20650000 0.20650200 6105.63421940 0 134.03159916 0 1294.03367388 0 -218.13808572 0 277.38055966 0 46227
0.20750000 0.20749300 6128.59822107 0 122.55070556 0 1326.32057305 0 -1.81286067 0 153.33398302 0 46236
0.20850000 0.20850300 6043.00915022 0 42.97279985 0 1375.83600964 0 96.90155439 0 62.83621841 0 48361
0.20950000 0.20950400 5896.84339029 0 164.67536533 0 1360.96587741 0 123.20065102 0 127.87981549 0 46812
0.21050000 0.21050300 5841.62570642 0 60.44481769 0 1177.30922564 0 171.02091468 0 34.95510801 0 48813
0.21150000 0.21149700 5808.34229802 0 -21.73973472 0 1235.43893094 0 233.56958482 0 56.56418929 0 47215
0.21250000 0.21249000 5834.47298459 0 -54.69883473 0 927.94054054 0 147.17666319 0 48.85751905 0 50004
0.21350000 0.21350300 5926.12968944 0 -13.62416352 0 1001.79626878 0 71.73460297 0 102.18748226 0 49509
0.21450000 0.21449800 5892.35909874 0 71.35958333 0 1020.70337064 0 -270.24223185 0 313.87826396 0 49660
0.21550000 0.21550100 5903.43142356 0 160.39148286 0 1194.11701472 0 -91.18004127 0 346.27810084 0 50841
0.21650000 0.21649800 5796.84922485 0 97.97878087 0 1337.82471854 0 -158.90889856 0 471.62124672 0 50424
0.21750000 0.21750300 5744.85358751 0 104.01485875 0 1440.08871056 0 -58.07489729 0 378.03352842 0 52231
0.21850000 0.21850300 5677.43420168 0 112.27226643 0 1605.75283450 0 51.56503464 0 613.11670004 0 51078
0.21950000 0.21950100 5682.79320690 0 2.00704710 0 1504.35248381 0 153.62850686 0 514.87417639 0 52791
0.22050000 0.22050700 5677.60028656 0 -11.36164467 0 1468.88782742 0 34.57809535 0 515.57505455 0 52969
0.22150000 0.22150000 5748.17528495 0 -3.64948255 0 1515.21443446 0 190.62335854 0 404.83409065 0 52704
0.22250000 0.22250100 5679.91440244 0 92.76947349 0 1321.31588223 0 66.37227606 0 530.74746125 0 54051
0.22350000 0.22349900 5623.72235399 0 113.06947382 0 1197.83731586 0 49.42973679 0 434.39719791 0 53938
0.22450000 0.22449800 5566.91025534 0 71.17445406 0 1176.13555921 0 134.64943489 0 570.66319222 0 54735
0.22550000 0.22549100 5530.72589784 0 42.80815438 0 1140.33873307 0 114.75135996 0 382.07714145 0 54774
0.22650000 0.22649900 5440.37572732 0 73.97353777 0 1045.86855049 0 87.97039575 0 497.06544915 0 56911
0.22750000 0.22749800 5433.97592357 0 111.30565247 0 1125.13643110 0 150.45185687 0 520.55981519 0 54879
0.22850000 0.22849100 5327.50444812 0 55.47688699 0 1033.09994551 0 -58.75684178 0 601.29145714 0 57210
0.22950000 0.22949800 5292.40517844 0 71.78675362 0 1067.13184307 0 42.75644663 0 670.75811582 0 57375
0.23050000 0.23049600 5307.80678226 0 29.19063426 0 1080.32451809 0 38.56258216 0 674.52934965 0 57604
0.23150000 0.23150100 5205.02239097 0 53.02613862 0 1116.37822216 0 54.61501723 0 700.93130818 0 58629
0.23250000 0.23250200 5206.18498508 0 95.08635746 0 991.18123098 0 44.76330550 0 604.16693989 0 58560
0.23350000 0.23350400 5151.44341117 0 86.06673094 0 907.55417609 0 16.67049225 0 662.20363766 0 59305
0.23450000 0.23449700 5103.01306242 0 30.08616389 0 952.67500695 0 69.57516746 0 372.35896195 0 59196
0.23550000 0.23549300 5036.67876443 0 -4.01847885 0 861.70478624 0 59.28986349 0 369.73371374 0 60063
0.23650000 0.23649900 5113.07780568 0 -8.15474508 0 871.80828264 0 51.90362633 0 208.22060438 0 61537
0.23750000 0.23750400 5140.64789448 0 12.28020473 0 819.20698912 0 26.26432953 0 307.25037032 0 61224
0.23850000 0.23850100 5051.80356013 0 75.75108880 0 743.32945438 0 76.27348109 0 405.87046025 0 61221
0.23950000 0.23949400 5028.29701454 0 144.38311564 0 723.56978350 0 -12.29105561 0 424.59819045 0 62332
0.24050000 0.24050100 4950.35892014 0 75.75928232 0 765.91256808 0 -55.74040833 0 423.21525708 0 63447
0.24150000 0.24150500 4932.66534508 0 85.40504881 0 767.32871842 0 52.31407741 0 408.43370345 0 63342
0.24250000 0.24250300 4873.87130030 0 86.28452357 0 804.13755505 0 -89.06965615 0 397.91499487 0 63379
0.24350000 0.24349600 4802.02298455 0 36.96982823 0 811.67448655 0 -24.88361063 0 278.03936299 0 64266
0.24450000 0.24449500 4790.48562209 0 45.45012181 0 801.99284573 0 -96.95337287 0 198.40609566 0 64695
0.24550000 0.24549600 4754.42306015 0 98.26201094 0 858.32883441 0 -46.72963966 0 210.36974262 0 65947
0.24650000 0.24650000 4778.85968103 0 19.05857126 0 921.92383923 0 -16.81332524 0 169.45196626 0 66018
0.24750000 0.24750000 4737.48240318 0 70.25799773 0 901.88293131 0 -1.25336502 0 220.04474005 0 66303
0.24850000 0.24849600 4764.14456134 0 31.67980360 0 946.86314366 0 10.15819368 0 162.35239158 0 66958
0.24950000 0.24949200 4768.58456360 0 6.09287890 0 1028.18383329 0 51.59969101 0 188.15423011 0 66975
0.25050000 0.25048900 4809.46358683 0 42.75567156 0 978.97067117 0 -52.75973848 0 238.53552250 0 68676
0.25150000 0.25150000 4716.16817790 0 78.08103811 0 1038.44566393 0 -48.42913080 0 313.64131621 0 69349
0.25250000 0.25249900 4722.01436541 0 67.94808933 0 932.44586951 0 32.47224989 0 336.85665966 0 68592
0.25350000 0.25349900 4644.27557286 0 -6.70680610 0 996.73621634 0 226.98930218 0 387.96872548 0 70437
0.25450000 0.25450100 4653.00056481 0 39.18119294 0 809.92395200 0 178.53016538 0 302.20028297 0 70099
0.25550000 0.25550100 4604.32662491 0 70.22323063 0 750.38806145 0 160.66054035 0 250.37515943 0 71064
0.25650000 0.25650300 4511.48518131 0 115.46773937 0 673.14309458 0 69.04336370 0 426.60449571 0 71409
0.25750000 0.25750600 4452.68006419 0 76.52404780 0 654.97340955 0 99.84668207 0 471.66110709 0 72612
0.25850000 0.25850600 4406.36452948 0 25.38419043 0 509.08556498 0 133.39051156 0 550.19599980 0 71845
0.25950000 0.25949600 4398.64711908 0 55.23750333 0 568.35350527 0 122.29050592 0 604.75709480 0 72816
0.26050000 0.26049800 4360.74655123 0 61.51052896 0 449.48102601 0 9.41319231 0 521.40684803 0 73743
0.26150000 0.26149900 4300.70133373 0 119.55453446 0 551.42170615 0 -68.41600578 0 607.92820863 0 74662
0.26250000 0.26250300 4222.80752863 0 116.46314137 0 561.18638941 0 -131.11514880 0 641.73976693 0 74931
0.26350000 0.26350100 4184.86267148 0 12.80514365 0 619.95718232 0 -70.08360862 0 642.90678997 0 75087
0.26450000 0.26450200 4221.60064523 0 3.70558602 0 653.27048600 0 -40.93372052 0 519.51680219 0 76678
0.26550000 0.26550600 4222.46428657 0 50.58934137 0 727.66100752 0 -21.13684663 0 404.22511278 0 76035
0.26650000 0.26650100 4170.16969645 0 70.46848263 0 643.13487986 0 29.01635587 0 423.92942203 0 77094
0.26750000 0.26750600 4130.73007544 0 90.01346112 0 566.90303071 0 8.53932014 0 202.83391835 0 78463
0.26850000 0.26850100 4082.63189643 0 46.60496529 0 559.43585486 0 28.43018699 0 217.13271862 0 77076
0.26950000 0.26949700 4092.10980648 0 23.87359316 0 575.20838156 0 6.50946405 0 186.85987534 0 79149
0.27050000 0.27049900 4031.62169599 0 32.37658500 0 487.80787837 0 67.27854585 0 232.42249197 0 79648
0.27150000 0.27150200 4027.11525979 0 25.73629036 0 484.54486425 0 136.91261808 0 211.92208256 0 80241
0.27250000 0.27250500 4037.70040232 0 87.74750985 0 426.68421644 0 77.55388473 0 243.60775450 0 80835
0.27350000 0.27350000 3961.44530129 0 84.34088767 0 444.11316294 0 22.38004726 0 151.65541858 0 80680
0.27450000 0.27450400 3887.09464013 0 100.64444307 0 466.49918926 0 -85.06490699 0 426.94663054 0 82617
0.27550000 0.27550800 3828.42239092 0 115.38137524 0 487.46463630 0 -80.12166758 0 201.63478557 0 82548
0.27650000 0.27649900 3758.83282943 0 36.97868609 0 451.93354596 0 7.90926057 0 297.26645503 0 81181
0.27750000 0.27748900 3789.99035147 0 41.24806382 0 485.26788706 0 -9.79953894 0 176.81727673 0 84096
0.27850000 0.27849800 3764.26934092 0 39.52974973 0 431.37445324 0 111.49831092 0 190.94999212 0 85215
0.27950000 0.27950200 3768.85328339 0 12.07414877 0 441.84333635 0 55.56878729 0 120.64294399 0 84514
0.28050000 0.28050300 3758.37886412 0 42.05756148 0 421.84782496 0 -18.30033846 0 150.32341790 0 85815
0.28150000 0.28150100 3721.74054129 0 75.92846744 0 473.61315796 0 -17.64109224 0 135.02035777 0 85485
0.28250000 0.28250000 3687.19488786 0 61.15865048 0 532.55114296 0 -23.11469601 0 252.90297118 0 87220
0.28350000 0.28350400 3677.94949663 0 20.78828985 0 462.01711217 0 -18.44616098 0 347.10409627 0 87147
0.28450000 0.28449700 3688.19139709 0 32.88945509 0 559.89867803 0 62.98968083 0 268.26914357 0 87102
0.28550000 0.28549800 3665.18310612 0 70.69347227 0 470.99898207 0 -8.33721700 0 249.85143846 0 88971
0.28650000 0.28649900 3594.58596307 0 73.84244145 0 456.05245079 0 -7.58531756 0 199.26862976 0 89434
0.28750000 0.28750100 3572.86206178 0 81.64344790 0 431.75644844 0 -71.06074128 0 255.64004988 0 89619
0.28850000 0.28849900 3568.12310676 0 16.50883630 0 463.36904303 0 108.52904558 0 313.88822905 0 90240
0.28950000 0.28950100 3562.35442553 0 -41.23466630 0 377.33154303 0 59.56988259 0 150.88478477 0 91333
0.29050000 0.29050500 3608.28242887 0 -18.78763148 0 369.10702015 0 104.42276319 0 253.00926550 0 92139
0.29150000 0.29150600 3620.38447990 0 35.76527001 0 355.73054454 0 129.93041005 0 228.85166721 0 92370
0.29250000 0.29250200 3611.10587170 0 45.48754627 0 253.95373481 0 49.81527515 0 306.75875910 0 91819
0.29350000 0.29349600 3564.92320489 0 93.76808647 0 312.08565457 0 -37.06217142 0 307.39320331 0 93552
0.29450000 0.29450000 3498.21244785 0 90.18331059 0 274.11422384 0 31.11301129 0 333.97231904 0 94701
0.29550000 0.29550200 3443.55945255 0 73.81343196 0 343.10034362 0 -44.78788606 0 379.91471641 0 95020
0.29650000 0.29650300 3403.59943228 0 68.39629704 0 225.34063301 0 31.53730278 0 328.71185752 0 95151
0.29750000 0.29749800 3372.46405489 0 26.83123256 0 221.09661091 0 27.52513516 0 355.49691849 0 95802
0.29850000 0.29850000 3402.75793559 0 -27.56876012 0 197.33761631 0 87.84970741 0 219.78786212 0 97399
0.29950000 0.29950700 3410.65250319 0 31.61857365 0 201.17971302 0 -45.47758117 0 160.15674957 0 97881
0.30050000 0.30050300 3370.55961502 0 75.06095079 0 207.94158179 0 4.07582242 0 176.46960573 0 97188
0.30150000 0.30149700 3344.16319265 0 62.42310997 0 179.83559247 0 -83.28669163 0 208.14974150 0 98263
0.30250000 0.30249700 3324.15550170 0 41.77477431 0 137.07095232 0 105.90955497 0 190.56910415 0 100050
0.30350000 0.30350600 3295.96536272 0 19.70342346 0 150.54154270 0 88.88109446 0 155.26388923 0 100779
0.30450000 0.30450500 3316.83669500 0 38.25621093 0 25.16230104 0 87.72879762 0 153.83888103 0 99982
0.30550000 0.30550300 3263.49023402 0 90.35504234 0 58.51280774 0 27.30756398 0 207.64595072 0 101559
0.30650000 0.30649700 3226.33151193 0 73.52322632 0 35.76969894 0 -38.37601348 0 209.96117384 0 100935
0.30750000 0.30749800 3173.61617347 0 44.27191572 0 30.67642953 0 -2.68204924 0 346.95019096 0 103762
0.30850000 0.30850200 3199.92401724 0 -16.22693491 0 42.99594101 0 57.43392041 0 254.00577473 0 102951
0.30950000 0.30950100 3206.36811028 0 8.17527317 0 35.60405696 0 -12.42126615 0 210.83035134 0 104394
0.31050000 0.31050000 3224.50457834 0 65.24278821 0 90.68599413 0 -8.53152523 0 316.95415579 0 103963
0.31150000 0.31149700 3158.96748773 0 84.94288997 0 33.88563215 0 -67.67515652 0 290.00633165 0 105936
0.31250000 0.31250000 3156.67551650 0 57.23306843 0 37.38016859 0 -52.95837599 0 336.60421065 0 105717
0.31350000 0.31349800 3134.89625358 0 -24.23742975 0 -2.46187606 0 67.23768897 0 323.73595475 0 106776
0.31450000 0.31450400 3212.00392362 0 -22.45002436 0 -44.02766024 0 120.90978702 0 211.83682566 0 108733
0.31550000 0.31549900 3182.76191377 0 44.50808841 0 -110.35088590 0 107.59564859 0 296.92985636 0 105891
0.31650000 0.31650000 3172.98505095 0 91.30416203 0 -139.47143235 0 54.70702825 0 316.85561210 0 111072
0.31750000 0.31750600 3108.40018029 0 86.79916523 0 -113.92204283 0 -17.62082989 0 376.47454509 0 108121
0.31850000 0.31849900 3052.76174807 0 83.01231942 0 -17.11183511 0 -36.80939024 0 349.58540427 0 110484
0.31950000 0.31950100 2987.10286190 0 71.59487023 0 -2.71330641 0 -74.12722164 0 423.88291826 0 110817
0.32050000 0.32049800 2978.35572529 0 43.44204498 0 26.19224870 0 -11.64321389 0 446.47156813 0 111088
0.32150000 0.32149900 3002.50446572 0 9.77210172 0 -49.95578295 0 16.49709964 0 407.74168314 0 112635
0.32250000 0.32250100 2991.09997116 0 20.03016777 0 -5.10206084 0 32.63135920 0 337.94506918 0 113202
0.32350000 0.32350400 2987.60111652 0 31.50342147 0 -130.75861995 0 36.72191888 0 234.39336578 0 113863
0.32450000 0.32450300 2947.31999883 0 28.91714784 0 -141.63717908 0 54.95737351 0 176.20386993 0 114045
0.32550000 0.32549900 2917.24756462 0 88.05653843 0 -172.53117979 0 -35.43752920 0 104.87440332 0 114828
0.32650000 0.32650300 2873.75547273 0 72.23296831 0 -135.21855238 0 -30.02216585 0 56.63483072 0 116431
0.32750000 0.32750400 2838.99944513 0 36.46526239 0 -130.36887411 0 -37.30631618 0 183.14289590 0 116442
0.32850000 0.32850400 2840.31705178 0 49.75880629 0 -103.55580016 0 0.89371598 0 111.84708916 0 116955
0.32950000 0.32949800 2827.61709521 0 17.08603660 0 -52.03018300 0 42.41685842 0 197.70411026 0 117028
0.33050000 0.33049700 2826.04482509 0 52.85651060 0 -110.01362289 0 -5.06077214 0 196.40311210 0 119061
0.33150000 0.33150100 2818.91424790 0 47.66735485 0 -35.62775174 0 28.17430556 0 242.00116017 0 120060
0.33250000 0.33250400 2795.54057021 0 50.23325541 0 -98.16977848 0 -43.58122410 0 279.54630639 0 119737
0.33350000 0.33350100 2768.65696555 0 39.18506826 0 -85.67654221 0 42.74338128 0 305.96708788 0 120531
0.33450000 0.33450000 2781.05796935 0 23.26793699 0 -156.58038866 0 52.80734948 0 332.53513128 0 121704
0.33550000 0.33550300 2780.58185938 0 27.47298451 0 -117.08319156 0 26.33109565 0 254.27704669 0 122761
0.33650000 0.33650300 2748.53855136 0 54.48480669 0 -157.12403980 0 7.08050813 0 276.63317773 0 122472
0.33750000 0.33749900 2722.34143084 0 59.75777994 0 -179.19671933 0 -11.83033618 0 239.32719372 0 122985
0.33850000 0.33849800 2697.71658044 0 38.93361576 0 -177.02543643 0 -29.20170658 0 267.27152710 0 125380
0.33950000 0.33950300 2701.37044763 0 -4.61870957 0 -178.36629497 0 4.02062688 0 252.12015782 0 125223
0.34050000 0.34050000 2750.43191890 0 -18.69827781 0 -189.17952739 0 41.87121426 0 152.88887556 0 125178
0.34150000 0.34149900 2737.38872026 0 31.31087374 0 -198.22118783 0 -53.48519721 0 138.61443440 0 127059
0.34250000 0.34250300 2762.85506735 0 75.37429759 0 -197.89455425 0 -57.43668849 0 44.73385312 0 127957
0.34350000 0.34349800 2673.80035883 0 95.51153473 0 -138.72183596 0 -126.62532109 0 151.62552330 0 126732
0.34450000 0.34449700 2639.31006702 0 107.52412138 0 -86.25894650 0 -86.32526973 0 63.70860688 0 129639
0.34550000 0.34550000 2606.98995088 0 73.35736290 0 -43.48423054 0 31.63961106 0 127.84549129 0 129826
0.34650000 0.34650400 2570.96060592 0 19.84215969 0 -107.24919555 0 62.54634494 0 175.91045332 0 130875
0.34750000 0.34750200 2562.05845676 0 8.85987502 0 -118.52923718 0 161.56514929 0 196.57694760 0 130686
0.34850000 0.34850200 2579.76310415 0 14.02365300 0 -162.13869571 0 107.55922065 0 234.89272763 0 132211
0.34950000 0.34950400 2553.20059691 0 50.50297724 0 -176.38324159 0 48.92306721 0 222.30681601 0 132768
0.35050000 0.35050300 2518.80995602 0 75.39511356 0 -247.52957195 0 -52.53297727 0 294.07319656 0 132957
0.35150000 0.35150100 2496.69852336 0 43.98337094 0 -206.70037418 0 -29.74258965 0 325.49977609 0 133987
0.35250000 0.35249800 2489.92226057 0 13.65638398 0 -250.68739899 0 37.11288267 0 283.81690208 0 134778
0.35350000 0.35349800 2486.46769522 0 14.29636436 0 -257.32525772 0 -8.43764298 0 237.75713806 0 135699
0.35450000 0.35450100 2516.73943128 0 57.40258573 0 -236.83592064 0 -28.30606623 0 158.28995561 0 137380
0.35550000 0.35550100 2489.66759710 0 52.46377524 0 -228.25597614 0 -34.85479274 0 177.74956648 0 136161
0.35650000 0.35649900 2453.20643147 0 63.85343289 0 -241.02236665 0 -72.40536441 0 158.35417509 0 138792
0.35750000 0.35750000 2449.24253918 0 28.41457501 0 -215.27035359 0 1.16230623 0 217.29216010 0 138097
0.35850000 0.35849800 2457.95645882 0 7.06659022 0 -196.83936170 0 45.19479400 0 205.89652340 0 140028
0.35950000 0.35950300 2463.85800794 0 34.44456311 0 -205.41709173 0 45.47658466 0 299.78540893 0 141099
0.36050000 0.36050500 2478.10808999 0 8.67507792 0 -215.55159064 0 105.03318046 0 313.53059296 0 140821
0.36150000 0.36150200 2478.55098298 0 14.10337374 0 -215.92694245 0 50.48946900 0 332.05237792 0 141756
0.36250000 0.36250400 2476.80155566 0 52.88419142 0 -230.46601217 0 34.10154249 0 347.74961281 0 142971
0.36350000 0.36349900 2444.06069117 0 83.08052494 0 -208.66017567 0 -94.94673545 0 353.08758061 0 142270
0.36450000 0.36450000 2377.77068248 0 91.00830951 0 -197.48930716 0 -53.67076937 0 308.28009653 0 145311
0.36550000 0.36550300 2345.91560398 0 58.92503039 0 -193.71696610 0 -74.51873905 0 293.21398415 0 145434
0.36650000 0.36650100 2301.63737703 0 50.03207127 0 -233.98147530 0 4.55177737 0 182.65792807 0 144547
0.36750000 0.36749600 2300.07617923 0 14.84067985 0 -227.86069414 0 -0.80943788 0 100.50017068 0 146892
0.36850000 0.36849900 2314.25982732 0 15.54022933 0 -269.75615679 0 -2.35766334 0 72.94680109 0 148113
0.36950000 0.36949900 2312.59897860 0 10.25788889 0 -275.65438422 0 -44.91721082 0 73.90987191 0 147387
0.37050000 0.37049800 2310.90491290 0 40.29063989 0 -303.13035826 0 22.77178612 0 103.11102487 0 149758
0.37150000 0.37150100 2332.14163190 0 51.32675821 0 -294.67110210 0 62.72970264 0 152.29872065 0 150099
0.37250000 0.37250000 2313.58441551 0 27.04791796 0 -286.76546218 0 14.37265268 0 150.02003620 0 150468
0.37350000 0.37349800 2289.18101161 0 58.25039364 0 -268.78400667 0 24.75904697 0 254.37226869 0 150709
0.37450000 0.37449700 2303.99578221 0 51.33484100 0 -233.54301124 0 -55.90771115 0 238.95848531 0 153108
0.37550000 0.37550100 2259.65112131 0 63.35318525 0 -212.58531482 0 -41.62363707 0 281.41863652 0 153189
0.37650000 0.37649900 2238.92372925 0 49.57655582 0 -200.03262017 0 33.72829442 0 329.10049612 0 153547
0.37750000 0.37749900 2206.95792750 0 27.85963009 0 -231.89212761 0 36.17738194 0 260.94812240 0 155424
0.37850000 0.37850200 2241.47036396 0 18.28882324 0 -252.35821280 0 36.47744195 0 204.44604885 0 155313
0.37950000 0.37949900 2220.75404423 0 18.00526100 0 -277.20118800 0 39.52011681 0 153.41370376 0 156100
0.38050000 0.38050000 2236.16672037 0 11.79612269 0 -318.96156828 0 -42.23206132 0 215.21720643 0 157557
0.38150000 0.38149800 2243.23086361 0 19.60499049 0 -289.87014205 0 -16.17799524 0 141.14888956 0 157692
0.38250000 0.38250100 2233.37649452 0 46.87612652 0 -306.37344220 0 -57.14271826 0 138.22247411 0 159703
0.38350000 0.38350500 2201.06745070 0 88.36545630 0 -259.50761294 0 -26.34017496 0 200.69363797 0 160338
0.38450000 0.38450600 2195.97418128 0 61.64981880 0 -252.22645214 0 -5.07247559 0 220.82755342 0 160167
0.38550000 0.38550000 2182.68739150 0 12.86460204 0 -306.76208080 0 77.37938489 0 276.87123272 0 160033
0.38650000 0.38649600 2183.60639446 0 -2.23451694 0 -296.04074868 0 98.74432141 0 250.38955345 0 162444
0.38750000 0.38750200 2178.71242689 0 33.25240590 0 -343.05937602 0 41.09825526 0 301.87475662 0 164307
0.38850000 0.38850400 2199.80520567 0 31.69995523 0 -350.90411815 0 50.32006243 0 309.57666577 0 163882
0.38950000 0.38950500 2177.71591766 0 38.51607839 0 -361.66863234 0 -26.68839957 0 322.28658743 0 164595
0.39050000 0.39050100 2158.82653152 0 67.43189755 0 -400.86355497 0 9.22305834 0 275.71749647 0 165006
0.39150000 0.39150100 2130.83569437 0 58.10578908 0 -392.46187489 0 -32.20607120 0 310.57649670 0 166687
0.39250000 0.39250100 2109.53254142 0 37.95604020 0 -422.86426438 0 -3.68901075 0 304.11579517 0 167256
0.39350000 0.39350100 2105.83438493 0 36.70885353 0 -452.07970065 0 71.79594365 0 323.95518678 0 167937
0.39450000 0.39449600 2088.57263054 0 23.30912604 0 -495.19090456 0 76.20317182 0 268.23481936 0 167719
0.39550000 0.39549700 2082.98110651 0 35.58135870 0 -528.37909097 0 68.25158175 0 301.17055676 0 171636
0.39650000 0.39650400 2080.32374855 0 17.10840269 0 -568.33357508 0 -8.29984790 0 340.44077120 0 171093
0.39750000 0.39750000 2079.78120464 0 39.91717037 0 -549.36557543 0 23.38198194 0 373.36765074 0 170464
0.39850000 0.39849800 2071.08942965 0 52.07414013 0 -513.05610066 0 -43.78761224 0 303.67843834 0 172113
0.39950000 0.39949500 2050.02986785 0 67.24743262 0 -491.62450874 0 -56.45036579 0 330.59193827 0 173232
