### header ###
fiducial parameters:
Omega_m = 0.31
Omega_nu = 0
Omega_de = 0.69
Omega_k = 0
H_0 = 100
w_de = -1
zeff = 0
beta = 0
fgrowth = 0
b_1 = 2
gamma = 0.55
Lx = 3500 Ly = 3500 Lz = 3500
nx = 700 ny = 700 nz = 700
xoffset = -685.467585 yoffset = -31.7331281 zoffset = 572.489161
bins = 400 dk = 0.001
kx_ny = 0.628318531 ky_ny = 0.628318531 kz_ny = 0.628318531
############################
A(data) = 8.02733501 (not used)
A(ran) = 8.02712577 (used)
Ngal = 477118
weighted Ngal = 0
Nran = 23820508
weighted Nran = 0
SN(data) = 3486.64363
SN(ran) = 69.9191767
SN(data+ran) = 3556.56281
############################
13 columns: k_central k_mean P_0(k) sigma^{lin}_{P_0(k)} P^img_1(k) sigma^{lin}_{P_1(k)} P_2(k) sigma^{lin}_{P_2(k)} P^img_3(k) sigma^{lin}_{P_3(k)} P_4(k) sigma^{lin}_{P_4(k)} N_modes
### header ###
0.00050000 0 0 0 0 0 0 0 0 0 0 0 0
0.00150000 0.00179520 86246.87766561 0 -80339.79237486 0 15724.47281445 0 69630.86125677 0 -163156.24236516 0 3
0.00250000 0.00253879 149900.45509228 0 -72582.85377666 0 10099.24462428 0 -48799.50006621 0 88818.42510474 0 6
0.00350000 0.00331552 139649.69677518 0 7978.06399715 0 28708.65595953 0 -130908.09633086 0 98673.34780958 0 7
0.00450000 0.00420575 116752.12905022 0 63052.35018902 0 2119.78551421 0 -58967.10522393 0 78598.55857388 0 24
0.00550000 0.00557378 59477.98229106 0 20574.81542450 0 14004.49787712 0 2999.35992547 0 24481.35306702 0 45
0.00650000 0.00659388 51108.74413039 0 870.68997783 0 33773.13733158 0 15051.71835847 0 12105.37272423 0 40
0.00750000 0.00754703 51058.03288272 0 1029.51583396 0 31391.59098634 0 28273.51359416 0 -15724.36209120 0 57
0.00850000 0.00846663 41030.04974097 0 8853.94025193 0 15594.70516757 0 32073.64619517 0 20492.76949760 0 75
0.00950000 0.00948925 49564.48698793 0 -9545.36264756 0 11242.06355812 0 12865.26637653 0 5135.96430108 0 112
0.01050000 0.01054430 50651.34639213 0 -9100.48770867 0 -3984.52002621 0 13385.88708950 0 3306.48407129 0 105
0.01150000 0.01145670 63124.43102358 0 -4370.95523471 0 8705.39394216 0 -30365.62936864 0 -2617.75225060 0 144
0.01250000 0.01249090 69284.18676669 0 -8226.01763914 0 6817.34111409 0 -16748.44141368 0 867.65837530 0 169
0.01350000 0.01339930 76825.87937042 0 -1849.12253401 0 29205.24972765 0 -20760.05541872 0 5734.00270918 0 180
0.01450000 0.01448870 79014.76726382 0 4307.74333232 0 19489.94903877 0 -5364.64102556 0 -12567.53156216 0 267
0.01550000 0.01550050 84629.87534910 0 -9785.43279427 0 35934.01224319 0 -6961.44742160 0 -9585.94271802 0 238
0.01650000 0.01653350 89870.18523927 0 -2212.72660873 0 41220.60445110 0 -8353.89191847 0 -32467.26734247 0 315
0.01750000 0.01747870 89894.32290737 0 16392.46617076 0 52500.31391360 0 -7770.91187212 0 -16976.53130494 0 297
0.01850000 0.01844180 76008.63107555 0 13447.00632250 0 43908.07913108 0 4777.69708692 0 -13959.76568485 0 388
0.01950000 0.01947590 67789.42291618 0 -1233.02516413 0 44566.55028804 0 16569.40192136 0 -5806.30499025 0 399
0.02050000 0.02045430 73818.08233343 0 -7802.30191298 0 39509.70882012 0 28698.02652770 0 -17786.58258867 0 462
0.02150000 0.02154770 75395.88862009 0 1207.51452775 0 28523.41596531 0 12370.55490363 0 -21944.01911158 0 571
0.02250000 0.02255340 72677.85432361 0 2901.74630987 0 17446.77293999 0 -3830.36004776 0 -2267.73391843 0 510
0.02350000 0.02348930 69957.82700866 0 3436.21850119 0 19760.66738059 0 -2281.96185582 0 8959.52594140 0 555
0.02450000 0.02439640 69073.03753240 0 -1199.28779041 0 19824.44397155 0 9666.57138735 0 18305.09955993 0 592
0.02550000 0.02547300 69945.97962110 0 -3293.46301731 0 18881.52478999 0 9661.61098583 0 -7166.11934588 0 837
0.02650000 0.02652900 69609.27022337 0 2685.01662387 0 10795.95959117 0 8059.51201852 0 1279.62857929 0 723
0.02750000 0.02749970 69629.20040804 0 2458.63187063 0 13508.56844849 0 -8138.90058747 0 -11610.88269783 0 826
0.02850000 0.02848090 63768.84032803 0 2650.95815273 0 13676.97850898 0 -14436.31854505 0 -5040.47657184 0 831
0.02950000 0.02946900 64504.48558898 0 3981.90695756 0 19952.99366269 0 -12134.60366175 0 -12152.20865821 0 996
0.03050000 0.03053250 58901.88923075 0 6275.15151237 0 25186.32798822 0 -10586.05045726 0 -12826.62396291 0 1041
0.03150000 0.03150510 57141.94320082 0 6162.09200365 0 31190.62829088 0 -3108.27838471 0 -5832.21423032 0 1036
0.03250000 0.03246190 53992.75257590 0 2603.49109623 0 29379.41739704 0 10154.86091185 0 -4849.92186171 0 1059
0.03350000 0.03345080 54476.83461697 0 154.74348997 0 32480.00051601 0 10138.78389621 0 -2110.25224254 0 1302
0.03450000 0.03451200 51405.59315878 0 290.74707018 0 28574.79155247 0 14088.97971549 0 2336.20517511 0 1339
0.03550000 0.03553350 54082.77057668 0 -636.92994903 0 27464.12664991 0 10631.82344806 0 8654.49446497 0 1365
0.03650000 0.03647120 50032.62488127 0 1343.50482117 0 24779.19860464 0 4399.26716927 0 14257.27905273 0 1308
0.03750000 0.03744890 52918.51562200 0 2830.54018896 0 20637.59550623 0 2779.62963945 0 8031.56547068 0 1579
0.03850000 0.03847530 48285.19057839 0 2002.61817297 0 21028.78074207 0 -103.58204157 0 8102.26226464 0 1662
0.03950000 0.03950240 43958.34748576 0 4026.40663100 0 18737.69529060 0 -3478.88016872 0 2412.96960308 0 1683
0.04050000 0.04050350 42810.59029506 0 2193.72649934 0 18492.77546561 0 436.80653579 0 1105.44430141 0 1822
0.04150000 0.04152450 41737.57129688 0 173.48450696 0 17356.31204622 0 589.44517681 0 -2820.34257781 0 1887
0.04250000 0.04250150 40942.24620516 0 514.54311388 0 16271.33493724 0 1688.72883669 0 -5012.40822843 0 1920
0.04350000 0.04349210 40297.72617746 0 173.62623271 0 17716.16260283 0 798.20389618 0 -4345.67711715 0 2005
0.04450000 0.04448520 39975.96441823 0 1354.05674672 0 17861.09933470 0 592.88756260 0 -2735.38462947 0 2151
0.04550000 0.04548030 40986.53550443 0 539.58871262 0 20506.05628738 0 224.74051301 0 -1803.72600226 0 2274
0.04650000 0.04648670 39783.74885938 0 -514.23862495 0 21424.06273810 0 -273.02138538 0 -4555.08799644 0 2311
0.04750000 0.04749250 39762.15782599 0 778.95244501 0 19172.94837922 0 1116.43358379 0 620.24063383 0 2568
0.04850000 0.04851840 39938.87213009 0 109.32082752 0 18345.29209902 0 2876.85572368 0 -474.39154239 0 2493
0.04950000 0.04949480 37908.20775835 0 586.87196853 0 14767.38105712 0 2996.23752987 0 -37.95781177 0 2644
0.05050000 0.05050630 39676.67947839 0 1548.53105984 0 15566.02784629 0 4981.61609311 0 -788.34066923 0 2829
0.05150000 0.05149060 36822.34486339 0 1436.91095334 0 13900.19657733 0 879.27545850 0 -1778.32608912 0 2784
0.05250000 0.05249300 35937.11249414 0 1730.44935661 0 14501.86670797 0 -260.77096520 0 -769.72809121 0 3055
0.05350000 0.05348950 34447.88480603 0 969.49165389 0 16160.39024256 0 -331.91951002 0 3263.76704214 0 3009
0.05450000 0.05448610 35066.60631689 0 -1030.88548054 0 15975.48241809 0 972.56533126 0 1817.06815366 0 3336
0.05550000 0.05550870 33919.95635867 0 -530.17834376 0 14849.75915378 0 3896.12965719 0 1535.64287375 0 3349
0.05650000 0.05647670 36148.04028193 0 606.81876169 0 13587.18195471 0 2637.51635040 0 -1158.59699670 0 3324
0.05750000 0.05747970 34994.74692882 0 -440.44158003 0 12212.22065873 0 2218.20740952 0 1218.53149094 0 3639
0.05850000 0.05849280 34696.34777496 0 119.13932228 0 8980.81802203 0 1538.39988263 0 -2822.64562137 0 3846
0.05950000 0.05951020 35644.80311892 0 735.46588929 0 10015.38283611 0 -77.18794439 0 -1124.59388718 0 3787
0.06050000 0.06049470 34121.91556337 0 1626.03733357 0 7060.03540179 0 -995.65887913 0 -7013.03338293 0 3930
0.06150000 0.06148310 32677.08789778 0 1599.56340493 0 10994.47530285 0 -2807.19972825 0 -4215.83196400 0 4083
0.06250000 0.06249100 31504.97159248 0 2104.39498271 0 11465.83524270 0 -1127.77164440 0 -6533.16989762 0 4303
0.06350000 0.06350600 29348.30416430 0 935.99676408 0 11487.20482960 0 -1004.01405544 0 -5670.17075660 0 4470
0.06450000 0.06451750 29118.55342432 0 119.14042951 0 10548.24954033 0 974.99017039 0 -5494.47510638 0 4479
0.06550000 0.06550280 29639.17413729 0 122.50088010 0 12574.83929654 0 559.24651810 0 -3894.96706308 0 4636
0.06650000 0.06648880 29983.74488565 0 -1246.35624321 0 10644.42375370 0 2321.98831004 0 -3960.47093671 0 4653
0.06750000 0.06749660 30543.45090523 0 -516.78193796 0 11773.75659591 0 168.60493341 0 -3872.11378465 0 5220
0.06850000 0.06852730 30932.08950636 0 745.44205395 0 11239.07403042 0 -1331.48027642 0 -4381.93898093 0 5029
0.06950000 0.06949320 30121.81677613 0 1298.86120750 0 13337.39030680 0 -1439.20292458 0 -3764.78974019 0 5040
0.07050000 0.07048030 29553.03145020 0 1059.14869687 0 12704.16405042 0 -715.65417849 0 -1518.87937397 0 5475
0.07150000 0.07148790 28516.77257042 0 631.05608071 0 13407.69956940 0 -106.18215561 0 -3296.40825571 0 5509
0.07250000 0.07249820 28491.19550009 0 514.87196193 0 13321.11398931 0 1934.43479674 0 -3124.17824315 0 5916
0.07350000 0.07351270 27707.49634943 0 63.25419867 0 12615.14255888 0 2066.95945250 0 -365.16527252 0 5721
0.07450000 0.07449140 27458.14759451 0 315.88235475 0 11618.96549494 0 3118.85245492 0 91.51420403 0 6028
0.07550000 0.07549160 27019.01919221 0 533.27195131 0 10470.74326660 0 3478.01652738 0 -390.24076654 0 6183
0.07650000 0.07648840 26359.66224925 0 758.70559185 0 9502.59025678 0 2435.69001361 0 1542.03160517 0 6330
0.07750000 0.07749960 25911.67598709 0 274.11754554 0 9132.86318644 0 973.97705267 0 2011.70855165 0 6583
0.07850000 0.07848650 25619.80950487 0 -106.78803322 0 8635.58293418 0 -92.97730103 0 2195.67522851 0 6549
0.07950000 0.07947320 25532.11669231 0 -56.96290371 0 8800.73773118 0 -285.85531708 0 2319.29773511 0 6828
0.08050000 0.08048110 26230.22677212 0 341.53693136 0 8280.08380123 0 -20.64545686 0 1363.12498075 0 7147
0.08150000 0.08149960 25185.88509523 0 421.91647338 0 7823.88187405 0 265.49441897 0 882.14983402 0 7386
0.08250000 0.08250610 25185.33147899 0 459.40625798 0 7513.48032009 0 402.83332155 0 -102.55342260 0 7227
0.08350000 0.08350160 24766.90832409 0 730.02827057 0 7234.77883208 0 -152.01194744 0 -677.25092709 0 7798
0.08450000 0.08449610 23683.59206384 0 1014.09429996 0 7703.06066563 0 660.47856945 0 -498.98981921 0 7371
0.08550000 0.08548940 23404.23730866 0 641.74308863 0 7946.21999097 0 162.25052619 0 228.24711828 0 8256
0.08650000 0.08650700 22614.11620960 0 333.23158051 0 7879.19920885 0 -312.46764978 0 -729.58648481 0 8037
0.08750000 0.08749060 22657.29827640 0 343.69935639 0 8290.59143748 0 19.01959668 0 -98.29755311 0 8155
0.08850000 0.08849210 22030.71541491 0 613.61606189 0 8678.02315521 0 -350.90411815 0 -694.38092082 0 8718
0.08950000 0.08949900 21895.96522187 0 295.76947672 0 8790.17473330 0 -627.75763515 0 -357.64827120 0 8571
0.09050000 0.09049190 21608.63839282 0 266.71458916 0 8478.71023615 0 289.08954316 0 -1102.72826013 0 8932
0.09150000 0.09150830 21312.34298067 0 405.65565715 0 8242.69256032 0 311.56414807 0 -1733.30601641 0 9285
0.09250000 0.09250820 20796.04047438 0 388.18131412 0 7480.31870725 0 1279.36284350 0 -1584.92579152 0 9204
0.09350000 0.09350330 20417.80985858 0 630.42495820 0 7826.84925710 0 592.37823566 0 -911.83805856 0 9349
0.09450000 0.09448040 20171.56135461 0 503.82621069 0 7452.61575056 0 489.30817839 0 -89.96197481 0 9564
0.09550000 0.09549270 19469.68668436 0 447.59540910 0 7894.34614920 0 317.94955779 0 238.63628065 0 10155
0.09650000 0.09649430 18985.82608978 0 965.65620057 0 8192.21383147 0 -125.50148012 0 1252.15814142 0 9913
0.09750000 0.09749140 18771.79805104 0 623.60108441 0 8893.86705523 0 215.57262806 0 1089.41268230 0 10476
0.09850000 0.09850240 17828.98959273 0 486.60210220 0 8419.04147770 0 269.04309907 0 2000.24869546 0 10575
0.09950000 0.09950330 17784.92173995 0 96.20001189 0 8300.18007078 0 1088.55679159 0 1939.86023590 0 10882
0.10050000 0.10051200 17500.36299211 0 15.57798596 0 7231.53464090 0 2006.21667854 0 2116.56346768 0 10875
0.10150000 0.10150300 17389.75046717 0 -61.93039152 0 6528.64131677 0 1879.90359701 0 1594.78016060 0 11118
0.10250000 0.10250800 17275.04118205 0 143.45082589 0 6013.95536990 0 689.10163634 0 1182.42463971 0 11575
0.10350000 0.10349800 16745.45188598 0 623.47485991 0 6063.74761461 0 -74.71073316 0 2019.31523880 0 11364
0.10450000 0.10450100 16579.58846019 0 658.12680766 0 5941.16590654 0 -920.30395811 0 1496.90080921 0 12093
0.10550000 0.10551000 16136.25257445 0 450.06675200 0 6442.24396621 0 -892.99074725 0 1496.66829039 0 12067
0.10650000 0.10649700 15884.68935457 0 96.75661766 0 6190.68074633 0 -831.58141934 0 1226.13817809 0 12054
0.10750000 0.10749900 15847.81851293 0 -42.47233077 0 7055.34073607 0 407.50252093 0 918.04963278 0 12807
0.10850000 0.10850100 15826.44892603 0 128.98040458 0 6012.88135439 0 836.73005038 0 28.58508881 0 12736
0.10950000 0.10950300 15544.32608965 0 269.18261036 0 5789.34218863 0 923.17722640 0 135.04028795 0 12933
0.11050000 0.11050200 15537.57197151 0 231.33851137 0 5509.01306887 0 347.75957790 0 -955.04337723 0 13428
0.11150000 0.11150900 15124.35280928 0 256.67641948 0 5408.13311745 0 44.75345113 0 -407.32757820 0 13453
0.11250000 0.11250000 15049.94678650 0 10.15791687 0 5185.14756792 0 -302.54020334 0 -19.97657771 0 13668
0.11350000 0.11349100 15157.68050698 0 59.77715651 0 5587.33869463 0 535.18967797 0 677.92744614 0 13791
0.11450000 0.11448600 14960.59312521 0 70.78681197 0 5111.14014883 0 454.71269949 0 1220.84560683 0 14205
0.11550000 0.11549300 15005.43604073 0 327.95672497 0 5578.90158312 0 1521.40386403 0 1083.83001613 0 14776
0.11650000 0.11649800 14551.69216966 0 178.63978139 0 5280.18133184 0 633.21961298 0 1626.73489003 0 14553
0.11750000 0.11747300 14330.91001277 0 254.42541585 0 5009.37441143 0 677.37825883 0 1625.42835570 0 14568
0.11850000 0.11849100 14284.95986478 0 213.46556464 0 4990.76183341 0 116.96803938 0 1964.45186932 0 16015
0.11950000 0.11950300 14132.71539852 0 113.90875604 0 5094.62024021 0 -581.10771622 0 2437.25121141 0 15270
0.12050000 0.12050700 14026.86397325 0 170.28349785 0 5216.02828184 0 -308.41850059 0 2865.01940845 0 15999
0.12150000 0.12150000 14232.80921488 0 123.36452143 0 5471.12357334 0 -22.12925911 0 2204.72131789 0 15670
0.12250000 0.12250700 13974.71332336 0 204.18031305 0 4890.85624657 0 238.64846021 0 1919.39857964 0 16887
0.12350000 0.12352200 13810.17857655 0 257.45369668 0 5397.94657861 0 13.69402989 0 1517.46211640 0 16407
0.12450000 0.12449800 13515.43328988 0 467.06277059 0 5252.72196629 0 56.88362586 0 1155.46352877 0 16306
0.12550000 0.12549900 13263.64862350 0 242.24253685 0 5248.73592936 0 -377.24960783 0 1010.94643801 0 17523
0.12650000 0.12650100 13025.70436315 0 139.93536276 0 5108.80388830 0 -4.30793156 0 868.65820623 0 17154
0.12750000 0.12750600 13158.90443072 0 -69.42657686 0 5043.69861836 0 443.61601556 0 798.36998105 0 18007
0.12850000 0.12850300 13075.30837834 0 37.63383555 0 5301.91630546 0 518.45607347 0 1001.85273764 0 17496
0.12950000 0.12949900 12954.73076106 0 300.03564347 0 4988.86846586 0 429.18988355 0 593.35592194 0 18405
0.13050000 0.13049000 12834.92820653 0 296.29762661 0 4891.78632185 0 156.21500194 0 1424.65388977 0 18100
0.13150000 0.13148800 12584.91511212 0 264.57984494 0 4983.27694183 0 367.39856043 0 1792.02255492 0 19059
0.13250000 0.13249300 12516.04525175 0 -71.36534094 0 4924.49396937 0 288.51821119 0 2047.10677410 0 18957
0.13350000 0.13349100 12619.01787256 0 -118.74182582 0 4820.13730795 0 170.57027106 0 1541.93195424 0 19468
0.13450000 0.13450700 12667.95754826 0 98.77410597 0 4885.91798970 0 -39.06969463 0 1366.30273797 0 19953
0.13550000 0.13551000 12532.21084598 0 264.41265283 0 4902.05036696 0 -193.16667155 0 1569.19201795 0 19956
0.13650000 0.13649900 12254.95983253 0 325.82087351 0 4867.21683308 0 117.67334648 0 1025.46779201 0 19723
0.13750000 0.13749600 12134.27149200 0 208.94805612 0 4413.91585500 0 343.30850333 0 1236.10327043 0 20946
0.13850000 0.13851100 11936.07687775 0 92.73149542 0 4209.95255952 0 550.09634887 0 685.59060214 0 20955
0.13950000 0.13949800 11850.59853015 0 40.93582426 0 3616.06627322 0 561.96034492 0 362.63081737 0 20506
0.14050000 0.14048300 11613.42933253 0 50.76539134 0 3463.29033537 0 547.54749970 0 359.13528442 0 21447
0.14150000 0.14148400 11493.73750124 0 236.46056883 0 2894.36106922 0 385.40548229 0 -90.13625320 0 21771
0.14250000 0.14249400 11205.63560946 0 196.83936170 0 2589.80570276 0 -18.81664097 0 -230.45715431 0 22470
0.14350000 0.14350900 11160.46052420 0 132.52576299 0 2349.41445862 0 -32.03522523 0 -268.34332814 0 22519
0.14450000 0.14449900 10835.58744170 0 139.03075382 0 2392.89547818 0 -24.27286119 0 -599.20210944 0 22218
0.14550000 0.14550500 10897.55924371 0 132.94429687 0 2521.83270069 0 -197.53802539 0 -868.47329841 0 23559
0.14650000 0.14650700 10786.61454903 0 154.03375395 0 2705.41184619 0 -322.95424861 0 -691.01825577 0 23044
0.14750000 0.14750500 10562.07887403 0 278.78231598 0 2934.06642602 0 -124.35660174 0 -715.00201856 0 23649
0.14850000 0.14849900 10512.33091862 0 167.87083827 0 3174.73447828 0 3.87725134 0 -242.49720032 0 23640
0.14950000 0.14949500 10398.75101063 0 129.93151728 0 3219.84312959 0 210.25459045 0 -230.08512420 0 24457
0.15050000 0.15050000 10337.31068021 0 0.73498756 0 3339.40209298 0 367.69419151 0 347.50159274 0 24591
0.15150000 0.15149900 10268.61797704 0 42.30181697 0 3404.33020572 0 275.46172577 0 392.54491733 0 25020
0.15250000 0.15250500 10371.52416390 0 244.98847340 0 3423.49639998 0 269.86355834 0 598.83229379 0 25297
0.15350000 0.15350100 10018.08448336 0 354.50262372 0 3370.84749546 0 -15.00908991 0 786.17935142 0 25452
0.15450000 0.15450400 9842.30025454 0 218.78913842 0 3286.25493385 0 31.78443707 0 1276.81620879 0 26061
0.15550000 0.15549900 9668.75263534 0 69.10536872 0 3445.08743337 0 145.00759475 0 933.18660804 0 26128
0.15650000 0.15649500 9520.52742299 0 70.05792083 0 3269.98968869 0 154.98265218 0 729.50787130 0 26331
0.15750000 0.15749700 9548.48504316 0 44.99427420 0 3117.25804014 0 282.07079645 0 308.70527380 0 27345
0.15850000 0.15849900 9466.49447787 0 105.15719050 0 2851.89870354 0 -0.79914615 0 484.43524823 0 26980
0.15950000 0.15949700 9395.50980346 0 90.41594013 0 2940.39979581 0 99.38618408 0 414.29871390 0 27777
0.16050000 0.16050000 9334.81131881 0 90.00648556 0 2721.48886182 0 -27.57750726 0 213.91067210 0 28224
0.16150000 0.16150500 9292.09428965 0 59.27502658 0 2572.74325021 0 3.76321747 0 -213.76894634 0 28075
0.16250000 0.16249700 9285.32909919 0 140.98391192 0 2883.84236064 0 -35.70315427 0 282.86357491 0 28590
0.16350000 0.16349900 9161.06439775 0 101.56765352 0 2705.72187128 0 87.55396561 0 315.39738692 0 29163
0.16450000 0.16449100 9139.03047136 0 149.36123287 0 2954.09626161 0 99.51960560 0 367.51371261 0 28996
0.16550000 0.16550500 8945.20942541 0 163.30128982 0 2731.23250767 0 524.29340312 0 609.02658325 0 30777
0.16650000 0.16650700 8847.59580981 0 67.97887039 0 2655.12134686 0 353.47068305 0 445.32779697 0 29211
0.16750000 0.16749900 8837.63071747 0 158.40067886 0 2675.67158173 0 22.79337715 0 652.72904931 0 30922
0.16850000 0.16850800 8661.32608939 0 178.40947704 0 2896.16585816 0 82.74824447 0 1003.82804038 0 30867
0.16950000 0.16949900 8592.96555596 0 184.43392897 0 2653.21690699 0 -45.16179847 0 838.41415099 0 30852
0.17050000 0.17049200 8394.25054244 0 155.04797890 0 2772.18903717 0 -14.42269959 0 1042.78933696 0 31257
0.17150000 0.17149500 8341.91166302 0 208.58156217 0 2710.41653701 0 76.64861145 0 721.46493456 0 32608
0.17250000 0.17250900 8016.19708383 0 181.74889020 0 2539.99131340 0 -146.04285713 0 491.15061324 0 32361
0.17350000 0.17350400 8083.22893828 0 119.39066405 0 2732.51689734 0 74.38664621 0 655.23028749 0 32508
0.17450000 0.17449800 7905.79493306 0 53.56536084 0 2667.20125324 0 -23.97224757 0 403.60616982 0 32791
0.17550000 0.17549800 7859.72298949 0 105.92727069 0 2681.80564967 0 271.93186862 0 387.77385257 0 33633
0.17650000 0.17650100 7757.42578049 0 10.40098762 0 2289.36924113 0 333.89481277 0 310.78244194 0 33984
0.17750000 0.17750300 7717.88650856 0 12.73029474 0 2272.07426976 0 697.18000453 0 483.78419553 0 34069
0.17850000 0.17849800 7688.65557104 0 27.10748707 0 1789.64200509 0 189.47183676 0 195.72437859 0 34536
0.17950000 0.17950400 7692.43123381 0 129.80086385 0 1902.95617728 0 201.78536919 0 331.87411349 0 35343
0.18050000 0.18050100 7549.81969014 0 138.63657905 0 1717.64974912 0 -212.08263127 0 549.34453802 0 34990
0.18150000 0.18150500 7414.49373621 0 135.73562995 0 1622.23952615 0 -59.64439933 0 423.41788062 0 36243
0.18250000 0.18250200 7456.67929377 0 36.98986914 0 1945.29674739 0 -185.63195451 0 253.00372934 0 35694
0.18350000 0.18350400 7360.28363390 0 88.65400108 0 1873.70309511 0 -80.59833116 0 -17.62138350 0 37087
0.18450000 0.18450600 7311.77577887 0 131.38420630 0 1983.05337502 0 -41.95846418 0 246.52088316 0 36651
0.18550000 0.18550700 7247.17983587 0 17.44145822 0 2108.80176798 0 -133.30304019 0 108.49760017 0 37818
0.18650000 0.18651000 7297.35961195 0 -68.05936620 0 1998.94216113 0 254.73433371 0 301.88472172 0 37267
0.18750000 0.18750100 7427.62551344 0 -74.69202093 0 2124.81234967 0 59.36593036 0 200.87411686 0 38334
0.18850000 0.18850000 7334.81728681 0 131.41631604 0 2046.18777114 0 6.84534302 0 238.54327313 0 38223
0.18950000 0.18949500 7308.57587699 0 154.65934030 0 2253.94887403 0 -33.55711627 0 275.76510747 0 39064
0.19050000 0.19050000 7211.73732413 0 164.45391883 0 2279.72524621 0 -235.89588026 0 311.64829774 0 39609
0.19150000 0.19149800 7109.48440443 0 155.64256274 0 2325.64217723 0 127.70044383 0 343.84661831 0 39576
0.19250000 0.19250400 7054.89784307 0 56.42766753 0 2127.55828623 0 41.16402487 0 185.98959061 0 40909
0.19350000 0.19350500 7030.45014987 0 -113.16137411 0 2062.14299120 0 199.15901375 0 320.56926985 0 40191
0.19450000 0.19450100 7102.99602208 0 -28.42819397 0 1793.63911435 0 368.90882554 0 114.13352423 0 41232
0.19550000 0.19549800 7197.14400002 0 49.04464134 0 1774.24040126 0 217.95539236 0 147.75020961 0 40873
0.19650000 0.19649700 7040.43738686 0 81.78262702 0 1526.87359249 0 114.57641722 0 299.11553328 0 42816
0.19750000 0.19750200 7022.53343763 0 157.67987051 0 1667.80214278 0 17.10740618 0 373.30232403 0 41727
0.19850000 0.19849000 6850.42522065 0 160.12574706 0 1540.69185386 0 -0.01632315 0 533.82446032 0 42610
0.19950000 0.19949900 6785.41960164 0 138.06192540 0 1808.54246355 0 -10.89409361 0 439.03982371 0 43863
0.20050000 0.20050100 6666.85714748 0 203.81049740 0 1703.22250988 0 139.54340246 0 719.47855948 0 43302
0.20150000 0.20150100 6486.88757988 0 139.79695870 0 1734.70112934 0 11.77663540 0 644.19007241 0 44487
0.20250000 0.20249700 6449.76207476 0 56.47771443 0 1578.42633685 0 113.23112976 0 706.10540557 0 43759
0.20350000 0.20349100 6341.20900224 0 130.94906393 0 1658.93321060 0 46.28597161 0 575.23827684 0 45282
0.20450000 0.20449700 6308.31312520 0 36.50689433 0 1516.87528318 0 112.06964288 0 493.09934240 0 45483
0.20550000 0.20549900 6339.91354023 0 -46.27213120 0 1620.82226858 0 -179.92417107 0 414.06287338 0 46138
0.20650000 0.20650200 6362.83325261 0 13.87771976 0 1541.74372472 0 -39.81563715 0 231.86112510 0 46227
0.20750000 0.20749300 6408.04155484 0 41.90232749 0 1852.62138866 0 -217.52246446 0 160.60628596 0 46236
0.20850000 0.20850300 6388.78678198 0 98.91262075 0 1815.28550937 0 -283.61870746 0 129.30925263 0 48361
0.20950000 0.20950400 6239.25503531 0 170.30232080 0 1990.50504962 0 39.35713218 0 193.79557960 0 46812
0.21050000 0.21050300 6254.30232474 0 121.81439596 0 2007.55642984 0 72.55550513 0 227.37351185 0 48813
0.21150000 0.21149700 6089.09216612 0 64.50703222 0 1857.37141600 0 396.39587190 0 243.49038785 0 47215
0.21250000 0.21249000 6058.00107803 0 51.60821670 0 1740.83519729 0 282.75838782 0 284.96731663 0 50004
0.21350000 0.21350300 6013.90000827 0 31.89062067 0 1603.70445441 0 250.50359839 0 313.51287724 0 49509
0.21450000 0.21449800 5938.50854858 0 109.57681967 0 1507.87348310 0 113.24773825 0 289.26780758 0 49660
0.21550000 0.21550100 5926.46185918 0 62.85426630 0 1392.00160388 0 31.11655444 0 434.51124286 0 50841
0.21650000 0.21649800 5842.73293890 0 -39.35602495 0 1373.85406350 0 49.22091275 0 447.24773810 0 50424
0.21750000 0.21750300 5918.85517203 0 5.92710405 0 1352.62841682 0 60.31648945 0 337.05596150 0 52231
0.21850000 0.21850300 5926.61687173 0 59.08812573 0 1326.45344095 0 20.90366347 0 550.89355626 0 51078
0.21950000 0.21950100 5869.38402474 0 155.50194422 0 1339.64057981 0 -71.89459807 0 375.16579630 0 52791
0.22050000 0.22050700 5770.41958551 0 140.46683435 0 1300.98709387 0 28.97649550 0 600.82309780 0 52969
0.22150000 0.22150000 5651.07099629 0 60.52808158 0 1257.24033851 0 187.34484316 0 530.69542133 0 52704
0.22250000 0.22250100 5586.72971677 0 46.73373642 0 1164.62034140 0 231.70943425 0 444.88711845 0 54051
0.22350000 0.22349900 5607.94429112 0 51.75647513 0 1078.49315557 0 112.30216171 0 225.89424925 0 53938
0.22450000 0.22449800 5504.52877732 0 51.08327778 0 906.62077910 0 69.45702576 0 401.04292663 0 54735
0.22550000 0.22549100 5506.99790575 0 31.47950525 0 997.65411206 0 30.92555683 0 489.03137027 0 54774
0.22650000 0.22649900 5470.03848551 0 86.31906922 0 865.11506229 0 -37.82837630 0 451.83832397 0 56911
0.22750000 0.22749800 5395.07884648 0 95.29905682 0 1016.58335857 0 47.46462059 0 464.98228076 0 54879
0.22850000 0.22849100 5355.51742991 0 111.25361255 0 963.21807465 0 13.42142925 0 487.61964885 0 57210
0.22950000 0.22949800 5338.44390504 0 21.66400002 0 1078.13441224 0 93.70862808 0 697.41805951 0 57375
0.23050000 0.23049600 5322.51082962 0 19.75457760 0 1056.83790269 0 -16.59342887 0 570.82595540 0 57604
0.23150000 0.23150100 5313.12149818 0 106.40947044 0 1087.97217284 0 76.25642970 0 751.76545865 0 58629
0.23250000 0.23250200 5246.95328506 0 69.25063762 0 947.29717879 0 15.92067441 0 626.69247750 0 58560
0.23350000 0.23350400 5204.57949798 0 42.78180225 0 958.31082029 0 56.78308915 0 669.75274872 0 59305
0.23450000 0.23449700 5182.46806532 0 14.46444225 0 905.34856898 0 34.89985711 0 610.53352666 0 59196
0.23550000 0.23549300 5148.70854694 0 23.20305317 0 789.72028090 0 192.65291568 0 447.77367353 0 60063
0.23650000 0.23649900 5190.41799454 0 18.16868852 0 765.08103648 0 103.32649231 0 543.77848033 0 61537
0.23750000 0.23750400 5160.37877730 0 42.80760077 0 635.99212312 0 80.65845388 0 265.76790539 0 61224
0.23850000 0.23850100 5136.20789222 0 157.00445870 0 750.60507901 0 -179.71379690 0 347.73189709 0 61221
0.23950000 0.23949400 5015.45311775 0 157.63558121 0 859.27551818 0 -260.77871583 0 262.21368912 0 62332
0.24050000 0.24050100 4869.19877922 0 165.10164984 0 915.03131704 0 -195.08882714 0 479.96867240 0 63447
0.24150000 0.24150500 4857.03029425 0 26.45078748 0 982.35437363 0 6.05557624 0 427.72280051 0 63342
0.24250000 0.24250300 4851.43877021 0 -4.23445561 0 973.37582543 0 241.80960895 0 373.49941141 0 63379
0.24350000 0.24349600 4867.19468843 0 -10.51730239 0 857.23045978 0 300.30691543 0 269.87905959 0 64266
0.24450000 0.24449500 4864.50411350 0 0.17031561 0 737.18542133 0 194.70461747 0 342.10604885 0 64695
0.24550000 0.24549600 4858.45862415 0 42.27790075 0 613.32818145 0 26.41535604 0 416.89074514 0 65947
0.24650000 0.24650000 4839.85711845 0 35.68023456 0 696.11041795 0 -51.33849487 0 444.48076412 0 66018
0.24750000 0.24750000 4799.29919264 0 110.96351764 0 723.31733450 0 -71.42911753 0 488.96050739 0 66303
0.24850000 0.24849600 4719.41236908 0 154.04150457 0 882.83963986 0 -145.67747041 0 432.57026432 0 66958
0.24950000 0.24949200 4588.32711555 0 173.03054164 0 885.07735670 0 23.76752029 0 557.05641225 0 66975
0.25050000 0.25048900 4458.14979265 0 120.69055499 0 857.81064960 0 60.98957608 0 553.22317340 0 68676
0.25150000 0.25150000 4410.40592804 0 32.62471580 0 803.57286648 0 206.28294753 0 567.20198348 0 69349
0.25250000 0.25249900 4457.25293434 0 -59.40700869 0 674.35329968 0 112.81702481 0 306.48637991 0 68592
0.25350000 0.25349900 4502.09584986 0 -51.15092969 0 649.31655880 0 20.43895800 0 252.16776881 0 70437
0.25450000 0.25450100 4513.13495770 0 35.64602107 0 690.78795141 0 -195.20619379 0 230.19363298 0 70099
0.25550000 0.25550100 4508.25206246 0 72.58872211 0 712.77426681 0 -159.89212101 0 240.35359823 0 71064
0.25650000 0.25650300 4501.59759524 0 48.55380518 0 782.37822231 0 -36.84902917 0 306.37454943 0 71409
0.25750000 0.25750600 4458.57054100 0 55.71029160 0 736.96065314 0 67.01513524 0 226.51208498 0 72612
0.25850000 0.25850600 4470.22969903 0 119.93763690 0 879.13373274 0 68.81161994 0 321.31111561 0 71845
0.25950000 0.25949600 4362.48490622 0 109.66296236 0 815.78121183 0 54.67558285 0 442.26962086 0 72816
0.26050000 0.26049800 4284.79040297 0 78.50787623 0 850.51398755 0 159.10487871 0 572.46355224 0 73743
0.26150000 0.26149900 4304.04517583 0 -17.82898959 0 746.76741123 0 68.66457947 0 582.14408583 0 74662
0.26250000 0.26250300 4334.46085211 0 12.34320626 0 844.85713680 0 52.12529427 0 516.52838172 0 74931
0.26350000 0.26350100 4329.00219597 0 45.37948038 0 851.83602313 0 -94.20655053 0 547.96049741 0 75087
0.26450000 0.26450200 4232.57331912 0 129.96584149 0 862.25065186 0 -93.99650853 0 573.83209159 0 76678
0.26550000 0.26550600 4254.88405363 0 73.14222763 0 817.73326269 0 -88.98650300 0 603.15714387 0 76035
0.26650000 0.26650100 4215.16762451 0 8.35080274 0 889.70115955 0 10.31823306 0 538.45379933 0 77094
0.26750000 0.26750600 4189.60162650 0 29.33667822 0 807.72055936 0 165.60433338 0 488.77338510 0 78463
0.26850000 0.26850100 4194.46237710 0 31.78299767 0 781.40717943 0 90.53352822 0 440.61763000 0 77076
0.26950000 0.26949700 4170.46864922 0 65.01680206 0 608.25484221 0 125.86133068 0 256.56791070 0 79149
0.27050000 0.27049900 4106.89136011 0 63.57728911 0 610.01312740 0 58.13789882 0 386.79505905 0 79648
0.27150000 0.27150200 4040.54598979 0 69.63418295 0 519.55112640 0 21.43402783 0 306.48084375 0 80241
0.27250000 0.27250500 4026.34019705 0 91.57764845 0 508.42565442 0 -19.03011539 0 321.55581399 0 80835
0.27350000 0.27350000 3961.30136107 0 48.65511695 0 443.31817002 0 36.82544511 0 313.70664292 0 80680
0.27450000 0.27450400 3907.83310452 0 48.53553584 0 458.56919022 0 30.37160842 0 387.47157810 0 82617
0.27550000 0.27550800 3925.72598143 0 38.95576041 0 473.64637493 0 73.70204437 0 296.68072905 0 82548
0.27650000 0.27649900 3879.76476110 0 2.83209031 0 399.90801333 0 77.30376091 0 190.00884452 0 81181
0.27750000 0.27748900 3933.04478813 0 -21.07661319 0 471.94123691 0 19.37092155 0 217.39845442 0 84096
0.27850000 0.27849800 3908.16527426 0 36.26994658 0 377.18871004 0 -41.65917924 0 72.15081166 0 85215
0.27950000 0.27950200 3933.63162135 0 99.55514776 0 490.73540105 0 -122.19196223 0 102.60191938 0 84514
0.28050000 0.28050300 3865.57004069 0 132.04190239 0 508.56073678 0 -169.57265460 0 160.08920839 0 85815
0.28150000 0.28150100 3760.80370325 0 119.62650457 0 536.36223717 0 -134.29179880 0 77.00093283 0 85485
0.28250000 0.28250000 3702.19788799 0 92.09981929 0 568.57938069 0 -3.21532562 0 124.41196336 0 87220
0.28350000 0.28350400 3664.56305593 0 26.14596638 0 571.69513290 0 162.73660125 0 231.87330465 0 87147
0.28450000 0.28449700 3658.93831492 0 -31.08931652 0 459.62659724 0 280.56274581 0 303.85116660 0 87102
0.28550000 0.28549800 3699.75090420 0 -14.47485024 0 460.88884227 0 267.11983625 0 199.37381685 0 88971
0.28650000 0.28649900 3708.13265409 0 9.70828083 0 289.10393718 0 161.90064073 0 340.41751932 0 89434
0.28750000 0.28750100 3691.03698457 0 43.76657482 0 295.38083812 0 67.22418073 0 493.51566182 0 89619
0.28850000 0.28849900 3666.48964045 0 79.43031161 0 280.35458611 0 -54.06848728 0 542.97573678 0 90240
0.28950000 0.28950100 3637.70159592 0 84.03706308 0 300.42760377 0 -85.58087733 0 506.98071603 0 91333
0.29050000 0.29050500 3590.27882872 0 58.55189304 0 332.85401423 0 -70.26065509 0 593.54858039 0 92139
0.29150000 0.29150600 3601.40651516 0 -1.21565269 0 291.14899557 0 -21.71592922 0 464.25482902 0 92370
0.29250000 0.29250200 3579.51652900 0 31.13792402 0 391.13208868 0 -22.04510944 0 326.66901359 0 91819
0.29350000 0.29349600 3624.94627773 0 53.87361436 0 263.62651777 0 29.30180040 0 362.98070283 0 93552
0.29450000 0.29450000 3552.62185201 0 53.89896998 0 253.22296137 0 -83.26255396 0 235.20496719 0 94701
0.29550000 0.29550200 3547.57287189 0 50.50031988 0 247.64029520 0 -74.62270818 0 189.08209093 0 95020
0.29650000 0.29650300 3502.18741246 0 98.99566319 0 290.66624221 0 -32.99475290 0 36.58318265 0 95151
0.29750000 0.29749800 3402.83544186 0 108.84460683 0 333.28583490 0 -122.18088991 0 40.48041954 0 95802
0.29850000 0.29850000 3383.66924760 0 31.37896854 0 318.70911928 0 61.04128383 0 62.18117967 0 97399
0.29950000 0.29950700 3383.93498340 0 13.08726649 0 317.16010104 0 50.97288670 0 58.54702122 0 97881
0.30050000 0.30050300 3359.16619278 0 57.65459184 0 342.46147048 0 68.13775825 0 47.14618052 0 97188
0.30150000 0.30149700 3366.71751831 0 64.34493339 0 300.75313012 0 48.96193107 0 147.07147610 0 98263
0.30250000 0.30249700 3305.36576649 0 72.53059240 0 275.94005020 0 -13.32963968 0 153.28194309 0 100050
0.30350000 0.30350600 3268.56135879 0 74.13862614 0 325.65368140 0 -30.80719368 0 207.82421515 0 100779
0.30450000 0.30450500 3241.85491133 0 40.30149077 0 369.63849175 0 34.82489747 0 232.78787868 0 99982
0.30550000 0.30550300 3243.98079769 0 -9.10057629 0 300.29473587 0 36.36262194 0 228.19507835 0 101559
0.30650000 0.30649700 3272.73562525 0 12.59067272 0 319.45982290 0 107.67570150 0 169.00907326 0 100935
0.30750000 0.30749800 3265.17322739 0 28.70644149 0 213.35373416 0 51.07497354 0 91.90073889 0 103762
0.30850000 0.30850200 3231.76802342 0 46.86062527 0 206.33609469 0 -8.62235151 0 185.01633325 0 102951
0.30950000 0.30950100 3208.79294942 0 58.20101107 0 197.07741668 0 40.83750201 0 161.68805209 0 104394
0.31050000 0.31050000 3194.78645852 0 16.96568043 0 184.76942041 0 46.40599561 0 270.95971850 0 103963
0.31150000 0.31149700 3204.61868296 0 23.40833407 0 141.11456535 0 112.16154318 0 243.81148527 0 105936
0.31250000 0.31250000 3188.89598172 0 41.87497885 0 66.63424727 0 84.22639983 0 270.64083554 0 105717
0.31350000 0.31349800 3153.57526555 0 60.80976152 0 36.89542221 0 75.93500012 0 306.21621518 0 106776
0.31450000 0.31450400 3109.00915815 0 73.75995263 0 -6.67627970 0 -24.03237030 0 314.79837415 0 108733
0.31550000 0.31549900 3094.02830267 0 58.54458531 0 -27.35118894 0 26.43683635 0 298.26517873 0 105891
0.31650000 0.31650000 3026.39854268 0 38.16054604 0 -0.59388850 0 -23.99682813 0 293.91154061 0 111072
0.31750000 0.31750600 3034.44812282 0 88.45547430 0 -35.33134560 0 -41.72959922 0 218.62526801 0 108121
0.31850000 0.31849900 3006.19154989 0 44.83870803 0 15.25312395 0 -76.37722877 0 130.81730327 0 110484
0.31950000 0.31950100 2969.50893776 0 81.01930095 0 87.46826582 0 -134.87752478 0 186.50777541 0 110817
0.32050000 0.32049800 2949.47910217 0 54.86702334 0 83.19434844 0 -26.44436553 0 108.45209292 0 111088
0.32150000 0.32149900 2925.76218240 0 39.58444701 0 166.48126151 0 -49.03013659 0 180.82988724 0 112635
0.32250000 0.32250100 2928.60776988 0 42.13285329 0 210.42510425 0 -31.78809094 0 74.10773435 0 113202
0.32350000 0.32350400 2901.91239474 0 26.13478333 0 244.08275723 0 37.92736288 0 203.24913053 0 113863
0.32450000 0.32450300 2914.93344873 0 34.12955547 0 189.03337270 0 44.35517961 0 148.81758173 0 114045
0.32550000 0.32549900 2885.78001748 0 57.18268936 0 248.59472960 0 0.46635414 0 209.34333811 0 114828
0.32650000 0.32650300 2877.14360413 0 35.95106362 0 142.96364359 0 94.73503259 0 263.57779954 0 116431
0.32750000 0.32750400 2828.85719559 0 17.07607151 0 145.20357490 0 131.62004682 0 325.61603550 0 116442
0.32850000 0.32850400 2896.01084562 0 3.24045980 0 41.19646678 0 83.32101583 0 245.32728654 0 116955
0.32950000 0.32949800 2849.86139577 0 32.61696517 0 45.28658357 0 11.58895949 0 201.55727930 0 117028
0.33050000 0.33049700 2862.64993094 0 93.91966660 0 20.16093192 0 -90.19482580 0 264.74371534 0 119061
0.33150000 0.33150100 2817.51913498 0 39.60349141 0 -57.57808208 0 -31.06174643 0 316.90211587 0 120060
0.33250000 0.33250400 2792.10814952 0 20.55100993 0 65.07138862 0 37.92647709 0 303.44924121 0 119737
0.33350000 0.33350100 2806.49109946 0 21.87060960 0 11.37105614 0 67.23458872 0 208.25603582 0 120531
0.33450000 0.33450000 2781.92161068 0 65.42426361 0 50.54671292 0 62.24108095 0 187.15329194 0 121704
0.33550000 0.33550300 2755.49197134 0 62.48666511 0 10.64980490 0 -44.15831367 0 289.03196707 0 122761
0.33650000 0.33650300 2735.68358224 0 56.11996762 0 37.81265360 0 -56.72041979 0 280.74986810 0 122472
0.33750000 0.33749900 2729.06233200 0 39.41659057 0 98.23621243 0 -40.43878760 0 338.18976756 0 122985
0.33850000 0.33849800 2714.85653926 0 56.25881457 0 51.79002428 0 -21.66233917 0 326.78859470 0 125380
0.33950000 0.33950300 2676.00375147 0 23.23549508 0 26.77476371 0 20.30775095 0 345.07896807 0 125223
0.34050000 0.34050000 2708.60067574 0 -8.60146910 0 -0.88334454 0 80.41984528 0 238.70714353 0 125178
0.34150000 0.34149900 2707.70381743 0 11.21759372 0 -19.00409543 0 60.48988206 0 172.78141433 0 127059
0.34250000 0.34250300 2703.18630890 0 62.21018916 0 -58.23677468 0 -14.52755450 0 200.77225147 0 127957
0.34350000 0.34349800 2678.27357806 0 52.76593899 0 -83.25568912 0 6.67694404 0 195.70777010 0 126732
0.34450000 0.34449700 2643.69470765 0 46.92550909 0 -67.50320332 0 -39.89103969 0 250.95645648 0 129639
0.34550000 0.34550000 2656.38359189 0 70.38654743 0 -41.88782274 0 -25.15742922 0 156.11313655 0 129826
0.34650000 0.34650400 2612.19394354 0 60.87232016 0 -11.79269027 0 4.14995163 0 236.59343672 0 130875
0.34750000 0.34750200 2560.66334383 0 30.18603626 0 -73.92692329 0 24.54092217 0 208.48966187 0 130686
0.34850000 0.34850200 2562.84459182 0 20.91761460 0 -90.79671738 0 118.55802523 0 261.91252189 0 132211
0.34950000 0.34950400 2586.36220974 0 20.10689898 0 -132.50251110 0 57.48662467 0 193.33939982 0 132768
0.35050000 0.35050300 2556.89875340 0 40.33415413 0 -156.72432888 0 43.69482616 0 197.45830465 0 132957
0.35150000 0.35150100 2541.00996728 0 53.69512848 0 -229.59904914 0 -2.92884029 0 273.43991926 0 133987
0.35250000 0.35249800 2499.65483408 0 61.01614965 0 -170.10523342 0 -37.44671326 0 225.57425907 0 134778
0.35350000 0.35349800 2504.46022305 0 62.31858722 0 -117.90032913 0 -58.44504511 0 309.64420695 0 135699
0.35450000 0.35450100 2487.36455353 0 32.08925817 0 -100.83787659 0 -23.62723393 0 307.48953254 0 137380
0.35550000 0.35550100 2495.08196393 0 -4.31007959 0 -139.61315810 0 15.95344849 0 291.05377358 0 136161
0.35650000 0.35649900 2504.08376401 0 12.36900478 0 -122.36469050 0 105.12541293 0 323.52890227 0 138792
0.35750000 0.35750000 2545.32817396 0 12.32095089 0 -144.70974922 0 27.57230326 0 261.99888602 0 138097
0.35850000 0.35849800 2490.66410633 0 57.75977893 0 -166.82228911 0 65.14247295 0 271.50004795 0 140028
0.35950000 0.35950300 2465.27526552 0 80.68037709 0 -229.15837061 0 29.18631605 0 289.38406700 0 141099
0.36050000 0.36050500 2432.44582243 0 42.31255712 0 -279.70464064 0 17.86253874 0 344.14224939 0 140821
0.36150000 0.36150200 2418.55005479 0 16.30621276 0 -317.38929816 0 63.68435849 0 342.85896694 0 141756
0.36250000 0.36250400 2432.94407705 0 18.49809018 0 -324.38590021 0 31.83990942 0 232.59300577 0 142971
0.36350000 0.36349900 2417.70855810 0 48.12132017 0 -367.92671033 0 -21.54552614 0 253.44994403 0 142270
0.36450000 0.36450000 2407.80989971 0 48.90313703 0 -411.36122613 0 -65.41429852 0 242.92348482 0 145311
0.36550000 0.36550300 2374.48220201 0 57.57376387 0 -360.60790362 0 -49.30019059 0 253.52523584 0 145434
0.36650000 0.36650100 2365.60219750 0 49.17009078 0 -347.12845539 0 -19.75048084 0 165.56336578 0 144547
0.36750000 0.36749600 2329.24068280 0 54.58279677 0 -327.45514865 0 10.28793918 0 185.49465769 0 146892
0.36850000 0.36849900 2308.19219332 0 62.42654239 0 -286.27827988 0 -17.25677185 0 105.96602383 0 148113
0.36950000 0.36949900 2273.21471922 0 65.62135099 0 -278.53540314 0 -23.47554308 0 209.30569221 0 147387
0.37050000 0.37049800 2268.74149999 0 70.73765085 0 -230.96869572 0 39.65165602 0 222.45297070 0 149758
0.37150000 0.37150100 2231.80422440 0 35.07734647 0 -253.81090182 0 -40.93704221 0 270.41606735 0 150099
0.37250000 0.37250000 2256.67266594 0 23.64107434 0 -243.17482660 0 12.49711158 0 236.20036919 0 150468
0.37350000 0.37349800 2234.77160745 0 29.29482484 0 -247.11768146 0 -0.97873151 0 259.55190224 0 150709
0.37450000 0.37449700 2254.24782680 0 28.55187184 0 -256.49040442 0 -12.80890824 0 338.90836144 0 153108
0.37550000 0.37550100 2245.10208650 0 8.15994908 0 -279.22963790 0 -0.58859039 0 216.34658356 0 153189
0.37650000 0.37649900 2280.16813920 0 7.72838307 0 -234.26714128 0 31.36955706 0 259.83092482 0 153547
0.37750000 0.37749900 2267.50139961 0 10.80457386 0 -324.35268324 0 12.75852917 0 178.85458449 0 155424
0.37850000 0.37850200 2298.35996888 0 22.45068870 0 -293.68455795 0 16.47561933 0 238.70382184 0 155313
0.37950000 0.37949900 2293.47707364 0 16.45679638 0 -356.88095909 0 34.01827860 0 248.29466959 0 156100
0.38050000 0.38050000 2275.69491998 0 59.42062765 0 -314.25140131 0 17.54908122 0 189.01344251 0 157557
0.38150000 0.38149800 2274.77591702 0 82.64992223 0 -320.87043708 0 -57.57963220 0 199.65062497 0 157692
0.38250000 0.38250100 2204.04590607 0 52.15530027 0 -290.83011262 0 -78.54231116 0 198.12153691 0 159703
0.38350000 0.38350500 2199.30695105 0 69.67980093 0 -299.83634162 0 -54.99147627 0 199.12468954 0 160338
0.38450000 0.38450600 2206.47074521 0 19.48563083 0 -245.66942138 0 -37.24874009 0 206.05375041 0 160167
0.38550000 0.38550000 2175.83362244 0 44.06896001 0 -237.42829002 0 -5.62130859 0 200.66263546 0 160033
0.38650000 0.38649600 2198.22186322 0 30.72758367 0 -240.03582251 0 25.07161870 0 224.33083699 0 162444
0.38750000 0.38750200 2167.64010207 0 33.71855077 0 -233.52529552 0 48.71523967 0 211.22009717 0 164307
0.38850000 0.38850400 2170.40818328 0 23.90337771 0 -314.77180057 0 53.95687824 0 207.11558636 0 163882
0.38950000 0.38950500 2145.00827014 0 33.89759026 0 -299.00702450 0 37.40286685 0 211.67406249 0 164595
0.39050000 0.39050100 2164.21875370 0 31.68866146 0 -378.58603743 0 53.84571210 0 212.20774854 0 165006
0.39150000 0.39150100 2136.92547302 0 43.52276223 0 -366.05991636 0 -27.06762670 0 171.88344879 0 166687
0.39250000 0.39250100 2108.30351337 0 66.89765788 0 -363.30069302 0 -35.11831407 0 208.69782158 0 167256
0.39350000 0.39350100 2068.96354329 0 68.61198593 0 -325.14767616 0 -28.35788471 0 184.90118108 0 167937
0.39450000 0.39449600 2063.31665763 0 46.84988511 0 -363.60186025 0 -51.33517317 0 176.82613459 0 167719
0.39550000 0.39549700 2054.10448338 0 42.13218895 0 -309.44601233 0 -5.31110634 0 176.22269288 0 171636
0.39650000 0.39650400 2049.98557855 0 33.12252753 0 -317.33061484 0 -15.71760797 0 204.85461763 0 171093
0.39750000 0.39750000 2053.78338596 0 35.69075327 0 -274.93246864 0 5.28322622 0 246.34261873 0 170464
0.39850000 0.39849800 2046.97390620 0 24.42477349 0 -316.79028539 0 33.86293389 0 283.38840311 0 172113
0.39950000 0.39949500 2056.54039484 0 36.25234158 0 -349.55550899 0 92.08708611 0 221.82406265 0 173232
