### header ###
fiducial parameters:
Omega_m = 0.31
Omega_nu = 0
Omega_de = 0.69
Omega_k = 0
H_0 = 100
w_de = -1
zeff = 0
beta = 0
fgrowth = 0
b_1 = 2
gamma = 0.55
Lx = 3500 Ly = 3500 Lz = 3500
nx = 700 ny = 700 nz = 700
xoffset = -685.467585 yoffset = -31.7331281 zoffset = 572.489161
bins = 400 dk = 0.001
kx_ny = 0.628318531 ky_ny = 0.628318531 kz_ny = 0.628318531
############################
A(data) = 8.05684256 (not used)
A(ran) = 8.05778125 (used)
Ngal = 478940
weighted Ngal = 0
Nran = 23820508
weighted Nran = 0
SN(data) = 3488.1881
SN(ran) = 70.186197
SN(data+ran) = 3558.3743
############################
13 columns: k_central k_mean P_0(k) sigma^{lin}_{P_0(k)} P^img_1(k) sigma^{lin}_{P_1(k)} P_2(k) sigma^{lin}_{P_2(k)} P^img_3(k) sigma^{lin}_{P_3(k)} P_4(k) sigma^{lin}_{P_4(k)} N_modes
### header ###
0.00050000 0 0 0 0 0 0 0 0 0 0 0 0
0.00150000 0.00179520 89234.74451792 0 -91866.63612732 0 -46453.93877663 0 193725.82395696 0 79264.89108147 0 3
0.00250000 0.00253879 143375.53407665 0 -77155.17031052 0 706.42207406 0 -91816.92138888 0 -49620.51295152 0 6
0.00350000 0.00331552 156965.70555906 0 -19518.29419031 0 -40200.51116556 0 -96921.48457677 0 29794.96174749 0 7
0.00450000 0.00420575 169437.57223478 0 808.67277929 0 -49362.74922974 0 -57631.78285080 0 58358.12735890 0 24
0.00550000 0.00557378 151376.39599061 0 6310.91512153 0 -49745.63022197 0 -60280.17222417 0 13450.66018969 0 45
0.00650000 0.00659388 147804.46400411 0 21290.86267053 0 157.63225951 0 18620.77154051 0 -29152.21329177 0 40
0.00750000 0.00754703 123294.76578555 0 14487.91557870 0 2932.58273449 0 -12393.47461601 0 11430.51452653 0 57
0.00850000 0.00846663 108974.92809760 0 11365.40925660 0 -2549.87889946 0 -432.06868800 0 -7946.91754744 0 75
0.00950000 0.00948925 104019.95201801 0 11911.71776315 0 16448.38141109 0 -10103.59604794 0 -4598.38078648 0 112
0.01050000 0.01054430 86460.46281136 0 8687.56749921 0 23191.20577915 0 -15603.56302743 0 -5517.71591618 0 105
0.01150000 0.01145670 79580.34161555 0 8034.36676886 0 12794.07132795 0 -8257.85057299 0 -3278.23857068 0 144
0.01250000 0.01249090 77615.11468349 0 5532.33138494 0 20807.88786194 0 4487.17035600 0 2302.45672906 0 169
0.01350000 0.01339930 74500.02681901 0 2108.81284031 0 31244.77195924 0 -6760.98298076 0 -24742.10631650 0 180
0.01450000 0.01448870 66681.41537157 0 3473.70939303 0 20596.51718115 0 -8214.31419181 0 -35337.98899820 0 267
0.01550000 0.01550050 67397.24117110 0 647.36229347 0 31728.96472356 0 -21595.57304954 0 -22986.25704676 0 238
0.01650000 0.01653350 68482.77189632 0 1005.60404128 0 20422.68168150 0 -10751.42670075 0 -30826.23808110 0 315
0.01750000 0.01747870 73378.95393113 0 -8445.03929638 0 26652.63596396 0 -12350.51399571 0 -27232.71506121 0 297
0.01850000 0.01844180 78974.57472472 0 62.69925375 0 28145.73896575 0 -3516.96896610 0 -44883.44022435 0 388
0.01950000 0.01947590 74413.33051568 0 196.85818465 0 38521.06093706 0 173.02500548 0 -34992.08957086 0 399
0.02050000 0.02045430 77873.21057501 0 9759.14709515 0 33282.63334211 0 -758.12097310 0 -26069.45661576 0 462
0.02150000 0.02154770 72749.82443493 0 3316.39380201 0 32253.57147347 0 12096.07197138 0 -19060.89645205 0 571
0.02250000 0.02255340 69588.67569921 0 -2505.55638321 0 29505.97406972 0 8793.58500934 0 -21318.10058958 0 510
0.02350000 0.02348930 72451.31455782 0 921.46101606 0 27118.22722258 0 4691.11150684 0 -31173.46618741 0 555
0.02450000 0.02439640 71783.87481775 0 2730.35779400 0 26253.70010074 0 -2397.72301180 0 -24698.14918697 0 592
0.02550000 0.02547300 64262.66601494 0 6472.18353252 0 19863.08638516 0 -4265.00415852 0 -24964.88149185 0 837
0.02650000 0.02652900 64128.46943814 0 3708.03300317 0 19100.53537490 0 1246.24551996 0 -17887.78363752 0 723
0.02750000 0.02749970 55644.41126910 0 -340.53599319 0 21210.47759234 0 3919.14902048 0 -16706.58802586 0 826
0.02850000 0.02848090 63422.38728445 0 -390.21972912 0 20846.97316855 0 8419.68367254 0 -27835.60314758 0 831
0.02950000 0.02946900 61566.44419835 0 -1492.95906157 0 22028.72239644 0 572.77136287 0 -24990.12639244 0 996
0.03050000 0.03053250 62233.21959893 0 1511.35019310 0 22563.62640843 0 -5188.75714581 0 -16499.31410526 0 1041
0.03150000 0.03150510 62385.57478844 0 816.83197545 0 28010.65660296 0 -5913.10863545 0 -7756.10817384 0 1036
0.03250000 0.03246190 63336.57676711 0 1993.84889172 0 34418.65386851 0 -133.77915016 0 -9455.73217815 0 1059
0.03350000 0.03345080 60978.39302723 0 3133.74473180 0 32900.52741262 0 6557.99404986 0 -8611.44526608 0 1302
0.03450000 0.03451200 54934.67524822 0 4024.24752766 0 29120.65716603 0 8501.78496107 0 -6873.79889834 0 1339
0.03550000 0.03553350 56607.37135858 0 637.21229331 0 27276.89363723 0 2207.84371349 0 -5785.38936867 0 1365
0.03650000 0.03647120 53793.22928267 0 1929.13115315 0 30685.73027915 0 4242.77093028 0 -4795.36851733 0 1308
0.03750000 0.03744890 53086.70423599 0 2465.91746036 0 25270.47765684 0 1462.15585393 0 -4057.99597371 0 1579
0.03850000 0.03847530 50298.80356991 0 1872.45192241 0 27892.07200416 0 1871.01252018 0 6049.42002629 0 1662
0.03950000 0.03950240 49639.22518046 0 251.66729973 0 26556.30673803 0 5852.03369175 0 -205.91423912 0 1683
0.04050000 0.04050350 49287.78959071 0 146.43038849 0 22260.13398515 0 5651.27029814 0 1081.27341633 0 1822
0.04150000 0.04152450 48060.09021482 0 730.37815603 0 19829.75868746 0 3550.11950660 0 -914.37251371 0 1887
0.04250000 0.04250150 47013.64479621 0 1981.00499493 0 18735.70227213 0 842.47326527 0 -187.69140693 0 1920
0.04350000 0.04349210 46441.31632634 0 141.19650055 0 21151.01920807 0 -2855.22040098 0 -3651.80773774 0 2005
0.04450000 0.04448520 44631.54483473 0 4051.13113232 0 23162.97135086 0 -2897.62740504 0 -3845.76165159 0 2151
0.04550000 0.04548030 41208.42489380 0 4559.43942010 0 20350.71157018 0 -1984.09417355 0 1124.23957279 0 2274
0.04650000 0.04648670 40348.65887163 0 -217.35084342 0 23719.90928924 0 4327.87281884 0 733.66552927 0 2311
0.04750000 0.04749250 39843.65013665 0 -1260.52881898 0 20032.27150839 0 3851.72963466 0 -3655.76055770 0 2568
0.04850000 0.04851840 38986.76291894 0 1720.17423918 0 18322.04021690 0 6201.09980398 0 -4469.63179349 0 2493
0.04950000 0.04949480 37432.31923765 0 1869.15236961 0 16093.84557040 0 1204.10425170 0 -4452.30360515 0 2644
0.05050000 0.05050630 35854.07005800 0 833.44710607 0 13551.08617580 0 3741.10603740 0 -889.00028139 0 2829
0.05150000 0.05149060 35726.73832258 0 -374.87016522 0 12458.02626970 0 976.78277978 0 -1990.73756844 0 2784
0.05250000 0.05249300 35719.98420444 0 -461.02060294 0 11857.24192504 0 1396.65198030 0 -952.93520659 0 3055
0.05350000 0.05348950 37072.69012754 0 -87.50414015 0 14144.11989308 0 -575.55162363 0 -3232.03375921 0 3009
0.05450000 0.05448610 35923.27208811 0 1214.19113961 0 12983.74025209 0 -1015.81493923 0 2103.71957089 0 3336
0.05550000 0.05550870 35641.48142148 0 580.40240913 0 13472.69411608 0 1586.87452068 0 -162.52179815 0 3349
0.05650000 0.05647670 36128.22082051 0 -484.02446498 0 14912.09634250 0 897.15394138 0 585.85442187 0 3324
0.05750000 0.05747970 36165.53455514 0 -909.27813706 0 12977.31830369 0 3030.96034051 0 -2438.80133688 0 3639
0.05850000 0.05849280 35833.25408734 0 -21.75988635 0 11952.90681147 0 2613.88800924 0 -1465.77650414 0 3846
0.05950000 0.05951020 35626.31233648 0 559.79459818 0 7001.66210534 0 3112.99519509 0 -3692.36566355 0 3787
0.06050000 0.06049470 35100.48763084 0 973.71353134 0 6891.03850808 0 77.55609919 0 -4114.78592770 0 3930
0.06150000 0.06148310 34808.95331836 0 1228.38586003 0 6403.26938285 0 -723.82223251 0 -3878.18141865 0 4083
0.06250000 0.06249100 32335.39595388 0 1083.55431524 0 6062.11998286 0 -684.25860147 0 -2101.93692660 0 4303
0.06350000 0.06350600 32636.12029595 0 75.27021773 0 7812.98670643 0 -390.21419296 0 -272.65710589 0 4470
0.06450000 0.06451750 33511.71974261 0 -728.18805019 0 9668.80799696 0 -1056.05951825 0 -633.03913409 0 4479
0.06550000 0.06550280 33804.47201082 0 631.94408116 0 10965.51010112 0 45.05550415 0 -2269.69371992 0 4636
0.06650000 0.06648880 32888.90147156 0 1398.21317810 0 10660.71114351 0 -1465.09002000 0 3030.70567704 0 4653
0.06750000 0.06749660 32997.29953154 0 722.24996239 0 13139.08496929 0 885.71622985 0 3106.72825924 0 5220
0.06850000 0.06852730 32007.98730899 0 -652.71908422 0 12418.16590035 0 1125.01463552 0 2462.31895479 0 5029
0.06950000 0.06949320 32158.79237302 0 946.44128808 0 13651.62288515 0 2443.38527935 0 1064.45566216 0 5040
0.07050000 0.07048030 31439.64487605 0 1141.72277367 0 10949.31128991 0 617.62645794 0 8.01248786 0 5475
0.07150000 0.07148790 30066.78732179 0 976.78610148 0 11472.58936084 0 808.71263966 0 1948.71809576 0 5509
0.07250000 0.07249820 29651.57514109 0 1081.54690275 0 12032.84899666 0 -809.57517376 0 1160.41285797 0 5916
0.07350000 0.07351270 28477.68726381 0 771.05012679 0 11179.39419964 0 -243.56235797 0 1044.95951262 0 5721
0.07450000 0.07449140 28245.38988912 0 1090.29071766 0 12158.07699036 0 617.53566488 0 3046.56124618 0 6028
0.07550000 0.07549160 27118.67011557 0 429.46226274 0 10412.04887274 0 525.89778298 0 815.36046348 0 6183
0.07650000 0.07648840 27298.59539388 0 405.06660947 0 11726.03487594 0 2414.18755881 0 2832.82108788 0 6330
0.07750000 0.07749960 26196.67762792 0 25.93503859 0 9717.27156269 0 1233.81129919 0 951.25221321 0 6583
0.07850000 0.07848650 26959.33936143 0 160.48006146 0 9915.87585296 0 1297.11178018 0 3237.86887439 0 6549
0.07950000 0.07947320 26159.80678628 0 107.49046151 0 8848.68089764 0 1023.84569642 0 2451.82239087 0 6828
0.08050000 0.08048110 26168.77536938 0 336.85223073 0 8041.24268257 0 1698.20674674 0 2856.96982831 0 7147
0.08150000 0.08149960 25382.52958401 0 502.90942219 0 7580.77791033 0 -6.49489287 0 2855.53042608 0 7386
0.08250000 0.08250610 24784.29187406 0 1066.69116454 0 7754.50268674 0 276.54681360 0 2337.93245778 0 7227
0.08350000 0.08350160 24081.86358756 0 817.08774615 0 8207.57114599 0 -458.50164904 0 1216.52740015 0 7798
0.08450000 0.08449610 23487.61191455 0 754.74945019 0 7997.96096485 0 -647.23053281 0 2247.37191309 0 7371
0.08550000 0.08548940 23056.89847910 0 570.93224972 0 8538.04682486 0 -416.32605658 0 1780.23052899 0 8256
0.08650000 0.08650700 22446.48121185 0 489.37461233 0 8843.03401198 0 231.40383808 0 1370.01196679 0 8037
0.08750000 0.08749060 21820.34124335 0 428.06382812 0 7839.46063507 0 1172.93565734 0 382.85109695 0 8155
0.08850000 0.08849210 21518.84183854 0 654.34450150 0 7890.91372850 0 513.11146228 0 -321.22364424 0 8718
0.08950000 0.08949900 20676.79153608 0 565.75372340 0 7655.54931983 0 515.29160304 0 -286.61266409 0 8571
0.09050000 0.09049190 20582.45532863 0 569.31126136 0 7914.88531174 0 2.54108747 0 -1878.81850918 0 8932
0.09150000 0.09150830 19980.56375149 0 230.73506966 0 7164.83495620 0 -593.72684482 0 -886.05725745 0 9285
0.09250000 0.09250820 19551.95405776 0 315.61219003 0 7187.58858370 0 -9.81877156 0 -987.51075530 0 9204
0.09350000 0.09350330 19537.89220524 0 -164.97874703 0 6742.92401898 0 -83.16124219 0 -1928.41145204 0 9349
0.09450000 0.09448040 19636.32517288 0 183.47285117 0 6913.06136215 0 224.15035809 0 -2699.41064614 0 9564
0.09550000 0.09549270 19315.89209262 0 520.56756581 0 7219.26650501 0 -23.59368479 0 -2859.50539069 0 10155
0.09650000 0.09649430 18815.53373407 0 874.60404466 0 7381.96324589 0 -676.67516620 0 -2045.62308257 0 9913
0.09750000 0.09749140 18434.42431381 0 512.71396582 0 7650.93216039 0 122.02919906 0 -858.45616614 0 10476
0.09850000 0.09850240 18020.65153534 0 45.15980545 0 7954.61281319 0 72.32509005 0 -280.84509010 0 10575
0.09950000 0.09950330 18462.99091184 0 273.99132103 0 8369.43746252 0 909.21281034 0 479.44052251 0 10882
0.10050000 0.10051200 18202.90200185 0 248.35003122 0 8808.79838365 0 834.81453819 0 1328.57932731 0 10875
0.10150000 0.10150300 17697.56109713 0 439.00107057 0 7984.44165625 0 862.18089621 0 1545.65225538 0 11118
0.10250000 0.10250800 17587.61291168 0 145.90002414 0 8309.46975130 0 998.98168381 0 1572.20369030 0 11575
0.10350000 0.10349800 16930.58115694 0 378.24943876 0 6873.05705258 0 1324.29433761 0 1883.03706493 0 11364
0.10450000 0.10450100 16455.46769898 0 640.40555179 0 6439.77483777 0 1686.00504478 0 1176.76668173 0 12093
0.10550000 0.10551000 16070.04007204 0 143.12751400 0 5183.95175684 0 615.33116501 0 679.63479862 0 12067
0.10650000 0.10649700 15791.12820986 0 224.03077699 0 5052.47897195 0 599.87973572 0 91.17085124 0 12054
0.10750000 0.10749900 15612.86378028 0 347.85701436 0 4344.13806400 0 -26.23709161 0 338.11226129 0 12807
0.10850000 0.10850100 15391.97090014 0 337.37373722 0 4614.54638072 0 -862.47763452 0 -434.52120795 0 12736
0.10950000 0.10950300 15120.92038858 0 322.37848772 0 4853.24355916 0 -624.28756855 0 396.03269965 0 12933
0.11050000 0.11050200 14922.28288134 0 198.42713307 0 5298.38423384 0 -107.60616730 0 643.60323920 0 13428
0.11150000 0.11150900 15091.80017431 0 -21.11403764 0 5579.67664586 0 341.99754007 0 260.36793258 0 13453
0.11250000 0.11250000 14939.77715455 0 24.94960168 0 5449.56575692 0 230.94212214 0 -227.65364167 0 13668
0.11350000 0.11349100 14860.27786235 0 457.13975309 0 5093.60158632 0 228.06885385 0 212.16345924 0 13791
0.11450000 0.11448600 14644.14608189 0 162.18962841 0 5171.30716190 0 -83.65008533 0 581.29705298 0 14205
0.11550000 0.11549300 14377.63522351 0 80.91511037 0 5238.70440307 0 29.68335271 0 -248.42200133 0 14776
0.11650000 0.11649800 14487.58340896 0 -49.77475044 0 5182.96631993 0 498.32990865 0 215.27921145 0 14553
0.11750000 0.11747300 14545.82383750 0 132.44050609 0 5565.38227452 0 33.73106250 0 -116.27934078 0 14568
0.11850000 0.11849100 14419.59933457 0 51.27051080 0 5371.36192672 0 167.01605480 0 353.76299242 0 16015
0.11950000 0.11950300 14175.78674206 0 350.65720531 0 5489.86901926 0 438.08206761 0 482.89951678 0 15270
0.12050000 0.12050700 14278.98080937 0 281.48174877 0 5418.65182602 0 401.79695195 0 1144.34691466 0 15999
0.12150000 0.12150000 14007.81957457 0 -142.42552861 0 5631.21831789 0 518.61440772 0 1744.16796706 0 15670
0.12250000 0.12250700 14231.03764291 0 -110.05137952 0 4909.54633086 0 667.31019387 0 1348.03340202 0 16887
0.12350000 0.12352200 14169.03262393 0 93.35519948 0 5176.83225198 0 259.07689950 0 994.16854421 0 16407
0.12450000 0.12449800 13993.20410581 0 312.49975952 0 4613.11805082 0 28.77896522 0 708.80816006 0 16306
0.12550000 0.12549900 13705.43438377 0 456.07238098 0 4785.69130544 0 -379.29466622 0 1061.94667336 0 17523
0.12650000 0.12650100 13515.98690612 0 231.22557365 0 4920.66294498 0 201.84183805 0 838.31007113 0 17154
0.12750000 0.12750600 13342.26212972 0 55.11260751 0 4889.02931297 0 -72.14892937 0 870.16957857 0 18007
0.12850000 0.12850300 13218.69498474 0 -121.67931359 0 4729.68748651 0 714.39414793 0 705.72783929 0 17496
0.12950000 0.12949900 13343.48008545 0 81.43008420 0 4889.25075947 0 285.62833442 0 749.45798616 0 18405
0.13050000 0.13049000 13126.79468875 0 298.68149815 0 4156.78325574 0 123.58818239 0 887.55091407 0 18100
0.13150000 0.13148800 12976.65396421 0 203.08858182 0 4649.88924154 0 60.39698525 0 694.52264657 0 19059
0.13250000 0.13249300 12783.33117287 0 155.08008864 0 4357.15911798 0 -122.28829146 0 649.81259896 0 18957
0.13350000 0.13349100 12719.99747491 0 226.06365582 0 4362.34096600 0 -52.02021791 0 -134.73358456 0 19468
0.13450000 0.13450700 12502.09412248 0 249.20260023 0 4312.08368365 0 -25.33060038 0 9.03712079 0 19953
0.13550000 0.13551000 12244.44112395 0 196.26802974 0 4310.06852053 0 222.93683129 0 168.48867400 0 19956
0.13650000 0.13649900 12021.88739509 0 423.51753155 0 4095.66402274 0 560.17548615 0 -1.74271749 0 19723
0.13750000 0.13749600 11824.46784358 0 24.97418224 0 3985.12900408 0 497.64785344 0 572.35504346 0 20946
0.13850000 0.13851100 11610.10763509 0 144.42851217 0 3918.86114004 0 920.97051207 0 139.21123271 0 20955
0.13950000 0.13949800 11593.72059436 0 50.70261126 0 3748.87880942 0 343.80454348 0 1318.71388590 0 20506
0.14050000 0.14048300 11530.16544990 0 77.96909691 0 3452.37302310 0 304.42582026 0 821.71819239 0 21447
0.14150000 0.14148400 11569.47220300 0 55.30482307 0 3492.35518802 0 98.30375361 0 1183.89725891 0 21771
0.14250000 0.14249400 11391.65066642 0 95.94523770 0 3347.29666057 0 -3.50811111 0 1290.02549230 0 22470
0.14350000 0.14350900 11341.82520473 0 64.08628388 0 3273.51068798 0 90.69673429 0 1638.48262666 0 22519
0.14450000 0.14449900 11358.87658495 0 126.96745593 0 3066.32534598 0 476.77873562 0 1496.53542249 0 22218
0.14550000 0.14550500 11236.08450271 0 235.20607443 0 3201.28591319 0 206.98604016 0 1087.65218266 0 23559
0.14650000 0.14650700 10977.72287540 0 269.32544335 0 2960.01995539 0 174.57291649 0 1571.21825339 0 23044
0.14750000 0.14750500 10671.37379231 0 398.72106011 0 3095.92167022 0 -100.95014996 0 1200.50574614 0 23649
0.14850000 0.14849900 10412.10423436 0 262.41741990 0 3109.11988140 0 33.08543524 0 1599.80699607 0 23640
0.14950000 0.14949500 10302.12283194 0 6.83940826 0 3203.93219882 0 6.69159272 0 1294.04474620 0 24457
0.15050000 0.15050000 10193.39260222 0 184.07629288 0 3100.93743336 0 120.62965720 0 1126.99658167 0 24591
0.15150000 0.15149900 10218.83680465 0 5.74949289 0 2967.36090675 0 241.72767374 0 1271.28004638 0 25020
0.15250000 0.15250500 10026.46623325 0 80.85653777 0 2863.36963205 0 45.76114341 0 1265.14597843 0 25297
0.15350000 0.15350100 10145.29442321 0 64.82203986 0 2733.62412983 0 296.32752189 0 1294.06689085 0 25452
0.15450000 0.15450400 10105.68871733 0 133.05169842 0 2650.73670623 0 241.58151906 0 845.07747606 0 26061
0.15550000 0.15549900 9762.47986493 0 248.12637026 0 2387.48111135 0 -98.99344872 0 962.52051818 0 26128
0.15650000 0.15649500 9756.60046045 0 136.25381475 0 2462.46289502 0 27.51483790 0 816.31821958 0 26331
0.15750000 0.15749700 9572.36804779 0 18.77080154 0 2417.23244813 0 -82.13273393 0 788.32184628 0 27345
0.15850000 0.15849900 9683.50097199 0 67.63097795 0 2512.11119950 0 -58.02573617 0 244.47803923 0 26980
0.15950000 0.15949700 9436.17845252 0 99.02345472 0 2489.25792108 0 -298.62060036 0 68.86587434 0 27777
0.16050000 0.16050000 9592.42002804 0 123.91813767 0 2606.31453906 0 9.72299595 0 10.69370667 0 28224
0.16150000 0.16150500 9458.84350142 0 -12.67659396 0 2531.21095982 0 -59.45428752 0 -208.17299338 0 28075
0.16250000 0.16249700 9403.68117918 0 120.35395631 0 2323.23948275 0 3.97933818 0 -257.87998119 0 28590
0.16350000 0.16349900 9412.55011136 0 193.96166448 0 2471.28753790 0 -23.74548636 0 -557.74953979 0 29163
0.16450000 0.16449100 9146.90289431 0 252.59737502 0 2438.24772064 0 20.47992560 0 -295.98649428 0 28996
0.16550000 0.16550500 8960.27885949 0 211.38064588 0 2301.57094308 0 -35.92260775 0 -381.84462263 0 30777
0.16650000 0.16650700 8812.35259991 0 140.82004151 0 2404.72072109 0 285.10018452 0 210.00989207 0 29211
0.16750000 0.16749900 8768.26260248 0 93.85478277 0 2178.46883574 0 350.69042228 0 -124.92461200 0 30922
0.16850000 0.16850800 8609.21972879 0 2.57638605 0 2163.38832934 0 445.67325351 0 15.23286159 0 30867
0.16950000 0.16949900 8770.31098258 0 -33.47473818 0 2087.31038551 0 34.02016090 0 -12.83337808 0 30852
0.17050000 0.17049200 8648.51540957 0 101.15842039 0 2134.52277854 0 130.99446046 0 481.61623433 0 31257
0.17150000 0.17149500 8670.33896179 0 152.64749888 0 2192.24280782 0 -67.38860476 0 449.59949989 0 32608
0.17250000 0.17250900 8457.71710830 0 114.31511036 0 2017.89798122 0 146.36395455 0 637.70944070 0 32361
0.17350000 0.17350400 8530.04153401 0 112.91446127 0 2088.30689475 0 120.32959720 0 576.92680637 0 32508
0.17450000 0.17449800 8275.35591853 0 83.90740615 0 2080.14659135 0 70.64353608 0 275.52151632 0 32791
0.17550000 0.17549800 8317.32002960 0 202.28251658 0 2145.20757199 0 -128.01379062 0 128.23523712 0 33633
0.17650000 0.17650100 8139.33240814 0 139.14258430 0 2139.31709519 0 -12.86227685 0 223.42733528 0 33984
0.17750000 0.17750300 8112.27164628 0 52.33068590 0 2085.33951169 0 -34.99087162 0 288.98546330 0 34069
0.17850000 0.17849800 8011.65743065 0 118.53477335 0 2217.36591283 0 10.38137853 0 215.47076267 0 34536
0.17950000 0.17950400 7877.12868411 0 175.64250306 0 2236.74248126 0 52.90478594 0 37.38880500 0 35343
0.18050000 0.18050100 7768.59775623 0 198.85784651 0 2027.28731267 0 -3.45733342 0 256.69745690 0 34990
0.18150000 0.18150500 7706.79203910 0 5.52493507 0 2073.18209904 0 148.74893331 0 345.06346681 0 36243
0.18250000 0.18250200 7607.55079175 0 -30.10554046 0 1977.80509306 0 328.90230151 0 269.16710911 0 35694
0.18350000 0.18350400 7750.05161216 0 82.29771157 0 1867.15935114 0 251.86549435 0 178.87783638 0 37087
0.18450000 0.18450600 7539.94317640 0 19.80274221 0 1672.51895316 0 210.91782270 0 421.53558540 0 36651
0.18550000 0.18550700 7512.20700273 0 138.16821971 0 1618.13169365 0 268.23481936 0 367.23579726 0 37818
0.18650000 0.18651000 7449.16118522 0 61.47421173 0 1599.99522559 0 -36.92631399 0 360.59461683 0 37267
0.18750000 0.18750100 7423.41803001 0 209.97113893 0 1733.90392195 0 -142.24837141 0 333.03892206 0 38334
0.18850000 0.18850000 7241.76546904 0 182.46084069 0 1742.42961206 0 -299.83744886 0 504.64113379 0 38223
0.18950000 0.18949500 7200.18888934 0 147.04158082 0 1914.28316557 0 -130.92027589 0 644.49234688 0 39064
0.19050000 0.19050000 7081.13925289 0 80.07782117 0 2067.05910342 0 -35.11322080 0 448.87869154 0 39609
0.19150000 0.19149800 7043.73693966 0 91.98643868 0 1884.00035719 0 278.01721834 0 356.71598145 0 39576
0.19250000 0.19250400 6937.91873136 0 54.83812458 0 1854.53690085 0 155.33918104 0 249.10737823 0 40909
0.19350000 0.19350500 6948.66995876 0 21.99052288 0 1609.76101608 0 205.35951564 0 298.07805644 0 40191
0.19450000 0.19450100 6882.50174565 0 44.57751189 0 1542.29734096 0 -10.45722396 0 228.40988145 0 41232
0.19550000 0.19549800 6820.41922039 0 124.60351458 0 1611.65438363 0 -55.94735008 0 170.50715881 0 40873
0.19650000 0.19649700 6761.86876675 0 83.17552548 0 1566.96648066 0 -54.98427926 0 -74.93727293 0 42816
0.19750000 0.19750200 6708.34514857 0 70.42917588 0 1588.98933472 0 -31.38981941 0 225.03503685 0 41727
0.19850000 0.19849000 6696.87422006 0 2.43830308 0 1714.27269005 0 173.18555419 0 151.09073001 0 42610
0.19950000 0.19949900 6731.77418789 0 8.93899785 0 1606.11822122 0 272.05366419 0 238.80790169 0 43863
0.20050000 0.20050100 6719.04101435 0 45.38136267 0 1611.31114156 0 117.65784522 0 416.92728381 0 43302
0.20150000 0.20150100 6773.68293733 0 66.10897618 0 1574.97177150 0 122.58170807 0 440.15037789 0 44487
0.20250000 0.20249700 6559.36701814 0 180.94171772 0 1568.41695521 0 101.37399856 0 652.99257064 0 43759
0.20350000 0.20349100 6482.18184183 0 203.17605319 0 1486.22708808 0 -59.43590746 0 897.46175201 0 45282
0.20450000 0.20449700 6399.19476731 0 105.38782703 0 1514.16256360 0 300.80074112 0 773.60783382 0 45483
0.20550000 0.20549900 6227.26370753 0 51.37924103 0 1403.00749475 0 132.31095989 0 801.22553362 0 46138
0.20650000 0.20650200 6367.57220763 0 52.31042354 0 1522.78790463 0 -22.31261680 0 732.27263081 0 46227
0.20750000 0.20749300 6200.94479143 0 74.79366487 0 1559.62552930 0 -73.16691891 0 877.68215096 0 46236
0.20850000 0.20850300 6245.58840510 0 165.47921611 0 1583.37566604 0 -226.21423944 0 878.42731842 0 48361
0.20950000 0.20950400 6156.02436965 0 29.37000592 0 1500.93113544 0 147.86093286 0 926.29297861 0 46812
0.21050000 0.21050300 6191.01291607 0 -54.46388000 0 1499.10420185 0 101.20304186 0 750.57739820 0 48813
0.21150000 0.21149700 6238.42461095 0 7.21292206 0 1413.33797380 0 147.16337640 0 431.29251803 0 47215
0.21250000 0.21249000 6227.82839609 0 42.93626118 0 1423.76810378 0 -13.48210559 0 428.59419248 0 50004
0.21350000 0.21350300 6114.17098183 0 127.95067837 0 1392.54414779 0 -231.84783831 0 254.85059312 0 49509
0.21450000 0.21449800 6086.61196536 0 185.49133599 0 1488.07616633 0 -201.74107989 0 181.89947382 0 49660
0.21550000 0.21550100 5889.87889798 0 144.68871180 0 1572.86802979 0 -171.54463565 0 155.00479683 0 50841
0.21650000 0.21649800 5855.57683569 0 82.39647671 0 1594.06045949 0 228.87491909 0 155.65584953 0 50424
0.21750000 0.21750300 5755.75982745 0 48.18365736 0 1412.97258708 0 215.80625411 0 224.16143042 0 52231
0.21850000 0.21850300 5758.17359426 0 17.77717111 0 1259.60981602 0 455.36485942 0 317.74804148 0 51078
0.21950000 0.21950100 5708.71351930 0 -21.39981435 0 980.97586919 0 381.38733561 0 266.50532222 0 52791
0.22050000 0.22050700 5708.35920490 0 22.17089105 0 819.31992684 0 235.58585517 0 334.54918716 0 52969
0.22150000 0.22150000 5626.10290383 0 20.51358547 0 802.50660160 0 98.01974848 0 431.32352054 0 52704
0.22250000 0.22250100 5687.63181284 0 34.30571616 0 768.10710285 0 -49.04453061 0 397.56732387 0 54051
0.22350000 0.22349900 5606.10628520 0 30.07719531 0 758.80081384 0 -96.03115894 0 561.33143687 0 53938
0.22450000 0.22449800 5725.04519840 0 55.91922637 0 953.04814430 0 -31.56775167 0 534.15773730 0 54735
0.22550000 0.22549100 5621.90649272 0 90.18054250 0 950.23909549 0 -75.44460685 0 728.75495322 0 54774
0.22650000 0.22649900 5592.36553010 0 112.73508961 0 964.85345702 0 52.70991302 0 545.42493503 0 56911
0.22750000 0.22749800 5449.65433552 0 126.23778972 0 922.06888669 0 82.06497130 0 831.07319963 0 54879
0.22850000 0.22849100 5450.30760268 0 95.97978335 0 936.58027560 0 105.05189269 0 406.24027590 0 57210
0.22950000 0.22949800 5233.48933808 0 139.51350718 0 787.94428000 0 52.25639060 0 515.42336370 0 57375
0.23050000 0.23049600 5215.80683535 0 129.56059440 0 704.51320526 0 -3.35072908 0 375.73934272 0 57604
0.23150000 0.23150100 5107.96239161 0 29.98042319 0 678.13560584 0 -17.25289653 0 563.09193651 0 58629
0.23250000 0.23250200 5145.20969230 0 -14.13758722 0 707.68985525 0 17.19897431 0 315.91114280 0 58560
0.23350000 0.23350400 5195.61091488 0 34.26773808 0 769.30955733 0 -32.93009052 0 277.85224070 0 59305
0.23450000 0.23449700 5159.47084667 0 62.69382831 0 771.57163329 0 -102.94405422 0 318.62829131 0 59196
0.23550000 0.23549300 5166.86715965 0 74.77473120 0 824.43644814 0 -52.81056046 0 273.66468745 0 60063
0.23650000 0.23649900 5131.79003462 0 -8.24508418 0 744.33371424 0 -2.64203386 0 145.37851764 0 61537
0.23750000 0.23750400 5088.74083573 0 63.54562226 0 835.82433421 0 55.60189354 0 -58.85560691 0 61224
0.23850000 0.23850100 5064.53673367 0 124.55701081 0 702.72723927 0 -46.24821498 0 -142.76323451 0 61221
0.23950000 0.23949400 4994.33819432 0 69.68655505 0 645.54643220 0 -73.97231982 0 -208.65353228 0 62332
0.24050000 0.24050100 4930.21836130 0 53.29741058 0 657.87768035 0 -35.05331953 0 -205.13031852 0 63447
0.24150000 0.24150500 4904.03231310 0 62.07101004 0 729.92308348 0 27.00783614 0 -226.34489287 0 63342
0.24250000 0.24250300 4861.49244115 0 28.46395758 0 734.33319046 0 53.14273020 0 -223.73514591 0 63379
0.24350000 0.24349600 4888.99609600 0 65.10992031 0 718.92383601 0 45.48942856 0 -121.96387234 0 64266
0.24450000 0.24449500 4791.38248040 0 105.09131017 0 766.74188520 0 86.61780055 0 53.54930597 0 64695
0.24550000 0.24549600 4781.56132828 0 38.54420210 0 698.92721739 0 165.88889213 0 109.74379033 0 65947
0.24650000 0.24650000 4789.99843979 0 -28.10931102 0 685.58285152 0 175.82298196 0 197.08516731 0 66018
0.24750000 0.24750000 4779.04791055 0 42.46579810 0 504.27242538 0 54.76914399 0 166.59973538 0 66303
0.24850000 0.24849600 4811.87735364 0 53.77042029 0 605.09480071 0 -52.79162678 0 109.54050245 0 66958
0.24950000 0.24949200 4758.69697753 0 64.28547500 0 556.07208258 0 -67.53243426 0 281.61129497 0 66975
0.25050000 0.25048900 4689.46173044 0 86.28352706 0 640.17856913 0 -120.91089425 0 160.83437585 0 68676
0.25150000 0.25150000 4689.41744114 0 71.13448297 0 674.87591342 0 -5.92213258 0 354.03758608 0 69349
0.25250000 0.25249900 4656.84266153 0 49.82656892 0 689.44155672 0 37.40973170 0 221.58047150 0 68592
0.25350000 0.25349900 4567.41149397 0 57.36549344 0 728.24341181 0 119.20575623 0 306.21621518 0 70437
0.25450000 0.25450100 4604.83595185 0 47.44945150 0 724.38470661 0 60.64810558 0 350.71588863 0 70099
0.25550000 0.25550100 4501.68617384 0 83.96354284 0 690.92635547 0 38.96605767 0 339.83400780 0 71064
0.25650000 0.25650300 4476.76237068 0 99.73308002 0 658.84429431 0 -64.34980521 0 262.09300078 0 71409
0.25750000 0.25750600 4373.86725614 0 103.34819407 0 618.91970548 0 45.26388531 0 308.49268517 0 72612
0.25850000 0.25850600 4337.25107796 0 32.61441854 0 602.16174187 0 -16.76748581 0 154.25409321 0 71845
0.25950000 0.25949600 4313.46772425 0 72.87372375 0 619.62611980 0 -21.78546342 0 19.71361000 0 72816
0.26050000 0.26049800 4322.39201805 0 28.78583006 0 617.77704156 0 -116.40002912 0 -187.71133712 0 73743
0.26150000 0.26149900 4233.43696046 0 74.33050953 0 583.47497927 0 11.62051562 0 -3.85188465 0 74662
0.26250000 0.26250300 4288.25604064 0 14.17600819 0 562.47742248 0 39.50417266 0 -106.80796341 0 74931
0.26350000 0.26350100 4220.24982160 0 23.27867715 0 465.35431087 0 136.42986472 0 -24.55531620 0 75087
0.26450000 0.26450200 4280.35040072 0 59.91877154 0 484.89364248 0 79.49287025 0 -142.78095023 0 76678
0.26550000 0.26550600 4148.84439885 0 114.21878113 0 403.14556111 0 102.88249209 0 13.56714105 0 76035
0.26650000 0.26650100 4096.38372386 0 98.75616880 0 411.11542052 0 41.56960413 0 166.10923139 0 77094
0.26750000 0.26750600 4055.80365339 0 68.68916003 0 422.49777043 0 22.60791571 0 254.89045349 0 78463
0.26850000 0.26850100 3998.32721526 0 25.69476914 0 384.90612044 0 47.83975095 0 299.32480022 0 77076
0.26950000 0.26949700 4032.23067386 0 8.27709427 0 502.03692300 0 8.13981959 0 228.37998617 0 79149
0.27050000 0.27049900 4022.78598079 0 70.60677597 0 437.92484060 0 -0.88913979 0 362.16135080 0 79648
0.27150000 0.27150200 3967.14754857 0 82.94632836 0 461.88202981 0 6.14549459 0 372.17959029 0 80241
0.27250000 0.27250500 3901.06791405 0 91.41422094 0 433.76386093 0 39.21573860 0 501.13452852 0 80835
0.27350000 0.27350000 3880.92735521 0 21.71437909 0 465.99207678 0 130.58699891 0 396.86201678 0 80680
0.27450000 0.27450400 3882.35568511 0 13.79013767 0 372.03454284 0 137.99549145 0 415.93741797 0 82617
0.27550000 0.27550800 3887.53753313 0 15.43747816 0 251.64958401 0 89.53480452 0 431.67340601 0 82548
0.27650000 0.27649900 3871.47158981 0 25.94245705 0 315.84027992 0 -22.03215482 0 298.80218649 0 81181
0.27750000 0.27748900 3861.40684655 0 27.68944846 0 349.51675585 0 -103.88531255 0 234.55502173 0 84096
0.27850000 0.27849800 3835.54189578 0 96.03138038 0 376.28188664 0 -122.40344364 0 309.68738902 0 85215
0.27950000 0.27950200 3829.56284038 0 68.72481292 0 330.50778860 0 42.04549265 0 434.37173157 0 84514
0.28050000 0.28050300 3787.06725772 0 -27.45571168 0 384.37243438 0 89.28977397 0 347.80275997 0 85815
0.28150000 0.28150100 3841.87526557 0 -2.80669040 0 348.24786743 0 177.11290780 0 268.24035552 0 85485
0.28250000 0.28250000 3860.19996315 0 11.58419840 0 227.27718262 0 85.34902285 0 285.87192556 0 87220
0.28350000 0.28350400 3837.23596147 0 62.34150694 0 198.78476917 0 -32.75149392 0 446.04528362 0 87147
0.28450000 0.28449700 3824.10418424 0 68.40183320 0 225.02950068 0 -94.22614855 0 312.03472188 0 87102
0.28550000 0.28549800 3770.11552842 0 72.54144328 0 221.19294013 0 -56.45656629 0 316.41493357 0 88971
0.28650000 0.28649900 3709.01844007 0 90.24465126 0 308.17269498 0 -62.05561951 0 220.10563784 0 89434
0.28750000 0.28750100 3700.33773742 0 31.07580828 0 185.30532093 0 6.14471953 0 95.51009533 0 89619
0.28850000 0.28849900 3674.32884642 0 27.66852177 0 193.36818787 0 55.17062649 0 165.74052298 0 90240
0.28950000 0.28950100 3682.93204280 0 21.71947236 0 167.32165096 0 63.96227384 0 88.00737731 0 91333
0.29050000 0.29050500 3633.12872577 0 27.59588732 0 98.33619552 0 107.56376030 0 179.64182679 0 92139
0.29150000 0.29150600 3650.86659013 0 59.14658761 0 33.63727991 0 93.79764958 0 154.79220820 0 92370
0.29250000 0.29250200 3588.82835417 0 88.18065920 0 92.84410096 0 -94.29634709 0 258.95731839 0 91819
0.29350000 0.29349600 3548.91262320 0 129.68017551 0 145.24011358 0 -125.11616322 0 265.22093254 0 93552
0.29450000 0.29450000 3475.66919452 0 113.19459109 0 316.44039992 0 -87.24969812 0 412.08424894 0 94701
0.29550000 0.29550200 3413.87454971 0 38.67574131 0 324.90629948 0 -44.75721572 0 471.04991476 0 95020
0.29650000 0.29650300 3416.68692021 0 0.38845369 0 395.72488902 0 75.45578990 0 437.16527912 0 95151
0.29750000 0.29749800 3466.49023725 0 -3.39967983 0 280.04123931 0 55.63499979 0 345.47425006 0 95802
0.29850000 0.29850000 3466.73382839 0 17.59004882 0 325.49977609 0 39.62176075 0 449.71575930 0 97399
0.29950000 0.29950700 3460.88764089 0 51.64099078 0 232.80227271 0 30.04563918 0 483.93367192 0 97881
0.30050000 0.30050300 3470.34340628 0 61.17304450 0 213.79994885 0 93.12268065 0 472.76058894 0 97188
0.30150000 0.30149700 3358.44649167 0 63.39060971 0 171.21357314 0 38.01483425 0 389.24204284 0 98263
0.30250000 0.30249700 3352.62244881 0 98.31825835 0 185.12152034 0 -39.29822742 0 359.93913520 0 100050
0.30350000 0.30350600 3268.99317946 0 91.04429456 0 257.41826524 0 -57.02457656 0 359.24379321 0 100779
0.30450000 0.30450500 3213.24402400 0 76.38298638 0 257.20014044 0 -63.97445340 0 363.86205989 0 99982
0.30550000 0.30550300 3191.87443710 0 61.34632638 0 262.74073178 0 33.42446982 0 330.15125974 0 101559
0.30650000 0.30649700 3170.78165832 0 24.97717177 0 247.31366161 0 -30.20762729 0 347.75736344 0 100935
0.30750000 0.30749800 3151.98085077 0 39.25117004 0 226.76231952 0 51.07740945 0 260.27381781 0 103762
0.30850000 0.30850200 3161.97916008 0 27.13837885 0 189.81840053 0 6.54786287 0 235.20828889 0 102951
0.30950000 0.30950100 3137.76398571 0 18.74378507 0 212.83554936 0 68.56769663 0 224.47699168 0 104394
0.31050000 0.31050000 3134.37585431 0 34.27382786 0 210.97539879 0 -41.61566500 0 147.22648865 0 103963
0.31150000 0.31149700 3134.64159011 0 64.25690841 0 142.00588750 0 56.40109395 0 146.88656828 0 105936
0.31250000 0.31250000 3083.29921992 0 51.51277326 0 111.88694952 0 31.07304020 0 273.41666737 0 105717
0.31350000 0.31349800 3101.41354333 0 12.61115652 0 56.55278480 0 96.74189147 0 188.12765653 0 106776
0.31450000 0.31450400 3070.00135782 0 -0.48588240 0 24.03890297 0 62.95203493 0 155.88504666 0 108733
0.31550000 0.31549900 3099.59768206 0 36.05093599 0 -46.11612215 0 30.07575590 0 84.98341468 0 105891
0.31650000 0.31650000 3052.72853110 0 56.24530634 0 -26.58487334 0 -5.18193659 0 117.55708706 0 111072
0.31750000 0.31750600 3047.91206980 0 61.63487117 0 -120.65733801 0 -20.37739587 0 146.51121647 0 108121
0.31850000 0.31849900 3022.91076036 0 23.69377860 0 -126.84012419 0 -19.02767948 0 111.26911380 0 110484
0.31950000 0.31950100 3040.54897380 0 -5.42753183 0 -96.72572587 0 29.78089989 0 74.54564480 0 110817
0.32050000 0.32049800 3039.26458412 0 63.28431539 0 -27.32317595 0 -23.30536145 0 74.08038571 0 111088
0.32150000 0.32149900 3040.27216568 0 60.91085185 0 -35.74932587 0 -74.97126496 0 64.74032611 0 112635
0.32250000 0.32250100 2952.73436566 0 82.01902116 0 -47.28502748 0 -10.29355285 0 138.43506274 0 113202
0.32350000 0.32350400 2957.48439301 0 44.57540815 0 -44.84546215 0 55.24702553 0 140.91194180 0 113863
0.32450000 0.32450300 2944.74014714 0 -43.91782278 0 -99.33713368 0 108.08260944 0 150.03110853 0 114045
0.32550000 0.32549900 2986.43852241 0 -8.30511833 0 -101.44906892 0 79.16966909 0 0.84410865 0 114828
0.32650000 0.32650300 2976.52879170 0 60.77056549 0 -131.38974246 0 -22.77433275 0 55.88722735 0 116431
0.32750000 0.32750400 2952.80079961 0 111.11299402 0 -113.24773825 0 -54.53463215 0 114.63067161 0 116442
0.32850000 0.32850400 2856.69302019 0 106.37027441 0 -115.93388425 0 -96.56373776 0 260.07119427 0 116955
0.32950000 0.32949800 2812.69160136 0 53.10397706 0 -94.04943424 0 73.33211800 0 297.42589651 0 117028
0.33050000 0.33049700 2825.11474980 0 -26.45554858 0 -120.46578679 0 127.64951114 0 253.64924588 0 119061
0.33150000 0.33150100 2866.00484536 0 -18.22914341 0 -163.32897063 0 127.87981549 0 224.61318127 0 120060
0.33250000 0.33250400 2845.81999721 0 47.30861153 0 -149.50406586 0 22.04079123 0 135.65258752 0 119737
0.33350000 0.33350100 2847.37012269 0 73.40829559 0 -225.43696224 0 -47.06435604 0 165.12047279 0 120531
0.33450000 0.33450000 2794.23403588 0 68.65483582 0 -171.88787772 0 -125.82811370 0 176.79734654 0 121704
0.33550000 0.33550300 2779.24210808 0 73.98472082 0 -144.08416287 0 -98.45721603 0 172.84674105 0 122761
0.33650000 0.33650300 2768.67911020 0 47.78206414 0 -83.81561658 0 -73.05774579 0 183.67658195 0 122472
0.33750000 0.33749900 2752.56887759 0 35.17123979 0 -125.07298115 0 37.96201926 0 198.36623529 0 122985
0.33850000 0.33849800 2772.83123201 0 7.54746128 0 -65.54318038 0 -1.05724979 0 182.06002253 0 125380
0.33950000 0.33950300 2766.35392199 0 19.59878999 0 -37.82416881 0 27.66331777 0 170.79946819 0 125223
0.34050000 0.34050000 2757.13067542 0 64.49341326 0 -71.50064475 0 -25.36271012 0 157.34437907 0 125178
0.34150000 0.34149900 2720.59200351 0 71.90201652 0 -30.29875253 0 -32.70100412 0 125.43947510 0 127059
0.34250000 0.34250300 2679.39188286 0 55.55970798 0 -17.26430103 0 -36.95798084 0 167.34933177 0 127957
0.34350000 0.34349800 2640.70517995 0 73.72108877 0 -36.35664288 0 43.24152518 0 115.13556963 0 126732
0.34450000 0.34449700 2616.45678860 0 69.78221994 0 -61.87281543 0 19.91601210 0 130.22714835 0 129639
0.34550000 0.34550000 2584.73457799 0 41.29224239 0 -63.31188548 0 -5.54149927 0 139.11268902 0 129826
0.34650000 0.34650400 2585.19961563 0 6.09376469 0 -75.11919122 0 1.81525229 0 261.52941945 0 130875
0.34750000 0.34750200 2598.45318844 0 4.97147384 0 -85.98723165 0 43.74930199 0 213.09464176 0 130686
0.34850000 0.34850200 2645.94238959 0 -1.83415275 0 -46.77049654 0 -1.24276881 0 119.96421048 0 132211
0.34950000 0.34950400 2624.78317686 0 68.29232791 0 -45.11950219 0 -42.19928724 0 108.73930903 0 132768
0.35050000 0.35050300 2584.45776987 0 95.95077386 0 0.31073926 0 -119.75051461 0 115.34483657 0 132957
0.35150000 0.35150100 2557.40808034 0 73.36323123 0 18.32680132 0 -71.12097473 0 195.90264302 0 133987
0.35250000 0.35249800 2509.88566222 0 41.06171659 0 41.65851490 0 19.04960268 0 140.82447044 0 134778
0.35350000 0.35349800 2508.42411534 0 13.64918697 0 -6.35941190 0 108.99253309 0 127.30516183 0 135699
0.35450000 0.35450100 2525.46442324 0 27.11988807 0 -34.18225973 0 132.44050609 0 84.27545023 0 137380
0.35550000 0.35550100 2507.80406515 0 12.74646033 0 -140.51998151 0 85.21737290 0 130.16182164 0 136161
0.35650000 0.35649900 2523.01743945 0 41.08120388 0 -151.43397208 0 30.69757767 0 206.72916222 0 138792
0.35750000 0.35750000 2487.13203471 0 52.76815345 0 -193.14120521 0 29.12121078 0 144.66545992 0 138097
0.35850000 0.35849800 2469.03985596 0 36.38642744 0 -251.63297553 0 43.64356129 0 225.83002977 0 140028
0.35950000 0.35950300 2467.51187513 0 28.20242927 0 -283.40058266 0 24.15372298 0 213.88742022 0 141099
0.36050000 0.36050500 2448.96573106 0 37.78895882 0 -263.97861770 0 27.91853486 0 237.18359164 0 140821
0.36150000 0.36150200 2453.67146911 0 23.06254536 0 -318.53196208 0 32.73975726 0 192.00629191 0 141756
0.36250000 0.36250400 2426.73250283 0 55.21901255 0 -358.84629674 0 -9.17997593 0 220.84416190 0 142971
0.36350000 0.36349900 2428.28262830 0 48.64338029 0 -313.92476772 0 -37.11720087 0 255.15065312 0 142270
0.36450000 0.36450000 2381.43562199 0 55.47777278 0 -235.49174041 0 -59.49846609 0 206.55532672 0 145311
0.36550000 0.36550300 2358.27231847 0 65.97145790 0 -262.09521525 0 -8.61206532 0 258.32730311 0 145434
0.36650000 0.36650100 2362.76768235 0 11.09380513 0 -281.22376360 0 11.63856351 0 234.25717619 0 144547
0.36750000 0.36749600 2359.97745650 0 14.78310376 0 -238.71046523 0 -10.62509147 0 170.49940818 0 146892
0.36850000 0.36849900 2337.92138546 0 71.64879245 0 -234.49190947 0 16.22948155 0 212.22546426 0 148113
0.36950000 0.36949900 2340.66732201 0 73.56042933 0 -291.79451211 0 18.33842726 0 225.49675279 0 147387
0.37050000 0.37049800 2257.48094565 0 71.37541676 0 -302.15710091 0 -21.81646593 0 226.83428963 0 149758
0.37150000 0.37150100 2267.66748448 0 71.91829284 0 -255.68655364 0 -29.25806472 0 188.86396613 0 150099
0.37250000 0.37250000 2221.45160069 0 39.59252981 0 -226.13119700 0 -12.30102070 0 260.47644136 0 150468
0.37350000 0.37349800 2225.13868485 0 36.31512166 0 -230.19806191 0 -30.48033865 0 204.82361512 0 150709
0.37450000 0.37449700 2239.59914107 0 -5.38922159 0 -225.94739641 0 -1.11363229 0 225.58200969 0 153108
0.37550000 0.37550100 2239.93131081 0 12.76395460 0 -186.94513224 0 25.30812356 0 202.88152935 0 153189
0.37650000 0.37649900 2286.96654664 0 29.04824416 0 -228.45638522 0 62.94461647 0 246.33376087 0 153547
0.37750000 0.37749900 2237.17430193 0 18.59940195 0 -234.47419375 0 12.44883624 0 156.71657825 0 155424
0.37850000 0.37850200 2235.81240598 0 44.77349204 0 -294.03776512 0 -5.90020938 0 221.93367866 0 155313
0.37950000 0.37949900 2227.84033211 0 66.82834512 0 -273.10885674 0 5.60208703 0 227.05573613 0 156100
0.38050000 0.38050000 2213.43523752 0 29.86449595 0 -314.65886286 0 -26.91206053 0 277.99285922 0 157557
0.38150000 0.38149800 2205.55174225 0 41.28659551 0 -296.49249953 0 6.18130249 0 202.07103517 0 157692
0.38250000 0.38250100 2203.72480866 0 35.64834626 0 -287.37333281 0 -34.15679339 0 185.57105673 0 159703
0.38350000 0.38350500 2168.79162385 0 49.05837102 0 -292.23740510 0 18.44560736 0 181.02697462 0 160338
0.38450000 0.38450600 2170.79571464 0 57.89375406 0 -292.20197366 0 -18.20068754 0 182.48630703 0 160167
0.38550000 0.38550000 2131.74362501 0 32.56492525 0 -297.40264463 0 22.35701683 0 223.61777927 0 160033
0.38650000 0.38649600 2134.91030991 0 47.26055764 0 -318.57625138 0 21.30237789 0 255.86260361 0 162444
0.38750000 0.38750200 2113.97254368 0 60.98769378 0 -320.16512999 0 34.24836151 0 257.38283380 0 164307
0.38850000 0.38850400 2095.62570145 0 35.23855952 0 -326.51067934 0 37.94563222 0 286.84961184 0 163882
0.38950000 0.38950500 2059.87316461 0 57.52825661 0 -315.49482338 0 17.85700257 0 235.66889760 0 164595
0.39050000 0.39050100 2050.94887081 0 51.12723491 0 -293.11433323 0 -24.99898425 0 280.51070589 0 165006
0.39150000 0.39150100 2036.70986109 0 40.00707765 0 -312.86293177 0 13.78969478 0 235.18282254 0 166687
0.39250000 0.39250100 2010.19164315 0 15.42961680 0 -356.66947769 0 -18.66760747 0 354.64102778 0 167256
0.39350000 0.39350100 2060.88074617 0 -11.92367587 0 -298.37479475 0 -18.95792383 0 215.94022924 0 167937
0.39450000 0.39449600 2083.46828880 0 12.68523037 0 -322.55232322 0 -27.94577278 0 216.04209463 0 167719
0.39550000 0.39549700 2069.20713443 0 55.54841421 0 -323.38053312 0 -17.25422521 0 169.80517342 0 171636
0.39650000 0.39650400 2056.89470924 0 85.17773398 0 -342.87778989 0 -26.58985588 0 254.12757031 0 171093
0.39750000 0.39750000 2011.29887563 0 51.42629841 0 -345.00810519 0 30.58541502 0 210.21030115 0 170464
0.39850000 0.39849800 2018.19693399 0 8.87795612 0 -349.73266619 0 35.76914533 0 241.65238193 0 172113
0.39950000 0.39949500 2026.00292299 0 25.80117419 0 -329.79473089 0 30.18470758 0 235.57035391 0 173232
