### header ###
fiducial parameters:
Omega_m = 0.31
Omega_nu = 0
Omega_de = 0.69
Omega_k = 0
H_0 = 100
w_de = -1
zeff = 0
beta = 0
fgrowth = 0
b_1 = 2
gamma = 0.55
Lx = 3500 Ly = 3500 Lz = 3500
nx = 700 ny = 700 nz = 700
xoffset = -685.467585 yoffset = -31.7331281 zoffset = 572.489161
bins = 400 dk = 0.001
kx_ny = 0.628318531 ky_ny = 0.628318531 kz_ny = 0.628318531
############################
A(data) = 8.00431308 (not used)
A(ran) = 7.99967445 (used)
Ngal = 475441
weighted Ngal = 0
Nran = 23820508
weighted Nran = 0
SN(data) = 3491.55934
SN(ran) = 69.6800657
SN(data+ran) = 3561.2394
############################
13 columns: k_central k_mean P_0(k) sigma^{lin}_{P_0(k)} P^img_1(k) sigma^{lin}_{P_1(k)} P_2(k) sigma^{lin}_{P_2(k)} P^img_3(k) sigma^{lin}_{P_3(k)} P_4(k) sigma^{lin}_{P_4(k)} N_modes
### header ###
0.00050000 0 0 0 0 0 0 0 0 0 0 0 0
0.00150000 0.00179520 87539.57158819 0 -75780.09829130 0 72597.35852218 0 15465.38041369 0 -116299.27096513 0 3
0.00250000 0.00253879 150526.04144453 0 -68220.57924461 0 35108.01681172 0 -85821.92183907 0 34112.61481052 0 6
0.00350000 0.00331552 135205.26559297 0 4695.23041167 0 -4257.84036436 0 -10421.70393998 0 113154.73071664 0 7
0.00450000 0.00420575 112488.17676256 0 54797.59986697 0 -5457.52675846 0 -47027.81737198 0 69606.94503516 0 24
0.00550000 0.00557378 70450.87763283 0 17639.43139183 0 18540.27573908 0 -13479.55895747 0 8712.56880865 0 45
0.00650000 0.00659388 54781.65571923 0 16089.52736372 0 16295.36188210 0 -5558.15204641 0 4928.29177678 0 40
0.00750000 0.00754703 38562.80360163 0 23549.28476379 0 8511.56182389 0 10399.17175897 0 -8135.71175792 0 57
0.00850000 0.00846663 46813.45716349 0 -9589.03189664 0 -8513.20052796 0 18607.59547398 0 11283.91694593 0 75
0.00950000 0.00948925 49507.24306862 0 -25750.57366098 0 -5145.94046574 0 33261.26375521 0 -2756.43311895 0 112
0.01050000 0.01054430 70944.26042675 0 -22536.94210562 0 -15709.19300620 0 3928.75979843 0 -13150.26801736 0 105
0.01150000 0.01145670 88239.12107023 0 -6758.75744347 0 -18446.27170137 0 -1247.83993474 0 1573.34413976 0 144
0.01250000 0.01249090 88715.23103743 0 503.07661430 0 -5990.65919848 0 -26421.88871474 0 10525.01980286 0 169
0.01350000 0.01339930 88641.15718440 0 4900.24557801 0 2993.51373797 0 -31455.14613080 0 8677.84599802 0 180
0.01450000 0.01448870 89554.29181219 0 6008.38599051 0 25166.39780355 0 -5765.78028141 0 16340.97986035 0 267
0.01550000 0.01550050 85742.75471662 0 2116.25344259 0 15788.58157515 0 8648.70363909 0 28973.61669244 0 238
0.01650000 0.01653350 89664.01855114 0 -3818.94448087 0 24031.04161665 0 10222.70104601 0 278.25195162 0 315
0.01750000 0.01747870 87732.11931679 0 -9054.09466768 0 12951.40906362 0 12999.46295333 0 -10698.39026487 0 297
0.01850000 0.01844180 93808.50045401 0 -1281.07905384 0 18803.46490002 0 -10513.21670460 0 -29386.94657792 0 388
0.01950000 0.01947590 94610.91183362 0 13390.53746593 0 30928.54636242 0 -29054.66611011 0 -3765.05547598 0 399
0.02050000 0.02045430 82593.12119871 0 14031.62507293 0 33236.68319412 0 -11354.89054802 0 -4682.16506839 0 462
0.02150000 0.02154770 77203.99926298 0 5843.86231603 0 42987.52604566 0 933.08695712 0 1703.36645010 0 571
0.02250000 0.02255340 75735.69826877 0 -2728.17654602 0 43956.13302079 0 17641.97802654 0 6573.87176365 0 510
0.02350000 0.02348930 76267.39130657 0 -57.58372896 0 49184.26335366 0 17141.28749824 0 -10471.65119723 0 555
0.02450000 0.02439640 76123.45108392 0 -1388.35880901 0 38938.37685948 0 22848.40660277 0 13424.64022637 0 592
0.02550000 0.02547300 72917.34870944 0 5227.87566940 0 35069.04222835 0 10538.87128121 0 8621.88646838 0 837
0.02650000 0.02652900 69675.48272578 0 7403.84215973 0 28967.85908354 0 5038.64963825 0 18148.20471725 0 723
0.02750000 0.02749970 59919.43588158 0 6174.19405467 0 29162.51055385 0 5508.02763196 0 13414.89658053 0 826
0.02850000 0.02848090 57602.99480627 0 3567.91273259 0 21559.92016362 0 632.47444552 0 16842.22400489 0 831
0.02950000 0.02946900 50819.09211313 0 858.57574725 0 21899.06547282 0 3713.79061207 0 11563.49314760 0 996
0.03050000 0.03053250 53088.25436147 0 1701.90490322 0 21196.41573982 0 6084.49715132 0 5940.53478402 0 1041
0.03150000 0.03150510 51325.87242008 0 1240.41040478 0 17021.48494370 0 2251.34687770 0 4463.77453366 0 1036
0.03250000 0.03246190 51525.50643656 0 -516.14195758 0 13241.72542036 0 5881.69644994 0 2611.13100036 0 1059
0.03350000 0.03345080 51406.47894476 0 -2646.03096819 0 12512.39138456 0 3413.12163162 0 4099.28467296 0 1302
0.03450000 0.03451200 53737.64621208 0 -2457.91216952 0 9879.47004896 0 3219.76562331 0 13.65162289 0 1339
0.03550000 0.03553350 55768.86420006 0 58.83124780 0 11653.84331812 0 1819.17189538 0 7083.69695993 0 1365
0.03650000 0.03647120 55138.29530164 0 179.74590664 0 10692.96482571 0 3599.56850924 0 7186.32633867 0 1308
0.03750000 0.03744890 53772.63475851 0 2302.00276375 0 10148.70469925 0 3796.21299802 0 10304.55874340 0 1579
0.03850000 0.03847530 52546.37478484 0 3924.89555706 0 8777.45263208 0 930.20815266 0 9920.07226407 0 1662
0.03950000 0.03950240 49110.18950062 0 2339.03969026 0 11394.97236386 0 3097.48286802 0 13081.84104998 0 1683
0.04050000 0.04050350 47364.85893946 0 1777.92748543 0 8046.44667523 0 2515.84257297 0 12412.51901470 0 1822
0.04150000 0.04152450 45885.81779019 0 -547.30390855 0 9556.52355097 0 -634.33238163 0 5110.03291635 0 1887
0.04250000 0.04250150 44677.82715247 0 164.39744998 0 9715.21211027 0 -1487.76614123 0 7207.83986579 0 1920
0.04350000 0.04349210 45665.69997279 0 2842.23256397 0 10485.31444606 0 -3585.30735488 0 -2326.99300086 0 2005
0.04450000 0.04448520 42183.45381733 0 1870.81321833 0 8908.40501771 0 -7582.77092880 0 964.33195052 0 2151
0.04550000 0.04548030 42140.71464353 0 2775.54395159 0 13015.07493133 0 -3133.22433253 0 -1548.60856611 0 2274
0.04650000 0.04648670 41033.37143841 0 69.46477638 0 13147.49993616 0 -454.93525322 0 585.44585309 0 2311
0.04750000 0.04749250 40543.31034194 0 301.00447189 0 17689.81046976 0 3038.55595533 0 -494.68157762 0 2568
0.04850000 0.04851840 41674.12687567 0 1465.42218975 0 16832.81252880 0 1931.84387273 0 -2812.84661390 0 2493
0.04950000 0.04949480 37822.17579451 0 1911.71438621 0 18853.17963845 0 2290.78649870 0 2149.04966870 0 2644
0.05050000 0.05050630 37490.00604995 0 2164.81665924 0 17440.12954510 0 2240.70637355 0 3555.65566901 0 2829
0.05150000 0.05149060 35496.32324311 0 475.80879997 0 17618.06180493 0 2161.48388947 0 4451.93821843 0 2784
0.05250000 0.05249300 35914.96784450 0 -345.39120763 0 15528.49266516 0 3320.55699614 0 2205.35244040 0 3055
0.05350000 0.05348950 36036.76341750 0 -804.39221852 0 16263.25214012 0 2819.75574459 0 4599.70946546 0 3009
0.05450000 0.05448610 36913.13792690 0 361.56233802 0 15050.38967949 0 59.79044330 0 2543.65625291 0 3336
0.05550000 0.05550870 36342.91319874 0 1817.76571013 0 14041.25799552 0 -1162.99270965 0 2464.51127511 0 3349
0.05650000 0.05647670 34351.11268711 0 1617.30126929 0 14063.84553815 0 -2005.35303720 0 4220.12802603 0 3324
0.05750000 0.05747970 33258.38495076 0 1961.61735417 0 14738.37156610 0 1107.00660644 0 5546.14964631 0 3639
0.05850000 0.05849280 32790.80067367 0 639.51201518 0 15962.74924455 0 1776.15591346 0 5331.86694409 0 3846
0.05950000 0.05951020 32662.58315227 0 -221.67569350 0 16031.06548868 0 2035.45868839 0 3423.86178670 0 3787
0.06050000 0.06049470 32203.96745828 0 682.96313946 0 15470.47368311 0 1491.55287632 0 3121.44337892 0 3930
0.06150000 0.06148310 32584.63398555 0 -459.01429768 0 14397.67613143 0 228.11978654 0 1420.32461076 0 4083
0.06250000 0.06249100 31606.61553432 0 708.76940692 0 14913.53574473 0 -741.72064558 0 2603.26964974 0 4303
0.06350000 0.06350600 31574.17362260 0 682.07403178 0 13548.20737134 0 590.40404014 0 280.77090552 0 4470
0.06450000 0.06451750 30695.47392499 0 -439.66762453 0 13074.64403885 0 651.52548761 0 -2206.36002196 0 4479
0.06550000 0.06550280 31455.47830054 0 -219.26414115 0 12980.30783140 0 -1070.42364524 0 -2897.70491131 0 4636
0.06650000 0.06648880 31607.05842731 0 160.81444567 0 12830.27783010 0 -487.88649188 0 -4834.70848741 0 4653
0.06750000 0.06749660 30680.85845623 0 1163.39131334 0 11953.68187421 0 693.31244147 0 -5824.97292989 0 5220
0.06850000 0.06852730 30665.24647823 0 39.07135548 0 10415.27091926 0 942.02343048 0 -5586.60792120 0 5029
0.06950000 0.06949320 29308.88668795 0 40.89430304 0 9956.87667177 0 2744.45286350 0 -5210.70249360 0 5040
0.07050000 0.07048030 30109.52649559 0 666.28932552 0 9433.48787759 0 1670.27127122 0 -6471.03201074 0 5475
0.07150000 0.07148790 29007.05511339 0 93.82521966 0 8814.13524421 0 1509.31288533 0 -4261.52744853 0 5509
0.07250000 0.07249820 28692.71181179 0 990.74719584 0 9317.94816811 0 803.27502094 0 -3234.53610462 0 5916
0.07350000 0.07351270 28184.38137937 0 692.96366324 0 7898.70864518 0 695.67195389 0 -1032.43782048 0 5721
0.07450000 0.07449140 27541.41147715 0 -205.00187955 0 8129.02407373 0 1965.22693206 0 1238.57239886 0 6028
0.07550000 0.07549160 27978.21469124 0 263.51136559 0 7650.83250946 0 1757.44368451 0 -2008.11004608 0 6183
0.07650000 0.07648840 27102.83669108 0 200.22084970 0 7503.71452960 0 148.42229973 0 -641.75858988 0 6330
0.07750000 0.07749960 26760.92330068 0 1140.68197514 0 7024.70361329 0 -987.97025678 0 -1518.81294002 0 6583
0.07850000 0.07848650 25874.14080596 0 1049.15703096 0 7769.54997617 0 -2039.87654599 0 -363.59964579 0 6549
0.07950000 0.07947320 25351.96996751 0 541.33260378 0 8071.85766069 0 -83.09790849 0 -366.87594670 0 6828
0.08050000 0.08048110 24992.89447364 0 463.59048953 0 8447.09874879 0 495.10454043 0 -1642.12542153 0 7147
0.08150000 0.08149960 24873.20264235 0 227.29379111 0 8130.57419920 0 764.02805839 0 -2108.69104474 0 7386
0.08250000 0.08250610 24722.72974807 0 11.45454147 0 8351.42279004 0 145.54238804 0 -1638.53798829 0 7227
0.08350000 0.08350160 24600.15911232 0 754.80370458 0 8799.17653338 0 532.28872887 0 -1766.47870157 0 7798
0.08450000 0.08449610 23948.99568974 0 524.31001160 0 8373.91068174 0 42.94833002 0 -1110.75348116 0 7371
0.08550000 0.08548940 23434.35403217 0 671.90410143 0 8785.80116500 0 81.47116252 0 -1258.81260863 0 8256
0.08650000 0.08650700 22771.45394528 0 745.80411897 0 8790.82800046 0 369.30521477 0 -1070.46572007 0 8037
0.08750000 0.08749060 22288.92202968 0 563.05429061 0 8263.50853098 0 497.43305034 0 -1182.98932827 0 8155
0.08850000 0.08849210 21300.60631637 0 598.08934080 0 7176.87057327 0 895.20853391 0 -1401.47951392 0 8718
0.08950000 0.08949900 21258.97437505 0 295.98206535 0 6609.96754256 0 1276.87157041 0 -1126.62012262 0 8571
0.09050000 0.09049190 20700.92920419 0 -209.84934336 0 6418.40525087 0 1421.46506022 0 -741.65974779 0 8932
0.09150000 0.09150830 20850.40558924 0 -18.58999048 0 6006.90229899 0 703.39711492 0 -1438.38357254 0 9285
0.09250000 0.09250820 20700.15414145 0 639.94494308 0 5888.61665295 0 525.16036615 0 -957.85685497 0 9204
0.09350000 0.09350330 19954.32234167 0 1200.66075868 0 6031.29463056 0 -536.39213244 0 -39.81829451 0 9349
0.09450000 0.09448040 19158.33291046 0 889.59597246 0 6625.92276262 0 -854.76686751 0 1340.33813627 0 9564
0.09550000 0.09549270 18320.71153792 0 700.54156235 0 6168.72432621 0 -25.78445497 0 448.06266120 0 10155
0.09650000 0.09649430 18249.29504284 0 411.96577506 0 6636.86221954 0 503.62026545 0 937.94992218 0 9913
0.09750000 0.09749140 17700.77207133 0 -138.25015492 0 5784.99076497 0 1324.32755458 0 405.12418556 0 10476
0.09850000 0.09850240 17696.56458790 0 79.89844951 0 5211.04573567 0 1616.30476005 0 284.37051832 0 10575
0.09950000 0.09950330 17828.76814623 0 -109.49798472 0 4277.90341693 0 398.77974344 0 -103.78776537 0 10882
0.10050000 0.10051200 17508.44578923 0 26.91826104 0 4719.79990044 0 -325.83637476 0 -340.41198315 0 10875
0.10150000 0.10150300 17674.53066151 0 683.40049629 0 4881.63299999 0 -1157.76657234 0 678.66929190 0 11118
0.10250000 0.10250800 17297.40727819 0 563.56251032 0 5889.59101753 0 -1235.83753463 0 -195.63690722 0 11575
0.10350000 0.10349800 16831.26240332 0 500.69495723 0 6515.68669673 0 129.04683853 0 1334.82411851 0 11364
0.10450000 0.10450100 16619.22738304 0 202.27808765 0 6602.41621703 0 95.95841376 0 764.13767441 0 12093
0.10550000 0.10551000 16667.72416575 0 146.80241861 0 6787.42369243 0 753.46838221 0 418.51284073 0 12067
0.10650000 0.10649700 16310.08807411 0 300.60808266 0 6828.23628171 0 575.20173817 0 492.64759155 0 12054
0.10750000 0.10749900 15828.66339099 0 539.42041328 0 6544.81798333 0 1014.76085391 0 1242.46985720 0 12807
0.10850000 0.10850100 15657.92814229 0 172.36841661 0 6149.23703453 0 287.81401134 0 1051.82103231 0 12736
0.10950000 0.10950300 15136.31092008 0 223.86469211 0 5489.01645025 0 267.04897337 0 579.46901215 0 12933
0.11050000 0.11050200 15174.39971746 0 337.27076460 0 5803.29331790 0 -529.53504168 0 208.52841501 0 13428
0.11150000 0.11150900 14561.43581550 0 421.22777477 0 5578.60263035 0 -351.80651263 0 148.31379095 0 13453
0.11250000 0.11250000 14664.74060606 0 287.81511857 0 5975.55654743 0 327.73084954 0 652.69472511 0 13668
0.11350000 0.11349100 14506.84925414 0 205.14360531 0 5488.30782146 0 356.90863990 0 224.69400924 0 13791
0.11450000 0.11448600 14470.97492173 0 -151.79050094 0 5356.90147051 0 613.72678514 0 629.57571089 0 14205
0.11550000 0.11549300 14467.87467078 0 -11.17230791 0 5348.29827413 0 805.16728125 0 640.41773135 0 14776
0.11650000 0.11649800 14539.40188911 0 54.43686352 0 5067.36017650 0 847.47906332 0 1243.64352363 0 14553
0.11750000 0.11747300 14312.30850708 0 313.97127149 0 5021.41002850 0 383.88082316 0 1289.81511812 0 14568
0.11850000 0.11849100 14000.17967044 0 179.44363217 0 4770.25648464 0 271.70045703 0 1733.44995663 0 16015
0.11950000 0.11950300 14053.76972256 0 42.63177225 0 5101.88368529 0 146.02735587 0 1188.31511651 0 15270
0.12050000 0.12050700 13669.89222110 0 96.30564187 0 4393.88601941 0 376.55426583 0 1693.72245518 0 15999
0.12150000 0.12150000 13739.42642096 0 2.17232370 0 4906.66752641 0 381.30429317 0 1089.26984931 0 15670
0.12250000 0.12250700 13679.96803669 0 200.73349833 0 4358.75353276 0 -83.45499096 0 1332.80895539 0 16887
0.12350000 0.12352200 13363.18882362 0 474.93962247 0 4784.67265156 0 358.74443136 0 1555.68378167 0 16407
0.12450000 0.12449800 13103.09991363 0 444.98787660 0 4258.99188614 0 168.91052957 0 1724.99070047 0 16306
0.12550000 0.12549900 12878.11027332 0 113.04179300 0 4132.03660977 0 190.70307928 0 2040.35265596 0 17523
0.12650000 0.12650100 12692.09521637 0 66.81793714 0 4022.56453429 0 705.19193877 0 2011.84141955 0 17154
0.12750000 0.12750600 12923.83897482 0 -328.85801221 0 3625.99814858 0 633.18528878 0 1558.75081564 0 18007
0.12850000 0.12850300 12946.09434771 0 -348.49478027 0 3401.70606473 0 406.55805162 0 863.31802397 0 17496
0.12950000 0.12949900 13221.57378919 0 -49.69502970 0 3135.43879749 0 101.89794097 0 8.26291063 0 18405
0.13050000 0.13049000 13170.30892528 0 292.39131042 0 3475.87956869 0 -365.06340713 0 545.41164824 0 18100
0.13150000 0.13148800 12973.44299001 0 511.41628935 0 3088.01603030 0 -630.47921259 0 475.24078970 0 19059
0.13250000 0.13249300 12806.36160849 0 221.58822213 0 3536.10194338 0 117.10865791 0 801.39826189 0 18957
0.13350000 0.13349100 12572.95700132 0 8.96857203 0 3136.30243883 0 389.75469148 0 22.83423403 0 19468
0.13450000 0.13450700 12596.87322293 0 210.37195709 0 3162.28918518 0 -31.48415562 0 -189.62906377 0 19953
0.13550000 0.13551000 12386.05615838 0 197.30993550 0 3386.57019671 0 -105.02830864 0 97.85809253 0 19956
0.13650000 0.13649900 12128.07099010 0 318.06249551 0 3147.49655922 0 -66.35223515 0 -137.95673831 0 19723
0.13750000 0.13749600 11901.30977782 0 252.03268645 0 3242.68533569 0 52.19947885 0 94.55333574 0 20946
0.13850000 0.13851100 11733.78550331 0 229.10079452 0 3284.70480837 0 75.95636970 0 -397.01370763 0 20955
0.13950000 0.13949800 11469.82127964 0 305.19202514 0 3273.99787028 0 -76.94833928 0 -380.34210815 0 20506
0.14050000 0.14048300 11224.79073140 0 302.55016844 0 3354.95870935 0 14.95893228 0 -218.27870424 0 21447
0.14150000 0.14148400 10986.87968802 0 219.76350300 0 3314.82153188 0 93.21170215 0 220.90948862 0 21771
0.14250000 0.14249400 10960.11787893 0 149.56607088 0 3791.89479134 0 73.07335777 0 149.05452948 0 22470
0.14350000 0.14350900 10785.73983537 0 78.07616629 0 3782.49438757 0 84.13350303 0 230.88786775 0 22519
0.14450000 0.14449900 10737.33163126 0 167.25410978 0 3913.57964110 0 296.73276898 0 170.08530324 0 22218
0.14550000 0.14550500 10385.57494409 0 267.56826540 0 3408.85878657 0 84.82740562 0 128.96822502 0 23559
0.14650000 0.14650700 10369.77473658 0 208.89933789 0 3502.67459475 0 204.71289187 0 616.39410819 0 23044
0.14750000 0.14750500 10311.91076708 0 -74.22731546 0 3406.35644116 0 116.52293193 0 97.83030100 0 23649
0.14850000 0.14849900 10198.77375208 0 95.11182381 0 3090.21942294 0 47.97328319 0 95.12101384 0 23640
0.14950000 0.14949500 10099.93110842 0 185.04512130 0 3246.95925307 0 133.88433724 0 -160.89527364 0 24457
0.15050000 0.15050000 10058.02235898 0 41.23344835 0 2799.22765438 0 174.24739014 0 620.59716269 0 24591
0.15150000 0.15149900 9924.47904935 0 36.52350282 0 2851.74369099 0 101.52336422 0 345.62040475 0 25020
0.15250000 0.15250500 10065.24151477 0 -83.24240233 0 2851.57760612 0 488.04261166 0 343.00955056 0 25297
0.15350000 0.15350100 9916.23016736 0 73.56020789 0 2656.28394097 0 401.15143541 0 376.92297424 0 25452
0.15450000 0.15450400 10062.67273541 0 125.96541053 0 2574.45946056 0 -52.95771165 0 27.73816669 0 26061
0.15550000 0.15549900 9753.28983533 0 281.97114553 0 2379.26544633 0 -134.44791858 0 329.80691044 0 26128
0.15650000 0.15649500 9484.49807803 0 394.93100333 0 2416.95564001 0 -230.24345844 0 156.94023921 0 26331
0.15750000 0.15749700 9228.32877102 0 213.38252221 0 2527.24706753 0 35.03261428 0 325.84191093 0 27345
0.15850000 0.15849900 9193.87169619 0 12.18055381 0 2548.08518284 0 -4.79807016 0 -241.99008784 0 26980
0.15950000 0.15949700 9087.74346280 0 114.54541471 0 2467.63367071 0 277.17239995 0 435.87313881 0 27777
0.16050000 0.16050000 9088.23064509 0 104.92821482 0 2589.86106438 0 105.89460733 0 154.05146967 0 28224
0.16150000 0.16150500 9034.21984463 0 -15.55894156 0 2732.26223387 0 -106.09645581 0 685.86408857 0 28075
0.16250000 0.16249700 9104.94985557 0 3.75458106 0 2755.54733297 0 198.18132746 0 611.08603567 0 28590
0.16350000 0.16349900 9192.02261794 0 105.07857699 0 3056.24953039 0 -176.78516698 0 739.71766202 0 29163
0.16450000 0.16449100 9110.18706521 0 157.28458851 0 3146.57755626 0 -19.68681497 0 675.20476146 0 28996
0.16550000 0.16550500 8940.59226596 0 112.29884001 0 3246.88174679 0 47.68883516 0 690.77355739 0 30777
0.16650000 0.16650700 8920.10846505 0 140.21659981 0 3042.46448599 0 -44.28010924 0 570.95993053 0 29211
0.16750000 0.16749900 8830.52228494 0 144.90905106 0 3132.29425725 0 141.16660528 0 337.56196675 0 30922
0.16850000 0.16850800 8654.04049966 0 141.43234107 0 2955.31421734 0 127.94624944 0 418.66453158 0 30867
0.16950000 0.16949900 8511.97149991 0 125.21470691 0 2833.14218530 0 270.18244129 0 294.49283767 0 30852
0.17050000 0.17049200 8469.65307445 0 41.03303927 0 2431.65968737 0 289.64869556 0 454.18344236 0 31257
0.17150000 0.17149500 8442.70303584 0 -89.21868965 0 2364.68319454 0 482.62603036 0 252.69591871 0 32608
0.17250000 0.17250900 8486.94804582 0 8.30116551 0 2133.09444864 0 172.53228702 0 14.64027077 0 32361
0.17350000 0.17350400 8304.86366417 0 239.01827586 0 2131.41145526 0 -55.41687499 0 -174.30607346 0 32508
0.17450000 0.17449800 8252.12618106 0 137.41197993 0 2003.13857224 0 -70.63844282 0 51.40847196 0 32791
0.17550000 0.17549800 8126.59923459 0 32.39452217 0 1991.30225701 0 134.41913053 0 130.83169729 0 33633
0.17650000 0.17650100 8169.83666301 0 4.49197574 0 1661.86737668 0 269.95878033 0 -16.88540607 0 33984
0.17750000 0.17750300 8166.53711022 0 -36.45496513 0 1849.36612516 0 174.79657745 0 -82.39725177 0 34069
0.17850000 0.17849800 8034.36676886 0 206.62065344 0 1776.62095110 0 120.51561226 0 0.40877030 0 34536
0.17950000 0.17950400 7931.50487129 0 211.74824706 0 1822.83683489 0 -213.21200841 0 -145.07956487 0 35343
0.18050000 0.18050100 7759.29700339 0 191.57779294 0 1977.65008051 0 -97.28432466 0 151.75506950 0 34990
0.18150000 0.18150500 7617.33872689 0 191.32423670 0 1958.62782647 0 -329.33080048 0 236.37531193 0 36243
0.18250000 0.18250200 7657.84129107 0 39.17543533 0 2140.14751955 0 193.26632248 0 434.69393622 0 35694
0.18350000 0.18350400 7576.64793318 0 -23.95774283 0 1967.33067378 0 61.18732780 0 11.62948420 0 37087
0.18450000 0.18450600 7666.74344023 0 84.91985954 0 1901.27318391 0 256.05194036 0 89.47003142 0 36651
0.18550000 0.18550700 7517.12311495 0 52.76128861 0 1736.58342456 0 211.22452610 0 119.52906811 0 37818
0.18650000 0.18651000 7529.55733572 0 62.39011444 0 1504.50749636 0 240.75884532 0 -49.03412263 0 37267
0.18750000 0.18750100 7387.10080461 0 32.84682664 0 1568.00727919 0 180.97936363 0 19.12888053 0 38334
0.18850000 0.18850000 7458.61695061 0 90.72297570 0 1608.78665150 0 -59.39560419 0 -469.40567452 0 38223
0.18950000 0.18949500 7380.85601341 0 115.72461731 0 1547.45704433 0 -296.02746189 0 76.75557011 0 39064
0.19050000 0.19050000 7340.23165365 0 133.15024211 0 1810.71263922 0 -337.66161767 0 -316.41604081 0 39609
0.19150000 0.19149800 7246.85873845 0 177.16826942 0 2050.88243686 0 -149.96578181 0 143.60805290 0 39576
0.19250000 0.19250400 7210.47507910 0 101.38374220 0 2049.58697485 0 -76.32186714 0 -222.29795815 0 40909
0.19350000 0.19350500 7090.77217549 0 69.16228047 0 2140.59041254 0 69.18962911 0 90.91065160 0 40191
0.19450000 0.19450100 7088.59092750 0 46.44652032 0 2132.46332612 0 154.16219291 0 -197.13942170 0 41232
0.19550000 0.19549800 6999.65801455 0 100.75062667 0 2051.53570402 0 6.64137973 0 -332.44544545 0 40873
0.19650000 0.19649700 6980.17072287 0 155.98691205 0 1972.21356902 0 -63.74891014 0 -282.76170952 0 42816
0.19750000 0.19750200 6758.63564790 0 90.20445873 0 1922.26631177 0 36.45485440 0 -476.08450085 0 41727
0.19850000 0.19849000 6735.57199530 0 121.36818127 0 1901.46141343 0 99.33502994 0 -316.62198605 0 42610
0.19950000 0.19949900 6585.73022353 0 53.33361708 0 1701.66131208 0 229.61344316 0 -624.99176841 0 43863
0.20050000 0.20050100 6582.26458586 0 37.37053567 0 1594.52549713 0 246.48766618 0 -479.20911092 0 43302
0.20150000 0.20150100 6528.47523190 0 141.04370247 0 1563.96588063 0 218.43593125 0 -223.01987373 0 44487
0.20250000 0.20249700 6458.54242834 0 72.91856667 0 1514.81583076 0 166.20998955 0 -66.19356874 0 43759
0.20350000 0.20349100 6464.33325422 0 42.32839055 0 1491.09891100 0 350.58966413 0 138.81705795 0 45282
0.20450000 0.20449700 6351.03015435 0 117.58033895 0 1367.27710256 0 114.98941494 0 363.38594992 0 45483
0.20550000 0.20549900 6407.46579395 0 62.48710801 0 1283.80284575 0 287.31907842 0 636.61217331 0 46138
0.20650000 0.20650200 6283.88757665 0 -16.37762926 0 1298.31866358 0 287.87933805 0 762.84553410 0 46227
0.20750000 0.20749300 6287.20927410 0 30.29509866 0 1067.75078603 0 134.17332492 0 634.20615712 0 46236
0.20850000 0.20850300 6221.98220859 0 73.96135822 0 1016.02309894 0 52.47484757 0 503.01239481 0 48361
0.20950000 0.20950400 6145.50566107 0 88.51493268 0 1047.03335906 0 -183.58025273 0 254.59260795 0 46812
0.21050000 0.21050300 6035.76784979 0 106.88403028 0 1025.95608153 0 -116.11879207 0 145.78044303 0 48813
0.21150000 0.21149700 6038.43628007 0 162.15198250 0 1070.97172532 0 -119.49585114 0 208.03237486 0 47215
0.21250000 0.21249000 5894.88358880 0 79.35380185 0 985.40369189 0 -130.76526334 0 -31.15431107 0 50004
0.21350000 0.21350300 5880.15739679 0 70.03666196 0 1075.93766300 0 9.79804417 0 78.73430528 0 49509
0.21450000 0.21449800 5865.77444685 0 75.24574790 0 1105.96912960 0 35.57515820 0 -85.39630167 0 49660
0.21550000 0.21550100 5761.55065333 0 77.51125628 0 1048.79718040 0 35.95859280 0 -10.29410647 0 50841
0.21650000 0.21649800 5789.63006907 0 87.33761238 0 1171.24159164 0 43.33530777 0 -90.89049997 0 50424
0.21750000 0.21750300 5641.89203902 0 95.13994751 0 1046.80526917 0 -137.46512709 0 -205.28976000 0 52231
0.21850000 0.21850300 5644.63797557 0 162.91818738 0 1127.02979864 0 64.33375034 0 2.69035348 0 51078
0.21950000 0.21950100 5537.69039015 0 41.45888088 0 1108.10719553 0 -66.32898327 0 28.57844542 0 52791
0.22050000 0.22050700 5572.13639266 0 3.55340799 0 1086.60031180 0 136.52397948 0 -35.86846408 0 52969
0.22150000 0.22150000 5518.14773684 0 22.98758573 0 1165.69435691 0 95.39848630 0 128.92393572 0 52704
0.22250000 0.22250100 5592.99665262 0 87.22854998 0 1219.00760091 0 85.35378395 0 69.27831843 0 54051
0.22350000 0.22349900 5461.94461606 0 75.05486102 0 1233.09159808 0 -68.85679503 0 319.02468053 0 53938
0.22450000 0.22449800 5447.82740192 0 75.01688294 0 1410.13807193 0 -26.92113984 0 411.41769498 0 54735
0.22550000 0.22549100 5395.43316088 0 85.66823797 0 1484.58838401 0 -7.09398315 0 479.87677211 0 54774
0.22650000 0.22649900 5402.98448640 0 33.41782643 0 1383.96309606 0 134.79116064 0 450.46535569 0 56911
0.22750000 0.22749800 5355.71673175 0 -42.97955397 0 1428.05309348 0 270.01857089 0 493.20563672 0 54879
0.22850000 0.22849100 5402.27585762 0 32.43748279 0 1266.62966995 0 84.32007170 0 376.17227062 0 57210
0.22950000 0.22949800 5313.48688490 0 105.16604836 0 1282.83955349 0 -1.37015591 0 372.36117642 0 57375
0.23050000 0.23049600 5272.09853472 0 182.31247153 0 1054.59243521 0 -19.20970850 0 375.54557704 0 57604
0.23150000 0.23150100 5113.81965144 0 112.70076540 0 1083.24207568 0 43.02605774 0 430.35247766 0 58629
0.23250000 0.23250200 5151.31054328 0 -16.24609004 0 1073.36002578 0 29.15974247 0 216.33661847 0 58560
0.23350000 0.23350400 5056.44286423 0 53.88269367 0 1027.59700007 0 154.12454701 0 110.45662660 0 59305
0.23450000 0.23449700 5109.56787871 0 16.74224091 0 846.93984110 0 -16.36888212 0 139.92096873 0 59196
0.23550000 0.23549300 5059.03378824 0 1.34972747 0 903.74308188 0 13.52451260 0 -93.39306683 0 60063
0.23650000 0.23649900 5052.94400959 0 133.54773857 0 982.39201953 0 -162.58048147 0 -182.32022216 0 61537
0.23750000 0.23750400 4912.02653162 0 171.57231646 0 948.24054086 0 -129.25389100 0 -110.66024666 0 61224
0.23850000 0.23850100 4836.43577008 0 102.19755808 0 819.06526337 0 -97.25808325 0 -93.14781483 0 61221
0.23950000 0.23949400 4853.37642706 0 -29.37465630 0 916.01786118 0 173.87203832 0 -179.37387653 0 62332
0.24050000 0.24050100 4910.08887478 0 -118.13949135 0 904.48271318 0 138.23133197 0 -265.44791520 0 63447
0.24150000 0.24150500 4956.36012019 0 -6.72576192 0 722.32193250 0 93.42196559 0 -285.34377567 0 63342
0.24250000 0.24250300 4982.00362447 0 87.21327018 0 781.49354356 0 21.12189899 0 -181.11555322 0 63379
0.24350000 0.24349600 4884.00247750 0 108.45430738 0 642.51150797 0 103.65832989 0 -0.26987795 0 64266
0.24450000 0.24449500 4862.92077105 0 41.68088099 0 751.28159806 0 154.89518082 0 61.74681237 0 64695
0.24550000 0.24549600 4795.89998892 0 60.35457825 0 656.59439791 0 201.70011229 0 73.60748672 0 65947
0.24650000 0.24650000 4757.85548085 0 68.29598178 0 636.62435287 0 61.19076022 0 142.37348868 0 66018
0.24750000 0.24750000 4723.75272040 0 94.58478115 0 708.62214500 0 -33.70537470 0 314.41970064 0 66303
0.24850000 0.24849600 4676.27459158 0 36.34446332 0 625.74247203 0 40.62889941 0 471.59135144 0 66958
0.24950000 0.24949200 4634.47656539 0 32.97116884 0 667.70104693 0 25.50908626 0 397.87292003 0 66975
0.25050000 0.25048900 4638.76155510 0 58.55665414 0 663.77037162 0 46.43234774 0 471.48173543 0 68676
0.25150000 0.25150000 4576.51294497 0 142.70455119 0 651.28853986 0 3.38774386 0 454.04503830 0 69349
0.25250000 0.25249900 4494.07948669 0 122.59388762 0 647.41654787 0 -27.03075586 0 627.50075721 0 68592
0.25350000 0.25349900 4450.02270624 0 54.96567776 0 694.98214805 0 -36.12124526 0 598.90094221 0 70437
0.25450000 0.25450100 4473.54032415 0 -20.04943361 0 747.41514223 0 100.04111209 0 646.19194874 0 70099
0.25550000 0.25550100 4490.13773906 0 1.97074095 0 725.40889666 0 89.86309895 0 481.95172578 0 71064
0.25650000 0.25650300 4465.86720305 0 55.45928200 0 714.47608313 0 -27.45360794 0 562.92695887 0 71409
0.25750000 0.25750600 4459.56705023 0 48.57340319 0 615.11304021 0 45.55519817 0 528.51528057 0 72612
0.25850000 0.25850600 4419.29700487 0 16.67868577 0 602.85929833 0 19.56933761 0 519.39943555 0 71845
0.25950000 0.25949600 4438.21960798 0 23.30060035 0 552.10929752 0 23.35441185 0 294.93905236 0 72816
0.26050000 0.26049800 4396.54337736 0 73.75142694 0 478.97880656 0 29.85918123 0 288.30451533 0 73743
0.26150000 0.26149900 4305.47350573 0 81.33010111 0 447.15473057 0 13.47645871 0 279.87958337 0 74662
0.26250000 0.26250300 4299.05155734 0 62.33253835 0 380.97323066 0 -2.52481116 0 194.50642286 0 74931
0.26350000 0.26350100 4228.08902757 0 32.69912182 0 466.67856092 0 -25.53156308 0 194.87513127 0 75087
0.26450000 0.26450200 4202.73340374 0 84.43954209 0 400.78272700 0 19.95221860 0 73.67502790 0 76678
0.26550000 0.26550600 4162.09797165 0 86.99104862 0 373.79725695 0 2.27630390 0 93.16165524 0 76035
0.26650000 0.26650100 4131.70444003 0 32.76765951 0 387.31656555 0 -25.08003367 0 177.43400522 0 77094
0.26750000 0.26750600 4155.87532511 0 17.88988738 0 476.38013193 0 -14.70637255 0 3.97986965 0 78463
0.26850000 0.26850100 4098.78641834 0 102.89921130 0 476.55175296 0 10.78580627 0 224.26772474 0 77076
0.26950000 0.26949700 4022.47595569 0 155.92933596 0 490.99670792 0 -97.74703712 0 261.70879111 0 79149
0.27050000 0.27049900 3980.34575976 0 91.04794843 0 480.79356060 0 118.34322213 0 287.81733303 0 79648
0.27150000 0.27150200 3896.50611623 0 5.98946339 0 544.77166787 0 125.35643267 0 334.31666834 0 80241
0.27250000 0.27250500 3896.91579225 0 -0.82689783 0 344.71468858 0 211.54340906 0 260.86397273 0 80835
0.27350000 0.27350000 3989.43613843 0 -64.47591899 0 333.65343609 0 82.77249286 0 168.94706825 0 80680
0.27450000 0.27450400 3959.75123559 0 13.83210178 0 211.63641658 0 57.45473638 0 124.16505052 0 82617
0.27550000 0.27550800 3950.82694179 0 118.87469372 0 143.91475630 0 -107.86847068 0 111.87476997 0 82548
0.27650000 0.27649900 3875.32475885 0 98.15416650 0 155.50526592 0 -81.93221413 0 146.34070266 0 81181
0.27750000 0.27748900 3794.23105188 0 77.78806440 0 234.20402903 0 0.03410564 0 79.04012289 0 84096
0.27850000 0.27849800 3790.10107472 0 64.33862216 0 200.43786726 0 26.73457117 0 -29.57694767 0 85215
0.27950000 0.27950200 3739.16838056 0 9.92648314 0 241.93361898 0 93.28190069 0 130.79737308 0 84514
0.28050000 0.28050300 3769.65049078 0 10.16977533 0 180.68705425 0 2.85467786 0 90.93080323 0 85815
0.28150000 0.28150100 3806.93100845 0 3.23635197 0 203.79056722 0 22.39300188 0 170.44072486 0 85485
0.28250000 0.28250000 3774.79912182 0 86.37243783 0 286.45100815 0 -50.00516552 0 84.76241108 0 87220
0.28350000 0.28350400 3743.29835771 0 136.49740590 0 297.17455474 0 -135.77549032 0 253.75443296 0 87147
0.28450000 0.28449700 3629.98418552 0 82.44552711 0 291.64503572 0 -56.09771225 0 180.00499904 0 87102
0.28550000 0.28549800 3617.45031382 0 57.41077925 0 392.70657327 0 -31.96015487 0 197.59781595 0 88971
0.28650000 0.28649900 3615.42407838 0 27.66021752 0 372.67563044 0 20.28394545 0 15.94104749 0 89434
0.28750000 0.28750100 3551.45925791 0 68.67642686 0 373.15174041 0 28.62406340 0 35.08310408 0 89619
0.28850000 0.28849900 3572.76241086 0 39.68011190 0 329.84455635 0 41.20908923 0 125.50923075 0 90240
0.28950000 0.28950100 3501.68915785 0 44.68912092 0 289.19915917 0 30.16566318 0 57.82045527 0 91333
0.29050000 0.29050500 3525.27320971 0 48.05964732 0 201.58938904 0 126.71168522 0 171.47045107 0 92139
0.29150000 0.29150600 3490.78291790 0 49.30771978 0 192.15244660 0 103.02842533 0 184.30106107 0 92370
0.29250000 0.29250200 3481.19428461 0 30.83731041 0 62.08662202 0 189.00569189 0 234.97244837 0 91819
0.29350000 0.29349600 3454.63177737 0 11.99996419 0 55.25322603 0 85.36485627 0 260.25720933 0 93552
0.29450000 0.29450000 3456.87945930 0 47.18316209 0 -12.31331098 0 41.05141933 0 205.06942073 0 94701
0.29550000 0.29550200 3435.74239123 0 29.62588735 0 53.57089700 0 -73.35038733 0 388.68842660 0 95020
0.29650000 0.29650300 3434.56872480 0 20.32712752 0 75.61456704 0 -30.41346181 0 304.71259347 0 95151
0.29750000 0.29749800 3409.13559469 0 66.51333748 0 77.59662390 0 0.92235345 0 360.92678658 0 95802
0.29850000 0.29850000 3429.49760003 0 23.53954112 0 103.56144705 0 57.09377859 0 238.11809585 0 97399
0.29950000 0.29950700 3392.19493771 0 35.88396534 0 104.75161124 0 -63.17204202 0 364.53304277 0 97881
0.30050000 0.30050300 3421.68053871 0 62.49153694 0 143.96347452 0 -57.77948766 0 204.95537579 0 97188
0.30150000 0.30149700 3347.17486500 0 58.46962567 0 139.21123271 0 -77.84586193 0 293.06340053 0 98263
0.30250000 0.30249700 3351.86953072 0 51.08848178 0 144.25024774 0 -57.32773681 0 191.70069575 0 100050
0.30350000 0.30350600 3322.49465298 0 35.60261756 0 163.43637218 0 -16.93257418 0 239.70033107 0 100779
0.30450000 0.30450500 3321.53136072 0 42.26660698 0 197.29664871 0 16.78752672 0 205.95963565 0 99982
0.30550000 0.30550300 3276.09053967 0 33.05055741 0 181.15984252 0 27.14502225 0 294.90362092 0 101559
0.30650000 0.30649700 3317.85534888 0 43.58653882 0 159.89433547 0 116.67794447 0 299.54403225 0 100935
0.30750000 0.30749800 3281.38311093 0 60.86368374 0 196.65334664 0 59.33847100 0 312.28938535 0 103762
0.30850000 0.30850200 3237.58099395 0 54.20799857 0 170.15838058 0 -72.78702745 0 345.40117272 0 102951
0.30950000 0.30950100 3212.69040775 0 97.33127132 0 198.70172673 0 -55.03399400 0 293.71445323 0 104394
0.31050000 0.31050000 3160.20758811 0 47.62195832 0 268.55591678 0 -49.25335466 0 335.05408517 0 103963
0.31150000 0.31149700 3142.14862633 0 42.31776112 0 253.12220321 0 -78.54574358 0 329.78033686 0 105936
0.31250000 0.31250000 3150.08748323 0 33.99801625 0 242.79061693 0 64.95225040 0 227.13102793 0 105717
0.31350000 0.31349800 3140.42134366 0 -13.53525275 0 195.96796973 0 66.51865220 0 241.07994274 0 106776
0.31450000 0.31450400 3168.51183173 0 18.10070444 0 97.47078261 0 59.28344154 0 148.84747700 0 108733
0.31550000 0.31549900 3148.84738285 0 30.24748766 0 77.37429162 0 123.42209752 0 239.95499454 0 105891
0.31650000 0.31650000 3125.77265793 0 41.00557990 0 12.53121434 0 -4.31440887 0 158.72952690 0 111072
0.31750000 0.31750600 3097.29463849 0 49.84915646 0 -11.75659449 0 80.82808190 0 215.50065795 0 108121
0.31850000 0.31849900 3099.34301859 0 61.24966499 0 -22.58100996 0 7.54065181 0 259.30056046 0 110484
0.31950000 0.31950100 3038.12413466 0 66.06590483 0 -53.61717932 0 34.52528036 0 231.21339410 0 110817
0.32050000 0.32049800 3001.96192181 0 68.79866532 0 -13.57555601 0 -4.63643637 0 240.34141868 0 111088
0.32150000 0.32149900 2962.85447055 0 56.22570832 0 -53.18546937 0 2.01153139 0 290.29642656 0 112635
0.32250000 0.32250100 2940.30014489 0 42.33315165 0 9.07284011 0 -2.84287476 0 143.37442684 0 113202
0.32350000 0.32350400 2948.94763057 0 67.00749534 0 -36.19321537 0 -45.15803388 0 194.86073725 0 113863
0.32450000 0.32450300 2910.90312250 0 35.31473712 0 -49.24648982 0 26.06668853 0 195.63690722 0 114045
0.32550000 0.32549900 2883.02300860 0 17.89033027 0 -76.90028539 0 4.81822180 0 206.19879787 0 114828
0.32650000 0.32650300 2939.10433381 0 -16.53419193 0 -60.90819449 0 61.73153256 0 170.13623593 0 116431
0.32750000 0.32750400 2931.45335736 0 27.12055241 0 -140.73146291 0 83.78948590 0 186.33726161 0 116442
0.32850000 0.32850400 2938.63929617 0 48.01879044 0 -157.63336675 0 29.36159095 0 202.72873127 0 116955
0.32950000 0.32949800 2909.07618890 0 51.60976683 0 -185.08055274 0 2.23048662 0 247.00252929 0 117028
0.33050000 0.33049700 2879.52415396 0 77.90365947 0 -126.29093688 0 -33.92272444 0 244.48136093 0 119061
0.33150000 0.33150100 2858.98499142 0 84.79972481 0 -85.39862686 0 -58.66671305 0 325.22961136 0 120060
0.33250000 0.33250400 2822.44631952 0 18.37551955 0 -97.55603951 0 -38.26495806 0 315.34756146 0 119737
0.33350000 0.33350100 2815.26038071 0 11.42475692 0 -103.40422003 0 21.13507506 0 273.52739062 0 120531
0.33450000 0.33450000 2833.58507829 0 4.10160986 0 -114.74803826 0 30.00644315 0 199.84328342 0 121704
0.33550000 0.33550300 2843.47266435 0 38.97270107 0 -151.32214160 0 42.93006068 0 181.08012178 0 122761
0.33650000 0.33650300 2820.11005898 0 39.64512335 0 -222.33338959 0 -9.32484623 0 112.32319912 0 122472
0.33750000 0.33749900 2777.89128445 0 67.95285043 0 -199.25091404 0 -48.47308793 0 117.11197961 0 122985
0.33850000 0.33849800 2763.85157658 0 56.06659901 0 -177.19816470 0 -19.66677407 0 14.81299904 0 125380
0.33950000 0.33950300 2703.10880263 0 57.97491420 0 -206.63836916 0 -33.84710046 0 4.57572681 0 125223
0.34050000 0.34050000 2723.54831424 0 80.60165286 0 -194.18089651 0 -7.69037178 0 18.52455304 0 125178
0.34150000 0.34149900 2666.43726283 0 44.65845058 0 -183.07867641 0 8.44809526 0 -55.05923890 0 127059
0.34250000 0.34250300 2672.09522081 0 37.96268360 0 -211.52901503 0 10.68148282 0 79.27851004 0 127957
0.34350000 0.34349800 2620.15494508 0 68.44645467 0 -164.39966444 0 67.03827640 0 9.17968805 0 126732
0.34450000 0.34449700 2620.42068088 0 49.82889410 0 -244.50682727 0 11.02357337 0 129.21513787 0 129639
0.34550000 0.34550000 2561.17267078 0 77.29313148 0 -158.35638956 0 15.02160163 0 127.83884789 0 129826
0.34650000 0.34650400 2537.45575101 0 56.79227918 0 -182.11649138 0 -5.42719966 0 206.11796989 0 130875
0.34750000 0.34750200 2527.33564613 0 36.19498694 0 -180.13454524 0 8.34708244 0 165.55007899 0 130686
0.34850000 0.34850200 2540.94353333 0 -2.77224440 0 -151.70635127 0 -22.16911948 0 177.65877341 0 132211
0.34950000 0.34950400 2554.45176961 0 18.23545464 0 -162.67348900 0 -66.96486689 0 183.88806336 0 132768
0.35050000 0.35050300 2547.56478357 0 63.24279418 0 -125.31103614 0 -42.78390599 0 198.54671418 0 132957
0.35150000 0.35150100 2523.71499591 0 40.03940884 0 -111.16060502 0 -47.78815392 0 203.77949489 0 133987
0.35250000 0.35249800 2513.16307036 0 3.74686365 0 -105.94554003 0 39.24120494 0 184.05304100 0 134778
0.35350000 0.35349800 2547.88588099 0 25.08003367 0 -63.12730983 0 37.37108928 0 72.41112202 0 135699
0.35450000 0.35450100 2528.25464909 0 42.49447542 0 -128.47993550 0 -25.60641199 0 99.89728260 0 137380
0.35550000 0.35550100 2513.29593826 0 61.28941463 0 -115.87077199 0 -3.91183021 0 133.55548919 0 136161
0.35650000 0.35649900 2501.65892488 0 26.79236870 0 -166.57980520 0 -23.76552727 0 177.50597533 0 138792
0.35750000 0.35750000 2502.67757876 0 23.71990929 0 -155.70013883 0 0.74320655 0 145.53574465 0 138097
0.35850000 0.35849800 2520.09434570 0 9.79545325 0 -173.31620762 0 93.51375517 0 117.74199489 0 140028
0.35950000 0.35950300 2494.73872186 0 32.32952762 0 -252.07919022 0 119.98746236 0 172.23001255 0 141099
0.36050000 0.36050500 2488.57143694 0 49.92566622 0 -287.62356735 0 62.82259945 0 115.13335516 0 140821
0.36150000 0.36150200 2459.32942709 0 69.52357043 0 -285.77448910 0 -12.69209522 0 144.23363925 0 141756
0.36250000 0.36250400 2388.53298220 0 107.34220308 0 -285.44453382 0 -53.16852872 0 209.77072985 0 142971
0.36350000 0.36349900 2352.32648005 0 77.73480651 0 -217.45603051 0 -44.03718244 0 293.57937087 0 142270
0.36450000 0.36450000 2310.69453873 0 57.82709866 0 -192.02732933 0 0.99262395 0 307.05439017 0 145311
0.36550000 0.36550300 2327.29195363 0 -9.20644986 0 -163.25810775 0 26.02915335 0 391.30149525 0 145434
0.36650000 0.36650100 2349.52518187 0 9.91679486 0 -165.17029825 0 50.60606058 0 422.57306224 0 144547
0.36750000 0.36749600 2366.82015323 0 9.33302867 0 -158.45382601 0 33.47507035 0 424.50961185 0 146892
0.36850000 0.36849900 2370.55152670 0 15.23208653 0 -196.74746140 0 13.34956986 0 408.86220242 0 148113
0.36950000 0.36949900 2354.76239151 0 52.93313109 0 -208.80190143 0 -18.34739584 0 385.08217040 0 147387
0.37050000 0.37049800 2363.25486464 0 47.38777865 0 -202.61690079 0 -22.09947455 0 397.57507450 0 149758
0.37150000 0.37150100 2344.53156337 0 20.82372129 0 -236.87799547 0 -31.39956306 0 351.94270222 0 150099
0.37250000 0.37250000 2362.71232073 0 12.84810427 0 -259.64048083 0 12.17778573 0 276.14710267 0 150468
0.37350000 0.37349800 2358.27231847 0 26.14120528 0 -265.42909225 0 44.86506017 0 209.20714852 0 150709
0.37450000 0.37449700 2331.41085846 0 58.57769156 0 -336.62192637 0 20.88816222 0 188.60708819 0 153108
0.37550000 0.37550100 2320.37175062 0 70.48365171 0 -333.12085726 0 -8.21119180 0 82.97544857 0 153189
0.37650000 0.37649900 2258.61032278 0 78.15389401 0 -376.54872967 0 -24.42421987 0 137.11524162 0 153547
0.37750000 0.37749900 2227.28671587 0 66.03457016 0 -360.08971882 0 -32.46804241 0 98.89999830 0 155424
0.37850000 0.37850200 2171.48219878 0 62.37417029 0 -387.38632120 0 -6.98196444 0 135.04693135 0 155313
0.37950000 0.37949900 2192.94036428 0 32.94415237 0 -336.51009589 0 9.11623255 0 109.32813526 0 156100
0.38050000 0.38050000 2167.24149838 0 14.18885209 0 -399.10084086 0 44.04736898 0 72.44721780 0 157557
0.38150000 0.38149800 2181.81267784 0 18.14200422 0 -370.28179382 0 10.85731134 0 143.77745947 0 157692
0.38250000 0.38250100 2188.96539967 0 8.67482325 0 -340.60021268 0 23.90824953 0 144.90572937 0 159703
0.38350000 0.38350500 2189.77367938 0 49.83299086 0 -379.10532947 0 17.70962993 0 218.85778683 0 160338
0.38450000 0.38450600 2153.66682815 0 74.40602278 0 -369.13359373 0 4.65017712 0 206.43353115 0 160167
0.38550000 0.38550000 2141.56477712 0 33.65543852 0 -398.44646646 0 14.29614291 0 294.84715206 0 160033
0.38650000 0.38649600 2130.65853718 0 39.12926374 0 -383.19544625 0 6.28874833 0 226.19652372 0 162444
0.38750000 0.38750200 2133.13873794 0 47.73024566 0 -412.13739610 0 -5.27068128 0 248.58587174 0 164307
0.38850000 0.38850400 2097.45263505 0 30.64797365 0 -404.30594075 0 -24.08850698 0 222.83939484 0 163882
0.38950000 0.38950500 2115.93234517 0 33.38582741 0 -391.59601909 0 -7.11552989 0 243.78269723 0 164595
0.39050000 0.39050100 2093.57732136 0 28.31802434 0 -408.83341437 0 14.31441225 0 151.43950824 0 165006
0.39150000 0.39150100 2092.20435308 0 67.02642901 0 -409.35049194 0 -36.07983476 0 183.58468166 0 166687
0.39250000 0.39250100 2071.12264663 0 66.97815368 0 -379.43749921 0 -48.65589201 0 178.23785600 0 167256
0.39350000 0.39350100 2015.19633397 0 71.73172417 0 -339.39665097 0 -27.13383920 0 235.94792019 0 167937
0.39450000 0.39449600 1993.56101127 0 67.05388838 0 -362.63303183 0 -18.16392742 0 175.46645310 0 167719
0.39550000 0.39549700 1962.90174385 0 33.41295461 0 -329.43930926 0 10.64271862 0 191.81031176 0 171636
0.39650000 0.39650400 1976.44319710 0 2.02942427 0 -361.89007884 0 51.01097550 0 196.45515202 0 171093
0.39750000 0.39750000 1992.08839207 0 14.33079929 0 -399.48394329 0 21.12854239 0 154.32827779 0 170464
0.39850000 0.39849800 2014.34376496 0 44.96371458 0 -414.30535730 0 20.86911782 0 190.17382216 0 172113
0.39950000 0.39949500 1994.80111165 0 28.97660622 0 -408.35176824 0 6.51991632 0 198.04845957 0 173232
