### header ###
fiducial parameters:
Omega_m = 0.31
Omega_nu = 0
Omega_de = 0.69
Omega_k = 0
H_0 = 100
w_de = -1
zeff = 0
beta = 0
fgrowth = 0
b_1 = 2
gamma = 0.55
Lx = 3500 Ly = 3500 Lz = 3500
nx = 700 ny = 700 nz = 700
xoffset = -685.467585 yoffset = -31.7331281 zoffset = 572.489161
bins = 400 dk = 0.001
kx_ny = 0.628318531 ky_ny = 0.628318531 kz_ny = 0.628318531
############################
A(data) = 7.98472697 (not used)
A(ran) = 7.97508527 (used)
Ngal = 473795
weighted Ngal = 0
Nran = 23820508
weighted Nran = 0
SN(data) = 3498.03814
SN(ran) = 69.465885
SN(data+ran) = 3567.50403
############################
13 columns: k_central k_mean P_0(k) sigma^{lin}_{P_0(k)} P^img_1(k) sigma^{lin}_{P_1(k)} P_2(k) sigma^{lin}_{P_2(k)} P^img_3(k) sigma^{lin}_{P_3(k)} P_4(k) sigma^{lin}_{P_4(k)} N_modes
### header ###
0.00050000 0 0 0 0 0 0 0 0 0 0 0 0
0.00150000 0.00179520 49357.10234408 0 -28590.62497696 0 30838.74980814 0 54441.18173106 0 -108524.06303098 0 3
0.00250000 0.00253879 83324.55897623 0 -25940.57475487 0 4153.83801734 0 12896.37960927 0 50085.99348689 0 6
0.00350000 0.00331552 72985.22206057 0 2900.38441392 0 1075.34750808 0 -43085.84829005 0 30043.42471642 0 7
0.00450000 0.00420575 72017.61159467 0 5851.11468879 0 -31735.60811845 0 -3219.12342847 0 5486.22622439 0 24
0.00550000 0.00557378 65884.31870788 0 -1689.14958503 0 -13656.82687781 0 -11930.42999209 0 -12348.41025400 0 45
0.00650000 0.00659388 82846.67743705 0 11091.92283358 0 -10250.26006249 0 -10592.22881451 0 36098.76843649 0 40
0.00750000 0.00754703 65244.55977986 0 7100.29437483 0 14040.04003979 0 -7893.57108646 0 6285.47091910 0 57
0.00850000 0.00846663 67037.16916800 0 -17993.96723253 0 13204.41168572 0 -574.22294465 0 19050.82063647 0 75
0.00950000 0.00948925 84782.34126185 0 -7002.06070904 0 18986.49042927 0 9364.15297957 0 -5042.01562499 0 112
0.01050000 0.01054430 85151.38184805 0 -2320.48247387 0 18315.17537552 0 6102.08000313 0 14724.64188332 0 105
0.01150000 0.01145670 87868.75180505 0 2990.82316304 0 16182.64561544 0 10943.97442935 0 14842.78358914 0 144
0.01250000 0.01249090 80078.59623239 0 4645.30529906 0 18159.94138156 0 4679.89524180 0 -423.02370586 0 169
0.01350000 0.01339930 75264.12795475 0 5682.99250874 0 10878.74736384 0 5555.97079842 0 -5537.45787133 0 180
0.01450000 0.01448870 66278.49347142 0 5067.54840602 0 6125.86335684 0 -766.96111724 0 -12360.14691830 0 267
0.01550000 0.01550050 71539.28716251 0 -3665.05023822 0 13189.46404722 0 -21444.10364602 0 -4023.91535792 0 238
0.01650000 0.01653350 78931.28193468 0 -4251.00873995 0 17414.22030502 0 -15220.23914221 0 -6205.15227487 0 315
0.01750000 0.01747870 77456.44826884 0 6032.57902024 0 34051.93847051 0 -10459.61558016 0 -14290.27458069 0 297
0.01850000 0.01844180 79684.86436184 0 -3255.11955646 0 23453.84132385 0 -20156.61371610 0 -17357.30855545 0 388
0.01950000 0.01947590 89603.34221114 0 2216.60192242 0 53710.29756978 0 -8506.31354193 0 -8795.03548390 0 399
0.02050000 0.02045430 78778.26240569 0 7482.22314712 0 42745.15285538 0 13060.36073983 0 -24433.18845406 0 462
0.02150000 0.02154770 77910.19213991 0 2895.28007218 0 42302.59203238 0 17454.30212087 0 -16422.91506401 0 571
0.02250000 0.02255340 70750.82691217 0 -485.78939356 0 18523.22435886 0 15104.86551760 0 -20698.49329273 0 510
0.02350000 0.02348930 74308.25415315 0 3570.45936729 0 29593.88832878 0 13134.87748586 0 -22799.90982006 0 555
0.02450000 0.02439640 66936.07884240 0 2454.05900048 0 14804.36262202 0 2425.66955964 0 -16187.62816161 0 592
0.02550000 0.02547300 66099.78614885 0 585.06385788 0 22206.10104004 0 5039.20325449 0 -3004.68571371 0 837
0.02650000 0.02652900 68533.37242074 0 -2538.37475397 0 17471.90711733 0 10639.36370126 0 2104.70500780 0 723
0.02750000 0.02749970 69501.20433314 0 -1644.47275439 0 23521.05033550 0 11710.86579094 0 462.68920229 0 826
0.02850000 0.02848090 69547.59737413 0 2018.63982699 0 18755.07884056 0 13257.11595186 0 -3571.84340790 0 831
0.02950000 0.02946900 69043.47442514 0 7232.45364386 0 22746.43049119 0 -8898.80531210 0 8431.71928962 0 996
0.03050000 0.03053250 60836.99943930 0 9175.04874400 0 21953.76275742 0 -5356.62466239 0 8396.81932179 0 1041
0.03150000 0.03150510 57785.68816578 0 767.39958130 0 22320.36743216 0 -1786.28709067 0 9006.18471819 0 1036
0.03250000 0.03246190 54863.81236939 0 -1860.26129278 0 17150.80969759 0 6984.89860557 0 571.23120249 0 1059
0.03350000 0.03345080 59385.08548583 0 -2640.86019250 0 19240.48956061 0 10640.88060976 0 -5832.11457940 0 1302
0.03450000 0.03451200 56871.22485901 0 -677.99498732 0 12669.39695049 0 7676.73067721 0 -9234.24139248 0 1339
0.03550000 0.03553350 57864.08022549 0 2822.18058373 0 11797.45137102 0 -572.13913312 0 -7889.62933883 0 1365
0.03650000 0.03647120 53183.80852465 0 5238.85941562 0 15272.27906886 0 -4017.05051653 0 -2312.82042509 0 1308
0.03750000 0.03744890 50945.31661607 0 6226.42221084 0 18322.92600289 0 -5984.13759916 0 381.85348049 0 1579
0.03850000 0.03847530 46055.66725290 0 2932.42772194 0 21646.94863669 0 -3109.79529321 0 -1070.22212893 0 1662
0.03950000 0.03950240 46655.12291859 0 475.24521863 0 23437.78645286 0 -5149.01857204 0 -2163.45476329 0 1683
0.04050000 0.04050350 45901.20832168 0 2349.87949626 0 25914.66551479 0 -326.18293853 0 -4708.50612913 0 1822
0.04150000 0.04152450 44641.62065031 0 1217.56819868 0 23644.61748047 0 -2681.34061203 0 -4623.96892914 0 1887
0.04250000 0.04250150 43815.62521884 0 721.80596216 0 24231.22924937 0 1743.69185709 0 -7325.10685795 0 1920
0.04350000 0.04349210 43549.44653020 0 114.15013272 0 23318.86968431 0 856.01914745 0 -7871.54823240 0 2005
0.04450000 0.04448520 42498.68290491 0 2359.01416424 0 24980.38274660 0 5521.01546897 0 -7517.45528470 0 2151
0.04550000 0.04548030 41012.88763750 0 856.40778605 0 21516.62737358 0 4351.58973860 0 -3165.42265310 0 2274
0.04650000 0.04648670 40287.20746889 0 -128.89293321 0 22943.07497997 0 2489.24684875 0 -5492.14991817 0 2311
0.04750000 0.04749250 41785.07157035 0 -138.91006548 0 23176.81175689 0 2704.91359157 0 -7103.15103463 0 2568
0.04850000 0.04851840 38657.69342533 0 3232.74238800 0 18950.17320386 0 360.44403322 0 -3981.15403947 0 2493
0.04950000 0.04949480 38257.98249937 0 1626.31414169 0 18839.22850918 0 1597.01677022 0 -2479.41462431 0 2644
0.05050000 0.05050630 37554.00408740 0 -1299.82449976 0 16753.20251335 0 5303.15640584 0 -4910.54284010 0 2829
0.05150000 0.05149060 38061.44873384 0 -1454.72632397 0 14274.88404919 0 2977.93497695 0 -5937.67812422 0 2784
0.05250000 0.05249300 38469.57462666 0 980.29602845 0 14240.44911901 0 869.53513436 0 -5110.29865215 0 3055
0.05350000 0.05348950 37472.84394648 0 769.45792648 0 11846.28032347 0 2143.57994024 0 -2292.50270905 0 3009
0.05450000 0.05448610 37168.57646047 0 1291.46489452 0 13329.86112592 0 -350.90854708 0 -2864.57651546 0 3336
0.05550000 0.05550870 36042.41030316 0 382.68390485 0 12743.80297327 0 415.73036550 0 -189.83058009 0 3349
0.05650000 0.05647670 35326.36305714 0 1510.47547943 0 13241.06108087 0 1225.06416258 0 -1495.48355163 0 3324
0.05750000 0.05747970 35632.29139188 0 163.45851683 0 14750.21895366 0 763.45894090 0 192.28752896 0 3639
0.05850000 0.05849280 33995.13744419 0 309.39729410 0 13694.58350545 0 695.99194408 0 968.53500502 0 3846
0.05950000 0.05951020 34851.36032242 0 994.33684355 0 14412.51304669 0 1266.10927069 0 -472.15493278 0 3787
0.06050000 0.06049470 33847.65407761 0 -1059.73220839 0 13281.36434321 0 749.09370668 0 1205.43293068 0 3930
0.06150000 0.06148310 34825.89397534 0 -398.13865583 0 13828.00501951 0 913.66388492 0 745.81629853 0 4083
0.06250000 0.06249100 34700.88742813 0 775.74257805 0 12722.43338637 0 1127.24017281 0 728.99190097 0 4303
0.06350000 0.06350600 33782.99170067 0 1489.92524457 0 13477.12304601 0 1250.32013550 0 2863.80145272 0 4470
0.06450000 0.06451750 32548.98109963 0 1665.42159295 0 12042.92481225 0 1669.57371475 0 1545.28686866 0 4479
0.06550000 0.06550280 30897.65457618 0 238.16902855 0 10685.47993413 0 2188.40071111 0 2040.67375338 0 4636
0.06650000 0.06648880 30811.17971934 0 4.30875091 0 9541.15516413 0 1905.12635295 0 852.78492137 0 4653
0.06750000 0.06749660 30576.33570994 0 500.45911671 0 9481.35353778 0 1221.46565702 0 528.18200359 0 5220
0.06850000 0.06852730 30798.77871555 0 743.88971401 0 8794.01683001 0 -506.90431699 0 -1187.93865747 0 5029
0.06950000 0.06949320 28765.34626260 0 529.88714161 0 7763.96952446 0 -2174.69317298 0 231.23221705 0 5040
0.07050000 0.07048030 28902.86453685 0 1322.45633169 0 9413.01514900 0 -2039.54437624 0 -1748.94013905 0 5475
0.07150000 0.07148790 28541.68530127 0 -75.10679022 0 8398.55767679 0 -81.20409805 0 -1862.37610682 0 5509
0.07250000 0.07249820 28652.96216569 0 -520.58971046 0 9180.75099128 0 1701.38450396 0 -3480.71817464 0 5916
0.07350000 0.07351270 28819.15776122 0 -77.20831747 0 7866.23351648 0 1843.86317972 0 -3989.21469194 0 5721
0.07450000 0.07449140 28520.42643761 0 746.90027913 0 8196.15557911 0 1351.36617179 0 -3988.56142477 0 6028
0.07550000 0.07549160 28196.22876692 0 583.18599159 0 6700.27342378 0 107.46222708 0 -2808.35125003 0 6183
0.07650000 0.07648840 27342.10963041 0 1225.40740465 0 8555.05391578 0 -52.97376652 0 -1382.62334475 0 6330
0.07750000 0.07749960 26014.87005440 0 1886.53591958 0 8927.71515220 0 -1840.18716788 0 137.66442894 0 6583
0.07850000 0.07848650 25297.27268291 0 1390.17467028 0 10360.72864720 0 139.85121309 0 2024.41958054 0 6549
0.07950000 0.07947320 24308.07118361 0 135.02921563 0 10892.27774477 0 758.51957679 0 1023.94091842 0 6828
0.08050000 0.08048110 24868.88443567 0 -212.48898559 0 10498.29121075 0 402.73920679 0 -231.16467587 0 7147
0.08150000 0.08149960 24757.93974099 0 220.33815666 0 11323.77731528 0 15.09124656 0 -1676.85930448 0 7386
0.08250000 0.08250610 23957.96427284 0 252.24416786 0 10048.30085779 0 -159.92201629 0 -1011.61299196 0 7227
0.08350000 0.08350160 24093.71097512 0 387.48929382 0 9519.58627538 0 973.88736684 0 -718.57505778 0 7798
0.08450000 0.08449610 23858.31334947 0 -12.24676631 0 7978.30758830 0 1693.36814079 0 -1337.55898274 0 7371
0.08550000 0.08548940 23714.48385008 0 185.26878226 0 8255.85755453 0 1723.49593662 0 -861.20320993 0 8256
0.08650000 0.08650700 23067.19574118 0 900.77791330 0 7368.36643101 0 1500.38859153 0 -498.60560954 0 8037
0.08750000 0.08749060 22406.73156575 0 1203.20739339 0 7710.74485906 0 -48.78156290 0 821.57203771 0 8155
0.08850000 0.08849210 21098.53638843 0 1024.73037518 0 7664.27431179 0 -588.81848323 0 507.93625766 0 8718
0.08950000 0.08949900 20808.10930843 0 185.11598418 0 8097.75582844 0 22.31427765 0 1312.67946887 0 8571
0.09050000 0.09049190 20627.74113714 0 23.77903550 0 8254.75032205 0 -203.26906072 0 1077.66605290 0 8932
0.09150000 0.09150830 20560.08923250 0 -111.75740332 0 8204.71448619 0 562.41098854 0 1394.92469763 0 9285
0.09250000 0.09250820 20862.36370005 0 -177.34653385 0 7186.31526635 0 1000.94037807 0 -578.00525081 0 9204
0.09350000 0.09350330 20503.39892942 0 226.48329693 0 7650.81036481 0 393.35873320 0 -573.25633070 0 9349
0.09450000 0.09448040 20432.31460409 0 441.58978011 0 7457.47650115 0 -97.78136132 0 -224.32419359 0 9564
0.09550000 0.09549270 19547.96802082 0 702.35188745 0 7063.25744831 0 568.99127118 0 896.61361193 0 10155
0.09650000 0.09649430 19482.41985790 0 570.39745643 0 7419.69772887 0 743.58522508 0 2138.71918964 0 9913
0.09750000 0.09749140 19006.19916745 0 21.04483561 0 7243.18272661 0 827.26653436 0 1303.15726953 0 10476
0.09850000 0.09850240 18563.74906769 0 235.87041391 0 6752.04761463 0 1592.92001003 0 1496.05931252 0 10575
0.09950000 0.09950330 18269.55739726 0 607.65472221 0 6290.82992431 0 37.94762523 0 1475.14369094 0 10882
0.10050000 0.10051200 17877.59709868 0 649.55682825 0 6038.32555682 0 476.41999230 0 1425.93827944 0 10875
0.10150000 0.10150300 17390.74697641 0 302.20692637 0 6411.34110764 0 -633.88838140 0 1088.35416805 0 11118
0.10250000 0.10250800 17279.91300497 0 306.88498360 0 5944.00042169 0 -308.65212664 0 895.01808993 0 11575
0.10350000 0.10349800 17017.27746027 0 349.70609261 0 6812.03747050 0 -295.53363620 0 572.99502383 0 11364
0.10450000 0.10450100 16927.81307574 0 267.06558186 0 6336.47004721 0 -245.20881267 0 -62.29456028 0 12093
0.10550000 0.10551000 16805.68533299 0 57.36139668 0 6460.66831471 0 340.09088573 0 735.83349047 0 12067
0.10650000 0.10649700 16890.05644811 0 -61.24125002 0 6356.87634186 0 822.63719535 0 92.02552399 0 12054
0.10750000 0.10749900 16846.32076507 0 -193.61731517 0 5902.66743315 0 1036.46371779 0 -300.01571329 0 12807
0.10850000 0.10850100 16802.91725178 0 300.57597292 0 5513.45307112 0 296.06178609 0 -994.07442945 0 12736
0.10950000 0.10950300 16350.83422944 0 391.43547038 0 4637.74290121 0 160.05709865 0 -587.99027333 0 12933
0.11050000 0.11050200 16087.97723824 0 255.34441881 0 4739.36469840 0 384.93047955 0 259.88628645 0 13428
0.11150000 0.11150900 15657.70669579 0 322.28658743 0 4603.57370682 0 328.22135353 0 -994.69005071 0 13453
0.11250000 0.11250000 15330.63022065 0 493.84450986 0 4578.35095089 0 -498.79162459 0 -468.16668138 0 13668
0.11350000 0.11349100 15082.61014471 0 429.53201839 0 4568.05368880 0 -110.40967995 0 -780.67640599 0 13791
0.11450000 0.11448600 14768.26684311 0 419.28901070 0 4742.11063495 0 -33.19150811 0 575.55826703 0 14205
0.11550000 0.11549300 14597.97448740 0 65.66929416 0 4834.54240254 0 211.10826669 0 109.09196257 0 14776
0.11650000 0.11649800 14425.57838997 0 45.10621540 0 5213.51486411 0 315.01982065 0 189.73978702 0 14553
0.11750000 0.11747300 14367.11651493 0 287.74093399 0 4725.49107540 0 497.05105513 0 387.30327876 0 14568
0.11850000 0.11849100 14117.10342053 0 63.21954229 0 4787.21928627 0 381.10166963 0 163.39983351 0 16015
0.11950000 0.11950300 14128.17574534 0 10.24878744 0 4502.33944101 0 549.30910658 0 -381.57224344 0 15270
0.12050000 0.12050700 14138.58373067 0 274.08765026 0 4748.96440402 0 -185.98516168 0 111.14953269 0 15999
0.12150000 0.12150000 13935.62801675 0 267.64023552 0 4252.11597243 0 -465.78170261 0 209.36216107 0 15670
0.12250000 0.12250700 13711.08126943 0 227.53295333 0 4317.63091838 0 235.47845362 0 512.57445453 0 16887
0.12350000 0.12352200 13578.21337160 0 174.74121582 0 4389.42387251 0 529.22390936 0 104.56869644 0 16407
0.12450000 0.12449800 13370.71800450 0 131.93560807 0 3896.82721365 0 807.28984592 0 135.48760988 0 16306
0.12550000 0.12549900 13445.89909002 0 -69.94941204 0 3869.02460603 0 699.93258448 0 -104.74319628 0 17523
0.12650000 0.12650100 13177.39521317 0 -80.06973837 0 2882.71298351 0 426.54249069 0 -279.08237598 0 17154
0.12750000 0.12750600 13212.82665259 0 339.48301510 0 3097.05104735 0 373.94119717 0 -62.68685275 0 18007
0.12850000 0.12850300 12945.31928497 0 225.76027412 0 2669.70359865 0 -177.27345651 0 84.51394811 0 17496
0.12950000 0.12949900 12686.33760746 0 408.46692042 0 2918.62053290 0 -263.58001401 0 56.18186192 0 18405
0.13050000 0.13049000 12433.55643185 0 371.19747508 0 2968.62315178 0 -329.91541923 0 358.05019659 0 18100
0.13150000 0.13148800 12211.33487274 0 273.48531579 0 3393.80042481 0 23.79520110 0 -27.40389320 0 19059
0.13250000 0.13249300 12236.80121982 0 173.47011293 0 3644.47785871 0 -437.51627181 0 491.55475309 0 18957
0.13350000 0.13349100 12207.34883581 0 -92.61556818 0 3942.82165095 0 285.56190047 0 142.29819687 0 19468
0.13450000 0.13450700 12054.88292305 0 181.07126392 0 4082.85334293 0 -169.27259459 0 453.09724730 0 19953
0.13550000 0.13551000 12107.91935893 0 240.41560325 0 4002.86686844 0 135.46546523 0 226.60287804 0 19956
0.13650000 0.13649900 11789.81146689 0 94.30077602 0 4121.26323772 0 342.28542051 0 400.85469711 0 19723
0.13750000 0.13749600 11855.35962982 0 25.30026221 0 3761.08051137 0 604.69398255 0 812.19156412 0 20946
0.13850000 0.13851100 11676.09869101 0 29.23060535 0 3480.19777537 0 454.60861964 0 355.98077908 0 20955
0.13950000 0.13949800 11743.75059565 0 163.33672126 0 3288.30331394 0 314.41416448 0 648.74633408 0 20506
0.14050000 0.14048300 11438.04370741 0 224.38509138 0 3296.00965201 0 -88.77325002 0 679.06900283 0 21447
0.14150000 0.14148400 11234.09148425 0 262.13950455 0 3053.27107502 0 0.28788820 0 430.34251256 0 21771
0.14250000 0.14249400 11010.27551036 0 220.04695452 0 3148.98025075 0 -15.25733143 0 574.26723395 0 22470
0.14350000 0.14350900 10767.44835476 0 214.33806384 0 2956.33287123 0 38.72412737 0 -44.19452017 0 22519
0.14450000 0.14449900 10666.35802917 0 122.39901471 0 3177.55792110 0 86.68888487 0 -46.55757574 0 22218
0.14550000 0.14550500 10509.38568022 0 164.32990880 0 2989.51662871 0 142.98357378 0 -195.81517165 0 23559
0.14650000 0.14650700 10315.83037006 0 160.83659032 0 2816.63334899 0 171.21910930 0 393.31001498 0 23044
0.14750000 0.14750500 10383.74801050 0 -11.86255664 0 2820.77439847 0 455.37482451 0 316.82018066 0 23649
0.14850000 0.14849900 10312.49760029 0 4.11923700 0 2231.92601997 0 349.83674604 0 530.40089749 0 23640
0.14950000 0.14949500 10373.59468864 0 166.83225420 0 2495.56914623 0 178.68296346 0 160.80005164 0 24457
0.15050000 0.15050000 10126.69291751 0 230.17923896 0 2267.46818264 0 96.67003208 0 556.49836708 0 24591
0.15150000 0.15149900 9950.00075805 0 148.77439966 0 2157.30962302 0 -28.83831288 0 261.15738934 0 25020
0.15250000 0.15250500 9766.57662511 0 202.10203768 0 2308.71259259 0 -126.71500692 0 260.14759331 0 25297
0.15350000 0.15350100 9733.68074807 0 174.82204379 0 2448.44533180 0 -22.96721265 0 303.74044336 0 25452
0.15450000 0.15450400 9575.23577992 0 164.02209817 0 2582.07722003 0 -124.56586867 0 175.82741089 0 26061
0.15550000 0.15549900 9491.79474008 0 215.29028377 0 2664.17850856 0 76.84603100 0 532.18354178 0 26128
0.15650000 0.15649500 9517.29430414 0 119.05517261 0 2920.70212996 0 -33.66429638 0 433.60774115 0 26331
0.15750000 0.15749700 9366.50031244 0 -53.26441505 0 2686.51138772 0 23.42771064 0 577.94213856 0 27345
0.15850000 0.15849900 9305.46965804 0 -16.79638458 0 2776.47402687 0 351.33150989 0 347.44290941 0 26980
0.15950000 0.15949700 9478.10934661 0 43.67965707 0 2560.20937852 0 338.31709930 0 427.89552878 0 27777
0.16050000 0.16050000 9227.23261087 0 137.84933676 0 2192.22066317 0 148.56181102 0 40.81070699 0 28224
0.16150000 0.16150500 9026.46921726 0 240.35913440 0 2004.11293682 0 212.43473120 0 22.56296207 0 28075
0.16250000 0.16249700 8979.06859471 0 43.16302239 0 1829.22556631 0 201.53181295 0 90.25251262 0 28590
0.16350000 0.16349900 8687.87752430 0 211.84346906 0 1738.73145557 0 115.13667686 0 -150.47400152 0 29163
0.16450000 0.16449100 8665.14604145 0 110.78082428 0 1594.28190599 0 314.53817452 0 36.85013640 0 28996
0.16550000 0.16550500 8511.49538994 0 189.17731292 0 1471.68912560 0 136.55719645 0 257.08277380 0 30777
0.16650000 0.16650700 8465.81097774 0 81.57003839 0 1394.20499651 0 283.79475743 0 426.85805194 0 29211
0.16750000 0.16749900 8406.59618461 0 9.21374652 0 1352.75021239 0 288.34659016 0 344.75787065 0 30922
0.16850000 0.16850800 8312.97967827 0 122.15431633 0 1321.11658039 0 -148.52195065 0 587.51084167 0 30867
0.16950000 0.16949900 8254.60638182 0 105.01225377 0 1484.24514194 0 -195.67123143 0 225.37827892 0 30852
0.17050000 0.17049200 8184.66250594 0 114.76243228 0 1654.73679950 0 -514.02050015 0 351.09566937 0 31257
0.17150000 0.17149500 8217.46980438 0 116.63365517 0 1851.49201152 0 -98.58831235 0 232.92960444 0 32608
0.17250000 0.17250900 8065.14783185 0 66.48211352 0 1916.05473754 0 -140.24428062 0 343.87097743 0 32361
0.17350000 0.17350400 8160.83486293 0 57.06499054 0 1952.72627734 0 123.82845184 0 222.27359904 0 32508
0.17450000 0.17449800 8207.46042274 0 34.00288807 0 2076.64773671 0 99.36536811 0 68.41910603 0 32791
0.17550000 0.17549800 8048.56148927 0 89.38676754 0 1848.45819452 0 171.54685011 0 616.73402856 0 33633
0.17650000 0.17650100 8000.98370953 0 142.24504971 0 1961.80558369 0 106.99973607 0 309.49473056 0 33984
0.17750000 0.17750300 7999.77682612 0 -12.64005529 0 1879.27247449 0 124.33334985 0 558.54121101 0 34069
0.17850000 0.17849800 7989.81173378 0 -56.88118995 0 1886.13731588 0 136.17298678 0 214.12768967 0 34536
0.17950000 0.17950400 7897.25817063 0 130.02563204 0 1715.46850113 0 -29.92218276 0 386.75076975 0 35343
0.18050000 0.18050100 7881.18115499 0 209.69765251 0 1777.78354521 0 -65.75366528 0 286.33142704 0 34990
0.18150000 0.18150500 7664.26323947 0 206.26633905 0 1920.62760769 0 -258.44245529 0 396.71254039 0 36243
0.18250000 0.18250200 7551.46946654 0 254.96242360 0 1963.94254238 0 48.73428407 0 138.01874333 0 35694
0.18350000 0.18350400 7304.16909171 0 180.34381218 0 2069.05212189 0 -95.08026768 0 205.20007417 0 37087
0.18450000 0.18450600 7337.58536802 0 -47.62162615 0 1871.51077480 0 86.28297344 0 268.05876939 0 36651
0.18550000 0.18550700 7340.19843667 0 -86.60805690 0 1988.22415071 0 159.08494853 0 80.19740228 0 37818
0.18650000 0.18651000 7465.53715362 0 -20.53595156 0 1869.41810541 0 30.17097790 0 -128.06029439 0 37267
0.18750000 0.18750100 7380.45740972 0 164.20257706 0 1893.10180819 0 138.72072872 0 -57.51795935 0 38334
0.18850000 0.18850000 7307.84510355 0 110.70442523 0 1670.49271771 0 -18.73160551 0 -25.54352119 0 38223
0.18950000 0.18949500 7241.10112955 0 101.40854421 0 1785.76669140 0 39.29213764 0 128.96601056 0 39064
0.19050000 0.19050000 7192.92544426 0 68.07409239 0 1857.61500715 0 15.67907628 0 51.81693003 0 39609
0.19150000 0.19149800 7131.93907916 0 43.10079593 0 1930.76985723 0 227.08009524 0 384.80093335 0 39576
0.19250000 0.19250400 7149.97589629 0 61.14569586 0 1800.11642437 0 164.37309086 0 439.47496607 0 40909
0.19350000 0.19350500 7120.37957205 0 42.73640572 0 1779.38903231 0 243.24458224 0 595.87266137 0 40191
0.19450000 0.19450100 7125.82715586 0 23.05900222 0 1761.66224027 0 231.69614746 0 447.48911478 0 41232
0.19550000 0.19549800 6985.83975318 0 162.91486568 0 1768.98104698 0 7.55902079 0 733.79507547 0 40873
0.19650000 0.19649700 6957.93749464 0 190.67872017 0 1760.92039451 0 -87.45896506 0 651.93627086 0 42816
0.19750000 0.19750200 6724.05677749 0 124.73416801 0 1701.96026485 0 -41.00580135 0 660.93253477 0 41727
0.19850000 0.19849000 6665.12986481 0 129.40226016 0 1616.32690470 0 81.61986385 0 786.68424943 0 42610
0.19950000 0.19949900 6589.74947744 0 54.34020213 0 1490.16883572 0 190.22143315 0 671.08807110 0 43863
0.20050000 0.20050100 6599.45990631 0 -43.93797441 0 1428.80601157 0 366.51720338 0 767.81257901 0 43302
0.20150000 0.20150100 6568.03664847 0 -40.85499629 0 1080.86595477 0 278.41692926 0 382.13361030 0 44487
0.20250000 0.20249700 6640.38321884 0 5.07657235 0 1095.54453579 0 65.09652280 0 561.00369605 0 43759
0.20350000 0.20349100 6506.98384942 0 211.59877068 0 929.83612255 0 -96.01156092 0 444.19841984 0 45282
0.20450000 0.20449700 6376.51864608 0 193.07144956 0 1080.02113639 0 19.01029593 0 622.63889939 0 45483
0.20550000 0.20549900 6239.68685598 0 149.85284410 0 1066.91593273 0 -64.71386325 0 552.30306321 0 46138
0.20650000 0.20650200 6148.71663527 0 79.96942311 0 1163.03699895 0 19.59292166 0 473.25441463 0 46227
0.20750000 0.20749300 6201.75307115 0 71.64812812 0 1214.15792264 0 -23.92352934 0 298.60731357 0 46236
0.20850000 0.20850300 6162.64561989 0 17.63289872 0 1215.47552929 0 -181.49865566 0 345.37349191 0 48361
0.20950000 0.20950400 6118.41168224 0 41.70435432 0 1200.38395056 0 -48.44241759 0 420.28551993 0 46812
0.21050000 0.21050300 6165.53549666 0 -25.12476586 0 1233.03623645 0 -0.39291363 0 444.12755696 0 48813
0.21150000 0.21149700 6169.93120962 0 -27.96780671 0 1230.04670875 0 202.07989303 0 347.13952771 0 47215
0.21250000 0.21249000 6177.07285913 0 45.65230246 0 1118.02799856 0 235.16621406 0 161.40681504 0 50004
0.21350000 0.21350300 6100.47451603 0 99.15322237 0 969.70424252 0 122.43555338 0 146.94746606 0 49509
0.21450000 0.21449800 5993.74837710 0 100.24207479 0 918.97860083 0 28.40859596 0 232.15786340 0 49660
0.21550000 0.21550100 5992.43077045 0 96.05872903 0 775.35615391 0 -8.15642808 0 118.71968117 0 50841
0.21650000 0.21649800 5809.31666260 0 115.06027782 0 889.41327910 0 62.45178729 0 204.79150538 0 50424
0.21750000 0.21750300 5741.07792474 0 114.62070652 0 704.41798326 0 8.27326325 0 -53.48907252 0 52231
0.21850000 0.21850300 5744.77608123 0 68.36130849 0 748.88443974 0 -85.90651440 0 159.28314314 0 51078
0.21950000 0.21950100 5649.99698078 0 35.90035238 0 798.35337256 0 -35.48259356 0 -48.60949897 0 52791
0.22050000 0.22050700 5700.61964985 0 -52.58811745 0 837.46414552 0 -25.54905735 0 48.58735432 0 52969
0.22150000 0.22150000 5715.85516880 0 93.64828391 0 1033.07115746 0 -18.36411505 0 -109.28561753 0 52704
0.22250000 0.22250100 5680.40158474 0 203.88025305 0 1044.37932280 0 -210.27230617 0 142.42663584 0 54051
0.22350000 0.22349900 5488.25245983 0 191.64533412 0 1233.24661063 0 -104.68528802 0 145.00427306 0 53938
0.22450000 0.22449800 5378.68073343 0 165.99297198 0 1222.44002160 0 -102.28702246 0 443.17201533 0 54735
0.22550000 0.22549100 5337.43632348 0 42.81535139 0 1273.59416226 0 234.46865759 0 338.01150313 0 54774
0.22650000 0.22649900 5331.36868948 0 -40.84547409 0 1186.82035266 0 306.12210042 0 312.02807848 0 56911
0.22750000 0.22749800 5276.58282627 0 11.65406476 0 944.42723220 0 325.52524244 0 497.59249181 0 54879
0.22850000 0.22849100 5296.73445744 0 53.89066574 0 867.51111338 0 193.65496108 0 379.15404769 0 57210
0.22950000 0.22949800 5322.16758755 0 -10.06857428 0 743.21983836 0 24.85249739 0 292.77662732 0 57375
0.23050000 0.23049600 5229.86868786 0 70.93363099 0 759.13187636 0 -139.12708304 0 175.74769015 0 57604
0.23150000 0.23150100 5190.17440339 0 123.60921981 0 630.47810536 0 -88.61591228 0 243.64207870 0 58629
0.23250000 0.23250200 5230.42230411 0 17.90118115 0 676.91211395 0 23.60863242 0 201.02912941 0 58560
0.23350000 0.23350400 5142.29767087 0 -6.38519935 0 631.11476404 0 116.82963532 0 230.67970804 0 59305
0.23450000 0.23449700 5159.72551014 0 82.22895244 0 531.91226982 0 180.10132827 0 27.40123584 0 59196
0.23550000 0.23549300 5084.38941207 0 87.94492940 0 503.26262935 0 106.14085584 0 161.22855061 0 60063
0.23650000 0.23649900 5052.16894685 0 17.36827016 0 444.31135756 0 67.50774297 0 269.32876505 0 61537
0.23750000 0.23750400 5037.09951277 0 27.11357685 0 380.66542003 0 26.65219307 0 101.76761970 0 61224
0.23850000 0.23850100 4999.74148883 0 104.11329172 0 430.47427323 0 -72.17129546 0 169.63133792 0 61221
0.23950000 0.23949400 4959.13927372 0 109.77102825 0 403.40576075 0 -87.66734622 0 168.82637990 0 62332
0.24050000 0.24050100 4900.83241123 0 44.96714700 0 483.96245996 0 -94.89945662 0 154.88300126 0 63447
0.24150000 0.24150500 4908.76019580 0 52.45635678 0 573.98821137 0 6.39006010 0 246.49430958 0 63342
0.24250000 0.24250300 4833.74519515 0 78.14260024 0 655.42405317 0 -65.89959852 0 34.06290007 0 63379
0.24350000 0.24349600 4803.48453142 0 107.08908973 0 581.76209062 0 -50.63462718 0 170.72971254 0 64266
0.24450000 0.24449500 4751.92071474 0 45.21118104 0 727.09853342 0 -82.29793302 0 12.22882915 0 64695
0.24550000 0.24549600 4737.84778990 0 75.68653715 0 766.15283752 0 -105.66064911 0 239.96606686 0 65947
0.24650000 0.24650000 4706.69026786 0 74.91402104 0 925.03405528 0 -100.90276041 0 45.57568197 0 66018
0.24750000 0.24750000 4661.12765123 0 96.47980954 0 882.32920568 0 19.71139554 0 193.03380366 0 66303
0.24850000 0.24849600 4577.11085051 0 63.74813508 0 874.55089750 0 111.11077956 0 132.56783782 0 66958
0.24950000 0.24949200 4579.04850735 0 2.46533063 0 750.87524374 0 157.09525176 0 115.69472203 0 66975
0.25050000 0.25048900 4614.64603164 0 -0.32322331 0 743.69705556 0 153.75473136 0 279.06466026 0 68676
0.25150000 0.25150000 4595.24731856 0 -20.28494196 0 596.97546492 0 187.96600059 0 258.89309891 0 69349
0.25250000 0.25249900 4635.69452112 0 11.82413567 0 489.63924090 0 159.32743244 0 240.04246591 0 68592
0.25350000 0.25349900 4621.95376602 0 46.42603652 0 450.08003879 0 -32.31690517 0 232.07260650 0 70437
0.25450000 0.25450100 4554.49009090 0 115.13003346 0 506.26544385 0 -6.26344807 0 258.97392688 0 70099
0.25550000 0.25550100 4518.10643155 0 113.22559360 0 524.35651537 0 -47.73677833 0 300.65015750 0 71064
0.25650000 0.25650300 4363.62535568 0 118.76175600 0 559.14465271 0 -51.78227365 0 251.96735974 0 71409
0.25750000 0.25750600 4367.54495866 0 62.77554207 0 493.45476403 0 -10.15994311 0 221.93035697 0 72612
0.25850000 0.25850600 4264.77163970 0 58.76459240 0 564.19031113 0 33.22140339 0 126.59874751 0 71845
0.25950000 0.25949600 4284.77933064 0 52.09938503 0 493.85890389 0 -6.93780801 0 155.39343543 0 72816
0.26050000 0.26049800 4253.55537466 0 39.45434720 0 451.90697238 0 -35.58744848 0 -56.96356805 0 73743
0.26150000 0.26149900 4208.25849382 0 62.72615950 0 429.90072680 0 81.87009839 0 -26.66514769 0 74662
0.26250000 0.26250300 4185.50486632 0 98.47603898 0 405.47739272 0 -54.11310875 0 -43.61864856 0 74931
0.26350000 0.26350100 4122.74692925 0 73.67037752 0 328.85358328 0 25.33004676 0 82.99847901 0 75087
0.26450000 0.26450200 4126.77725548 0 -15.39019933 0 376.41143284 0 97.39892322 0 30.71318964 0 76678
0.26550000 0.26550600 4176.60271717 0 -26.49994860 0 375.48357202 0 72.70786032 0 68.10144103 0 76035
0.26650000 0.26650100 4148.98833907 0 43.34449780 0 319.74881058 0 47.89721632 0 45.69747755 0 77094
0.26750000 0.26750600 4152.63113393 0 47.21161796 0 265.85537676 0 87.30085227 0 218.08936749 0 78463
0.26850000 0.26850100 4149.58624461 0 1.57379811 0 223.83701130 0 95.40524042 0 167.56967104 0 77076
0.26950000 0.26949700 4129.99930200 0 69.74789573 0 167.39583554 0 132.12715929 0 217.88895841 0 79149
0.27050000 0.27049900 4087.26012820 0 75.87753475 0 144.15834744 0 35.56762901 0 247.99350236 0 79648
0.27150000 0.27150200 4008.23694597 0 94.68886100 0 91.89697430 0 28.21737691 0 192.33624719 0 80241
0.27250000 0.27250500 3962.46395517 0 67.94078160 0 116.15311628 0 -45.35013872 0 291.22318015 0 80835
0.27350000 0.27350000 3936.17825605 0 68.01551979 0 114.61074143 0 -115.21529037 0 117.73756596 0 80680
0.27450000 0.27450400 3916.22592673 0 43.88925618 0 245.35607459 0 -169.49957725 0 164.91674201 0 82617
0.27550000 0.27550800 3862.83517646 0 87.71617517 0 295.56906764 0 -205.13585468 0 -26.93641965 0 82548
0.27650000 0.27649900 3846.69172687 0 92.20024527 0 382.81898721 0 -58.44692740 0 21.79243898 0 81181
0.27750000 0.27748900 3796.82197589 0 41.77709950 0 359.86384340 0 -33.15264425 0 -5.51398454 0 84096
0.27850000 0.27849800 3817.47186167 0 -15.19300122 0 363.33723169 0 98.49641206 0 -140.63956261 0 85215
0.27950000 0.27950200 3802.50207852 0 13.54499640 0 363.40698734 0 36.24293011 0 -106.02592511 0 84514
0.28050000 0.28050300 3768.73148782 0 65.94964542 0 352.94696208 0 34.25101887 0 -144.10298582 0 85815
0.28150000 0.28150100 3797.18736261 0 33.64170884 0 298.68924877 0 108.91690912 0 -42.75345710 0 85485
0.28250000 0.28250000 3747.43940720 0 30.22102481 0 299.56949860 0 31.90003214 0 -9.57730630 0 87220
0.28350000 0.28350400 3733.74294139 0 94.56241505 0 232.22208289 0 99.11114753 0 73.62929920 0 87147
0.28450000 0.28449700 3696.22990491 0 80.16241373 0 278.61955281 0 4.43085651 0 143.46521991 0 87102
0.28550000 0.28549800 3635.73072210 0 2.33543011 0 234.29814379 0 20.05364110 0 186.18889245 0 88971
0.28650000 0.28649900 3663.27866625 0 35.62753029 0 317.28964724 0 34.96285863 0 155.60491684 0 89434
0.28750000 0.28750100 3647.27915689 0 102.75704265 0 338.45661059 0 -87.41268275 0 128.00050383 0 89619
0.28850000 0.28849900 3614.82617284 0 52.30145496 0 393.76619476 0 -50.67537334 0 330.12357893 0 90240
0.28950000 0.28950100 3579.71583084 0 30.13853599 0 407.01423140 0 -72.28390101 0 311.27294593 0 91333
0.29050000 0.29050500 3645.67366979 0 7.64810872 0 359.33347904 0 54.03416307 0 344.85752157 0 92139
0.29150000 0.29150600 3590.53349219 0 11.22589796 0 415.54545768 0 118.60785069 0 301.86589876 0 92370
0.29250000 0.29250200 3581.03343750 0 61.20017169 0 320.93687103 0 100.05096646 0 294.07541102 0 91819
0.29350000 0.29349600 3581.33239027 0 36.34413115 0 351.92166480 0 59.70330410 0 141.42348321 0 93552
0.29450000 0.29450000 3501.22412020 0 115.88959495 0 190.63996703 0 34.00288807 0 224.22786437 0 94701
0.29550000 0.29550200 3473.56545281 0 81.93431787 0 215.44086739 0 -76.12832291 0 209.05988660 0 95020
0.29650000 0.29650300 3432.38747681 0 44.65025706 0 241.76199795 0 -83.96520369 0 200.62720402 0 95151
0.29750000 0.29749800 3445.59676031 0 12.80890824 0 260.81193280 0 -20.12129300 0 188.00918265 0 95802
0.29850000 0.29850000 3428.32393360 0 40.84680277 0 211.71392286 0 47.30916515 0 70.88303047 0 97399
0.29950000 0.29950700 3433.42827534 0 31.26603082 0 178.94427032 0 23.14957384 0 123.56935944 0 97881
0.30050000 0.30050300 3401.45140126 0 32.73377820 0 173.08479603 0 70.83099054 0 171.19142849 0 97188
0.30150000 0.30149700 3407.16472087 0 2.47462031 0 125.10176920 0 93.34479149 0 84.24555495 0 98263
0.30250000 0.30249700 3398.06326987 0 45.47093778 0 58.86789719 0 33.62366095 0 45.75693593 0 100050
0.30350000 0.30350600 3358.29147912 0 95.30426081 0 87.31735003 0 -7.84617046 0 17.39351506 0 100779
0.30450000 0.30450500 3300.43858194 0 67.23469944 0 94.86480024 0 -81.35102780 0 23.50942439 0 99982
0.30550000 0.30550300 3256.47038009 0 60.80887573 0 66.88248879 0 -41.65740767 0 74.24137731 0 101559
0.30650000 0.30649700 3226.39794588 0 34.08105868 0 95.86773142 0 49.27328485 0 37.69429044 0 100935
0.30750000 0.30749800 3219.77669564 0 14.85562749 0 71.08111436 0 49.25523696 0 -30.71717568 0 103762
0.30850000 0.30850200 3204.10935602 0 49.53846702 0 32.93861621 0 96.90011499 0 120.57651004 0 102951
0.30950000 0.30950100 3188.10984666 0 30.28557646 0 -75.46331908 0 67.31574886 0 22.19812897 0 104394
0.31050000 0.31050000 3176.17388050 0 43.98857493 0 -74.26230401 0 71.25727505 0 167.44787546 0 103963
0.31150000 0.31149700 3206.23524239 0 50.72885267 0 -143.90257674 0 20.37440635 0 128.03593527 0 105936
0.31250000 0.31250000 3116.69335158 0 27.59931974 0 -111.31672480 0 43.37505741 0 242.81940497 0 105717
0.31350000 0.31349800 3131.71849636 0 52.36589589 0 -127.84106236 0 -26.76967044 0 178.27218021 0 106776
0.31450000 0.31450400 3107.73584080 0 34.77274682 0 -63.04504245 0 5.79053800 0 69.67670068 0 108733
0.31550000 0.31549900 3093.25323994 0 59.11923897 0 -74.72047681 0 -15.52007770 0 125.44611850 0 105891
0.31650000 0.31650000 3068.88305301 0 72.65216653 0 -83.62982297 0 -41.20045282 0 102.46716919 0 111072
0.31750000 0.31750600 3074.39707077 0 29.59455267 0 -39.28571569 0 -66.11705898 0 133.43922978 0 108121
0.31850000 0.31849900 3014.61758907 0 61.14691381 0 59.10351627 0 -45.01586523 0 169.97347276 0 110484
0.31950000 0.31950100 3011.78307392 0 65.57506868 0 -28.55762945 0 28.13643821 0 231.72936443 0 110817
0.32050000 0.32049800 3001.49688416 0 51.75824670 0 23.36692357 0 31.83415181 0 269.22911413 0 111088
0.32150000 0.32149900 2998.15304207 0 7.34036452 0 -43.20454361 0 144.02990847 0 290.06058604 0 112635
0.32250000 0.32250100 2982.61857035 0 2.54397735 0 -37.22161290 0 71.86846738 0 274.46410930 0 113202
0.32350000 0.32350400 2981.84350761 0 46.89328863 0 -60.26267795 0 -24.88859317 0 194.05467200 0 113863
0.32450000 0.32450300 2975.78694593 0 90.75796424 0 16.55921538 0 -105.39170234 0 220.71129400 0 114045
0.32550000 0.32549900 2881.55038940 0 118.88022988 0 28.30241236 0 -156.42980504 0 166.47904704 0 114828
0.32650000 0.32650300 2860.50189992 0 63.58769709 0 47.03933259 0 -70.04419114 0 230.16595217 0 116431
0.32750000 0.32750400 2823.61998595 0 -22.69284044 0 59.20272430 0 -7.67597776 0 123.71440690 0 116442
0.32850000 0.32850400 2901.36985083 0 -10.06396820 0 44.15034160 0 44.93027616 0 0.36515752 0 116955
0.32950000 0.32949800 2882.54689864 0 37.75098075 0 64.66226622 0 -16.59652912 0 -88.64359310 0 117028
0.33050000 0.33049700 2867.96464685 0 82.75012676 0 -29.98529501 0 -53.36163006 0 -41.09526573 0 119061
0.33150000 0.33150100 2835.92133883 0 47.19899551 0 47.06502038 0 -50.11223490 0 -44.08003234 0 120060
0.33250000 0.33250400 2805.97070019 0 30.12303473 0 19.29906216 0 -32.21061085 0 -86.79351834 0 119737
0.33350000 0.33350100 2825.30297932 0 19.94435725 0 86.19694148 0 -27.69177365 0 -171.08070524 0 120531
0.33450000 0.33450000 2809.71314598 0 16.49300288 0 16.79948483 0 26.97616930 0 -139.68069928 0 121704
0.33550000 0.33550300 2837.72612777 0 27.13439282 0 16.86049334 0 113.53561869 0 26.57014714 0 122761
0.33650000 0.33650300 2825.75694464 0 30.37935905 0 -55.26717716 0 140.95180217 0 -8.13526886 0 122472
0.33750000 0.33749900 2796.06096948 0 63.72510464 0 -67.10603903 0 101.07371711 0 108.12235909 0 122985
0.33850000 0.33849800 2787.83423214 0 58.14675668 0 -104.96121035 0 58.02462894 0 101.74569650 0 125380
0.33950000 0.33950300 2734.67600068 0 67.39989853 0 -82.09530947 0 -67.96336914 0 172.16247137 0 125223
0.34050000 0.34050000 2714.62402044 0 57.29773081 0 -69.85430077 0 -25.19263921 0 210.72405702 0 125178
0.34150000 0.34149900 2694.37273834 0 32.00876237 0 -50.07746780 0 -28.70633077 0 210.42510425 0 127059
0.34250000 0.34250300 2693.15478261 0 33.79273535 0 -27.68457664 0 9.84811323 0 192.07051140 0 127957
0.34350000 0.34349800 2716.29594148 0 43.08141936 0 -56.80844478 0 -55.16752624 0 145.78819365 0 126732
0.34450000 0.34449700 2669.17212706 0 47.74973295 0 -59.28045202 0 8.13648682 0 101.63585904 0 129639
0.34550000 0.34550000 2641.24772386 0 48.48548893 0 -46.92739139 0 25.03341918 0 87.47081245 0 129826
0.34650000 0.34650400 2634.36073783 0 61.08335867 0 -64.54611753 0 -17.27969156 0 48.74203470 0 130875
0.34750000 0.34750200 2622.00402333 0 26.36929517 0 -117.31460315 0 27.04315686 0 80.92252883 0 130686
0.34850000 0.34850200 2611.72890590 0 18.29303073 0 -85.85115278 0 45.45322206 0 93.88656034 0 132211
0.34950000 0.34950400 2595.68510724 0 43.16833711 0 -125.55573451 0 24.13168905 0 102.60546252 0 132768
0.35050000 0.35050300 2590.62505479 0 47.78394643 0 -135.14215334 0 31.00638481 0 85.13565915 0 132957
0.35150000 0.35150100 2547.33226475 0 58.99567182 0 -178.07398559 0 5.98883226 0 149.24386623 0 133987
0.35250000 0.35249800 2523.64856197 0 53.17351126 0 -124.76295606 0 14.77612819 0 126.00084197 0 134778
0.35350000 0.35349800 2514.50282166 0 41.50859562 0 -128.76560148 0 21.94324405 0 150.65890934 0 135699
0.35450000 0.35450100 2496.08954549 0 29.42370670 0 -125.33982418 0 -11.88171176 0 150.45296410 0 137380
0.35550000 0.35550100 2489.56794617 0 54.56707406 0 -124.65001834 0 -24.84939714 0 199.61630076 0 136161
0.35650000 0.35649900 2476.22579477 0 40.76066008 0 -105.99780140 0 4.86608746 0 232.92628274 0 138792
0.35750000 0.35750000 2460.00483891 0 41.77444214 0 -157.36430925 0 50.71412647 0 255.77623947 0 138097
0.35850000 0.35849800 2457.12603445 0 40.39117660 0 -182.73321988 0 37.33997605 0 219.64060020 0 140028
0.35950000 0.35950300 2455.46518573 0 29.86549246 0 -198.54560695 0 38.42030278 0 239.51874494 0 141099
0.36050000 0.36050500 2431.38287925 0 10.43679552 0 -235.88370070 0 14.76018405 0 288.57910898 0 140821
0.36150000 0.36150200 2444.34857161 0 13.07541910 0 -242.90023294 0 15.13442862 0 162.05122435 0 141756
0.36250000 0.36250400 2420.94167695 0 32.74617920 0 -297.09594123 0 44.51462108 0 223.25128532 0 142971
0.36350000 0.36349900 2423.06756331 0 49.95888320 0 -266.88510296 0 -14.39025767 0 128.08465350 0 142270
0.36450000 0.36450000 2394.44560366 0 63.69089116 0 -298.06809135 0 -16.43531607 0 143.01125459 0 145311
0.36550000 0.36550300 2381.51312827 0 74.73730674 0 -281.36548936 0 -42.39582101 0 191.95757368 0 145434
0.36650000 0.36650100 2321.75579122 0 38.04395446 0 -290.21006243 0 -0.42435792 0 132.90332926 0 144547
0.36750000 0.36749600 2344.85266079 0 44.14701990 0 -257.06948701 0 -29.61714021 0 202.54714514 0 146892
0.36850000 0.36849900 2332.77275442 0 51.98345779 0 -235.76965576 0 -14.21542566 0 159.09048469 0 148113
0.36950000 0.36949900 2304.77084495 0 52.51470794 0 -240.07679011 0 9.75859348 0 207.46768629 0 147387
0.37050000 0.37049800 2298.43747515 0 36.19963732 0 -269.25347324 0 19.94568593 0 214.65030340 0 149758
0.37150000 0.37150100 2301.64844935 0 -15.01396173 0 -234.88829870 0 25.98574984 0 214.35577956 0 150099
0.37250000 0.37250000 2327.62412338 0 0.07500404 0 -263.38181939 0 53.29519611 0 174.77000387 0 150468
0.37350000 0.37349800 2318.64446795 0 48.67637581 0 -292.05581897 0 -39.20499844 0 165.92432357 0 150709
0.37450000 0.37449700 2322.17653957 0 57.65857788 0 -296.15257916 0 -6.87482862 0 199.42917847 0 153108
0.37550000 0.37550100 2267.27995311 0 58.27962458 0 -293.94143589 0 -1.23170756 0 178.89776656 0 153189
0.37650000 0.37649900 2248.43485627 0 69.72497602 0 -256.92776125 0 -20.42655700 0 214.82303167 0 153547
0.37750000 0.37749900 2230.60841331 0 46.91731557 0 -250.23896983 0 11.32831697 0 236.89571119 0 155424
0.37850000 0.37850200 2204.59952232 0 27.43024534 0 -253.44772956 0 15.69490971 0 225.44914179 0 155313
0.37950000 0.37949900 2251.15864818 0 20.28272750 0 -246.78661895 0 -4.35984969 0 238.98062996 0 156100
0.38050000 0.38050000 2227.70746421 0 48.43234178 0 -187.68697800 0 -51.96485629 0 253.28607362 0 157557
0.38150000 0.38149800 2225.80302434 0 63.16993828 0 -199.23319832 0 -34.87749101 0 263.83689194 0 157692
0.38250000 0.38250100 2197.28071561 0 38.43414319 0 -180.03489432 0 -33.30632812 0 276.58556674 0 159703
0.38350000 0.38350500 2175.39072944 0 40.64882960 0 -199.17451500 0 12.66718249 0 219.12905879 0 160338
0.38450000 0.38450600 2172.27940617 0 31.83326602 0 -200.68810180 0 80.72743447 0 153.83334487 0 160167
0.38550000 0.38550000 2158.48328945 0 36.26308174 0 -252.62948476 0 -18.57327127 0 135.95375475 0 160033
0.38650000 0.38649600 2130.21564418 0 69.10326498 0 -247.02688840 0 -5.14691483 0 167.86308765 0 162444
0.38750000 0.38750200 2131.88756523 0 56.45202664 0 -241.19841662 0 -43.44791331 0 205.05391948 0 164307
0.38850000 0.38850400 2099.32385794 0 25.03818028 0 -261.45634211 0 -12.06207993 0 225.13690223 0 163882
0.38950000 0.38950500 2112.04595916 0 21.06332640 0 -228.25265444 0 16.72042843 0 237.64420035 0 164595
0.39050000 0.39050100 2112.45563518 0 26.51234961 0 -239.69811660 0 24.08839626 0 204.49255261 0 165006
0.39150000 0.39150100 2115.55588612 0 30.65915670 0 -217.72398077 0 22.92868096 0 191.21904962 0 166687
0.39250000 0.39250100 2094.99457894 0 58.93311319 0 -252.16333988 0 -1.19563392 0 217.98418040 0 167256
0.39350000 0.39350100 2082.11746517 0 38.37867084 0 -244.07057767 0 -35.49964494 0 190.68425633 0 167937
0.39450000 0.39449600 2055.73211513 0 44.08623284 0 -228.37887894 0 8.63677875 0 218.99286919 0 167719
0.39550000 0.39549700 2058.55555796 0 50.75166165 0 -260.72778313 0 8.63835102 0 180.47003668 0 171636
0.39650000 0.39650400 2037.26347733 0 35.43487184 0 -309.46594252 0 30.51565937 0 166.82561081 0 171093
0.39750000 0.39750000 2041.81420283 0 10.83678325 0 -374.16042920 0 78.45694354 0 214.51854273 0 170464
0.39850000 0.39849800 2045.34627445 0 26.33629964 0 -377.91173285 0 19.82643699 0 166.45468793 0 172113
0.39950000 0.39949500 2038.68073491 0 12.62034655 0 -451.07211909 0 80.43866824 0 115.79548019 0 173232
