### header ###
fiducial parameters:
Omega_m = 0.31
Omega_nu = 0
Omega_de = 0.69
Omega_k = 0
H_0 = 100
w_de = -1
zeff = 0
beta = 0
fgrowth = 0
b_1 = 2
gamma = 0.55
Lx = 3500 Ly = 3500 Lz = 3500
nx = 700 ny = 700 nz = 700
xoffset = -685.467585 yoffset = -31.7331281 zoffset = 572.489161
bins = 400 dk = 0.001
kx_ny = 0.628318531 ky_ny = 0.628318531 kz_ny = 0.628318531
############################
A(data) = 8.0799871 (not used)
A(ran) = 8.07405403 (used)
Ngal = 478900
weighted Ngal = 0
Nran = 23820508
weighted Nran = 0
SN(data) = 3497.30338
SN(ran) = 70.3279388
SN(data+ran) = 3567.63132
############################
13 columns: k_central k_mean P_0(k) sigma^{lin}_{P_0(k)} P^img_1(k) sigma^{lin}_{P_1(k)} P_2(k) sigma^{lin}_{P_2(k)} P^img_3(k) sigma^{lin}_{P_3(k)} P_4(k) sigma^{lin}_{P_4(k)} N_modes
### header ###
0.00050000 0 0 0 0 0 0 0 0 0 0 0 0
0.00150000 0.00179520 4672.05603583 0 -6513.67153361 0 -817.29479863 0 -21754.90380368 0 -9696.20092856 0 3
0.00250000 0.00253879 14032.28941242 0 -14657.21142518 0 -9102.82396920 0 7455.87101406 0 184.09400860 0 6
0.00350000 0.00331552 21581.51119702 0 -18795.71427264 0 694.47171388 0 -34529.15567020 0 -53190.56264279 0 7
0.00450000 0.00420575 36527.93174646 0 -15463.05522548 0 -7276.16718225 0 8026.08466989 0 -10772.01015259 0 24
0.00550000 0.00557378 56826.93555973 0 -8024.39060419 0 1620.46795418 0 -31089.75941178 0 -27912.77725157 0 45
0.00650000 0.00659388 67884.64490962 0 2870.58878783 0 13153.03609857 0 -38986.65219569 0 6800.82120546 0 40
0.00750000 0.00754703 69714.01441615 0 884.01773522 0 20571.27228056 0 -15879.59608516 0 -9410.31350174 0 57
0.00850000 0.00846663 79495.08471445 0 -15169.97078753 0 22665.71324326 0 -3663.40046182 0 -20067.14933157 0 75
0.00950000 0.00948925 91291.65029948 0 -16654.54809922 0 29783.33580643 0 6714.19133608 0 -34873.39424881 0 112
0.01050000 0.01054430 97458.27088398 0 -4927.89317309 0 4820.65770722 0 -14942.87740550 0 -41677.89146611 0 105
0.01150000 0.01145670 94998.33247902 0 19467.80438914 0 14952.95322109 0 -18174.44612707 0 -33777.23409176 0 144
0.01250000 0.01249090 84623.34267745 0 7460.08956981 0 11480.67215796 0 -10491.58138191 0 -13101.43906491 0 169
0.01350000 0.01339930 75235.67207996 0 4089.60746107 0 3958.46684591 0 7247.72237979 0 -27661.21403169 0 180
0.01450000 0.01448870 66615.86720865 0 5484.93076239 0 10513.70388690 0 12859.17659788 0 -29589.90229185 0 267
0.01550000 0.01550050 62178.19014458 0 404.12878356 0 4330.31980262 0 7164.30348461 0 -11990.99560885 0 238
0.01650000 0.01653350 65403.89053400 0 269.49595716 0 12884.31077522 0 -1974.00728564 0 -23613.39352449 0 315
0.01750000 0.01747870 61657.56943161 0 4817.03705700 0 7989.85602308 0 2455.32124551 0 6847.61285014 0 297
0.01850000 0.01844180 59830.41439004 0 2130.72497113 0 6386.51695540 0 3238.69929875 0 8722.42317774 0 388
0.01950000 0.01947590 62070.45642410 0 -4669.17723137 0 16292.70452414 0 -6432.86570709 0 2589.11921862 0 399
0.02050000 0.02045430 64760.14556904 0 -4881.68836162 0 24926.79269447 0 -2242.43365622 0 -8871.75562256 0 462
0.02150000 0.02154770 70372.59629637 0 1636.55604214 0 22669.03494070 0 -6885.45805637 0 1746.32707040 0 571
0.02250000 0.02255340 68956.99956830 0 -2704.32675836 0 26936.19820256 0 -6367.49470136 0 6286.62244088 0 510
0.02350000 0.02348930 76548.29618721 0 1256.23275695 0 30708.42854503 0 -5630.17751936 0 -7871.82504052 0 555
0.02450000 0.02439640 74089.57573799 0 360.57800835 0 30762.90438313 0 1684.29990676 0 5493.55610342 0 592
0.02550000 0.02547300 74014.17320597 0 4137.03022826 0 33217.97096517 0 4337.45037981 0 987.17083493 0 837
0.02650000 0.02652900 78502.00790147 0 968.01682022 0 43540.36722385 0 5132.89726710 0 12912.10231051 0 723
0.02750000 0.02749970 70674.42787092 0 2596.83662902 0 40086.02332693 0 13609.99094383 0 9696.71025550 0 826
0.02850000 0.02848090 69761.62541287 0 7582.40554208 0 46117.00793240 0 3105.95319650 0 18194.15486525 0 831
0.02950000 0.02946900 64907.96110537 0 4269.14520800 0 44834.83271840 0 11058.20760450 0 19914.46197232 0 996
0.03050000 0.03053250 63989.06886867 0 437.92041167 0 47015.52709143 0 5098.97166386 0 20762.71277668 0 1041
0.03150000 0.03150510 63057.88635142 0 2556.11261833 0 43513.46147454 0 9059.03292455 0 23147.91298911 0 1036
0.03250000 0.03246190 62289.13483927 0 -2268.13252213 0 37237.99993708 0 3880.44017292 0 12788.42444229 0 1059
0.03350000 0.03345080 61509.86461853 0 -1140.56017957 0 33433.65985264 0 12781.78104740 0 20596.07428816 0 1302
0.03450000 0.03451200 64404.61321912 0 289.47928899 0 27172.03872120 0 5121.33775999 0 7170.02787654 0 1339
0.03550000 0.03553350 61359.05955450 0 2890.59647878 0 27908.01615189 0 4788.70297779 0 7310.55782314 0 1365
0.03650000 0.03647120 57946.90121514 0 2777.47053611 0 22788.17315575 0 3308.88676578 0 5401.40114396 0 1308
0.03750000 0.03744890 56716.21231154 0 4083.04157245 0 24316.70759697 0 -1919.09962687 0 2658.81950335 0 1579
0.03850000 0.03847530 51759.02176699 0 4517.79640645 0 20278.85218210 0 -1503.46669782 0 696.29200408 0 1662
0.03950000 0.03950240 50928.48668234 0 1974.50554026 0 24248.72352258 0 -1873.59237186 0 412.72422931 0 1683
0.04050000 0.04050350 46301.47286388 0 1709.04655273 0 19082.81965519 0 383.32388522 0 -160.51992183 0 1822
0.04150000 0.04152450 46621.68449763 0 3135.36129122 0 23416.19541947 0 3379.73857229 0 -6952.74457430 0 1887
0.04250000 0.04250150 44289.18855134 0 -383.74906249 0 20490.00141639 0 2141.94123617 0 -3616.54238319 0 1920
0.04350000 0.04349210 45847.28609982 0 199.20441028 0 20101.58426176 0 1261.94607656 0 -7324.92970075 0 2005
0.04450000 0.04448520 45673.89349316 0 42.64782712 0 24042.77828095 0 -386.12407617 0 -3151.17257106 0 2151
0.04550000 0.04548030 43975.17741948 0 3381.72051844 0 25405.22784989 0 -237.99851474 0 -1521.66959983 0 2274
0.04650000 0.04648670 43573.25202856 0 2058.00194172 0 26241.18837370 0 1310.66430576 0 3310.72477170 0 2311
0.04750000 0.04749250 42646.71988774 0 -1135.45583783 0 25378.10065408 0 5114.72758208 0 2045.24662353 0 2568
0.04850000 0.04851840 42750.13540155 0 -522.90714805 0 23001.53685501 0 6413.23447518 0 1093.70431540 0 2493
0.04950000 0.04949480 42428.70581206 0 244.54225871 0 20823.83200968 0 5186.02228158 0 2431.95864014 0 2644
0.05050000 0.05050630 41808.76634546 0 1220.53558173 0 16029.07247021 0 2988.90765084 0 -257.48469919 0 2829
0.05150000 0.05149060 40855.32845533 0 1728.16845769 0 16087.42362200 0 123.38002269 0 754.53464709 0 2784
0.05250000 0.05249300 39179.08920104 0 1869.36274378 0 16027.63306798 0 -1746.96926524 0 1292.09601704 0 3055
0.05350000 0.05348950 38960.85367886 0 1677.33541445 0 18788.51726151 0 -1730.31648871 0 -275.26353115 0 3009
0.05450000 0.05448610 37000.27712322 0 294.81393509 0 18629.85084686 0 -644.35062112 0 179.43588155 0 3336
0.05550000 0.05550870 38001.99034957 0 16.06538970 0 19548.85380681 0 1613.06056888 0 -1286.82559042 0 3349
0.05650000 0.05647670 37374.30025560 0 -348.94874559 0 17028.01761535 0 4081.12606026 0 136.47636848 0 3324
0.05750000 0.05747970 36855.89400759 0 -453.05627970 0 15379.56989635 0 5159.99124593 0 -3006.50157498 0 3639
0.05850000 0.05849280 37000.16639997 0 756.02830371 0 12702.28175520 0 2633.81819391 0 -2905.75449146 0 3846
0.05950000 0.05951020 36477.33122204 0 1509.62291042 0 11067.01010273 0 258.60521846 0 -6535.63902605 0 3787
0.06050000 0.06049470 33868.91294126 0 2503.79588357 0 10387.16935887 0 -1694.98470021 0 -4643.61123337 0 3930
0.06150000 0.06148310 32893.21967824 0 1342.25364847 0 11497.50209168 0 -2947.43072207 0 -4694.51071056 0 4083
0.06250000 0.06249100 31727.41459809 0 -227.06459399 0 12286.95885125 0 -632.31500405 0 -3947.89277571 0 4303
0.06350000 0.06350600 32285.12759920 0 -697.63175538 0 13800.76710046 0 419.20486103 0 -6117.84699367 0 4470
0.06450000 0.06451750 31974.77033454 0 414.87115309 0 12219.74983960 0 1956.03690246 0 -3938.87990331 0 4479
0.06550000 0.06550280 32750.94030432 0 462.33931682 0 12936.46142511 0 2792.59533181 0 -3316.89205662 0 4636
0.06650000 0.06648880 31781.11537346 0 274.31684738 0 11018.28080121 0 2373.70713927 0 -1757.00079152 0 4653
0.06750000 0.06749660 31778.23656900 0 1200.14035942 0 11968.40806622 0 -171.69743373 0 -2386.19672167 0 5220
0.06850000 0.06852730 29851.31988082 0 963.92338174 0 9724.97790076 0 282.51258221 0 -1111.43996530 0 5029
0.06950000 0.06949320 29725.87044062 0 356.85438551 0 9976.06501068 0 637.59096682 0 -1093.70099370 0 5040
0.07050000 0.07048030 29541.29478589 0 -33.89980473 0 8866.67342547 0 -374.60442943 0 -2003.04999364 0 5475
0.07150000 0.07148790 29606.28933258 0 296.18801060 0 9201.75519146 0 1672.48573618 0 -2244.94707395 0 5509
0.07250000 0.07249820 29394.14358905 0 671.00170696 0 8894.42067147 0 703.91308525 0 -1786.81856226 0 5916
0.07350000 0.07351270 27718.23650450 0 1328.82291846 0 9073.60410401 0 -87.21526319 0 -810.62925909 0 5721
0.07450000 0.07449140 27402.23235418 0 1258.98976583 0 9246.48738373 0 266.76662909 0 -2184.29287860 0 6028
0.07550000 0.07549160 26754.05845930 0 269.81705458 0 10382.40825920 0 1008.69100544 0 65.77891018 0 6183
0.07650000 0.07648840 26564.16808866 0 475.98817163 0 9996.49344997 0 137.38983528 0 -1288.10998010 0 6330
0.07750000 0.07749960 26406.94107623 0 -11.08051834 0 10277.86336826 0 -302.67085678 0 -374.77605046 0 6583
0.07850000 0.07848650 25728.42901134 0 391.25388426 0 10131.60902973 0 186.49448862 0 26.31061185 0 6549
0.07950000 0.07947320 25548.94662603 0 599.15449845 0 9166.25731809 0 991.68391452 0 718.46654899 0 6828
0.08050000 0.08048110 25525.47329742 0 368.42053602 0 8607.60316937 0 2182.74275312 0 59.06022348 0 7147
0.08150000 0.08149960 24682.09431598 0 -40.49968538 0 7009.36844342 0 1198.40200442 0 -1596.48529863 0 7386
0.08250000 0.08250610 24445.03584161 0 1035.42402649 0 6760.60652172 0 539.47577491 0 -1263.75086550 0 7227
0.08350000 0.08350160 23370.13454822 0 693.71990303 0 6832.31089724 0 428.67834214 0 -81.71364644 0 7798
0.08450000 0.08449610 22766.36067586 0 987.30148836 0 6128.39891922 0 823.41447256 0 -794.05952500 0 7371
0.08550000 0.08548940 22358.89912253 0 607.58385933 0 6044.06102108 0 651.72811115 0 -527.14341952 0 8256
0.08650000 0.08650700 21695.00252641 0 157.35877309 0 6092.26992334 0 387.93329404 0 -1321.11658039 0 8037
0.08750000 0.08749060 21729.43745659 0 203.13840729 0 5837.91647761 0 -209.01781176 0 -968.52282547 0 8155
0.08850000 0.08849210 21781.58810649 0 2.04557879 0 6849.12975864 0 -1107.43178371 0 -1559.60338466 0 8718
0.08950000 0.08949900 21442.77496704 0 464.57481921 0 7237.34761143 0 -314.38537644 0 -257.32747218 0 8571
0.09050000 0.09049190 21152.68005679 0 395.86661478 0 7435.21005594 0 -24.15571599 0 -540.56529167 0 8932
0.09150000 0.09150830 21114.36981292 0 180.87085484 0 7300.12769316 0 1691.08724188 0 821.72705025 0 9285
0.09250000 0.09250820 20645.45685685 0 285.76341678 0 6194.26817957 0 1745.82881578 0 44.30225389 0 9204
0.09350000 0.09350330 20393.00785098 0 308.10183210 0 5645.30231506 0 1038.82433744 0 -170.92237099 0 9349
0.09450000 0.09448040 19990.86101357 0 548.25502126 0 5936.54874709 0 -69.38450203 0 389.21546926 0 9564
0.09550000 0.09549270 19739.62996343 0 470.02461748 0 5508.21586148 0 -360.37206310 0 201.66246639 0 10155
0.09650000 0.09649430 19161.98677765 0 212.65396323 0 5928.45487765 0 -736.50558059 0 16.00404902 0 9913
0.09750000 0.09749140 19252.11550167 0 117.25813429 0 6253.36117713 0 -544.66426632 0 846.65971128 0 10476
0.09850000 0.09850240 19225.76336860 0 107.57859721 0 6271.38692193 0 2.80052312 0 625.55756421 0 10575
0.09950000 0.09950330 19168.85161903 0 36.30404934 0 6770.99236240 0 401.92317645 0 779.06981166 0 10882
0.10050000 0.10051200 18991.69442193 0 870.50839171 0 6841.40127592 0 434.36176647 0 700.33893880 0 10875
0.10150000 0.10150300 17976.14078957 0 1191.78075418 0 6862.41654843 0 -31.31242386 0 1967.59640957 0 11118
0.10250000 0.10250800 17352.76890228 0 603.57567775 0 6336.60291511 0 405.45524807 0 1691.14260350 0 11575
0.10350000 0.10349800 16716.55311820 0 60.25326647 0 6923.80151722 0 457.68783317 0 1606.11822122 0 11364
0.10450000 0.10450100 16856.72875040 0 271.71042212 0 6768.55645094 0 725.02357975 0 1696.35766849 0 12093
0.10550000 0.10551000 16686.21494820 0 -9.25564420 0 6627.60575600 0 115.17210830 0 1223.93478545 0 12067
0.10650000 0.10649700 16371.76092335 0 355.80583635 0 7106.15163466 0 -388.81908003 0 1052.36800516 0 12054
0.10750000 0.10749900 16594.09320571 0 -32.06301676 0 6771.63455724 0 -158.23459398 0 667.94906701 0 12807
0.10850000 0.10850100 16331.23621451 0 -14.22649799 0 6933.19084867 0 260.37568320 0 239.31501417 0 12736
0.10950000 0.10950300 16493.66721960 0 215.37664791 0 7007.19826775 0 481.55090762 0 274.87267809 0 12933
0.11050000 0.11050200 16180.76332023 0 116.78091709 0 6649.57324844 0 639.22413473 0 758.27377118 0 13428
0.11150000 0.11150900 16007.25999032 0 344.79108762 0 5897.38593421 0 543.29019081 0 198.97853485 0 13453
0.11250000 0.11250000 15714.72916861 0 396.10024083 0 5467.63579102 0 135.93271733 0 537.48718537 0 13668
0.11350000 0.11349100 15377.79832438 0 315.33316744 0 5483.34741994 0 207.69909788 0 -618.46574016 0 13791
0.11450000 0.11448600 15225.77530462 0 115.29168941 0 5037.38739322 0 -96.23588622 0 246.98924250 0 14205
0.11550000 0.11549300 15132.32488315 0 -91.61020108 0 5495.12837355 0 421.41268260 0 -299.13878516 0 14776
0.11650000 0.11649800 15203.07703874 0 -47.42298864 0 4912.35870137 0 178.74829017 0 -721.34756791 0 14553
0.11750000 0.11747300 15259.21372557 0 166.66506210 0 5239.40195953 0 106.06434607 0 -886.82124786 0 14568
0.11850000 0.11849100 15184.58625629 0 270.52900506 0 5240.55348131 0 -19.72213569 0 -267.99233545 0 16015
0.11950000 0.11950300 14852.97012797 0 342.81024871 0 4968.19643543 0 135.24623319 0 157.80941671 0 15270
0.12050000 0.12050700 14568.18993364 0 29.68025246 0 5010.95775388 0 294.80729169 0 -135.02921563 0 15999
0.12150000 0.12150000 14442.96193994 0 218.14030018 0 5108.93675620 0 926.21657957 0 588.97238854 0 15670
0.12250000 0.12250700 14385.05368114 0 243.14050239 0 5024.78708757 0 276.29436459 0 90.43974563 0 16887
0.12350000 0.12352200 13999.62605420 0 408.67175843 0 5133.83841471 0 101.29217408 0 832.63771913 0 16407
0.12450000 0.12449800 13754.81695246 0 453.84795092 0 5286.63649721 0 -67.87146884 0 758.36456425 0 16306
0.12550000 0.12549900 13451.32452918 0 142.05792742 0 5221.85232470 0 -327.45847035 0 1252.67854068 0 17523
0.12650000 0.12650100 13590.50365215 0 82.16329355 0 5798.36613335 0 -416.44010152 0 427.72944391 0 17154
0.12750000 0.12750600 13436.93050692 0 48.52623509 0 5495.43839864 0 119.67300834 0 746.24147580 0 18007
0.12850000 0.12850300 13537.13504653 0 285.30945146 0 5970.30826546 0 -500.19338091 0 714.87357959 0 17496
0.12950000 0.12949900 13075.41910159 0 370.50545478 0 5455.83269276 0 660.76755713 0 1053.22721756 0 18405
0.13050000 0.13049000 13011.19961764 0 130.62575205 0 5417.45601494 0 1108.22899110 0 1153.52587193 0 18100
0.13150000 0.13148800 12720.32964465 0 50.92959391 0 4680.91389568 0 983.98864877 0 1163.98921889 0 19059
0.13250000 0.13249300 12625.21837446 0 138.83809537 0 4605.61101459 0 1347.30262858 0 1251.00661963 0 18957
0.13350000 0.13349100 12489.69311868 0 89.17838638 0 4008.87914081 0 217.97421531 0 1583.05456862 0 19468
0.13450000 0.13450700 12347.96736100 0 320.66117014 0 4303.81265701 0 323.16019385 0 1845.20293103 0 19953
0.13550000 0.13551000 12234.36530836 0 196.18609453 0 4075.53453622 0 -256.69302797 0 1874.51137482 0 19956
0.13650000 0.13649900 12153.20516744 0 163.24703543 0 3965.92959284 0 63.76031464 0 1640.15454771 0 19723
0.13750000 0.13749600 11871.96811705 0 152.03852101 0 4017.33839697 0 -269.09846069 0 1439.92262569 0 20946
0.13850000 0.13851100 11821.36759263 0 372.87714676 0 4214.74687617 0 -42.76142917 0 1222.46216625 0 20955
0.13950000 0.13949800 11479.78637197 0 180.32056030 0 4027.67994836 0 221.16525932 0 987.73884519 0 20506
0.14050000 0.14048300 11254.35383866 0 271.11583828 0 4035.60773293 0 41.58665551 0 673.78750389 0 21447
0.14150000 0.14148400 11308.71895352 0 -2.55335561 0 3723.77784906 0 378.88056127 0 753.07863638 0 21771
0.14250000 0.14249400 11130.45452394 0 24.51191268 0 3801.20661652 0 291.79119041 0 494.08145761 0 22470
0.14350000 0.14350900 11002.19271325 0 56.85948819 0 3361.85676771 0 61.23903555 0 514.30948783 0 22519
0.14450000 0.14449900 11002.49166602 0 43.47891582 0 3358.64579351 0 444.53944745 0 451.01343577 0 22218
0.14550000 0.14550500 11040.42545084 0 25.78556221 0 2929.65964074 0 275.67652887 0 357.57076493 0 23559
0.14650000 0.14650700 10815.31401496 0 91.98599579 0 3008.57209972 0 186.35829902 0 569.66668299 0 23044
0.14750000 0.14750500 10690.42926333 0 335.39179108 0 2744.28677863 0 239.29397675 0 564.66752833 0 23649
0.14850000 0.14849900 10510.32682783 0 212.16788817 0 2736.94582727 0 61.53245216 0 346.63905863 0 23640
0.14950000 0.14949500 10344.20873857 0 97.03276144 0 2711.16945509 0 43.90774696 0 532.39945211 0 24457
0.15050000 0.15050000 10290.26437206 0 46.87634797 0 2859.90399438 0 63.35418176 0 63.74182386 0 24591
0.15150000 0.15149900 10247.14873921 0 102.92235246 0 2899.93044860 0 -192.34399782 0 182.97348933 0 25020
0.15250000 0.15250500 10179.86222129 0 195.38667268 0 2780.57078706 0 -71.99092729 0 -79.31792752 0 25297
0.15350000 0.15350100 10072.63782775 0 205.96295735 0 3044.73431258 0 -228.62136286 0 -22.11829750 0 25452
0.15450000 0.15450400 9863.79163702 0 179.13028538 0 2934.37645111 0 -262.39416802 0 -182.17517471 0 26061
0.15550000 0.15549900 9887.19853168 0 47.71230849 0 3109.76207624 0 62.72937047 0 16.01146747 0 26128
0.15650000 0.15649500 9851.55671809 0 0.25086566 0 3067.44365078 0 -13.61585928 0 -267.35346230 0 26331
0.15750000 0.15749700 9825.81356289 0 78.16341621 0 3057.95466841 0 262.54696610 0 -95.83063914 0 27345
0.15850000 0.15849900 9734.89870380 0 151.89015186 0 3048.91965136 0 470.67013402 0 144.19267165 0 26980
0.15950000 0.15949700 9617.69814560 0 88.85197425 0 2750.26583403 0 456.99359840 0 609.69535167 0 27777
0.16050000 0.16050000 9658.14534816 0 99.61892435 0 2750.56478680 0 397.43556320 0 675.96210848 0 28224
0.16150000 0.16150500 9499.36821026 0 143.25152404 0 2733.07051359 0 243.69744033 0 875.12887285 0 28075
0.16250000 0.16249700 9217.65504990 0 344.24522201 0 2865.25192727 0 127.03721157 0 1234.51992798 0 28590
0.16350000 0.16349900 9020.46801720 0 302.23017825 0 2670.55616766 0 81.18007111 0 1063.80571669 0 29163
0.16450000 0.16449100 8866.39661735 0 21.22896837 0 2572.23392327 0 135.83970981 0 1302.80295514 0 28996
0.16550000 0.16550500 8852.70015155 0 34.75536327 0 2601.76381356 0 -59.35906552 0 1115.76924430 0 30777
0.16650000 0.16650700 8887.64440868 0 127.77905734 0 2454.13650675 0 -29.80680914 0 1095.67629645 0 29211
0.16750000 0.16749900 8759.18329613 0 114.66167412 0 2539.53734808 0 -24.49397552 0 941.98578457 0 30922
0.16850000 0.16850800 8687.57857153 0 148.41565633 0 2396.73757489 0 -96.46131876 0 995.72199138 0 30867
0.16950000 0.16949900 8532.04562480 0 27.12199181 0 2355.39351402 0 272.95384420 0 800.40728882 0 30852
0.17050000 0.17049200 8541.63425810 0 61.09697763 0 2235.69061041 0 229.20930330 0 618.90198976 0 31257
0.17150000 0.17149500 8487.54595136 0 14.29536785 0 2349.90164091 0 225.93300239 0 637.92977996 0 32608
0.17250000 0.17250900 8482.89557493 0 58.05629578 0 2417.89678762 0 27.56997808 0 462.65819978 0 32361
0.17350000 0.17350400 8424.47798919 0 203.28345474 0 2375.44549427 0 -157.14950615 0 816.38908246 0 32508
0.17450000 0.17449800 8225.53045685 0 142.16090004 0 2389.44091284 0 -242.59574401 0 620.79757177 0 32791
0.17550000 0.17549800 8188.26101151 0 76.54785329 0 2461.38887951 0 51.71373596 0 507.26638201 0 33633
0.17650000 0.17650100 8126.78746412 0 88.18619536 0 2174.98105343 0 -6.75683086 0 391.51962005 0 33984
0.17750000 0.17750300 8205.03558361 0 28.88736328 0 2389.68450398 0 -86.07038481 0 12.26514637 0 34069
0.17850000 0.17849800 8036.29335337 0 -5.41169841 0 2296.02370834 0 -71.54604128 0 -57.03288080 0 34536
0.17950000 0.17950400 7937.96003666 0 200.55301944 0 2167.50723417 0 53.77440633 0 -139.83571183 0 35343
0.18050000 0.18050100 7847.38841964 0 144.14727512 0 2202.60650385 0 174.30385899 0 -50.11157056 0 34990
0.18150000 0.18150500 7651.69615080 0 135.65148028 0 2080.02479578 0 363.71479797 0 -41.80909852 0 36243
0.18250000 0.18250200 7654.44208735 0 86.82939267 0 2010.97777821 0 240.19637122 0 186.71482788 0 35694
0.18350000 0.18350400 7601.02919243 0 71.59210215 0 1899.40196101 0 244.62640838 0 328.81040121 0 37087
0.18450000 0.18450600 7509.64929570 0 81.05517528 0 1898.26151156 0 115.26068690 0 739.00681877 0 36651
0.18550000 0.18550700 7521.98386555 0 91.67109887 0 1966.16807967 0 131.75180748 0 524.18157263 0 37818
0.18650000 0.18651000 7363.01849813 0 161.60279519 0 2035.46976071 0 -74.93760510 0 668.77838414 0 37267
0.18750000 0.18750100 7319.14994719 0 179.85330819 0 1937.52397537 0 -5.27666033 0 654.13080564 0 38334
0.18850000 0.18850000 7193.75586862 0 52.46676477 0 1922.96386823 0 2.30795967 0 913.98387511 0 38223
0.18950000 0.18949500 7185.51805896 0 -49.53381665 0 1754.03340847 0 201.27825672 0 726.20278235 0 39064
0.19050000 0.19050000 7222.53284083 0 37.05741032 0 1776.95312085 0 296.67076396 0 531.55241927 0 39609
0.19150000 0.19149800 7130.75434041 0 209.42084439 0 1674.46768232 0 -45.62251791 0 576.91684128 0 39576
0.19250000 0.19250400 6970.70388515 0 178.07177113 0 1405.00051321 0 113.51015234 0 525.68076541 0 40909
0.19350000 0.19350500 6879.37935005 0 64.29101117 0 1684.35526839 0 -48.79064221 0 776.48110211 0 40191
0.19450000 0.19450100 6860.54532553 0 6.05882043 0 1571.45077221 0 25.81091783 0 356.11032528 0 41232
0.19550000 0.19549800 6940.46536607 0 -47.80088709 0 1683.73521820 0 -4.38776302 0 369.46908518 0 40873
0.19650000 0.19649700 6828.52416216 0 62.75240091 0 1472.77421343 0 84.72299360 0 424.44982130 0 42816
0.19750000 0.19750200 6965.01271020 0 18.62652915 0 1512.50171488 0 28.12381576 0 343.83665322 0 41727
0.19850000 0.19849000 6890.29666232 0 -22.30132303 0 1419.75992220 0 176.81174056 0 149.74101361 0 42610
0.19950000 0.19949900 6885.69057519 0 130.72651020 0 1349.14063450 0 -92.70591835 0 44.22917655 0 43863
0.20050000 0.20050100 6773.26218899 0 233.03036260 0 1354.42213344 0 -32.40083339 0 127.56425424 0 43302
0.20150000 0.20150100 6611.97163335 0 153.37495062 0 1445.87953644 0 -159.62970691 0 67.60861185 0 44487
0.20250000 0.20249700 6507.18315127 0 129.59048968 0 1451.44891583 0 -77.72849529 0 45.81639431 0 43759
0.20350000 0.20349100 6475.04019232 0 52.69684768 0 1547.53455060 0 42.31222495 0 91.10441729 0 45282
0.20450000 0.20449700 6469.98013988 0 -15.12634583 0 1429.80252081 0 298.95055564 0 118.12177563 0 45483
0.20550000 0.20549900 6496.35441760 0 -41.07533555 0 1254.53869125 0 130.40652002 0 134.93731533 0 46138
0.20650000 0.20650200 6504.70295051 0 27.86882012 0 1277.83486267 0 144.38643733 0 202.93578374 0 46227
0.20750000 0.20749300 6458.14382465 0 151.74510441 0 1269.41989581 0 42.31410725 0 259.75674025 0 46236
0.20850000 0.20850300 6290.81885199 0 245.98941157 0 1266.16463231 0 89.15524523 0 544.82813672 0 48361
0.20950000 0.20950400 6151.61758437 0 91.54376714 0 1341.15748831 0 145.48924088 0 611.18347213 0 46812
0.21050000 0.21050300 6119.61856564 0 28.55286835 0 1332.88646167 0 121.76346326 0 640.57606559 0 48813
0.21150000 0.21149700 6079.89106419 0 6.64119150 0 1310.45393159 0 172.22226193 0 663.32415693 0 47215
0.21250000 0.21249000 6075.68358076 0 -2.04891156 0 1311.74939359 0 73.00138765 0 755.26542053 0 50004
0.21350000 0.21350300 6105.26883268 0 98.00867615 0 1240.86437010 0 40.30171221 0 807.99072408 0 49509
0.21450000 0.21449800 6085.92548122 0 55.46227153 0 1168.97176505 0 -5.19455904 0 714.00772379 0 49660
0.21550000 0.21550100 5951.66247047 0 71.16891790 0 1167.95311117 0 -126.46145068 0 683.46693024 0 50841
0.21650000 0.21649800 5960.66427055 0 166.20556062 0 1342.53045659 0 -232.50774887 0 464.67336290 0 50424
0.21750000 0.21750300 5877.64397906 0 146.58429381 0 1302.53721934 0 -212.88537482 0 425.20163215 0 52231
0.21850000 0.21850300 5743.81278897 0 139.04625507 0 1523.51867807 0 -24.08706758 0 454.05168170 0 51078
0.21950000 0.21950100 5697.07650591 0 91.39728028 0 1322.42311472 0 116.42217377 0 380.22363427 0 52791
0.22050000 0.22050700 5601.30089623 0 7.08199182 0 1327.30600996 0 217.40509781 0 442.65383053 0 52969
0.22150000 0.22150000 5604.26827928 0 117.44525658 0 1397.54883861 0 97.33304289 0 463.68238983 0 52704
0.22250000 0.22250100 5523.18564464 0 148.59281353 0 1271.92224122 0 39.58466846 0 708.86905784 0 54051
0.22350000 0.22349900 5407.15875286 0 58.68365371 0 1301.95038613 0 195.93475276 0 625.94841728 0 53938
0.22450000 0.22449800 5381.92492460 0 21.07871693 0 1208.64390488 0 106.25268632 0 758.80524277 0 54735
0.22550000 0.22549100 5359.28202035 0 69.30644214 0 1259.59874369 0 170.71199682 0 651.43801624 0 54774
0.22650000 0.22649900 5270.83628969 0 94.80357029 0 1137.62601349 0 61.01039205 0 567.12890614 0 56911
0.22750000 0.22749800 5215.37501468 0 86.31574753 0 1025.57630079 0 88.48116209 0 645.96385885 0 54879
0.22850000 0.22849100 5174.92781211 0 27.67926192 0 1117.71797347 0 27.73993826 0 524.53699426 0 57210
0.22950000 0.22949800 5136.35183245 0 53.68903871 0 1134.96865554 0 -40.05778890 0 505.75168797 0 57375
0.23050000 0.23049600 5132.33257854 0 63.88587480 0 1142.64177663 0 -110.07717803 0 611.85888394 0 57604
0.23150000 0.23150100 5158.67363928 0 36.25079146 0 1161.42043953 0 -2.59835354 0 603.91559812 0 58629
0.23250000 0.23250200 5125.12449508 0 34.59116069 0 1251.69310377 0 -79.50460691 0 675.03756936 0 58560
0.23350000 0.23350400 5147.62345911 0 42.12155952 0 1305.08385405 0 64.95535066 0 594.17748844 0 59305
0.23450000 0.23449700 5123.05397034 0 -18.86480558 0 1227.77688217 0 91.55052125 0 586.62727015 0 59196
0.23550000 0.23549300 5128.82265157 0 45.09591814 0 1182.83431573 0 143.93911541 0 506.39831174 0 60063
0.23650000 0.23649900 5084.32297812 0 64.83255857 0 1105.97023684 0 144.89022811 0 524.95442091 0 61537
0.23750000 0.23750400 5043.77612464 0 107.10924137 0 1048.69088608 0 47.22313318 0 519.64191946 0 61224
0.23850000 0.23850100 4967.14456457 0 51.16798107 0 1024.97728802 0 -10.28522646 0 646.54515590 0 61221
0.23950000 0.23949400 4923.67461733 0 60.64389809 0 914.42344640 0 26.04055785 0 634.88710510 0 62332
0.24050000 0.24050100 4895.13016395 0 91.70376223 0 872.20024294 0 163.54820266 0 625.51770384 0 63447
0.24150000 0.24150500 4840.04534797 0 12.11146250 0 834.23102667 0 84.09773942 0 521.84309763 0 63342
0.24250000 0.24250300 4845.44864249 0 5.53406974 0 755.62637832 0 106.00654854 0 702.68848613 0 63379
0.24350000 0.24349600 4870.29493938 0 22.98714283 0 648.94785039 0 82.11601472 0 555.38006228 0 64266
0.24450000 0.24449500 4803.03056611 0 42.94976942 0 597.04854227 0 41.89933796 0 479.92216864 0 64695
0.24550000 0.24549600 4792.10218151 0 102.73988055 0 576.08309522 0 21.07030196 0 503.41653467 0 65947
0.24650000 0.24650000 4729.89786068 0 19.35951705 0 471.92795012 0 -39.16879194 0 438.95678127 0 66018
0.24750000 0.24750000 4758.56410963 0 11.41634195 0 532.89217057 0 25.34200488 0 345.62040475 0 66303
0.24850000 0.24849600 4731.73586660 0 108.02636203 0 495.75116420 0 -89.82622811 0 169.38553231 0 66958
0.24950000 0.24949200 4628.90718601 0 140.75692926 0 552.52561694 0 -68.54045871 0 279.30603695 0 66975
0.25050000 0.25048900 4535.44569221 0 120.47685912 0 579.91633407 0 -86.62045790 0 297.94297408 0 68676
0.25150000 0.25150000 4494.69953688 0 40.52227292 0 712.30147854 0 -45.48189938 0 120.90092916 0 69349
0.25250000 0.25249900 4454.66201034 0 76.32463523 0 717.60180043 0 -29.84866252 0 178.42387106 0 68592
0.25350000 0.25349900 4450.43238226 0 38.35929427 0 732.84839170 0 -17.33383523 0 155.11330562 0 70437
0.25450000 0.25450100 4427.32444036 0 -21.95232336 0 685.64042760 0 97.65303308 0 239.97492472 0 70099
0.25550000 0.25550100 4510.75440787 0 21.26572849 0 616.78274679 0 76.09953486 0 118.09520205 0 71064
0.25650000 0.25650300 4480.94770946 0 11.66967674 0 444.90594140 0 219.32171724 0 245.37711200 0 71409
0.25750000 0.25750600 4431.53192379 0 35.25727175 0 425.40647016 0 165.59990445 0 279.62049097 0 72612
0.25850000 0.25850600 4424.92174587 0 77.93898018 0 358.70124929 0 104.46439514 0 221.16083039 0 71845
0.25950000 0.25949600 4307.53295815 0 120.03839506 0 391.64805902 0 116.20072727 0 321.20814299 0 72816
0.26050000 0.26049800 4245.79367496 0 136.96908694 0 355.51574144 0 -1.06789140 0 459.15823790 0 73743
0.26150000 0.26149900 4183.51184785 0 18.13613588 0 401.93757047 0 44.05678045 0 509.79530100 0 74662
0.26250000 0.26250300 4222.41999727 0 -9.68919215 0 482.64817501 0 22.64600451 0 504.07533800 0 74931
0.26350000 0.26350100 4240.01392140 0 46.25961948 0 472.16932680 0 -34.81426803 0 591.75597100 0 75087
0.26450000 0.26450200 4201.33829081 0 84.78721308 0 545.85454123 0 -152.27436153 0 649.80041940 0 76678
0.26550000 0.26550600 4222.44214192 0 45.77952347 0 553.20213598 0 -76.64484686 0 624.29089025 0 76035
0.26650000 0.26650100 4154.35841661 0 44.34742898 0 558.08946016 0 15.90783051 0 505.04970258 0 77094
0.26750000 0.26750600 4164.71104031 0 12.55369116 0 488.08357926 0 25.96814484 0 426.07191688 0 78463
0.26850000 0.26850100 4171.19942265 0 27.30645674 0 465.59125862 0 -36.70708196 0 336.27314814 0 77076
0.26950000 0.26949700 4158.78734653 0 85.84052334 0 528.48870699 0 -95.58704799 0 274.99225920 0 79149
0.27050000 0.27049900 4086.18611270 0 86.06562371 0 408.86773858 0 -41.07854652 0 192.90093576 0 79648
0.27150000 0.27150200 4071.78101811 0 51.08914612 0 419.48609808 0 1.00674781 0 213.93503122 0 80241
0.27250000 0.27250500 4048.63985924 0 12.23790845 0 471.49391498 0 4.52511521 0 102.91116941 0 80835
0.27350000 0.27350000 4029.88334099 0 57.96627778 0 399.35550433 0 96.71952537 0 131.19597678 0 80680
0.27450000 0.27450400 3980.94366530 0 73.93810633 0 383.37924685 0 111.97995705 0 185.95083747 0 82617
0.27550000 0.27550800 3923.50044414 0 44.12255006 0 355.33636978 0 107.09218999 0 256.75724745 0 82548
0.27650000 0.27649900 3921.90602936 0 46.20580798 0 284.03834857 0 162.34131926 0 199.33727818 0 81181
0.27750000 0.27748900 3899.93853692 0 16.52057297 0 259.84864054 0 34.99873297 0 244.77367030 0 84096
0.27850000 0.27849800 3888.70012723 0 47.24029529 0 217.93878387 0 -54.10679752 0 264.73707195 0 85215
0.27950000 0.27950200 3907.79988754 0 55.82001834 0 255.40642382 0 -32.10066267 0 335.81475389 0 84514
0.28050000 0.28050300 3828.02378723 0 65.73583883 0 276.65532238 0 -11.95047090 0 324.18549113 0 85815
0.28150000 0.28150100 3784.23274257 0 73.07269343 0 269.22357797 0 91.56535817 0 333.27808427 0 85485
0.28250000 0.28250000 3771.22276091 0 22.23488908 0 266.64704798 0 58.12151178 0 215.53608938 0 87220
0.28350000 0.28350400 3725.57156568 0 77.66239351 0 270.00085517 0 -0.11370281 0 306.83626537 0 87147
0.28450000 0.28449700 3714.48816854 0 59.46679924 0 315.54575608 0 -43.94583576 0 324.80886302 0 87102
0.28550000 0.28549800 3657.58749129 0 80.26206465 0 332.57831335 0 -23.65159305 0 346.60030550 0 88971
0.28650000 0.28649900 3675.56894680 0 61.27468844 0 358.45544368 0 -58.26744502 0 379.37217249 0 89434
0.28750000 0.28750100 3619.34368137 0 50.45990590 0 369.99723507 0 -59.30613981 0 324.01608456 0 89619
0.28850000 0.28849900 3589.31553646 0 74.43591806 0 372.81846343 0 -15.52373157 0 397.84081029 0 90240
0.28950000 0.28950100 3559.11023436 0 45.99321934 0 418.97455667 0 42.82276985 0 285.92839442 0 91333
0.29050000 0.29050500 3566.24081154 0 29.53409777 0 379.73313028 0 27.68081205 0 239.10906892 0 92139
0.29150000 0.29150600 3547.68359514 0 39.80102169 0 394.72948702 0 -23.66011874 0 180.30395181 0 92370
0.29250000 0.29250200 3522.79300895 0 36.02546965 0 314.84598515 0 2.70251090 0 251.54107523 0 91819
0.29350000 0.29349600 3507.38033280 0 42.52359564 0 312.75331576 0 -16.23601422 0 244.89325141 0 93552
0.29450000 0.29450000 3511.51030996 0 8.95339187 0 280.01688020 0 49.26952025 0 228.70108359 0 94701
0.29550000 0.29550200 3519.49345615 0 27.61149929 0 268.53155766 0 125.47933547 0 277.27758704 0 95020
0.29650000 0.29650300 3472.20355685 0 72.86165492 0 167.01162587 0 171.53799225 0 273.29044287 0 95151
0.29750000 0.29749800 3439.00872705 0 54.58490051 0 136.57269771 0 79.01487799 0 304.60187023 0 95802
0.29850000 0.29850000 3381.99732656 0 45.17120995 0 69.40819680 0 101.98485872 0 348.04192219 0 97399
0.29950000 0.29950700 3387.28989782 0 41.93709459 0 62.07067787 0 29.40898050 0 407.91662588 0 97881
0.30050000 0.30050300 3334.05416009 0 69.41240429 0 18.31384670 0 -39.23389721 0 264.04837335 0 97188
0.30150000 0.30149700 3332.40438369 0 40.70884160 0 105.31397462 0 -98.37528083 0 257.19460428 0 98263
0.30250000 0.30249700 3335.38283907 0 29.53930177 0 87.16831654 0 -83.93220816 0 258.42141787 0 100050
0.30350000 0.30350600 3295.17922765 0 47.25114616 0 145.39955505 0 -77.03204606 0 267.27927773 0 100779
0.30450000 0.30450500 3327.23360800 0 48.68700525 0 143.65012773 0 -15.65150619 0 232.74469662 0 99982
0.30550000 0.30550300 3305.47648973 0 45.00423929 0 171.59224664 0 -25.66011277 0 174.06137508 0 101559
0.30650000 0.30649700 3281.44954488 0 61.93393466 0 170.31228590 0 -37.42235415 0 157.76069848 0 100935
0.30750000 0.30749800 3243.32753053 0 35.34917205 0 174.24185397 0 -45.04897148 0 120.84113861 0 103762
0.30850000 0.30850200 3240.41550910 0 35.92637234 0 236.39856381 0 28.62240255 0 165.57665257 0 102951
0.30950000 0.30950100 3232.36592896 0 49.07365083 0 168.98803585 0 -0.66094029 0 127.10807445 0 104394
0.31050000 0.31050000 3232.49879685 0 45.65817079 0 160.56088943 0 84.82851286 0 168.39455924 0 103963
0.31150000 0.31149700 3191.44261643 0 33.81144758 0 147.22981035 0 63.61958539 0 189.01012082 0 105936
0.31250000 0.31250000 3166.19771584 0 46.80924968 0 151.44947333 0 48.63319375 0 235.06767036 0 105717
0.31350000 0.31349800 3157.28449436 0 74.36261927 0 134.59850219 0 8.67032789 0 295.15053376 0 106776
0.31450000 0.31450400 3105.60995443 0 84.48017752 0 147.14898237 0 -5.07420287 0 274.73870296 0 108733
0.31550000 0.31549900 3061.11028099 0 47.29687487 0 193.69260698 0 -29.52634715 0 448.84990350 0 105891
0.31650000 0.31650000 3074.82889144 0 21.87481708 0 196.90468841 0 0.41786622 0 450.89164019 0 111072
0.31750000 0.31750600 3088.61393584 0 26.94472389 0 211.20348868 0 77.10789148 0 430.09449249 0 108121
0.31850000 0.31849900 3055.17551488 0 41.85538083 0 196.09751593 0 -2.00764501 0 474.47790652 0 110484
0.31950000 0.31950100 3065.83816368 0 36.68892335 0 170.14730826 0 44.36071577 0 452.40079807 0 110817
0.32050000 0.32049800 3039.03206530 0 36.17904279 0 141.68589731 0 73.13148747 0 473.45150201 0 111088
0.32150000 0.32149900 3050.76872961 0 27.97511444 0 76.94546048 0 19.12799474 0 483.88606092 0 112635
0.32250000 0.32250100 3023.43115963 0 27.10184018 0 66.79745334 0 19.13054138 0 399.00561886 0 113202
0.32350000 0.32350400 3016.14556990 0 51.39485300 0 6.55231395 0 44.54241262 0 441.30522137 0 113863
0.32450000 0.32450300 2984.23512977 0 18.82428087 0 7.20163936 0 30.55142298 0 415.42698380 0 114045
0.32550000 0.32549900 3018.32681789 0 21.64085886 0 -24.86988094 0 40.87171550 0 376.25420582 0 114828
0.32650000 0.32650300 2996.84650774 0 24.18505765 0 22.89834279 0 2.14538473 0 384.44219003 0 116431
0.32750000 0.32750400 2963.46344841 0 87.85369344 0 9.01505365 0 -41.47748239 0 355.17803553 0 116442
0.32850000 0.32850400 2924.14562298 0 90.11709808 0 47.03501438 0 -47.55286701 0 438.89256179 0 116955
0.32950000 0.32949800 2885.12675032 0 70.98013476 0 38.18191563 0 28.48632368 0 451.40207437 0 117028
0.33050000 0.33049700 2853.60384156 0 34.94857533 0 29.55004192 0 2.47729981 0 468.44681119 0 119061
0.33150000 0.33150100 2839.20981930 0 16.58003135 0 17.11604260 0 80.13727955 0 455.25192171 0 120060
0.33250000 0.33250400 2865.11905937 0 10.52880654 0 -13.10066400 0 37.69871937 0 457.33241154 0 119737
0.33350000 0.33350100 2836.71854621 0 45.83366714 0 -42.10118644 0 47.58497676 0 440.00090150 0 120531
0.33450000 0.33450000 2835.69989233 0 84.23204672 0 -32.27173009 0 -34.03067961 0 390.44671178 0 121704
0.33550000 0.33550300 2760.37486659 0 47.71507657 0 -49.00312012 0 -11.34437184 0 377.54856060 0 122761
0.33650000 0.33650300 2738.49595275 0 68.73809971 0 -65.78754659 0 -44.34908983 0 368.70288030 0 122472
0.33750000 0.33749900 2707.36057536 0 61.67606021 0 -59.24125599 0 -1.61777738 0 335.42390082 0 122985
0.33850000 0.33849800 2707.69274510 0 49.83930209 0 -102.48842805 0 3.13449765 0 337.75905413 0 125380
0.33950000 0.33950300 2676.97811605 0 18.55721640 0 -126.97299209 0 42.25929924 0 346.00682889 0 125223
0.34050000 0.34050000 2686.15707333 0 6.83449215 0 -179.78465978 0 66.53514996 0 357.26738323 0 125178
0.34150000 0.34149900 2691.83717596 0 28.29322233 0 -162.40996767 0 95.99439882 0 304.38485266 0 127059
0.34250000 0.34250300 2679.71298028 0 24.51290919 0 -243.66975952 0 70.12302609 0 369.57870119 0 127957
0.34350000 0.34349800 2681.96066222 0 43.58864256 0 -207.58948186 0 -27.70041006 0 335.35082348 0 126732
0.34450000 0.34449700 2653.98089741 0 64.93586336 0 -207.86186105 0 -38.94933846 0 403.48658872 0 129639
0.34550000 0.34550000 2624.77210453 0 63.89716857 0 -195.68230375 0 -31.56454070 0 443.11222478 0 129826
0.34650000 0.34650400 2621.15145432 0 13.67133162 0 -187.48989062 0 -29.25640387 0 385.28811564 0 130875
0.34750000 0.34750200 2638.65679986 0 8.33277700 0 -117.54158581 0 -41.27020847 0 293.77092209 0 130686
0.34850000 0.34850200 2611.28601290 0 53.07862144 0 -167.27736166 0 -21.28621229 0 268.66664003 0 132211
0.34950000 0.34950400 2604.58725639 0 56.07412820 0 -124.33999325 0 -59.91987877 0 249.22585211 0 132768
0.35050000 0.35050300 2590.12680018 0 23.73098161 0 -159.07609067 0 -37.02463624 0 208.34239995 0 132957
0.35150000 0.35150100 2571.38135426 0 59.12787538 0 -137.95452385 0 1.88808605 0 180.10907889 0 133987
0.35250000 0.35249800 2570.09696458 0 51.40393231 0 -150.24148270 0 -3.51076846 0 106.55507151 0 134778
0.35350000 0.35349800 2512.64267110 0 54.54038976 0 -162.15419697 0 -7.92717559 0 148.50423493 0 135699
0.35450000 0.35450100 2507.13972566 0 75.31937886 0 -101.16628174 0 -6.19419067 0 171.44498472 0 137380
0.35550000 0.35550100 2496.90889753 0 9.67826376 0 -140.60191671 0 -2.45702638 0 215.47408437 0 136161
0.35650000 0.35649900 2493.52076613 0 29.49124788 0 -118.97323741 0 53.32863453 0 265.79558620 0 138792
0.35750000 0.35750000 2514.02671170 0 7.68041776 0 -160.65168249 0 19.42462232 0 263.25227319 0 138097
0.35850000 0.35849800 2524.45684168 0 15.17705708 0 -113.01189773 0 40.03365123 0 244.17244306 0 140028
0.35950000 0.35950300 2494.66121559 0 86.11699930 0 -125.96651776 0 -40.11060389 0 237.98301349 0 141099
0.36050000 0.36050500 2452.94069567 0 93.55538711 0 -144.69978412 0 -56.17699009 0 215.30357056 0 140821
0.36150000 0.36150200 2410.30117280 0 47.79656888 0 -178.02526736 0 22.80168139 0 258.24093898 0 141756
0.36250000 0.36250400 2394.52310993 0 29.41296654 0 -189.15516827 0 65.62998741 0 241.56712503 0 142971
0.36350000 0.36349900 2407.82097204 0 -1.53513355 0 -249.90347839 0 79.94063507 0 186.07041858 0 142270
0.36450000 0.36450000 2400.70146718 0 28.16101877 0 -285.21312224 0 45.83920330 0 233.32488644 0 145311
0.36550000 0.36550300 2410.56690859 0 17.41942430 0 -311.75459206 0 59.13540456 0 221.73769852 0 145434
0.36650000 0.36650100 2434.19524976 0 18.45103280 0 -317.73254023 0 -9.04586793 0 251.39270608 0 144547
0.36750000 0.36749600 2418.07394482 0 30.45819400 0 -274.05664775 0 -91.41632468 0 228.60253990 0 146892
0.36850000 0.36849900 2428.68123200 0 59.57032548 0 -248.95790185 0 -79.56971218 0 242.24142961 0 148113
0.36950000 0.36949900 2387.79113644 0 81.12902769 0 -149.84398624 0 -64.27351689 0 184.36528056 0 147387
0.37050000 0.37049800 2355.64817749 0 66.85480798 0 -152.34743888 0 -87.25412705 0 219.73582219 0 149758
0.37150000 0.37150100 2303.64146782 0 62.63990609 0 -172.46031691 0 79.31250208 0 207.49425987 0 150099
0.37250000 0.37250000 2321.99938237 0 24.56638852 0 -191.16811692 0 29.37299545 0 203.61894618 0 150468
0.37350000 0.37349800 2290.99687288 0 29.49014065 0 -230.83914952 0 51.92034554 0 140.93187199 0 150709
0.37450000 0.37449700 2287.76375403 0 49.90197145 0 -267.54612076 0 22.84320261 0 112.71405219 0 153108
0.37550000 0.37550100 2250.83755076 0 36.53446442 0 -283.34632827 0 -30.19522629 0 102.00423528 0 153189
0.37650000 0.37649900 2251.87834929 0 55.72291405 0 -247.69787129 0 -9.22618074 0 148.72346696 0 153547
0.37750000 0.37749900 2245.26817137 0 17.15501718 0 -255.96779069 0 -45.24616959 0 60.86180145 0 155424
0.37850000 0.37850200 2248.13590350 0 22.73823697 0 -216.91348659 0 13.35344518 0 43.00192007 0 155313
0.37950000 0.37949900 2244.85849536 0 66.61343130 0 -215.37554067 0 -43.64965107 0 65.98086938 0 156100
0.38050000 0.38050000 2213.80062424 0 72.75226035 0 -192.22220225 0 -11.95578562 0 123.07221206 0 157557
0.38150000 0.38149800 2188.10175834 0 25.85443207 0 -224.09056754 0 23.40279791 0 157.01110209 0 157692
0.38250000 0.38250100 2170.62962977 0 19.26639880 0 -233.90729072 0 88.07480777 0 124.30677627 0 159703
0.38350000 0.38350500 2199.65019312 0 45.48876422 0 -258.99496430 0 36.95023022 0 115.08020800 0 160338
0.38450000 0.38450600 2162.04857804 0 53.13154715 0 -336.43701854 0 33.79749645 0 137.71979056 0 160167
0.38550000 0.38550000 2123.11828398 0 48.65157381 0 -321.79719067 0 6.06680358 0 173.93847227 0 160033
0.38650000 0.38649600 2121.71209872 0 32.22876947 0 -334.63112237 0 3.36508989 0 129.09777122 0 162444
0.38750000 0.38750200 2109.76506024 0 29.57528682 0 -296.91324787 0 11.76024836 0 121.66270511 0 164307
0.38850000 0.38850400 2108.77962334 0 37.10601783 0 -333.73204959 0 -32.54643446 0 172.96853662 0 163882
0.38950000 0.38950500 2105.08146685 0 43.74177281 0 -318.01377728 0 18.40751856 0 219.63838573 0 164595
0.39050000 0.39050100 2099.44565351 0 22.01576778 0 -322.30430315 0 17.28367760 0 273.41666737 0 165006
0.39150000 0.39150100 2110.96087132 0 30.00788255 0 -329.89991797 0 70.56935151 0 266.04249904 0 166687
0.39250000 0.39250100 2114.99119756 0 40.79066608 0 -334.05646871 0 29.04558680 0 320.50615760 0 167256
0.39350000 0.39350100 2080.97701572 0 67.73096104 0 -324.72582058 0 -17.68372069 0 288.33441060 0 167937
0.39450000 0.39449600 2072.87207395 0 63.84036755 0 -311.49992859 0 -61.43534787 0 346.51837029 0 167719
0.39550000 0.39549700 2032.10377397 0 16.42258289 0 -301.70535005 0 19.55948324 0 299.42112944 0 171636
0.39650000 0.39650400 2042.42318070 0 42.37600155 0 -287.51173687 0 -42.10937996 0 259.44339345 0 171093
0.39750000 0.39750000 2037.35205593 0 43.56826948 0 -327.27466976 0 -7.09038464 0 260.88390291 0 170464
0.39850000 0.39849800 2006.74815013 0 51.40038917 0 -287.43644506 0 -30.82645953 0 223.49044753 0 172113
0.39950000 0.39949500 2003.70326081 0 25.62601001 0 -315.75170132 0 -21.56999598 0 198.09717780 0 173232
