### header ###
fiducial parameters:
Omega_m = 0.31
Omega_nu = 0
Omega_de = 0.69
Omega_k = 0
H_0 = 100
w_de = -1
zeff = 0
beta = 0
fgrowth = 0
b_1 = 2
gamma = 0.55
Lx = 3500 Ly = 3500 Lz = 3500
nx = 700 ny = 700 nz = 700
xoffset = -685.467585 yoffset = -31.7331281 zoffset = 572.489161
bins = 400 dk = 0.001
kx_ny = 0.628318531 ky_ny = 0.628318531 kz_ny = 0.628318531
############################
A(data) = 8.00165788 (not used)
A(ran) = 7.99900842 (used)
Ngal = 475417
weighted Ngal = 0
Nran = 23820508
weighted Nran = 0
SN(data) = 3484.61092
SN(ran) = 69.6742643
SN(data+ran) = 3554.28518
############################
13 columns: k_central k_mean P_0(k) sigma^{lin}_{P_0(k)} P^img_1(k) sigma^{lin}_{P_1(k)} P_2(k) sigma^{lin}_{P_2(k)} P^img_3(k) sigma^{lin}_{P_3(k)} P_4(k) sigma^{lin}_{P_4(k)} N_modes
### header ###
0.00050000 0 0 0 0 0 0 0 0 0 0 0 0
0.00150000 0.00179520 52658.64815850 0 -41303.75761049 0 3886.62960249 0 -54794.94250901 0 10400.75510142 0 3
0.00250000 0.00253879 104881.04671915 0 -52677.36038745 0 2601.66416264 0 -94428.99353685 0 -61614.71953456 0 6
0.00350000 0.00331552 109625.20573420 0 -12232.81518289 0 18487.12857995 0 -47955.34602204 0 99074.83030750 0 7
0.00450000 0.00420575 115813.19590559 0 25423.38646259 0 54329.12980389 0 -23615.71871270 0 91616.18013992 0 24
0.00550000 0.00557378 90543.93620448 0 24887.04304837 0 98689.62412706 0 50917.96797376 0 2514.85713606 0 45
0.00650000 0.00659388 82210.35092973 0 18047.66800790 0 103269.24839530 0 91179.48764907 0 7201.61721924 0 40
0.00750000 0.00754703 62189.70536239 0 12989.38713775 0 73371.42475025 0 46164.17603613 0 -21595.35160304 0 57
0.00850000 0.00846663 68848.71223158 0 265.57192524 0 59187.99810406 0 31650.57266385 0 -8750.30329163 0 75
0.00950000 0.00948925 87332.07622109 0 -37005.14894614 0 67175.79467473 0 14288.39228547 0 -9043.77526095 0 112
0.01050000 0.01054430 86004.50447533 0 4128.44917653 0 39328.23341634 0 13921.45544098 0 -29913.21417655 0 105
0.01150000 0.01145670 82387.28668033 0 14905.89584061 0 26679.98460626 0 20632.28079031 0 -13762.01396359 0 144
0.01250000 0.01249090 71572.50413696 0 10195.69564578 0 1862.07715405 0 -8926.67435366 0 -18967.88892357 0 169
0.01350000 0.01339930 64915.26883975 0 8471.08140435 0 9404.20157844 0 -1682.06329715 0 -16092.95978441 0 180
0.01450000 0.01448870 60539.48607142 0 2437.27335605 0 5181.39404981 0 -15089.69643260 0 -12384.83820265 0 267
0.01550000 0.01550050 59068.63844251 0 4108.14253281 0 7660.81974645 0 -10573.60516416 0 3484.59348833 0 238
0.01650000 0.01653350 61382.64360636 0 548.09004362 0 31367.89621123 0 -11767.88826375 0 -3102.21075071 0 315
0.01750000 0.01747870 69726.30469670 0 826.33203015 0 54906.10865019 0 -3878.25892493 0 1912.47837663 0 297
0.01850000 0.01844180 68656.71811922 0 -251.16350895 0 54715.99683306 0 -2968.02524624 0 -11834.43293591 0 388
0.01950000 0.01947590 72567.02035217 0 151.65431134 0 65528.67563471 0 -2653.41620884 0 7902.67253746 0 399
0.02050000 0.02045430 74165.75333274 0 2568.23681401 0 68870.41398822 0 2787.51313472 0 2911.67818523 0 462
0.02150000 0.02154770 75057.07548064 0 3897.97873543 0 64577.34148629 0 275.26796008 0 -9554.45302623 0 571
0.02250000 0.02255340 69363.46461240 0 3546.57636266 0 52017.22838176 0 6507.30494684 0 -13712.18850191 0 510
0.02350000 0.02348930 68020.05944215 0 1705.51448112 0 45595.61215669 0 4916.38902760 0 -23590.47381211 0 555
0.02450000 0.02439640 69682.56901367 0 -2647.66967226 0 51399.17121038 0 14556.34254608 0 -20827.04298387 0 592
0.02550000 0.02547300 70361.41324830 0 -2116.53025071 0 48863.38738042 0 10258.59752307 0 -37711.34182308 0 837
0.02650000 0.02652900 65198.38818537 0 2258.28922536 0 41481.46842382 0 7444.84297854 0 -19103.96779560 0 723
0.02750000 0.02749970 66787.04535034 0 6096.08987540 0 41439.39358951 0 2394.52310993 0 -14288.94590171 0 826
0.02850000 0.02848090 64365.30646601 0 -395.25210075 0 29521.36460122 0 6697.49427025 0 -2199.66126545 0 831
0.02950000 0.02946900 64272.29893753 0 1189.84309734 0 26836.99017219 0 15953.00559871 0 -3482.51189126 0 996
0.03050000 0.03053250 61016.14965487 0 2103.65313694 0 24969.53186827 0 7360.89261176 0 -1410.86884537 0 1041
0.03150000 0.03150510 58225.25946108 0 3308.87569345 0 18489.56449141 0 12711.02889181 0 -5820.48863834 0 1036
0.03250000 0.03246190 55706.85918108 0 -1514.84904774 0 12545.05474277 0 5657.34900446 0 1006.81313915 0 1059
0.03350000 0.03345080 54977.41442202 0 1274.75675637 0 12090.31436247 0 1994.18106146 0 -1949.58173709 0 1302
0.03450000 0.03451200 55955.10070351 0 -291.99159949 0 12500.21182726 0 -7009.78919176 0 -10501.31395542 0 1339
0.03550000 0.03553350 56031.38902151 0 4301.76427692 0 22060.94286166 0 -9019.57115889 0 -10177.78062422 0 1365
0.03650000 0.03647120 51364.18266396 0 8165.37451611 0 21563.90620055 0 -13047.29539655 0 -2444.82468158 0 1308
0.03750000 0.03744890 47851.81978498 0 4092.33125297 0 25165.62274081 0 -4161.94295911 0 -4717.47471223 0 1579
0.03850000 0.03847530 46699.74438760 0 -1220.54665406 0 31264.03780443 0 3716.44797003 0 -5935.67403343 0 1662
0.03950000 0.03950240 48902.69413352 0 -691.63830596 0 27087.44615958 0 10246.52868902 0 -11855.47035307 0 1683
0.04050000 0.04050350 48622.12142262 0 -1548.12138382 0 21727.33371488 0 7093.06414672 0 -10019.98892323 0 1822
0.04150000 0.04152450 48770.37985194 0 -1544.99898822 0 18816.41952006 0 6902.85267866 0 -7566.85999804 0 1887
0.04250000 0.04250150 48479.06698596 0 1477.21421568 0 16212.54089245 0 1815.58446214 0 -3689.84117349 0 1920
0.04350000 0.04349210 46324.61402275 0 3361.81247841 0 15057.58669062 0 991.62633843 0 -8766.32494564 0 2005
0.04450000 0.04448520 43448.02403486 0 1811.46555730 0 12265.92143410 0 2752.46922667 0 -2792.37388531 0 2151
0.04550000 0.04548030 43598.27548265 0 1020.01024311 0 13133.65953013 0 1774.69436658 0 -6177.72612629 0 2274
0.04650000 0.04648670 42107.94056206 0 -1066.36674542 0 13556.17944521 0 2286.98869129 0 -3337.54194241 0 2311
0.04750000 0.04749250 43436.84098680 0 584.81915950 0 9917.64742493 0 -1101.28221451 0 -3949.83043256 0 2568
0.04850000 0.04851840 42378.43745738 0 1184.72768327 0 11228.33387534 0 -449.76337030 0 -2698.97882547 0 2493
0.04950000 0.04949480 41642.23858019 0 643.96087529 0 10917.92124905 0 -1080.58914665 0 -1021.52050821 0 2644
0.05050000 0.05050630 41232.45183865 0 1611.33328621 0 13996.19363351 0 -879.93426183 0 -3202.13848220 0 2829
0.05150000 0.05149060 40088.90213138 0 1926.77274797 0 17321.43422304 0 -1697.91886629 0 -382.60639857 0 2784
0.05250000 0.05249300 38826.43565556 0 1786.96250248 0 17022.14928319 0 70.30859826 0 -1989.74105921 0 3055
0.05350000 0.05348950 38709.06901248 0 925.80358185 0 19381.21880905 0 856.74659919 0 3679.69892396 0 3009
0.05450000 0.05448610 38571.77218473 0 253.08345008 0 19549.29669980 0 1727.29374403 0 1187.87222352 0 3336
0.05550000 0.05550870 36207.94155920 0 899.41601734 0 21393.94601459 0 2749.88937498 0 3169.25367749 0 3349
0.05650000 0.05647670 37483.91627130 0 1434.61898210 0 19315.89209262 0 1236.26935530 0 2938.04139063 0 3324
0.05750000 0.05747970 34587.94971498 0 1486.35995598 0 18176.32842229 0 2445.03505575 0 5931.33368210 0 3639
0.05850000 0.05849280 34742.18719971 0 444.71771188 0 16699.83390772 0 2069.02997724 0 3767.48031512 0 3846
0.05950000 0.05951020 33379.51618428 0 275.96551655 0 16010.02807152 0 3596.05858228 0 3663.94300574 0 3787
0.06050000 0.06049470 34152.14301012 0 243.42616837 0 15818.58757541 0 679.49528733 0 1352.50662125 0 3930
0.06150000 0.06148310 33664.18565536 0 250.42941382 0 14715.34113048 0 1146.89354937 0 2422.00462013 0 4083
0.06250000 0.06249100 32871.40719835 0 281.96339490 0 14244.87804893 0 834.01400910 0 3941.60369522 0 4303
0.06350000 0.06350600 34050.05617529 0 -621.72432536 0 12832.60301831 0 3232.42129058 0 2594.23463268 0 4470
0.06450000 0.06451750 33760.07198829 0 -171.35640613 0 12774.03042002 0 3248.11077485 0 4523.81975115 0 4479
0.06550000 0.06550280 33383.50222121 0 1204.74644654 0 11280.04163224 0 2362.86733327 0 5471.43359843 0 4636
0.06650000 0.06648880 31667.29187432 0 1653.55206074 0 10534.51985756 0 703.24542407 0 4976.62247461 0 4653
0.06750000 0.06749660 30606.89532644 0 1462.90877201 0 10219.61186739 0 608.23823373 0 5530.60410226 0 5220
0.06850000 0.06852730 28848.61014524 0 707.26799967 0 10073.56790303 0 1062.44382074 0 5074.87828505 0 5029
0.06950000 0.06949320 28963.65160010 0 128.95604547 0 9102.58037806 0 406.70199184 0 3266.53512335 0 5040
0.07050000 0.07048030 28127.58035305 0 1155.13135903 0 9830.23142049 0 219.65056529 0 2827.80532473 0 5475
0.07150000 0.07148790 27283.75847862 0 946.78231569 0 8583.26619941 0 -656.56118093 0 1411.01278559 0 5509
0.07250000 0.07249820 26890.91239405 0 637.78251804 0 8164.67695965 0 131.92342852 0 2094.07557598 0 5916
0.07350000 0.07351270 27297.82033114 0 -634.42871085 0 9240.12079696 0 -905.01418477 0 1432.31593854 0 5721
0.07450000 0.07449140 26751.51182459 0 -147.10026415 0 9171.94849305 0 1236.70117597 0 -321.33768919 0 6028
0.07550000 0.07549160 26917.59669687 0 769.12464951 0 8773.40016120 0 -465.02324836 0 242.66992859 0 6183
0.07650000 0.07648840 26484.66879646 0 792.19605273 0 9618.21854486 0 -351.34922561 0 132.41725420 0 6330
0.07750000 0.07749960 25529.01644136 0 649.95986088 0 9597.73474395 0 602.89140807 0 1733.84856033 0 6583
0.07850000 0.07848650 25111.14690270 0 407.18142351 0 9815.80418125 0 435.55204139 0 -409.33720515 0 6549
0.07950000 0.07947320 25053.90298339 0 -116.25830336 0 8489.56111447 0 468.65939983 0 766.59573052 0 6828
0.08050000 0.08048110 25064.20024547 0 276.14599544 0 9915.93121459 0 1223.20401202 0 -1068.86134021 0 7147
0.08150000 0.08149960 24561.73814520 0 189.38768709 0 8383.43288109 0 718.84854420 0 910.61235220 0 7386
0.08250000 0.08250610 24166.01325618 0 510.49617916 0 8145.77650118 0 1677.39077608 0 1117.38580372 0 7227
0.08350000 0.08350160 23804.61257410 0 813.34640760 0 7324.19892731 0 1646.32183263 0 1072.80198061 0 7798
0.08450000 0.08449610 23113.92095192 0 1030.59095670 0 7653.21305930 0 1182.15890391 0 3545.00409254 0 7371
0.08550000 0.08548940 22412.48917466 0 442.22200986 0 6247.86930402 0 1188.59192463 0 2875.80385282 0 8256
0.08650000 0.08650700 22061.16430816 0 662.02869493 0 5866.36128006 0 185.98959061 0 3721.90662616 0 8037
0.08750000 0.08749060 21603.54512341 0 689.80030004 0 6613.08993816 0 -579.71592499 0 3675.32535565 0 8155
0.08850000 0.08849210 20769.24544832 0 362.30196932 0 6519.61737204 0 -985.02169668 0 3703.59300091 0 8718
0.08950000 0.08949900 21089.12491233 0 417.66691511 0 7325.64940186 0 -353.32785006 0 2652.24254241 0 8571
0.09050000 0.09049190 20258.36838119 0 -35.35326881 0 6919.85976958 0 -22.99921167 0 2319.06521629 0 8932
0.09150000 0.09150830 20579.35507768 0 332.45430331 0 7442.46242870 0 605.45686573 0 871.13065636 0 9285
0.09250000 0.09250820 20140.66956837 0 284.99167574 0 6021.99387772 0 219.32946787 0 1069.06285652 0 9204
0.09350000 0.09350330 19917.78366977 0 486.92984301 0 7479.08967920 0 1.54465575 0 41.21960794 0 9349
0.09450000 0.09448040 19559.15106889 0 469.25951984 0 6787.35725848 0 -551.57450424 0 874.79116695 0 9564
0.09550000 0.09549270 19091.23462205 0 487.49674605 0 8033.74671867 0 -307.03224552 0 671.23644025 0 10155
0.09650000 0.09649430 18761.27934246 0 708.18257370 0 8060.50852775 0 -73.40264871 0 873.97402938 0 9913
0.09750000 0.09749140 18570.61390908 0 464.19503846 0 8723.25360210 0 140.13577183 0 964.99296831 0 10476
0.09850000 0.09850240 17759.45539287 0 371.64701147 0 8815.96217780 0 421.77031869 0 1174.47471049 0 10575
0.09950000 0.09950330 17543.76650540 0 641.61797136 0 8758.81790941 0 423.50535199 0 1072.89055921 0 10882
0.10050000 0.10051200 17220.01172770 0 158.69852439 0 8522.51235313 0 152.25443135 0 1448.49260510 0 10875
0.10150000 0.10150300 17243.70650282 0 31.81400018 0 7965.84015055 0 1175.10583300 0 1059.71117098 0 11118
0.10250000 0.10250800 16815.76114857 0 312.81532078 0 7762.70727943 0 312.68798904 0 2127.92367295 0 11575
0.10350000 0.10349800 17037.65053794 0 203.40414308 0 7304.27981496 0 974.66575128 0 2225.59265017 0 11364
0.10450000 0.10450100 16364.01029597 0 -26.62728034 0 6453.31629103 0 1161.46472883 0 2290.83078800 0 12093
0.10550000 0.10551000 16627.97451965 0 190.74293965 0 6440.07379054 0 722.79250630 0 2169.25666149 0 12067
0.10650000 0.10649700 16080.33733412 0 393.39748634 0 6032.39079072 0 144.17717039 0 1294.70908569 0 12054
0.10750000 0.10749900 15893.99010742 0 403.74900281 0 6396.90279608 0 138.21693794 0 2486.95487752 0 12807
0.10850000 0.10850100 15400.49659026 0 352.17300658 0 6214.15407494 0 -140.70599656 0 2034.27394963 0 12736
0.10950000 0.10950300 15332.40179262 0 239.73133358 0 6376.24183796 0 400.68307607 0 2190.46016352 0 12933
0.11050000 0.11050200 15233.30448549 0 112.92331913 0 6175.73310782 0 266.95042968 0 1889.04933731 0 13428
0.11150000 0.11150900 15085.26750267 0 172.18350879 0 6197.40164749 0 261.08652646 0 1622.97029959 0 13453
0.11250000 0.11250000 14912.64995875 0 98.92623971 0 6122.38664685 0 201.74993775 0 1568.93735448 0 13668
0.11350000 0.11349100 14869.91078495 0 143.89925504 0 5707.65057611 0 777.27609504 0 1007.73214211 0 13791
0.11450000 0.11448600 14977.20161244 0 -97.09620586 0 5956.68930594 0 433.57673864 0 1361.08767298 0 14205
0.11550000 0.11549300 14663.07975733 0 287.00130269 0 5361.17538789 0 374.93438471 0 829.17651039 0 14776
0.11650000 0.11649800 14523.01484838 0 487.92745948 0 4983.64232855 0 121.99598208 0 844.06325111 0 14553
0.11750000 0.11747300 14052.44104358 0 278.70259524 0 4571.57468810 0 151.70302957 0 1276.35117114 0 14568
0.11850000 0.11849100 13970.50583993 0 372.31910158 0 4869.07698365 0 -398.79524469 0 827.96409082 0 16015
0.11950000 0.11950300 13544.33205766 0 214.11440288 0 4982.93369976 0 280.28261599 0 1096.86989307 0 15270
0.12050000 0.12050700 13596.37198430 0 52.85728567 0 4790.64063463 0 393.35541151 0 424.69673414 0 15999
0.12150000 0.12150000 13453.64971739 0 31.99027159 0 4678.19010378 0 309.35300481 0 942.05332576 0 15670
0.12250000 0.12250700 13459.62877279 0 109.34175422 0 4673.79439082 0 570.10736152 0 395.28421049 0 16887
0.12350000 0.12352200 13209.94784813 0 161.71130398 0 4149.82983575 0 846.24449910 0 1538.30023170 0 16407
0.12450000 0.12449800 13290.33292632 0 66.86942345 0 4120.07849897 0 376.36492907 0 1178.39431347 0 16306
0.12550000 0.12549900 13073.09391338 0 44.96659338 0 3707.40188065 0 11.09480164 0 1489.36055601 0 17523
0.12650000 0.12650100 13136.09544159 0 93.85267903 0 3756.33048403 0 32.53037959 0 822.17880111 0 17154
0.12750000 0.12750600 13024.81857717 0 -96.77200819 0 3942.26803470 0 -380.29781885 0 1162.19550226 0 18007
0.12850000 0.12850300 13367.61775355 0 -66.32311494 0 4009.39954008 0 -118.03319703 0 443.24177098 0 17496
0.12950000 0.12949900 13174.73785521 0 120.13472428 0 4173.82356364 0 -92.39113215 0 297.83889423 0 18405
0.13050000 0.13049000 13105.75727159 0 355.74604580 0 4183.48970320 0 -421.63745079 0 166.47129642 0 18100
0.13150000 0.13148800 12873.12772715 0 360.22258672 0 4304.01195885 0 71.25207106 0 -58.21031182 0 19059
0.13250000 0.13249300 12602.96300158 0 50.68301324 0 3942.67771072 0 357.99926390 0 341.92446272 0 18957
0.13350000 0.13349100 12584.80438887 0 35.04368660 0 3570.86904331 0 521.58732693 0 -85.04641621 0 19468
0.13450000 0.13450700 12553.02681664 0 -16.47429065 0 3456.27048144 0 556.52272620 0 -744.96705122 0 19953
0.13550000 0.13551000 12414.17986342 0 214.58829838 0 3709.32846517 0 -80.14082270 0 -950.85028782 0 19956
0.13650000 0.13649900 12113.56624459 0 419.33440723 0 3104.61344520 0 -305.52530212 0 -534.06251530 0 19723
0.13750000 0.13749600 12029.74874571 0 272.56852729 0 3553.90624169 0 -196.37210959 0 217.80037981 0 20946
0.13850000 0.13851100 12037.38864984 0 -94.48922698 0 3341.58334097 0 129.33029004 0 -21.04273187 0 20955
0.13950000 0.13949800 11960.10382261 0 -76.38353999 0 3777.04680376 0 80.46457748 0 -195.91592981 0 20506
0.14050000 0.14048300 12077.80263543 0 264.55548582 0 3725.13974501 0 433.19585067 0 -575.72324467 0 21447
0.14150000 0.14148400 11553.74950176 0 367.95549837 0 3730.06692956 0 -92.95548855 0 -75.56950267 0 21771
0.14250000 0.14249400 11304.95436309 0 370.02823758 0 3410.05459765 0 187.53860885 0 -218.86443023 0 22470
0.14350000 0.14350900 11139.97672329 0 182.63689065 0 3576.94774964 0 508.52641257 0 -55.44300568 0 22519
0.14450000 0.14449900 10920.73361955 0 -260.88611738 0 3196.03763123 0 230.24235121 0 -232.52878628 0 22218
0.14550000 0.14550500 11061.45179567 0 268.20160238 0 3123.59140994 0 367.32105416 0 -216.88248408 0 23559
0.14650000 0.14650700 10887.48342812 0 320.36664630 0 2939.40328658 0 45.22324987 0 53.69081028 0 23044
0.14750000 0.14750500 10585.85115541 0 231.39498022 0 2944.07580765 0 381.77265251 0 121.81550319 0 23649
0.14850000 0.14849900 10353.13303238 0 314.66993518 0 2459.19655920 0 23.72577762 0 433.39958145 0 23640
0.14950000 0.14949500 10172.67628248 0 279.94491009 0 2875.84814212 0 97.47078261 0 -35.61900460 0 24457
0.15050000 0.15050000 9844.07182651 0 185.34628853 0 2648.53331359 0 118.05423445 0 318.77112430 0 24591
0.15150000 0.15149900 9787.27080019 0 91.63887841 0 2533.89046242 0 147.31396001 0 -86.86161314 0 25020
0.15250000 0.15250500 9723.74887271 0 37.35735960 0 2537.36717242 0 -81.01985457 0 118.14281305 0 25297
0.15350000 0.15350100 9757.40874016 0 -18.78663497 0 2580.20599714 0 160.16671466 0 -200.29614150 0 25452
0.15450000 0.15450400 9710.84961430 0 93.38288029 0 2463.69192307 0 44.73717481 0 306.17414035 0 26061
0.15550000 0.15549900 9670.33597778 0 116.90381990 0 2751.01875212 0 -35.15618142 0 28.01375685 0 26128
0.15650000 0.15649500 9534.27925041 0 235.06877760 0 2891.95837473 0 19.95144354 0 255.06207452 0 26331
0.15750000 0.15749700 9453.22983274 0 247.83184642 0 2978.76540131 0 117.54047858 0 830.21509446 0 27345
0.15850000 0.15849900 9356.25841198 0 111.12628081 0 2957.98264763 0 54.54946907 0 1080.76630385 0 26980
0.15950000 0.15949700 9404.65554376 0 1.66523336 0 2940.72089323 0 195.48300191 0 1125.42431154 0 27777
0.16050000 0.16050000 9316.36482566 0 54.07645935 0 3075.57073720 0 -106.77972898 0 1127.39518536 0 28224
0.16150000 0.16150500 9291.83962618 0 167.88301783 0 3034.04951913 0 -10.44316211 0 1113.66550258 0 28075
0.16250000 0.16249700 9166.71128341 0 53.51918924 0 2959.49955613 0 212.27861142 0 926.67386658 0 28590
0.16350000 0.16349900 9095.73768132 0 29.61027537 0 2605.49518702 0 243.62768468 0 932.53001918 0 29163
0.16450000 0.16449100 9099.56870571 0 -61.45317432 0 2703.90601001 0 196.88918716 0 510.92024920 0 28996
0.16550000 0.16550500 9132.34278717 0 151.29556802 0 2573.30793878 0 28.65130132 0 354.12062851 0 30777
0.16650000 0.16650700 8935.70937072 0 161.52307445 0 2751.00767979 0 -52.43399069 0 824.87712666 0 29211
0.16750000 0.16749900 8908.83683838 0 129.65692363 0 2612.55933026 0 18.75020702 0 470.48854789 0 30922
0.16850000 0.16850800 8781.54939227 0 82.90657871 0 2793.30396060 0 -9.22615860 0 648.34773038 0 30867
0.16950000 0.16949900 8666.56329903 0 261.17731952 0 2839.47555509 0 -88.57937361 0 335.47926245 0 30852
0.17050000 0.17049200 8461.08309504 0 358.48866065 0 3033.76163868 0 -7.13503933 0 717.08804455 0 31257
0.17150000 0.17149500 8269.66474358 0 128.62609019 0 2753.76468867 0 62.76779144 0 551.74833974 0 32608
0.17250000 0.17250900 8066.42114921 0 89.98511597 0 2796.85817687 0 235.80730166 0 523.87708370 0 32361
0.17350000 0.17350400 7989.21382824 0 142.82745400 0 2445.69939524 0 305.46218986 0 321.63664196 0 32508
0.17450000 0.17449800 7953.59415930 0 27.78245599 0 2361.90404101 0 364.98147193 0 133.66178351 0 32791
0.17550000 0.17549800 7803.17662664 0 152.74161364 0 2035.29260351 0 178.11052427 0 302.41508607 0 33633
0.17650000 0.17650100 7835.45245349 0 44.24235262 0 2090.17811764 0 70.70963786 0 156.16960540 0 33984
0.17750000 0.17750300 7742.74387778 0 -77.23909853 0 2037.28562198 0 95.81225908 0 417.31149348 0 34069
0.17850000 0.17849800 7880.77147897 0 0.65088994 0 2031.24013263 0 176.00124639 0 153.34062641 0 34536
0.17950000 0.17950400 7905.68420981 0 -63.36447903 0 1913.04306519 0 67.10426746 0 379.96122017 0 35343
0.18050000 0.18050100 8013.11897753 0 -0.14012138 0 1878.10988039 0 31.56896963 0 106.03910117 0 34990
0.18150000 0.18150500 7894.01397945 0 184.55904624 0 1914.57104602 0 -72.03820612 0 227.27718262 0 36243
0.18250000 0.18250200 7862.73466184 0 138.87463404 0 1846.75305650 0 -125.62327569 0 298.75900442 0 35694
0.18350000 0.18350400 7650.00208510 0 164.65100622 0 1986.95083336 0 -37.33266831 0 239.99153321 0 37087
0.18450000 0.18450600 7544.22816611 0 201.23507465 0 1969.62264501 0 58.63925369 0 398.88493052 0 36651
0.18550000 0.18550700 7477.30703490 0 149.65354225 0 2173.02125193 0 97.91887960 0 251.04724954 0 37818
0.18650000 0.18651000 7394.17602017 0 23.77803899 0 1941.90861599 0 -32.78858621 0 284.67832895 0 37267
0.18750000 0.18750100 7344.72701753 0 44.60895729 0 2166.66573749 0 148.28389567 0 257.53784635 0 38334
0.18850000 0.18850000 7366.37341255 0 34.77540417 0 1986.58544664 0 63.15321907 0 252.98490639 0 38223
0.18950000 0.18949500 7334.10865802 0 42.03442033 0 1890.64375208 0 147.77235426 0 233.38024806 0 39064
0.19050000 0.19050000 7274.90493722 0 70.42220031 0 1708.21612837 0 149.00359678 0 -64.51079681 0 39609
0.19150000 0.19149800 7205.62540083 0 81.77144397 0 1676.06209710 0 -91.52051525 0 -13.01828591 0 39576
0.19250000 0.19250400 7149.76552212 0 162.91597292 0 1763.72169269 0 -58.40662414 0 -69.83769228 0 40909
0.19350000 0.19350500 7021.61443467 0 52.64414341 0 1725.13464069 0 36.76908698 0 298.56745320 0 40191
0.19450000 0.19450100 6989.68184989 0 -0.52449935 0 1735.12187768 0 12.68877352 0 -17.62060844 0 41232
0.19550000 0.19549800 7077.60718128 0 -9.55458589 0 1857.96932154 0 97.47654022 0 -29.13737638 0 40873
0.19650000 0.19649700 6994.95227650 0 43.67622465 0 1694.43108397 0 233.30274179 0 182.86165884 0 42816
0.19750000 0.19750200 7033.10750783 0 99.11048319 0 1575.12678405 0 72.33151200 0 286.33917767 0 41727
0.19850000 0.19849000 6904.95642038 0 148.69135722 0 1537.70232616 0 116.96471769 0 480.30527108 0 42610
0.19950000 0.19949900 6829.70890091 0 146.47578503 0 1473.54927616 0 133.70939451 0 274.39435366 0 43863
0.20050000 0.20050100 6625.00375966 0 177.68423976 0 1468.69959789 0 24.24064073 0 489.45211861 0 43302
0.20150000 0.20150100 6632.68795309 0 106.47634728 0 1482.90539064 0 14.89294122 0 269.45720402 0 44487
0.20250000 0.20249700 6452.89554268 0 66.01497214 0 1523.61832899 0 -26.82957171 0 473.88221545 0 43759
0.20350000 0.20349100 6508.97686789 0 83.22789758 0 1448.62547300 0 94.65664054 0 273.88059778 0 45282
0.20450000 0.20449700 6299.37775907 0 73.66118749 0 1380.56389234 0 55.76199936 0 350.90301092 0 45483
0.20550000 0.20549900 6395.34159828 0 61.73219690 0 1296.17063257 0 137.66110724 0 238.86104885 0 46138
0.20650000 0.20650200 6203.25890732 0 78.49370366 0 1125.80077059 0 283.86562031 0 294.33782512 0 46227
0.20750000 0.20749300 6181.77859717 0 49.21858756 0 948.84841150 0 284.28304695 0 286.88282882 0 46236
0.20850000 0.20850300 6178.04722371 0 -11.51975746 0 807.12154659 0 398.79192299 0 379.15404769 0 48361
0.20950000 0.20950400 6155.50397038 0 4.30869555 0 721.32874496 0 163.12856155 0 365.63584632 0 46812
0.21050000 0.21050300 6068.90731797 0 95.75036478 0 544.07189694 0 84.98164311 0 381.21017841 0 48813
0.21150000 0.21149700 6093.51002372 0 77.25925016 0 642.73184724 0 17.46570662 0 452.13395504 0 47215
0.21250000 0.21249000 6017.22170572 0 48.24234068 0 651.60299388 0 -102.76379677 0 682.99082028 0 50004
0.21350000 0.21350300 6035.94500699 0 74.04130040 0 694.71751949 0 -110.73321328 0 554.91723910 0 49509
0.21450000 0.21449800 5992.87366344 0 58.28582508 0 911.31544483 0 -231.05284539 0 484.68437554 0 49660
0.21550000 0.21550100 5968.66956139 0 109.00858797 0 992.35932634 0 -140.10587656 0 533.28080917 0 50841
0.21650000 0.21649800 5838.02720085 0 144.52705586 0 1044.81778686 0 -101.35617211 0 571.57333732 0 50424
0.21750000 0.21750300 5772.14686818 0 152.22453607 0 1102.04509769 0 25.70705942 0 507.14237197 0 52231
0.21850000 0.21850300 5696.51181735 0 60.59241178 0 1163.64597682 0 51.95168022 0 525.09946836 0 51078
0.21950000 0.21950100 5583.00941563 0 96.82958428 0 976.84699927 0 37.35669526 0 169.13419053 0 52791
0.22050000 0.22050700 5558.68351800 0 53.98134808 0 963.25682778 0 -32.68184900 0 202.04778329 0 52969
0.22150000 0.22150000 5519.54284977 0 52.86968667 0 991.52447304 0 -79.11065360 0 108.37790834 0 52704
0.22250000 0.22250100 5511.60399288 0 130.99778216 0 939.26420713 0 107.70404665 0 243.88566985 0 54051
0.22350000 0.22349900 5375.02686624 0 122.03141352 0 891.43065668 0 41.07079590 0 251.59200792 0 53938
0.22450000 0.22449800 5345.41946967 0 102.36486090 0 843.16860726 0 154.01271653 0 258.69379706 0 54735
0.22550000 0.22549100 5292.19480427 0 54.11543393 0 901.23852201 0 164.66540024 0 387.20362784 0 54774
0.22650000 0.22649900 5211.05680800 0 47.75294392 0 833.24780423 0 164.71965463 0 462.28727690 0 56911
0.22750000 0.22749800 5202.12144187 0 40.80494938 0 862.42670182 0 80.61936858 0 561.18306771 0 54879
0.22850000 0.22849100 5235.77023699 0 12.42569508 0 692.45876523 0 17.57930867 0 641.93021092 0 57210
0.22950000 0.22949800 5249.80994486 0 -20.28837438 0 776.57853857 0 92.93655487 0 502.97031998 0 57375
0.23050000 0.23049600 5205.89710463 0 21.45041487 0 542.77311324 0 -7.63669315 0 277.74373191 0 57604
0.23150000 0.23150100 5221.98519259 0 67.58558142 0 750.53089444 0 -79.40960637 0 299.72561838 0 58629
0.23250000 0.23250200 5203.02937250 0 97.86750401 0 716.52778492 0 -177.03540153 0 229.98325881 0 58560
0.23350000 0.23350400 5148.06635210 0 74.67950920 0 875.12444392 0 -141.83205200 0 176.68440883 0 59305
0.23450000 0.23449700 5078.32177807 0 107.09639747 0 878.64765768 0 -31.53032722 0 262.95664212 0 59196
0.23550000 0.23549300 5068.99888057 0 65.68999941 0 840.89435175 0 16.80623895 0 199.02503862 0 60063
0.23650000 0.23649900 4993.97280760 0 54.75607865 0 753.45730989 0 66.44734642 0 225.87764077 0 61537
0.23750000 0.23750400 4995.09111241 0 38.84968754 0 834.75142594 0 75.95426596 0 167.04373561 0 61224
0.23850000 0.23850100 4948.11123820 0 45.97993255 0 786.78168589 0 152.74050641 0 179.14910833 0 61221
0.23950000 0.23949400 4919.65536342 0 44.22662992 0 634.41985299 0 90.05154992 0 124.25362911 0 62332
0.24050000 0.24050100 4874.07060214 0 83.65916463 0 661.88364747 0 65.46611700 0 122.93712969 0 63447
0.24150000 0.24150500 4849.34610082 0 66.61963180 0 592.35387654 0 -52.56630497 0 198.00527750 0 63342
0.24250000 0.24250300 4769.92431490 0 81.35324227 0 631.89868463 0 -29.14590207 0 153.17343431 0 63379
0.24350000 0.24349600 4718.01725615 0 95.59911682 0 592.91635064 0 -6.58953910 0 248.56594155 0 64266
0.24450000 0.24449500 4725.48000308 0 55.41078522 0 613.98477031 0 45.48743554 0 110.85722332 0 64695
0.24550000 0.24549600 4641.99467394 0 53.11671024 0 635.44404304 0 62.43639676 0 95.42594566 0 65947
0.24650000 0.24650000 4611.41291279 0 115.07577907 0 584.68518437 0 30.10764420 0 108.89288217 0 66018
0.24750000 0.24750000 4542.34375058 0 57.11979855 0 555.24387268 0 -0.97068968 0 158.75056432 0 66303
0.24850000 0.24849600 4569.32700616 0 -2.46149960 0 573.64386206 0 1.24739704 0 186.85766087 0 66958
0.24950000 0.24949200 4547.09377792 0 18.68310873 0 644.06052621 0 88.50828929 0 187.35812995 0 66975
0.25050000 0.25048900 4536.67472027 0 17.21104314 0 659.69243439 0 -23.74703649 0 249.29892945 0 68676
0.25150000 0.25150000 4584.64003138 0 29.49611970 0 620.29931715 0 88.41273512 0 338.97258093 0 69349
0.25250000 0.25249900 4555.36480456 0 44.08523633 0 631.83667961 0 65.31652989 0 439.68644748 0 68592
0.25350000 0.25349900 4540.41716606 0 45.59118323 0 477.93136463 0 102.47945947 0 482.85965641 0 70437
0.25450000 0.25450100 4521.52777992 0 27.95917029 0 677.25757048 0 -3.09017513 0 373.05541118 0 70099
0.25550000 0.25550100 4444.13222943 0 92.24375951 0 489.87065249 0 82.23094545 0 342.73052797 0 71064
0.25650000 0.25650300 4450.53203318 0 83.70721852 0 542.92701855 0 -86.35948321 0 319.44099995 0 71409
0.25750000 0.25750600 4384.15344589 0 73.34662274 0 503.74759718 0 -96.70657075 0 236.03649879 0 72612
0.25850000 0.25850600 4340.41776286 0 90.86503362 0 611.42374158 0 -103.39746592 0 204.17366966 0 71845
0.25950000 0.25949600 4301.65355367 0 78.33614448 0 573.75901424 0 -75.69306982 0 417.10444101 0 72816
0.26050000 0.26049800 4304.34412860 0 -7.04338263 0 650.23666900 0 -5.26661773 0 187.71908774 0 73743
0.26150000 0.26149900 4237.00224905 0 37.75817776 0 720.93678466 0 27.53997207 0 59.99505986 0 74662
0.26250000 0.26250300 4288.20067901 0 119.45156184 0 653.59822681 0 -73.93766344 0 -74.43237491 0 74931
0.26350000 0.26350100 4144.61477077 0 129.75103839 0 679.09225471 0 -31.45636409 0 138.94549692 0 75087
0.26450000 0.26450200 4077.77114584 0 96.59230436 0 609.78614474 0 -40.89629606 0 23.04305807 0 76678
0.26550000 0.26550600 4039.92593961 0 19.71814965 0 576.83379884 0 107.55434882 0 -56.46077378 0 76035
0.26650000 0.26650100 4053.72205633 0 25.45881790 0 581.58604066 0 -1.62229489 0 -148.01151648 0 77094
0.26750000 0.26750600 4029.89441332 0 79.14807805 0 540.59961588 0 -4.07989703 0 5.76325579 0 78463
0.26850000 0.26850100 3989.98975467 0 51.23829033 0 549.90811935 0 71.56298194 0 7.72544891 0 77076
0.26950000 0.26949700 3981.17618412 0 8.12462836 0 499.13375943 0 73.28971099 0 125.46051252 0 79149
0.27050000 0.27049900 4013.61809584 0 -40.35297708 0 578.15361996 0 114.51330497 0 117.18394972 0 79648
0.27150000 0.27150200 3985.50546312 0 62.47271398 0 533.80453013 0 45.18593614 0 68.92511127 0 80241
0.27250000 0.27250500 3932.41366562 0 140.70710380 0 591.81908325 0 9.85795652 0 138.78826990 0 80835
0.27350000 0.27350000 3879.18900021 0 111.43741314 0 604.18797731 0 -112.16707934 0 239.91070524 0 80680
0.27450000 0.27450400 3774.12371001 0 97.02179984 0 649.54686316 0 48.70604964 0 300.40103019 0 82617
0.27550000 0.27550800 3743.53087653 0 34.76732138 0 654.02894025 0 23.76774173 0 300.35674089 0 82548
0.27650000 0.27649900 3776.55962147 0 -14.19294885 0 546.96509541 0 162.69452642 0 174.86079693 0 81181
0.27750000 0.27748900 3765.74196012 0 6.91489937 0 476.13100462 0 108.90229365 0 307.19168700 0 84096
0.27850000 0.27849800 3822.22188902 0 13.17805955 0 394.35524244 0 73.79150875 0 228.28365695 0 85215
0.27950000 0.27950200 3754.56998438 0 48.22993968 0 319.63698010 0 70.70775557 0 311.57632763 0 84514
0.28050000 0.28050300 3748.52449503 0 84.25275197 0 318.64157810 0 27.99150148 0 169.11979651 0 85815
0.28150000 0.28150100 3702.34182821 0 21.18600775 0 192.38053649 0 -28.36674257 0 60.64888064 0 85485
0.28250000 0.28250000 3665.57063749 0 54.71965070 0 274.94686266 0 -56.10579504 0 -4.51319032 0 87220
0.28350000 0.28350400 3653.71217761 0 111.37208642 0 250.33640629 0 -58.65231903 0 71.18154035 0 87147
0.28450000 0.28449700 3592.96940365 0 35.60892879 0 200.50651568 0 24.09404314 0 109.21907286 0 87102
0.28550000 0.28549800 3580.92271425 0 10.41002264 0 220.04584728 0 63.09320707 0 84.62954318 0 88971
0.28650000 0.28649900 3621.19275961 0 12.18310044 0 120.52114842 0 115.27950985 0 83.09790849 0 89434
0.28750000 0.28750100 3581.32131794 0 39.57326396 0 211.86339924 0 106.35599111 0 34.43127632 0 89619
0.28850000 0.28849900 3553.12010663 0 68.34082469 0 176.83277798 0 -24.86777720 0 91.47478655 0 90240
0.28950000 0.28950100 3513.83549817 0 79.86921857 0 193.84761953 0 -80.12377132 0 165.53347050 0 91333
0.29050000 0.29050500 3484.90351342 0 58.88206977 0 221.69562368 0 -39.46353723 0 165.56004408 0 92139
0.29150000 0.29150600 3471.49492807 0 -14.13061166 0 248.57701388 0 21.21069904 0 96.60802706 0 92370
0.29250000 0.29250200 3511.48816531 0 11.77353515 0 247.05014028 0 6.50430435 0 78.35673900 0 91819
0.29350000 0.29349600 3482.13543222 0 76.97701660 0 193.77564942 0 -47.74818282 0 -18.34584572 0 93552
0.29450000 0.29450000 3427.20562879 0 92.85461967 0 197.49595056 0 -98.70844708 0 -113.53672592 0 94701
0.29550000 0.29550200 3398.70546471 0 70.12335826 0 200.49876505 0 -66.85801895 0 -36.84858627 0 95020
0.29650000 0.29650300 3382.13019445 0 0.68910053 0 219.82993695 0 65.22695478 0 -40.60033281 0 95151
0.29750000 0.29749800 3424.08323319 0 -14.03527894 0 166.50119169 0 62.42820324 0 -123.37005759 0 95802
0.29850000 0.29850000 3383.27064391 0 42.62712187 0 166.25649331 0 131.95553826 0 -112.43835130 0 97399
0.29950000 0.29950700 3407.51903526 0 56.63638085 0 46.37908986 0 121.25413632 0 -48.58347901 0 97881
0.30050000 0.30050300 3335.61535789 0 48.55679471 0 57.90117251 0 5.52939722 0 -19.82610482 0 97188
0.30150000 0.30149700 3330.32278663 0 83.77033077 0 21.63476908 0 -45.10721191 0 149.14310807 0 98263
0.30250000 0.30249700 3282.52356039 0 70.42928660 0 85.11019280 0 5.60326070 0 145.23236295 0 100050
0.30350000 0.30350600 3248.87476526 0 50.23126239 0 101.96171756 0 -50.32028388 0 205.55217410 0 100779
0.30450000 0.30450500 3230.59435699 0 50.19261997 0 153.11364375 0 -20.60149973 0 222.29352922 0 99982
0.30550000 0.30550300 3248.38758297 0 51.24006190 0 220.84416190 0 4.25606879 0 226.33935671 0 101559
0.30650000 0.30649700 3198.04172202 0 45.41203301 0 173.27191832 0 11.59803880 0 302.98420357 0 100935
0.30750000 0.30749800 3207.73000624 0 40.66433085 0 230.58670051 0 15.10907300 0 262.26905075 0 103762
0.30850000 0.30850200 3170.21696975 0 76.19752494 0 215.68335130 0 90.70813878 0 299.36466059 0 102951
0.30950000 0.30950100 3133.86652737 0 50.72298433 0 216.31779552 0 10.80311231 0 273.06456744 0 104394
0.31050000 0.31050000 3099.99628575 0 -3.82894279 0 85.70256218 0 129.33914790 0 317.94180717 0 103963
0.31150000 0.31149700 3171.68958895 0 -20.21164317 0 97.74692639 0 42.12576701 0 250.14264061 0 105936
0.31250000 0.31250000 3140.66493481 0 -3.49012965 0 -28.64986191 0 27.67439010 0 126.34629851 0 105717
0.31350000 0.31349800 3167.36030995 0 42.90182625 0 19.69168680 0 -35.79184359 0 138.45942186 0 106776
0.31450000 0.31450400 3132.79251186 0 55.31777769 0 -73.07977971 0 -22.76137813 0 125.59448765 0 108733
0.31550000 0.31549900 3152.01406775 0 33.15054051 0 -75.56728821 0 6.98877392 0 92.97663669 0 105891
0.31650000 0.31650000 3117.63449919 0 34.07840133 0 -54.84288568 0 52.29647241 0 131.44510408 0 111072
0.31750000 0.31750600 3119.50572208 0 38.02634946 0 -75.98648643 0 46.96492657 0 217.44938711 0 108121
0.31850000 0.31849900 3105.45494189 0 76.52792311 0 -178.95312818 0 113.58655138 0 273.78759026 0 110484
0.31950000 0.31950100 3055.55197393 0 30.98811547 0 -173.02943441 0 73.73725436 0 276.77711796 0 110817
0.32050000 0.32049800 3036.59615384 0 28.20685820 0 -171.57342369 0 47.64222068 0 287.18621052 0 111088
0.32150000 0.32149900 3025.18058695 0 68.75083288 0 -192.50676099 0 -39.91152349 0 250.24672046 0 112635
0.32250000 0.32250100 2986.19493126 0 48.47076274 0 -153.46795815 0 -81.03635233 0 214.89610901 0 113202
0.32350000 0.32350400 2936.79021792 0 58.62430605 0 -146.51343093 0 -59.74582183 0 258.54764238 0 113863
0.32450000 0.32450300 2989.10695269 0 34.30272663 0 -81.26687813 0 -83.94173036 0 241.55162378 0 114045
0.32550000 0.32549900 2937.70922088 0 47.68285611 0 -95.66643656 0 -0.96748646 0 172.89545928 0 114828
0.32650000 0.32650300 2966.20938497 0 52.27764946 0 -14.96845448 0 8.77117462 0 232.57861175 0 116431
0.32750000 0.32750400 2906.13095050 0 29.45858452 0 -66.16356274 0 -41.75716931 0 246.65596552 0 116442
0.32850000 0.32850400 2958.08229855 0 25.73241505 0 -20.74466489 0 -17.05315179 0 172.96742939 0 116955
0.32950000 0.32949800 2921.06751668 0 18.58976903 0 33.91353441 0 34.09744573 0 245.03719163 0 117028
0.33050000 0.33049700 2926.51510049 0 49.20939753 0 -23.30226120 0 -26.77919264 0 205.25100686 0 119061
0.33150000 0.33150100 2917.08147975 0 58.01765337 0 -48.16173416 0 43.03801585 0 205.61528635 0 120060
0.33250000 0.33250400 2877.84116059 0 64.59516793 0 -55.22443799 0 15.67962990 0 183.18054180 0 119737
0.33350000 0.33350100 2840.01809901 0 73.17854485 0 -55.80440636 0 5.99102459 0 222.54376376 0 120531
0.33450000 0.33450000 2799.05049718 0 62.33984609 0 -83.02903863 0 -24.76026493 0 149.84287900 0 121704
0.33550000 0.33550300 2765.11382161 0 44.73518180 0 -147.53319205 0 63.18566098 0 213.59400361 0 122761
0.33650000 0.33650300 2734.07809514 0 29.05267309 0 -109.38405050 0 21.94512634 0 184.44721576 0 122472
0.33750000 0.33749900 2744.28677863 0 38.62226199 0 -146.95410946 0 9.48073349 0 116.06453768 0 122985
0.33850000 0.33849800 2713.60536655 0 47.27262647 0 -90.89891494 0 -53.15169878 0 170.25249534 0 125380
0.33950000 0.33950300 2695.64605570 0 48.66408553 0 -118.91898302 0 -59.83130018 0 166.18563044 0 125223
0.34050000 0.34050000 2650.95815273 0 64.22402360 0 -94.80966006 0 42.29772021 0 269.10510409 0 125178
0.34150000 0.34149900 2661.58758456 0 25.60187234 0 -82.00053037 0 44.14425182 0 224.92209913 0 127059
0.34250000 0.34250300 2669.65930935 0 27.21289560 0 -77.66139700 0 32.30671863 0 309.92544400 0 127957
0.34350000 0.34349800 2664.59925691 0 44.62966254 0 -40.27879250 0 -3.65788644 0 278.17998151 0 126732
0.34450000 0.34449700 2629.31175771 0 76.45152407 0 -31.36867127 0 -45.34582051 0 336.64960718 0 129639
0.34550000 0.34550000 2615.24990519 0 45.99056198 0 -46.00318443 0 8.59668586 0 343.56205957 0 129826
0.34650000 0.34650400 2621.10716502 0 7.88057218 0 -20.06703861 0 -18.79449632 0 340.02445179 0 130875
0.34750000 0.34750200 2615.85888305 0 33.91331296 0 -6.37564393 0 -2.68276894 0 250.86455618 0 130686
0.34850000 0.34850200 2603.33608368 0 41.26533664 0 -34.21503382 0 -27.00628602 0 189.18395632 0 132211
0.34950000 0.34950400 2580.79283035 0 34.40558853 0 -54.35880363 0 38.62248343 0 308.75288480 0 132768
0.35050000 0.35050300 2581.78933959 0 39.40507535 0 -78.51141938 0 55.41454981 0 219.58080964 0 132957
0.35150000 0.35150100 2598.76321353 0 7.06406573 0 -162.29481549 0 139.10715286 0 273.25058250 0 133987
0.35250000 0.35249800 2590.14894483 0 15.29265215 0 -190.04649042 0 89.31413309 0 263.08508109 0 134778
0.35350000 0.35349800 2571.52529448 0 46.54794281 0 -263.08175939 0 30.90573737 0 242.31450696 0 135699
0.35450000 0.35450100 2551.30722936 0 58.15483948 0 -262.28012307 0 -41.57812982 0 245.00065296 0 137380
0.35550000 0.35550100 2533.81295615 0 67.45404220 0 -309.76600252 0 -20.56307876 0 203.42960943 0 136161
0.35650000 0.35649900 2468.53052902 0 64.17541610 0 -291.12131476 0 -33.55611977 0 266.45106783 0 138792
0.35750000 0.35750000 2480.61043540 0 44.99062033 0 -282.00325527 0 52.18475266 0 179.54771203 0 138097
0.35850000 0.35849800 2456.41740567 0 2.18490186 0 -353.88921692 0 42.00928615 0 213.91399380 0 140028
0.35950000 0.35950300 2475.34000878 0 10.79145315 0 -406.09744291 0 56.83269317 0 129.24281868 0 141099
0.36050000 0.36050500 2497.55109237 0 31.32670716 0 -378.24722429 0 -17.95410686 0 171.02977254 0 140821
0.36150000 0.36150200 2473.65701541 0 42.89584720 0 -367.10071490 0 -35.68732085 0 137.69764591 0 141756
0.36250000 0.36250400 2454.66797834 0 53.62315837 0 -392.91584021 0 -44.35396165 0 175.35462262 0 142971
0.36350000 0.36349900 2433.42018702 0 54.32027194 0 -372.05225856 0 -42.22630371 0 122.19085500 0 142270
0.36450000 0.36450000 2417.56461788 0 54.90555503 0 -313.94469791 0 -68.00998363 0 83.77885646 0 145311
0.36550000 0.36550300 2389.90595048 0 68.48631504 0 -237.50358182 0 -74.05026898 0 79.46175702 0 145434
0.36650000 0.36650100 2359.72279303 0 99.00297092 0 -213.19761438 0 -94.61666944 0 68.14373731 0 144547
0.36750000 0.36749600 2310.55059851 0 81.46075454 0 -163.10973860 0 -50.79882976 0 191.38845619 0 146892
0.36850000 0.36849900 2259.98329106 0 69.35914641 0 -120.13915321 0 3.22822488 0 146.42928126 0 148113
0.36950000 0.36949900 2268.21002840 0 5.13831163 0 -91.97603070 0 66.40416436 0 177.81932212 0 147387
0.37050000 0.37049800 2243.57410568 0 12.51128415 0 -131.42406667 0 79.91793680 0 166.45579516 0 149758
0.37150000 0.37150100 2265.02119885 0 21.66366785 0 -152.55670582 0 40.31344888 0 214.48532576 0 150099
0.37250000 0.37250000 2285.56036139 0 2.91484487 0 -219.38704396 0 42.21467777 0 261.03005760 0 150468
0.37350000 0.37349800 2310.79418965 0 15.30051350 0 -215.90036887 0 36.27769721 0 303.33962520 0 150709
0.37450000 0.37449700 2321.74471890 0 -2.00565199 0 -268.98552298 0 77.72484142 0 278.69705908 0 153108
0.37550000 0.37550100 2335.06472565 0 37.46620055 0 -257.80690384 0 11.58441984 0 258.10696385 0 153189
0.37650000 0.37649900 2305.40196746 0 59.51529603 0 -294.05880253 0 -25.58448879 0 293.20512629 0 153547
0.37750000 0.37749900 2280.12384990 0 85.10011698 0 -247.63365180 0 -15.32243670 0 303.66404431 0 155424
0.37850000 0.37850200 2236.63175802 0 84.85763307 0 -282.12172915 0 -15.73953118 0 335.78375138 0 155313
0.37950000 0.37949900 2168.80269618 0 64.20254329 0 -265.03491749 0 7.73185978 0 272.58402855 0 156100
0.38050000 0.38050000 2162.58004963 0 52.30056917 0 -273.94371004 0 -25.93160617 0 232.66719034 0 157557
0.38150000 0.38149800 2141.07759483 0 49.18315612 0 -225.99279294 0 -48.71612546 0 178.34082862 0 157692
0.38250000 0.38250100 2097.23118855 0 50.70859031 0 -271.68717024 0 -72.66346030 0 198.33634001 0 159703
0.38350000 0.38350500 2128.59908476 0 19.60831219 0 -268.01115840 0 -52.57970248 0 218.09158195 0 160338
0.38450000 0.38450600 2136.59330328 0 -13.44401679 0 -216.59571087 0 -6.46755530 0 166.76249856 0 160167
0.38550000 0.38550000 2170.18673678 0 21.12621720 0 -200.54859051 0 35.13315099 0 133.10041664 0 160033
0.38650000 0.38649600 2147.49954323 0 36.38177706 0 -212.90419778 0 5.34892940 0 128.17544657 0 162444
0.38750000 0.38750200 2154.65226506 0 44.95673901 0 -208.92037531 0 41.52387543 0 173.70152452 0 164307
0.38850000 0.38850400 2138.37594758 0 39.30055260 0 -208.92812593 0 20.44670863 0 189.79736311 0 163882
0.38950000 0.38950500 2105.19219009 0 57.81680140 0 -250.24561323 0 41.33631025 0 263.07290153 0 164595
0.39050000 0.39050100 2092.47008888 0 48.33424098 0 -277.48685398 0 56.92193611 0 283.62535086 0 165006
0.39150000 0.39150100 2078.20893451 0 12.46245520 0 -339.86058138 0 60.37805158 0 261.57924491 0 166687
0.39250000 0.39250100 2063.60453808 0 32.13985870 0 -342.50022362 0 39.94407612 0 265.84319720 0 167256
0.39350000 0.39350100 2075.54050423 0 52.47429395 0 -390.14554454 0 -5.14938396 0 211.38950374 0 167937
0.39450000 0.39449600 2030.99654148 0 48.83005968 0 -421.80132120 0 -32.58629483 0 205.89541617 0 167719
0.39550000 0.39549700 2009.28371251 0 43.93155246 0 -468.18550433 0 7.27900170 0 236.50707259 0 171636
0.39650000 0.39650400 2008.22076933 0 33.80458273 0 -475.50209657 0 19.65658753 0 227.55066905 0 171093
0.39750000 0.39750000 1994.92290723 0 38.22697999 0 -464.10203094 0 47.54301265 0 200.32825125 0 170464
0.39850000 0.39849800 1992.02195812 0 31.66507741 0 -504.51048036 0 37.19315702 0 141.16881974 0 172113
0.39950000 0.39949500 1968.30503836 0 43.78894092 0 -494.13903370 0 -22.35203428 0 141.36812159 0 173232
