### header ###
fiducial parameters:
Omega_m = 0.31
Omega_nu = 0
Omega_de = 0.69
Omega_k = 0
H_0 = 100
w_de = -1
zeff = 0
beta = 0
fgrowth = 0
b_1 = 2
gamma = 0.55
Lx = 3500 Ly = 3500 Lz = 3500
nx = 700 ny = 700 nz = 700
xoffset = -685.467585 yoffset = -31.7331281 zoffset = 572.489161
bins = 400 dk = 0.001
kx_ny = 0.628318531 ky_ny = 0.628318531 kz_ny = 0.628318531
############################
A(data) = 8.01471759 (not used)
A(ran) = 8.00813486 (used)
Ngal = 475888
weighted Ngal = 0
Nran = 23820508
weighted Nran = 0
SN(data) = 3496.35156
SN(ran) = 69.7537589
SN(data+ran) = 3566.10532
############################
13 columns: k_central k_mean P_0(k) sigma^{lin}_{P_0(k)} P^img_1(k) sigma^{lin}_{P_1(k)} P_2(k) sigma^{lin}_{P_2(k)} P^img_3(k) sigma^{lin}_{P_3(k)} P_4(k) sigma^{lin}_{P_4(k)} N_modes
### header ###
0.00050000 0 0 0 0 0 0 0 0 0 0 0 0
0.00150000 0.00179520 34080.61579179 0 -21212.91350380 0 4270.14171723 0 45857.80480839 0 -126090.52780226 0 3
0.00250000 0.00253879 67782.22590504 0 -25959.50843031 0 25308.89862397 0 3305.49863438 0 91225.65924356 0 6
0.00350000 0.00331552 66189.02908689 0 -1525.76636001 0 31247.09714745 0 -76485.18393575 0 55093.78455587 0 7
0.00450000 0.00420575 67231.82063831 0 21366.15447929 0 41377.94218677 0 -12334.56984797 0 59875.03585906 0 24
0.00550000 0.00557378 62876.18950115 0 -1998.98645043 0 60446.36781970 0 38743.94683566 0 10094.66068181 0 45
0.00650000 0.00659388 65310.21866603 0 -9606.29365103 0 88972.10897323 0 48951.74453247 0 18841.33225090 0 40
0.00750000 0.00754703 73217.18726553 0 10642.10963782 0 67393.36585741 0 54427.00915529 0 -5454.57044773 0 57
0.00850000 0.00846663 80965.04655737 0 17998.61760895 0 70793.34463948 0 24413.92260887 0 25268.48463838 0 75
0.00950000 0.00948925 73980.07044553 0 -5331.63442527 0 57965.72416733 0 22141.54938634 0 11845.17309099 0 112
0.01050000 0.01054430 70682.62139129 0 -2366.37726024 0 63990.17610115 0 24715.31129044 0 15274.71498032 0 105
0.01150000 0.01145670 90935.12144032 0 -6686.56588566 0 58744.66221832 0 41777.65311272 0 -14007.26595832 0 144
0.01250000 0.01249090 83379.14553758 0 -2897.67169434 0 49486.98071420 0 15359.30754193 0 -4979.63414696 0 169
0.01350000 0.01339930 95897.51597754 0 3830.69221751 0 47186.04089364 0 23650.26436613 0 -10036.88529091 0 180
0.01450000 0.01448870 83203.98135895 0 4043.32514332 0 39029.16992299 0 -1430.28970310 0 6000.71286941 0 267
0.01550000 0.01550050 87256.56296582 0 11694.92164320 0 39833.46359782 0 8911.69349819 0 652.25072488 0 238
0.01650000 0.01653350 72942.48288677 0 522.57165661 0 24859.03006658 0 9338.87486201 0 26667.58360246 0 315
0.01750000 0.01747870 75742.12021717 0 2619.56811187 0 24757.60757124 0 22617.88080004 0 18977.41112292 0 297
0.01850000 0.01844180 81380.59090782 0 -9094.55294257 0 18480.37446181 0 23413.31661501 0 20863.24948603 0 388
0.01950000 0.01947590 82657.89429890 0 -1328.11428967 0 13026.36870264 0 11175.51888596 0 21648.49876217 0 399
0.02050000 0.02045430 81496.96104166 0 4275.50072245 0 3055.24194883 0 3373.59343202 0 21267.94295815 0 462
0.02150000 0.02154770 78196.85462946 0 4857.82750163 0 15190.89748144 0 -8651.18383985 0 17169.18975679 0 571
0.02250000 0.02255340 73216.19075629 0 7098.32350101 0 18967.88892357 0 -5991.81072026 0 21346.11357137 0 510
0.02350000 0.02348930 68992.32028447 0 -1856.85101674 0 18875.87790433 0 4665.51229186 0 23358.84077691 0 555
0.02450000 0.02439640 70833.98007156 0 -2167.65117440 0 19722.02496697 0 1426.40331709 0 1292.26210191 0 592
0.02550000 0.02547300 75983.49689822 0 -396.42244548 0 24404.40040953 0 740.57798166 0 -761.49692494 0 837
0.02650000 0.02652900 71064.17370454 0 4944.61238356 0 24002.47501861 0 -3051.11197168 0 9317.33919024 0 723
0.02750000 0.02749970 62686.52057701 0 14865.48185502 0 15341.70254547 0 -8548.27765299 0 104.55419169 0 826
0.02850000 0.02848090 58862.69320089 0 4914.97177002 0 24426.76650566 0 -2570.68379779 0 674.94456183 0 831
0.02950000 0.02946900 55569.67307657 0 -628.28689228 0 33470.19852454 0 -3298.95489042 0 -7936.60921303 0 996
0.03050000 0.03053250 53924.98994801 0 2547.56478357 0 38186.23383455 0 -4917.58483868 0 -6295.91212140 0 1041
0.03150000 0.03150510 53157.89928458 0 4709.97874833 0 37279.63187840 0 8828.05315651 0 -11089.04402912 0 1036
0.03250000 0.03246190 48976.21437032 0 -108.75159931 0 32718.83056235 0 1951.91799763 0 454.21887380 0 1059
0.03350000 0.03345080 51546.54385372 0 -130.76194164 0 40313.89177170 0 8635.64936813 0 1562.92508210 0 1302
0.03450000 0.03451200 51174.51373981 0 48.52922462 0 32000.79029786 0 8581.62749534 0 -253.80979459 0 1339
0.03550000 0.03553350 50158.29576796 0 395.40046990 0 30308.60689583 0 6816.83178715 0 5422.98110503 0 1365
0.03650000 0.03647120 48298.36664492 0 629.39412476 0 30794.01761587 0 3023.65260613 0 4319.51321360 0 1308
0.03750000 0.03744890 49859.67516760 0 1493.28015899 0 22032.48698688 0 1030.67732084 0 -1234.74137448 0 1579
0.03850000 0.03847530 47781.51052239 0 -631.01179141 0 19225.98481510 0 1870.55855486 0 -389.64064653 0 1662
0.03950000 0.03950240 51215.37061839 0 -1874.64424272 0 17783.92523072 0 2373.44140348 0 -8976.32265815 0 1683
0.04050000 0.04050350 49435.49440380 0 -462.85639439 0 16750.76660189 0 -1091.98478336 0 -6379.60782471 0 1822
0.04150000 0.04152450 51800.10009207 0 1371.90533433 0 15844.93970848 0 274.29138103 0 -13443.13100881 0 1887
0.04250000 0.04250150 50454.36973361 0 1080.30015898 0 17560.37499263 0 -686.81963020 0 -3008.77140157 0 1920
0.04350000 0.04349210 49541.78872205 0 2417.46496695 0 18302.66364847 0 -754.67083669 0 -5925.06674625 0 2005
0.04450000 0.04448520 48434.99913318 0 2723.34901239 0 25061.43216427 0 221.27155364 0 549.00904658 0 2151
0.04550000 0.04548030 45162.90570278 0 3579.28401017 0 27183.55393901 0 -217.39845442 0 -960.25069159 0 2274
0.04650000 0.04648670 42891.19681973 0 3408.71484634 0 27584.15065095 0 1058.73680639 0 3913.08138648 0 2311
0.04750000 0.04749250 40006.41331148 0 1767.18733036 0 27170.59931897 0 5419.54868433 0 2024.34207427 0 2568
0.04850000 0.04851840 40268.05234695 0 -1790.29527225 0 22446.70265835 0 5829.90011444 0 1640.88532115 0 2493
0.04950000 0.04949480 40257.64436162 0 -2036.34447437 0 19800.74919643 0 6267.75519939 0 -627.28484688 0 2644
0.05050000 0.05050630 40802.18129620 0 -722.06505456 0 15948.90883852 0 1704.10829586 0 -490.73207936 0 2829
0.05150000 0.05149060 41802.78729006 0 1055.16930333 0 14949.07790740 0 4827.13501724 0 2113.40785511 0 2784
0.05250000 0.05249300 38872.71797330 0 1150.68028445 0 9601.13394767 0 1693.27956219 0 -1319.16785122 0 3055
0.05350000 0.05348950 39090.51060249 0 2391.82146267 0 10628.43531667 0 510.49285746 0 978.57538917 0 3009
0.05450000 0.05448610 36900.18330686 0 1871.93152314 0 14034.94677037 0 -1594.12689344 0 281.35995320 0 3336
0.05550000 0.05550870 35991.14543925 0 852.03643221 0 14389.70405756 0 -1841.62657011 0 2158.30613225 0 3349
0.05650000 0.05647670 35798.92988040 0 796.97708259 0 17358.19434144 0 -530.78621439 0 3793.07953010 0 3324
0.05750000 0.05747970 35639.37767976 0 414.63752704 0 16828.82649186 0 482.11338172 0 1856.97281231 0 3639
0.05850000 0.05849280 35264.91165440 0 287.18731775 0 17627.58400428 0 -251.20115486 0 2137.94412691 0 3846
0.05950000 0.05951020 35201.91012618 0 552.84117820 0 17787.46837466 0 1432.43773411 0 2146.14871960 0 3787
0.06050000 0.06049470 34120.03326815 0 310.35505020 0 14771.69926380 0 3694.66870711 0 3965.69707402 0 3930
0.06150000 0.06148310 34712.95626219 0 -1049.08616808 0 13143.62462247 0 6149.18167291 0 1593.98295322 0 4083
0.06250000 0.06249100 34811.05706008 0 -510.01342580 0 11720.38799028 0 3619.31046439 0 1400.95911465 0 4303
0.06350000 0.06350600 33740.58469661 0 961.69562998 0 8904.17538963 0 155.33807381 0 508.95712601 0 4470
0.06450000 0.06451750 33334.34109902 0 1630.92022881 0 9001.55648641 0 -928.10108925 0 3136.29136651 0 4479
0.06550000 0.06550280 32289.11363614 0 1067.25806757 0 9128.27924396 0 -1943.87948981 0 2024.28671264 0 4636
0.06650000 0.06648880 30687.28040462 0 949.80284590 0 9427.13236314 0 249.91565795 0 1364.08827301 0 4653
0.06750000 0.06749660 30093.36090135 0 1088.61658215 0 9238.39351428 0 318.21972252 0 -302.45716091 0 5220
0.06850000 0.06852730 29855.41664100 0 330.50446691 0 9038.88129338 0 1689.12744038 0 1297.79826432 0 5029
0.06950000 0.06949320 29084.78283362 0 470.13423350 0 7978.40723922 0 2633.45280719 0 3221.14966392 0 5040
0.07050000 0.07048030 28599.26139032 0 736.39485734 0 7278.95740810 0 3937.04189739 0 4774.75184852 0 5475
0.07150000 0.07148790 28686.95420289 0 7.32783065 0 7219.80904892 0 1829.66845931 0 4935.10125654 0 5509
0.07250000 0.07249820 27612.16363274 0 630.92432005 0 7095.85437258 0 436.89843609 0 4744.51332944 0 5916
0.07350000 0.07351270 28003.79176158 0 1000.49748508 0 8212.21045009 0 -1776.98633782 0 4669.63119669 0 5721
0.07450000 0.07449140 26535.26932088 0 763.80993359 0 9692.98995436 0 -2278.95018347 0 4342.74295107 0 6028
0.07550000 0.07549160 26342.27869929 0 1425.55074808 0 10985.09704373 0 -2841.84503260 0 5136.79472544 0 6183
0.07650000 0.07648840 25269.37042436 0 963.65543148 0 11386.11450401 0 -961.15862223 0 4045.89392268 0 6330
0.07750000 0.07749960 25244.56841677 0 303.18461265 0 11143.63059048 0 1393.25277658 0 3185.35283778 0 6583
0.07850000 0.07848650 24211.74195769 0 461.93960590 0 10281.01898083 0 1791.63502355 0 1199.22135646 0 6549
0.07950000 0.07947320 23836.50086958 0 683.43482050 0 9797.28018183 0 1875.96184937 0 2199.84949497 0 6828
0.08050000 0.08048110 23395.49017206 0 118.16717216 0 9445.53456699 0 839.38519387 0 105.34896317 0 7147
0.08150000 0.08149960 23075.38926155 0 100.68629646 0 8173.55696415 0 -264.46690722 0 643.52794739 0 7386
0.08250000 0.08250610 22960.56925318 0 492.93768646 0 8613.56008012 0 -256.04418973 0 1366.70134166 0 7227
0.08350000 0.08350160 23011.61267059 0 -15.29973843 0 8052.65824946 0 152.18356847 0 1839.95464906 0 7798
0.08450000 0.08449610 22640.80051242 0 132.61877052 0 8667.59302523 0 1258.08183519 0 1847.28452809 0 7371
0.08550000 0.08548940 22799.79909681 0 557.91451743 0 8623.76876360 0 1366.63490772 0 2023.03553994 0 8256
0.08650000 0.08650700 22265.67014756 0 387.59005197 0 8560.26898077 0 1245.61439745 0 1972.73396829 0 8037
0.08750000 0.08749060 21674.51872549 0 1109.36944055 0 8190.11008975 0 111.74300930 0 4857.77214001 0 8155
0.08850000 0.08849210 20934.77670436 0 393.40855867 0 7730.28751236 0 887.98162750 0 2599.72650579 0 8718
0.08950000 0.08949900 20841.43700614 0 -6.03088495 0 7912.43832795 0 -164.85252253 0 3828.64383742 0 8571
0.09050000 0.09049190 20425.56048595 0 283.58549049 0 8239.78053889 0 626.07242731 0 3648.15387055 0 8932
0.09150000 0.09150830 20601.83189706 0 679.77652438 0 7833.43729037 0 81.45986875 0 2778.76599811 0 9285
0.09250000 0.09250820 19711.17408865 0 409.83103084 0 8178.39557010 0 513.44695372 0 3486.78580864 0 9204
0.09350000 0.09350330 19285.00030638 0 790.67471530 0 8249.53525706 0 349.35731438 0 2855.41970283 0 9349
0.09450000 0.09448040 18794.82848666 0 487.04610243 0 8172.59367189 0 747.39078312 0 4088.90990460 0 9564
0.09550000 0.09549270 18289.15541219 0 52.86702931 0 8019.79558939 0 89.67841257 0 3130.94343362 0 10155
0.09650000 0.09649430 18488.23581243 0 376.06597630 0 8066.54294478 0 380.21588364 0 3308.25564326 0 9913
0.09750000 0.09749140 18036.48495983 0 140.21106364 0 7419.63129492 0 -260.32475051 0 2432.92193240 0 10476
0.09850000 0.09850240 18142.66855484 0 76.02247148 0 7210.44186213 0 620.80975133 0 2817.12053128 0 10575
0.09950000 0.09950330 17849.14122390 0 -184.17262210 0 6878.21675594 0 700.80397644 0 1954.24318584 0 10882
0.10050000 0.10051200 18062.94781615 0 93.93151398 0 6335.87214167 0 758.45757177 0 1212.23133812 0 10875
0.10150000 0.10150300 17820.90679561 0 342.37621358 0 5920.80390120 0 426.21474987 0 1054.68101381 0 11118
0.10250000 0.10250800 17498.03780390 0 462.62609004 0 5775.19175751 0 634.88046171 0 1996.71662385 0 11575
0.10350000 0.10349800 16963.35523841 0 494.72918862 0 4967.00062435 0 634.26816214 0 2430.74068441 0 11364
0.10450000 0.10450100 16481.48766230 0 270.85010248 0 4869.25414085 0 1120.34211445 0 2120.00696070 0 12093
0.10550000 0.10551000 16341.31203010 0 161.56514929 0 4761.93009638 0 1120.78500744 0 2485.89193433 0 12067
0.10650000 0.10649700 16105.47151146 0 400.72293644 0 3868.43777281 0 697.20325641 0 1848.46926685 0 12054
0.10750000 0.10749900 15645.08424550 0 234.05787434 0 3955.30016102 0 377.08241572 0 2212.15084784 0 12807
0.10850000 0.10850100 15395.62476733 0 205.47466782 0 3325.32916813 0 86.90833835 0 1864.62378876 0 12736
0.10950000 0.10950300 15287.33743061 0 -41.88084718 0 3651.57521892 0 -177.55247909 0 1420.11423659 0 12933
0.11050000 0.11050200 15559.49517465 0 180.56968761 0 3884.61443937 0 -530.31564058 0 1170.27829938 0 13428
0.11150000 0.11150900 15279.47607999 0 290.19899010 0 4120.58782591 0 -704.93727530 0 765.55936091 0 13453
0.11250000 0.11250000 14915.08587021 0 188.46646967 0 4169.56071858 0 -729.16684370 0 663.12374785 0 13668
0.11350000 0.11349100 14983.95573058 0 165.65305161 0 4762.63872517 0 -434.16800079 0 355.77261938 0 13791
0.11450000 0.11448600 14809.78806118 0 435.13793644 0 5361.64042553 0 243.03974423 0 185.34185960 0 14205
0.11550000 0.11549300 14584.90914411 0 158.54904801 0 4794.17270625 0 229.14951275 0 285.52536180 0 14776
0.11650000 0.11649800 14577.60140973 0 75.06637623 0 4743.08499954 0 366.26475437 0 427.07617674 0 14553
0.11750000 0.11747300 14790.19004625 0 -95.55615620 0 4759.06236425 0 73.87975518 0 304.49779037 0 14568
0.11850000 0.11849100 14704.26880566 0 40.02047516 0 5323.15302446 0 236.32991539 0 594.96030181 0 16015
0.11950000 0.11950300 14635.39894529 0 325.68911284 0 4809.46358683 0 -133.26650152 0 959.77236716 0 15270
0.12050000 0.12050700 14418.71354859 0 360.00889085 0 5645.37982133 0 222.00675601 0 815.47007950 0 15999
0.12150000 0.12150000 14139.46951666 0 282.60005358 0 4724.89316986 0 462.01268324 0 893.13358024 0 15670
0.12250000 0.12250700 13768.87880498 0 221.17854611 0 4720.90713293 0 656.40173946 0 988.43861612 0 16887
0.12350000 0.12352200 13785.04439921 0 -36.81105109 0 4252.93532447 0 632.46669490 0 1142.16566667 0 16407
0.12450000 0.12449800 13883.80953660 0 -202.00017229 0 4125.72538462 0 246.46441430 0 755.49129596 0 16306
0.12550000 0.12549900 13725.58601494 0 232.46013787 0 3585.86097112 0 58.47361171 0 699.92594109 0 17523
0.12650000 0.12650100 13504.36096506 0 334.02878790 0 3683.70710554 0 -253.59388425 0 465.44842563 0 17154
0.12750000 0.12750600 13355.54891950 0 309.86233175 0 4114.09944357 0 -531.17596022 0 569.68439871 0 18007
0.12850000 0.12850300 12849.32222879 0 554.46216655 0 4190.70885899 0 -86.18321180 0 958.72603247 0 17496
0.12950000 0.12949900 12797.17157890 0 430.02695131 0 4731.30404593 0 240.79870569 0 871.27348935 0 18405
0.13050000 0.13049000 12412.07612170 0 8.77286869 0 4621.37800513 0 295.79383583 0 1552.09634843 0 18100
0.13150000 0.13148800 12491.57541390 0 54.27764349 0 4525.74633567 0 492.38628469 0 1212.71852041 0 19059
0.13250000 0.13249300 12593.44080223 0 -21.75069632 0 4610.08423382 0 465.65769257 0 1476.51665922 0 18957
0.13350000 0.13349100 12232.26156665 0 167.87305274 0 4220.54877437 0 166.60084262 0 1146.26242685 0 19468
0.13450000 0.13450700 12297.47755983 0 248.29909852 0 3953.49537207 0 282.71742022 0 1149.67270289 0 19953
0.13550000 0.13551000 12104.15476850 0 46.21167631 0 3869.56714995 0 62.10965245 0 858.22586179 0 19956
0.13650000 0.13649900 11970.40108469 0 96.14420737 0 3396.00381745 0 147.15008961 0 263.74831334 0 19723
0.13750000 0.13749600 11869.42148234 0 233.93940047 0 3197.93099877 0 307.58475453 0 369.21442171 0 20946
0.13850000 0.13851100 11725.70270619 0 121.87197205 0 2931.15440459 0 -48.78577038 0 -271.42807784 0 20955
0.13950000 0.13949800 11580.32308133 0 130.86048533 0 2946.33456192 0 -55.62647410 0 140.21217088 0 20506
0.14050000 0.14048300 11397.40827532 0 243.82034313 0 3162.99781397 0 52.70183023 0 46.32992874 0 21447
0.14150000 0.14148400 11313.70149969 0 134.72029777 0 3126.58093764 0 295.62775096 0 599.76015461 0 21771
0.14250000 0.14249400 11178.06552066 0 139.41939242 0 3032.15615159 0 487.14686058 0 -131.30227109 0 22470
0.14350000 0.14350900 11211.83611136 0 11.75327279 0 2787.29168822 0 249.19042067 0 -0.57927968 0 22519
0.14450000 0.14449900 10910.46957445 0 100.71752042 0 2973.91572304 0 52.90556100 0 516.37115471 0 22218
0.14550000 0.14550500 10888.07026134 0 216.50934674 0 2820.65260290 0 86.18930158 0 653.41885515 0 23559
0.14650000 0.14650700 10651.69827111 0 328.22688969 0 2781.20190957 0 531.80708274 0 904.48824934 0 23044
0.14750000 0.14750500 10329.32753402 0 361.51915596 0 2644.04902204 0 128.93168635 0 861.11241687 0 23649
0.14850000 0.14849900 9976.04286603 0 256.36528715 0 2242.23435437 0 134.49663680 0 606.78665194 0 23640
0.14950000 0.14949500 9852.90754172 0 209.08424571 0 2437.92662322 0 74.24580624 0 346.67006114 0 24457
0.15050000 0.15050000 9648.29097907 0 202.85717023 0 2433.64163351 0 -166.10701693 0 776.80773570 0 24591
0.15150000 0.15149900 9589.12047524 0 2.69201433 0 2378.94434891 0 -200.70471029 0 251.67505036 0 25020
0.15250000 0.15250500 9645.50075322 0 -60.23233978 0 2380.91522273 0 -50.17313268 0 196.65888280 0 25297
0.15350000 0.15350100 9660.19372825 0 67.49401329 0 2461.85391715 0 -203.46061194 0 -308.81488982 0 25452
0.15450000 0.15450400 9574.05104116 0 40.80262419 0 2329.11888723 0 32.06279532 0 -314.85927194 0 26061
0.15550000 0.15549900 9578.03707810 0 50.99314906 0 2359.13595981 0 80.25686066 0 -239.53203173 0 26128
0.15650000 0.15649500 9650.14005732 0 -24.03801718 0 2563.06603832 0 41.37727785 0 -527.76457695 0 26331
0.15750000 0.15749700 9539.23965193 0 221.24830176 0 2373.50783742 0 133.80350927 0 -680.71435029 0 27345
0.15850000 0.15849900 9253.57367161 0 409.73580884 0 2468.44195042 0 -173.60962423 0 -383.94393541 0 26980
0.15950000 0.15949700 9207.94462103 0 129.06787595 0 2380.94843970 0 38.14537696 0 -153.72262162 0 27777
0.16050000 0.16050000 9080.24749890 0 -79.01299569 0 2518.82102834 0 120.60751255 0 -176.77741636 0 28224
0.16150000 0.16150500 9174.21831964 0 2.29548116 0 2477.84235419 0 248.33674443 0 -269.54910432 0 28075
0.16250000 0.16249700 9105.93529248 0 112.60665064 0 2659.17381775 0 -305.85747186 0 -200.78885996 0 28590
0.16350000 0.16349900 9082.27373434 0 192.30081575 0 2915.68636682 0 -103.14169521 0 71.46244523 0 29163
0.16450000 0.16449100 8883.63622709 0 225.67169552 0 2999.61458894 0 -28.11506863 0 164.14057204 0 28996
0.16550000 0.16550500 8918.14866355 0 141.24964771 0 3259.96923473 0 54.69352001 0 352.14311130 0 30777
0.16650000 0.16650700 8722.84392608 0 62.36664111 0 3180.19313441 0 335.63870393 0 288.70865518 0 29211
0.16750000 0.16749900 8600.83797890 0 318.45556304 0 2985.58595340 0 131.12511390 0 583.04315860 0 30922
0.16850000 0.16850800 8442.74732514 0 167.51984558 0 2825.07046050 0 258.68936813 0 405.16293869 0 30867
0.16950000 0.16949900 8373.03596808 0 -52.83204077 0 2690.25383351 0 191.55232660 0 334.31666834 0 30852
0.17050000 0.17049200 8320.40920822 0 14.01036621 0 2575.02414912 0 88.23535648 0 211.60762854 0 31257
0.17150000 0.17149500 8357.39077311 0 46.78367261 0 2417.17708651 0 -15.21337430 0 142.65694020 0 32608
0.17250000 0.17250900 8186.32335467 0 84.95329796 0 2430.13170655 0 142.17750853 0 80.85432331 0 32361
0.17350000 0.17350400 8258.81386525 0 145.63982450 0 2359.89995022 0 89.58097612 0 -18.67148279 0 32508
0.17450000 0.17449800 8050.67630331 0 151.87797230 0 2215.58326854 0 291.30843705 0 175.04349029 0 32791
0.17550000 0.17549800 8040.82193422 0 -41.65995430 0 2093.36694719 0 329.89770351 0 289.40842611 0 33633
0.17650000 0.17650100 8038.51889066 0 -30.52761748 0 1913.72954933 0 324.38257851 0 147.98051397 0 33984
0.17750000 0.17750300 7999.10141431 0 65.49235841 0 1741.22272866 0 303.16357523 0 282.70413343 0 34069
0.17850000 0.17849800 7912.17259216 0 77.94407345 0 1717.52795354 0 45.00612158 0 276.61989094 0 34536
0.17950000 0.17950400 7849.97934365 0 157.79723715 0 1728.44526581 0 -102.85957238 0 385.43316310 0 35343
0.18050000 0.18050100 7714.49837717 0 179.39048501 0 1872.28583753 0 73.63096004 0 591.71832510 0 34990
0.18150000 0.18150500 7603.77512898 0 96.89956137 0 1788.77836375 0 -177.03650876 0 484.68216108 0 36243
0.18250000 0.18250200 7631.31200081 0 -1.60217647 0 1917.70451394 0 123.81184335 0 772.76965884 0 35694
0.18350000 0.18350400 7683.79482045 0 62.49906612 0 2117.46032599 0 -89.07187062 0 702.23119911 0 37087
0.18450000 0.18450600 7581.29830960 0 153.59307542 0 2091.14140990 0 -18.02353034 0 940.36590345 0 36651
0.18550000 0.18550700 7536.97579335 0 103.08799444 0 2173.94025489 0 19.19930051 0 1057.39484062 0 37818
0.18650000 0.18651000 7478.40319506 0 127.42585018 0 2209.09488619 0 165.10054260 0 1112.83507822 0 37267
0.18750000 0.18750100 7410.14231255 0 94.81984660 0 2076.91347251 0 21.21424218 0 970.82476180 0 38334
0.18850000 0.18850000 7292.03382371 0 124.15287096 0 2161.32887692 0 58.81176051 0 1120.31996980 0 38223
0.18950000 0.18949500 7285.25756092 0 47.93154052 0 2110.71728018 0 13.65439097 0 1004.01737714 0 39064
0.19050000 0.19050000 7317.37837522 0 -20.45335202 0 2077.52245037 0 98.82060973 0 790.47873515 0 39609
0.19150000 0.19149800 7236.41753615 0 17.34402177 0 1977.89367165 0 61.72721435 0 650.35735734 0 39576
0.19250000 0.19250400 7219.00076921 0 32.34536105 0 2014.16660776 0 -28.43295507 0 372.17959029 0 40909
0.19350000 0.19350500 7169.40782635 0 144.20263674 0 1960.27760287 0 69.86803045 0 503.93804117 0 40191
0.19450000 0.19450100 7052.79410136 0 156.37112172 0 1912.86590799 0 122.96259604 0 390.71466204 0 41232
0.19550000 0.19549800 6943.04521775 0 37.93245615 0 1635.43773734 0 260.33360837 0 453.32865889 0 40873
0.19650000 0.19649700 6997.94180421 0 -8.42513126 0 1689.71427360 0 284.06381492 0 425.45961732 0 42816
0.19750000 0.19750200 6963.70617587 0 18.43608516 0 1522.05713120 0 218.10376151 0 464.15074917 0 41727
0.19850000 0.19849000 6908.08988830 0 52.94497848 0 1329.16616053 0 160.58967747 0 891.11841712 0 42610
0.19950000 0.19949900 6902.73088309 0 54.56242369 0 1338.50013035 0 38.12688617 0 530.51715690 0 43863
0.20050000 0.20050100 6853.38153137 0 106.60378974 0 1432.86955478 0 -145.74944052 0 648.82826928 0 43302
0.20150000 0.20150100 6791.54259726 0 120.37056480 0 1474.71187027 0 -105.88309212 0 474.93076461 0 44487
0.20250000 0.20249700 6707.55901351 0 64.42985812 0 1439.69010687 0 20.96655428 0 591.39169152 0 43759
0.20350000 0.20349100 6709.50774268 0 46.10394259 0 1377.54114766 0 -0.93594583 0 396.34936814 0 45282
0.20450000 0.20449700 6629.85343793 0 86.87036028 0 1293.09252627 0 77.61267877 0 209.00784667 0 45483
0.20550000 0.20549900 6574.91256218 0 139.51239995 0 1283.76962877 0 9.88499514 0 46.92296246 0 46138
0.20650000 0.20650200 6440.27309239 0 165.06954009 0 1278.60992541 0 -94.25039694 0 244.24994934 0 46227
0.20750000 0.20749300 6294.36199593 0 140.38932807 0 1239.90107784 0 1.95901536 0 208.58156217 0 46236
0.20850000 0.20850300 6195.15396555 0 114.38818770 0 1220.95633008 0 53.78481432 0 238.69164228 0 48361
0.20950000 0.20950400 6209.86908524 0 70.10143506 0 1236.04790880 0 161.74894988 0 378.52071072 0 46812
0.21050000 0.21050300 6070.61245599 0 113.86778843 0 1248.80322700 0 130.05220562 0 323.28198943 0 48813
0.21150000 0.21149700 6028.00615009 0 107.63871994 0 1166.96767426 0 143.51947430 0 562.74647998 0 47215
0.21250000 0.21249000 5941.36520839 0 88.18409162 0 1220.51343708 0 85.19987863 0 357.59401681 0 50004
0.21350000 0.21350300 5896.73266704 0 97.03685820 0 1173.00209129 0 93.37324737 0 556.31678096 0 49509
0.21450000 0.21449800 5785.89869561 0 46.99482184 0 1122.35727757 0 55.88512361 0 497.29464628 0 49660
0.21550000 0.21550100 5760.85309687 0 29.78798618 0 1030.41269227 0 47.24915315 0 386.33445034 0 50841
0.21650000 0.21649800 5861.75519294 0 -19.65049775 0 1091.21414955 0 -50.41439864 0 45.39143849 0 50424
0.21750000 0.21750300 5782.27804539 0 49.56714435 0 1058.66040735 0 -74.84891577 0 -44.85708809 0 52231
0.21850000 0.21850300 5714.18324776 0 99.96327365 0 985.69378680 0 -246.15881814 0 33.58269334 0 51078
0.21950000 0.21950100 5749.68112113 0 86.52246783 0 1059.42550500 0 -177.97322744 0 -66.27351093 0 52791
0.22050000 0.22050700 5702.95591039 0 26.62938408 0 1115.27098968 0 20.27276240 0 -221.26601748 0 52969
0.22150000 0.22150000 5692.92438411 0 127.58307719 0 1174.27540864 0 -115.49542018 0 -316.64413070 0 52704
0.22250000 0.22250100 5645.82271433 0 158.67416528 0 1217.40211381 0 39.18794706 0 -35.27952712 0 54051
0.22350000 0.22349900 5539.00799680 0 52.63329253 0 1287.82209966 0 96.19824032 0 79.61754463 0 53938
0.22450000 0.22449800 5492.96927021 0 8.82920468 0 1305.48245774 0 124.79063687 0 90.90013289 0 54735
0.22550000 0.22549100 5489.53684951 0 94.30498350 0 1303.77731972 0 195.19844316 0 223.98095152 0 54774
0.22650000 0.22649900 5434.24165937 0 87.99165461 0 1269.55276371 0 176.24483753 0 421.10708643 0 56911
0.22750000 0.22749800 5385.61200876 0 53.24669933 0 1364.08827301 0 80.08291444 0 646.01811324 0 54879
0.22850000 0.22849100 5364.14277094 0 34.39119450 0 1278.00094754 0 66.06546194 0 523.36443506 0 57210
0.22950000 0.22949800 5327.49337579 0 96.57525298 0 1299.96843998 0 -20.88085448 0 435.52768228 0 57375
0.23050000 0.23049600 5233.65542295 0 67.30556232 0 1186.55461687 0 -70.66169470 0 543.59910867 0 57604
0.23150000 0.23150100 5234.27547314 0 71.27355137 0 1216.02914553 0 21.11470198 0 462.87632458 0 58629
0.23250000 0.23250200 5222.53880884 0 2.94359970 0 1081.06304216 0 172.13921949 0 500.27310165 0 58560
0.23350000 0.23350400 5239.44624883 0 -37.78209398 0 1076.10706957 0 218.70277428 0 295.12617465 0 59305
0.23450000 0.23449700 5222.73811068 0 55.99263588 0 927.12561743 0 46.19861097 0 406.94004683 0 59196
0.23550000 0.23549300 5157.11244148 0 146.22887218 0 963.35758594 0 -23.64716412 0 366.73643541 0 60063
0.23650000 0.23649900 5046.03487890 0 149.13757191 0 961.66241301 0 -8.60307459 0 571.51022507 0 61537
0.23750000 0.23750400 4930.99342404 0 76.83606591 0 1050.22329584 0 -55.38697972 0 320.74089088 0 61224
0.23850000 0.23850100 4905.28348581 0 123.72437199 0 1078.66145490 0 -12.60584181 0 290.99398302 0 61221
0.23950000 0.23949400 4866.51927662 0 56.41648448 0 1025.60287437 0 -101.59666301 0 246.21307253 0 62332
0.24050000 0.24050100 4835.40604388 0 -2.31222252 0 1063.30524761 0 -104.33573472 0 167.80772602 0 63447
0.24150000 0.24150500 4848.23886834 0 59.21933278 0 1147.48038258 0 -135.61161991 0 81.51157651 0 63342
0.24250000 0.24250300 4796.47574981 0 132.53019192 0 1112.55827010 0 62.74066425 0 38.26971916 0 63379
0.24350000 0.24349600 4726.47651231 0 100.50482106 0 1069.04403357 0 60.99533368 0 183.60018291 0 64266
0.24450000 0.24449500 4683.99200198 0 -25.81855774 0 908.26944827 0 349.19455120 0 107.26425391 0 64695
0.24550000 0.24549600 4708.56149075 0 -27.64394120 0 819.19813126 0 342.05068723 0 308.51482982 0 65947
0.24650000 0.24650000 4730.89436991 0 -68.75072216 0 681.92234093 0 271.70377872 0 246.50538190 0 66018
0.24750000 0.24750000 4743.92649622 0 54.09727532 0 583.22474473 0 91.38310770 0 285.66265862 0 66303
0.24850000 0.24849600 4742.67532352 0 122.03805692 0 513.68390147 0 -54.15341201 0 285.13893766 0 66958
0.24950000 0.24949200 4600.30737100 0 90.15352603 0 508.75118077 0 -149.13867914 0 407.65974794 0 66975
0.25050000 0.25048900 4580.25539075 0 79.21063669 0 467.12699008 0 -33.23059342 0 269.92667059 0 68676
0.25150000 0.25150000 4524.78304341 0 33.49865440 0 564.52469534 0 -27.48029224 0 85.52496209 0 69349
0.25250000 0.25249900 4525.28129803 0 80.23792699 0 515.60605706 0 -67.20447200 0 128.84310775 0 68592
0.25350000 0.25349900 4496.93614649 0 93.40292120 0 621.34897355 0 -22.40042034 0 68.51997491 0 70437
0.25450000 0.25450100 4388.93669021 0 34.95710102 0 468.17332477 0 73.79560551 0 224.54342562 0 70099
0.25550000 0.25550100 4453.78729668 0 -0.65051680 0 522.00253911 0 140.28081929 0 57.31467147 0 71064
0.25650000 0.25650300 4431.05581382 0 7.17298419 0 410.93604885 0 20.95968944 0 55.61329804 0 71409
0.25750000 0.25750600 4452.74649814 0 63.45338979 0 472.69636946 0 44.60286751 0 13.08405551 0 72612
0.25850000 0.25850600 4371.37598305 0 45.33596614 0 379.43307028 0 -78.02888746 0 208.85504859 0 71845
0.25950000 0.25949600 4407.39425569 0 44.92285770 0 403.47219469 0 97.98055245 0 208.89712342 0 72816
0.26050000 0.26049800 4363.56999405 0 24.57624289 0 476.11439613 0 39.15705527 0 187.75230472 0 73743
0.26150000 0.26149900 4334.54943070 0 97.24778599 0 454.88210606 0 18.75474667 0 249.61670518 0 74662
0.26250000 0.26250300 4329.05755759 0 109.58412741 0 521.64822472 0 -41.74543265 0 318.74897965 0 74931
0.26350000 0.26350100 4231.74289476 0 56.61047161 0 537.93782899 0 -48.32693324 0 308.62001690 0 75087
0.26450000 0.26450200 4204.06208272 0 83.72703798 0 590.22245402 0 -32.02094193 0 295.50263369 0 76678
0.26550000 0.26550600 4168.38705215 0 71.12684306 0 571.55672884 0 -41.99157043 0 223.85472702 0 76035
0.26650000 0.26650100 4118.34014397 0 53.87859691 0 612.58412122 0 -81.23698285 0 344.97931714 0 77094
0.26750000 0.26750600 4106.08308040 0 57.04804989 0 600.47985573 0 17.95144951 0 137.87480311 0 78463
0.26850000 0.26850100 4037.05820748 0 73.79649130 0 684.11355401 0 -84.35816050 0 175.81966026 0 77076
0.26950000 0.26949700 4027.18169374 0 66.98070031 0 693.23050627 0 -51.66346760 0 69.17124905 0 79149
0.27050000 0.27049900 3976.79154349 0 45.08473509 0 717.15780020 0 69.21996728 0 221.04567821 0 79648
0.27150000 0.27150200 3968.60909545 0 71.63949170 0 650.65741734 0 178.05737711 0 253.43333554 0 80241
0.27250000 0.27250500 3938.83561401 0 3.93783910 0 504.59463003 0 182.08105995 0 360.05096569 0 80835
0.27350000 0.27350000 3940.06464207 0 -3.35605487 0 492.08401022 0 222.76742472 0 342.76485218 0 80680
0.27450000 0.27450400 3927.22074528 0 35.92371498 0 282.96322583 0 208.05230504 0 413.84917751 0 82617
0.27550000 0.27550800 3871.84804886 0 13.97083801 0 140.60302394 0 160.01723828 0 485.18484462 0 82548
0.27650000 0.27649900 3897.00437085 0 25.71104546 0 182.79854659 0 33.26868221 0 308.84921403 0 81181
0.27750000 0.27748900 3902.90591997 0 73.31351649 0 136.76314169 0 -181.17534378 0 396.99931361 0 84096
0.27850000 0.27849800 3834.72254374 0 135.92053778 0 205.48241845 0 -141.64050078 0 359.38773343 0 85215
0.27950000 0.27950200 3768.93078967 0 75.63615807 0 316.20898833 0 -112.85577795 0 547.04260169 0 84514
0.28050000 0.28050300 3778.70765248 0 -5.36448601 0 388.02187264 0 2.05461381 0 400.78494146 0 85815
0.28150000 0.28150100 3810.54058634 0 27.93924011 0 432.01111191 0 116.04792919 0 418.23492537 0 85485
0.28250000 0.28250000 3763.61607376 0 56.08697209 0 398.97904528 0 88.98428853 0 419.58353454 0 87220
0.28350000 0.28350400 3738.78084919 0 57.00265335 0 349.80574353 0 98.79038228 0 463.01362141 0 87147
0.28450000 0.28449700 3702.15359869 0 42.41519758 0 265.11463823 0 32.04740479 0 431.64351073 0 87102
0.28550000 0.28549800 3617.90427914 0 87.93585009 0 221.73437682 0 -18.31949358 0 386.58025595 0 88971
0.28650000 0.28649900 3638.86419002 0 25.78379064 0 200.04922866 0 118.55691800 0 400.01873658 0 89434
0.28750000 0.28750100 3602.30337347 0 27.35185328 0 76.18988503 0 -6.05315140 0 344.91399043 0 89619
0.28850000 0.28849900 3616.42058762 0 25.78024749 0 81.41945477 0 28.60214019 0 331.71577924 0 90240
0.28950000 0.28950100 3593.08012690 0 26.26289013 0 101.77658829 0 12.71412914 0 266.45106783 0 91333
0.29050000 0.29050500 3591.02067448 0 62.62938738 0 83.75892628 0 -47.61764012 0 279.65149348 0 92139
0.29150000 0.29150600 3580.45767661 0 33.17589613 0 45.02273007 0 -66.77973762 0 259.91286003 0 92370
0.29250000 0.29250200 3578.85218951 0 42.47000558 0 122.83083538 0 -32.59836367 0 285.23305242 0 91819
0.29350000 0.29349600 3555.95462178 0 65.03263548 0 153.52442701 0 -12.53198940 0 329.73494033 0 93552
0.29450000 0.29450000 3517.96547533 0 89.06456289 0 151.97873046 0 -7.94461450 0 261.41205281 0 94701
0.29550000 0.29550200 3455.84973310 0 83.32754850 0 174.49541021 0 42.14757948 0 343.50005455 0 95020
0.29650000 0.29650300 3421.62517708 0 37.00680979 0 188.32695838 0 19.27337437 0 312.48315103 0 95151
0.29750000 0.29749800 3408.60412310 0 12.10647996 0 186.78126183 0 115.00491619 0 343.86654850 0 95802
0.29850000 0.29850000 3419.63215861 0 27.60585241 0 219.01944277 0 -65.06629535 0 266.77327248 0 97399
0.29950000 0.29950700 3429.01041774 0 26.19900282 0 237.25999068 0 -29.86239221 0 389.66279118 0 97881
0.30050000 0.30050300 3411.10646850 0 39.32934065 0 242.18163906 0 -20.01134481 0 338.94822181 0 97188
0.30150000 0.30149700 3417.63914015 0 55.09644191 0 164.82041279 0 -31.39679498 0 392.79404464 0 98263
0.30250000 0.30249700 3423.72891880 0 7.90824192 0 225.37827892 0 -27.65988535 0 301.83711072 0 100050
0.30350000 0.30350600 3409.86636812 0 73.42999735 0 229.65441076 0 -47.46129889 0 234.44872741 0 100779
0.30450000 0.30450500 3325.52846998 0 108.25655566 0 241.08326444 0 -65.32106954 0 225.87874800 0 99982
0.30550000 0.30550300 3302.39838343 0 83.87640365 0 310.17789300 0 -59.07362099 0 184.56679687 0 101559
0.30650000 0.30649700 3272.64704665 0 20.88605848 0 286.14873368 0 -24.04510347 0 132.20134387 0 100935
0.30750000 0.30749800 3257.42260002 0 23.67783445 0 278.89525369 0 32.78349294 0 159.40272425 0 103762
0.30850000 0.30850200 3284.25084306 0 18.16127006 0 249.11402163 0 52.68732548 0 99.20481940 0 102951
0.30950000 0.30950100 3243.29431355 0 48.93037495 0 239.27293933 0 53.10342345 0 71.92349683 0 104394
0.31050000 0.31050000 3213.06686680 0 92.23268719 0 178.19467393 0 23.44276900 0 135.47100139 0 103963
0.31150000 0.31149700 3123.97894131 0 82.36647071 0 155.41668732 0 75.98106099 0 129.65249470 0 105936
0.31250000 0.31250000 3139.02623074 0 -2.86685741 0 101.87745717 0 130.30576186 0 153.37605785 0 105717
0.31350000 0.31349800 3102.04466584 0 2.79881798 0 15.58042187 0 131.74184239 0 275.26906732 0 106776
0.31450000 0.31450400 3115.15429843 0 57.12267736 0 -18.68111571 0 103.92749811 0 189.14631041 0 108733
0.31550000 0.31549900 3115.97365046 0 46.57163759 0 -34.28766827 0 -6.69596629 0 274.77856333 0 105891
0.31650000 0.31650000 3031.79076487 0 69.06285099 0 -27.32074004 0 -1.67097990 0 299.92159853 0 111072
0.31750000 0.31750600 3028.94517739 0 43.80189554 0 -47.65074637 0 -20.98172336 0 407.19028137 0 108121
0.31850000 0.31849900 3018.96901273 0 35.42479602 0 48.61713888 0 1.94421166 0 292.11671676 0 110484
0.31950000 0.31950100 3011.61698905 0 66.98313622 0 29.07957884 0 -47.04630815 0 196.37653852 0 110817
0.32050000 0.32049800 2971.31372671 0 71.11089892 0 6.76633091 0 -32.21703280 0 228.41984654 0 111088
0.32150000 0.32149900 2950.79670882 0 53.42396725 0 -37.57515223 0 -20.37606719 0 330.02835694 0 112635
0.32250000 0.32250100 2925.56288056 0 -15.49295050 0 -42.89363273 0 67.06761806 0 177.73738692 0 113202
0.32350000 0.32350400 2965.51182850 0 -25.81811484 0 -62.30718273 0 78.61040596 0 105.27522148 0 113863
0.32450000 0.32450300 2997.25618376 0 23.50134160 0 -151.40296957 0 -10.00837405 0 23.89939167 0 114045
0.32550000 0.32549900 2966.14295102 0 76.37545720 0 -108.84914649 0 -89.58274769 0 77.69871074 0 114828
0.32650000 0.32650300 2963.38594214 0 64.75870617 0 -51.57123514 0 -101.91709609 0 84.57617457 0 116431
0.32750000 0.32750400 2889.69962047 0 77.86988888 0 -41.28803491 0 -64.91139353 0 99.27302492 0 116442
0.32850000 0.32850400 2882.03757170 0 98.49430832 0 -24.94007948 0 40.06509663 0 72.53778941 0 116955
0.32950000 0.32949800 2806.35823156 0 46.63685358 0 11.86621051 0 47.92179688 0 133.43037192 0 117028
0.33050000 0.33049700 2808.22945445 0 56.53495835 0 -18.28771601 0 32.56027487 0 63.91942395 0 119061
0.33150000 0.33150100 2756.67671010 0 67.39713045 0 -33.87134885 0 28.10399630 0 152.23560840 0 120060
0.33250000 0.33250400 2747.89635652 0 25.41209269 0 -71.25173889 0 11.74939748 0 213.52092627 0 119737
0.33350000 0.33350100 2743.45635426 0 10.33353502 0 -59.47720723 0 7.96391357 0 185.92647835 0 120531
0.33450000 0.33450000 2764.95880906 0 29.55812472 0 -72.58938645 0 33.10602976 0 173.08922496 0 121704
0.33550000 0.33550300 2729.62702057 0 62.01332323 0 -8.73125889 0 -12.49080035 0 223.68753492 0 122761
0.33650000 0.33650300 2738.11949370 0 37.69063658 0 -29.36125878 0 -34.79622014 0 205.93970546 0 122472
0.33750000 0.33749900 2700.56216792 0 51.96939594 0 3.32425515 0 -29.39945830 0 231.86555403 0 122985
0.33850000 0.33849800 2701.21543508 0 80.47808571 0 76.76586737 0 -21.18844367 0 269.15825125 0 125380
0.33950000 0.33950300 2640.01869581 0 35.87245012 0 76.83905544 0 -18.71411124 0 275.66988547 0 125223
0.34050000 0.34050000 2645.13410988 0 35.90721722 0 126.13924603 0 22.60060797 0 296.69180138 0 125178
0.34150000 0.34149900 2648.24543315 0 44.01548068 0 41.41403797 0 9.01930542 0 293.42214386 0 127059
0.34250000 0.34250300 2616.06925723 0 25.57275212 0 78.35308513 0 22.90454329 0 225.13247331 0 127957
0.34350000 0.34349800 2642.46567959 0 25.37267521 0 22.20034343 0 -9.11453849 0 199.94736327 0 126732
0.34450000 0.34449700 2615.34955611 0 33.35925383 0 -37.63804303 0 -21.17393892 0 227.47205554 0 129639
0.34550000 0.34550000 2606.38097301 0 44.63818823 0 -2.39254116 0 -10.34713183 0 148.93605560 0 129826
0.34650000 0.34650400 2625.99006026 0 20.14133391 0 -32.02537086 0 36.14837245 0 181.35250097 0 130875
0.34750000 0.34750200 2598.15423567 0 16.04457372 0 -108.17008081 0 116.85067274 0 225.07489722 0 130686
0.34850000 0.34850200 2605.00800473 0 -1.34544248 0 -163.70653691 0 119.12382103 0 216.35433419 0 132211
0.34950000 0.34950400 2641.85670173 0 -4.93500161 0 -175.73772506 0 122.23846600 0 205.39826878 0 132768
0.35050000 0.35050300 2641.72383383 0 49.72271051 0 -245.48894248 0 61.88012316 0 272.55081157 0 132957
0.35150000 0.35150100 2577.26075874 0 80.29483874 0 -255.13958080 0 23.42604979 0 405.82506372 0 133987
0.35250000 0.35249800 2551.41795261 0 47.69237831 0 -326.14750709 0 29.41086280 0 455.68927854 0 134778
0.35350000 0.35349800 2568.86793652 0 -5.20422518 0 -297.60969710 0 94.58289885 0 386.55257514 0 135699
0.35450000 0.35450100 2559.70005157 0 26.77465298 0 -331.31163939 0 36.65958169 0 359.19950391 0 137380
0.35550000 0.35550100 2526.97025941 0 59.44985859 0 -379.60690578 0 -42.23649025 0 274.44528635 0 136161
0.35650000 0.35649900 2522.80706528 0 55.64573995 0 -349.06943393 0 -53.91890017 0 284.26754570 0 138792
0.35750000 0.35750000 2492.46889528 0 64.75693459 0 -346.98783686 0 -127.51221431 0 279.97369813 0 138097
0.35850000 0.35849800 2465.23097622 0 69.04602106 0 -261.03448653 0 -34.93628505 0 282.10401343 0 140028
0.35950000 0.35950300 2472.30619178 0 45.38844896 0 -259.23412651 0 -109.01977101 0 199.13686910 0 141099
0.36050000 0.36050500 2407.16770487 0 70.18425605 0 -184.43614343 0 -59.41365208 0 185.88993968 0 140821
0.36150000 0.36150200 2395.44211289 0 73.12019370 0 -133.60974359 0 -76.86773276 0 160.76129851 0 141756
0.36250000 0.36250400 2384.64659619 0 42.84845765 0 -113.89436201 0 -41.07323181 0 201.56281546 0 142971
0.36350000 0.36349900 2391.50036525 0 9.20434612 0 -74.86629932 0 -30.07918833 0 184.48264720 0 142270
0.36450000 0.36450000 2398.11054317 0 21.26716790 0 -112.75834149 0 47.25125689 0 146.55107683 0 145311
0.36550000 0.36550300 2387.29288182 0 59.62457987 0 -140.51887427 0 5.59964005 0 222.09754907 0 145434
0.36650000 0.36650100 2368.83531635 0 45.96653504 0 -157.45067339 0 71.83469679 0 193.97052234 0 144547
0.36750000 0.36749600 2361.52758197 0 3.70610642 0 -177.67981083 0 67.93856713 0 192.86218262 0 146892
0.36850000 0.36849900 2356.84398857 0 41.30486484 0 -196.57805483 0 37.90555040 0 121.65606171 0 148113
0.36950000 0.36949900 2333.62532343 0 69.48836044 0 -235.33340616 0 -37.91219380 0 139.44818046 0 147387
0.37050000 0.37049800 2305.15837632 0 71.72031967 0 -200.69585243 0 -60.55864119 0 137.44298244 0 149758
0.37150000 0.37150100 2276.53641666 0 30.99542320 0 -188.41332251 0 -59.35961914 0 110.39218567 0 150099
0.37250000 0.37250000 2268.52005349 0 47.91459987 0 -179.89427579 0 -16.88042353 0 82.79530185 0 150468
0.37350000 0.37349800 2251.36902235 0 32.56326440 0 -203.73299113 0 30.43150970 0 79.48943783 0 150709
0.37450000 0.37449700 2274.02299893 0 2.29305633 0 -232.36491588 0 32.04939780 0 93.99883372 0 153108
0.37550000 0.37550100 2271.13312215 0 26.53936608 0 -216.64110740 0 27.30402083 0 -15.46892356 0 153189
0.37650000 0.37649900 2252.96343712 0 35.52046091 0 -231.40494531 0 -3.98461968 0 98.44946540 0 153547
0.37750000 0.37749900 2253.56134266 0 37.33632218 0 -277.96185671 0 32.75503706 0 110.66877235 0 155424
0.37850000 0.37850200 2249.27635296 0 19.06975431 0 -275.37868333 0 60.85471516 0 105.17147380 0 155313
0.37950000 0.37949900 2261.94309255 0 40.09167021 0 -329.89659627 0 55.27780659 0 148.92276881 0 156100
0.38050000 0.38050000 2219.60252245 0 76.28278184 0 -326.75759219 0 38.88323668 0 154.92175440 0 157557
0.38150000 0.38149800 2196.89318424 0 50.00317250 0 -353.74416947 0 26.69747888 0 203.44843238 0 157692
0.38250000 0.38250100 2165.07132271 0 43.36409581 0 -315.00210493 0 -22.44470964 0 216.97549161 0 159703
0.38350000 0.38350500 2164.81665924 0 29.20436394 0 -322.45488676 0 -42.11989867 0 199.41367722 0 160338
0.38450000 0.38450600 2195.01088902 0 11.58574852 0 -288.93342338 0 -45.22646085 0 177.80714257 0 160167
0.38550000 0.38550000 2179.08888593 0 49.21869828 0 -293.39889197 0 -28.49451720 0 234.98019900 0 160033
0.38650000 0.38649600 2173.39771098 0 54.69861328 0 -256.89232981 0 -38.12112856 0 137.80061853 0 162444
0.38750000 0.38750200 2135.85145752 0 60.06858010 0 -251.69719501 0 -12.87611725 0 176.09868285 0 164307
0.38850000 0.38850400 2132.21973498 0 49.42486497 0 -272.92727062 0 -10.47333419 0 121.25302909 0 163882
0.38950000 0.38950500 2098.42699963 0 53.58794838 0 -236.98207533 0 -36.07950259 0 171.08181247 0 164595
0.39050000 0.39050100 2084.46479803 0 30.87252040 0 -260.87504505 0 -6.48671042 0 134.59850219 0 165006
0.39150000 0.39150100 2073.00494185 0 36.98289357 0 -232.79452208 0 5.72284181 0 122.75332910 0 166687
0.39250000 0.39250100 2075.49621493 0 26.84429791 0 -266.77770141 0 21.11713789 0 156.42205441 0 167256
0.39350000 0.39350100 2051.36961915 0 41.62264057 0 -237.62205570 0 -4.36217488 0 82.92772685 0 167937
0.39450000 0.39449600 2056.85041994 0 62.34150694 0 -284.64621921 0 -9.88085409 0 112.63543868 0 167719
0.39550000 0.39549700 2002.36350950 0 57.08170975 0 -260.44765331 0 17.33383523 0 131.83152822 0 171636
0.39650000 0.39650400 2008.47543280 0 56.59596686 0 -314.68765090 0 2.16344369 0 178.14374124 0 171093
0.39750000 0.39750000 1997.74635005 0 8.47688330 0 -309.40836643 0 73.22615585 0 183.11078615 0 170464
0.39850000 0.39849800 2000.03832129 0 14.99713180 0 -366.91248538 0 94.69118619 0 142.95589297 0 172113
0.39950000 0.39949500 2013.64620849 0 20.09748750 0 -398.99454654 0 65.39613991 0 175.57939081 0 173232
