### header ###
fiducial parameters:
Omega_m = 0.31
Omega_nu = 0
Omega_de = 0.69
Omega_k = 0
H_0 = 100
w_de = -1
zeff = 0
beta = 0
fgrowth = 0
b_1 = 2
gamma = 0.55
Lx = 3500 Ly = 3500 Lz = 3500
nx = 700 ny = 700 nz = 700
xoffset = -685.467585 yoffset = -31.7331281 zoffset = 572.489161
bins = 400 dk = 0.001
kx_ny = 0.628318531 ky_ny = 0.628318531 kz_ny = 0.628318531
############################
A(data) = 8.04204997 (not used)
A(ran) = 8.03092396 (used)
Ngal = 477292
weighted Ngal = 0
Nran = 23820508
weighted Nran = 0
SN(data) = 3500.31037
SN(ran) = 69.9522602
SN(data+ran) = 3570.26263
############################
13 columns: k_central k_mean P_0(k) sigma^{lin}_{P_0(k)} P^img_1(k) sigma^{lin}_{P_1(k)} P_2(k) sigma^{lin}_{P_2(k)} P^img_3(k) sigma^{lin}_{P_3(k)} P_4(k) sigma^{lin}_{P_4(k)} N_modes
### header ###
0.00050000 0 0 0 0 0 0 0 0 0 0 0 0
0.00150000 0.00179520 123116.50135597 0 -72238.39375156 0 58879.96602760 0 151170.45074898 0 -102922.57390523 0 3
0.00250000 0.00253879 197117.27704891 0 -42058.66871662 0 67265.25905926 0 -26817.61360375 0 96496.52875023 0 6
0.00350000 0.00331552 171368.58568315 0 33076.57737724 0 76618.16255682 0 -113210.09234073 0 203830.42758646 0 7
0.00450000 0.00420575 141612.81996552 0 71154.30242856 0 76853.44945922 0 -23851.55923134 0 82993.05357116 0 24
0.00550000 0.00557378 93152.90810150 0 21163.64165836 0 96123.83429684 0 63591.35096119 0 14384.27861840 0 45
0.00650000 0.00659388 105870.69111144 0 15795.66786303 0 109900.90662218 0 117745.31658645 0 -72742.73814705 0 40
0.00750000 0.00754703 90087.64569870 0 -7632.61853514 0 76291.75042117 0 28321.78893037 0 -10642.13178247 0 57
0.00850000 0.00846663 91576.31977057 0 10822.27850727 0 52651.56187062 0 46704.39476403 0 -50306.22202753 0 75
0.00950000 0.00948925 100170.54757156 0 3481.52645435 0 15669.44336010 0 17233.29851749 0 3991.68382037 0 112
0.01050000 0.01054430 84190.52550029 0 -7432.13194964 0 5823.42280442 0 19392.06968738 0 -15246.81272177 0 105
0.01150000 0.01145670 85318.02033658 0 -2427.33040837 0 -5271.15738711 0 2959.14524173 0 -41933.88361591 0 144
0.01250000 0.01249090 79778.64695306 0 9709.34377812 0 -3267.52056026 0 -2433.37589772 0 -34927.20574743 0 169
0.01350000 0.01339930 72414.33299293 0 16666.83837976 0 -11872.30028679 0 -14639.60642872 0 -21998.05205669 0 180
0.01450000 0.01448870 56182.30480879 0 8133.40871436 0 -466.54790749 0 -13574.22733467 0 -410.03808331 0 267
0.01550000 0.01550050 54501.74734782 0 -5161.51922676 0 8315.52631297 0 -3996.76601746 0 22440.94504944 0 238
0.01650000 0.01653350 70628.92061592 0 -9732.31885212 0 30958.10946969 0 8540.81490606 0 11072.28052935 0 315
0.01750000 0.01747870 71432.54995126 0 -1426.19294292 0 44763.63766982 0 10851.23263667 0 25085.79127887 0 297
0.01850000 0.01844180 76064.76776238 0 4384.64062818 0 38445.99057479 0 6315.22225589 0 25567.21596198 0 388
0.01950000 0.01947590 79432.52607922 0 7245.54113180 0 49194.22844600 0 1961.25196745 0 39146.86873581 0 399
0.02050000 0.02045430 74709.07231159 0 -1197.01796382 0 55046.83789864 0 9900.37459822 0 27188.75793168 0 462
0.02150000 0.02154770 77811.86989552 0 -3134.98483218 0 44070.51013617 0 10635.34444735 0 14923.39011382 0 571
0.02250000 0.02255340 74919.33575990 0 -286.77764173 0 34960.53344513 0 12819.53767503 0 -1748.32008886 0 510
0.02350000 0.02348930 71507.73103677 0 4616.68333941 0 30452.43639522 0 -1588.21427199 0 -7808.34740233 0 555
0.02450000 0.02439640 70857.45340018 0 8512.37010360 0 28749.84500786 0 -1530.17314529 0 -13768.65735848 0 592
0.02550000 0.02547300 62562.95343203 0 3771.05667603 0 24706.34270733 0 -1203.28489967 0 -13631.36053073 0 837
0.02650000 0.02652900 59102.74120296 0 2239.43305620 0 27885.65005576 0 -7461.78363551 0 -3319.79300573 0 723
0.02750000 0.02749970 60997.54814917 0 890.63455653 0 27219.42827142 0 4735.07970869 0 -10814.97077289 0 826
0.02850000 0.02848090 58046.66286175 0 -478.98655719 0 32866.75682193 0 2355.00598265 0 -3978.54097081 0 831
0.02950000 0.02946900 61197.40361215 0 2493.49862148 0 26898.10940519 0 482.79432969 0 -9167.06559780 0 996
0.03050000 0.03053250 58888.71316421 0 4063.98610144 0 29985.40573437 0 1687.99806325 0 -4559.97089169 0 1041
0.03150000 0.03150510 53875.16448633 0 3090.76196685 0 27553.70175770 0 4817.45780534 0 -2511.32506444 0 1036
0.03250000 0.03246190 50979.86226950 0 1323.80715532 0 24597.16958462 0 4891.71988790 0 1685.13033112 0 1059
0.03350000 0.03345080 52593.43216532 0 66.02294421 0 22041.34484673 0 6670.73246117 0 -4905.68208950 0 1302
0.03450000 0.03451200 49491.63109063 0 486.46148367 0 25424.93658806 0 5721.70135631 0 -4393.06666737 0 1339
0.03550000 0.03553350 50139.58353901 0 228.89042035 0 21658.68530100 0 4521.58314154 0 3344.35142217 0 1365
0.03650000 0.03647120 48421.26945041 0 1669.28583431 0 20637.37405973 0 6321.55562568 0 8043.03639919 0 1308
0.03750000 0.03744890 50149.10573836 0 323.49457806 0 17025.69242714 0 3439.09730565 0 7017.90520585 0 1579
0.03850000 0.03847530 48075.92363931 0 312.42336048 0 19583.62090674 0 4720.69675875 0 6853.90193064 0 1662
0.03950000 0.03950240 46520.92634178 0 3307.02661521 0 16620.55606202 0 3416.27724419 0 5793.48323811 0 1683
0.04050000 0.04050350 46081.46576973 0 318.38137846 0 15621.50019364 0 -1767.09875176 0 -203.53701098 0 1822
0.04150000 0.04152450 42328.27982595 0 1629.14865684 0 12041.59613327 0 -840.33077041 0 -3132.73715024 0 1887
0.04250000 0.04250150 44093.42984854 0 1052.47097778 0 14796.83344114 0 -4898.68438021 0 -5133.59482357 0 1920
0.04350000 0.04349210 41054.74102531 0 1532.62012907 0 15536.46473903 0 -2422.83504449 0 -7032.32137277 0 2005
0.04450000 0.04448520 40857.43219705 0 2212.30586039 0 18135.02865072 0 -978.37165839 0 -2190.62624839 0 2151
0.04550000 0.04548030 40027.45072864 0 833.27327057 0 17560.59643912 0 608.95018421 0 -1071.28396488 0 2274
0.04650000 0.04648670 40877.14093522 0 6.24807968 0 21661.67482870 0 3011.74985695 0 -2708.23528902 0 2311
0.04750000 0.04749250 39562.96670250 0 558.62868238 0 19601.22590320 0 3701.68856105 0 694.58465159 0 2568
0.04850000 0.04851840 40522.05147829 0 883.21166997 0 17955.87843515 0 2158.76009757 0 2886.78759904 0 2493
0.04950000 0.04949480 37813.53938115 0 1441.63883604 0 17849.58411689 0 1387.18514258 0 3567.34804402 0 2644
0.05050000 0.05050630 37110.33603192 0 1827.83045339 0 17191.33440642 0 1792.37686932 0 3900.09354947 0 2829
0.05150000 0.05149060 37631.28891464 0 -759.72756743 0 15784.81698471 0 2632.81061235 0 6144.27663301 0 2784
0.05250000 0.05249300 36770.96927623 0 -828.94066987 0 14142.34832111 0 3504.26900953 0 3727.61994577 0 3055
0.05350000 0.05348950 38514.08537243 0 -551.82916771 0 15287.66960035 0 3285.61273901 0 4366.00590551 0 3009
0.05450000 0.05448610 38653.70738839 0 -17.91402505 0 16980.07444888 0 -944.56231456 0 2234.80482442 0 3336
0.05550000 0.05550870 37293.36156117 0 2520.62581729 0 15552.29816352 0 238.75254006 0 4695.51829212 0 3349
0.05650000 0.05647670 35936.44815465 0 1806.07333512 0 16769.47883083 0 -1126.45403775 0 4074.30550817 0 3324
0.05750000 0.05747970 34776.17923690 0 1027.78080066 0 16310.53096710 0 1511.07338498 0 6956.06627174 0 3639
0.05850000 0.05849280 33992.92297923 0 555.29259091 0 14635.39894529 0 3612.27953813 0 4375.56132183 0 3846
0.05950000 0.05951020 32972.49752394 0 -93.12245921 0 12693.97751159 0 3359.73088135 0 2697.35119372 0 3787
0.06050000 0.06049470 32857.01317608 0 -255.47839394 0 10346.34569726 0 3178.54335801 0 85.14296688 0 3930
0.06150000 0.06148310 32496.05538700 0 749.13799597 0 9187.89264079 0 -53.97404035 0 -2912.13215055 0 4083
0.06250000 0.06249100 32338.05331183 0 490.18953544 0 9127.52632588 0 -2257.75775377 0 -1515.32515771 0 4303
0.06350000 0.06350600 31515.60102431 0 33.29149120 0 9314.20572232 0 -3062.30609207 0 -2568.19252471 0 4470
0.06450000 0.06451750 32685.83503439 0 729.60198606 0 11482.55445318 0 -2824.56113356 0 -576.75075641 0 4479
0.06550000 0.06550280 32007.76586249 0 -64.07853325 0 13104.20714612 0 -970.87901619 0 -2626.00113259 0 4636
0.06650000 0.06648880 32375.92066271 0 898.46490464 0 15010.52931014 0 -290.61198782 0 -1371.20777787 0 4653
0.06750000 0.06749660 31573.95217610 0 775.19117627 0 14676.36654712 0 909.30360341 0 -915.31809025 0 5220
0.06850000 0.06852730 30748.17819113 0 1153.42622101 0 14966.90435036 0 2344.68657592 0 -143.47407777 0 5029
0.06950000 0.06949320 30430.95608507 0 391.49968987 0 13506.13253703 0 3855.30599558 0 1250.55265432 0 5040
0.07050000 0.07048030 29353.72960347 0 310.52113507 0 13773.86135115 0 1939.92666985 0 807.61426504 0 5475
0.07150000 0.07148790 29768.49889117 0 623.42392722 0 13094.57422352 0 1585.53476938 0 3459.00534567 0 5509
0.07250000 0.07249820 28783.94776830 0 1162.58303363 0 13205.51891821 0 1512.01453258 0 4014.45959252 0 5916
0.07350000 0.07351270 28236.97492226 0 972.75577524 0 11900.75616158 0 599.34162074 0 5249.06809910 0 5721
0.07450000 0.07449140 27157.42325244 0 586.62284122 0 12056.32232528 0 1177.38673192 0 4309.65884451 0 6028
0.07550000 0.07549160 26438.05430897 0 423.37912749 0 11417.22773675 0 470.68009911 0 3671.77113939 0 6183
0.07650000 0.07648840 27173.25667693 0 -293.77645825 0 11797.45137102 0 -133.46580336 0 3457.90918551 0 6330
0.07750000 0.07749960 26358.88718652 0 97.82498628 0 10768.14591123 0 462.82649912 0 2443.35206238 0 6583
0.07850000 0.07848650 26999.75334702 0 398.27152373 0 9856.94894028 0 -929.78186816 0 461.68051350 0 6549
0.07950000 0.07947320 26420.00641952 0 481.36157086 0 10769.39708393 0 70.30261920 0 559.94739626 0 6828
0.08050000 0.08048110 25912.11888009 0 1007.44426167 0 10091.22826112 0 -92.76615180 0 548.53293661 0 7147
0.08150000 0.08149960 24886.37870889 0 767.68746174 0 10268.51832611 0 1576.06793166 0 772.76301544 0 7386
0.08250000 0.08250610 24086.18179424 0 236.33988049 0 9923.11715339 0 1875.35287151 0 -594.51519435 0 7227
0.08350000 0.08350160 23896.06997711 0 444.07219534 0 9561.43966319 0 1131.22620975 0 645.51985862 0 7798
0.08450000 0.08449610 23366.59140428 0 566.90303071 0 8775.37103502 0 1023.79254926 0 240.39235137 0 7371
0.08550000 0.08548940 22712.43845399 0 630.62979621 0 8905.64800883 0 319.22841131 0 1298.49582078 0 8256
0.08650000 0.08650700 21754.35018744 0 918.78372792 0 8428.78512354 0 -67.72121740 0 819.09405141 0 8037
0.08750000 0.08749060 21598.23040749 0 634.98121986 0 8041.40876744 0 1204.43642145 0 1020.79305647 0 8155
0.08850000 0.08849210 20807.00207595 0 -283.22674716 0 6843.05105232 0 847.06938730 0 989.00109022 0 8718
0.08950000 0.08949900 21212.13844107 0 -31.49356710 0 7085.43531492 0 947.17981215 0 776.13121665 0 8571
0.09050000 0.09049190 21407.78642061 0 113.53229699 0 6630.49563277 0 622.91349304 0 111.59906908 0 8932
0.09150000 0.09150830 20990.91339119 0 219.58856027 0 6953.41998611 0 -496.58933919 0 815.62730651 0 9285
0.09250000 0.09250820 20712.44442200 0 583.87247573 0 6777.76862519 0 -393.33991025 0 746.19829374 0 9204
0.09350000 0.09350330 20097.93039457 0 581.89385129 0 6877.97316480 0 332.63588943 0 263.58776463 0 9349
0.09450000 0.09448040 19493.27073622 0 792.82828248 0 6443.08546289 0 982.63007452 0 1546.12836535 0 9564
0.09550000 0.09549270 18930.13229594 0 632.19653017 0 6037.43977084 0 1286.02838304 0 1011.39375993 0 10155
0.09650000 0.09649430 18276.20079215 0 420.92992924 0 5819.93502210 0 980.77767458 0 -42.91356292 0 9913
0.09750000 0.09749140 17970.93679690 0 589.96003992 0 5451.13802704 0 164.53696127 0 1264.07196292 0 10476
0.09850000 0.09850240 17345.46116790 0 656.68076204 0 5635.04934228 0 -456.38683500 0 1903.62051677 0 10575
0.09950000 0.09950330 17467.47818740 0 224.25222348 0 6211.27527049 0 -421.03179462 0 2086.85642019 0 10882
0.10050000 0.10051200 16789.18756901 0 17.25511100 0 6164.00751584 0 -136.33574996 0 1917.61593534 0 10875
0.10150000 0.10150300 17225.65861336 0 464.62796636 0 6856.24926350 0 -514.51211137 0 736.58530133 0 11118
0.10250000 0.10250800 16694.62991506 0 311.57854209 0 6621.15059063 0 106.72957135 0 -256.69634967 0 11575
0.10350000 0.10349800 16611.69820217 0 20.65331821 0 6926.89069584 0 -692.97805726 0 -247.44763674 0 11364
0.10450000 0.10450100 16090.52387295 0 419.27572391 0 6606.03686725 0 -530.66774051 0 -927.50982711 0 12093
0.10550000 0.10551000 16329.57536579 0 162.78531948 0 7323.91104687 0 625.25196804 0 -1158.37555020 0 12067
0.10650000 0.10649700 15846.26838745 0 75.72805836 0 6343.84421554 0 1008.53267120 0 -552.63634019 0 12054
0.10750000 0.10749900 15852.46888935 0 -18.80778311 0 5894.18603233 0 1575.28179660 0 -228.60475437 0 12807
0.10850000 0.10850100 16117.54034551 0 -178.70178641 0 5712.85456878 0 675.89567453 0 -298.03819607 0 12736
0.10950000 0.10950300 15989.32282411 0 314.17721673 0 5603.44892725 0 293.78199441 0 582.04332767 0 12933
0.11050000 0.11050200 15748.38903606 0 526.99837207 0 5660.43818309 0 -135.37910109 0 1109.00405384 0 13428
0.11150000 0.11150900 15317.12198437 0 452.82154641 0 5652.34431365 0 -128.31385063 0 1858.66687801 0 13453
0.11250000 0.11250000 15159.67352545 0 133.59867126 0 5997.92264356 0 459.86575946 0 1432.90277176 0 13668
0.11350000 0.11349100 14893.27339031 0 -106.55186053 0 5434.89492653 0 568.27599899 0 1085.63259061 0 13791
0.11450000 0.11448600 15148.26903089 0 -165.45153530 0 5344.97657668 0 845.74735171 0 -18.45391161 0 14205
0.11550000 0.11549300 15350.00678908 0 -25.60862646 0 4828.95087851 0 -222.49726000 0 251.28309006 0 14776
0.11650000 0.11649800 15254.23117940 0 286.79425022 0 5115.72409131 0 -384.88397579 0 -102.05671810 0 14553
0.11750000 0.11747300 15124.35280928 0 338.05025627 0 5005.02298777 0 -38.45053023 0 1109.90091215 0 14568
0.11850000 0.11849100 14801.04092457 0 223.43730038 0 5099.12667641 0 -163.44412281 0 484.18501369 0 16015
0.11950000 0.11950300 14546.82034674 0 321.62999856 0 5411.45481489 0 403.47551639 0 872.54680671 0 15270
0.12050000 0.12050700 14238.01320755 0 581.67129756 0 5338.44390504 0 628.60134630 0 548.10333041 0 15999
0.12150000 0.12150000 13750.27729928 0 313.92255326 0 4807.86917205 0 861.87419281 0 1537.63589222 0 15670
0.12250000 0.12250700 13410.68909710 0 46.66564163 0 4371.88530999 0 856.78756679 0 1291.24344803 0 16887
0.12350000 0.12352200 13387.54793823 0 60.84973261 0 3911.71949053 0 569.89698735 0 1081.46828924 0 16407
0.12450000 0.12449800 13447.55993874 0 -7.01686441 0 3693.92686135 0 621.92141274 0 829.53636095 0 16306
0.12550000 0.12549900 13322.77483804 0 -78.73795914 0 3176.51712257 0 97.67473483 0 1469.39715436 0 17523
0.12650000 0.12650100 13409.24969487 0 -51.74385268 0 3016.13449757 0 110.51143461 0 1263.35226181 0 17154
0.12750000 0.12750600 13440.36292761 0 67.49556342 0 3099.80805623 0 -56.86214555 0 474.72481937 0 18007
0.12850000 0.12850300 13351.45215932 0 199.19112349 0 3068.29621979 0 -505.81922916 0 291.48891594 0 17496
0.12950000 0.12949900 13089.37023086 0 333.43531129 0 3675.22570473 0 -167.20096262 0 226.13894763 0 18405
0.13050000 0.13049000 12896.60105577 0 192.85886092 0 3528.10772486 0 -237.07840455 0 903.18725118 0 18100
0.13150000 0.13148800 12928.15718150 0 -138.88017020 0 3825.07854882 0 415.77022587 0 598.93526642 0 19059
0.13250000 0.13249300 13048.62407553 0 21.26628211 0 3753.07522053 0 612.04711347 0 1117.30829745 0 18957
0.13350000 0.13349100 12889.51476788 0 354.53362623 0 3462.38240474 0 115.88295155 0 169.79742279 0 19468
0.13450000 0.13450700 12636.17997603 0 358.94816213 0 3440.25989975 0 -71.13370790 0 621.37554712 0 19953
0.13550000 0.13551000 12264.70347837 0 232.79120038 0 4102.67280435 0 -567.12779891 0 412.00784990 0 19956
0.13650000 0.13649900 12216.76031190 0 261.61356912 0 4039.58269754 0 -203.81160463 0 133.13695532 0 19723
0.13750000 0.13749600 12029.74874571 0 150.08314845 0 4258.30540200 0 -145.71179461 0 585.63629708 0 20946
0.13850000 0.13851100 11867.42846387 0 200.25738837 0 4036.39386799 0 231.90541440 0 560.22198992 0 20955
0.13950000 0.13949800 12049.34676064 0 50.39601858 0 4327.54064909 0 520.82444375 0 755.10819352 0 20506
0.14050000 0.14048300 11640.33508184 0 178.69071409 0 3960.55951530 0 457.39884549 0 617.68403403 0 21447
0.14150000 0.14148400 11554.41384125 0 382.08489207 0 3748.21446993 0 349.46582316 0 685.58063705 0 21771
0.14250000 0.14249400 11207.18573494 0 191.70291021 0 3210.08841142 0 306.31586611 0 683.59979814 0 22470
0.14350000 0.14350900 10974.00257426 0 234.20624349 0 3574.53398283 0 -3.74604429 0 740.15280438 0 22519
0.14450000 0.14449900 10861.68491130 0 193.31504071 0 3295.51139740 0 -86.47131369 0 461.90749616 0 22218
0.14550000 0.14550500 10617.58443834 0 204.52909128 0 3206.47883353 0 128.92282849 0 365.34242972 0 23559
0.14650000 0.14650700 10393.43629472 0 105.80292848 0 2885.21532892 0 14.38793249 0 389.69932985 0 23044
0.14750000 0.14750500 10526.00523977 0 4.90924738 0 3027.99295745 0 258.38930813 0 24.26156742 0 23649
0.14850000 0.14849900 10371.26950043 0 48.82496641 0 3111.05753824 0 110.85279439 0 341.70744516 0 23640
0.14950000 0.14949500 10380.88027837 0 215.24710171 0 3112.12048143 0 137.83272827 0 222.30349431 0 24457
0.15050000 0.15050000 10129.70458986 0 181.98583795 0 3256.23786127 0 27.71568987 0 496.74878066 0 24591
0.15150000 0.15149900 10099.79824053 0 225.50339619 0 3083.99677639 0 135.42117593 0 597.44603873 0 25020
0.15250000 0.15250500 9967.29572942 0 82.04758775 0 3115.57504677 0 212.99056191 0 706.96240351 0 25297
0.15350000 0.15350100 9858.72051225 0 102.79701374 0 3103.36227250 0 244.44703672 0 1010.99737070 0 25452
0.15450000 0.15450400 9764.49502804 0 209.29240542 0 2819.75574459 0 237.71284876 0 639.50980071 0 26061
0.15550000 0.15549900 9631.69356417 0 170.78285970 0 3049.47326760 0 164.76948009 0 810.60822167 0 26128
0.15650000 0.15649500 9386.12047201 0 100.32965688 0 2549.73495924 0 135.69909128 0 873.65403919 0 26331
0.15750000 0.15749700 9482.52720421 0 12.95838463 0 2809.36990391 0 28.30152658 0 699.42657924 0 27345
0.15850000 0.15849900 9452.05616631 0 -47.51101363 0 2497.51787539 0 64.87064737 0 449.41459206 0 26980
0.15950000 0.15949700 9418.69525163 0 223.74843270 0 2674.54220459 0 94.94330302 0 443.66805548 0 27777
0.16050000 0.16050000 9206.15090441 0 264.66953077 0 2350.73206527 0 -293.96911670 0 171.42505454 0 28224
0.16150000 0.16150500 9014.65504667 0 129.90715817 0 2298.01672681 0 134.51767422 0 138.71851426 0 28075
0.16250000 0.16249700 8979.37861980 0 -5.06062820 0 2314.21553802 0 84.45637202 0 -402.74917188 0 28590
0.16350000 0.16349900 8976.88734672 0 -69.33578380 0 2110.39618276 0 150.97004167 0 -365.22617031 0 29163
0.16450000 0.16449100 9125.98727273 0 -28.29488318 0 2511.05932865 0 12.64758447 0 -532.74712311 0 28996
0.16550000 0.16550500 8943.22747927 0 265.45455860 0 2255.94189250 0 90.45867930 0 -92.64402405 0 30777
0.16650000 0.16650700 8875.26554953 0 224.87227367 0 2501.99109462 0 126.37508655 0 135.06243260 0 29211
0.16750000 0.16749900 8680.04939065 0 222.36439210 0 2538.49654955 0 144.83486649 0 612.10911848 0 30922
0.16850000 0.16850800 8616.81534362 0 146.71273278 0 2643.19645303 0 132.72285037 0 854.72700714 0 30867
0.16950000 0.16949900 8523.98497234 0 19.76033521 0 2699.28885056 0 22.60226882 0 777.82860404 0 30852
0.17050000 0.17049200 8501.05418764 0 70.57300538 0 2656.16214539 0 -71.42579583 0 1061.81491269 0 31257
0.17150000 0.17149500 8487.22485394 0 65.97743696 0 2685.69203569 0 -61.53898483 0 920.33606786 0 32608
0.17250000 0.17250900 8466.87392092 0 -41.68010593 0 2633.22028837 0 186.67496751 0 680.30578151 0 32361
0.17350000 0.17350400 8355.71885207 0 56.65077487 0 2205.73997177 0 169.18623046 0 350.82771911 0 32508
0.17450000 0.17449800 8333.17559874 0 227.16092321 0 2330.55828945 0 248.39764221 0 413.48711249 0 32791
0.17550000 0.17549800 8064.46134771 0 255.74855866 0 2153.83291302 0 130.68111367 0 462.35481808 0 33633
0.17650000 0.17650100 7819.27578693 0 193.15449200 0 2108.33673034 0 275.44068835 0 593.51757788 0 33984
0.17750000 0.17750300 7811.85732930 0 27.98364013 0 1995.16649837 0 266.65479861 0 537.09411784 0 34069
0.17850000 0.17849800 7847.29984104 0 -112.52139374 0 1899.52375659 0 123.02127936 0 343.23099705 0 34536
0.17950000 0.17950400 7821.77813234 0 84.19251852 0 1887.22240371 0 -48.60872391 0 679.68573132 0 35343
0.18050000 0.18050100 7781.48594232 0 155.93265765 0 1842.51235610 0 -69.56597743 0 685.14438745 0 34990
0.18150000 0.18150500 7764.70029790 0 87.89211441 0 1879.99217561 0 -23.56755410 0 651.80118849 0 36243
0.18250000 0.18250200 7617.57124571 0 156.97456342 0 2010.20271547 0 -106.67708853 0 536.23601266 0 35694
0.18350000 0.18350400 7519.70296663 0 158.93104321 0 1915.14680691 0 -116.00696159 0 338.75556336 0 37087
0.18450000 0.18450600 7367.48064503 0 102.84672848 0 2232.22497274 0 -103.90623924 0 537.85921548 0 36651
0.18550000 0.18550700 7339.64482043 0 65.75200443 0 2076.24913302 0 -31.00704915 0 89.37015905 0 37818
0.18650000 0.18651000 7328.30675982 0 36.76665107 0 2152.64817427 0 134.58410817 0 237.71949216 0 37267
0.18750000 0.18750100 7305.71921719 0 87.60345890 0 2147.03450558 0 -23.49292663 0 88.68954324 0 38334
0.18850000 0.18850000 7228.63369180 0 59.78269267 0 2003.92470730 0 147.95061869 0 387.00321876 0 38223
0.18950000 0.18949500 7284.75930631 0 19.06665406 0 2151.98383478 0 81.95834482 0 444.19399091 0 39064
0.19050000 0.19050000 7330.63194803 0 45.45676520 0 2033.68711642 0 134.23643717 0 503.93139777 0 39609
0.19150000 0.19149800 7214.18430791 0 30.09889706 0 2186.03123359 0 31.28374654 0 525.46374785 0 39576
0.19250000 0.19250400 7246.84766613 0 142.08671547 0 2268.86329556 0 11.18814134 0 378.84734430 0 40909
0.19350000 0.19350500 7209.82181194 0 52.70548409 0 2263.78109847 0 -131.14947301 0 358.78982789 0 40191
0.19450000 0.19450100 7091.79082937 0 108.92753855 0 2296.56625226 0 -217.74612542 0 387.40625138 0 41232
0.19550000 0.19549800 7055.01963865 0 77.91218516 0 2069.51715953 0 203.79499615 0 307.60136302 0 40873
0.19650000 0.19649700 7022.61094390 0 69.19859770 0 2066.23975138 0 113.57215736 0 62.19014826 0 42816
0.19750000 0.19750200 6879.88867699 0 174.77664726 0 1898.83727245 0 158.67748698 0 142.54178802 0 41727
0.19850000 0.19849000 6819.74380857 0 137.43080288 0 1798.87632399 0 144.40083135 0 -164.09628274 0 42610
0.19950000 0.19949900 6533.84530943 0 185.33189451 0 1713.69692916 0 73.96069388 0 -39.52786743 0 43863
0.20050000 0.20050100 6477.77505655 0 137.91355624 0 1768.84817908 0 -67.20413983 0 -291.70150458 0 43302
0.20150000 0.20150100 6333.89019553 0 90.78797024 0 1660.94837372 0 68.81837406 0 -263.55565489 0 44487
0.20250000 0.20249700 6299.94244764 0 -40.32596061 0 1627.41030184 0 166.16791472 0 -136.70335114 0 43759
0.20350000 0.20349100 6412.90230544 0 -26.99388501 0 1481.89780908 0 233.77442283 0 -322.27994403 0 45282
0.20450000 0.20449700 6367.50577368 0 84.21532751 0 1447.03105822 0 218.14362188 0 -254.63911171 0 45483
0.20550000 0.20549900 6319.42973932 0 113.38060614 0 1266.41929578 0 57.79819989 0 -48.03484531 0 46138
0.20650000 0.20650200 6266.70332853 0 55.21314422 0 1383.86344513 0 46.41363551 0 216.49938164 0 46227
0.20750000 0.20749300 6296.46573765 0 5.09431022 0 1404.94515159 0 -70.48509112 0 241.67784828 0 46236
0.20850000 0.20850300 6243.48466339 0 91.44777008 0 1516.37702856 0 14.56885427 0 200.17434593 0 48361
0.20950000 0.20950400 6229.72176364 0 121.90740349 0 1756.11500554 0 -84.20503025 0 493.46915805 0 46812
0.21050000 0.21050300 6054.31399386 0 168.15539702 0 1734.20287472 0 -50.49976627 0 472.28780067 0 48813
0.21150000 0.21149700 6062.00925961 0 95.08923627 0 1756.92328525 0 30.68573028 0 571.42164647 0 47215
0.21250000 0.21249000 5982.67605228 0 -53.18281202 0 1655.58936851 0 182.61253154 0 409.32834729 0 50004
0.21350000 0.21350300 6063.29364929 0 -66.03302003 0 1551.06662222 0 284.10810422 0 460.63639327 0 49509
0.21450000 0.21449800 6047.15019970 0 1.54358173 0 1399.39791685 0 192.42261133 0 132.68852616 0 49660
0.21550000 0.21550100 6030.49742318 0 78.46070813 0 1177.79640793 0 114.99495110 0 215.69110193 0 50841
0.21650000 0.21649800 5949.10476343 0 110.70962923 0 1045.74121875 0 162.73549402 0 275.29564090 0 50424
0.21750000 0.21750300 5919.19841410 0 37.88362720 0 975.31901844 0 1.53234332 0 107.78686764 0 52231
0.21850000 0.21850300 5907.82713651 0 68.94792026 0 948.90930928 0 168.95149718 0 397.76441125 0 51078
0.21950000 0.21950100 5827.29811810 0 139.50354209 0 1028.29012761 0 -119.06403047 0 221.25383792 0 52791
0.22050000 0.22050700 5744.28889894 0 157.03767567 0 1228.13119656 0 -120.52779181 0 549.56819898 0 52969
0.22150000 0.22150000 5646.44276452 0 120.26316325 0 1220.98954705 0 -85.37736800 0 344.76008511 0 52704
0.22250000 0.22250100 5523.48459741 0 154.02821778 0 1368.09645459 0 -4.80283126 0 579.80118190 0 54051
0.22350000 0.22349900 5537.33607575 0 25.92706652 0 1431.93947950 0 -25.43235505 0 466.12383745 0 53938
0.22450000 0.22449800 5489.24896907 0 37.81885410 0 1448.65868997 0 44.42582104 0 515.40564798 0 54735
0.22550000 0.22549100 5544.69917176 0 60.86999497 0 1466.79515803 0 -21.64274115 0 558.82244806 0 54774
0.22650000 0.22649900 5478.39809074 0 50.35405447 0 1296.24813884 0 84.27843976 0 390.43342499 0 56911
0.22750000 0.22749800 5376.57699171 0 32.53801950 0 1299.17123260 0 -73.42479336 0 426.52698943 0 54879
0.22850000 0.22849100 5403.28343917 0 52.65532646 0 1345.27639314 0 89.55927436 0 277.65847501 0 57210
0.22950000 0.22949800 5345.10944458 0 39.71266453 0 1156.33824244 0 75.27210003 0 109.68820726 0 57375
0.23050000 0.23049600 5364.58566393 0 43.04488069 0 1134.50361789 0 102.87418785 0 21.40723280 0 57604
0.23150000 0.23150100 5291.34223526 0 40.58350288 0 984.58212538 0 28.31005227 0 -73.44073750 0 58629
0.23250000 0.23250200 5303.08997189 0 57.38099469 0 1023.85123259 0 10.08449629 0 35.62930186 0 58560
0.23350000 0.23350400 5181.43833911 0 72.72513315 0 948.00027142 0 99.99316893 0 43.01553903 0 59305
0.23450000 0.23449700 5164.40910354 0 57.85345079 0 881.17546944 0 145.30654753 0 109.85373852 0 59196
0.23550000 0.23549300 5102.89126684 0 16.96335524 0 796.97376089 0 217.62875878 0 101.95784224 0 60063
0.23650000 0.23649900 5141.86585021 0 51.89986174 0 829.75670021 0 165.58329597 0 168.35248440 0 61537
0.23750000 0.23750400 5106.95481005 0 26.98967753 0 736.85103712 0 -12.51416296 0 59.76708069 0 61224
0.23850000 0.23850100 5046.83208629 0 119.58885867 0 736.52772524 0 51.28833724 0 202.10535938 0 61221
0.23950000 0.23949400 4960.23543388 0 147.77899766 0 672.24402181 0 -94.64689689 0 189.32125314 0 62332
0.24050000 0.24050100 4902.67041715 0 133.58427724 0 649.71959143 0 13.41888262 0 213.88520575 0 63447
0.24150000 0.24150500 4778.50536663 0 77.58931617 0 716.06053281 0 3.34727452 0 197.75615019 0 63342
0.24250000 0.24250300 4815.61979942 0 23.96870443 0 602.52048519 0 44.68037379 0 165.32641803 0 63379
0.24350000 0.24349600 4767.66556064 0 -3.88897694 0 677.41369026 0 -2.27949273 0 164.36423300 0 64266
0.24450000 0.24449500 4737.74813898 0 56.86070615 0 712.40223669 0 -12.81555164 0 60.79326376 0 64695
0.24550000 0.24549600 4767.20052299 0 32.62748388 0 672.22852055 0 40.38829779 0 272.46666190 0 65947
0.24650000 0.24650000 4755.06525499 0 0.75998112 0 626.27615809 0 97.28819997 0 185.30753540 0 66018
0.24750000 0.24750000 4825.14199877 0 -5.18373031 0 705.33366453 0 -22.89313880 0 164.87023825 0 66303
0.24850000 0.24849600 4751.89857009 0 129.25167654 0 664.55429222 0 3.54043122 0 344.29394024 0 66958
0.24950000 0.24949200 4694.71001241 0 136.00025851 0 656.79702145 0 34.20628668 0 428.80013772 0 66975
0.25050000 0.25048900 4598.65759460 0 134.61621791 0 742.68172337 0 -33.77944856 0 561.45433967 0 68676
0.25150000 0.25150000 4512.93565586 0 73.09959918 0 738.77097825 0 -33.67415075 0 384.36136206 0 69349
0.25250000 0.25249900 4455.32634983 0 67.17169791 0 895.75550676 0 35.07767864 0 462.69473845 0 68592
0.25350000 0.25349900 4484.05903273 0 58.83844481 0 776.07474779 0 -10.82872260 0 331.64602360 0 70437
0.25450000 0.25450100 4436.07157697 0 27.66331777 0 816.49759124 0 -34.97902423 0 423.01041907 0 70099
0.25550000 0.25550100 4430.66828246 0 -15.32398683 0 738.31922739 0 152.44930427 0 343.32400458 0 71064
0.25650000 0.25650300 4460.47498087 0 -30.35311764 0 629.52477819 0 118.87912265 0 237.87118301 0 71409
0.25750000 0.25750600 4426.95905364 0 103.08079743 0 645.19322504 0 9.77860117 0 221.12097002 0 72612
0.25850000 0.25850600 4370.80022216 0 102.65030544 0 593.26623611 0 48.69453443 0 198.43045477 0 71845
0.25950000 0.25949600 4327.98354209 0 43.82647610 0 560.86418476 0 3.89807839 0 247.30923268 0 72816
0.26050000 0.26049800 4285.20007899 0 32.25069267 0 579.87758094 0 -22.46818297 0 184.44389406 0 73743
0.26150000 0.26149900 4293.40467168 0 14.55113855 0 602.21821072 0 -79.80322751 0 126.27986456 0 74662
0.26250000 0.26250300 4343.21906104 0 -1.31139508 0 611.58096859 0 75.85228985 0 121.79668024 0 74931
0.26350000 0.26350100 4311.46363346 0 39.94385468 0 590.74728221 0 -56.96257154 0 163.84826267 0 75087
0.26450000 0.26450200 4278.63419037 0 131.00110386 0 515.65034636 0 46.20990474 0 -7.97908265 0 76678
0.26550000 0.26550600 4185.84810839 0 73.35149457 0 467.95409274 0 94.37861446 0 119.25336723 0 76035
0.26650000 0.26650100 4121.39610562 0 105.70405262 0 370.71250725 0 72.34158782 0 34.67508891 0 77094
0.26750000 0.26750600 4067.34101586 0 70.27217031 0 384.98694841 0 58.89624235 0 -0.53434597 0 78463
0.26850000 0.26850100 3996.36741377 0 102.65761317 0 317.51662989 0 -0.83175083 0 131.03653530 0 77076
0.26950000 0.26949700 3965.51991682 0 60.27087147 0 347.43294432 0 8.02815519 0 154.87082170 0 79149
0.27050000 0.27049900 3939.56638745 0 -10.98057954 0 355.89109325 0 -47.27639106 0 164.63329050 0 79648
0.27150000 0.27150200 3985.69369264 0 8.86245487 0 417.43218183 0 46.81666814 0 102.27451073 0 80241
0.27250000 0.27250500 3962.16500240 0 48.84611455 0 373.71421451 0 29.49921995 0 159.15138248 0 80835
0.27350000 0.27350000 3968.05547921 0 43.38867637 0 362.69725132 0 37.02463624 0 168.05906779 0 80680
0.27450000 0.27450400 3928.60478588 0 65.05134771 0 397.28165789 0 9.52740334 0 236.20147643 0 82617
0.27550000 0.27550800 3927.28717922 0 15.35609657 0 336.06388120 0 69.77114761 0 137.29018436 0 82548
0.27650000 0.27649900 3885.62202093 0 27.86195528 0 349.14694020 0 103.69852243 0 175.89495207 0 81181
0.27750000 0.27748900 3878.53573305 0 68.26774735 0 270.04957340 0 -32.78127847 0 151.77721415 0 84096
0.27850000 0.27849800 3869.41213740 0 26.42432463 0 205.21668265 0 33.36434710 0 157.39531176 0 85215
0.27950000 0.27950200 3871.31657727 0 -15.52605675 0 199.49450519 0 20.11476033 0 142.25280034 0 84514
0.28050000 0.28050300 3846.50349735 0 45.71153940 0 268.66885449 0 -98.26500047 0 6.92156491 0 85815
0.28150000 0.28150100 3868.08345842 0 93.80473586 0 316.45700841 0 -163.59138473 0 -121.21649042 0 85485
0.28250000 0.28250000 3753.50704120 0 123.80852166 0 354.17377567 0 -120.72045027 0 31.12751604 0 87220
0.28350000 0.28350400 3718.02024015 0 96.63880812 0 340.82276641 0 -45.11662339 0 24.09603616 0 87147
0.28450000 0.28449700 3712.34013752 0 29.82330690 0 376.02390147 0 66.25180917 0 -53.03931469 0 87102
0.28550000 0.28549800 3676.60974533 0 34.16244027 0 341.14607829 0 137.09198974 0 -48.16516658 0 88971
0.28650000 0.28649900 3686.63019929 0 12.24134087 0 269.09624623 0 86.26348615 0 44.31565141 0 89434
0.28750000 0.28750100 3651.98489493 0 58.21817317 0 181.75664083 0 114.33614777 0 86.28585225 0 89619
0.28850000 0.28849900 3674.59458221 0 25.22308811 0 131.16165257 0 138.43727721 0 297.99501401 0 90240
0.28950000 0.28950100 3602.69090484 0 45.08263135 0 89.51686735 0 145.04856236 0 292.90395906 0 91333
0.29050000 0.29050500 3592.71474018 0 12.56664578 0 29.74413978 0 111.63117882 0 298.90294464 0 92139
0.29150000 0.29150600 3591.47463980 0 63.03242000 0 16.34009407 0 9.55055557 0 211.35296507 0 92370
0.29250000 0.29250200 3520.36816981 0 122.86848128 0 53.02270620 0 -132.87786292 0 321.76508093 0 91819
0.29350000 0.29349600 3480.62959604 0 121.16555772 0 83.74176418 0 -126.86669777 0 324.46119202 0 93552
0.29450000 0.29450000 3373.75951689 0 58.87985530 0 178.57666914 0 -111.49609646 0 259.24519884 0 94701
0.29550000 0.29550200 3396.59065067 0 26.54711671 0 236.76284329 0 23.08114687 0 248.78628082 0 95020
0.29650000 0.29650300 3372.89587556 0 32.12236442 0 238.35615084 0 -5.77965390 0 92.75829044 0 95151
0.29750000 0.29749800 3358.43541934 0 33.64181956 0 208.34461442 0 -14.88264396 0 42.62202860 0 95802
0.29850000 0.29850000 3333.79949662 0 43.21506232 0 210.87574787 0 16.23756435 0 112.73730407 0 97399
0.29950000 0.29950700 3366.20819136 0 35.96745066 0 183.85816808 0 9.82465097 0 137.13406458 0 97881
0.30050000 0.30050300 3327.49934380 0 21.92109940 0 192.95519015 0 39.37385139 0 68.81339152 0 97188
0.30150000 0.30149700 3348.90214767 0 56.28793479 0 115.37362461 0 -14.57084729 0 94.67944952 0 98263
0.30250000 0.30249700 3286.62032057 0 72.54100039 0 187.77223490 0 -7.17229770 0 19.66887781 0 100050
0.30350000 0.30350600 3233.12991937 0 103.50376023 0 132.14708948 0 -25.32318192 0 128.66262886 0 100779
0.30450000 0.30450500 3186.92510790 0 55.22000906 0 179.78798148 0 27.21699236 0 162.26824191 0 99982
0.30550000 0.30550300 3198.68391686 0 -23.60852170 0 122.66585774 0 59.68282030 0 160.49999164 0 101559
0.30650000 0.30649700 3252.92723615 0 -38.84282270 0 86.09153295 0 31.43709824 0 94.40419153 0 100935
0.30750000 0.30749800 3307.42521890 0 -19.88157717 0 117.28802957 0 20.48081139 0 108.15712619 0 103762
0.30850000 0.30850200 3283.22111685 0 35.90876734 0 104.72880225 0 11.30727955 0 124.35328004 0 102951
0.30950000 0.30950100 3268.74958831 0 85.73954374 0 71.99148091 0 15.32033296 0 110.76753749 0 104394
0.31050000 0.31050000 3207.36461952 0 88.09695242 0 36.70663907 0 56.72041979 0 94.77134982 0 103963
0.31150000 0.31149700 3154.29496666 0 56.61578633 0 21.40656846 0 39.79858577 0 34.40248827 0 105936
0.31250000 0.31250000 3129.39330814 0 55.69877638 0 21.34788514 0 78.09742515 0 133.03730439 0 105717
0.31350000 0.31349800 3108.20087844 0 51.00975755 0 20.00603010 0 28.59538608 0 192.49568867 0 106776
0.31450000 0.31450400 3105.51030351 0 54.71632900 0 -16.66074860 0 46.77492547 0 235.87041391 0 108733
0.31550000 0.31549900 3054.42259680 0 15.56680291 0 63.91034464 0 28.93120969 0 275.58241411 0 105891
0.31650000 0.31650000 3082.85632693 0 28.86632586 0 7.02172516 0 1.71317653 0 246.48988065 0 111072
0.31750000 0.31750600 3108.33374634 0 44.44962654 0 86.61458957 0 -85.05649202 0 258.31955248 0 108121
0.31850000 0.31849900 3046.89341592 0 74.50046971 0 111.00005631 0 -83.26033949 0 302.33979427 0 110484
0.31950000 0.31950100 3061.98499465 0 8.89734377 0 66.98955817 0 -50.62986608 0 264.19452803 0 110817
0.32050000 0.32049800 3038.27914721 0 5.72469088 0 71.37298084 0 35.08022528 0 214.87396436 0 111088
0.32150000 0.32149900 3076.19078739 0 18.28085117 0 10.79855052 0 64.08783401 0 103.53188394 0 112635
0.32250000 0.32250100 3021.64851533 0 24.99688051 0 -41.44935868 0 128.45668362 0 84.49412865 0 113202
0.32350000 0.32350400 3015.07155439 0 53.54930597 0 -158.19694808 0 55.75469162 0 45.87873150 0 113863
0.32450000 0.32450300 3013.22247615 0 64.09115570 0 -157.50935671 0 50.72364867 0 156.35229876 0 114045
0.32550000 0.32549900 2947.46393905 0 63.73064081 0 -132.10501464 0 17.50767073 0 111.83048067 0 114828
0.32650000 0.32650300 2924.74352852 0 44.14502688 0 -122.52413198 0 -24.71752576 0 156.52170533 0 116431
0.32750000 0.32750400 2892.23518285 0 75.34141278 0 -108.79489210 0 -3.13525057 0 145.20025321 0 116442
0.32850000 0.32850400 2873.09113324 0 61.16761906 0 -92.22183631 0 -91.43968728 0 198.47031514 0 116955
0.32950000 0.32949800 2849.36314116 0 52.90068918 0 -45.41546543 0 -23.74150032 0 296.23894329 0 117028
0.33050000 0.33049700 2841.12533149 0 45.71275735 0 -131.88910431 0 -20.07645008 0 193.46119539 0 119061
0.33150000 0.33150100 2828.71325537 0 16.68787580 0 -120.10372177 0 13.04906697 0 195.98568545 0 120060
0.33250000 0.33250400 2856.25012719 0 23.06332043 0 -162.14755357 0 -37.84099875 0 153.30519497 0 119737
0.33350000 0.33350100 2818.62636746 0 32.78415728 0 -146.72491233 0 45.62107850 0 127.58196996 0 120531
0.33450000 0.33450000 2826.12233136 0 31.82108647 0 -106.72779978 0 -4.38923564 0 92.51813172 0 121704
0.33550000 0.33550300 2819.89968481 0 58.50494639 0 -99.77172243 0 -14.08255777 0 68.51200283 0 122761
0.33650000 0.33650300 2769.86384896 0 83.12370700 0 -111.21043048 0 -10.25979333 0 90.90799424 0 122472
0.33750000 0.33749900 2730.00347961 0 64.02295018 0 -61.74083331 0 -35.39556509 0 180.48110901 0 122985
0.33850000 0.33849800 2746.54553289 0 30.76844055 0 -80.54451966 0 16.82849432 0 134.17443215 0 125380
0.33950000 0.33950300 2729.84846706 0 -4.57717728 0 -88.75819166 0 14.31208706 0 144.21703076 0 125223
0.34050000 0.34050000 2745.17256461 0 18.86945596 0 -110.42684205 0 56.28306296 0 122.22296474 0 125178
0.34150000 0.34149900 2739.89106567 0 48.19251522 0 -107.38305996 0 15.86154820 0 122.94045139 0 127059
0.34250000 0.34250300 2724.69983602 0 52.56918377 0 -184.52693650 0 42.48871781 0 154.32938502 0 127957
0.34350000 0.34349800 2654.93311734 0 43.43706243 0 -217.97310808 0 106.97858793 0 117.30242359 0 126732
0.34450000 0.34449700 2666.28225028 0 61.18887792 0 -342.95529617 0 101.06884528 0 152.29207725 0 129639
0.34550000 0.34550000 2647.30428554 0 19.67873218 0 -343.00622886 0 9.01428966 0 105.38007640 0 129826
0.34650000 0.34650400 2635.89979098 0 -8.49243992 0 -350.88972413 0 13.45885371 0 112.97978798 0 130875
0.34750000 0.34750200 2660.44713510 0 15.32985516 0 -346.26924298 0 -71.75907281 0 111.13070974 0 130686
0.34850000 0.34850200 2666.86908349 0 55.65205117 0 -321.85144506 0 -72.34756687 0 98.55487393 0 132211
0.34950000 0.34950400 2634.92542639 0 64.13101607 0 -318.02374237 0 -15.54034005 0 97.07085024 0 132768
0.35050000 0.35050300 2620.54247645 0 57.36316825 0 -292.52860724 0 -38.83186109 0 64.62129862 0 132957
0.35150000 0.35150100 2601.14376337 0 28.83366251 0 -249.99870038 0 -17.79964793 0 106.47302558 0 133987
0.35250000 0.35249800 2584.70136102 0 31.95627955 0 -251.48460637 0 26.97960172 0 33.44340350 0 134778
0.35350000 0.35349800 2585.45427910 0 43.42311130 0 -265.42577055 0 19.95996923 0 80.27180830 0 135699
0.35450000 0.35450100 2548.14054446 0 52.31595971 0 -294.91358601 0 30.06678732 0 89.11693498 0 137380
0.35550000 0.35550100 2543.39051712 0 34.90173940 0 -295.85694808 0 40.60376524 0 142.38566824 0 136161
0.35650000 0.35649900 2532.55071112 0 36.78337028 0 -329.61646646 0 11.21980819 0 96.77998027 0 138792
0.35750000 0.35750000 2537.92078866 0 53.41832036 0 -314.58246382 0 9.13082588 0 149.15085870 0 138097
0.35850000 0.35849800 2516.94980545 0 39.15196201 0 -332.41887187 0 -38.59956372 0 195.88603453 0 140028
0.35950000 0.35950300 2478.34060881 0 50.47020316 0 -277.15357700 0 45.16368077 0 225.34284748 0 141099
0.36050000 0.36050500 2465.44135039 0 66.73024432 0 -300.33681071 0 -3.52336877 0 277.94081930 0 140821
0.36150000 0.36150200 2434.21739440 0 61.06730380 0 -261.57370875 0 62.22170438 0 292.38909595 0 141756
0.36250000 0.36250400 2405.25219268 0 83.06347356 0 -279.04583731 0 9.90646438 0 358.62927918 0 142971
0.36350000 0.36349900 2365.32538938 0 45.58697574 0 -246.36808507 0 -21.96882112 0 385.58596118 0 142270
0.36450000 0.36450000 2378.01427363 0 27.50376557 0 -249.60009669 0 -26.45577003 0 313.25710654 0 145311
0.36550000 0.36550300 2361.69366684 0 32.52960453 0 -247.88056464 0 -42.82420925 0 381.14153000 0 145434
0.36650000 0.36650100 2349.63590512 0 34.62293826 0 -243.62989915 0 -24.28758738 0 296.03964144 0 144547
0.36750000 0.36749600 2339.06183491 0 32.68439563 0 -272.24300094 0 39.14465427 0 385.73654480 0 146892
0.36850000 0.36849900 2355.34922472 0 39.35990027 0 -283.78700680 0 65.53786566 0 273.14982435 0 148113
0.36950000 0.36949900 2317.36007827 0 46.00362733 0 -334.87582075 0 9.77670780 0 258.64064990 0 147387
0.37050000 0.37049800 2269.90409410 0 55.04329475 0 -305.74896308 0 -0.50373985 0 150.79177724 0 149758
0.37150000 0.37150100 2260.63655822 0 61.97877757 0 -334.47721705 0 -47.45709141 0 182.06445146 0 150099
0.37250000 0.37250000 2228.57110555 0 70.75879899 0 -276.33090327 0 -104.76954841 0 133.43480085 0 150468
0.37350000 0.37349800 2203.81338725 0 54.31097119 0 -247.88942250 0 -58.58765665 0 137.15620923 0 150709
0.37450000 0.37449700 2202.63972082 0 15.92244598 0 -284.34505197 0 -21.58062541 0 109.59353889 0 153108
0.37550000 0.37550100 2207.87693046 0 6.69740569 0 -286.49640468 0 34.62426694 0 87.69436269 0 153189
0.37650000 0.37649900 2267.42389334 0 -2.00126735 0 -336.46691382 0 54.57117082 0 53.44533684 0 153547
0.37750000 0.37749900 2230.87414911 0 53.65482522 0 -283.38065248 0 8.12382008 0 82.45183833 0 155424
0.37850000 0.37850200 2244.42667469 0 59.63410207 0 -301.82050223 0 -17.02480664 0 96.16568768 0 155313
0.37950000 0.37949900 2182.68739150 0 36.52173124 0 -306.45869910 0 -20.54226279 0 150.22376698 0 156100
0.38050000 0.38050000 2203.33727729 0 52.03405832 0 -313.09766506 0 -51.48863559 0 96.45080005 0 157557
0.38150000 0.38149800 2193.33896798 0 25.75954224 0 -279.40125894 0 4.17129907 0 42.14093609 0 157692
0.38250000 0.38250100 2174.70424531 0 44.53621212 0 -264.06719630 0 -54.65089156 0 30.42065882 0 159703
0.38350000 0.38350500 2154.80727761 0 62.48478282 0 -289.36081511 0 -75.62309273 0 16.74091223 0 160338
0.38450000 0.38450600 2133.89165602 0 39.85505463 0 -249.73850075 0 -17.12290744 0 59.11292774 0 160167
0.38550000 0.38550000 2136.87011140 0 29.82142460 0 -247.04571135 0 34.28733610 0 56.19315569 0 160033
0.38650000 0.38649600 2155.06194108 0 16.57338796 0 -256.73842450 0 73.20500771 0 56.22139012 0 162444
0.38750000 0.38750200 2104.26211481 0 52.33212530 0 -283.03519594 0 95.47256015 0 127.56425424 0 164307
0.38850000 0.38850400 2113.06461304 0 58.61865916 0 -318.85527396 0 80.30159285 0 174.19756467 0 163882
0.38950000 0.38950500 2065.32074842 0 42.48694624 0 -371.37131058 0 67.57306969 0 207.48761647 0 164595
0.39050000 0.39050100 2045.13590028 0 48.94410463 0 -373.61677805 0 65.55735296 0 303.51013900 0 165006
0.39150000 0.39150100 2044.21689732 0 26.45200544 0 -435.36602633 0 45.31271426 0 276.38847936 0 166687
0.39250000 0.39250100 2057.40403618 0 17.53291563 0 -445.37762244 0 -28.37117150 0 316.16580627 0 167256
0.39350000 0.39350100 2039.46686997 0 27.41352613 0 -422.71368076 0 -53.38698569 0 279.29496462 0 167937
0.39450000 0.39449600 2051.00423243 0 61.18278814 0 -409.43131991 0 -83.60900700 0 171.61106960 0 167719
0.39550000 0.39549700 2014.50984983 0 61.91942991 0 -362.11263257 0 -91.69745100 0 192.57098048 0 171636
0.39650000 0.39650400 2016.91254431 0 52.45126351 0 -338.93493502 0 -78.76021452 0 109.12783690 0 171093
0.39750000 0.39750000 2008.71902395 0 38.50102003 0 -345.30595072 0 -34.70110887 0 109.70714094 0 170464
0.39850000 0.39849800 1991.85587325 0 35.26380442 0 -290.02183290 0 -6.93475205 0 111.20046539 0 172113
0.39950000 0.39949500 1992.05517510 0 22.82559761 0 -328.19477995 0 17.59979247 0 21.04129247 0 173232
