### header ###
fiducial parameters:
Omega_m = 0.31
Omega_nu = 0
Omega_de = 0.69
Omega_k = 0
H_0 = 100
w_de = -1
zeff = 0
beta = 0
fgrowth = 0
b_1 = 2
gamma = 0.55
Lx = 3500 Ly = 3500 Lz = 3500
nx = 700 ny = 700 nz = 700
xoffset = -685.467585 yoffset = -31.7331281 zoffset = 572.489161
bins = 400 dk = 0.001
kx_ny = 0.628318531 ky_ny = 0.628318531 kz_ny = 0.628318531
############################
A(data) = 8.01330669 (not used)
A(ran) = 8.00581275 (used)
Ngal = 475881
weighted Ngal = 0
Nran = 23820508
weighted Nran = 0
SN(data) = 3493.14508
SN(ran) = 69.7335325
SN(data+ran) = 3562.87861
############################
13 columns: k_central k_mean P_0(k) sigma^{lin}_{P_0(k)} P^img_1(k) sigma^{lin}_{P_1(k)} P_2(k) sigma^{lin}_{P_2(k)} P^img_3(k) sigma^{lin}_{P_3(k)} P_4(k) sigma^{lin}_{P_4(k)} N_modes
### header ###
0.00050000 0 0 0 0 0 0 0 0 0 0 0 0
0.00150000 0.00179520 27442.42489327 0 -23707.06539245 0 12100.83307105 0 16352.38435491 0 -86277.76945186 0 3
0.00250000 0.00253879 49554.85406534 0 -26456.65581467 0 29307.33656247 0 -41613.45053566 0 33551.35866546 0 6
0.00350000 0.00331552 61153.88937561 0 -12934.80057639 0 17907.71382219 0 11240.29198615 0 26902.53833511 0 7
0.00450000 0.00420575 72145.60766958 0 -711.92391226 0 37711.78471607 0 1326.34271770 0 8610.96915611 0 24
0.00550000 0.00557378 85451.66329714 0 5028.41881011 0 52768.48562070 0 16537.40290263 0 -407.69850108 0 45
0.00650000 0.00659388 78693.33767433 0 10243.07412368 0 78747.81351244 0 -5088.09864089 0 8524.04033396 0 40
0.00750000 0.00754703 81613.66334525 0 13633.02137945 0 59176.59360950 0 -778.71549726 0 -12879.10678255 0 57
0.00850000 0.00846663 81086.17779089 0 -12.31895787 0 65755.21540049 0 8799.54192010 0 -33758.52186282 0 75
0.00950000 0.00948925 84029.42317418 0 -5345.88450731 0 59542.86611450 0 5754.28720825 0 -48794.18535030 0 112
0.01050000 0.01054430 88613.14420260 0 -1212.65208646 0 82582.71321338 0 1029.13937492 0 -18687.53765917 0 105
0.01150000 0.01145670 94301.66180143 0 400.34979910 0 57102.30427797 0 11893.55915045 0 -27706.72128669 0 144
0.01250000 0.01249090 94327.57104151 0 3961.03562527 0 56514.69599985 0 7413.47508232 0 -17751.48331900 0 169
0.01350000 0.01339930 96823.71594862 0 4774.30895553 0 48543.61863965 0 -1374.17516092 0 -32166.43227715 0 180
0.01450000 0.01448870 88422.58949248 0 14087.98320625 0 61032.20452585 0 23107.83117327 0 -8520.22038190 0 267
0.01550000 0.01550050 76471.34352973 0 9201.06870732 0 63312.77126875 0 13845.27784623 0 18964.45650288 0 238
0.01650000 0.01653350 72616.40292087 0 8677.32559875 0 52175.11973367 0 32881.04012094 0 -3258.96165317 0 315
0.01750000 0.01747870 72397.94595219 0 310.49345426 0 59487.94738340 0 32865.64958944 0 12642.04830819 0 297
0.01850000 0.01844180 69638.83333064 0 -3728.29535758 0 28325.77496730 0 30965.19575757 0 6901.09217902 0 388
0.01950000 0.01947590 72332.06561952 0 -3946.74125393 0 23551.27778225 0 16752.42745061 0 16189.28901034 0 399
0.02050000 0.02045430 73340.20079426 0 165.90550062 0 12452.82227704 0 7046.28357436 0 3475.40345873 0 462
0.02150000 0.02154770 75461.65822951 0 1260.30737248 0 11248.26406001 0 -10253.55961528 0 -9825.29316362 0 571
0.02250000 0.02255340 65576.06518493 0 1447.72861469 0 3365.84280465 0 -5760.94167547 0 4368.68540812 0 510
0.02350000 0.02348930 71526.77543546 0 1830.99713829 0 17337.71054053 0 -8887.10186476 0 -11320.45561783 0 555
0.02450000 0.02439640 66253.13784759 0 -325.35583587 0 13184.59222430 0 773.48271655 0 -5429.76844014 0 592
0.02550000 0.02547300 66235.86502087 0 5923.61627170 0 17016.61312078 0 1297.38858830 0 -12356.60377436 0 837
0.02650000 0.02652900 62118.28886731 0 6318.32250684 0 18143.88651057 0 -2739.65854685 0 -4783.36611723 0 723
0.02750000 0.02749970 57016.49376063 0 5104.75141741 0 19830.09085720 0 -5516.95192576 0 -7273.18872687 0 826
0.02850000 0.02848090 56125.06088948 0 2097.62979224 0 23260.40780927 0 -5220.10289737 0 -10731.38579283 0 831
0.02950000 0.02946900 55057.13516072 0 -2065.35396540 0 25591.90724633 0 -2810.11174967 0 -12106.14778696 0 996
0.03050000 0.03053250 56746.88265129 0 2497.39607982 0 27415.18697422 0 -2567.45067895 0 -20659.29726287 0 1041
0.03150000 0.03150510 54467.53386413 0 2071.70947984 0 24351.14252715 0 -2924.59958830 0 -17700.32917834 0 1036
0.03250000 0.03246190 52754.42376818 0 641.74862479 0 20416.70262609 0 8821.59799114 0 -24555.20547356 0 1059
0.03350000 0.03345080 54384.26998149 0 -1107.56465161 0 23912.34629459 0 2700.27428747 0 -14777.56759596 0 1302
0.03450000 0.03451200 53083.05036880 0 1272.45371281 0 22499.07475474 0 2053.10797415 0 -22330.11107800 0 1339
0.03550000 0.03553350 54913.30566132 0 3735.97955101 0 27074.82370929 0 1326.87418929 0 -11528.83677092 0 1365
0.03650000 0.03647120 50490.35478927 0 -354.27896276 0 18242.31947821 0 986.45113381 0 -4130.46433965 0 1308
0.03750000 0.03744890 50453.59467087 0 -79.23920329 0 23392.27919786 0 451.90032899 0 -2339.42722163 0 1579
0.03850000 0.03847530 53233.52326309 0 -507.73363412 0 25643.50427998 0 6192.90628362 0 -6180.35026727 0 1662
0.03950000 0.03950240 51305.16717267 0 1363.75610326 0 21622.47879885 0 6895.34564244 0 -1507.58560266 0 1683
0.04050000 0.04050350 49092.69522741 0 2010.94456124 0 17859.32776273 0 5974.61539982 0 3137.67540711 0 1822
0.04150000 0.04152450 48336.01254930 0 -446.78602215 0 18644.13414588 0 6612.24844147 0 -662.98977272 0 1887
0.04250000 0.04250150 49242.94667520 0 788.10925764 0 16424.68663598 0 5735.45318373 0 3715.05285710 0 1920
0.04350000 0.04349210 46806.92449185 0 1756.96757455 0 16666.61693327 0 -3170.59342879 0 4824.56623788 0 2005
0.04450000 0.04448520 45313.93221330 0 3376.35044090 0 16489.57045942 0 446.44942348 0 6855.82851516 0 2151
0.04550000 0.04548030 42413.09383407 0 3169.58584724 0 19855.44648104 0 -1911.57044599 0 7969.15077567 0 2274
0.04650000 0.04648670 41760.04811626 0 1251.07305358 0 20470.95701771 0 1186.90893126 0 9553.62260187 0 2311
0.04750000 0.04749250 41215.51118168 0 -569.44745096 0 21141.49700872 0 120.05500354 0 3399.34765955 0 2568
0.04850000 0.04851840 40562.35474063 0 783.04920520 0 19424.95449209 0 1790.17347668 0 299.15539365 0 2493
0.04950000 0.04949480 40650.71189268 0 2291.91587584 0 20103.46655698 0 389.39484092 0 489.38347019 0 2644
0.05050000 0.05050630 36863.31246522 0 1335.02342036 0 16268.01323980 0 136.54612413 0 -1801.04649965 0 2829
0.05150000 0.05149060 36377.12668243 0 1144.64586743 0 14276.98779091 0 2922.21903846 0 -4532.52259846 0 2784
0.05250000 0.05249300 34129.55546749 0 1941.22213185 0 14922.50432783 0 340.03330965 0 -6592.66149887 0 3055
0.05350000 0.05348950 33669.27892478 0 786.77947143 0 11568.58641702 0 1609.08560427 0 -5366.08042778 0 3009
0.05450000 0.05448610 33586.67938163 0 -815.25084747 0 10584.37853621 0 519.28981953 0 -5715.58943301 0 3336
0.05550000 0.05550870 34901.18578410 0 -1469.56323923 0 10433.09736222 0 524.85587722 0 -1966.46703244 0 3349
0.05650000 0.05647670 35829.04660391 0 -814.76477241 0 12080.23854689 0 592.33837529 0 -3867.13123849 0 3324
0.05750000 0.05747970 36555.50183526 0 1028.69980362 0 11873.40751928 0 -169.83506870 0 -1439.28043085 0 3639
0.05850000 0.05849280 35536.29433570 0 1121.16146649 0 11637.23483089 0 2126.17424563 0 -431.16850800 0 3846
0.05950000 0.05951020 33601.84846664 0 1432.22735994 0 13112.73283623 0 2309.41014905 0 -407.85019193 0 3787
0.06050000 0.06049470 33436.31721060 0 339.20952868 0 10689.01200575 0 3202.78067704 0 300.50289558 0 3930
0.06150000 0.06148310 32308.15803482 0 203.14062175 0 10911.94219365 0 2163.46583561 0 -93.50999058 0 4083
0.06250000 0.06249100 32430.61794732 0 25.29339737 0 8125.72452093 0 -270.03739384 0 -576.85262180 0 4303
0.06350000 0.06350600 32388.21094326 0 597.53129563 0 9769.52186351 0 -1065.88620653 0 -1339.57414586 0 4470
0.06450000 0.06451750 31578.93472227 0 1323.31997303 0 9512.47784285 0 -1680.84534142 0 -877.45295383 0 4479
0.06550000 0.06550280 30631.69733403 0 1632.39284801 0 11961.43250158 0 -2242.81011526 0 -1270.43854969 0 4636
0.06650000 0.06648880 29289.17794977 0 1095.68183261 0 12683.34807976 0 -98.39875415 0 603.20254040 0 4653
0.06750000 0.06749660 28443.03088713 0 753.50824258 0 12115.00564682 0 3280.65233749 0 646.50308107 0 5220
0.06850000 0.06852730 28385.34407483 0 212.62517519 0 11979.14822129 0 424.96689886 0 -784.08889650 0 5029
0.06950000 0.06949320 27565.88131500 0 1070.59194457 0 11458.97040131 0 2394.62276085 0 451.58255326 0 5040
0.07050000 0.07048030 26978.16231362 0 1369.40298892 0 11741.75757718 0 267.05893846 0 1510.11009272 0 5475
0.07150000 0.07148790 25688.12574900 0 777.67469873 0 9642.63302109 0 1231.50825563 0 2681.05273159 0 5509
0.07250000 0.07249820 25790.32330708 0 -634.18290524 0 9359.86798987 0 1859.14298797 0 1543.01704208 0 5916
0.07350000 0.07351270 26512.90322474 0 -1258.69081306 0 9004.37992924 0 2288.15128540 0 1827.74187479 0 5721
0.07450000 0.07449140 27388.50267140 0 -1219.41727693 0 8996.19748120 0 770.52640583 0 266.87845957 0 6028
0.07550000 0.07549160 28415.79296808 0 -313.41101185 0 8213.49483977 0 -590.12391032 0 1579.82144977 0 6183
0.07650000 0.07648840 28206.96892200 0 339.66792293 0 7886.75053437 0 -794.18353503 0 207.54408533 0 6330
0.07750000 0.07749960 27654.45991355 0 976.55358266 0 8768.05222831 0 117.04333119 0 1551.68667241 0 6583
0.07850000 0.07848650 26603.91773475 0 1222.00820093 0 8190.09901743 0 180.86974761 0 -325.47873867 0 6549
0.07950000 0.07947320 26200.22077187 0 1274.65710545 0 8654.36159708 0 158.38185590 0 -512.46151681 0 6828
0.08050000 0.08048110 24865.56273823 0 900.26194296 0 7703.35961840 0 -391.04461732 0 -1449.32302946 0 7147
0.08150000 0.08149960 24104.56185344 0 301.95337013 0 7344.45020941 0 669.31982082 0 -1004.34733242 0 7386
0.08250000 0.08250610 24179.52149246 0 66.90485489 0 6778.80942372 0 838.14066456 0 -1270.74857479 0 7227
0.08350000 0.08350160 23614.94364996 0 360.72748473 0 6790.30249688 0 501.78779569 0 -1926.30771032 0 7798
0.08450000 0.08449610 23870.27146028 0 656.54900138 0 6620.70769763 0 556.61130480 0 -2201.43283742 0 7371
0.08550000 0.08548940 22416.91810458 0 867.63623065 0 6958.62397877 0 -91.98809953 0 -103.86073199 0 8256
0.08650000 0.08650700 21910.35924413 0 802.59628743 0 6864.79709826 0 788.66176665 0 -466.41614682 0 8037
0.08750000 0.08749060 21400.92157922 0 215.24599447 0 7635.27589309 0 534.40797184 0 1276.65012391 0 8155
0.08850000 0.08849210 21389.07419167 0 211.43379304 0 7095.27861169 0 156.61249840 0 963.22139634 0 8718
0.08950000 0.08949900 20911.41409899 0 254.25047311 0 7446.42632098 0 3.02844692 0 15.14937626 0 8571
0.09050000 0.09049190 20781.31428237 0 533.00067935 0 7522.45997551 0 -1168.52887206 0 -456.33036615 0 8932
0.09150000 0.09150830 20059.50942745 0 812.10962892 0 7752.18857085 0 -847.69940258 0 -831.79290075 0 9285
0.09250000 0.09250820 19442.44876530 0 1240.14466899 0 7641.69784149 0 -441.21553554 0 -573.66822118 0 9204
0.09350000 0.09350330 19054.80667340 0 290.58984317 0 7902.20749982 0 288.53371245 0 -813.02752464 0 9349
0.09450000 0.09448040 18389.35995180 0 335.74721271 0 7379.04015214 0 1355.81724637 0 -898.26892449 0 9564
0.09550000 0.09549270 18372.75146457 0 416.01160255 0 7571.23356634 0 899.02184258 0 -984.56440966 0 10155
0.09650000 0.09649430 17943.03453836 0 59.82199942 0 6455.88507038 0 703.96955411 0 -268.99438084 0 9913
0.09750000 0.09749140 18039.14231779 0 334.49604000 0 7414.98091850 0 -411.82183484 0 -557.63770931 0 10476
0.09850000 0.09850240 17771.30278042 0 86.09053644 0 6841.06910618 0 -55.34479416 0 203.78392382 0 10575
0.09950000 0.09950330 18048.00017764 0 59.78867173 0 6972.74119292 0 -426.92448589 0 -837.34788611 0 10882
0.10050000 0.10051200 17930.19064157 0 -119.47370649 0 7425.71000125 0 268.80836578 0 -394.99633005 0 10875
0.10150000 0.10150300 17995.84952775 0 176.33673783 0 6993.16963221 0 -48.59554784 0 -1329.08865426 0 11118
0.10250000 0.10250800 17732.54964356 0 306.66464434 0 7231.49035161 0 606.05809297 0 -1120.88465837 0 11575
0.10350000 0.10349800 17570.78297796 0 366.64453511 0 7071.05236498 0 68.39928657 0 -1243.80960850 0 11364
0.10450000 0.10450100 16963.24451516 0 451.73313688 0 6997.14459682 0 -119.07953173 0 -756.25860807 0 12093
0.10550000 0.10551000 16800.37061708 0 658.26299726 0 7618.66740586 0 446.08182229 0 -265.16667815 0 12067
0.10650000 0.10649700 16305.10552794 0 383.18437393 0 7307.21398104 0 151.10180234 0 70.63246376 0 12054
0.10750000 0.10749900 15902.62652078 0 226.91179590 0 7424.69134737 0 435.38706375 0 280.59374832 0 12807
0.10850000 0.10850100 15958.98465411 0 132.20909450 0 6988.09850744 0 896.94467444 0 279.00486971 0 12736
0.10950000 0.10950300 15470.25223661 0 23.68558508 0 6538.92750652 0 1003.18363108 0 169.21058958 0 12933
0.11050000 0.11050200 15528.49266516 0 61.31986352 0 5937.04700171 0 807.06950666 0 438.26033204 0 13428
0.11150000 0.11150900 15300.07060415 0 141.01048550 0 5699.57885132 0 1187.08608846 0 115.97928078 0 13453
0.11250000 0.11250000 15147.71541465 0 421.61198444 0 4852.45742410 0 689.84126764 0 207.71570637 0 13668
0.11350000 0.11349100 14989.38116974 0 15.46316595 0 4304.51021347 0 617.04958982 0 912.49796912 0 13791
0.11450000 0.11448600 14842.00852640 0 95.88422919 0 4219.29760167 0 746.26362045 0 1161.33186093 0 14205
0.11550000 0.11549300 14874.78260787 0 -176.38213436 0 4479.72975373 0 -110.76864472 0 807.63640969 0 14776
0.11650000 0.11649800 14983.40211434 0 154.34710074 0 4607.62617771 0 23.11735337 0 1125.76755361 0 14553
0.11750000 0.11747300 14897.70232024 0 418.86272619 0 4916.17865343 0 51.56425957 0 1886.27018378 0 14568
0.11850000 0.11849100 14476.40036089 0 337.76459029 0 5119.71012824 0 -42.55437670 0 1928.90970666 0 16015
0.11950000 0.11950300 14421.37090654 0 216.25136157 0 5281.18891340 0 185.57770012 0 2066.43905323 0 15270
0.12050000 0.12050700 13956.55471066 0 408.18457614 0 5275.54202774 0 82.11136435 0 926.46902857 0 15999
0.12150000 0.12150000 13859.89331499 0 446.90449603 0 5326.97297652 0 -166.67613443 0 1224.06765335 0 15670
0.12250000 0.12250700 13384.66913377 0 126.21785954 0 5433.02370364 0 -197.83476370 0 716.33180477 0 16887
0.12350000 0.12352200 13249.58677098 0 129.22067403 0 4728.94564074 0 114.96727029 0 919.96625221 0 16407
0.12450000 0.12449800 13396.51652133 0 -131.95664549 0 4872.38760877 0 367.70747830 0 277.80684416 0 16306
0.12550000 0.12549900 13385.88708950 0 -126.71057799 0 4540.07392399 0 226.30171081 0 158.73727753 0 17523
0.12650000 0.12650100 13533.92407233 0 182.47302024 0 4546.04190707 0 556.11858634 0 80.66011473 0 17154
0.12750000 0.12750600 13317.12795238 0 225.28970032 0 4222.20962309 0 118.86472863 0 469.18865696 0 18007
0.12850000 0.12850300 13182.04558959 0 126.22450293 0 4372.39463693 0 354.21474327 0 702.49472044 0 17496
0.12950000 0.12949900 13028.91533735 0 40.30414813 0 4345.37816438 0 74.42240982 0 581.10660899 0 18405
0.13050000 0.13049000 12961.81704895 0 150.56811628 0 4202.68911444 0 567.01264673 0 672.26395199 0 18100
0.13150000 0.13148800 12803.81497379 0 285.32605995 0 4096.53873640 0 90.87588450 0 745.55609890 0 19059
0.13250000 0.13249300 12632.96900183 0 244.41935591 0 3954.90155732 0 543.70208129 0 1243.76531920 0 18957
0.13350000 0.13349100 12320.39727220 0 262.10739480 0 3775.71812478 0 349.89542936 0 1103.57307851 0 19468
0.13450000 0.13450700 12247.20920515 0 69.31341770 0 3496.20835706 0 396.59960268 0 968.74316473 0 19953
0.13550000 0.13551000 12241.11942650 0 12.86216613 0 3650.67836061 0 199.51443537 0 609.84372083 0 19956
0.13650000 0.13649900 12134.60366175 0 94.27132363 0 3395.17339309 0 -218.51786646 0 760.35536825 0 19723
0.13750000 0.13749600 11982.80208848 0 187.45335195 0 3557.73726608 0 -292.82423832 0 761.89663586 0 20946
0.13850000 0.13851100 11819.04240442 0 208.24828519 0 3559.87422477 0 -288.30783702 0 663.42712955 0 20955
0.13950000 0.13949800 11817.27083244 0 142.84516972 0 3467.30958928 0 431.89042357 0 122.93491523 0 20506
0.14050000 0.14048300 11571.13305173 0 142.16865067 0 3358.88938466 0 23.41431312 0 -180.92953816 0 21447
0.14150000 0.14148400 11426.86065934 0 73.73969027 0 3045.35436277 0 420.16704606 0 -193.21538978 0 21771
0.14250000 0.14249400 11372.60626773 0 175.38341066 0 3262.10619342 0 -22.43563033 0 -571.98522781 0 22470
0.14350000 0.14350900 11246.16031830 0 395.55105352 0 3342.45805463 0 -174.88737051 0 -404.29708289 0 22519
0.14450000 0.14449900 10971.84347092 0 340.56699570 0 3241.25700579 0 -294.32786003 0 58.07511874 0 22218
0.14550000 0.14550500 10708.41071883 0 341.66758479 0 3465.07297967 0 -59.05933769 0 444.04230006 0 23559
0.14650000 0.14650700 10539.84564579 0 120.50453993 0 3616.47594924 0 81.28459385 0 401.77591453 0 23044
0.14750000 0.14750500 10453.39293361 0 -119.06181601 0 3448.51985407 0 797.20960141 0 543.82719856 0 23649
0.14850000 0.14849900 10453.59223546 0 -201.27161332 0 3149.47850536 0 578.33742055 0 296.99961201 0 23640
0.14950000 0.14949500 10479.33539066 0 191.30319929 0 2834.75874472 0 543.56699893 0 67.25097576 0 24457
0.15050000 0.15050000 10329.77042701 0 249.55470016 0 2812.62516741 0 34.23883931 0 300.52282576 0 24591
0.15150000 0.15149900 10069.42685355 0 314.79726692 0 2455.15516064 0 -160.04713356 0 386.02885417 0 25020
0.15250000 0.15250500 9925.42019696 0 151.70302957 0 2779.60749480 0 20.27298385 0 464.79737293 0 25297
0.15350000 0.15350100 9739.19476583 0 58.76614253 0 2474.02240213 0 175.81412410 0 472.91560149 0 25452
0.15450000 0.15450400 9808.51859152 0 -22.79869186 0 2509.35419062 0 349.98954412 0 8.87352719 0 26061
0.15550000 0.15549900 9898.55873695 0 -116.52403916 0 2492.56854620 0 -29.94465958 0 243.66975952 0 26128
0.15650000 0.15649500 9898.17120558 0 104.34226739 0 2397.66765018 0 -156.54274275 0 264.25542582 0 26331
0.15750000 0.15749700 9757.13193204 0 192.75921000 0 2592.51842234 0 -40.00442029 0 262.70530034 0 27345
0.15850000 0.15849900 9772.31208936 0 121.84207677 0 2573.92798897 0 -108.00842486 0 383.17883777 0 26980
0.15950000 0.15949700 9551.96175315 0 271.47790330 0 2660.36962883 0 8.68148879 0 261.08652646 0 27777
0.16050000 0.16050000 9398.14501677 0 219.27299901 0 2614.40840850 0 88.53696661 0 318.03592193 0 28224
0.16150000 0.16150500 9198.48885564 0 186.62403482 0 2555.45935117 0 256.85689838 0 309.01862060 0 28075
0.16250000 0.16249700 9007.20337207 0 153.01177837 0 2623.37699161 0 225.33398962 0 84.66763198 0 28590
0.16350000 0.16349900 8993.17473653 0 234.70671258 0 2696.80864980 0 -121.28956776 0 148.36693810 0 29163
0.16450000 0.16449100 8624.78741748 0 180.86531868 0 2429.34557148 0 -114.55427257 0 180.63169263 0 28996
0.16550000 0.16550500 8605.66551252 0 172.34073580 0 2824.86008633 0 -153.16236198 0 463.78093352 0 30777
0.16650000 0.16650700 8601.01513610 0 67.14911037 0 2960.36319746 0 -56.65354295 0 465.47167752 0 29211
0.16750000 0.16749900 8422.04207773 0 71.80269777 0 2911.01384575 0 271.47125990 0 791.49185287 0 30922
0.16850000 0.16850800 8523.74138119 0 -20.37828166 0 3048.33281815 0 391.34246286 0 712.14757322 0 30867
0.16950000 0.16949900 8486.57158677 0 107.77269507 0 2872.36035980 0 294.12412925 0 859.91106962 0 30852
0.17050000 0.17049200 8430.24667042 0 156.79740622 0 2977.70245813 0 148.77993582 0 799.44621102 0 31257
0.17150000 0.17149500 8308.98256901 0 149.26379642 0 2769.74205338 0 -78.97512834 0 1266.14248766 0 32608
0.17250000 0.17250900 8250.91929766 0 183.14400313 0 2732.87121174 0 -20.00137972 0 948.76647629 0 32361
0.17350000 0.17350400 8211.24715783 0 19.72257858 0 2599.18396188 0 -165.79588460 0 584.53460076 0 32508
0.17450000 0.17449800 8096.54894504 0 -9.71029600 0 2420.00052934 0 183.02220755 0 165.89553553 0 32791
0.17550000 0.17549800 8055.96887458 0 29.25695748 0 2354.18663062 0 24.86523057 0 171.62657085 0 33633
0.17650000 0.17650100 8100.64570522 0 39.24618749 0 2285.94789276 0 325.27722236 0 -288.32998167 0 33984
0.17750000 0.17750300 8007.10670515 0 61.04338757 0 2201.53248834 0 130.61135803 0 170.20156265 0 34069
0.17850000 0.17849800 7953.05161539 0 169.52172190 0 1976.47641408 0 116.96250322 0 -76.51452560 0 34536
0.17950000 0.17950400 7869.31162278 0 117.02782994 0 2152.14991965 0 -12.64669868 0 285.66708755 0 35343
0.18050000 0.18050100 7803.06590339 0 15.35620729 0 2296.04585299 0 78.17127756 0 418.90812272 0 34990
0.18150000 0.18150500 7784.38689142 0 62.10932028 0 2316.43000298 0 71.23490895 0 579.41918669 0 36243
0.18250000 0.18250200 7721.80611155 0 116.42770993 0 2327.79020825 0 163.93351957 0 507.88311050 0 35694
0.18350000 0.18350400 7614.21633129 0 192.78578358 0 2413.37927910 0 -115.59950004 0 293.05232821 0 37087
0.18450000 0.18450600 7531.10746120 0 138.11617979 0 2105.62401076 0 -15.35211053 0 463.80972156 0 36651
0.18550000 0.18550700 7388.73950868 0 2.26519836 0 2104.99288825 0 80.13783317 0 79.12892293 0 37818
0.18650000 0.18651000 7441.78701689 0 44.59467399 0 1912.25693013 0 224.77815891 0 6.79276055 0 37267
0.18750000 0.18750100 7371.06807827 0 -10.10041829 0 1675.15416646 0 245.07262307 0 -328.56459560 0 38334
0.18850000 0.18850000 7276.55471362 0 93.86607654 0 1546.31659487 0 203.42518050 0 -190.41852053 0 38223
0.18950000 0.18949500 7251.47589790 0 215.42758060 0 1469.13141856 0 41.41769183 0 -213.65379417 0 39064
0.19050000 0.19050000 7071.29595613 0 137.98884805 0 1566.78932346 0 115.69582926 0 -3.51025914 0 39609
0.19150000 0.19149800 6954.87046066 0 140.37604128 0 1516.24416067 0 -11.93829134 0 37.81807903 0 39576
0.19250000 0.19250400 6927.80969880 0 35.60007093 0 1560.35630274 0 18.50384779 0 -77.47892509 0 40909
0.19350000 0.19350500 6923.28111795 0 34.50213920 0 1534.29205012 0 5.59267556 0 129.07119764 0 40191
0.19450000 0.19450100 6923.72401095 0 46.45526746 0 1535.28855935 0 128.26513240 0 89.10674844 0 41232
0.19550000 0.19549800 6865.09605103 0 20.06515631 0 1475.18798024 0 14.71988078 0 21.11713789 0 40873
0.19650000 0.19649700 6885.56877962 0 -9.24995302 0 1388.09307321 0 -28.50027481 0 -134.06924507 0 42816
0.19750000 0.19750200 6853.76906274 0 113.97851168 0 1525.03558657 0 -50.41107694 0 -205.52560052 0 41727
0.19850000 0.19849000 6839.12037701 0 106.37226743 0 1465.61041927 0 -153.34062641 0 -202.08432196 0 42610
0.19950000 0.19949900 6696.36489312 0 92.07933549 0 1518.75757840 0 -6.10575601 0 189.97009138 0 43863
0.20050000 0.20050100 6685.93476314 0 122.13660061 0 1718.13693141 0 73.42656493 0 126.92538109 0 43302
0.20150000 0.20150100 6657.33494813 0 7.69886425 0 1609.48420796 0 164.11510569 0 -52.41605352 0 44487
0.20250000 0.20249700 6518.20011446 0 123.64908018 0 1617.71094530 0 190.97767294 0 126.30311644 0 43759
0.20350000 0.20349100 6544.91763425 0 140.12027058 0 1579.87681140 0 96.53749635 0 312.88729089 0 45282
0.20450000 0.20449700 6366.52033677 0 19.85079610 0 1357.75490321 0 113.08940400 0 497.63013772 0 45483
0.20550000 0.20549900 6483.39979756 0 -10.77825494 0 1397.09487329 0 184.19808845 0 607.63257756 0 46138
0.20650000 0.20650200 6426.08944430 0 27.89605804 0 1362.94782355 0 164.15164437 0 477.86825238 0 46227
0.20750000 0.20749300 6326.39423163 0 217.33644940 0 1360.53405674 0 146.90539123 0 356.16015074 0 46236
0.20850000 0.20850300 6085.36079265 0 294.19277766 0 1223.48082014 0 -12.89482948 0 582.74974200 0 48361
0.20950000 0.20950400 5993.80373873 0 173.03164887 0 1293.86758901 0 -66.54456144 0 680.40764690 0 46812
0.21050000 0.21050300 5895.03860135 0 9.28073408 0 1398.72250504 0 6.23929932 0 403.22971078 0 48813
0.21150000 0.21149700 5854.87927923 0 91.35885931 0 1383.76379421 0 -89.99895638 0 417.46761326 0 47215
0.21250000 0.21249000 5827.16525021 0 88.83326202 0 1343.21694072 0 -50.96458246 0 235.70986520 0 50004
0.21350000 0.21350300 5713.13137690 0 23.60021746 0 1248.45998493 0 -1.53298552 0 309.15481019 0 49509
0.21450000 0.21449800 5782.58807049 0 -38.62071186 0 1256.91924109 0 -22.30597341 0 103.29382896 0 49660
0.21550000 0.21550100 5834.11867019 0 -21.15478380 0 1097.68260171 0 171.25343351 0 -148.38576106 0 50841
0.21650000 0.21649800 5821.14190551 0 43.26588429 0 1203.05238085 0 19.03543010 0 0.05033545 0 50424
0.21750000 0.21750300 5805.74030168 0 66.67277896 0 1119.31238824 0 -28.51577606 0 -20.37584575 0 52231
0.21850000 0.21850300 5724.01547220 0 107.64746708 0 1251.03983661 0 -39.65608495 0 69.65843135 0 51078
0.21950000 0.21950100 5733.24979110 0 80.01758772 0 1307.78550130 0 -108.39639913 0 104.91979986 0 52791
0.22050000 0.22050700 5645.06979624 0 65.36690897 0 1428.47384183 0 -46.78455840 0 43.58620665 0 52969
0.22150000 0.22150000 5680.13584894 0 64.37505011 0 1451.55963907 0 -82.48284084 0 320.41425730 0 52704
0.22250000 0.22250100 5616.94609120 0 33.35150320 0 1387.89377137 0 160.29293917 0 153.20222235 0 54051
0.22350000 0.22349900 5625.92574663 0 23.42461039 0 1311.74939359 0 193.35379384 0 207.91500821 0 53938
0.22450000 0.22449800 5560.43294533 0 92.83192141 0 1226.95753013 0 165.70952047 0 -104.72581273 0 54735
0.22550000 0.22549100 5534.34654805 0 76.10562464 0 1184.24050098 0 140.76246542 0 93.03974894 0 54774
0.22650000 0.22649900 5450.45154290 0 33.00527161 0 1012.55635404 0 65.62633354 0 106.57444808 0 56911
0.22750000 0.22749800 5407.59057353 0 59.93050821 0 935.48522267 0 37.77279323 0 120.54107860 0 54879
0.22850000 0.22849100 5374.67255184 0 110.50191241 0 1075.57006181 0 -35.32193413 0 185.96301703 0 57210
0.22950000 0.22949800 5335.58724523 0 75.22493192 0 1029.23791861 0 -48.45924752 0 250.84462600 0 57375
0.23050000 0.23049600 5229.79118159 0 125.61552507 0 1027.22496996 0 93.56324846 0 359.59035697 0 57604
0.23150000 0.23150100 5177.21978335 0 116.88056802 0 1150.52527191 0 -65.29504958 0 374.43502286 0 58629
0.23250000 0.23250200 5117.94962860 0 90.30278097 0 1215.95163926 0 117.53494241 0 451.02672256 0 58560
0.23350000 0.23350400 5062.65443845 0 87.10841526 0 1171.65126766 0 58.50605362 0 460.04070219 0 59305
0.23450000 0.23449700 5046.75458001 0 0.15788249 0 1106.65782821 0 107.07524933 0 572.04723283 0 59196
0.23550000 0.23549300 5035.20614523 0 -9.73080194 0 1025.91622116 0 98.16324581 0 264.48462294 0 60063
0.23650000 0.23649900 5072.51987987 0 27.89295779 0 965.88761216 0 49.68517533 0 355.94534764 0 61537
0.23750000 0.23750400 5019.97062628 0 97.46258909 0 961.69673722 0 -118.49602021 0 43.26433417 0 61224
0.23850000 0.23850100 4965.14047378 0 133.06387797 0 1008.36215740 0 -173.91522039 0 292.43892141 0 61221
0.23950000 0.23949400 4888.47569673 0 94.44061948 0 1039.00149463 0 -78.35618538 0 108.84936793 0 62332
0.24050000 0.24050100 4870.56067518 0 19.94014977 0 1100.40528638 0 91.64806844 0 110.59480922 0 63447
0.24150000 0.24150500 4875.36606415 0 6.52599503 0 1062.10168590 0 29.65279310 0 155.33253765 0 63342
0.24250000 0.24250300 4883.06132990 0 35.06483474 0 1081.17708710 0 182.27925456 0 188.89939757 0 63379
0.24350000 0.24349600 4866.56356592 0 23.66078307 0 998.20772831 0 161.92610708 0 346.15187634 0 64266
0.24450000 0.24449500 4835.04065716 0 78.92796024 0 1053.78969166 0 64.55652552 0 389.95177886 0 64695
0.24550000 0.24549600 4823.42578842 0 120.27534281 0 1046.72776289 0 25.47841592 0 322.90995931 0 65947
0.24650000 0.24650000 4691.66512308 0 109.33632878 0 1041.87808462 0 -102.42132976 0 513.10814058 0 66018
0.24750000 0.24750000 4646.33502527 0 83.86433481 0 1008.69100544 0 25.16241177 0 458.11522491 0 66303
0.24850000 0.24849600 4675.95349416 0 -45.56483109 0 1017.19233644 0 32.62693027 0 465.67430106 0 66958
0.24950000 0.24949200 4638.94978462 0 -1.56081027 0 945.35509302 0 108.75946066 0 155.40672222 0 66975
0.25050000 0.25048900 4678.14581448 0 41.77444214 0 808.82889907 0 144.34104080 0 251.58536453 0 68676
0.25150000 0.25150000 4615.68683017 0 15.69601694 0 690.06160690 0 142.29708964 0 224.12157005 0 69349
0.25250000 0.25249900 4589.94367497 0 29.90103462 0 653.34799227 0 45.34393821 0 224.86895197 0 68592
0.25350000 0.25349900 4620.50329147 0 65.72930616 0 636.05744983 0 89.00920126 0 116.50300174 0 70437
0.25450000 0.25450100 4533.98414534 0 87.31701786 0 680.14634003 0 -34.19144976 0 345.56061420 0 70099
0.25550000 0.25550100 4511.30802411 0 93.49471077 0 645.94614313 0 -77.64312767 0 439.08522024 0 71064
0.25650000 0.25650300 4475.75478912 0 69.82185886 0 713.63015751 0 -45.68275135 0 469.70794899 0 71409
0.25750000 0.25750600 4431.94159981 0 70.78814065 0 803.26173415 0 -19.50367872 0 407.37297473 0 72612
0.25850000 0.25850600 4393.35454782 0 99.82907707 0 861.07477096 0 34.37093215 0 364.08572085 0 71845
0.25950000 0.25949600 4301.25494997 0 72.77584440 0 764.47648755 0 -19.99706152 0 424.18076380 0 72816
0.26050000 0.26049800 4262.56824706 0 35.30931168 0 773.40299581 0 -13.59836500 0 246.48766618 0 73743
0.26150000 0.26149900 4273.34161911 0 57.78934203 0 721.65537854 0 13.06312882 0 269.78383760 0 74662
0.26250000 0.26250300 4241.54190223 0 5.59170119 0 720.04214082 0 126.30533090 0 181.62930909 0 74931
0.26350000 0.26350100 4190.27703832 0 22.82426893 0 557.95880673 0 145.68743550 0 213.83648753 0 75087
0.26450000 0.26450200 4202.95485023 0 51.43393831 0 513.43809586 0 124.75852713 0 266.16650908 0 76678
0.26550000 0.26550600 4215.16762451 0 40.45251728 0 391.89275740 0 131.53478992 0 148.44444438 0 76035
0.26650000 0.26650100 4165.02106541 0 30.51842745 0 378.34687522 0 -2.50788157 0 187.78552169 0 77094
0.26750000 0.26750600 4122.14902371 0 109.36046645 0 411.89934111 0 -98.75162915 0 203.94890146 0 78463
0.26850000 0.26850100 4097.10342497 0 100.04775549 0 438.79844703 0 -131.11957773 0 268.57363250 0 77076
0.26950000 0.26949700 4024.69042065 0 35.98062673 0 529.82402936 0 -9.78515599 0 185.13037820 0 79149
0.27050000 0.27049900 4035.14269528 0 -4.91372060 0 455.02161735 0 109.99801091 0 203.39971415 0 79648
0.27150000 0.27150200 4042.86010568 0 28.04974191 0 488.25298583 0 139.66409080 0 264.87547601 0 80241
0.27250000 0.27250500 4053.67776703 0 10.38647180 0 417.39342869 0 90.50595813 0 111.13624590 0 80835
0.27350000 0.27350000 4043.82339794 0 10.21740847 0 399.35771879 0 45.76789753 0 196.40311210 0 80680
0.27450000 0.27450400 4032.13102293 0 70.78825137 0 396.18660496 0 -52.54648551 0 235.53381524 0 82617
0.27550000 0.27550800 4000.02128096 0 87.74297020 0 410.59612848 0 -21.37313004 0 218.87439532 0 82548
0.27650000 0.27649900 3940.58504133 0 78.45838294 0 474.32067951 0 -76.62868127 0 168.25615518 0 81181
0.27750000 0.27748900 3850.94349960 0 123.56935944 0 342.89439838 0 42.02489813 0 227.42001561 0 84096
0.27850000 0.27849800 3864.13063846 0 14.55667472 0 366.18171194 0 88.52323693 0 186.16896227 0 85215
0.27950000 0.27950200 3793.66636331 0 23.12610051 0 345.89721287 0 123.79744933 0 202.81952433 0 84514
0.28050000 0.28050300 3802.87853756 0 69.33290500 0 303.00413375 0 23.01814534 0 137.35218938 0 85815
0.28150000 0.28150100 3742.87760937 0 44.16717153 0 221.61258125 0 -36.94513695 0 124.17390838 0 85485
0.28250000 0.28250000 3738.01685877 0 68.97526890 0 224.38619861 0 -33.11533051 0 176.40649348 0 87220
0.28350000 0.28350400 3714.18921577 0 38.42118857 0 268.62013626 0 -28.14906066 0 86.85928795 0 87147
0.28450000 0.28449700 3707.24686810 0 -2.99797588 0 217.26226482 0 21.12643865 0 96.70037025 0 87102
0.28550000 0.28549800 3735.37057314 0 17.22920176 0 215.67670791 0 36.46194069 0 71.53906572 0 88971
0.28650000 0.28649900 3702.71828725 0 40.82045063 0 297.55544271 0 20.43840438 0 111.63560775 0 89434
0.28750000 0.28750100 3716.78013977 0 61.40855285 0 110.03454958 0 24.74996767 0 120.02842996 0 89619
0.28850000 0.28849900 3667.58580060 0 51.89665076 0 209.86373738 0 19.76476414 0 237.02304293 0 90240
0.28950000 0.28950100 3641.54369263 0 49.23741051 0 176.76080787 0 36.80020021 0 130.74201146 0 91333
0.29050000 0.29050500 3601.26257494 0 49.63368902 0 180.15115373 0 82.36425624 0 186.76908227 0 92139
0.29150000 0.29150600 3570.50365659 0 81.66238157 0 216.24471817 0 -117.10422898 0 83.32256596 0 92370
0.29250000 0.29250200 3510.11519703 0 108.05891467 0 226.24302748 0 -33.84732191 0 222.95343978 0 91819
0.29350000 0.29349600 3455.16324896 0 107.56132439 0 276.66528748 0 -121.56969758 0 62.53084369 0 93552
0.29450000 0.29450000 3397.68681082 0 61.48749852 0 235.63235893 0 -85.02637530 0 85.84384504 0 94701
0.29550000 0.29550200 3385.03114356 0 16.96512681 0 307.70765734 0 6.01778639 0 70.28944314 0 95020
0.29650000 0.29650300 3379.24031768 0 30.72381908 0 280.08552861 0 -39.83545662 0 -49.27671727 0 95151
0.29750000 0.29749800 3358.66793816 0 49.00278795 0 304.44575045 0 121.43018629 0 98.21971466 0 95802
0.29850000 0.29850000 3368.68839212 0 35.68721012 0 264.62745593 0 84.74901356 0 45.79890004 0 97399
0.29950000 0.29950700 3315.34193115 0 64.11839362 0 223.05751963 0 63.85797254 0 55.07274714 0 97881
0.30050000 0.30050300 3311.79878721 0 47.05106925 0 239.56746317 0 132.19691494 0 133.90980359 0 97188
0.30150000 0.30149700 3270.06719496 0 27.53631821 0 55.14438508 0 77.72904891 0 92.67989839 0 98263
0.30250000 0.30249700 3299.45314503 0 10.09160472 0 124.67105576 0 92.22892260 0 196.86150635 0 100050
0.30350000 0.30350600 3289.06730435 0 32.30550068 0 11.99686394 0 -10.50219974 0 148.22853404 0 100779
0.30450000 0.30450500 3264.12135654 0 43.65718025 0 51.88668567 0 4.14564450 0 173.69377390 0 99982
0.30550000 0.30550300 3252.63935570 0 31.88530595 0 8.61060377 0 -31.57450579 0 281.54707549 0 101559
0.30650000 0.30649700 3247.39107374 0 28.93608151 0 93.60321955 0 22.42311861 0 295.44616483 0 100935
0.30750000 0.30749800 3275.66979132 0 24.21030256 0 104.39463949 0 -6.55415195 0 191.50582283 0 103762
0.30850000 0.30850200 3255.93890850 0 38.13718344 0 105.39081655 0 -8.36162040 0 289.77713453 0 102951
0.30950000 0.30950100 3244.73371578 0 86.03085661 0 128.41350155 0 -55.76664974 0 202.11421724 0 104394
0.31050000 0.31050000 3212.76791403 0 89.72890237 0 117.60469806 0 -70.42961877 0 249.72299949 0 103963
0.31150000 0.31149700 3163.58464718 0 51.04297452 0 101.51959963 0 -3.93457277 0 237.20462905 0 105936
0.31250000 0.31250000 3137.55361153 0 5.79091446 0 39.83268854 0 120.36059971 0 199.41478445 0 105717
0.31350000 0.31349800 3136.88927205 0 -31.34508722 0 24.18018583 0 90.38471617 0 171.52802716 0 106776
0.31450000 0.31450400 3179.09697425 0 9.73590629 0 -82.62046984 0 138.44945676 0 132.65641642 0 108733
0.31550000 0.31549900 3163.15282652 0 54.86181935 0 -78.94324005 0 90.40143538 0 190.66432614 0 105891
0.31650000 0.31650000 3121.01155826 0 86.82208494 0 -165.68737582 0 50.71623022 0 342.72277734 0 111072
0.31750000 0.31750600 3064.33232751 0 71.54692707 0 -94.58312030 0 -3.05650419 0 405.92692911 0 108121
0.31850000 0.31849900 3019.53370129 0 99.27767530 0 -88.45038103 0 4.32451790 0 448.75689597 0 110484
0.31950000 0.31950100 2973.27352820 0 82.37123181 0 -52.94619643 0 11.73367478 0 499.77706150 0 110817
0.32050000 0.32049800 2933.81176255 0 59.76907371 0 -42.72123663 0 -24.76336518 0 513.44252479 0 111088
0.32150000 0.32149900 2915.88566867 0 40.72799672 0 -12.16804208 0 21.23317586 0 561.70568144 0 112635
0.32250000 0.32250100 2913.98122880 0 34.54056016 0 66.89876511 0 -84.38240889 0 531.66867868 0 113202
0.32350000 0.32350400 2924.23420158 0 20.11819275 0 20.30752950 0 -59.93471569 0 479.88120104 0 113863
0.32450000 0.32450300 2905.46661101 0 31.10072101 0 87.86520866 0 -22.74775917 0 447.61644651 0 114045
0.32550000 0.32549900 2886.17862118 0 40.64539718 0 40.09975301 0 -26.37427772 0 435.90414132 0 114828
0.32650000 0.32650300 2897.30630762 0 7.27776160 0 -26.20332102 0 81.30828863 0 315.24458884 0 116431
0.32750000 0.32750400 2894.80396221 0 31.99669354 0 -92.81021965 0 55.40436327 0 275.00997492 0 116442
0.32850000 0.32850400 2860.49082760 0 79.36553851 0 -134.75019304 0 9.50297779 0 261.21496542 0 116955
0.32950000 0.32949800 2812.06047884 0 50.59941719 0 -191.03635626 0 66.54544722 0 214.03357491 0 117028
0.33050000 0.33049700 2773.58415010 0 55.42717226 0 -271.58862655 0 43.65839821 0 199.20994644 0 119061
0.33150000 0.33150100 2790.74625357 0 19.73088283 0 -263.43607378 0 31.46389327 0 128.20977077 0 120060
0.33250000 0.33250400 2774.14883866 0 32.38920745 0 -255.02664308 0 -81.68164742 0 -17.49648768 0 119737
0.33350000 0.33350100 2735.17425530 0 96.65995626 0 -261.04666609 0 -158.88896838 0 -7.72799554 0 120531
0.33450000 0.33450000 2688.93622686 0 77.31704770 0 -201.84294528 0 -128.59840937 0 66.25944907 0 121704
0.33550000 0.33550300 2660.51356905 0 45.18615758 0 -193.00944454 0 -28.33884031 0 48.28275467 0 122761
0.33650000 0.33650300 2672.53811380 0 23.98830244 0 -182.04341404 0 71.69286031 0 -2.21043464 0 122472
0.33750000 0.33749900 2683.07896703 0 -17.37524572 0 -198.05842466 0 51.78515245 0 26.05351247 0 122985
0.33850000 0.33849800 2685.30450432 0 17.76831325 0 -171.27114922 0 50.22472972 0 -35.49875915 0 125380
0.33950000 0.33950300 2714.96726251 0 58.77942932 0 -143.58922995 0 16.90400758 0 79.42632558 0 125223
0.34050000 0.34050000 2668.21990712 0 53.95078846 0 -175.52292196 0 -69.20701266 0 148.52859405 0 125178
0.34150000 0.34149900 2672.30559498 0 67.07116121 0 -128.93722251 0 -33.07790606 0 210.09293450 0 127059
0.34250000 0.34250300 2652.33112101 0 33.03306314 0 -124.50386366 0 24.87176324 0 284.57203463 0 127957
0.34350000 0.34349800 2616.73359672 0 49.40438117 0 -124.37431746 0 96.22868921 0 264.23771010 0 126732
0.34450000 0.34449700 2624.86068313 0 18.12462067 0 -167.91623480 0 12.50630161 0 232.12243196 0 129639
0.34550000 0.34550000 2610.45558854 0 43.50703953 0 -159.41047488 0 36.58838664 0 230.00318899 0 129826
0.34650000 0.34650400 2594.01318619 0 34.94093543 0 -104.88248612 0 -105.21000549 0 177.53144168 0 130875
0.34750000 0.34750200 2606.93458925 0 47.80387662 0 -93.61119163 0 -128.48768613 0 195.20065762 0 130686
0.34850000 0.34850200 2574.68090705 0 70.38732249 0 -24.99798774 0 -98.75605808 0 210.38635111 0 132211
0.34950000 0.34950400 2561.91451654 0 46.78123670 0 21.87913529 0 -5.86638342 0 197.73622001 0 132768
0.35050000 0.35050300 2553.53276665 0 19.83208388 0 -14.90091329 0 81.62739303 0 163.53934480 0 132957
0.35150000 0.35150100 2561.30553867 0 24.75539311 0 -68.98346242 0 86.69630333 0 129.42772650 0 133987
0.35250000 0.35249800 2553.67670687 0 30.98069701 0 -125.92555016 0 53.46017375 0 5.12770435 0 134778
0.35350000 0.35349800 2514.04885635 0 33.04989307 0 -136.67899203 0 -13.99774376 0 91.45175612 0 135699
0.35450000 0.35450100 2504.49344003 0 54.61612446 0 -216.95888312 0 -18.63970522 0 15.71273615 0 137380
0.35550000 0.35550100 2498.35937208 0 27.77282307 0 -228.15189628 0 -4.49111210 0 62.11131330 0 136161
0.35650000 0.35649900 2461.25601161 0 37.62154527 0 -234.73771509 0 24.75993276 0 6.65825395 0 138792
0.35750000 0.35750000 2475.50609365 0 46.08390168 0 -233.11119057 0 21.43170264 0 31.87157627 0 138097
0.35850000 0.35849800 2444.09390814 0 13.24106108 0 -268.57695420 0 37.48502350 0 47.77021675 0 140028
0.35950000 0.35950300 2451.74488459 0 34.28478946 0 -254.63911171 0 54.70968561 0 57.39981765 0 141099
0.36050000 0.36050500 2456.91566028 0 54.96191317 0 -212.31072117 0 -25.62534567 0 40.86429704 0 140821
0.36150000 0.36150200 2426.46676703 0 71.71212615 0 -173.02057655 0 -32.35399746 0 64.90408579 0 141756
0.36250000 0.36250400 2356.71112067 0 72.14571839 0 -169.00021540 0 -49.66347357 0 207.06686813 0 142971
0.36350000 0.36349900 2355.63710517 0 41.74277529 0 -235.21936121 0 70.83431224 0 211.35850123 0 142270
0.36450000 0.36450000 2348.00827337 0 4.12302374 0 -223.46276672 0 93.09798937 0 186.78236906 0 145311
0.36550000 0.36550300 2365.98972887 0 17.67541645 0 -307.61575704 0 66.99985543 0 135.18754987 0 145434
0.36650000 0.36650100 2352.61436049 0 24.28260484 0 -384.38239947 0 62.65562879 0 125.36529053 0 144547
0.36750000 0.36749600 2346.18133977 0 57.31688593 0 -378.52956858 0 10.22064159 0 144.14284619 0 146892
0.36850000 0.36849900 2302.79997113 0 52.16294018 0 -400.89012855 0 -22.94385004 0 129.38786613 0 148113
0.36950000 0.36949900 2287.98520053 0 59.24900661 0 -409.27298567 0 -17.67674513 0 105.04547074 0 147387
0.37050000 0.37049800 2273.95656498 0 42.01703678 0 -429.96162459 0 -9.85516630 0 89.39396455 0 149758
0.37150000 0.37150100 2273.56903361 0 19.65680897 0 -411.79636849 0 -32.57433672 0 82.13373044 0 150099
0.37250000 0.37250000 2293.85353268 0 -17.83186840 0 -403.04480296 0 56.13181501 0 89.46338803 0 150468
0.37350000 0.37349800 2313.82800665 0 8.23167560 0 -413.86578600 0 -51.18137858 0 88.27643480 0 150709
0.37450000 0.37449700 2314.96845611 0 63.78201639 0 -419.27461668 0 -20.48944780 0 58.09715266 0 153108
0.37550000 0.37550100 2299.24575487 0 67.00716317 0 -381.20132055 0 -63.92949976 0 103.20724338 0 153189
0.37650000 0.37649900 2241.63644883 0 84.70483499 0 -372.88711185 0 -33.20756298 0 118.59788560 0 153547
0.37750000 0.37749900 2228.03963396 0 37.15562184 0 -372.96461812 0 -2.86624844 0 170.61345313 0 155424
0.37850000 0.37850200 2225.29369740 0 16.48359140 0 -389.75912041 0 61.78180092 0 206.24973056 0 155313
0.37950000 0.37949900 2235.13699417 0 20.03603610 0 -335.78375138 0 21.90249789 0 185.83014913 0 156100
0.38050000 0.38050000 2223.59963170 0 38.96561478 0 -370.37701581 0 50.11766034 0 209.01006114 0 157557
0.38150000 0.38149800 2203.68051936 0 32.75404056 0 -363.64504232 0 17.26762272 0 249.57352311 0 157692
0.38250000 0.38250100 2212.74875338 0 37.05431007 0 -377.85194230 0 -21.38209863 0 299.59828664 0 159703
0.38350000 0.38350500 2212.88162128 0 21.05269696 0 -322.61543547 0 11.97715520 0 270.18908469 0 160338
0.38450000 0.38450600 2230.88522144 0 36.69755976 0 -374.48817002 0 -18.12240620 0 264.59977512 0 160167
0.38550000 0.38550000 2224.80651511 0 35.20988220 0 -348.81919939 0 -52.94265329 0 239.91070524 0 160033
0.38650000 0.38649600 2215.12930322 0 43.03004377 0 -350.19659660 0 -49.65616584 0 171.65646613 0 162444
0.38750000 0.38750200 2209.67064708 0 52.38914777 0 -349.57433194 0 -32.64287441 0 209.24257996 0 164307
0.38850000 0.38850400 2172.62264824 0 80.44553308 0 -373.00558572 0 -43.78805513 0 167.26850380 0 163882
0.38950000 0.38950500 2138.89634684 0 69.89515765 0 -365.55944728 0 27.69254871 0 168.50860418 0 164595
0.39050000 0.39050100 2090.25562391 0 53.26884398 0 -343.18449329 0 10.82103841 0 142.09778779 0 165006
0.39150000 0.39150100 2068.13311893 0 56.82040289 0 -358.40451098 0 20.98991688 0 163.58806303 0 166687
0.39250000 0.39250100 2069.08533886 0 40.99085371 0 -357.36592692 0 23.40755901 0 157.55807494 0 167256
0.39350000 0.39350100 2044.05081245 0 15.43116693 0 -389.01173848 0 19.74959506 0 231.88105528 0 167937
0.39450000 0.39449600 2068.43207170 0 2.29818281 0 -377.63160303 0 40.66599170 0 177.02211474 0 167719
0.39550000 0.39549700 2071.99736029 0 42.25819201 0 -369.41593802 0 -25.82819066 0 159.67510344 0 171636
0.39650000 0.39650400 2049.23266046 0 56.68897439 0 -352.43431344 0 -8.77083138 0 216.22700245 0 171093
0.39750000 0.39750000 2025.16142630 0 48.45016822 0 -354.38968601 0 -8.74701481 0 220.37580256 0 170464
0.39850000 0.39849800 2020.52212221 0 64.51400779 0 -317.67053521 0 -10.71499875 0 305.32378580 0 172113
0.39950000 0.39949500 1978.40299860 0 80.24800280 0 -332.30371969 0 -5.83016585 0 238.69939291 0 173232
