### header ###
fiducial parameters:
Omega_m = 0.31
Omega_nu = 0
Omega_de = 0.69
Omega_k = 0
H_0 = 100
w_de = -1
zeff = 0
beta = 0
fgrowth = 0
b_1 = 2
gamma = 0.55
Lx = 3500 Ly = 3500 Lz = 3500
nx = 700 ny = 700 nz = 700
xoffset = -685.467585 yoffset = -31.7331281 zoffset = 572.489161
bins = 400 dk = 0.001
kx_ny = 0.628318531 ky_ny = 0.628318531 kz_ny = 0.628318531
############################
A(data) = 8.07394818 (not used)
A(ran) = 8.07463006 (used)
Ngal = 479519
weighted Ngal = 0
Nran = 23820508
weighted Nran = 0
SN(data) = 3484.45692
SN(ran) = 70.3329562
SN(data+ran) = 3554.78988
############################
13 columns: k_central k_mean P_0(k) sigma^{lin}_{P_0(k)} P^img_1(k) sigma^{lin}_{P_1(k)} P_2(k) sigma^{lin}_{P_2(k)} P^img_3(k) sigma^{lin}_{P_3(k)} P_4(k) sigma^{lin}_{P_4(k)} N_modes
### header ###
0.00050000 0 0 0 0 0 0 0 0 0 0 0 0
0.00150000 0.00179520 36564.24897186 0 -33811.22612896 0 30632.02950378 0 31651.79061958 0 -61668.97392617 0 3
0.00250000 0.00253879 60402.29996692 0 -25914.77623804 0 14292.26759916 0 -5287.59978947 0 43641.56827269 0 6
0.00350000 0.00331552 58829.91911942 0 -5526.54055906 0 -6203.91217449 0 -579.31842853 0 45068.90166507 0 7
0.00450000 0.00420575 56692.62825968 0 3185.74036915 0 -12402.88609210 0 -20877.86495479 0 14566.52908491 0 24
0.00550000 0.00557378 55160.10778153 0 -1823.26865556 0 -5663.89274843 0 -7729.03633966 0 11415.45616478 0 45
0.00650000 0.00659388 64492.63820142 0 5663.06232407 0 -2701.69154505 0 -3981.51942619 0 29642.27438824 0 40
0.00750000 0.00754703 52602.84364142 0 9274.25677437 0 7545.14716907 0 -2169.87671168 0 2844.32523336 0 57
0.00850000 0.00846663 63001.52821810 0 -2161.29565995 0 6628.27009549 0 7480.51800910 0 22347.71607447 0 75
0.00950000 0.00948925 64207.74728384 0 -2436.46507634 0 34093.23824209 0 10718.02149677 0 1704.89443093 0 112
0.01050000 0.01054430 69724.86529448 0 -607.77208885 0 27735.39860797 0 2752.05955065 0 3679.35568189 0 105
0.01150000 0.01145670 64437.05513084 0 4813.12852634 0 42930.17140310 0 12783.77406586 0 20471.39991070 0 144
0.01250000 0.01249090 67257.28698539 0 1610.14854745 0 35066.16342390 0 8307.98605977 0 16666.94910301 0 169
0.01350000 0.01339930 69990.71181337 0 -1365.06263759 0 46408.09935188 0 12719.44385867 0 6998.34040790 0 180
0.01450000 0.01448870 66365.63266775 0 2597.58954710 0 34404.48129274 0 -2069.06319421 0 -10215.39331163 0 267
0.01550000 0.01550050 66861.67281962 0 3634.95565936 0 18290.81626091 0 1372.82433729 0 -3611.09479938 0 238
0.01650000 0.01653350 65580.60483810 0 -3951.20340083 0 16279.74990410 0 1897.79647392 0 -24352.36048288 0 315
0.01750000 0.01747870 70043.63752600 0 -9266.28470050 0 12321.17233494 0 -7602.78969207 0 -41779.64613119 0 297
0.01850000 0.01844180 77326.90206846 0 -8043.50143683 0 5379.51115779 0 3173.51652255 0 -41018.42379991 0 388
0.01950000 0.01947590 76842.15568790 0 -1193.26444571 0 -9818.63869641 0 -8476.38504794 0 -55243.59311066 0 399
0.02050000 0.02045430 77345.28212766 0 799.26019596 0 -4143.07571762 0 -16963.02306866 0 -42779.58778556 0 462
0.02150000 0.02154770 75630.95407599 0 8161.95316774 0 -3151.41616221 0 -10562.70999654 0 -48381.74125081 0 571
0.02250000 0.02255340 69076.35922985 0 8913.83045688 0 3687.38311738 0 -18866.68787473 0 -51201.53021237 0 510
0.02350000 0.02348930 61551.49655985 0 6708.14584673 0 19871.16918228 0 -15752.70724274 0 -45118.39495701 0 555
0.02450000 0.02439640 58577.13794381 0 5083.27110727 0 24308.62479985 0 -11196.55630311 0 -29007.83017613 0 592
0.02550000 0.02547300 57727.89063022 0 886.13919265 0 30920.46356530 0 -1706.48884570 0 -25151.56088829 0 837
0.02650000 0.02652900 63264.27448604 0 -4691.35509799 0 34928.75587290 0 16894.81754778 0 -16044.35227846 0 723
0.02750000 0.02749970 61795.08770586 0 -4340.59492006 0 26241.18837370 0 21213.02422705 0 -20252.94294203 0 826
0.02850000 0.02848090 68671.22286473 0 -1735.07758838 0 23437.12211337 0 13618.40591069 0 -11673.21988655 0 831
0.02950000 0.02946900 65955.95664946 0 2441.02687417 0 16699.94463097 0 457.26154866 0 -8687.25747411 0 996
0.03050000 0.03053250 64065.02501693 0 4107.55569960 0 17987.65600738 0 915.93924767 0 -4718.94733143 0 1041
0.03150000 0.03150510 59778.15301689 0 1538.32237635 0 15382.44870080 0 -4395.31434931 0 -6994.24364772 0 1036
0.03250000 0.03246190 57885.67125889 0 2846.48433670 0 18646.90222708 0 -4831.88504458 0 -11001.61695235 0 1059
0.03350000 0.03345080 55977.02390665 0 3688.54571149 0 17969.60811793 0 2534.97555025 0 -9766.02300887 0 1302
0.03450000 0.03451200 54272.77167057 0 1883.70140442 0 16331.01476801 0 -659.23625461 0 -11681.30268367 0 1339
0.03550000 0.03553350 51194.11175474 0 987.64915936 0 15665.67876966 0 7066.03660184 0 -13948.25046704 0 1365
0.03650000 0.03647120 51492.40018536 0 1451.44891583 0 14448.27665585 0 -5050.79597857 0 -15088.58920011 0 1308
0.03750000 0.03744890 49030.35803868 0 3677.03049367 0 18116.31642177 0 -683.36617209 0 -5727.13786780 0 1579
0.03850000 0.03847530 46870.36891306 0 2578.74445026 0 19384.87267625 0 689.59435480 0 -4328.39321811 0 1662
0.03950000 0.03950240 46885.75944456 0 -1213.49358315 0 20716.54118218 0 7370.78019782 0 1174.47471049 0 1683
0.04050000 0.04050350 47622.95483098 0 -450.72998425 0 21941.80464662 0 2673.72285256 0 -4153.88230664 0 1822
0.04150000 0.04152450 45253.47731979 0 3154.57177478 0 16313.63121805 0 3596.41289667 0 -2942.44817591 0 1887
0.04250000 0.04250150 44377.98859638 0 3795.15005484 0 17166.97529182 0 -2319.95100228 0 1485.18628955 0 1920
0.04350000 0.04349210 41733.03164370 0 1150.41454866 0 15698.23140463 0 2840.36134108 0 5875.93884103 0 2005
0.04450000 0.04448520 41773.44562929 0 -928.34357316 0 16766.48930313 0 2231.67135650 0 -2033.79783966 0 2151
0.04550000 0.04548030 41463.19908787 0 389.02391804 0 13777.62594159 0 1732.65274925 0 -2374.24968319 0 2274
0.04650000 0.04648670 41640.13483848 0 103.85464221 0 12647.58447060 0 400.21914566 0 -4182.48212165 0 2311
0.04750000 0.04749250 41171.22188241 0 -169.55604611 0 12284.85510954 0 -502.37130721 0 -7370.19336461 0 2568
0.04850000 0.04851840 41807.76983623 0 1292.98180302 0 13675.64983001 0 -2626.37759163 0 -7247.89953699 0 2493
0.04950000 0.04949480 39878.41723658 0 2097.82909409 0 14624.88023671 0 -2151.13126577 0 -7059.55929182 0 2644
0.05050000 0.05050630 39142.43980589 0 864.29349579 0 15306.82472229 0 -2610.87633689 0 -6880.90733087 0 2829
0.05150000 0.05149060 37597.85049368 0 918.80919426 0 17446.10860050 0 2395.75213798 0 -2009.26156787 0 2784
0.05250000 0.05249300 39624.75027499 0 -781.56108474 0 17696.78603439 0 4124.72887539 0 -3896.26252508 0 3055
0.05350000 0.05348950 39403.96811810 0 -390.78552492 0 17063.11688502 0 3587.52181984 0 300.05003749 0 3009
0.05450000 0.05448610 39098.70412285 0 1376.17925171 0 15167.20270633 0 2709.76326984 0 966.70807143 0 3336
0.05550000 0.05550870 37835.68403079 0 1800.17178599 0 14418.15993234 0 1228.03154564 0 2565.28050328 0 3349
0.05650000 0.05647670 36153.57644434 0 2027.49768684 0 15904.39809275 0 -594.24170792 0 5597.66917369 0 3324
0.05750000 0.05747970 35161.60686384 0 342.57330096 0 14633.95954306 0 949.14625703 0 5230.52195503 0 3639
0.05850000 0.05849280 35199.36349147 0 -574.09118399 0 15743.07432014 0 2139.50532471 0 2173.24269843 0 3846
0.05950000 0.05951020 35251.18197162 0 738.41444939 0 13675.87127650 0 -327.42857507 0 1625.63872987 0 3787
0.06050000 0.06049470 34041.41976194 0 862.33812322 0 13473.46917882 0 1236.38007855 0 906.49234014 0 3930
0.06150000 0.06148310 34094.78836756 0 439.18265670 0 12991.38015621 0 -5.69495062 0 1911.45972274 0 4083
0.06250000 0.06249100 33396.78901099 0 555.35902486 0 13485.42728962 0 1538.51060588 0 -326.07332251 0 4303
0.06350000 0.06350600 33040.03870534 0 1111.49532692 0 13758.91371264 0 496.49522443 0 -2437.21799443 0 4470
0.06450000 0.06451750 32109.85269732 0 966.92287453 0 12632.74755534 0 672.85299967 0 -43.65784459 0 4479
0.06550000 0.06550280 30533.37508964 0 902.46312113 0 11451.21977394 0 2588.13378171 0 622.80055533 0 4636
0.06650000 0.06648880 30184.15396486 0 -128.12894280 0 10692.66587294 0 3329.32627739 0 229.24252028 0 4653
0.06750000 0.06749660 30218.36744855 0 -93.72855827 0 9233.00129210 0 3302.05514137 0 -205.71825897 0 5220
0.06850000 0.06852730 29651.13224809 0 484.42196144 0 8199.70979537 0 2253.91565706 0 2148.75071593 0 5029
0.06950000 0.06949320 29463.12417267 0 444.38775660 0 5853.63917885 0 -93.58052129 0 3854.53093284 0 5040
0.07050000 0.07048030 29603.52125137 0 -323.14247813 0 7568.77551023 0 1207.66954029 0 3634.20274128 0 5475
0.07150000 0.07148790 29757.09439661 0 60.94805486 0 6658.08786622 0 -503.08657939 0 5656.52965243 0 5509
0.07250000 0.07249820 29814.78120891 0 58.98005984 0 7940.17450162 0 -322.83134581 0 2285.75966324 0 5916
0.07350000 0.07351270 30777.51985189 0 126.50020382 0 9576.39837402 0 -1661.14767557 0 3936.74294462 0 5721
0.07450000 0.07449140 28866.65803469 0 1319.01283867 0 9789.57384376 0 -642.73295447 0 2779.49677155 0 6028
0.07550000 0.07549160 28453.21742596 0 2033.81998431 0 10285.11574102 0 235.37880269 0 3228.06986693 0 6183
0.07650000 0.07648840 26836.43655595 0 520.63067807 0 8637.97455634 0 1310.67537808 0 3494.91289506 0 6330
0.07750000 0.07749960 26456.76653791 0 -54.97331766 0 8672.76380092 0 3222.64442777 0 2100.49752437 0 6583
0.07850000 0.07848650 26370.62385083 0 -443.75774131 0 7025.92156902 0 2426.81000910 0 3911.58662263 0 6549
0.07950000 0.07947320 26417.57050806 0 -22.05828550 0 6256.31748785 0 1952.94772384 0 1073.62354711 0 6828
0.08050000 0.08048110 26055.39476324 0 587.09230779 0 5168.81588881 0 782.22542423 0 3827.86877468 0 7147
0.08150000 0.08149960 25148.01774435 0 712.41663071 0 6092.14812777 0 -293.21952031 0 3388.10924986 0 7386
0.08250000 0.08250610 24952.70193455 0 429.29064171 0 6517.50255800 0 -205.44366531 0 3405.89140351 0 7227
0.08350000 0.08350160 24603.03791678 0 749.81451502 0 6175.29021483 0 -1054.41084908 0 1773.55391713 0 7798
0.08450000 0.08449610 23716.14469880 0 877.43080918 0 5850.05174561 0 -327.16283928 0 653.59711958 0 7371
0.08550000 0.08548940 23150.68107031 0 692.86069062 0 4749.67303281 0 -532.37620023 0 -512.07619991 0 8256
0.08650000 0.08650700 22304.64473092 0 1076.62193267 0 5256.91837740 0 -943.30560569 0 -1858.91046915 0 8037
0.08750000 0.08749060 21701.42447480 0 672.35585229 0 5167.45399286 0 -544.07300417 0 -3635.49820328 0 8155
0.08850000 0.08849210 21202.28407198 0 572.11145231 0 5436.40076271 0 -565.17685528 0 -3154.08459249 0 8718
0.08950000 0.08949900 20724.62397930 0 286.93486875 0 6079.95749814 0 -367.10514383 0 -1301.90609683 0 8571
0.09050000 0.09049190 20895.91284425 0 469.89396405 0 7108.20001475 0 245.65281289 0 -1584.00678856 0 8932
0.09150000 0.09150830 20600.06032509 0 -121.29842562 0 7306.23961646 0 948.34129902 0 219.41472477 0 9285
0.09250000 0.09250820 20687.42096791 0 103.23326334 0 7645.47350425 0 945.50014047 0 -370.20207308 0 9204
0.09350000 0.09350330 20183.18729567 0 667.06106656 0 7285.01396978 0 116.89939097 0 -24.68165142 0 9349
0.09450000 0.09448040 19769.08234745 0 631.50561710 0 6576.26338581 0 1109.09263243 0 1154.05734352 0 9564
0.09550000 0.09549270 18835.02102575 0 313.44976499 0 5470.51459547 0 438.44302540 0 1050.34952034 0 10155
0.09650000 0.09649430 18893.26145430 0 398.62694535 0 5540.65777320 0 1105.78422178 0 -268.18942283 0 9913
0.09750000 0.09749140 18130.04610455 0 433.71292824 0 4642.93582155 0 811.94575851 0 -90.48779952 0 10476
0.09850000 0.09850240 17882.57964485 0 309.15259573 0 4619.39605899 0 -51.88092806 0 17.30659731 0 10575
0.09950000 0.09950330 17736.97857349 0 145.13492649 0 5119.49975407 0 51.73754146 0 -236.59343672 0 10882
0.10050000 0.10051200 17716.16260283 0 303.66182985 0 5658.15728418 0 -522.70231004 0 -217.78487856 0 10875
0.10150000 0.10150300 17393.07216462 0 552.59094365 0 6262.82801485 0 -801.76032691 0 346.04890372 0 11118
0.10250000 0.10250800 16961.69438968 0 572.87765719 0 6349.40252260 0 74.28289853 0 394.65087351 0 11575
0.10350000 0.10349800 16499.64627500 0 477.11644153 0 6291.95930144 0 106.43560112 0 749.98945775 0 11364
0.10450000 0.10450100 16228.37431695 0 74.38210656 0 6372.35545195 0 754.00760443 0 296.86010071 0 12093
0.10550000 0.10551000 15843.16813650 0 310.77358408 0 5769.74417370 0 301.01554422 0 153.51999808 0 12067
0.10650000 0.10649700 15687.04835656 0 276.13049419 0 5870.21444910 0 720.89138813 0 -183.95781900 0 12054
0.10750000 0.10749900 15592.71214911 0 345.73666416 0 5424.49801353 0 638.40367546 0 84.33136547 0 12807
0.10850000 0.10850100 15006.10038021 0 302.32761471 0 4986.26646953 0 453.00977593 0 684.58191335 0 12736
0.10950000 0.10950300 14920.95420236 0 159.97959237 0 5052.33503172 0 53.75303674 0 483.27265413 0 12933
0.11050000 0.11050200 15049.61461675 0 56.59729554 0 5109.68967428 0 -109.71633097 0 322.03856735 0 13428
0.11150000 0.11150900 14937.45196634 0 84.70893175 0 4930.20728897 0 -222.50168893 0 -344.05034909 0 13453
0.11250000 0.11250000 14692.08924836 0 188.86950229 0 4935.93168090 0 -288.89577747 0 -84.40056750 0 13668
0.11350000 0.11349100 14597.64231766 0 146.57211425 0 4734.07212714 0 54.56685262 0 -635.88250710 0 13791
0.11450000 0.11448600 14463.11357111 0 69.09927894 0 5000.28403275 0 382.36059296 0 -1329.97444024 0 14205
0.11550000 0.11549300 14303.33992398 0 103.94244574 0 4344.39272747 0 753.52595830 0 -939.16123451 0 14776
0.11650000 0.11649800 14199.48151718 0 192.22441671 0 4137.77207403 0 451.93022426 0 -1111.21851880 0 14553
0.11750000 0.11747300 14334.01026372 0 -23.32706320 0 4072.66680409 0 331.13337496 0 -757.99142690 0 14568
0.11850000 0.11849100 14194.38824776 0 -95.21867174 0 3900.42571921 0 115.77555000 0 -420.28441270 0 16015
0.11950000 0.11950300 14470.08913574 0 15.05426499 0 3807.76143281 0 107.74722872 0 -222.06101040 0 15270
0.12050000 0.12050700 14379.51751873 0 131.80052571 0 3912.06273260 0 16.37054297 0 80.67871624 0 15999
0.12150000 0.12150000 14420.59584380 0 237.72170662 0 3957.14923926 0 157.37316711 0 -401.83902678 0 15670
0.12250000 0.12250700 14039.81859329 0 44.53576923 0 3274.48505257 0 719.06224007 0 76.96915525 0 16887
0.12350000 0.12352200 13792.46285684 0 328.13166770 0 3585.88311577 0 454.53111336 0 -192.91865148 0 16407
0.12450000 0.12449800 13468.37590940 0 263.00536035 0 3119.04068444 0 625.39147934 0 150.01450004 0 16306
0.12550000 0.12549900 13441.69160659 0 151.89236633 0 3163.06424792 0 141.00716380 0 -206.24640886 0 17523
0.12650000 0.12650100 13155.80417977 0 294.34114682 0 2827.21849152 0 81.33751956 0 439.33213308 0 17154
0.12750000 0.12750600 13028.36172111 0 162.29813719 0 3208.05110366 0 -229.98325881 0 -169.29473924 0 18007
0.12850000 0.12850300 13063.01809779 0 -44.29394965 0 3192.37269171 0 -174.78550512 0 201.74329436 0 17496
0.12950000 0.12949900 13048.07045929 0 170.25028088 0 3633.26159367 0 -204.95426856 0 -133.36172351 0 18405
0.13050000 0.13049000 12865.81999277 0 350.31728494 0 3759.77397704 0 -402.46129144 0 276.62210541 0 18100
0.13150000 0.13148800 12812.11921740 0 437.96248650 0 3556.15392363 0 -109.49045554 0 248.58365727 0 19059
0.13250000 0.13249300 12353.94641640 0 210.40738853 0 3726.49056864 0 116.86506676 0 1030.53670231 0 18957
0.13350000 0.13349100 12149.77274675 0 224.60875234 0 3870.90690125 0 683.53668589 0 753.79390856 0 19468
0.13450000 0.13450700 12041.92830302 0 180.06368236 0 3535.44867622 0 471.96227432 0 321.20814299 0 19953
0.13550000 0.13551000 11811.84539328 0 209.71315376 0 3435.90847610 0 333.09428368 0 916.75859971 0 19956
0.13650000 0.13649900 11749.50820455 0 -73.87266889 0 3403.12332231 0 -33.05100031 0 1041.82383023 0 19723
0.13750000 0.13749600 11696.47176867 0 97.03475446 0 3322.89325667 0 -73.30986262 0 969.44293566 0 20946
0.13850000 0.13851100 11878.61151194 0 53.25356417 0 3710.77893972 0 -311.36484623 0 581.32473379 0 20955
0.13950000 0.13949800 11595.27071983 0 142.76655621 0 3638.48773098 0 -269.65318417 0 687.66334135 0 20506
0.14050000 0.14048300 11761.90920835 0 107.46355576 0 3925.77027072 0 -43.98193154 0 83.17497187 0 21447
0.14150000 0.14148400 11513.44623942 0 -51.16986336 0 3959.54086142 0 -60.91882392 0 128.10569092 0 21771
0.14250000 0.14249400 11508.46369325 0 340.87369910 0 3870.04325991 0 96.77377976 0 -327.46289928 0 22470
0.14350000 0.14350900 11404.16239346 0 215.07880237 0 3718.16418038 0 93.30803137 0 105.42646944 0 22519
0.14450000 0.14449900 11240.51343264 0 29.67216967 0 3581.13308842 0 376.33614103 0 383.00278780 0 22218
0.14550000 0.14550500 11097.12682624 0 68.79678303 0 3737.78433995 0 504.06980183 0 713.10422209 0 23559
0.14650000 0.14650700 11019.95272225 0 217.68412040 0 3420.90547597 0 639.30828440 0 633.03249069 0 23044
0.14750000 0.14750500 10801.13036686 0 259.76891980 0 3389.71473695 0 513.17346730 0 1257.91575032 0 23649
0.14850000 0.14849900 10451.87602511 0 352.27487197 0 3181.52181339 0 -16.24808306 0 1143.94831096 0 23640
0.14950000 0.14949500 10379.06441710 0 104.22811172 0 3136.15849861 0 241.39218230 0 1369.96767749 0 24457
0.15050000 0.15050000 10252.54096140 0 87.87462014 0 3066.34749063 0 109.12595461 0 899.45919941 0 24591
0.15150000 0.15149900 10141.21980767 0 132.28660077 0 2970.64938722 0 -58.08873770 0 852.58119059 0 25020
0.15250000 0.15250500 10076.03703146 0 21.18667209 0 2489.31328270 0 113.43153884 0 963.66650380 0 25297
0.15350000 0.15350100 10020.16608043 0 95.24424881 0 2504.89204372 0 89.10065866 0 487.56096553 0 25452
0.15450000 0.15450400 10002.45036072 0 178.82136752 0 2448.89929711 0 -34.70697721 0 321.86141015 0 26061
0.15550000 0.15549900 9830.97326625 0 303.37948557 0 2905.75449146 0 -219.78232595 0 464.40319817 0 26128
0.15650000 0.15649500 9472.84999232 0 297.99944294 0 2766.55322384 0 -142.25612204 0 528.73119090 0 26331
0.15750000 0.15749700 9443.82942897 0 224.69954540 0 3062.32823672 0 -96.77145458 0 544.96764802 0 27345
0.15850000 0.15849900 9264.55741783 0 78.71780751 0 3001.54117346 0 141.84644602 0 613.88069046 0 26980
0.15950000 0.15949700 9252.17855868 0 -45.28702646 0 3018.70327693 0 192.06497523 0 668.86696274 0 27777
0.16050000 0.16050000 9399.97195036 0 -129.01805048 0 2608.09718336 0 371.97918121 0 390.96821828 0 28224
0.16150000 0.16150500 9380.89433470 0 6.42861393 0 2640.48373345 0 221.04014205 0 380.75842756 0 28075
0.16250000 0.16249700 9256.74035651 0 199.28745271 0 2559.22394161 0 182.64685574 0 472.63325721 0 28590
0.16350000 0.16349900 9177.98291007 0 263.34417349 0 2558.54852979 0 66.47081975 0 574.83635145 0 29163
0.16450000 0.16449100 8896.65728108 0 216.41301751 0 2630.10896510 0 31.76406399 0 869.61374786 0 28996
0.16550000 0.16550500 8866.46305130 0 178.86787128 0 2680.23337955 0 120.99836562 0 972.62733628 0 30777
0.16650000 0.16650700 8625.71749277 0 217.41174121 0 2854.83286962 0 20.47582884 0 1015.32554247 0 29211
0.16750000 0.16749900 8543.31725147 0 183.01113523 0 2693.69732653 0 84.63109330 0 1125.83398756 0 30922
0.16850000 0.16850800 8360.34708384 0 103.41684249 0 2530.82342845 0 292.79545027 0 1395.27901202 0 30867
0.16950000 0.16949900 8260.23112283 0 -40.23649622 0 2223.55534241 0 143.23934448 0 712.47974297 0 30852
0.17050000 0.17049200 8365.76145068 0 -125.24460219 0 2048.96692466 0 212.77575881 0 318.15218134 0 31257
0.17150000 0.17149500 8351.06847564 0 -14.88142600 0 1791.03711801 0 193.68928529 0 -212.60192331 0 32608
0.17250000 0.17250900 8345.55445788 0 33.23601885 0 1649.79854263 0 -102.42276916 0 -198.59100348 0 32361
0.17350000 0.17350400 8222.72915867 0 163.84936990 0 1511.21732520 0 -56.47339623 0 -296.73830514 0 32508
0.17450000 0.17449800 8176.24753908 0 137.61017454 0 1722.39977646 0 -29.99370998 0 45.87153449 0 32791
0.17550000 0.17549800 8110.00181969 0 70.78027930 0 1749.41624902 0 60.32722960 0 203.46946980 0 33633
0.17650000 0.17650100 8138.53520075 0 243.73840793 0 2067.52414106 0 -5.40755736 0 207.76331736 0 33984
0.17750000 0.17750300 7991.67188435 0 100.66536977 0 1934.97734066 0 44.89296242 0 510.83499230 0 34069
0.17850000 0.17849800 7819.47508877 0 91.59946093 0 2084.34300246 0 9.07550854 0 774.31314092 0 34536
0.17950000 0.17950400 7854.04288686 0 86.90047700 0 2059.26418675 0 114.62624269 0 706.88157554 0 35343
0.18050000 0.18050100 7792.51397784 0 66.31525359 0 2193.44969122 0 -14.15973187 0 556.80396325 0 34990
0.18150000 0.18150500 7764.55635767 0 120.94300399 0 2073.25960532 0 -60.91771669 0 351.75225823 0 36243
0.18250000 0.18250200 7519.54795409 0 238.76471962 0 2033.94177989 0 -19.33991904 0 743.85760427 0 35694
0.18350000 0.18350400 7429.46351936 0 129.52184126 0 2086.56853975 0 21.32884074 0 350.04490575 0 37087
0.18450000 0.18450600 7353.21949066 0 9.83423960 0 1928.64397086 0 409.27077120 0 789.70699411 0 36651
0.18550000 0.18550700 7327.67563730 0 17.42606769 0 1869.35167146 0 461.35941608 0 436.43229121 0 37818
0.18650000 0.18651000 7338.65938353 0 -2.14060148 0 1723.09733293 0 220.02259540 0 677.65063802 0 37267
0.18750000 0.18750100 7312.50655230 0 123.71662136 0 1544.94362660 0 161.93385771 0 618.50449330 0 38334
0.18850000 0.18850000 7314.06775010 0 54.39390290 0 1399.96260542 0 7.90296042 0 497.29796797 0 38223
0.18950000 0.18949500 7167.93520715 0 63.65092007 0 1394.61467253 0 -94.19614255 0 711.42897934 0 39064
0.19050000 0.19050000 7216.33233893 0 97.73817926 0 1418.45338787 0 -132.58444631 0 472.96099802 0 39609
0.19150000 0.19149800 7098.71103238 0 63.82575208 0 1449.03514902 0 -3.61618807 0 509.79751546 0 39576
0.19250000 0.19250400 7093.32988252 0 69.63252211 0 1422.45049713 0 126.30200921 0 205.72047343 0 40909
0.19350000 0.19350500 6984.85431627 0 67.75908475 0 1437.13239984 0 156.91698733 0 574.00814155 0 40191
0.19450000 0.19450100 6967.33789841 0 11.61398295 0 1213.22784735 0 235.49063317 0 321.57352971 0 41232
0.19550000 0.19549800 6972.26508295 0 -3.76649488 0 1213.65966802 0 304.04161059 0 428.03614730 0 40873
0.19650000 0.19649700 7016.08934458 0 83.58055113 0 1096.28305985 0 31.39380545 0 229.46618124 0 42816
0.19750000 0.19750200 6833.00845371 0 29.57373670 0 1009.06635725 0 56.37440964 0 425.61573710 0 41727
0.19850000 0.19849000 6885.12588663 0 118.42405010 0 1191.98005603 0 -134.73912072 0 437.00362317 0 42610
0.19950000 0.19949900 6786.49361714 0 111.35215624 0 1159.06203434 0 -43.79325912 0 347.50602167 0 43863
0.20050000 0.20050100 6731.78526022 0 149.06449457 0 1168.72817391 0 -74.61562189 0 428.09704509 0 43302
0.20150000 0.20150100 6576.83914670 0 183.41084616 0 1327.22850369 0 -178.61763674 0 443.72895327 0 44487
0.20250000 0.20249700 6479.23660343 0 125.21470691 0 1444.11903680 0 -154.33492118 0 363.51771059 0 43759
0.20350000 0.20349100 6392.17491338 0 157.44070829 0 1488.54120397 0 -72.13431390 0 219.40918861 0 45282
0.20450000 0.20449700 6257.08147827 0 146.46581993 0 1414.38984466 0 80.28288063 0 192.72931472 0 45483
0.20550000 0.20549900 6199.37252131 0 -18.27752947 0 1218.27682747 0 56.05829477 0 88.65964797 0 46138
0.20650000 0.20650200 6244.32616007 0 -23.98442713 0 1249.95474878 0 216.83376585 0 -93.35398152 0 46227
0.20750000 0.20749300 6257.31399709 0 96.90144367 0 1230.03563643 0 -90.06483671 0 113.18573323 0 46236
0.20850000 0.20850300 6130.84590301 0 205.52227882 0 1164.22173771 0 133.06609244 0 134.59185880 0 48361
0.20950000 0.20950400 6029.47876929 0 71.58579093 0 1125.53503479 0 196.55037402 0 496.50961845 0 46812
0.21050000 0.21050300 5993.47156898 0 10.32293880 0 1220.51343708 0 210.03757288 0 347.26685945 0 48813
0.21150000 0.21149700 6046.67408974 0 22.38502981 0 1213.57108942 0 109.12982992 0 503.11647467 0 47215
0.21250000 0.21249000 6022.06031166 0 69.51880933 0 1197.41656751 0 72.93063550 0 538.49587416 0 50004
0.21350000 0.21350300 5932.79522898 0 74.64651368 0 1168.34064254 0 -149.79748247 0 827.87994116 0 49509
0.21450000 0.21449800 5942.64959807 0 18.74887834 0 1188.83551578 0 86.08577534 0 688.84808010 0 49660
0.21550000 0.21550100 5865.85195312 0 77.55344183 0 1177.63032306 0 -31.46477905 0 384.10226966 0 50841
0.21650000 0.21649800 5902.45705897 0 114.15345442 0 1132.68775662 0 -132.91218712 0 363.73472815 0 50424
0.21750000 0.21750300 5722.59821462 0 79.02517525 0 1119.98780006 0 -80.72400205 0 243.19143508 0 52231
0.21850000 0.21850300 5732.24220954 0 99.46834073 0 1115.62530408 0 7.84816348 0 174.43561966 0 51078
0.21950000 0.21950100 5606.99207119 0 87.58009630 0 979.07475102 0 14.86094220 0 -2.85580723 0 52791
0.22050000 0.22050700 5563.54426860 0 56.71731954 0 972.63176521 0 59.95785685 0 -139.46700342 0 52969
0.22150000 0.22150000 5571.50527014 0 7.51911613 0 974.39558655 0 12.32449403 0 -91.26020490 0 52704
0.22250000 0.22250100 5539.81627651 0 90.41461145 0 1009.68862191 0 72.30283468 0 -75.99434778 0 54051
0.22350000 0.22349900 5521.87911031 0 108.03654857 0 1060.93244840 0 -36.82633090 0 59.86130618 0 53938
0.22450000 0.22449800 5411.89770788 0 54.62243569 0 1048.46168896 0 -132.70070572 0 -5.11255741 0 54735
0.22550000 0.22549100 5470.53674012 0 58.79858444 0 1136.71808286 0 50.42015625 0 48.21720650 0 54774
0.22650000 0.22649900 5352.79363800 0 70.75824537 0 1164.97465579 0 -69.99646942 0 -52.98638897 0 56911
0.22750000 0.22749800 5373.69818726 0 50.19682746 0 1153.88018633 0 80.80361206 0 -117.75085275 0 54879
0.22850000 0.22849100 5308.00608411 0 37.06970060 0 985.34943749 0 149.71333280 0 -142.93374832 0 57210
0.22950000 0.22949800 5269.45224909 0 51.78382377 0 940.67149962 0 79.66415911 0 -255.99879320 0 57375
0.23050000 0.23049600 5239.49053813 0 79.19734990 0 859.96532401 0 44.02013106 0 -247.25497829 0 57604
0.23150000 0.23150100 5170.55424381 0 62.67733055 0 826.27556129 0 27.06485862 0 -153.97285616 0 58629
0.23250000 0.23250200 5178.44881141 0 55.57974889 0 828.77569223 0 82.31730959 0 -104.36518711 0 58560
0.23350000 0.23350400 5138.67702066 0 55.68947563 0 861.92955444 0 7.30101348 0 -119.66525771 0 59305
0.23450000 0.23449700 5073.99249907 0 120.27534281 0 883.21720613 0 -11.67178048 0 -67.97200555 0 59196
0.23550000 0.23549300 5008.42219149 0 114.08480600 0 923.80391999 0 -13.64453660 0 -75.54979394 0 60063
0.23650000 0.23649900 4956.92480876 0 90.22494253 0 928.03908423 0 -101.18333312 0 -104.72038729 0 61537
0.23750000 0.23750400 4845.22719599 0 105.70128454 0 911.01759929 0 28.87994482 0 -159.62195628 0 61224
0.23850000 0.23850100 4883.10561919 0 22.67213519 0 858.21368223 0 9.80875111 0 -93.83097727 0 61221
0.23950000 0.23949400 4840.61003654 0 18.05265055 0 838.84597166 0 45.13843586 0 -149.46863442 0 62332
0.24050000 0.24050100 4859.38869943 0 29.47430722 0 813.92881188 0 83.36486224 0 -71.17102164 0 63447
0.24150000 0.24150500 4865.66670761 0 -6.91312780 0 759.97005134 0 163.02891063 0 -77.27585865 0 63342
0.24250000 0.24250300 4859.04545736 0 38.57808341 0 753.88913055 0 86.23547317 0 -39.49465046 0 63379
0.24350000 0.24349600 4870.84855562 0 60.92779250 0 686.59707647 0 28.65938411 0 79.11320023 0 64266
0.24450000 0.24449500 4846.48944102 0 67.01092776 0 713.78849176 0 -53.55008103 0 -54.52455634 0 64695
0.24550000 0.24549600 4732.11232564 0 123.63357893 0 729.09819529 0 -105.20911970 0 174.35922062 0 65947
0.24650000 0.24650000 4687.78980939 0 31.71778168 0 758.16526240 0 76.11924360 0 14.28418480 0 66018
0.24750000 0.24750000 4719.31271815 0 24.35247121 0 721.88125397 0 40.21379796 0 64.84750621 0 66303
0.24850000 0.24849600 4679.80666320 0 40.53843852 0 759.47733289 0 64.41302819 0 -62.83533262 0 66958
0.24950000 0.24949200 4649.78959062 0 57.09355714 0 739.72209095 0 -42.91234496 0 -62.13655820 0 66975
0.25050000 0.25048900 4570.72211909 0 88.62953124 0 812.57688102 0 72.89775069 0 228.55160721 0 68676
0.25150000 0.25150000 4595.20302926 0 6.09883581 0 693.82841181 0 191.29987759 0 279.82975791 0 69349
0.25250000 0.25249900 4576.97798261 0 -23.16784317 0 719.25046959 0 220.67586257 0 256.42839940 0 68592
0.25350000 0.25349900 4627.48992843 0 54.15972323 0 629.02320188 0 176.68662329 0 170.48058523 0 70437
0.25450000 0.25450100 4473.96107250 0 145.73504650 0 584.52574290 0 -25.54385336 0 307.49063977 0 70099
0.25550000 0.25550100 4392.52412345 0 155.27163986 0 459.18481148 0 49.46450389 0 359.41541424 0 71064
0.25650000 0.25650300 4324.17466235 0 64.10964649 0 456.96813206 0 -99.86783021 0 334.77284812 0 71409
0.25750000 0.25750600 4277.50481324 0 27.63331177 0 435.46346279 0 121.27295927 0 292.08128532 0 72612
0.25850000 0.25850600 4340.42883518 0 -49.12668726 0 380.65434771 0 76.70685188 0 293.70116644 0 71845
0.25950000 0.25949600 4332.29067644 0 -67.01159210 0 383.98601025 0 100.48145845 0 328.63102955 0 72816
0.26050000 0.26049800 4440.74409804 0 72.11892337 0 365.17413038 0 -37.48103747 0 77.93311185 0 73743
0.26150000 0.26149900 4325.69157085 0 129.95587640 0 469.81867224 0 -135.01039268 0 177.76949666 0 74662
0.26250000 0.26250300 4283.98212326 0 111.07977705 0 502.73447946 0 -155.31482193 0 281.83717040 0 74931
0.26350000 0.26350100 4177.57708175 0 84.55070823 0 677.91415935 0 -148.39572615 0 348.27444101 0 75087
0.26450000 0.26450200 4234.34489110 0 65.36137281 0 703.84886577 0 -42.06929815 0 188.02136221 0 76678
0.26550000 0.26550600 4117.15540522 0 83.52795758 0 704.67707567 0 -56.53230100 0 146.61751078 0 76035
0.26650000 0.26650100 4148.43472283 0 51.77684821 0 766.50050852 0 -48.65788503 0 80.31377241 0 77094
0.26750000 0.26750600 4055.49362830 0 62.08374321 0 768.89434515 0 -48.16361645 0 123.82513014 0 78463
0.26850000 0.26850100 4109.21654832 0 13.58873208 0 706.24270239 0 147.33942636 0 92.17079289 0 77076
0.26950000 0.26949700 4044.42130348 0 -17.75635514 0 580.16324692 0 189.26699875 0 241.08326444 0 79149
0.27050000 0.27049900 4107.01315568 0 -0.10696043 0 474.21770689 0 229.39974729 0 155.42443794 0 79648
0.27150000 0.27150200 4065.76874573 0 43.80975689 0 374.75169135 0 207.14548164 0 232.30069639 0 80241
0.27250000 0.27250500 4013.03126262 0 104.41003002 0 308.84589233 0 100.55630737 0 334.44178561 0 80835
0.27350000 0.27350000 3976.44830142 0 44.29627484 0 235.92356107 0 19.56047975 0 233.46107603 0 80680
0.27450000 0.27450400 3944.72609081 0 15.68306232 0 308.77835115 0 -55.42717226 0 215.72542614 0 82617
0.27550000 0.27550800 3918.54004262 0 60.11763050 0 281.47289091 0 -109.45746001 0 152.48805740 0 82548
0.27650000 0.27649900 3946.17656537 0 69.78011620 0 359.61360885 0 -139.93757722 0 99.80139626 0 81181
0.27750000 0.27748900 3886.60745784 0 37.41305339 0 299.91938406 0 -99.40600354 0 165.49028844 0 84096
0.27850000 0.27849800 3867.48555288 0 37.00038785 0 346.79296395 0 -24.51036256 0 15.01827994 0 85215
0.27950000 0.27950200 3852.80365017 0 41.57912633 0 376.29406619 0 117.37992987 0 23.45494856 0 84514
0.28050000 0.28050300 3831.30119537 0 56.41161266 0 307.19943763 0 41.96488613 0 -89.60411727 0 85815
0.28150000 0.28150100 3787.64301861 0 70.04972730 0 262.62004344 0 61.44376284 0 26.42720343 0 85485
0.28250000 0.28250000 3761.03622207 0 77.41138391 0 222.88146967 0 74.04617222 0 43.17199098 0 87220
0.28350000 0.28350400 3744.31701160 0 58.64268611 0 206.36377550 0 45.07853459 0 245.28299724 0 87147
0.28450000 0.28449700 3681.19368781 0 66.38489851 0 206.67380060 0 111.18939306 0 285.85753154 0 87102
0.28550000 0.28549800 3625.98707626 0 68.23530544 0 160.91077489 0 95.61882556 0 285.99593560 0 88971
0.28650000 0.28649900 3650.95516873 0 32.45597357 0 172.78805772 0 6.73597060 0 234.51183966 0 89434
0.28750000 0.28750100 3596.66756014 0 20.93632683 0 275.42961603 0 -106.33473224 0 207.63709286 0 89619
0.28850000 0.28849900 3602.15943325 0 70.16399370 0 306.57163681 0 -125.00986890 0 262.00442218 0 90240
0.28950000 0.28950100 3587.59932611 0 46.17037654 0 308.65323388 0 -38.56988989 0 240.60826170 0 91333
0.29050000 0.29050500 3604.09709009 0 5.49331251 0 280.89159386 0 35.85152342 0 89.05958034 0 92139
0.29150000 0.29150600 3594.75204795 0 30.22578591 0 306.12874382 0 -72.73299450 0 44.56987199 0 92370
0.29250000 0.29250200 3585.36271650 0 73.54271362 0 327.10415595 0 33.13238189 0 121.82546828 0 91819
0.29350000 0.29349600 3557.12828821 0 61.69111858 0 311.19543966 0 44.30679355 0 162.27156361 0 93552
0.29450000 0.29450000 3507.90073207 0 23.04438675 0 223.73625315 0 6.81768436 0 99.67838273 0 94701
0.29550000 0.29550200 3535.00578323 0 28.09679929 0 233.28724053 0 94.65265450 0 67.04038014 0 95020
0.29650000 0.29650300 3506.98172911 0 66.55818040 0 229.89578744 0 -107.86802779 0 -1.51272316 0 95151
0.29750000 0.29749800 3444.12414111 0 103.00583779 0 223.72075189 0 -32.62870184 0 164.00327521 0 95802
0.29850000 0.29850000 3395.20661006 0 68.19511290 0 290.49572841 0 -6.16067475 0 156.13528120 0 97399
0.29950000 0.29950700 3370.49318107 0 28.16755145 0 187.67590568 0 135.17204862 0 174.41790394 0 97881
0.30050000 0.30050300 3344.75002587 0 -2.02108681 0 146.82013433 0 176.01453318 0 217.39734719 0 97188
0.30150000 0.30149700 3374.75602612 0 -12.80990475 0 11.35511199 0 204.29657246 0 182.92809279 0 98263
0.30250000 0.30249700 3386.41518416 0 28.04940974 0 32.11815694 0 87.73909488 0 345.59826010 0 100050
0.30350000 0.30350600 3349.62184879 0 80.12410349 0 -27.15864121 0 32.30018596 0 300.54939934 0 100779
0.30450000 0.30450500 3324.74233492 0 53.10353417 0 15.99950936 0 53.77806020 0 362.79579501 0 99982
0.30550000 0.30550300 3251.72035274 0 79.83932329 0 -37.49266341 0 -75.33476939 0 414.94423044 0 101559
0.30650000 0.30649700 3228.21380715 0 68.44711901 0 -26.91593585 0 -20.47627173 0 299.36023166 0 100935
0.30750000 0.30749800 3221.48183366 0 46.04979892 0 1.79458026 0 -9.32017371 0 283.49801912 0 103762
0.30850000 0.30850200 3173.05148490 0 40.16884432 0 -36.06676942 0 -70.31944914 0 225.76691752 0 102951
0.30950000 0.30950100 3192.64949983 0 64.53371653 0 44.48981908 0 -104.56061364 0 158.56676373 0 104394
0.31050000 0.31050000 3127.69924245 0 71.89603747 0 94.38204688 0 -94.78552240 0 165.19355013 0 103963
0.31150000 0.31149700 3106.27429392 0 75.42744475 0 104.74629653 0 -22.09460273 0 144.93341018 0 105936
0.31250000 0.31250000 3047.54668308 0 62.58111204 0 130.77744290 0 -36.70774630 0 127.28412442 0 105717
0.31350000 0.31349800 3064.50948471 0 45.56549543 0 169.55936781 0 -27.34067023 0 104.08217848 0 106776
0.31450000 0.31450400 3024.19515004 0 20.44914454 0 157.38202497 0 13.67753213 0 36.61341009 0 108733
0.31550000 0.31549900 3041.97730370 0 51.67996537 0 173.40700068 0 -25.61781649 0 73.84388085 0 105891
0.31650000 0.31650000 3020.30876403 0 28.59206438 0 135.77549032 0 50.19250925 0 139.94089892 0 111072
0.31750000 0.31750600 3002.29409155 0 9.74592674 0 162.94143926 0 141.76672528 0 160.56088943 0 108121
0.31850000 0.31849900 3035.30069183 0 41.99389562 0 24.03591344 0 79.68630376 0 178.63978139 0 110484
0.31950000 0.31950100 3009.84541708 0 44.97367967 0 11.16444656 0 97.22198747 0 178.06955666 0 110817
0.32050000 0.32049800 2994.99742949 0 8.27026265 0 -45.68518726 0 96.91882722 0 285.83649412 0 111088
0.32150000 0.32149900 3027.20682239 0 23.83650087 0 -48.55170144 0 5.57206996 0 297.70270463 0 112635
0.32250000 0.32250100 3021.88103415 0 20.71056213 0 -93.69954878 0 5.06458102 0 305.99366146 0 113202
0.32350000 0.32350400 2995.80570921 0 49.53193435 0 -57.92232065 0 7.29397148 0 288.91460042 0 113863
0.32450000 0.32450300 2954.78274575 0 60.68409063 0 -141.27179236 0 9.98182262 0 311.38145471 0 114045
0.32550000 0.32549900 2919.10771519 0 53.54277330 0 -67.96037961 0 -34.05337787 0 196.79064347 0 114828
0.32650000 0.32650300 2897.43917552 0 69.06318316 0 -117.59141127 0 -1.41658216 0 234.21953028 0 116431
0.32750000 0.32750400 2909.27549075 0 40.45451030 0 -38.08281832 0 -100.45034522 0 140.52108874 0 116442
0.32850000 0.32850400 2860.92264827 0 48.52667798 0 -50.51139221 0 -44.52004652 0 191.97086047 0 116955
0.32950000 0.32949800 2839.54198904 0 52.36722457 0 -39.95083024 0 5.41169841 0 182.98456165 0 117028
0.33050000 0.33049700 2835.77739860 0 28.89555680 0 -80.74725393 0 -17.62736256 0 188.22287852 0 119061
0.33150000 0.33150100 2829.35545021 0 35.47583944 0 -40.87824817 0 28.60402249 0 76.40280584 0 120060
0.33250000 0.33250400 2779.17567413 0 71.28650599 0 -73.74522644 0 -34.61297317 0 62.30585405 0 119737
0.33350000 0.33350100 2779.06495088 0 77.72473070 0 -28.09082023 0 -124.81167429 0 10.78496477 0 120531
0.33450000 0.33450000 2688.89193756 0 74.73077407 0 12.83204940 0 -82.07947605 0 46.18078452 0 121704
0.33550000 0.33550300 2700.38501072 0 52.73427214 0 57.75701084 0 -49.57201617 0 17.73930376 0 122761
0.33650000 0.33650300 2694.70490809 0 18.56441341 0 14.79052222 0 27.93591841 0 17.11947502 0 122472
0.33750000 0.33749900 2710.91479162 0 10.28973290 0 35.11731756 0 103.68844661 0 68.59371659 0 122985
0.33850000 0.33849800 2713.71608980 0 37.77146455 0 5.19486907 0 57.20505545 0 92.24331662 0 125380
0.33950000 0.33950300 2695.72356197 0 62.40007953 0 -9.51981879 0 27.21344922 0 144.59791874 0 125223
0.34050000 0.34050000 2655.54209520 0 58.09637760 0 13.69314410 0 5.07083689 0 246.20532190 0 125178
0.34150000 0.34149900 2655.66389078 0 29.92085408 0 -45.97550362 0 34.48353769 0 253.40233303 0 127059
0.34250000 0.34250300 2658.12194689 0 26.18748760 0 -43.10157099 0 37.00481678 0 162.36457114 0 127957
0.34350000 0.34349800 2631.02796806 0 18.54448322 0 -94.82117528 0 -25.22198087 0 138.78273374 0 126732
0.34450000 0.34449700 2613.01329558 0 46.04116251 0 -56.78397494 0 40.36438157 0 144.30118043 0 129639
0.34550000 0.34550000 2597.84421057 0 44.47896820 0 -62.04620803 0 6.60536146 0 118.22806995 0 129826
0.34650000 0.34650400 2575.95422441 0 57.24823752 0 -167.09134661 0 37.83103365 0 192.10705007 0 130875
0.34750000 0.34750200 2571.86853655 0 21.22642174 0 -138.47492311 0 32.93219426 0 148.13220482 0 130686
0.34850000 0.34850200 2548.21805074 0 55.53291296 0 -117.29467297 0 -22.70889531 0 193.13677628 0 132211
0.34950000 0.34950400 2535.52916650 0 82.32273503 0 -79.51545779 0 -49.33739361 0 203.89464707 0 132768
0.35050000 0.35050300 2473.08125452 0 64.71297747 0 -65.89450525 0 -33.52201700 0 176.67997990 0 132957
0.35150000 0.35150100 2441.48083949 0 54.31916471 0 -50.90933156 0 -22.97529545 0 226.80550159 0 133987
0.35250000 0.35249800 2455.18837761 0 26.17741178 0 -101.66398274 0 78.33082976 0 121.92511921 0 134778
0.35350000 0.35349800 2444.66966903 0 -9.02573844 0 -170.42965254 0 38.05181581 0 116.43324610 0 135699
0.35450000 0.35450100 2432.99943867 0 30.82048047 0 -171.96649122 0 14.23358428 0 83.12071748 0 137380
0.35550000 0.35550100 2444.52572881 0 55.80916746 0 -222.71759926 0 -5.95003484 0 126.25107651 0 136161
0.35650000 0.35649900 2418.39504224 0 22.96178721 0 -238.18120810 0 102.22457455 0 179.39823564 0 138792
0.35750000 0.35750000 2411.08730786 0 15.96518516 0 -338.42892978 0 124.82385384 0 147.09140629 0 138097
0.35850000 0.35849800 2419.45798542 0 -2.70846781 0 -314.30454846 0 109.94043482 0 127.55650361 0 140028
0.35950000 0.35950300 2434.08452651 0 40.73563662 0 -329.62310985 0 52.66562372 0 169.34567194 0 141099
0.36050000 0.36050500 2455.17730529 0 42.16330219 0 -373.03769547 0 -41.68486703 0 251.85220756 0 140821
0.36150000 0.36150200 2404.84251666 0 52.35105898 0 -350.80557446 0 -85.13344468 0 249.68535359 0 141756
0.36250000 0.36250400 2425.33738990 0 65.61991159 0 -277.19786630 0 -83.65340702 0 235.71097244 0 142971
0.36350000 0.36349900 2357.98443803 0 66.45410054 0 -274.14190465 0 -73.57294106 0 211.41275562 0 142270
0.36450000 0.36450000 2348.14114126 0 56.07612121 0 -193.36375894 0 -37.55322902 0 211.98187312 0 145311
0.36550000 0.36550300 2324.88925915 0 63.79342089 0 -204.58334567 0 -15.04673581 0 127.31180523 0 145434
0.36650000 0.36650100 2297.20844710 0 53.64751749 0 -181.27056577 0 -22.17631649 0 147.58301751 0 144547
0.36750000 0.36749600 2288.10699610 0 20.89225898 0 -211.40943392 0 -50.73472100 0 105.93790012 0 146892
0.36850000 0.36849900 2286.66759387 0 30.98678679 0 -159.21117303 0 -27.98829051 0 67.75875258 0 148113
0.36950000 0.36949900 2275.47347348 0 28.05217782 0 -181.08122901 0 29.47486084 0 41.88272948 0 147387
0.37050000 0.37049800 2291.32904262 0 30.49971522 0 -185.32968005 0 30.39618899 0 32.80320168 0 149758
0.37150000 0.37150100 2288.81562489 0 24.53981494 0 -241.64906024 0 4.43617123 0 33.09373948 0 150099
0.37250000 0.37250000 2293.68744781 0 34.77717575 0 -157.28237405 0 -19.27990704 0 11.79678703 0 150468
0.37350000 0.37349800 2279.96883736 0 68.19976327 0 -215.70881765 0 -24.12294191 0 56.73171357 0 150709
0.37450000 0.37449700 2234.98198162 0 53.26386143 0 -192.51672609 0 1.81612701 0 104.77342372 0 153108
0.37550000 0.37550100 2234.00761703 0 17.46271709 0 -170.86590214 0 -1.24198267 0 121.23642060 0 153189
0.37650000 0.37649900 2244.02807100 0 14.40299085 0 -193.33607812 0 67.47662974 0 119.65750708 0 153547
0.37750000 0.37749900 2246.46398246 0 20.73591775 0 -228.44420566 0 12.77546982 0 141.96713436 0 155424
0.37850000 0.37850200 2253.53919801 0 38.57376520 0 -284.53660319 0 42.57452833 0 107.26248234 0 155313
0.37950000 0.37949900 2225.65908412 0 44.59090940 0 -243.37302121 0 -46.19916458 0 72.85689382 0 156100
0.38050000 0.38050000 2234.76053512 0 51.21116313 0 -275.33882296 0 -50.35914774 0 59.97989078 0 157557
0.38150000 0.38149800 2186.92809191 0 62.76989518 0 -191.13379272 0 -70.69048274 0 52.18840652 0 157692
0.38250000 0.38250100 2180.45078189 0 85.52928029 0 -210.88128403 0 -53.69125317 0 47.40494076 0 159703
0.38350000 0.38350500 2135.37534755 0 39.89247909 0 -172.18683049 0 17.65006082 0 38.65481462 0 160338
0.38450000 0.38450600 2111.68057244 0 40.14824979 0 -228.05556706 0 40.79055536 0 62.01288034 0 160167
0.38550000 0.38550000 2132.74013424 0 3.87068545 0 -209.07981678 0 104.21371770 0 117.01675761 0 160033
0.38650000 0.38649600 2104.47248898 0 12.64149469 0 -230.90004730 0 68.10520562 0 121.70035101 0 162444
0.38750000 0.38750200 2131.99828848 0 44.28564541 0 -307.65783188 0 72.72446881 0 198.24665418 0 164307
0.38850000 0.38850400 2129.34093052 0 28.13688111 0 -307.91249535 0 40.43900904 0 201.52074063 0 163882
0.38950000 0.38950500 2080.96594339 0 74.37557389 0 -316.81243004 0 -36.58993677 0 279.75668057 0 164595
0.39050000 0.39050100 2077.47816107 0 60.06415117 0 -283.18799403 0 -0.25963827 0 282.82039284 0 165006
0.39150000 0.39150100 2043.97330617 0 36.65803156 0 -302.75832814 0 32.31856602 0 307.92467490 0 166687
0.39250000 0.39250100 2024.47494217 0 23.74061454 0 -310.84112526 0 54.71887564 0 278.78785214 0 167256
0.39350000 0.39350100 2043.14288181 0 37.81088202 0 -339.11652115 0 -18.94408343 0 230.86572310 0 167937
0.39450000 0.39449600 2012.69398856 0 50.28928137 0 -312.30267214 0 -31.74247296 0 235.60578535 0 167719
0.39550000 0.39549700 2007.64500844 0 62.87663239 0 -306.46091356 0 -62.59605968 0 258.98721367 0 171636
0.39650000 0.39650400 1980.25207684 0 37.19880391 0 -302.28886157 0 -32.29077448 0 272.81101121 0 171093
0.39750000 0.39750000 1986.27542154 0 5.94423294 0 -317.20771203 0 56.25671083 0 255.31341630 0 170464
0.39850000 0.39849800 1970.57486495 0 33.80735082 0 -330.75913038 0 34.37082143 0 230.14380752 0 172113
0.39950000 0.39949500 1998.52141279 0 33.24399093 0 -339.56052138 0 -2.28926959 0 166.13580497 0 173232
