### header ###
fiducial parameters:
Omega_m = 0.31
Omega_nu = 0
Omega_de = 0.69
Omega_k = 0
H_0 = 100
w_de = -1
zeff = 0
beta = 0
fgrowth = 0
b_1 = 2
gamma = 0.55
Lx = 3500 Ly = 3500 Lz = 3500
nx = 700 ny = 700 nz = 700
xoffset = -685.467585 yoffset = -31.7331281 zoffset = 572.489161
bins = 400 dk = 0.001
kx_ny = 0.628318531 ky_ny = 0.628318531 kz_ny = 0.628318531
############################
A(data) = 8.04603906 (not used)
A(ran) = 8.03862833 (used)
Ngal = 477291
weighted Ngal = 0
Nran = 23820508
weighted Nran = 0
SN(data) = 3494.99387
SN(ran) = 70.0193681
SN(data+ran) = 3565.01324
############################
13 columns: k_central k_mean P_0(k) sigma^{lin}_{P_0(k)} P^img_1(k) sigma^{lin}_{P_1(k)} P_2(k) sigma^{lin}_{P_2(k)} P^img_3(k) sigma^{lin}_{P_3(k)} P_4(k) sigma^{lin}_{P_4(k)} N_modes
### header ###
0.00050000 0 0 0 0 0 0 0 0 0 0 0 0
0.00150000 0.00179520 46064.96800575 0 -57115.92323750 0 8587.72834632 0 -87498.38253986 0 -114254.21257113 0 3
0.00250000 0.00253879 69818.53716244 0 -38850.57332367 0 -33628.86493919 0 59517.73193716 0 106943.93155611 0 6
0.00350000 0.00331552 100139.21289232 0 -40403.35615623 0 -16956.04750403 0 -66201.20864419 0 -74775.28481401 0 7
0.00450000 0.00420575 104665.46855493 0 -19229.08506605 0 -51479.33484207 0 -22614.11620960 0 28612.65890335 0 24
0.00550000 0.00557378 113447.04009185 0 15204.07354797 0 -24103.56534421 0 -53305.93626740 0 -20255.82174648 0 45
0.00650000 0.00659388 89030.01723203 0 16460.89313814 0 -13239.17878566 0 -59930.06531341 0 35304.99347024 0 40
0.00750000 0.00754703 66031.58062797 0 28980.59225708 0 4672.47678417 0 -14299.46461029 0 -2445.82119081 0 57
0.00850000 0.00846663 57900.17600440 0 4272.06830175 0 18572.27475780 0 -15345.68858240 0 12477.18139164 0 75
0.00950000 0.00948925 61721.89963881 0 -7669.22364099 0 29412.63437150 0 22869.88691291 0 8941.50019660 0 112
0.01050000 0.01054430 65941.11973420 0 -4631.98529231 0 29172.36492294 0 6103.74085185 0 14043.69390698 0 105
0.01150000 0.01145670 67117.55424618 0 10228.19291912 0 48399.23552402 0 22958.13334172 0 39608.91685050 0 144
0.01250000 0.01249090 61664.76644274 0 9098.98187249 0 37655.64802924 0 10482.88960693 0 50981.63384147 0 169
0.01350000 0.01339930 58200.01456049 0 5921.55681929 0 47868.20682572 0 44358.61202795 0 49715.73494496 0 180
0.01450000 0.01448870 61970.91622398 0 -914.40462345 0 46111.02887700 0 13507.68266251 0 45841.19632117 0 267
0.01550000 0.01550050 62241.85601229 0 -6351.60591524 0 49366.95671317 0 26052.62668203 0 52222.39856065 0 238
0.01650000 0.01653350 59951.32417706 0 4393.68671756 0 34816.26105274 0 17165.97878259 0 47582.31939890 0 315
0.01750000 0.01747870 66379.03018078 0 -8824.80896533 0 11896.21650840 0 11677.09520024 0 26136.33345766 0 297
0.01850000 0.01844180 65850.10522419 0 -8427.20178110 0 27764.85099199 0 2729.66023754 0 15350.22823558 0 388
0.01950000 0.01947590 76932.50585842 0 -3389.39363954 0 10389.09594339 0 -8650.02124575 0 7906.20460908 0 399
0.02050000 0.02045430 79395.43379108 0 5220.76723686 0 16980.07444888 0 -17683.16707487 0 -204.19470707 0 462
0.02150000 0.02154770 73869.01502760 0 8414.94471752 0 30491.85387157 0 -21401.03230247 0 727.04649350 0 571
0.02250000 0.02255340 70037.21557761 0 4800.94896904 0 40418.96813423 0 -7233.38371915 0 -4760.05887348 0 510
0.02350000 0.02348930 70240.83563102 0 574.33477513 0 45795.68906616 0 7864.43979986 0 9947.96345029 0 555
0.02450000 0.02439640 73457.56743734 0 -3153.16558953 0 54542.93639614 0 11554.74601099 0 9079.38385756 0 592
0.02550000 0.02547300 77685.97756233 0 -1400.18405192 0 52101.26732713 0 14754.75860683 0 173.54429751 0 837
0.02650000 0.02652900 76709.39851333 0 3429.15435796 0 55914.35454818 0 10172.64306551 0 19339.14397474 0 723
0.02750000 0.02749970 72507.22979815 0 4337.94863442 0 47832.00032356 0 8244.18732417 0 12579.82184271 0 826
0.02850000 0.02848090 70368.61025943 0 3937.04189739 0 43412.81404194 0 17687.26383505 0 21308.91055998 0 831
0.02950000 0.02946900 64450.78481361 0 698.23851878 0 36608.98116413 0 20012.67349346 0 2212.89269361 0 996
0.03050000 0.03053250 67796.95209705 0 -1730.83688798 0 27070.28405612 0 6297.86085057 0 -4285.47688711 0 1041
0.03150000 0.03150510 65211.34280540 0 -2199.82735032 0 19259.64468255 0 8280.28310308 0 6491.29436515 0 1036
0.03250000 0.03246190 65867.15660441 0 -72.22233888 0 15523.17794925 0 752.05223187 0 -11187.03410377 0 1059
0.03350000 0.03345080 64258.23708501 0 3798.99215155 0 12128.84605284 0 -3074.99497631 0 474.95401649 0 1302
0.03450000 0.03451200 60562.51650705 0 5536.77138719 0 13062.79665129 0 1970.53057565 0 -125.29996381 0 1339
0.03550000 0.03553350 54194.60105735 0 5350.86705348 0 9715.86537744 0 6569.49819535 0 8704.25349271 0 1365
0.03650000 0.03647120 53159.67085655 0 2801.58605956 0 13774.41496739 0 3404.87274963 0 -760.94884486 0 1308
0.03750000 0.03744890 49644.09700338 0 2656.66040001 0 11476.90756752 0 1663.09640474 0 1723.76167242 0 1579
0.03850000 0.03847530 45988.34751801 0 3418.20382871 0 14372.32050760 0 -1442.41389877 0 4195.97928560 0 1662
0.03950000 0.03950240 46203.92568223 0 1062.94096813 0 13796.11672403 0 -5274.01404692 0 6690.48548864 0 1683
0.04050000 0.04050350 45580.11090194 0 -332.79311645 0 16664.40246830 0 -3331.15321099 0 1470.95835216 0 1822
0.04150000 0.04152450 47181.94413346 0 -369.98726998 0 20108.55982639 0 1379.43451521 0 2435.13639736 0 1887
0.04250000 0.04250150 46225.73816212 0 -827.54998588 0 17186.01969051 0 1343.36088095 0 3563.20699454 0 1920
0.04350000 0.04349210 47800.33347458 0 439.70194873 0 19888.10983925 0 3735.58094731 0 1262.11216143 0 2005
0.04450000 0.04448520 45981.37195337 0 1564.96238987 0 19630.67828722 0 -112.04528377 0 2329.15210420 0 2151
0.04550000 0.04548030 46060.64979907 0 2674.26539647 0 22333.76494520 0 -621.79740270 0 4196.92043321 0 2274
0.04650000 0.04648670 43221.81643882 0 2073.74678761 0 18258.92796544 0 1655.22398179 0 7498.02335464 0 2311
0.04750000 0.04749250 41635.59518530 0 227.00258897 0 19322.20331777 0 783.48656203 0 6084.72967014 0 2568
0.04850000 0.04851840 42651.59171066 0 1186.35531502 0 21094.66107474 0 603.27561774 0 -2048.16971728 0 2493
0.04950000 0.04949480 40413.87486481 0 2031.36192820 0 18933.01110040 0 -143.92361416 0 378.11767809 0 2644
0.05050000 0.05050630 39044.56045449 0 -209.91356284 0 17186.57330675 0 361.69299146 0 -660.70333765 0 2829
0.05150000 0.05149060 41422.23148604 0 -2222.39274830 0 17899.85247157 0 2732.48368037 0 -2432.29080989 0 2784
0.05250000 0.05249300 41204.88174985 0 -487.12360870 0 16930.35971045 0 1758.78343582 0 -6139.65947356 0 3055
0.05350000 0.05348950 41305.41845921 0 2562.09167374 0 15312.36088470 0 59.97357955 0 -4418.96483512 0 3009
0.05450000 0.05448610 38731.32438537 0 1946.40397987 0 16778.44741394 0 -115.63271701 0 -1424.33279235 0 3336
0.05550000 0.05550870 37961.24419423 0 2184.65826532 0 16603.50468180 0 2953.28798190 0 648.31229894 0 3349
0.05650000 0.05647670 37122.29414272 0 322.81473732 0 18225.15737474 0 2163.27760609 0 -1716.59787826 0 3324
0.05750000 0.05747970 36059.79385313 0 168.77101828 0 17622.04784187 0 597.16590891 0 728.91550193 0 3639
0.05850000 0.05849280 36669.98967388 0 734.89455733 0 18650.66681752 0 270.81688551 0 -267.87386157 0 3846
0.05950000 0.05951020 34517.19755939 0 839.85798214 0 15962.63852130 0 -167.62281820 0 1375.10523620 0 3787
0.06050000 0.06049470 34700.22308864 0 63.34554535 0 18543.37599003 0 266.71901809 0 1446.95355195 0 3930
0.06150000 0.06148310 34048.72749632 0 603.39519885 0 16187.62816161 0 2794.92052002 0 -2381.52420059 0 4083
0.06250000 0.06249100 33748.00315424 0 1183.60937846 0 16435.20534456 0 1664.04862467 0 -2640.35086555 0 4303
0.06350000 0.06350600 32209.72506719 0 642.45282465 0 12719.99747491 0 1335.08985431 0 -2891.85872381 0 4470
0.06450000 0.06451750 31964.25162596 0 535.47977288 0 13596.59343080 0 1939.45055988 0 -1776.39950460 0 4479
0.06550000 0.06550280 31971.22719059 0 50.71102622 0 12065.06946189 0 2397.20261254 0 -929.92359392 0 4636
0.06650000 0.06648880 31682.79312907 0 -286.86511310 0 11729.13512689 0 1760.39999524 0 -2158.57186804 0 4653
0.06750000 0.06749660 31920.84811267 0 803.32484640 0 10530.63347154 0 -108.05083187 0 -1695.17292973 0 5220
0.06850000 0.06852730 30903.08001534 0 1704.00864494 0 10549.00245842 0 -919.44474571 0 -2102.05872217 0 5029
0.06950000 0.06949320 29937.90546090 0 1378.73695874 0 10585.89544471 0 -214.60269240 0 1466.04223994 0 5040
0.07050000 0.07048030 29033.51796971 0 58.78286174 0 9368.67048810 0 -151.04754794 0 167.86862381 0 5475
0.07150000 0.07148790 28862.78272101 0 460.96191962 0 10249.09746838 0 2558.26064935 0 -1212.22026580 0 5509
0.07250000 0.07249820 28068.01124552 0 115.92945532 0 8656.80858086 0 1703.08964198 0 -1401.31342905 0 5916
0.07350000 0.07351270 27997.14836668 0 739.34895360 0 10120.54777724 0 486.68957357 0 -1478.79755813 0 5721
0.07450000 0.07449140 27613.16014197 0 632.95166272 0 8925.82178465 0 54.63007559 0 511.18598499 0 6028
0.07550000 0.07549160 27113.57684616 0 578.11597406 0 8274.95731484 0 -167.55416978 0 86.00317580 0 6183
0.07650000 0.07648840 26281.82380578 0 396.34715367 0 8680.29298180 0 -611.62857959 0 1815.15264147 0 6330
0.07750000 0.07749960 26962.77178213 0 -134.77787385 0 9822.06004477 0 -314.24143621 0 -1161.64188602 0 6583
0.07850000 0.07848650 26539.69825081 0 -12.89704395 0 11459.74546405 0 -1894.46370415 0 -1071.45890761 0 6549
0.07950000 0.07947320 27310.77495118 0 166.91418941 0 11216.92938078 0 -1787.74863754 0 -2620.05529416 0 6828
0.08050000 0.08048110 26905.30641632 0 147.49665337 0 12943.65843625 0 -2324.03669013 0 -2673.42389979 0 7147
0.08150000 0.08149960 27020.12642469 0 944.63649914 0 13448.88861772 0 -1.65490288 0 -1228.39693236 0 7386
0.08250000 0.08250610 26348.58992444 0 949.15511489 0 13589.39641967 0 915.44320752 0 -1072.74661898 0 7227
0.08350000 0.08350160 25200.16839425 0 972.34499199 0 13554.07570350 0 2981.79921831 0 -151.03093946 0 7798
0.08450000 0.08449610 24304.86020941 0 813.98970967 0 12254.29549304 0 2325.80826211 0 -1090.68046349 0 7371
0.08550000 0.08548940 23683.81351033 0 910.13181330 0 12239.23713128 0 2574.38195428 0 565.18460590 0 8256
0.08650000 0.08650700 22611.90174464 0 612.10247509 0 9921.64453419 0 1154.92098486 0 2581.22465102 0 8037
0.08750000 0.08749060 22116.52593225 0 63.12332379 0 9451.25895892 0 1697.22130983 0 2263.29391618 0 8155
0.08850000 0.08849210 22261.68411063 0 -223.58677676 0 8785.03717458 0 859.75494984 0 762.73702532 0 8718
0.08950000 0.08949900 22162.80825000 0 486.21235637 0 8356.75965060 0 849.35139344 0 1218.24361050 0 8571
0.09050000 0.09049190 21746.71028331 0 648.20821909 0 7715.80491150 0 -534.12673479 0 1708.07218815 0 8932
0.09150000 0.09150830 21438.67820686 0 214.89610901 0 7949.69670097 0 545.42272057 0 1608.52091570 0 9285
0.09250000 0.09250820 21535.11815603 0 -168.26833473 0 8455.91231935 0 412.93349625 0 1552.17385470 0 9204
0.09350000 0.09350330 20896.24501399 0 507.72145456 0 8611.72207420 0 442.98157134 0 1311.59438104 0 9349
0.09450000 0.09448040 20706.68681310 0 805.07538096 0 8585.18171161 0 905.44157651 0 1699.64614896 0 9564
0.09550000 0.09549270 20094.49797387 0 433.06187554 0 8133.85160735 0 236.70415997 0 1115.00525389 0 10155
0.09650000 0.09649430 19409.56396059 0 650.71610066 0 7462.20438385 0 -395.04615551 0 564.97533896 0 9913
0.09750000 0.09749140 18754.19305457 0 688.94219487 0 8139.38776976 0 -128.85307284 0 -659.65035956 0 10476
0.09850000 0.09850240 18641.69823442 0 592.96728334 0 7872.15721026 0 -1071.47330163 0 -205.30415402 0 10575
0.09950000 0.09950330 17928.41906960 0 248.78849528 0 7877.20619038 0 32.61873675 0 -1200.38395056 0 10882
0.10050000 0.10051200 17652.71818162 0 276.00426968 0 7956.11864936 0 165.37402903 0 -1062.23012487 0 10875
0.10150000 0.10150300 17821.79258160 0 -9.76500435 0 7742.62208221 0 819.64656042 0 -1016.90002706 0 11118
0.10250000 0.10250800 17923.10435369 0 -142.20518934 0 7570.42528663 0 1141.46811020 0 -884.10852828 0 11575
0.10350000 0.10349800 17692.35710447 0 -120.95407632 0 6694.11721118 0 613.37136351 0 -317.74693425 0 11364
0.10450000 0.10450100 18013.67597070 0 116.71448315 0 7068.91540629 0 1425.44002483 0 -0.94656530 0 12093
0.10550000 0.10551000 17471.35350109 0 406.94558299 0 6128.98575244 0 464.19282400 0 896.87159710 0 12067
0.10650000 0.10649700 17436.80784765 0 626.04585373 0 6608.06310269 0 693.56710494 0 1066.65905480 0 12054
0.10750000 0.10749900 16804.46737726 0 347.06645037 0 6076.99011509 0 809.70139827 0 933.64721675 0 12807
0.10850000 0.10850100 16380.61878320 0 498.75065699 0 5921.82255508 0 -52.88828818 0 1228.05369029 0 12736
0.10950000 0.10950300 16251.62619906 0 351.98920598 0 5525.93158119 0 -206.41470820 0 386.77180717 0 12933
0.11050000 0.11050200 15702.66033456 0 269.02538335 0 5655.27847972 0 132.01422158 0 1041.04876749 0 13428
0.11150000 0.11150900 15637.33361813 0 197.76611528 0 5324.28240159 0 197.17817484 0 -97.14337397 0 13453
0.11250000 0.11250000 15534.25027406 0 -28.72360360 0 5004.12612946 0 583.32993182 0 -253.05134034 0 13668
0.11350000 0.11349100 15300.18132740 0 38.85865612 0 4254.68475179 0 836.90499311 0 -967.61268037 0 13791
0.11450000 0.11448600 14991.04201846 0 463.70121278 0 3962.39752122 0 184.87017857 0 -1175.96947434 0 14205
0.11550000 0.11549300 14701.27927796 0 591.50684369 0 4082.10042484 0 212.09481083 0 -621.18842484 0 14776
0.11650000 0.11649800 14074.36424673 0 290.86222236 0 4065.61373318 0 -264.45804936 0 -436.44114907 0 14553
0.11750000 0.11747300 13935.73874000 0 252.34381878 0 4205.10288125 0 501.72136174 0 -134.04931488 0 14568
0.11850000 0.11849100 14198.70645444 0 -220.90948862 0 4265.40276221 0 874.30509189 0 406.33881959 0 16015
0.11950000 0.11950300 14082.66849034 0 -261.25704026 0 3953.36250417 0 820.30093482 0 1112.30360663 0 15270
0.12050000 0.12050700 14311.20127460 0 66.62771460 0 3907.72238127 0 962.39761538 0 908.70459063 0 15999
0.12150000 0.12150000 14273.33392372 0 104.54068345 0 3847.40035566 0 322.31094654 0 1571.55042313 0 15670
0.12250000 0.12250700 13668.12064913 0 757.45774084 0 3823.80523147 0 -171.43280517 0 1569.71241721 0 16887
0.12350000 0.12352200 13600.24729799 0 525.14818659 0 4090.24965591 0 -708.05524197 0 2604.33259292 0 16407
0.12450000 0.12449800 13117.82610564 0 167.75125716 0 4709.60228929 0 -174.67478187 0 2460.52523817 0 16306
0.12550000 0.12549900 13241.17180412 0 -140.29078438 0 4931.70205282 0 164.72519079 0 2914.44626644 0 17523
0.12650000 0.12650100 13408.14246239 0 -245.66056352 0 4682.24257466 0 719.57821041 0 1963.58822799 0 17154
0.12750000 0.12750600 13664.24533544 0 -288.39752285 0 4534.61526785 0 291.75575897 0 1848.01530153 0 18007
0.12850000 0.12850300 13762.89974958 0 -5.15465439 0 4255.03906618 0 147.46565086 0 1545.27579634 0 17496
0.12950000 0.12949900 13695.46929143 0 372.93140115 0 4199.63315279 0 -2.76409517 0 1486.41531760 0 18405
0.13050000 0.13049000 13487.64175459 0 222.54265653 0 4078.94481227 0 -196.10526656 0 1742.39639509 0 18100
0.13150000 0.13148800 13297.19776771 0 322.51135562 0 4010.59535116 0 -50.94011262 0 928.41554328 0 19059
0.13250000 0.13249300 12859.17659788 0 259.11897434 0 3966.81537883 0 -22.12671247 0 938.21676521 0 18957
0.13350000 0.13349100 12862.83046507 0 325.27722236 0 3908.19849124 0 245.61627422 0 907.15335793 0 19468
0.13450000 0.13450700 12360.14691830 0 363.95617465 0 3629.69630507 0 298.70917896 0 852.17040734 0 19953
0.13550000 0.13551000 12300.79925728 0 327.45404142 0 3583.33648106 0 187.95935719 0 541.35917736 0 19956
0.13650000 0.13649900 11851.70576263 0 134.88859710 0 3411.48292755 0 -285.50986054 0 570.66983562 0 19723
0.13750000 0.13749600 11862.33519446 0 222.92465174 0 3352.09097722 0 1.91563399 0 322.18693650 0 20946
0.13850000 0.13851100 11773.86731916 0 66.31004960 0 3786.09289314 0 -172.94085581 0 567.72127552 0 20955
0.13950000 0.13949800 11693.70368747 0 56.95792116 0 3298.93274577 0 187.91949682 0 187.63493807 0 20506
0.14050000 0.14048300 11562.38591512 0 -28.37438247 0 3389.74795393 0 198.79141256 0 201.56613716 0 21447
0.14150000 0.14148400 11651.51812991 0 137.76075816 0 3436.86069603 0 393.33326686 0 -158.23237952 0 21771
0.14250000 0.14249400 11216.48648779 0 335.11609019 0 3487.70481160 0 125.60002381 0 -177.24023953 0 22470
0.14350000 0.14350900 11081.29340175 0 477.04890035 0 3305.84187645 0 -56.26147193 0 -84.01115384 0 22519
0.14450000 0.14449900 10657.83233906 0 307.12082412 0 3373.71522759 0 -20.91440363 0 448.30403788 0 22218
0.14550000 0.14550500 10572.24326821 0 53.02381343 0 3409.98816370 0 -205.76033380 0 229.31449039 0 23559
0.14650000 0.14650700 10693.02018733 0 -73.38316141 0 3685.26830334 0 91.89885659 0 222.71759926 0 23044
0.14750000 0.14750500 10613.11121912 0 106.96596548 0 3414.12921318 0 186.29740124 0 195.69116161 0 23649
0.14850000 0.14849900 10573.81553834 0 100.70788750 0 3672.26939400 0 5.97690737 0 482.19642415 0 23640
0.14950000 0.14949500 10466.56900014 0 78.38984525 0 3589.38197041 0 429.49658695 0 476.94592773 0 24457
0.15050000 0.15050000 10385.09883413 0 253.15874189 0 3494.41464044 0 310.30079581 0 500.73038867 0 24591
0.15150000 0.15149900 10218.87002163 0 213.54307092 0 3256.39287381 0 330.76023761 0 433.78489835 0 25020
0.15250000 0.15250500 10118.58797574 0 116.81967023 0 3189.81498468 0 -3.08490471 0 275.54033927 0 25297
0.15350000 0.15350100 9862.76191081 0 141.72907938 0 2903.07498885 0 216.34104740 0 357.14448042 0 25452
0.15450000 0.15450400 9939.81421922 0 7.27656579 0 2984.89946926 0 97.65823707 0 340.19496559 0 26061
0.15550000 0.15549900 9809.99121072 0 35.96612199 0 2766.55322384 0 265.68264849 0 252.26520527 0 26128
0.15650000 0.15649500 9826.00179241 0 171.30325897 0 2894.73752826 0 219.36268484 0 -46.84412750 0 26331
0.15750000 0.15749700 9544.82010364 0 213.88742022 0 2717.44746327 0 58.40463112 0 69.06982656 0 27345
0.15850000 0.15849900 9499.37928258 0 118.06973570 0 2843.52802598 0 -225.14243840 0 401.12707630 0 26980
0.15950000 0.15949700 9360.51018471 0 205.12588959 0 3043.39456128 0 133.19896034 0 462.87632458 0 27777
0.16050000 0.16050000 9238.65925008 0 207.67695323 0 2982.57428105 0 -4.48789006 0 532.98739256 0 28224
0.16150000 0.16150500 9123.28562547 0 103.29958657 0 3109.65135299 0 -51.29630931 0 576.39533478 0 28075
0.16250000 0.16249700 8960.47816134 0 145.04302619 0 2866.49202765 0 198.76483898 0 456.84412202 0 28590
0.16350000 0.16349900 8953.69082622 0 0.25003192 0 2672.20594406 0 235.07320653 0 416.27623111 0 29163
0.16450000 0.16449100 8988.50221545 0 -109.15939303 0 2362.18084913 0 378.40112961 0 327.50386688 0 28996
0.16550000 0.16550500 8963.53412299 0 55.64153246 0 2375.33477102 0 141.55524388 0 277.68947752 0 30777
0.16650000 0.16650700 8911.81529376 0 134.00834728 0 1936.22851336 0 230.37300464 0 475.52424122 0 29211
0.16750000 0.16749900 8788.84605432 0 41.91683224 0 2036.72093342 0 242.62896098 0 461.63622420 0 30922
0.16850000 0.16850800 8768.26260248 0 110.68549156 0 2042.76642277 0 364.68584085 0 492.45936203 0 30867
0.16950000 0.16949900 8604.51399074 0 103.36779209 0 1912.01333898 0 141.00605657 0 419.23586354 0 30852
0.17050000 0.17049200 8601.61304164 0 202.58811274 0 1953.30203823 0 -151.65652581 0 504.58577217 0 31257
0.17150000 0.17149500 8411.44586288 0 243.83141546 0 2055.63246421 0 -454.81456488 0 708.17039415 0 32608
0.17250000 0.17250900 8314.16441702 0 140.64177708 0 2185.33367713 0 -318.21640082 0 426.81597711 0 32361
0.17350000 0.17350400 8178.25162987 0 174.33707597 0 2407.47772997 0 -144.65992376 0 514.73687956 0 32508
0.17450000 0.17449800 8119.00361977 0 93.33549074 0 2442.54378267 0 220.52638618 0 223.09295107 0 32791
0.17550000 0.17549800 8077.75920982 0 25.09464914 0 2278.99447277 0 395.76253492 0 251.32959383 0 33633
0.17650000 0.17650100 8063.77486357 0 -51.79666767 0 2117.27209647 0 243.21800866 0 123.07221206 0 33984
0.17750000 0.17750300 8070.15252267 0 100.96255097 0 2053.21869740 0 11.74253264 0 192.90093576 0 34069
0.17850000 0.17849800 8005.20226528 0 178.24782109 0 2160.73097138 0 -68.24870295 0 156.03895197 0 34536
0.17950000 0.17950400 7794.05303099 0 185.32303665 0 2172.46763569 0 -159.27539252 0 400.57235282 0 35343
0.18050000 0.18050100 7733.07773821 0 195.32688213 0 2203.48121751 0 35.98959531 0 431.19618881 0 34990
0.18150000 0.18150500 7566.49461132 0 47.25269629 0 2352.62543282 0 46.04979892 0 422.04269788 0 36243
0.18250000 0.18250200 7618.57882727 0 12.10647996 0 2421.30706367 0 185.42600927 0 491.15061324 0 35694
0.18350000 0.18350400 7654.04348366 0 -50.28263798 0 2295.14899468 0 -22.28250008 0 191.96421708 0 37087
0.18450000 0.18450600 7712.20640593 0 60.26334229 0 2443.83924467 0 -44.14325531 0 433.96205555 0 36651
0.18550000 0.18550700 7697.07053790 0 -16.85595369 0 2323.38342297 0 -169.60476434 0 300.89485588 0 37818
0.18650000 0.18651000 7738.21529693 0 -30.78726350 0 2392.98405678 0 198.76816068 0 274.32791971 0 37267
0.18750000 0.18750100 7811.25942376 0 22.00702064 0 2202.42934665 0 106.83996243 0 62.43329651 0 38334
0.18850000 0.18850000 7656.29116560 0 183.05985346 0 2113.47428906 0 169.35895873 0 -45.25690974 0 38223
0.18950000 0.18949500 7566.85999804 0 164.31440754 0 2026.26865879 0 -82.06618926 0 -21.03033087 0 39064
0.19050000 0.19050000 7368.87575796 0 190.40966267 0 1960.73156819 0 55.59923618 0 -52.64303618 0 39609
0.19150000 0.19149800 7287.13985614 0 68.09269389 0 1963.72109589 0 122.94045139 0 -43.18693862 0 39576
0.19250000 0.19250400 7157.97011481 0 31.27311711 0 1908.68056921 0 244.65741089 0 -18.95161261 0 40909
0.19350000 0.19350500 7184.47726043 0 139.23891352 0 1715.25812696 0 366.57810117 0 163.16510023 0 40191
0.19450000 0.19450100 7028.10281701 0 105.43255922 0 1646.89759353 0 260.87615228 0 150.67441060 0 41232
0.19550000 0.19549800 6980.60254354 0 73.19792142 0 1535.72038002 0 45.06524780 0 491.31005471 0 40873
0.19650000 0.19649700 6955.75624665 0 78.85587940 0 1624.95224573 0 105.33357263 0 548.53072214 0 42816
0.19750000 0.19750200 6959.99694705 0 76.84459160 0 1699.02609877 0 -88.60107537 0 837.21169651 0 41727
0.19850000 0.19849000 6893.03152655 0 54.99656954 0 1758.63949560 0 80.02057725 0 949.39649157 0 42610
0.19950000 0.19949900 6930.21239329 0 32.88170446 0 1860.54917323 0 121.41357780 0 716.09264255 0 43863
0.20050000 0.20050100 6816.46640043 0 125.91558507 0 1770.37615990 0 -72.40458935 0 769.59743777 0 43302
0.20150000 0.20150100 6767.24991661 0 154.96936539 0 1787.21716595 0 -164.96546024 0 379.67887589 0 44487
0.20250000 0.20249700 6587.61251875 0 144.71860708 0 1752.02931768 0 -199.16787161 0 525.08285987 0 43759
0.20350000 0.20349100 6567.72662338 0 116.33802410 0 1876.38259772 0 -131.04317869 0 250.95756371 0 45282
0.20450000 0.20449700 6493.78563824 0 44.63807751 0 1780.97237475 0 -47.41811682 0 82.70085492 0 45483
0.20550000 0.20549900 6421.28405533 0 118.28675327 0 1672.64074873 0 243.66643782 0 -134.40584374 0 46138
0.20650000 0.20650200 6398.22040273 0 32.60091030 0 1528.01404195 0 -20.66959452 0 -194.23736536 0 46227
0.20750000 0.20749300 6335.70605680 0 68.98899859 0 1529.27628698 0 181.52080031 0 -29.38916104 0 46236
0.20850000 0.20850300 6343.00271886 0 6.52251832 0 1520.23019760 0 70.33816137 0 -1.87272873 0 48361
0.20950000 0.20950400 6263.29305249 0 36.80230396 0 1423.76810378 0 278.48668491 0 130.34451500 0 46812
0.21050000 0.21050300 6261.06751520 0 93.01284319 0 1450.17559847 0 359.62578841 0 -39.07046969 0 48813
0.21150000 0.21149700 6147.48760721 0 97.29528626 0 1215.03263630 0 189.41315344 0 362.71828873 0 47215
0.21250000 0.21249000 6108.64589175 0 46.32848934 0 1109.92305680 0 304.67937650 0 246.55852906 0 50004
0.21350000 0.21350300 6026.82141134 0 45.50836224 0 949.80395313 0 87.04253493 0 342.07283188 0 49509
0.21450000 0.21449800 6003.39237202 0 100.58930290 0 1045.74564768 0 -3.05172095 0 168.67801075 0 49660
0.21550000 0.21550100 5900.89586117 0 132.64423686 0 1081.89789545 0 -241.76199795 0 322.25337045 0 50841
0.21650000 0.21649800 5844.24984740 0 162.63362863 0 1170.30044403 0 -158.56897819 0 352.70226370 0 50424
0.21750000 0.21750300 5818.03058223 0 7.66291242 0 1241.67264981 0 -94.07932952 0 239.49992199 0 52231
0.21850000 0.21850300 5773.39804089 0 55.54985362 0 1363.15819772 0 -50.02930318 0 311.40027766 0 51078
0.21950000 0.21950100 5810.24673788 0 74.29186711 0 1385.29177504 0 15.09678272 0 260.46979796 0 52791
0.22050000 0.22050700 5777.61659664 0 -0.73239110 0 1369.83480959 0 -19.13187005 0 489.37904126 0 52969
0.22150000 0.22150000 5816.38080583 0 52.68367161 0 1466.03116761 0 107.61735035 0 462.06915210 0 52704
0.22250000 0.22250100 5743.27024506 0 130.43862976 0 1500.00106016 0 83.11650999 0 389.84105561 0 54051
0.22350000 0.22349900 5615.44025502 0 192.03397272 0 1448.88013647 0 -4.21202308 0 584.10167286 0 53938
0.22450000 0.22449800 5512.43441724 0 132.49254601 0 1574.80568663 0 -3.82502319 0 651.89862495 0 54735
0.22550000 0.22549100 5459.20975183 0 35.55688886 0 1549.09574840 0 79.06459273 0 589.75852361 0 54774
0.22650000 0.22649900 5386.20991430 0 60.05119655 0 1480.75735962 0 71.02874227 0 544.10289945 0 56911
0.22750000 0.22749800 5369.59035475 0 83.40671563 0 1388.94564223 0 108.06633312 0 522.91157698 0 54879
0.22850000 0.22849100 5312.24678452 0 10.91999177 0 1308.31697290 0 26.12902572 0 492.23570107 0 57210
0.22950000 0.22949800 5321.31501854 0 36.68593382 0 1204.56928935 0 123.90595812 0 453.99410561 0 57375
0.23050000 0.23049600 5261.44695825 0 45.71153940 0 981.57820366 0 101.87978235 0 308.76284989 0 57604
0.23150000 0.23150100 5220.12504202 0 74.55073807 0 903.63125140 0 115.90177450 0 342.51129594 0 58629
0.23250000 0.23250200 5170.57638846 0 60.86313013 0 799.40413619 0 117.00568529 0 189.89369234 0 58560
0.23350000 0.23350400 5130.26205380 0 29.53908032 0 759.85047024 0 109.27454521 0 93.43403443 0 59305
0.23450000 0.23449700 5085.93953755 0 61.94855013 0 794.05398883 0 4.20660872 0 55.93937800 0 59196
0.23550000 0.23549300 5019.62738421 0 101.12542486 0 877.90249022 0 -132.34417686 0 7.76166648 0 60063
0.23650000 0.23649900 4987.11903854 0 140.86543804 0 900.02056628 0 -149.33023036 0 196.59687778 0 61537
0.23750000 0.23750400 4916.36688295 0 45.16943837 0 1007.97241156 0 -54.84797894 0 282.29224295 0 61224
0.23850000 0.23850100 4946.76041458 0 -0.10838256 0 971.00081176 0 94.31838101 0 363.99160609 0 61221
0.23950000 0.23949400 4977.45289897 0 11.42176739 0 1037.11698495 0 101.06153755 0 310.60860644 0 62332
0.24050000 0.24050100 4903.24617804 0 61.05855666 0 1080.18389957 0 90.44162792 0 305.09348145 0 63447
0.24150000 0.24150500 4934.62514658 0 82.28730359 0 1035.26126331 0 -23.97346553 0 352.04899654 0 63342
0.24250000 0.24250300 4839.27028524 0 45.13865731 0 971.42488180 0 84.92672438 0 364.31934690 0 63379
0.24350000 0.24349600 4815.65301640 0 35.82184959 0 906.57206087 0 57.36593633 0 338.05800690 0 64266
0.24450000 0.24449500 4808.82139199 0 24.41879443 0 824.63907168 0 123.40438180 0 269.15271509 0 64695
0.24550000 0.24549600 4779.18077845 0 45.28813370 0 741.90998233 0 78.92818168 0 164.12728525 0 65947
0.24650000 0.24650000 4738.73357588 0 67.38118630 0 705.21297619 0 -18.67137206 0 170.61345313 0 66018
0.24750000 0.24750000 4677.39289639 0 134.65939998 0 702.78370812 0 0.46825637 0 331.15219791 0 66303
0.24850000 0.24849600 4628.60823324 0 75.61168823 0 679.76766652 0 -52.41738220 0 235.21493228 0 66958
0.24950000 0.24949200 4590.48621889 0 38.99861031 0 747.89789560 0 -9.56786161 0 311.99264704 0 66975
0.25050000 0.25048900 4587.89529488 0 35.51846789 0 752.87822730 0 59.59844919 0 290.50680073 0 68676
0.25150000 0.25150000 4570.07992425 0 34.79588798 0 773.18819271 0 4.60192393 0 340.84380382 0 69349
0.25250000 0.25249900 4542.80878822 0 91.94646759 0 771.18188746 0 43.14309221 0 341.59672191 0 68592
0.25350000 0.25349900 4485.45414566 0 90.85783661 0 782.14127456 0 -18.44261783 0 267.71109840 0 70437
0.25450000 0.25450100 4470.76117062 0 53.93561938 0 836.61157651 0 59.62867663 0 511.59566101 0 70099
0.25550000 0.25550100 4478.33464080 0 5.65887699 0 720.41970709 0 103.97068017 0 509.55170985 0 71064
0.25650000 0.25650300 4499.67101072 0 -22.40872458 0 671.81330837 0 143.24709511 0 504.24917350 0 71409
0.25750000 0.25750600 4510.44438277 0 -2.59116760 0 657.51672257 0 67.10614975 0 404.26497315 0 72612
0.25850000 0.25850600 4542.64270335 0 49.73677236 0 571.43825496 0 26.20431753 0 359.44863122 0 71845
0.25950000 0.25949600 4526.02314379 0 79.97285553 0 616.41293114 0 -159.56659466 0 396.32058009 0 72816
0.26050000 0.26049800 4416.15246462 0 43.80422072 0 728.29213004 0 -76.82045393 0 300.65680089 0 73743
0.26150000 0.26149900 4406.87385642 0 135.24623319 0 708.91556161 0 -13.37736140 0 345.98468424 0 74662
0.26250000 0.26250300 4338.63511856 0 79.12637630 0 749.81672949 0 -25.04803465 0 272.00494596 0 74931
0.26350000 0.26350100 4249.74649492 0 66.12824202 0 806.85691802 0 84.87291288 0 407.90001739 0 75087
0.26450000 0.26450200 4281.23618670 0 55.50246406 0 731.66586741 0 5.48267201 0 389.70818771 0 76678
0.26550000 0.26550600 4215.16762451 0 81.34538091 0 795.59747091 0 90.72264353 0 534.04701405 0 76035
0.26650000 0.26650100 4179.33758140 0 54.58423617 0 738.13653404 0 45.70190647 0 492.59444439 0 77094
0.26750000 0.26750600 4122.90194180 0 31.08854146 0 728.57779602 0 130.41869957 0 376.14901874 0 78463
0.26850000 0.26850100 4140.58444453 0 34.48796662 0 578.41824853 0 17.77484592 0 373.32003975 0 77076
0.26950000 0.26949700 4134.70504005 0 4.56275005 0 617.21788916 0 -5.83513732 0 283.24557012 0 79149
0.27050000 0.27049900 4129.41246879 0 37.17676998 0 564.86018679 0 -55.59126411 0 278.86425118 0 79648
0.27150000 0.27150200 4179.03862863 0 54.51027304 0 566.25197802 0 -66.60667718 0 189.58920340 0 80241
0.27250000 0.27250500 4037.01391818 0 91.15224973 0 495.33927371 0 -27.40223235 0 207.28720739 0 80835
0.27350000 0.27350000 4073.56366240 0 96.49641803 0 513.53774679 0 56.96102141 0 221.83734944 0 80680
0.27450000 0.27450400 3970.50246299 0 34.66368442 0 497.94237728 0 60.38845956 0 164.17157455 0 82617
0.27550000 0.27550800 3962.81826957 0 69.32703666 0 490.73761552 0 94.90056385 0 86.22683676 0 82548
0.27650000 0.27649900 3915.84946769 0 21.44244280 0 455.32278459 0 45.20907730 0 128.27731195 0 81181
0.27750000 0.27748900 3889.07658628 0 32.32388074 0 352.89160046 0 207.51529729 0 220.28168780 0 84096
0.27850000 0.27849800 3891.26890659 0 -15.12689944 0 252.75792373 0 55.82876548 0 224.78148061 0 85215
0.27950000 0.27950200 3902.41873768 0 -6.92437728 0 283.23449779 0 155.34803890 0 71.74323939 0 84514
0.28050000 0.28050300 3917.52138873 0 89.44113265 0 233.33374430 0 -67.82075760 0 153.90420775 0 85815
0.28150000 0.28150100 3835.35366626 0 116.41995931 0 310.97731486 0 -111.39755277 0 194.81312625 0 85485
0.28250000 0.28250000 3787.59872931 0 109.44461612 0 342.77260281 0 -162.90157889 0 285.98818497 0 87220
0.28350000 0.28350400 3739.99880492 0 75.62962540 0 416.84424138 0 -113.10601249 0 347.75182728 0 87147
0.28450000 0.28449700 3735.41486244 0 19.27879980 0 472.00434916 0 21.09388601 0 232.09696562 0 87102
0.28550000 0.28549800 3757.38235488 0 -1.61331523 0 395.56434031 0 19.82145444 0 207.40678850 0 88971
0.28650000 0.28649900 3762.85208334 0 -0.55325971 0 356.30076927 0 136.07665756 0 152.66742906 0 89434
0.28750000 0.28750100 3712.26263125 0 28.36497100 0 322.08950004 0 130.28250998 0 96.80821469 0 89619
0.28850000 0.28849900 3739.43411635 0 23.54164486 0 209.14182180 0 160.85209157 0 143.26813253 0 90240
0.28950000 0.28950100 3677.80555641 0 70.23596381 0 180.22090938 0 62.82647476 0 70.46848263 0 91333
0.29050000 0.29050500 3646.75875762 0 85.68396067 0 101.33602048 0 39.25482390 0 147.50772570 0 92139
0.29150000 0.29150600 3600.00032991 0 45.12692065 0 133.79354418 0 -8.13057420 0 193.06702063 0 92370
0.29250000 0.29250200 3564.70175839 0 62.95424939 0 97.61848742 0 0.38829314 0 252.06258173 0 91819
0.29350000 0.29349600 3534.69575813 0 75.22227457 0 166.60637878 0 -99.19729022 0 64.36729948 0 93552
0.29450000 0.29450000 3518.60767017 0 91.62581306 0 169.72877438 0 -45.94228665 0 174.65595892 0 94701
0.29550000 0.29550200 3473.97512882 0 35.08443276 0 194.88841806 0 -86.67703748 0 122.20635626 0 95020
0.29650000 0.29650300 3451.94120244 0 1.41048131 0 164.64989898 0 15.75724690 0 151.51922898 0 95151
0.29750000 0.29749800 3514.49983766 0 2.87058879 0 236.15165096 0 44.51428891 0 15.26441772 0 95802
0.29850000 0.29850000 3486.39827727 0 35.75685505 0 174.56073693 0 29.24178840 0 54.25250932 0 97399
0.29950000 0.29950700 3514.33375279 0 31.87855183 0 140.83000660 0 0.11389879 0 145.06074191 0 97881
0.30050000 0.30050300 3484.38311415 0 49.17540549 0 168.55621518 0 48.01890117 0 117.67777541 0 97188
0.30150000 0.30149700 3438.20044734 0 72.79234216 0 105.47773430 0 33.80170393 0 180.49882473 0 98263
0.30250000 0.30249700 3435.37700451 0 75.06139369 0 111.04323837 0 13.77674016 0 192.29417236 0 100050
0.30350000 0.30350600 3367.30435152 0 34.39540199 0 48.39768540 0 41.01211257 0 213.58846745 0 100779
0.30450000 0.30450500 3376.38365787 0 38.68017024 0 96.02728362 0 125.08183901 0 235.18392978 0 99982
0.30550000 0.30550300 3361.80140609 0 29.99293492 0 -5.88029026 0 95.01339084 0 160.27079452 0 101559
0.30650000 0.30649700 3338.40558375 0 41.10146624 0 -31.95960125 0 37.91086512 0 345.21626489 0 100935
0.30750000 0.30749800 3351.34913146 0 0.92434646 0 -69.41517237 0 33.58656866 0 262.03985362 0 103762
0.30850000 0.30850200 3337.91840145 0 27.79995026 0 -0.40252551 0 44.01780587 0 386.82273986 0 102951
0.30950000 0.30950100 3339.74533505 0 75.90997666 0 2.38792400 0 -51.63290799 0 289.34420663 0 104394
0.31050000 0.31050000 3276.36734779 0 76.23572446 0 -6.31063831 0 -5.88729905 0 379.24373353 0 103963
0.31150000 0.31149700 3230.82687581 0 101.20558850 0 62.00435464 0 -45.61930693 0 329.56110483 0 105936
0.31250000 0.31250000 3175.59811961 0 66.29266605 0 33.89958328 0 -52.22239856 0 356.73037547 0 105717
0.31350000 0.31349800 3121.98592284 0 100.81517832 0 118.79718744 0 -54.57836784 0 362.68285729 0 106776
0.31450000 0.31450400 3093.06501041 0 58.36200267 0 87.65317364 0 -5.25010890 0 273.19300641 0 108733
0.31550000 0.31549900 3067.90868843 0 39.22913611 0 105.38251231 0 5.73328301 0 391.90715142 0 105891
0.31650000 0.31650000 3036.78438336 0 55.36505651 0 57.20627341 0 108.98910067 0 294.89808475 0 111072
0.31750000 0.31750600 3041.36832584 0 6.21130849 0 59.58206214 0 23.26516891 0 330.36938454 0 108121
0.31850000 0.31849900 3051.76523884 0 24.58033965 0 80.21489655 0 -53.98256604 0 180.14118864 0 110484
0.31950000 0.31950100 3031.66896929 0 31.85297476 0 85.46129622 0 -80.03308898 0 228.94910367 0 110817
0.32050000 0.32049800 3013.76502006 0 54.52267404 0 71.98705198 0 -48.58336829 0 251.31077087 0 111088
0.32150000 0.32149900 3035.33390881 0 23.56633614 0 88.30799093 0 -76.28743221 0 160.82883969 0 112635
0.32250000 0.32250100 2985.50844713 0 64.54467813 0 102.48831733 0 -6.99629203 0 146.39827875 0 113202
0.32350000 0.32350400 3009.60182593 0 43.34228333 0 126.08942057 0 -38.87493244 0 78.77516215 0 113863
0.32450000 0.32450300 2957.92728600 0 23.39039690 0 133.82343946 0 8.61457873 0 154.13894103 0 114045
0.32550000 0.32549900 2985.71882130 0 50.55136330 0 181.01258060 0 -29.25474302 0 90.51536961 0 114828
0.32650000 0.32650300 2970.99262929 0 53.61230750 0 168.15207532 0 15.42064822 0 113.75374349 0 116431
0.32750000 0.32750400 2920.92357646 0 64.74209768 0 170.95890966 0 33.34917801 0 130.23047005 0 116442
0.32850000 0.32850400 2917.19220299 0 45.52796025 0 125.16820314 0 39.46431229 0 191.34638135 0 116955
0.32950000 0.32949800 2852.71805558 0 73.79781998 0 157.28237405 0 40.10551062 0 124.91464691 0 117028
0.33050000 0.33049700 2828.18178378 0 86.03052444 0 133.97180861 0 47.73622471 0 203.18380382 0 119061
0.33150000 0.33150100 2723.55938657 0 82.40367372 0 85.46550370 0 79.48965928 0 200.70028136 0 120060
0.33250000 0.33250400 2730.88926560 0 50.05687327 0 48.99237996 0 97.22088024 0 246.22082315 0 119737
0.33350000 0.33350100 2704.86930227 0 5.74398995 0 -13.04685250 0 76.95398617 0 303.12703656 0 120531
0.33450000 0.33450000 2723.37115704 0 9.74757652 0 -13.79268430 0 22.78994473 0 278.30952771 0 121704
0.33550000 0.33550300 2710.27259678 0 37.64036822 0 -51.03699547 0 44.52536124 0 343.26310680 0 122761
0.33650000 0.33650300 2707.95848090 0 33.68931983 0 -97.32418503 0 32.87450745 0 433.45051414 0 122472
0.33750000 0.33749900 2707.63738348 0 8.53649670 0 -87.88679969 0 75.35691404 0 371.60161494 0 122985
0.33850000 0.33849800 2700.82790371 0 33.67348641 0 -107.25816413 0 -18.57028174 0 286.47979620 0 125380
0.33950000 0.33950300 2694.90420994 0 82.67306338 0 -85.60158258 0 -107.42413828 0 277.99064476 0 125223
0.34050000 0.34050000 2669.55965843 0 65.93901599 0 -37.54913226 0 -182.59813751 0 275.69978075 0 125178
0.34150000 0.34149900 2640.09620208 0 34.29785480 0 13.12469095 0 -131.24358777 0 193.07477126 0 127059
0.34250000 0.34250300 2666.75836025 0 1.04637234 0 63.84202840 0 -30.23409015 0 220.82201725 0 127957
0.34350000 0.34349800 2677.80854042 0 4.58488362 0 98.35446485 0 62.74188220 0 50.91985027 0 126732
0.34450000 0.34449700 2697.70550811 0 28.30783780 0 49.12757305 0 10.35303338 0 21.21357784 0 129639
0.34550000 0.34550000 2639.83046629 0 79.51390767 0 37.33233614 0 28.11661875 0 35.11676395 0 129826
0.34650000 0.34650400 2607.13389110 0 103.80669904 0 84.12431300 0 17.08337924 0 73.25926210 0 130875
0.34750000 0.34750200 2571.09347381 0 25.92806303 0 -22.80555671 0 20.46453507 0 192.03397272 0 130686
0.34850000 0.34850200 2576.25317718 0 11.02774764 0 32.38023887 0 77.01499468 0 166.57869797 0 132211
0.34950000 0.34950400 2593.27134042 0 6.43996307 0 -49.33052876 0 34.65693030 0 202.24044174 0 132768
0.35050000 0.35050300 2603.18107114 0 -11.01603312 0 -42.79708206 0 70.71262739 0 151.66759813 0 132957
0.35150000 0.35150100 2617.71903362 0 31.17125172 0 -102.14341441 0 18.11166605 0 170.33553778 0 133987
0.35250000 0.35249800 2615.30526681 0 62.25436774 0 -107.95948519 0 2.00457797 0 234.71446320 0 134778
0.35350000 0.35349800 2590.22645110 0 63.77415504 0 -129.13209543 0 25.66465242 0 247.48196095 0 135699
0.35450000 0.35450100 2538.38582630 0 59.01449477 0 -114.81557944 0 8.13852413 0 247.85842000 0 137380
0.35550000 0.35550100 2560.19830619 0 1.62034616 0 -138.43838444 0 48.81145818 0 290.23995770 0 136161
0.35650000 0.35649900 2550.03391201 0 7.62170122 0 -129.09334229 0 48.79938934 0 282.87575447 0 138792
0.35750000 0.35750000 2588.53238540 0 27.46301942 0 -171.86794753 0 43.27640300 0 271.99165917 0 138097
0.35850000 0.35849800 2564.61616379 0 18.24719130 0 -173.80228268 0 53.71018685 0 361.30435285 0 140028
0.35950000 0.35950300 2559.75541320 0 47.01331263 0 -227.32257915 0 -1.02023944 0 318.32601684 0 141099
0.36050000 0.36050500 2551.37366331 0 57.76454003 0 -223.84033300 0 7.88542186 0 303.74044336 0 140821
0.36150000 0.36150200 2508.95558693 0 73.15440718 0 -203.73852729 0 -10.53969063 0 256.14384066 0 141756
0.36250000 0.36250400 2443.41849633 0 90.78929892 0 -219.52876971 0 -54.56663117 0 351.18867690 0 142971
0.36350000 0.36349900 2407.45558532 0 77.02152735 0 -218.35953221 0 -16.38493699 0 338.62933886 0 142270
0.36450000 0.36450000 2380.53876368 0 44.95308515 0 -187.17543659 0 -25.04869899 0 273.03688663 0 145311
0.36550000 0.36550300 2358.23910150 0 50.14301596 0 -199.11472445 0 -27.38208072 0 271.57201806 0 145434
0.36650000 0.36650100 2365.02643661 0 27.72222254 0 -209.40091420 0 -35.21464330 0 153.48567387 0 144547
0.36750000 0.36749600 2350.86493317 0 42.33038357 0 -155.60270237 0 -42.99992705 0 199.93296925 0 146892
0.36850000 0.36849900 2327.42482153 0 48.75975042 0 -164.46831286 0 -17.32065916 0 165.90882232 0 148113
0.36950000 0.36949900 2332.94991161 0 25.90447898 0 -164.91120585 0 19.83939161 0 197.80708289 0 147387
0.37050000 0.37049800 2323.63808644 0 25.44896353 0 -170.88804679 0 52.13271273 0 168.33919761 0 149758
0.37150000 0.37150100 2320.65963106 0 34.83076580 0 -176.28026897 0 29.33988920 0 159.57988145 0 150099
0.37250000 0.37250000 2319.74062810 0 43.10090665 0 -231.83122982 0 -10.67957839 0 242.19935478 0 150468
0.37350000 0.37349800 2313.87229595 0 54.81166172 0 -234.74768018 0 -0.19031444 0 219.12462986 0 150709
0.37450000 0.37449700 2275.30738861 0 19.67784639 0 -245.12023407 0 24.04765010 0 226.38253878 0 153108
0.37550000 0.37550100 2289.23637323 0 43.99145374 0 -307.12968198 0 38.70386502 0 151.72185252 0 153189
0.37650000 0.37649900 2264.67795678 0 36.96274194 0 -321.72964949 0 33.06749807 0 205.96517181 0 153547
0.37750000 0.37749900 2232.35784064 0 43.98979289 0 -343.93630414 0 -17.17417230 0 121.54755293 0 155424
0.37850000 0.37850200 2216.59085009 0 61.90348577 0 -311.21647707 0 -1.62669060 0 153.51335468 0 155313
0.37950000 0.37949900 2206.44860056 0 40.29706184 0 -294.98223442 0 -23.40313008 0 107.92028916 0 156100
0.38050000 0.38050000 2186.69557308 0 45.03989217 0 -284.77908710 0 -44.36348385 0 161.94935896 0 157557
0.38150000 0.38149800 2194.60121300 0 42.91599883 0 -232.55425263 0 -27.54119003 0 202.15297038 0 157692
0.38250000 0.38250100 2180.65008373 0 50.33667092 0 -230.46158324 0 -53.57942269 0 224.93095699 0 159703
0.38350000 0.38350500 2170.16459213 0 52.02852215 0 -182.40658629 0 -13.92699160 0 215.76528651 0 160338
0.38450000 0.38450600 2154.15401044 0 52.46543609 0 -183.26801317 0 -17.02691038 0 189.67999647 0 160167
0.38550000 0.38550000 2118.82222195 0 51.45597224 0 -166.19005937 0 2.33226343 0 145.98860273 0 160033
0.38650000 0.38649600 2118.54541383 0 37.31085583 0 -165.79699183 0 6.16776103 0 115.80101635 0 162444
0.38750000 0.38750200 2090.35527484 0 51.73743073 0 -201.53513465 0 11.09690538 0 156.59810438 0 164307
0.38850000 0.38850400 2081.37561941 0 26.23266268 0 -230.88454605 0 17.06865305 0 86.77170586 0 163882
0.38950000 0.38950500 2075.13082821 0 23.84989838 0 -258.82887943 0 17.04207947 0 81.70866389 0 164595
0.39050000 0.39050100 2061.16862662 0 47.85447714 0 -272.82429800 0 31.15242877 0 64.68983631 0 165006
0.39150000 0.39150100 2047.99256008 0 60.03602746 0 -302.10395375 0 -0.23423614 0 103.02510363 0 166687
0.39250000 0.39250100 2041.96921538 0 32.88137229 0 -319.75323951 0 47.64952841 0 169.75091903 0 167256
0.39350000 0.39350100 2032.48023301 0 1.20766954 0 -333.86713195 0 52.18896014 0 182.38222718 0 167937
0.39450000 0.39449600 2050.78278594 0 -3.35159272 0 -349.68284073 0 67.83636957 0 172.62750902 0 167719
0.39550000 0.39549700 2064.80034916 0 17.71084789 0 -365.26270898 0 43.98204226 0 158.42835967 0 171636
0.39650000 0.39650400 2064.11386502 0 44.48096122 0 -391.43657762 0 0.61275574 0 196.71092273 0 171093
0.39750000 0.39750000 2051.89001842 0 64.02239657 0 -412.37212938 0 -10.02232518 0 200.09573243 0 170464
0.39850000 0.39849800 2008.54186675 0 44.49867694 0 -404.61264415 0 -31.50021049 0 236.82484831 0 172113
0.39950000 0.39949500 2011.03313984 0 48.15896608 0 -419.90020303 0 24.87718868 0 195.56825881 0 173232
