### header ###
fiducial parameters:
Omega_m = 0.31
Omega_nu = 0
Omega_de = 0.69
Omega_k = 0
H_0 = 100
w_de = -1
zeff = 0
beta = 0
fgrowth = 0
b_1 = 2
gamma = 0.55
Lx = 3500 Ly = 3500 Lz = 3500
nx = 700 ny = 700 nz = 700
xoffset = -685.467585 yoffset = -31.7331281 zoffset = 572.489161
bins = 400 dk = 0.001
kx_ny = 0.628318531 ky_ny = 0.628318531 kz_ny = 0.628318531
############################
A(data) = 7.98503176 (not used)
A(ran) = 7.97816342 (used)
Ngal = 473876
weighted Ngal = 0
Nran = 23820508
weighted Nran = 0
SN(data) = 3494.28913
SN(ran) = 69.4926968
SN(data+ran) = 3563.78183
############################
13 columns: k_central k_mean P_0(k) sigma^{lin}_{P_0(k)} P^img_1(k) sigma^{lin}_{P_1(k)} P_2(k) sigma^{lin}_{P_2(k)} P^img_3(k) sigma^{lin}_{P_3(k)} P_4(k) sigma^{lin}_{P_4(k)} N_modes
### header ###
0.00050000 0 0 0 0 0 0 0 0 0 0 0 0
0.00150000 0.00179520 6571.72373264 0 8772.18220547 0 29785.88244114 0 -9699.13509464 0 6243.97184568 0 3
0.00250000 0.00253879 30517.20949541 0 -10099.16711801 0 14831.26837133 0 -28064.91099457 0 10225.23660840 0 6
0.00350000 0.00331552 36917.01324059 0 -25455.71765106 0 -27922.74234390 0 51464.16575707 0 1766.86623294 0 7
0.00450000 0.00420575 51893.43979029 0 -21172.27807172 0 -1893.97652185 0 -21637.98005359 0 -17599.68174573 0 24
0.00550000 0.00557378 85854.80664378 0 -15524.72807472 0 25454.72114183 0 -9105.10486812 0 -15349.78534259 0 45
0.00650000 0.00659388 86867.26002520 0 3134.25405874 0 71065.28093702 0 -40335.92569809 0 -2947.13176930 0 40
0.00750000 0.00754703 75615.67426774 0 31803.59219284 0 17380.22826783 0 -6055.00047800 0 -4843.05702033 0 57
0.00850000 0.00846663 69535.08564708 0 6578.68822495 0 30752.16422806 0 21760.66141258 0 10105.73300663 0 75
0.00950000 0.00948925 61006.73817877 0 -7083.89626177 0 15365.72949032 0 23491.37650498 0 -29863.38871487 0 112
0.01050000 0.01054430 72531.69963600 0 -9553.27935980 0 22457.99642966 0 15237.84413867 0 -44142.14807775 0 105
0.01150000 0.01145670 78025.56576452 0 -6771.42418307 0 -613.36582735 0 -2019.32631113 0 -17796.54768101 0 144
0.01250000 0.01249090 75613.45980278 0 579.11359052 0 -6599.45990631 0 -9964.54979287 0 -31766.83207444 0 169
0.01350000 0.01339930 77469.07071913 0 -4354.02565006 0 -24834.22805899 0 4648.04016329 0 -8895.12930026 0 180
0.01450000 0.01448870 84807.03254620 0 -4734.04998249 0 -7926.10157678 0 -306.86062449 0 -13346.58033640 0 267
0.01550000 0.01550050 88933.57728286 0 -1274.51316522 0 -6291.98144609 0 -6959.41011384 0 -5584.67026435 0 238
0.01650000 0.01653350 87021.94040292 0 368.67852118 0 -3451.09970575 0 -3456.54728956 0 -18615.78899434 0 315
0.01750000 0.01747870 82845.12731158 0 5780.97151106 0 -5344.01328442 0 -19959.08344134 0 -19835.51629636 0 297
0.01850000 0.01844180 82836.38017497 0 6636.02072286 0 14254.84314127 0 -32766.77372881 0 -12278.98677738 0 388
0.01950000 0.01947590 76722.13168687 0 5616.53641518 0 21310.34996221 0 -25684.69332831 0 365.45979636 0 399
0.02050000 0.02045430 77572.04333995 0 4501.89654801 0 32515.21050893 0 1435.62656366 0 -432.24363074 0 462
0.02150000 0.02154770 74469.46720251 0 -632.63499423 0 31000.73792024 0 7899.62764814 0 -3436.05241632 0 571
0.02250000 0.02255340 76066.42861111 0 3612.34597208 0 34282.13210349 0 19782.59058373 0 -6987.66668677 0 510
0.02350000 0.02348930 67671.50265686 0 6209.31546900 0 20607.70022922 0 15806.51874135 0 -12177.56428204 0 555
0.02450000 0.02439640 67731.84682712 0 5407.74558608 0 21417.41934320 0 4153.73836642 0 -1592.78714214 0 592
0.02550000 0.02547300 64768.11764291 0 109.84654151 0 21073.40221109 0 -8596.67478477 0 -9833.29845447 0 837
0.02650000 0.02652900 62810.41989173 0 -1013.99022010 0 24076.32742515 0 -8330.26357731 0 -230.09066036 0 723
0.02750000 0.02749970 68701.22886499 0 -1855.45590381 0 21169.62071376 0 -4526.24459029 0 -10715.39735579 0 826
0.02850000 0.02848090 63357.72490751 0 2098.61522915 0 25173.15192169 0 -3797.66347257 0 -11999.74274546 0 831
0.02950000 0.02946900 65620.90810044 0 2521.56696490 0 27001.74636549 0 5100.59929561 0 -21957.08445486 0 996
0.03050000 0.03053250 59074.17460492 0 6614.76185921 0 23976.12288554 0 4545.99761777 0 -11180.16926238 0 1041
0.03150000 0.03150510 56206.33175365 0 4226.43925118 0 20689.19253988 0 585.21222703 0 -13906.61852572 0 1036
0.03250000 0.03246190 51465.82660579 0 1630.34446792 0 19105.85009082 0 10215.78084300 0 -17364.06267359 0 1059
0.03350000 0.03345080 49213.60501443 0 2177.99272578 0 13253.46208467 0 2434.16203278 0 -13998.29737522 0 1302
0.03450000 0.03451200 52425.35427457 0 -1571.70543568 0 18674.58303913 0 -3857.79726866 0 -17604.11067566 0 1339
0.03550000 0.03553350 48813.56191873 0 753.60125011 0 16373.53249532 0 -1837.78447340 0 -6937.91873136 0 1365
0.03650000 0.03647120 52239.00704788 0 383.09800980 0 21011.28646886 0 1356.09405449 0 -5133.73876379 0 1308
0.03750000 0.03744890 49963.64429765 0 153.26312014 0 19640.64337956 0 8730.69420437 0 -1087.71197321 0 1579
0.03850000 0.03847530 50439.97571134 0 1603.07333189 0 18656.31370318 0 4859.86480940 0 -926.51442510 0 1662
0.03950000 0.03950240 50072.15308087 0 556.58140952 0 15875.61004822 0 7821.12486517 0 1997.03772127 0 1683
0.04050000 0.04050350 49362.74922974 0 -1934.72267719 0 18592.20494248 0 1276.68334089 0 2787.23632660 0 1822
0.04150000 0.04152450 51281.69384406 0 289.72841630 0 18329.01578154 0 -1554.97515288 0 1502.39268232 0 1887
0.04250000 0.04250150 49688.49702590 0 3690.85982737 0 22234.88908456 0 -3406.13499466 0 -3530.28897285 0 1920
0.04350000 0.04349210 45347.03846451 0 6102.84399354 0 22278.07115136 0 -5627.34300420 0 3232.68702638 0 2005
0.04450000 0.04448520 42298.71671869 0 4115.57206277 0 22957.91189522 0 -2217.21090028 0 2377.81497178 0 2151
0.04550000 0.04548030 40375.89679068 0 2301.18341171 0 26207.08561325 0 2082.31676702 0 2008.51972210 0 2274
0.04650000 0.04648670 41038.02181484 0 -125.06080159 0 26468.28175573 0 5254.33852571 0 3355.18015585 0 2311
0.04750000 0.04749250 39492.87888640 0 -17.35287963 0 24287.14448970 0 6586.79316671 0 2248.98847251 0 2568
0.04850000 0.04851840 39939.86863932 0 -797.69899816 0 20072.35332423 0 8136.61968856 0 3445.39745847 0 2493
0.04950000 0.04949480 40060.00336361 0 -1478.46538838 0 20346.61480999 0 3720.50044091 0 1129.38820383 0 2644
0.05050000 0.05050630 40796.31296405 0 899.33408214 0 18984.16524106 0 1753.26941806 0 -676.13151505 0 2829
0.05150000 0.05149060 39298.89175557 0 2837.75934475 0 20110.10995187 0 -2270.51307196 0 709.56772154 0 2784
0.05250000 0.05249300 37209.43333905 0 2580.64889013 0 18769.58358607 0 -2567.36210035 0 516.19289028 0 3055
0.05350000 0.05348950 36120.47019313 0 116.91267776 0 20298.33947378 0 -1890.27836536 0 3584.28870099 0 3009
0.05450000 0.05448610 36084.48513747 0 338.47543354 0 20154.39925114 0 4150.64918779 0 44.19706681 0 3336
0.05550000 0.05550870 35240.10964680 0 446.63986746 0 17091.12986681 0 4125.51501045 0 -590.45275837 0 3349
0.05650000 0.05647670 34944.14640440 0 1020.62586437 0 17134.09048711 0 2219.76860732 0 -3501.09125231 0 3324
0.05750000 0.05747970 33437.75661282 0 655.62114056 0 14896.59508776 0 2297.48525522 0 -1303.44514998 0 3639
0.05850000 0.05849280 33292.26626471 0 -56.47472491 0 13463.72553298 0 -161.17651069 0 -2431.78148294 0 3846
0.05950000 0.05951020 33314.63236084 0 -556.82832236 0 13939.17116069 0 2456.37311637 0 -3266.83407612 0 3787
0.06050000 0.06049470 33624.65745576 0 -302.28886157 0 11416.67412051 0 1188.41476743 0 -4033.99117350 0 3930
0.06150000 0.06148310 33078.57039571 0 700.89587674 0 11340.49652575 0 964.49139200 0 -5352.87114428 0 4083
0.06250000 0.06249100 33321.49720223 0 459.50812337 0 10601.64029061 0 1087.21814752 0 -2283.09123296 0 4303
0.06350000 0.06350600 32101.43773046 0 1384.36169975 0 10412.09316204 0 352.21286695 0 -2182.05626899 0 4470
0.06450000 0.06451750 31653.67291479 0 1646.93081050 0 12646.58796136 0 -807.15476356 0 -2519.55180178 0 4479
0.06550000 0.06550280 30182.38239289 0 1012.60064334 0 12804.36859003 0 -1110.86420441 0 -1006.74891967 0 4636
0.06650000 0.06648880 29154.87064972 0 950.28670649 0 13007.10285746 0 -490.27589957 0 -337.48999663 0 4653
0.06750000 0.06749660 29235.69862090 0 462.87300288 0 14236.68452857 0 1371.86104503 0 1004.23550194 0 5220
0.06850000 0.06852730 29043.37233880 0 -781.29313448 0 13064.34677677 0 1665.59875014 0 -1126.14401265 0 5029
0.06950000 0.06949320 29836.81513530 0 -235.77408469 0 12159.73783909 0 1666.53989775 0 1756.80148968 0 5040
0.07050000 0.07048030 29393.03635657 0 67.55635048 0 9409.30592018 0 1753.60158780 0 147.59962599 0 5475
0.07150000 0.07148790 29225.62280531 0 724.41460189 0 10337.39925881 0 202.67226241 0 2888.57024334 0 5509
0.07250000 0.07249820 28962.10147463 0 1102.65850448 0 10146.24664314 0 1118.89163990 0 2562.29097558 0 5916
0.07350000 0.07351270 27810.80113999 0 293.88053810 0 9336.97042214 0 1204.21497495 0 2666.40404585 0 5721
0.07450000 0.07449140 28062.25363662 0 112.58893492 0 10358.65812246 0 430.91384452 0 1559.76946953 0 6028
0.07550000 0.07549160 27805.26497758 0 162.84621727 0 10551.07298316 0 -670.29086371 0 1151.85395088 0 6183
0.07650000 0.07648840 27366.13657527 0 535.53513450 0 10139.50359733 0 -136.23277734 0 570.00992506 0 6330
0.07750000 0.07749960 27249.32354843 0 978.96070607 0 10029.64399047 0 -986.51535330 0 -236.25794528 0 6583
0.07850000 0.07848650 25735.73674572 0 520.45684257 0 9252.90933212 0 1134.32646070 0 -32.91248552 0 6549
0.07950000 0.07947320 25745.48039156 0 156.96127663 0 9571.55976808 0 1300.73243040 0 -2178.38025715 0 6828
0.08050000 0.08048110 24906.08744706 0 353.43635884 0 7973.25860818 0 1516.56525809 0 -1886.33661773 0 7147
0.08150000 0.08149960 24573.69625601 0 756.38261810 0 6961.66886810 0 1257.53929128 0 -1245.58118047 0 7386
0.08250000 0.08250610 23802.06593940 0 757.76333701 0 6057.24815994 0 1264.31555407 0 -117.92579548 0 7227
0.08350000 0.08350160 23565.45035802 0 248.78960251 0 6116.83941211 0 752.71324966 0 758.16083347 0 7798
0.08450000 0.08449610 23925.30091463 0 -143.32570861 0 5688.71690067 0 1007.34903968 0 275.54255374 0 7371
0.08550000 0.08548940 22558.86530876 0 1051.52872293 0 6242.91997482 0 -439.13947463 0 1490.71137963 0 8256
0.08650000 0.08650700 22493.53859233 0 928.39450586 0 6497.86025377 0 -875.96483338 0 666.51409371 0 8037
0.08750000 0.08749060 21744.27437185 0 177.18598514 0 7938.24791710 0 -600.39902776 0 579.87093754 0 8155
0.08850000 0.08849210 21488.61439179 0 206.78009492 0 7024.40466052 0 427.18689999 0 187.34152147 0 8718
0.08950000 0.08949900 21573.76056964 0 202.48181842 0 7492.56469850 0 598.25099674 0 -690.79902374 0 8571
0.09050000 0.09049190 21358.51457517 0 224.51795928 0 7635.76307538 0 378.76762356 0 -865.72293292 0 8932
0.09150000 0.09150830 21220.99630092 0 505.07738339 0 7438.02242645 0 -245.00618912 0 -724.04589347 0 9285
0.09250000 0.09250820 20641.36009667 0 838.70646036 0 7651.03181131 0 -732.49407731 0 -79.03580468 0 9204
0.09350000 0.09350330 20166.57880844 0 646.81974956 0 8614.27978123 0 -891.19481617 0 -808.66281420 0 9349
0.09450000 0.09448040 19541.76751893 0 811.99226227 0 8579.72305547 0 -5.21539716 0 -1054.06096362 0 9564
0.09550000 0.09549270 18966.56024460 0 648.65443378 0 8676.07442604 0 -301.17941462 0 -613.82422160 0 10155
0.09650000 0.09649430 18752.97509884 0 336.88434047 0 8402.21154398 0 962.68771029 0 -490.98674283 0 9913
0.09750000 0.09749140 17982.11984497 0 401.24555017 0 7516.29269059 0 968.57486539 0 -1769.25785510 0 10476
0.09850000 0.09850240 17783.81450747 0 398.05672063 0 7282.79950481 0 595.55488565 0 -2070.44723481 0 10575
0.09950000 0.09950330 17634.44884567 0 177.87579098 0 6987.87706095 0 -182.62249663 0 -1622.82635937 0 10882
0.10050000 0.10051200 17080.16826524 0 393.65325704 0 7149.43335237 0 -80.76020855 0 -1373.46653213 0 10875
0.10150000 0.10150300 17199.97081978 0 183.67215302 0 7040.91349683 0 -70.18946004 0 -786.59013467 0 11118
0.10250000 0.10250800 17318.22324884 0 -34.47357260 0 6907.97916505 0 690.60193636 0 -1124.33922371 0 11575
0.10350000 0.10349800 17058.90940159 0 -42.55504104 0 6844.60117779 0 829.73344833 0 -682.10281983 0 11364
0.10450000 0.10450100 16684.11120648 0 529.71662781 0 6863.45734696 0 701.87467025 0 -1685.19676507 0 12093
0.10550000 0.10551000 16150.86804321 0 590.33317726 0 6188.24483487 0 860.91422225 0 -479.96977963 0 12067
0.10650000 0.10649700 15870.07388581 0 462.68920229 0 6112.00080617 0 828.14678418 0 -1117.90620299 0 12054
0.10750000 0.10749900 15517.75251008 0 53.27482303 0 5683.85615008 0 -188.42439483 0 -408.68615245 0 12807
0.10850000 0.10850100 15450.43277519 0 177.45614987 0 5830.54230928 0 123.51510505 0 -368.64641144 0 12736
0.10950000 0.10950300 15463.16594873 0 17.21015736 0 5754.49758242 0 75.45280037 0 -227.42333731 0 12933
0.11050000 0.11050200 15388.20630971 0 56.39755080 0 6226.74330826 0 -171.90116451 0 -159.75593141 0 13428
0.11150000 0.11150900 15696.57055591 0 187.42456390 0 6118.21238039 0 -284.76469308 0 -808.25092372 0 13453
0.11250000 0.11250000 15086.48545840 0 260.02247604 0 6463.43639591 0 -144.40304582 0 160.13017599 0 13668
0.11350000 0.11349100 15214.81370305 0 156.41873271 0 6458.94103203 0 -87.51587681 0 -834.25981472 0 13791
0.11450000 0.11448600 15048.61810752 0 87.08339181 0 6503.36319921 0 294.96673317 0 -561.02805517 0 14205
0.11550000 0.11549300 15028.79864609 0 87.10653296 0 6153.33379471 0 925.99956200 0 -1169.66932152 0 14776
0.11650000 0.11649800 14501.09164524 0 210.21140838 0 5535.95203515 0 311.05592836 0 -512.21681844 0 14553
0.11750000 0.11747300 14831.82198757 0 395.55326798 0 5520.40649111 0 766.75960092 0 -848.88524857 0 14568
0.11850000 0.11849100 14296.69652908 0 15.48641783 0 4912.44727996 0 635.11298053 0 -512.19135209 0 16015
0.11950000 0.11950300 14306.77234467 0 -55.79687718 0 4697.47809361 0 489.22956488 0 -495.27726870 0 15270
0.12050000 0.12050700 14277.31996065 0 106.57599820 0 4495.26422545 0 658.31503718 0 -1042.76497784 0 15999
0.12150000 0.12150000 14085.65801804 0 306.03573629 0 3896.84935830 0 596.81602344 0 -684.73028250 0 15670
0.12250000 0.12250700 13851.25690163 0 269.25347324 0 3763.07352984 0 -139.01414533 0 -348.04302942 0 16887
0.12350000 0.12352200 13559.16897291 0 191.07510940 0 3853.14689224 0 102.88537089 0 -463.20406539 0 16407
0.12450000 0.12449800 13786.37307819 0 230.53466058 0 4034.92124879 0 -15.24437681 0 -82.16074691 0 16306
0.12550000 0.12549900 13402.27413023 0 264.13805918 0 4123.83201708 0 -355.88112816 0 -103.05699193 0 17523
0.12650000 0.12650100 13227.33139810 0 317.01837528 0 4425.53072374 0 29.24533154 0 199.40481936 0 17154
0.12750000 0.12750600 13155.13984028 0 -156.86051847 0 4539.08848708 0 275.28235411 0 457.80962874 0 18007
0.12850000 0.12850300 13222.23812868 0 -43.65164409 0 4568.52979877 0 123.31358874 0 321.33658196 0 17496
0.12950000 0.12949900 13236.85359744 0 157.99432453 0 4485.64237518 0 393.24136656 0 -201.06677531 0 18405
0.13050000 0.13049000 12782.99900313 0 475.46223620 0 4542.74235427 0 -75.02374778 0 -27.30047769 0 18100
0.13150000 0.13148800 12631.08670662 0 453.14928723 0 4282.87489078 0 -131.62779744 0 -33.66640012 0 19059
0.13250000 0.13249300 12116.44504904 0 41.95702477 0 4312.38263642 0 96.45533970 0 -255.39202980 0 18957
0.13350000 0.13349100 12267.25011307 0 -59.56279630 0 3979.11673170 0 515.97255101 0 -731.56400202 0 19468
0.13450000 0.13450700 12102.16175003 0 -68.65173557 0 3757.84739253 0 250.27440127 0 -838.56916354 0 19953
0.13550000 0.13551000 12306.22469644 0 123.06446143 0 3401.27424407 0 -55.46780769 0 -1469.68503480 0 19956
0.13650000 0.13649900 12180.33236325 0 127.41699232 0 3471.16275832 0 -571.60876876 0 -987.10772267 0 19723
0.13750000 0.13749600 11966.74721750 0 185.40497186 0 3566.30724549 0 -107.01202635 0 -1107.49821766 0 20946
0.13850000 0.13851100 11998.96768272 0 103.45924949 0 3657.70928687 0 189.55598643 0 -1023.14703273 0 20955
0.13950000 0.13949800 11814.39202799 0 70.80729577 0 3688.47927754 0 663.61535908 0 -1145.93025711 0 20506
0.14050000 0.14048300 11858.12771103 0 126.00305644 0 3789.65818173 0 564.00983224 0 -698.16211974 0 21447
0.14150000 0.14148400 11644.87473502 0 131.60233110 0 3272.74669757 0 671.37816601 0 -317.85876473 0 21771
0.14250000 0.14249400 11393.09006864 0 370.20428754 0 3605.86866206 0 149.95360225 0 115.43784409 0 22470
0.14350000 0.14350900 11238.40969093 0 359.06995771 0 3302.68626388 0 149.25936749 0 807.77702821 0 22519
0.14450000 0.14449900 10915.89501361 0 228.29472927 0 3857.95228121 0 -219.78343319 0 774.47701132 0 22218
0.14550000 0.14550500 10783.64716597 0 282.99422834 0 3664.17552456 0 -70.59703232 0 1060.17620862 0 23559
0.14650000 0.14650700 10573.91518926 0 156.26704186 0 3848.90619183 0 94.34827629 0 875.84193057 0 23044
0.14750000 0.14750500 10341.79497176 0 250.62096504 0 3595.18386861 0 70.69291865 0 881.64272154 0 23649
0.14850000 0.14849900 10449.93836827 0 111.42301912 0 3377.18086526 0 258.82223603 0 589.68101733 0 23640
0.14950000 0.14949500 10157.61792073 0 -46.79862025 0 3387.40062107 0 138.70412024 0 530.77957099 0 24457
0.15050000 0.15050000 10244.70175543 0 146.93417927 0 3436.93820231 0 -0.28628492 0 336.41487389 0 24591
0.15150000 0.15149900 10196.02781552 0 60.21938516 0 3353.36429458 0 13.30727358 0 124.30124011 0 25020
0.15250000 0.15250500 10065.96121588 0 118.53145165 0 3547.56179957 0 -245.30514189 0 81.71962549 0 25297
0.15350000 0.15350100 10162.02470601 0 73.18873139 0 3474.16335835 0 16.69850523 0 66.00987887 0 25452
0.15450000 0.15450400 10064.46645203 0 -85.92566952 0 3399.38087652 0 229.27352279 0 -125.73732064 0 26061
0.15550000 0.15549900 10135.63935596 0 -45.63148649 0 3105.70960536 0 257.12374140 0 -120.50786163 0 26128
0.15650000 0.15649500 10097.71664346 0 120.61194148 0 3130.65555317 0 406.76178240 0 -161.64929896 0 26331
0.15750000 0.15749700 9820.84208904 0 403.30168089 0 2842.88583114 0 515.01811661 0 -70.69524384 0 27345
0.15850000 0.15849900 9486.88970019 0 376.60298406 0 2335.45225702 0 241.39328953 0 -10.98360228 0 26980
0.15950000 0.15949700 9185.54530792 0 179.48238531 0 2440.52861955 0 207.50533219 0 169.92254006 0 27777
0.16050000 0.16050000 9099.50227176 0 101.58802659 0 2470.43496889 0 224.38619861 0 36.18380389 0 28224
0.16150000 0.16150500 8975.86869283 0 79.27131303 0 2339.22791979 0 -129.79643492 0 473.13483352 0 28075
0.16250000 0.16249700 9032.76937008 0 16.51005426 0 2578.11332775 0 224.50245802 0 474.25646003 0 28590
0.16350000 0.16349900 9078.63093948 0 103.35638759 0 2656.27286864 0 -150.50611126 0 638.77681281 0 29163
0.16450000 0.16449100 8899.59144716 0 209.48063494 0 2743.12418452 0 -200.22527863 0 663.88330934 0 28996
0.16550000 0.16550500 8890.89967218 0 163.83608311 0 2723.91370096 0 67.16782260 0 846.44933711 0 30777
0.16650000 0.16650700 8774.59597228 0 -60.81695853 0 2773.20769105 0 314.63450374 0 1107.06418253 0 29211
0.16750000 0.16749900 8902.59204718 0 -103.56377224 0 2537.82113773 0 406.64109406 0 344.14446385 0 30922
0.16850000 0.16850800 8782.30231035 0 139.64194615 0 2553.43311573 0 106.47989042 0 230.53355335 0 30867
0.16950000 0.16949900 8622.75010972 0 320.19059634 0 2464.02409282 0 -347.23807141 0 26.92324358 0 30852
0.17050000 0.17049200 8466.95142719 0 185.23667252 0 2321.62292332 0 -142.72448138 0 268.37322342 0 31257
0.17150000 0.17149500 8265.54583874 0 26.67223398 0 2268.73042767 0 -19.12744112 0 197.73511277 0 32608
0.17250000 0.17250900 8353.43795315 0 -86.80082608 0 2364.71641152 0 326.39220547 0 -139.34299338 0 32361
0.17350000 0.17350400 8361.42109935 0 2.58818914 0 2291.57263377 0 290.46361866 0 -220.27947334 0 32508
0.17450000 0.17449800 8379.38041020 0 122.07348836 0 1931.29025649 0 205.65293225 0 -138.91006548 0 32791
0.17550000 0.17549800 8229.46113216 0 76.92243004 0 2199.45089128 0 13.82091873 0 35.45092671 0 33633
0.17650000 0.17650100 8127.76182870 0 286.59162668 0 2162.17037361 0 -231.99510023 0 -55.02070721 0 33984
0.17750000 0.17750300 7896.01807025 0 318.82980762 0 2215.86007666 0 45.53183557 0 280.43098515 0 34069
0.17850000 0.17849800 7745.09121064 0 181.91054614 0 2351.15281362 0 -40.40512773 0 527.72914551 0 34536
0.17950000 0.17950400 7514.16680423 0 123.52285568 0 2215.67184713 0 269.21029118 0 543.30901376 0 35343
0.18050000 0.18050100 7635.24267612 0 34.40990673 0 2476.49153056 0 88.90478924 0 441.42258801 0 34990
0.18150000 0.18150500 7560.26089245 0 -10.41641137 0 2205.97249059 0 182.46748408 0 672.26838092 0 36243
0.18250000 0.18250200 7593.16784181 0 -13.34945914 0 2161.32887692 0 59.19951332 0 598.55327121 0 35694
0.18350000 0.18350400 7686.80649280 0 33.10835495 0 2204.49987139 0 -136.60812915 0 630.25998056 0 37087
0.18450000 0.18450600 7738.85749177 0 24.13966112 0 2171.61506668 0 143.62244692 0 802.49663651 0 36651
0.18550000 0.18550700 7519.01648250 0 101.00551159 0 2087.17751761 0 122.54074047 0 883.13969986 0 37818
0.18650000 0.18651000 7607.28505595 0 122.30822164 0 2016.09319228 0 205.65514672 0 648.82273312 0 37267
0.18750000 0.18750100 7442.28527150 0 50.71711600 0 1913.86241723 0 69.66518546 0 503.92807608 0 38334
0.18850000 0.18850000 7382.14040309 0 163.51387846 0 1896.91068793 0 149.97353244 0 696.04066231 0 38223
0.18950000 0.18949500 7341.15065661 0 91.88313389 0 1782.78823602 0 -34.28069270 0 685.48652229 0 39064
0.19050000 0.19050000 7273.28837780 0 43.01952506 0 1892.34889011 0 127.79677306 0 538.76936058 0 39609
0.19150000 0.19149800 7156.82966535 0 135.12554485 0 2095.78071400 0 -221.66572840 0 431.73098210 0 39576
0.19250000 0.19250400 7073.80937386 0 235.64896742 0 1927.02741144 0 -46.14037054 0 333.59918169 0 40909
0.19350000 0.19350500 6822.16864771 0 140.69270977 0 2014.60950075 0 39.55421957 0 664.62847680 0 40191
0.19450000 0.19450100 6837.53703456 0 72.03266996 0 1833.03444605 0 253.47873207 0 636.77936541 0 41232
0.19550000 0.19549800 6733.63433846 0 -43.33431126 0 1814.08969829 0 368.11826155 0 581.35905800 0 40873
0.19650000 0.19649700 6808.09572287 0 -44.35063995 0 1551.93026356 0 224.40169987 0 272.28064685 0 42816
0.19750000 0.19750200 6746.77718802 0 70.27338827 0 1421.58685579 0 165.97747073 0 445.74522362 0 41727
0.19850000 0.19849000 6699.73087987 0 104.31414369 0 1330.99309412 0 56.40341914 0 454.35506340 0 42610
0.19950000 0.19949900 6663.07041239 0 58.30132633 0 1305.39387914 0 8.43469774 0 526.68502528 0 43863
0.20050000 0.20050100 6553.88621735 0 121.80664533 0 1443.53220358 0 97.36504191 0 392.51280759 0 43302
0.20150000 0.20150100 6533.55742899 0 170.80278988 0 1345.92966031 0 -56.62021526 0 487.80455668 0 44487
0.20250000 0.20249700 6348.56102592 0 59.93205833 0 1521.24885148 0 -83.38468170 0 633.52188745 0 43759
0.20350000 0.20349100 6428.15996904 0 62.61953301 0 1284.35646199 0 32.53547286 0 519.90544079 0 45282
0.20450000 0.20449700 6344.98466500 0 44.51694627 0 1621.68590991 0 59.43114636 0 405.71766217 0 45483
0.20550000 0.20549900 6308.77816284 0 99.60275875 0 1396.19801498 0 -43.01808566 0 368.35742376 0 46138
0.20650000 0.20650200 6270.24647247 0 133.86108536 0 1500.35537455 0 -43.89490306 0 370.20428754 0 46227
0.20750000 0.20749300 6236.37623085 0 29.39425431 0 1429.31533851 0 -5.29258234 0 462.52311742 0 46236
0.20850000 0.20850300 6201.89701137 0 22.75384895 0 1472.30917579 0 -52.34197967 0 273.28601394 0 48361
0.20950000 0.20950400 6147.39902861 0 156.02345072 0 1331.72386756 0 13.76965387 0 144.42629770 0 46812
0.21050000 0.21050300 5969.38926250 0 140.44801139 0 1410.53667562 0 -77.38757841 0 301.20377374 0 48813
0.21150000 0.21149700 6016.86739132 0 88.31906326 0 1464.29281262 0 0.17130326 0 240.45767809 0 47215
0.21250000 0.21249000 5916.92858751 0 -59.72057693 0 1361.58592760 0 250.01420164 0 138.91006548 0 50004
0.21350000 0.21350300 5928.63203484 0 59.33935678 0 1239.45818485 0 181.43111448 0 0.93203952 0 49509
0.21450000 0.21449800 5895.37077109 0 105.88453152 0 1202.72021110 0 108.56425557 0 119.26222509 0 49660
0.21550000 0.21550100 5816.20364864 0 79.39432656 0 1300.85422597 0 -88.33832910 0 38.29319249 0 50841
0.21650000 0.21649800 5775.41320400 0 66.03113773 0 1108.66081177 0 76.19409252 0 195.70223394 0 50424
0.21750000 0.21750300 5736.77079039 0 69.32183267 0 1186.95322056 0 100.09702733 0 215.46854820 0 52231
0.21850000 0.21850300 5733.99163686 0 22.01609995 0 1058.00381849 0 92.89292991 0 196.02997475 0 51078
0.21950000 0.21950100 5710.04219828 0 -0.81198673 0 1090.76461316 0 107.62975136 0 31.76683207 0 52791
0.22050000 0.22050700 5692.12717672 0 14.71744487 0 1002.75956104 0 108.67841124 0 156.30911670 0 52969
0.22150000 0.22150000 5704.81606096 0 31.83847002 0 1038.25411271 0 55.57332694 0 -7.89288460 0 52704
0.22250000 0.22250100 5661.41254767 0 129.94037514 0 995.66441529 0 -50.22317959 0 156.66564556 0 54051
0.22350000 0.22349900 5530.15013695 0 206.62397514 0 1115.27098968 0 -145.95427853 0 -25.16894444 0 53938
0.22450000 0.22449800 5438.09482840 0 126.49023873 0 1048.53033737 0 -200.86083007 0 171.48816679 0 54735
0.22550000 0.22549100 5379.52223011 0 -15.55418046 0 1171.73984626 0 28.09004517 0 132.05851088 0 54774
0.22650000 0.22649900 5454.38221821 0 -33.39822841 0 1247.79564544 0 -63.28874432 0 -44.77017034 0 56911
0.22750000 0.22749800 5521.87911031 0 -7.80676406 0 1316.43298699 0 19.32032102 0 29.88564409 0 54879
0.22850000 0.22849100 5471.06821171 0 105.51715178 0 1304.78490128 0 18.77910579 0 189.54491411 0 57210
0.22950000 0.22949800 5419.44903341 0 110.12921796 0 1175.78124482 0 42.02046920 0 251.20558379 0 57375
0.23050000 0.23049600 5416.08304666 0 13.80918207 0 1188.65835858 0 262.04428255 0 310.78354917 0 57604
0.23150000 0.23150100 5335.11113527 0 -22.31870658 0 1098.39455219 0 179.00516811 0 131.37202674 0 58629
0.23250000 0.23250200 5347.82216416 0 111.79172753 0 930.94778396 0 106.49827048 0 66.27185008 0 58560
0.23350000 0.23350400 5222.80454463 0 136.28371003 0 957.54793711 0 -110.33405597 0 -49.95057895 0 59305
0.23450000 0.23449700 5162.69289319 0 95.57475771 0 900.55535957 0 -28.49252418 0 124.06539959 0 59196
0.23550000 0.23549300 5081.16736555 0 72.22433190 0 914.59838913 0 -56.22260807 0 -150.36106380 0 60063
0.23650000 0.23649900 5039.33612239 0 137.76740156 0 970.06520031 0 -109.40198767 0 -37.76758923 0 61537
0.23750000 0.23750400 4930.53945872 0 103.31099106 0 1057.37823214 0 40.56910886 0 -208.02130253 0 61224
0.23850000 0.23850100 4860.19697914 0 83.29167417 0 1055.08736813 0 -30.89455433 0 46.22928131 0 61221
0.23950000 0.23949400 4881.94302509 0 17.38033899 0 1104.28502900 0 114.28632231 0 42.77571247 0 62332
0.24050000 0.24050100 4863.37473637 0 -11.35245464 0 1047.58586807 0 163.52495078 0 105.62942515 0 63447
0.24150000 0.24150500 4910.31032127 0 23.09044762 0 935.12426488 0 143.24820234 0 156.98452851 0 63342
0.24250000 0.24250300 4892.97106061 0 33.45458655 0 913.14016396 0 129.76653964 0 111.49498923 0 63379
0.24350000 0.24349600 4867.46042423 0 50.64259926 0 837.67562692 0 -59.42693887 0 81.85337918 0 64266
0.24450000 0.24449500 4840.69861514 0 12.07149141 0 890.35221225 0 1.70934551 0 62.16335323 0 64695
0.24550000 0.24549600 4849.42360710 0 11.44756591 0 869.04463037 0 -62.54645567 0 -36.27227177 0 65947
0.24650000 0.24650000 4872.76406781 0 107.63595186 0 866.38616518 0 -21.51297351 0 78.64329077 0 66018
0.24750000 0.24750000 4793.66337931 0 78.57043487 0 926.83220083 0 61.57962026 0 203.74074176 0 66303
0.24850000 0.24849600 4761.69757756 0 79.31061978 0 841.81335471 0 135.31488161 0 360.73302089 0 66958
0.24950000 0.24949200 4692.18552235 0 38.94756689 0 822.94057705 0 260.55948379 0 373.83601008 0 66975
0.25050000 0.25048900 4680.98032963 0 40.75755983 0 700.94902390 0 261.12417236 0 406.26795671 0 68676
0.25150000 0.25150000 4640.64385032 0 53.09855162 0 616.08851202 0 192.77028233 0 369.76693071 0 69349
0.25250000 0.25249900 4601.95714740 0 77.26855092 0 564.05522877 0 -6.85988099 0 503.11536743 0 68592
0.25350000 0.25349900 4550.11652260 0 51.91558444 0 494.81776722 0 -62.10267689 0 393.85477336 0 70437
0.25450000 0.25450100 4521.98174523 0 29.37432413 0 505.21135852 0 -82.85287794 0 363.90634919 0 70099
0.25550000 0.25550100 4534.16130253 0 29.91631443 0 558.40280695 0 -112.38520414 0 289.87567822 0 71064
0.25650000 0.25650300 4534.98065457 0 56.97397603 0 607.11217829 0 -61.47974790 0 219.64060020 0 71409
0.25750000 0.25750600 4515.67052009 0 1.56059989 0 609.16498731 0 14.98240561 0 232.24865647 0 72612
0.25850000 0.25850600 4461.92545542 0 85.61697311 0 620.27827974 0 -54.93478597 0 223.97098643 0 71845
0.25950000 0.25949600 4470.72795365 0 52.97022338 0 699.73328263 0 8.36188614 0 172.67622724 0 72816
0.26050000 0.26049800 4409.46478043 0 78.39183827 0 626.47656717 0 67.34309750 0 137.59467329 0 73743
0.26150000 0.26149900 4386.64471898 0 75.00027445 0 576.43408792 0 35.05686267 0 244.51014897 0 74662
0.26250000 0.26250300 4320.52079516 0 49.98235653 0 487.65618752 0 34.37868278 0 259.79992231 0 74931
0.26350000 0.26350100 4310.42283492 0 44.22485834 0 491.38423929 0 173.42360917 0 271.84107555 0 75087
0.26450000 0.26450200 4251.82809198 0 71.50928116 0 380.37532512 0 55.31135574 0 213.86416834 0 76678
0.26550000 0.26550600 4229.28483865 0 111.83712406 0 460.59874736 0 -26.89257324 0 185.84232869 0 76035
0.26650000 0.26650100 4102.10811579 0 86.30954702 0 499.86785457 0 -90.28783333 0 216.33329677 0 77094
0.26750000 0.26750600 4094.82252606 0 94.28782140 0 486.20349851 0 -45.53416075 0 233.93829323 0 78463
0.26850000 0.26850100 4043.74589167 0 8.15145660 0 487.18339925 0 79.53970618 0 326.93474939 0 77076
0.26950000 0.26949700 4058.01811836 0 -9.54072334 0 467.24767842 0 116.11768484 0 326.96796636 0 79149
0.27050000 0.27049900 4076.66391335 0 47.48233631 0 438.84495079 0 104.68938478 0 267.46086385 0 79648
0.27150000 0.27150200 4022.63096824 0 152.40058604 0 473.41939227 0 14.67171617 0 334.29341646 0 80241
0.27250000 0.27250500 3852.47148043 0 150.75523857 0 451.24484736 0 -67.73705082 0 367.95660561 0 80835
0.27350000 0.27350000 3817.62687422 0 50.32980608 0 407.24010683 0 6.29945527 0 444.68338767 0 80680
0.27450000 0.27450400 3806.23345198 0 -18.50506575 0 488.58294111 0 69.66175304 0 432.64887782 0 82617
0.27550000 0.27550800 3836.85950243 0 20.00625155 0 457.61364859 0 101.72144811 0 325.41341196 0 82548
0.27650000 0.27649900 3847.61072983 0 -8.14627476 0 329.75708498 0 32.91337131 0 196.30567564 0 81181
0.27750000 0.27748900 3839.06289507 0 22.85538217 0 257.90212584 0 6.77905301 0 183.48170903 0 84096
0.27850000 0.27849800 3837.20274450 0 58.68465022 0 270.65855126 0 -47.09259047 0 187.90953173 0 85215
0.27950000 0.27950200 3815.40133693 0 36.11947368 0 286.96919295 0 -1.22700182 0 162.70559875 0 84514
0.28050000 0.28050300 3806.17809036 0 34.96883769 0 198.40055950 0 18.43431359 0 255.89139165 0 85815
0.28150000 0.28150100 3836.74877918 0 -1.75603750 0 220.22521895 0 20.12937580 0 106.87915846 0 85485
0.28250000 0.28250000 3806.16701803 0 30.18337890 0 211.30203237 0 -31.37509322 0 129.55948717 0 87220
0.28350000 0.28350400 3822.10009345 0 101.99139139 0 236.13282801 0 -71.69009223 0 81.56372716 0 87147
0.28450000 0.28449700 3747.76050462 0 77.26821875 0 220.16432116 0 -83.78716071 0 111.92902436 0 87102
0.28550000 0.28549800 3685.23508636 0 56.33222409 0 311.59515058 0 -65.79319347 0 112.42174281 0 88971
0.28650000 0.28649900 3716.76906745 0 32.36108375 0 213.85088155 0 65.23968796 0 42.19507976 0 89434
0.28750000 0.28750100 3679.69892396 0 41.30575063 0 262.99096632 0 60.49176435 0 4.23792125 0 89619
0.28850000 0.28849900 3650.10259971 0 59.11602799 0 265.33276302 0 71.70027877 0 73.16027552 0 90240
0.28950000 0.28950100 3598.54985536 0 76.73121099 0 227.98138248 0 32.67110884 0 -11.10554179 0 91333
0.29050000 0.29050500 3567.80200934 0 98.42743148 0 298.41797681 0 -38.48053623 0 52.10182094 0 92139
0.29150000 0.29150600 3477.33004324 0 92.41493765 0 258.51996156 0 -68.76943439 0 161.99475549 0 92370
0.29250000 0.29250200 3490.87149650 0 36.30670670 0 342.92872259 0 -55.05104538 0 211.31421193 0 91819
0.29350000 0.29349600 3462.29382614 0 26.19468461 0 393.04760088 0 -77.45799839 0 79.29046815 0 93552
0.29450000 0.29450000 3437.37002297 0 85.01751744 0 461.22544095 0 -82.44951315 0 64.03446540 0 94701
0.29550000 0.29550200 3438.17830269 0 42.86561975 0 380.23138490 0 -47.37194523 0 112.54907455 0 95020
0.29650000 0.29650300 3423.42996603 0 -5.95668931 0 405.72319833 0 44.51351385 0 85.74408340 0 95151
0.29750000 0.29749800 3480.66281302 0 -35.86182069 0 384.23624479 0 177.47608005 0 111.23257513 0 95802
0.29850000 0.29850000 3514.90951368 0 -12.78543491 0 321.86916078 0 173.17116016 0 163.40647691 0 97399
0.29950000 0.29950700 3512.70612104 0 52.24565044 0 272.89073195 0 104.64443114 0 164.21918555 0 97881
0.30050000 0.30050300 3477.02001815 0 75.83501702 0 249.24356783 0 55.92919146 0 255.85706744 0 97188
0.30150000 0.30149700 3418.60243241 0 99.93293548 0 268.59466992 0 -24.40063582 0 309.12380768 0 98263
0.30250000 0.30249700 3361.46923634 0 129.16641964 0 199.65062497 0 19.60255458 0 396.15560245 0 100050
0.30350000 0.30350600 3296.72935313 0 35.71522310 0 212.76357925 0 -47.86787466 0 328.36529375 0 100779
0.30450000 0.30450500 3284.54979583 0 -13.90052875 0 191.18693988 0 55.58871748 0 305.43561628 0 99982
0.30550000 0.30550300 3327.00108918 0 -14.08023258 0 159.70610595 0 47.41756321 0 198.29094348 0 101559
0.30650000 0.30649700 3301.15828306 0 9.72482289 0 33.31573959 0 136.08219372 0 108.79090606 0 100935
0.30750000 0.30749800 3323.80118731 0 28.83321961 0 -27.44486080 0 -14.49821284 0 -1.51235777 0 103762
0.30850000 0.30850200 3290.06381359 0 69.09108542 0 -12.21476729 0 12.18465057 0 23.23449857 0 102951
0.30950000 0.30950100 3232.59844778 0 82.62279503 0 -52.55777928 0 -16.58700692 0 -26.17885118 0 104394
0.31050000 0.31050000 3187.26834997 0 86.73660659 0 -30.84018921 0 -65.34498577 0 -17.74960102 0 103963
0.31150000 0.31149700 3178.47692406 0 72.35321376 0 -1.34563071 0 -36.86010149 0 -2.02028960 0 105936
0.31250000 0.31250000 3150.91790759 0 40.76641769 0 37.82272941 0 -106.47225052 0 43.83566613 0 105717
0.31350000 0.31349800 3137.98543220 0 33.26037797 0 114.97612815 0 -73.11056078 0 -5.17873669 0 106776
0.31450000 0.31450400 3148.93596145 0 0.28972399 0 69.96269883 0 20.75518360 0 28.27639240 0 108733
0.31550000 0.31549900 3173.46116092 0 43.46396818 0 128.08797520 0 27.77658766 0 -3.56301877 0 105891
0.31650000 0.31650000 3153.17666185 0 32.69480362 0 64.03656914 0 52.59775037 0 -16.03405502 0 111072
0.31750000 0.31750600 3134.90732590 0 54.96545631 0 50.80126567 0 109.92648369 0 53.24271329 0 108121
0.31850000 0.31849900 3099.27658464 0 46.79452349 0 13.29387607 0 113.50129448 0 170.37650538 0 110484
0.31950000 0.31950100 3072.51477555 0 78.21689554 0 15.27349702 0 32.55141701 0 189.03558716 0 110817
0.32050000 0.32049800 3021.22776699 0 79.36509562 0 44.94267716 0 3.72205057 0 270.07171805 0 111088
0.32150000 0.32149900 2988.36510693 0 76.56080791 0 31.98717134 0 2.18463612 0 402.92079292 0 112635
0.32250000 0.32250100 2986.73747518 0 4.86858980 0 30.58475068 0 -21.26240680 0 388.50241154 0 113202
0.32350000 0.32350400 2996.95723099 0 -19.05746403 0 75.04201712 0 6.70475772 0 328.33872017 0 113863
0.32450000 0.32450300 3014.21898538 0 -1.09135145 0 38.23030169 0 53.22776565 0 304.18555081 0 114045
0.32550000 0.32549900 3026.17709618 0 29.57451176 0 -29.68025246 0 51.69546662 0 248.28249004 0 114828
0.32650000 0.32650300 3005.43863180 0 41.04311508 0 -124.19494579 0 52.93778147 0 268.60906394 0 116431
0.32750000 0.32750400 2988.68620435 0 46.39913077 0 -135.86185445 0 54.48026704 0 240.95261101 0 116442
0.32850000 0.32850400 2959.39990520 0 36.47024493 0 -201.08227657 0 46.86339335 0 254.76090729 0 116955
0.32950000 0.32949800 2937.74243786 0 74.71715511 0 -135.33149010 0 -19.18324564 0 298.33271991 0 117028
0.33050000 0.33049700 2934.73076551 0 61.94157456 0 -187.74898302 0 -22.33531507 0 275.01661831 0 119061
0.33150000 0.33150100 2886.79867137 0 82.85177071 0 -81.87574527 0 -115.24518564 0 336.50677419 0 120060
0.33250000 0.33250400 2855.71865560 0 45.26233518 0 -108.45430738 0 -56.83169666 0 281.37434722 0 119737
0.33350000 0.33350100 2857.50129990 0 19.83706642 0 24.05805809 0 -16.31595641 0 245.29849850 0 120531
0.33450000 0.33450000 2879.35806909 0 14.29259977 0 -31.30024431 0 -24.82990985 0 255.92793032 0 121704
0.33550000 0.33550300 2831.80243399 0 24.68076564 0 3.80484941 0 25.53377754 0 191.00203205 0 122761
0.33650000 0.33650300 2887.67338503 0 76.40823128 0 -2.42456233 0 -44.01426273 0 183.04988837 0 122472
0.33750000 0.33749900 2801.47533631 0 61.62734198 0 4.07983060 0 -58.25105798 0 184.91003894 0 122985
0.33850000 0.33849800 2779.26425273 0 84.79363503 0 89.01219079 0 -76.96516922 0 233.66923574 0 125380
0.33950000 0.33950300 2737.61016676 0 93.91822719 0 106.95101784 0 -21.16718480 0 264.49901697 0 125223
0.34050000 0.34050000 2680.80914044 0 48.14722941 0 63.94544391 0 82.96249395 0 306.71114810 0 125178
0.34150000 0.34149900 2677.98569761 0 12.01801208 0 41.37838508 0 147.16780533 0 225.56761567 0 127059
0.34250000 0.34250300 2685.11627480 0 17.30382923 0 -43.48378764 0 91.21281535 0 266.51750178 0 127957
0.34350000 0.34349800 2680.25552420 0 22.88051634 0 -95.15899191 0 61.00186636 0 208.25492858 0 126732
0.34450000 0.34449700 2662.06369452 0 25.53034512 0 -129.45872901 0 -7.87660828 0 300.04117963 0 129639
0.34550000 0.34550000 2663.54738605 0 17.14040171 0 -93.08005220 0 2.20097887 0 341.95767970 0 129826
0.34650000 0.34650400 2679.25901497 0 34.68239665 0 -109.12573316 0 62.57136840 0 340.27468633 0 130875
0.34750000 0.34750200 2677.86390204 0 27.09098930 0 -118.55138183 0 20.24142772 0 350.66495594 0 130686
0.34850000 0.34850200 2673.85572045 0 60.76381137 0 -62.24772434 0 -57.38918821 0 262.70640758 0 132211
0.34950000 0.34950400 2656.70468931 0 48.29880954 0 2.04425011 0 -138.19036436 0 318.51313913 0 132768
0.35050000 0.35050300 2611.16421733 0 83.28658090 0 14.84699107 0 -144.03212294 0 351.12335018 0 132957
0.35150000 0.35150100 2616.47893324 0 66.71651464 0 99.25663788 0 -111.04213114 0 307.08428545 0 133987
0.35250000 0.35249800 2568.73506863 0 37.91352247 0 54.44904308 0 14.05897372 0 247.98796620 0 134778
0.35350000 0.35349800 2537.63290821 0 67.40698482 0 23.68613870 0 75.50827272 0 156.27257803 0 135699
0.35450000 0.35450100 2506.20965038 0 55.73298987 0 -8.10838526 0 36.94425116 0 40.05568516 0 137380
0.35550000 0.35550100 2476.98978518 0 48.85873700 0 -50.40930537 0 -15.02536623 0 -25.91854083 0 136161
0.35650000 0.35649900 2426.83215375 0 70.66269121 0 -39.84652894 0 -20.45999542 0 60.97064240 0 138792
0.35750000 0.35750000 2409.31573589 0 27.29305923 0 -60.07345192 0 -8.43592677 0 77.31394745 0 138097
0.35850000 0.35849800 2447.65919673 0 13.44755994 0 -47.10753811 0 16.69750872 0 80.61693267 0 140028
0.35950000 0.35950300 2443.65101515 0 11.71662340 0 -62.58520880 0 4.92400679 0 65.49003322 0 141099
0.36050000 0.36050500 2447.03914654 0 72.80695763 0 -22.11774389 0 30.58408634 0 114.80007818 0 140821
0.36150000 0.36150200 2402.20730335 0 84.44463535 0 -62.38424611 0 13.95954424 0 146.13365019 0 141756
0.36250000 0.36250400 2356.81077160 0 33.02796987 0 -44.32185191 0 63.58260382 0 201.26718439 0 142971
0.36350000 0.36349900 2353.73266530 0 22.66017708 0 -97.50344597 0 86.96336780 0 172.86224230 0 142270
0.36450000 0.36450000 2355.18313985 0 16.84798161 0 -121.19213130 0 61.62125221 0 62.93221546 0 145311
0.36550000 0.36550300 2378.42394964 0 -7.86473875 0 -158.24566631 0 -14.34508259 0 129.52737743 0 145434
0.36650000 0.36650100 2403.91244138 0 3.37486675 0 -149.66018564 0 -35.79627252 0 57.46558726 0 144547
0.36750000 0.36749600 2403.31453584 0 28.63103896 0 -172.13257610 0 -27.32516897 0 122.87291021 0 146892
0.36850000 0.36849900 2401.80869966 0 50.23790578 0 -146.35066776 0 -16.91009736 0 111.81387218 0 148113
0.36950000 0.36949900 2374.59292526 0 60.00723942 0 -103.91742229 0 17.80673422 0 163.34779358 0 147387
0.37050000 0.37049800 2351.79500845 0 64.00457012 0 -130.50063478 0 -0.65196506 0 143.04557880 0 149758
0.37150000 0.37150100 2337.67779431 0 63.04116714 0 -124.13515524 0 20.72329530 0 196.61237904 0 150099
0.37250000 0.37250000 2301.95847445 0 67.49456691 0 -72.21934935 0 -25.27645671 0 192.94079613 0 150468
0.37350000 0.37349800 2280.21242850 0 45.39597814 0 -66.72282587 0 -33.96590651 0 176.66447864 0 150709
0.37450000 0.37449700 2251.11435888 0 42.38319856 0 -68.10000163 0 -40.41442848 0 206.71033927 0 153108
0.37550000 0.37550100 2246.43076548 0 54.56962070 0 -63.36425758 0 12.90202649 0 241.45972348 0 153189
0.37650000 0.37649900 2244.95814628 0 9.94833991 0 -108.44201710 0 92.47317808 0 271.88868655 0 153547
0.37750000 0.37749900 2260.43725638 0 -11.89034818 0 -174.30718069 0 99.21212714 0 214.56172480 0 155424
0.37850000 0.37850200 2288.09592377 0 -22.89945002 0 -194.94710138 0 105.92129164 0 223.17599351 0 155313
0.37950000 0.37949900 2315.63279560 0 2.15103161 0 -260.42107973 0 39.15207273 0 184.93993421 0 156100
0.38050000 0.38050000 2315.95389302 0 46.45582107 0 -272.18431762 0 17.95288891 0 185.30974986 0 157557
0.38150000 0.38149800 2282.84764181 0 75.58766129 0 -266.48649927 0 -74.96152132 0 205.66954074 0 157692
0.38250000 0.38250100 2265.07656048 0 83.19301976 0 -256.95212037 0 -46.23227083 0 262.93449747 0 159703
0.38350000 0.38350500 2211.12112163 0 53.83087519 0 -257.56441993 0 -39.04212454 0 249.00662008 0 160338
0.38450000 0.38450600 2213.15842940 0 10.43789168 0 -277.59757723 0 65.63663080 0 200.86415177 0 160167
0.38550000 0.38550000 2219.75753499 0 12.50342280 0 -265.63725196 0 46.97732757 0 208.67456969 0 160033
0.38650000 0.38649600 2223.44461916 0 33.61447092 0 -333.59475276 0 21.97236426 0 134.78673171 0 162444
0.38750000 0.38750200 2202.13039388 0 46.17126232 0 -348.75497991 0 13.54056747 0 191.79038158 0 164307
0.38850000 0.38850400 2179.97467192 0 51.15037607 0 -368.37624672 0 -13.46040384 0 109.58512392 0 163882
0.38950000 0.38950500 2151.65166503 0 40.56755873 0 -399.11855658 0 8.53251066 0 133.21667606 0 164595
0.39050000 0.39050100 2132.27509660 0 38.36150874 0 -411.36454782 0 47.74397534 0 116.95475259 0 165006
0.39150000 0.39150100 2145.62832033 0 49.83000134 0 -413.24795028 0 -35.82107453 0 79.54579596 0 166687
0.39250000 0.39250100 2115.88805587 0 60.21960661 0 -343.94073307 0 -30.29842036 0 126.58213902 0 167256
0.39350000 0.39350100 2063.90349085 0 94.36621346 0 -335.99634002 0 -82.32871408 0 193.51877148 0 167937
0.39450000 0.39449600 2044.56013939 0 74.24990300 0 -284.80344622 0 -49.26453771 0 247.34909305 0 167719
0.39550000 0.39549700 2013.69049779 0 47.95589964 0 -275.28789027 0 2.90504586 0 241.81293064 0 171636
0.39650000 0.39650400 1996.72769617 0 38.72623112 0 -229.35435076 0 18.93721858 0 311.41245722 0 171093
0.39750000 0.39750000 2006.28311249 0 47.20054564 0 -209.04106365 0 34.70398768 0 271.24759894 0 170464
0.39850000 0.39849800 1989.96250571 0 26.48079348 0 -244.25105657 0 12.53608616 0 271.36164389 0 172113
0.39950000 0.39949500 1979.84240082 0 26.92125056 0 -279.53301960 0 27.40854358 0 284.69493743 0 173232
