### header ###
fiducial parameters:
Omega_m = 0.31
Omega_nu = 0
Omega_de = 0.69
Omega_k = 0
H_0 = 100
w_de = -1
zeff = 0
beta = 0
fgrowth = 0
b_1 = 2
gamma = 0.55
Lx = 3500 Ly = 3500 Lz = 3500
nx = 700 ny = 700 nz = 700
xoffset = -685.467585 yoffset = -31.7331281 zoffset = 572.489161
bins = 400 dk = 0.001
kx_ny = 0.628318531 ky_ny = 0.628318531 kz_ny = 0.628318531
############################
A(data) = 7.97564243 (not used)
A(ran) = 7.96684088 (used)
Ngal = 473129
weighted Ngal = 0
Nran = 23820508
weighted Nran = 0
SN(data) = 3497.37133
SN(ran) = 69.3940733
SN(data+ran) = 3566.7654
############################
13 columns: k_central k_mean P_0(k) sigma^{lin}_{P_0(k)} P^img_1(k) sigma^{lin}_{P_1(k)} P_2(k) sigma^{lin}_{P_2(k)} P^img_3(k) sigma^{lin}_{P_3(k)} P_4(k) sigma^{lin}_{P_4(k)} N_modes
### header ###
0.00050000 0 0 0 0 0 0 0 0 0 0 0 0
0.00150000 0.00179520 24640.35165142 0 -15408.24721763 0 6762.25629812 0 -19667.88129861 0 -25858.41810471 0 3
0.00250000 0.00253879 38247.46379079 0 -6327.46824714 0 22236.88210303 0 -15055.37222566 0 10979.77125549 0 6
0.00350000 0.00331552 41367.42347819 0 9955.09402747 0 53206.72823703 0 -50765.28061452 0 63972.79255119 0 7
0.00450000 0.00420575 43145.74956732 0 9826.28967286 0 59924.63987424 0 -29171.03624396 0 42492.70384951 0 24
0.00550000 0.00557378 60057.28632557 0 -22617.88080004 0 83747.96467729 0 14329.13844080 0 8104.56530821 0 45
0.00650000 0.00659388 88417.60694631 0 -21045.61067579 0 74198.97030719 0 26524.97205880 0 -31094.29906496 0 40
0.00750000 0.00754703 108565.91641880 0 1812.99353813 0 100244.84287109 0 11965.19709202 0 -14256.17182025 0 57
0.00850000 0.00846663 99220.43137887 0 14532.20487798 0 69414.28658331 0 23056.67703260 0 -2251.65690280 0 75
0.00950000 0.00948925 84315.86421724 0 19948.34328627 0 55914.68671792 0 40100.19590270 0 -1435.05080277 0 112
0.01050000 0.01054430 72471.13401924 0 8921.01639568 0 35866.80323154 0 11939.84146819 0 -36418.20500751 0 105
0.01150000 0.01145670 64531.28061504 0 5631.65013856 0 27903.58722197 0 18419.47667531 0 -35279.08423016 0 144
0.01250000 0.01249090 59495.36584103 0 7775.56224854 0 19162.65111713 0 -13728.13264965 0 -42834.83868641 0 169
0.01350000 0.01339930 48363.25046836 0 3773.91333584 0 5764.05299874 0 -16220.95585932 0 -27490.14661324 0 180
0.01450000 0.01448870 61045.82348538 0 -11259.66855458 0 5857.62521578 0 -4020.33899700 0 -40886.77385782 0 267
0.01550000 0.01550050 65905.68829478 0 -11337.94989105 0 12685.34109823 0 -16182.86706194 0 -34201.96847181 0 238
0.01650000 0.01653350 76352.86965417 0 1720.45104730 0 15167.53487607 0 -7065.88158929 0 -39519.89535895 0 315
0.01750000 0.01747870 79442.93406455 0 2958.77985501 0 23513.52115462 0 7614.19418664 0 -22078.32641163 0 297
0.01850000 0.01844180 70121.91886247 0 2471.21003162 0 26844.51935306 0 2702.02371479 0 -7994.82749693 0 388
0.01950000 0.01947590 72059.13281274 0 4742.55352795 0 21031.43810003 0 12992.70883519 0 -495.02481969 0 399
0.02050000 0.02045430 68779.51020146 0 2279.84704178 0 34502.47136738 0 6979.79426383 0 -2673.80035883 0 462
0.02150000 0.02154770 64959.55813903 0 390.17876152 0 26002.02615761 0 4484.00367111 0 -3234.77969577 0 571
0.02250000 0.02255340 70349.12296775 0 -97.31100896 0 31403.43837389 0 4221.66707918 0 5646.39847522 0 510
0.02350000 0.02348930 68259.00021174 0 -7130.47753228 0 22150.51796945 0 -720.44628067 0 -9363.80973751 0 555
0.02450000 0.02439640 75315.06064891 0 -2145.53974173 0 21098.31494193 0 -1080.31233853 0 -13519.19788032 0 592
0.02550000 0.02547300 71462.99884451 0 5870.73484837 0 20283.50255853 0 -8131.58178076 0 -12627.10066968 0 837
0.02650000 0.02652900 68850.48380355 0 5886.80079168 0 19187.34240148 0 878.42510395 0 -14027.41758949 0 723
0.02750000 0.02749970 60123.60955124 0 -731.98142867 0 12887.52174942 0 3878.34750353 0 -16446.05622288 0 826
0.02850000 0.02848090 63414.52593383 0 2901.86810545 0 11198.54932158 0 6571.09261012 0 -12215.54235617 0 831
0.02950000 0.02946900 57360.17872300 0 4715.73635724 0 11254.13239217 0 6880.02154489 0 -3041.02508377 0 996
0.03050000 0.03053250 54829.70960894 0 5117.79461605 0 7175.92942567 0 5909.42155128 0 -490.53942091 0 1041
0.03150000 0.03150510 53487.85456417 0 1239.70177599 0 5821.00903761 0 2336.79200833 0 10200.47889010 0 1036
0.03250000 0.03246190 51786.37040929 0 -1083.36608572 0 7871.19391800 0 1530.75997850 0 4323.99750515 0 1059
0.03350000 0.03345080 52736.26515548 0 -340.86484124 0 12563.10263223 0 1556.72458020 0 10076.93388977 0 1302
0.03450000 0.03451200 54062.17605252 0 -329.96303022 0 9697.13100385 0 2399.10705241 0 5086.90282981 0 1339
0.03550000 0.03553350 53936.06227283 0 398.89489561 0 15442.01780833 0 -1821.89568728 0 2581.61218239 0 1365
0.03650000 0.03647120 51198.54068467 0 3711.70901501 0 12638.83733399 0 -2802.69329204 0 1345.01065735 0 1308
0.03750000 0.03744890 51354.77118786 0 929.20500004 0 15414.44771953 0 -3160.89407225 0 3825.82039459 0 1579
0.03850000 0.03847530 49512.33633804 0 -509.56056771 0 15332.84468561 0 2318.09085171 0 -2129.21913495 0 1662
0.03950000 0.03950240 50804.69809087 0 -161.99143379 0 11865.10327566 0 1213.11712411 0 -1999.45148808 0 1683
0.04050000 0.04050350 48877.22778644 0 4044.54309905 0 14145.55929531 0 880.22214227 0 -2774.13776634 0 1822
0.04150000 0.04152450 46124.31566678 0 2392.13148777 0 14775.68530074 0 -2827.60602289 0 -2681.15238251 0 1887
0.04250000 0.04250150 45353.79258265 0 1225.69528510 0 18624.86830069 0 390.89735540 0 1358.43031503 0 1920
0.04350000 0.04349210 44032.75350854 0 2334.51110941 0 20070.58175226 0 -1447.21928775 0 -3278.72575297 0 2005
0.04450000 0.04448520 41331.21697604 0 2392.05398150 0 22821.05796046 0 -385.00466413 0 1713.65263986 0 2151
0.04550000 0.04548030 41365.54118297 0 1976.15531666 0 22064.92889860 0 1876.81441838 0 -192.05058121 0 2274
0.04650000 0.04648670 38652.26798616 0 1394.14963489 0 21945.45851381 0 647.30361015 0 3724.51969482 0 2311
0.04750000 0.04749250 38770.63113848 0 371.90167494 0 22545.13562598 0 3762.40919035 0 3132.23889562 0 2568
0.04850000 0.04851840 38875.92894750 0 -605.90197319 0 21686.91972929 0 1761.24149193 0 2190.98056279 0 2493
0.04950000 0.04949480 38834.29700618 0 -239.27404656 0 17892.98763018 0 3397.95254662 0 -109.28063499 0 2644
0.05050000 0.05050630 38232.40542904 0 1035.91231601 0 17952.11384471 0 2193.37218495 0 4224.62338990 0 2829
0.05150000 0.05149060 38340.13914953 0 555.25826670 0 16312.08109257 0 2562.12489071 0 3735.28199454 0 2784
0.05250000 0.05249300 36567.90283905 0 675.75727047 0 15524.39590498 0 4765.08570895 0 4281.13653578 0 3055
0.05350000 0.05348950 37251.95106635 0 -267.12647964 0 12432.67064587 0 4352.28729506 0 8543.54977029 0 3009
0.05450000 0.05448610 35986.49506283 0 -13.40814246 0 12361.91849027 0 3247.56823093 0 4716.78822809 0 3336
0.05550000 0.05550870 37106.90361123 0 578.79581480 0 9716.90617597 0 1983.44090639 0 5929.15243411 0 3349
0.05650000 0.05647670 36346.12417294 0 443.59054921 0 10269.04979770 0 311.25412298 0 4860.66201679 0 3324
0.05750000 0.05747970 35754.30841138 0 596.04428240 0 8678.85357957 0 39.30010971 0 5965.58038276 0 3639
0.05850000 0.05849280 36345.90272644 0 -1064.43683921 0 8337.68203494 0 183.16504054 0 2897.50560947 0 3846
0.05950000 0.05951020 35427.56410598 0 686.98017891 0 8092.35253393 0 131.77395213 0 -274.84499728 0 3787
0.06050000 0.06049470 35074.57839076 0 1784.67053124 0 6851.20028338 0 -1401.75632204 0 -785.39653806 0 3930
0.06150000 0.06148310 32853.35930889 0 2325.77504513 0 9969.94201505 0 -789.75017618 0 -459.90229813 0 4083
0.06250000 0.06249100 31349.07325903 0 1346.38362562 0 8350.07196641 0 -362.92091228 0 -1414.14625351 0 4303
0.06350000 0.06350600 30753.16073729 0 -162.27267084 0 9618.16318324 0 -160.50663504 0 -2161.67211899 0 4470
0.06450000 0.06451750 30670.22902440 0 79.94174230 0 10490.58487267 0 -914.50095268 0 -4083.48446544 0 4479
0.06550000 0.06550280 30990.44065816 0 256.65870376 0 11396.19031959 0 -591.36843963 0 -2316.62930483 0 4636
0.06650000 0.06648880 30449.88976051 0 430.94484703 0 12191.84758106 0 139.01635980 0 1908.38161644 0 4653
0.06750000 0.06749660 30724.81558576 0 968.67783801 0 11515.54998114 0 1481.54349468 0 -1906.14500683 0 5220
0.06850000 0.06852730 28770.32880877 0 1503.13452808 0 12572.95700132 0 1252.92213183 0 83.79136819 0 5029
0.06950000 0.06949320 28980.37081058 0 894.02379516 0 10136.40334638 0 1340.69245067 0 1810.39154180 0 5040
0.07050000 0.07048030 27534.10374277 0 63.60552354 0 10424.50523816 0 1710.90670330 0 951.73385934 0 5475
0.07150000 0.07148790 27829.95626192 0 -26.37848520 0 9980.18391551 0 377.11895439 0 1197.28369961 0 5509
0.07250000 0.07249820 27789.32082984 0 164.10735507 0 9635.28099741 0 -459.82589909 0 399.65002817 0 5916
0.07350000 0.07351270 27578.28231880 0 999.46554440 0 10724.18878170 0 -963.79272830 0 1218.67543116 0 5721
0.07450000 0.07449140 27092.65015225 0 272.61060213 0 10261.23273638 0 -331.27620795 0 244.88660801 0 6028
0.07550000 0.07549160 26633.81301176 0 210.20697945 0 11109.30638354 0 614.99899526 0 -291.64503572 0 6183
0.07650000 0.07648840 26965.87203308 0 509.32915612 0 11275.16980932 0 -58.26655923 0 -592.83995160 0 6330
0.07750000 0.07749960 26070.78529474 0 528.38019821 0 9856.31781776 0 1543.94711736 0 -1564.69665407 0 6583
0.07850000 0.07848650 26040.11495499 0 407.01644587 0 10014.96208776 0 864.02222383 0 88.72984651 0 6549
0.07950000 0.07947320 24800.12529855 0 410.39904110 0 9003.22840746 0 1377.25326722 0 -1618.81817779 0 6828
0.08050000 0.08048110 25256.74797407 0 344.45006002 0 8428.33115823 0 1432.06127507 0 -554.61496463 0 7147
0.08150000 0.08149960 24541.36506754 0 319.05014688 0 7350.36283086 0 398.90707517 0 -200.48769272 0 7386
0.08250000 0.08250610 24102.67955822 0 568.61591936 0 7651.27540245 0 539.23882716 0 -164.62553987 0 7227
0.08350000 0.08350160 23870.38218353 0 250.20575286 0 6940.86396977 0 644.47130946 0 885.37188054 0 7798
0.08450000 0.08449610 23283.88113788 0 544.73070027 0 7552.18916765 0 79.70291225 0 58.52011547 0 7371
0.08550000 0.08548940 23000.65106902 0 601.94804600 0 7729.74496844 0 87.62305692 0 1197.72659261 0 8256
0.08650000 0.08650700 22701.14468268 0 -2.58898635 0 8287.20330609 0 -133.01073081 0 361.43279182 0 8037
0.08750000 0.08749060 22617.88080004 0 253.09009347 0 7547.85988865 0 642.60562273 0 492.45936203 0 8155
0.08850000 0.08849210 22348.60186045 0 425.67995658 0 8182.97951257 0 -165.91546571 0 428.59640694 0 8718
0.08950000 0.08949900 21694.33818692 0 861.27850174 0 6930.10167004 0 196.67327682 0 -794.47695164 0 8571
0.09050000 0.09049190 21185.34341501 0 737.58070333 0 7576.82509037 0 -151.98869555 0 -1147.13714051 0 8932
0.09150000 0.09150830 20444.38343814 0 1026.99688007 0 7224.19368955 0 386.23258495 0 -777.79760154 0 9285
0.09250000 0.09250820 19532.90965907 0 453.17364634 0 6637.31618486 0 939.15016219 0 -470.45311645 0 9204
0.09350000 0.09350330 19563.24782907 0 -329.01191752 0 5504.58413894 0 1625.28441548 0 -1701.06340654 0 9349
0.09450000 0.09448040 19197.63966356 0 -17.15745309 0 5808.26479174 0 1162.76019083 0 -979.68594335 0 9564
0.09550000 0.09549270 19204.17233520 0 498.92227803 0 5252.48944747 0 249.60009669 0 -2028.87065512 0 10155
0.09650000 0.09649430 18675.91171811 0 889.29148353 0 5694.19770146 0 -806.97539190 0 -1793.58375272 0 9913
0.09750000 0.09749140 17770.74916418 0 732.77199266 0 4964.27683244 0 -152.60431681 0 -1556.17096396 0 10476
0.09850000 0.09850240 17320.54843706 0 382.50453318 0 5331.37976180 0 -370.50434755 0 -1756.18143949 0 10575
0.09950000 0.09950330 17292.97834826 0 -83.25103874 0 5362.49299454 0 112.54243115 0 -1342.04327429 0 10882
0.10050000 0.10051200 17183.58377905 0 -150.51829082 0 5214.33421614 0 842.63713567 0 -1012.37476791 0 10875
0.10150000 0.10150300 17497.92708065 0 67.42204318 0 5477.95519775 0 449.94052749 0 -1516.91957248 0 11118
0.10250000 0.10250800 17491.83730200 0 336.11259943 0 4798.60163618 0 -355.33526254 0 -1064.65274954 0 11575
0.10350000 0.10349800 17090.79769707 0 254.37226869 0 5372.76811197 0 -258.72369234 0 -1044.74138782 0 11364
0.10450000 0.10450100 17052.59817645 0 243.00542003 0 5242.18111306 0 -15.83021352 0 -431.12864763 0 12093
0.10550000 0.10551000 16986.60712053 0 72.05138219 0 5588.53450572 0 147.98937183 0 -1272.88553348 0 12067
0.10650000 0.10649700 16446.60983912 0 597.85571475 0 5416.44843338 0 438.68993824 0 -1274.24742943 0 12054
0.10750000 0.10749900 15984.78317094 0 598.25321121 0 5287.27869205 0 453.04410014 0 -1584.38324760 0 12807
0.10850000 0.10850100 15433.93501121 0 419.65550465 0 5106.81086983 0 489.73335566 0 -952.28415389 0 12736
0.10950000 0.10950300 15134.65007136 0 207.83196578 0 4789.35624496 0 642.27013129 0 -550.96663360 0 12933
0.11050000 0.11050200 15043.19266836 0 52.20191476 0 4992.57769468 0 566.95949957 0 -541.13994533 0 13428
0.11150000 0.11150900 15167.09198308 0 102.11562287 0 5022.21830822 0 343.30185993 0 286.30153177 0 13453
0.11250000 0.11250000 14924.60806955 0 227.23953672 0 5221.48693798 0 -114.74028763 0 329.69397273 0 13668
0.11350000 0.11349100 14871.79308016 0 174.44669198 0 5484.04497640 0 122.42337382 0 1586.54235094 0 13791
0.11450000 0.11448600 14811.00601691 0 76.63698551 0 5779.42138559 0 -30.04364616 0 1393.56280167 0 14205
0.11550000 0.11549300 14584.24480462 0 473.20791087 0 5615.55097827 0 339.48522957 0 1721.61364140 0 14776
0.11650000 0.11649800 14329.91350354 0 316.93311838 0 5596.10797589 0 283.14702642 0 2013.64620849 0 14553
0.11750000 0.11747300 14098.28046833 0 184.41732048 0 5539.11872005 0 237.65305821 0 1850.21869417 0 14568
0.11850000 0.11849100 13896.87487988 0 313.10209399 0 5285.39639683 0 313.29364521 0 2081.74100613 0 16015
0.11950000 0.11950300 13740.09076045 0 92.11753501 0 5164.46446516 0 840.83234673 0 1775.39192305 0 15270
0.12050000 0.12050700 13606.00490690 0 -130.98781707 0 4438.02030613 0 617.57441801 0 1737.95639283 0 15999
0.12150000 0.12150000 13808.73917433 0 -169.20726788 0 4187.30965527 0 858.51042053 0 1573.89775600 0 15670
0.12250000 0.12250700 13808.07483484 0 247.15754183 0 3736.87640932 0 195.07886205 0 1220.97847473 0 16887
0.12350000 0.12352200 13519.08715707 0 311.41910062 0 3629.59665415 0 -187.50760634 0 1471.10229238 0 16407
0.12450000 0.12449800 13053.38517520 0 481.60626924 0 3392.53817978 0 27.94079023 0 1698.64963973 0 16306
0.12550000 0.12549900 12952.18412636 0 250.26443618 0 3731.00807716 0 168.08564137 0 1019.77550982 0 17523
0.12650000 0.12650100 12630.86526012 0 22.58898203 0 3785.79394037 0 -201.62703495 0 945.78802092 0 17154
0.12750000 0.12750600 12814.99802185 0 139.19019530 0 4102.66173203 0 -214.56726096 0 869.81637141 0 18007
0.12850000 0.12850300 12721.43687714 0 -21.31422528 0 3891.30212356 0 -184.65980440 0 977.33196709 0 17496
0.12950000 0.12949900 12941.11180154 0 -77.18905162 0 4031.49990042 0 -220.02370263 0 932.48572988 0 18405
0.13050000 0.13049000 13049.62058476 0 -146.06057285 0 4083.61733334 0 -16.21586259 0 225.94407471 0 18100
0.13150000 0.13148800 12939.67239931 0 46.72775737 0 3912.87101231 0 301.44515042 0 -382.88652839 0 19059
0.13250000 0.13249300 12707.59647111 0 277.99839538 0 3432.36533216 0 340.89695098 0 -346.38550239 0 18957
0.13350000 0.13349100 12609.05278023 0 381.54788432 0 3375.47572724 0 53.28379162 0 -673.75650138 0 19468
0.13450000 0.13450700 12166.27051073 0 296.25776624 0 3157.58344713 0 219.10469967 0 -565.63414229 0 19953
0.13550000 0.13551000 12016.68340243 0 128.82096310 0 3130.84378269 0 -54.55943416 0 -789.97826607 0 19956
0.13650000 0.13649900 11812.28828628 0 79.66128031 0 3094.32725544 0 369.87101057 0 -611.60975663 0 19723
0.13750000 0.13749600 11787.92917168 0 219.12020093 0 2936.14802308 0 278.77345812 0 -599.41691254 0 20946
0.13850000 0.13851100 11682.74208590 0 122.68357346 0 2759.03511528 0 -4.83282619 0 -541.55072858 0 20955
0.13950000 0.13949800 11463.39933124 0 139.01414533 0 2659.05202217 0 116.95807429 0 -433.47155156 0 20506
0.14050000 0.14048300 11276.16631856 0 324.97937682 0 2891.42690314 0 67.57417692 0 -412.28687248 0 21447
0.14150000 0.14148400 11021.93466840 0 283.10827329 0 2819.56751507 0 -67.93347386 0 -238.29857475 0 21771
0.14250000 0.14249400 10907.20323863 0 222.25477608 0 3112.31978327 0 192.73927982 0 -276.85794593 0 22470
0.14350000 0.14350900 10827.99182687 0 9.06020659 0 2855.55257073 0 412.51496237 0 34.04308061 0 22519
0.14450000 0.14449900 10763.57304108 0 -33.81764808 0 3032.62118923 0 356.45688905 0 154.34488627 0 22218
0.14550000 0.14550500 10837.15971182 0 156.94798984 0 2774.89068443 0 115.49542018 0 335.49365647 0 23559
0.14650000 0.14650700 10663.34635682 0 172.99400297 0 3139.44697908 0 14.78841847 0 578.80024373 0 23044
0.14750000 0.14750500 10563.64007183 0 309.65085034 0 3146.19002489 0 -182.71439692 0 971.89877730 0 23649
0.14850000 0.14849900 10379.71768427 0 183.84045236 0 3269.41392780 0 -96.66361013 0 628.54044852 0 23640
0.14950000 0.14949500 10117.48074326 0 106.37448189 0 2956.57646237 0 382.22883230 0 853.73935577 0 24457
0.15050000 0.15050000 10308.22368291 0 -67.56742280 0 2963.88419675 0 77.45622682 0 536.56707518 0 24591
0.15150000 0.15149900 10231.92429259 0 -61.68801832 0 2818.40492096 0 270.93646661 0 298.99041601 0 25020
0.15250000 0.15250500 10230.49596268 0 181.13769787 0 2521.63339885 0 180.16776222 0 -29.19539536 0 25297
0.15350000 0.15350100 10080.76491416 0 141.84533879 0 2444.82468158 0 -33.37730172 0 -37.57482006 0 25452
0.15450000 0.15450400 9897.00861147 0 92.57736866 0 2402.59483472 0 -21.36560086 0 9.41066782 0 26061
0.15550000 0.15549900 9831.61546109 0 202.47628226 0 2717.85713928 0 42.97136045 0 -147.04822422 0 26128
0.15650000 0.15649500 9744.60913267 0 140.95844557 0 2401.39902364 0 303.01631331 0 13.54344627 0 26331
0.15750000 0.15749700 9615.41724668 0 200.46333361 0 2682.80215891 0 -83.91249942 0 443.00482323 0 27345
0.15850000 0.15849900 9463.33886530 0 311.90074675 0 2791.94206465 0 -244.04068240 0 188.34024517 0 26980
0.15950000 0.15949700 9231.67261312 0 279.39793724 0 3178.35512849 0 -267.31581640 0 165.02525079 0 27777
0.16050000 0.16050000 8979.60006630 0 283.22674716 0 3151.56010243 0 -287.93580691 0 269.08406667 0 28224
0.16150000 0.16150500 8805.24416738 0 42.52747095 0 3289.43269107 0 124.40199827 0 358.33696980 0 28075
0.16250000 0.16249700 8872.76320412 0 -8.84586853 0 3179.32949308 0 182.14417220 0 -20.03858273 0 28590
0.16350000 0.16349900 8829.13824434 0 73.28262471 0 3050.12653477 0 284.67168555 0 83.73345993 0 29163
0.16450000 0.16449100 8722.82178143 0 137.80726193 0 2810.38855779 0 405.58811597 0 -11.37847460 0 28996
0.16550000 0.16550500 8619.07409788 0 89.34524632 0 2671.10978390 0 238.75143283 0 432.08529649 0 30777
0.16650000 0.16650700 8628.70702047 0 51.01817251 0 2562.62314533 0 231.11485040 0 370.79776415 0 29211
0.16750000 0.16749900 8598.18062095 0 -27.42116603 0 2511.12576260 0 200.51648077 0 412.48838879 0 30922
0.16850000 0.16850800 8558.72992762 0 52.05786381 0 2541.34213703 0 180.79445580 0 798.68111338 0 30867
0.16950000 0.16949900 8599.30999808 0 82.04360172 0 2513.70561428 0 89.83796477 0 653.35020674 0 30852
0.17050000 0.17049200 8446.55620488 0 168.48424507 0 2307.61643243 0 276.81919279 0 802.48224249 0 31257
0.17150000 0.17149500 8343.25141432 0 135.71680700 0 2061.09112034 0 330.89531997 0 1022.62884793 0 32608
0.17250000 0.17250900 8212.63119844 0 87.55728731 0 2011.21029703 0 259.74345346 0 1002.01550081 0 32361
0.17350000 0.17350400 8295.44111575 0 -104.82059183 0 1854.23794808 0 188.35574642 0 762.63073100 0 32508
0.17450000 0.17449800 8220.29324721 0 66.79191717 0 2102.37981959 0 44.97356895 0 700.12524293 0 32791
0.17550000 0.17549800 8226.69305095 0 118.44730198 0 1821.93997658 0 -303.09492682 0 667.10092693 0 33633
0.17650000 0.17650100 8149.23106652 0 161.41567290 0 2238.09330489 0 -248.64344782 0 864.98773055 0 33984
0.17750000 0.17750300 8037.59988770 0 126.82240847 0 2186.19731847 0 -196.14401970 0 862.03252706 0 34069
0.17850000 0.17849800 7968.48643618 0 121.56194695 0 2232.43534691 0 58.22437368 0 530.82275306 0 34536
0.17950000 0.17950400 7788.26220511 0 106.54422063 0 2128.07868549 0 73.96157966 0 352.17632827 0 35343
0.18050000 0.18050100 7771.04474002 0 114.61184866 0 1846.76412883 0 301.03547440 0 178.13709784 0 34990
0.18150000 0.18150500 7656.61226302 0 -7.34240183 0 1586.48698931 0 234.64027863 0 7.93030906 0 36243
0.18250000 0.18250200 7666.64378930 0 55.92952363 0 1615.21967222 0 87.89765057 0 -68.73223137 0 35694
0.18350000 0.18350400 7634.39010711 0 30.64188387 0 1389.72070496 0 131.25908903 0 -335.03858392 0 37087
0.18450000 0.18450600 7527.78576375 0 141.61946336 0 1480.19267106 0 -74.64828525 0 -78.47211262 0 36651
0.18550000 0.18550700 7503.83632517 0 176.94017953 0 1375.35989967 0 -93.76697924 0 -112.45828149 0 37818
0.18650000 0.18651000 7400.97442760 0 23.72400605 0 1606.17358284 0 162.79196288 0 -283.06066229 0 37267
0.18750000 0.18750100 7377.80005176 0 84.13328158 0 1565.54922308 0 -62.91837506 0 -18.60648824 0 38334
0.18850000 0.18850000 7374.35655874 0 89.63954871 0 1522.53324116 0 90.68455473 0 -185.97519658 0 38223
0.18950000 0.18949500 7189.75875936 0 149.72994129 0 1493.39088224 0 -11.32754191 0 146.25544576 0 39064
0.19050000 0.19050000 7169.92822561 0 185.11266248 0 1448.88013647 0 27.60120203 0 -56.19437364 0 39609
0.19150000 0.19149800 6946.82088052 0 110.18900851 0 1561.74034335 0 120.09486391 0 295.13281804 0 39576
0.19250000 0.19250400 6938.67164945 0 33.31042488 0 1404.49118627 0 62.56107114 0 148.31600541 0 40909
0.19350000 0.19350500 6933.67803096 0 -45.01187919 0 1560.22343485 0 209.71204653 0 278.30620601 0 40191
0.19450000 0.19450100 7002.75826550 0 24.09614689 0 1626.90097490 0 77.46132009 0 223.32879159 0 41232
0.19550000 0.19549800 6962.27784596 0 160.67936330 0 1699.33612387 0 -225.93964578 0 528.83527076 0 40873
0.19650000 0.19649700 6888.07112503 0 165.96418394 0 1849.78687350 0 -38.04074349 0 704.59956939 0 42816
0.19750000 0.19750200 6770.51625243 0 93.32818300 0 1790.40599550 0 75.30598134 0 724.32159436 0 41727
0.19850000 0.19849000 6774.00403475 0 44.86173847 0 1950.17964263 0 -107.89980536 0 464.91141788 0 42610
0.19950000 0.19949900 6768.81111441 0 146.11039831 0 2004.05757520 0 61.71027370 0 478.38311549 0 43863
0.20050000 0.20050100 6730.10226684 0 42.68381218 0 2003.31572944 0 -172.00081543 0 751.74331400 0 43302
0.20150000 0.20150100 6716.02934200 0 -7.68245507 0 1879.50499332 0 80.56843588 0 824.38662267 0 44487
0.20250000 0.20249700 6750.37569359 0 -69.26735683 0 1936.01813919 0 287.97898898 0 711.59174251 0 43759
0.20350000 0.20349100 6733.50147056 0 15.20695235 0 1874.28992833 0 280.22503991 0 556.96783365 0 45282
0.20450000 0.20449700 6690.50763329 0 89.50612720 0 1564.66343710 0 194.34255245 0 444.78303859 0 45483
0.20550000 0.20549900 6595.34100147 0 43.09570266 0 1464.58069306 0 164.65100622 0 527.39033237 0 46138
0.20650000 0.20650200 6644.96716131 0 24.01520819 0 1248.89180559 0 60.64057640 0 392.22381991 0 46227
0.20750000 0.20749300 6591.77571288 0 21.12599575 0 1248.81429932 0 11.29111396 0 343.52109196 0 46236
0.20850000 0.20850300 6528.61917212 0 59.29373881 0 1234.24311986 0 -30.32809419 0 148.87737228 0 48361
0.20950000 0.20950400 6411.51826484 0 180.86421145 0 1159.31669781 0 111.81608665 0 216.64000017 0 46812
0.21050000 0.21050300 6355.97948355 0 119.23343704 0 1101.46380063 0 97.45793871 0 243.13496623 0 48813
0.21150000 0.21149700 6245.24516303 0 150.03332299 0 1131.04905255 0 76.46492158 0 244.63748071 0 47215
0.21250000 0.21249000 6100.72917950 0 226.14891272 0 1117.88405834 0 10.63150235 0 416.38031097 0 50004
0.21350000 0.21350300 5982.53211206 0 224.56335581 0 1207.41487682 0 -136.62916656 0 563.57801157 0 49509
0.21450000 0.21449800 5872.73893916 0 77.23101574 0 1216.18415808 0 121.33496429 0 801.17681539 0 49660
0.21550000 0.21550100 5808.08763454 0 -41.23998102 0 1257.91575032 0 62.55154894 0 603.13278475 0 50841
0.21650000 0.21649800 5889.50243894 0 42.73264113 0 1134.31538837 0 73.58567424 0 445.04766716 0 50424
0.21750000 0.21750300 5804.07945296 0 74.34124968 0 1226.59214341 0 91.66711283 0 465.49603663 0 52231
0.21850000 0.21850300 5729.11981394 0 156.58149589 0 1138.71110132 0 -51.63556535 0 367.04424604 0 51078
0.21950000 0.21950100 5557.43234530 0 82.84368791 0 1164.64248605 0 40.51086843 0 434.26211555 0 52791
0.22050000 0.22050700 5533.36111114 0 100.84972398 0 1089.09601381 0 25.40445279 0 389.22986328 0 52969
0.22150000 0.22150000 5501.02992267 0 5.39948563 0 1106.04220695 0 52.87167969 0 289.52025659 0 52704
0.22250000 0.22250100 5551.63044709 0 -54.46033685 0 1036.62205203 0 107.74678583 0 334.08968568 0 54051
0.22350000 0.22349900 5591.50188877 0 33.91176284 0 1000.71671711 0 -7.29779143 0 323.06607909 0 53938
0.22450000 0.22449800 5564.41898226 0 53.03488576 0 839.06741815 0 40.77206457 0 249.50487470 0 54735
0.22550000 0.22549100 5520.08539369 0 38.46935318 0 704.15667640 0 245.96726692 0 409.35159917 0 54774
0.22650000 0.22649900 5484.48786939 0 72.04141709 0 727.11735638 0 142.97803762 0 216.09302732 0 56911
0.22750000 0.22749800 5405.80792923 0 153.63847195 0 648.55478286 0 14.78232870 0 213.39359453 0 54879
0.22850000 0.22849100 5263.58391694 0 116.15533074 0 547.87191882 0 118.77836449 0 193.11795332 0 57210
0.22950000 0.22949800 5271.21274874 0 36.46725541 0 573.94281483 0 -36.51065892 0 372.91811436 0 57375
0.23050000 0.23049600 5184.53859006 0 40.43159058 0 616.69527542 0 28.93586006 0 220.81980279 0 57604
0.23150000 0.23150100 5174.89459514 0 100.51345747 0 623.45382249 0 -2.59264022 0 326.85170695 0 58629
0.23250000 0.23250200 5129.40948479 0 116.45317628 0 627.06450762 0 -53.45220168 0 322.03746012 0 58560
0.23350000 0.23350400 5003.70538112 0 120.26094879 0 658.11684257 0 48.62101419 0 382.03617385 0 59305
0.23450000 0.23449700 4944.35772009 0 83.10687707 0 641.14296862 0 -5.90262314 0 271.45132972 0 59196
0.23550000 0.23549300 4890.38013660 0 46.39481256 0 654.77410771 0 -56.99523490 0 175.01913118 0 60063
0.23650000 0.23649900 4873.49484125 0 -1.87427886 0 520.23207437 0 4.38661150 0 226.08358601 0 61537
0.23750000 0.23750400 4854.32864699 0 17.25034990 0 588.63800433 0 12.46212303 0 82.80460260 0 61224
0.23850000 0.23850100 4916.67690804 0 6.61262490 0 469.18422803 0 0.36480985 0 1.82396621 0 61221
0.23950000 0.23949400 4917.14194569 0 12.61968221 0 541.04029440 0 11.59183830 0 -132.47040136 0 62332
0.24050000 0.24050100 4868.64516298 0 136.81185992 0 456.02255552 0 -120.06164694 0 -11.13532635 0 63447
0.24150000 0.24150500 4815.67516105 0 125.99309134 0 609.32553602 0 77.94385201 0 135.14879674 0 63342
0.24250000 0.24250300 4687.61265220 0 78.20438381 0 577.32430283 0 36.25389171 0 269.55021155 0 63379
0.24350000 0.24349600 4699.96936669 0 87.26686023 0 623.30656057 0 195.44092707 0 146.97625411 0 64266
0.24450000 0.24449500 4651.07398030 0 20.70425090 0 654.39654143 0 1.54578512 0 302.05191382 0 64695
0.24550000 0.24549600 4610.68213936 0 88.82340765 0 703.88097551 0 -7.00224894 0 312.97919118 0 65947
0.24650000 0.24650000 4600.29629868 0 20.54647027 0 747.38635419 0 -202.09650152 0 234.43322615 0 66018
0.24750000 0.24750000 4559.66086659 0 46.90004274 0 807.42714275 0 -129.48973152 0 205.26650812 0 66303
0.24850000 0.24849600 4606.07605223 0 119.50581623 0 838.37096892 0 -142.03135384 0 82.98253486 0 66958
0.24950000 0.24949200 4485.46521798 0 102.53172084 0 878.68862528 0 -99.84612845 0 93.96628108 0 66975
0.25050000 0.25048900 4475.94301864 0 50.91796797 0 967.94595734 0 54.43343110 0 171.14603195 0 68676
0.25150000 0.25150000 4422.87336578 0 36.41709778 0 809.39248041 0 94.87864065 0 76.17360872 0 69349
0.25250000 0.25249900 4410.83774870 0 63.67727220 0 880.20221209 0 196.69542147 0 76.56822637 0 68592
0.25350000 0.25349900 4351.19113491 0 71.78808230 0 656.17475680 0 194.04692138 0 182.54499036 0 70437
0.25450000 0.25450100 4311.38612718 0 -4.27287658 0 602.24256984 0 183.56807317 0 140.39707870 0 70099
0.25550000 0.25550100 4333.49755985 0 -13.65704832 0 541.17537677 0 94.07478987 0 226.92286823 0 71064
0.25650000 0.25650300 4387.22047987 0 -19.97702061 0 480.84781499 0 118.74736198 0 111.70536340 0 71409
0.25750000 0.25750600 4373.50186942 0 -22.88273081 0 454.81899381 0 9.14934988 0 243.32873191 0 72612
0.25850000 0.25850600 4440.25691575 0 49.34082603 0 407.20024646 0 3.61902258 0 83.76003351 0 71845
0.25950000 0.25949600 4419.79525948 0 51.41002209 0 520.63953592 0 -92.61877915 0 318.65707935 0 72816
0.26050000 0.26049800 4402.14597372 0 92.97442223 0 583.61227610 0 -122.09120408 0 213.17325527 0 73743
0.26150000 0.26149900 4358.64280951 0 77.17421471 0 573.42573727 0 -111.42301912 0 237.78924781 0 74662
0.26250000 0.26250300 4285.05613877 0 100.44934871 0 645.93949974 0 16.60439047 0 257.03848450 0 74931
0.26350000 0.26350100 4227.83436410 0 97.68049244 0 582.60469454 0 74.49371559 0 367.61114907 0 75087
0.26450000 0.26450200 4140.55122756 0 72.97215672 0 487.60193313 0 225.65730150 0 362.43705168 0 76678
0.26550000 0.26550600 4111.14313284 0 37.59618964 0 447.68398769 0 257.65189130 0 217.63650940 0 76035
0.26650000 0.26650100 4038.16543996 0 50.90933156 0 348.42170293 0 96.54070733 0 208.99677435 0 77094
0.26750000 0.26750600 4019.97361028 0 94.68144254 0 327.95008157 0 -67.78942292 0 242.91794866 0 78463
0.26850000 0.26850100 3964.97737291 0 85.40670966 0 359.00684545 0 -110.93140789 0 319.02025160 0 77076
0.26950000 0.26949700 3988.80501592 0 12.26448203 0 396.17110371 0 -50.88508317 0 317.06709351 0 79149
0.27050000 0.27049900 3952.86424956 0 -7.18735606 0 375.88771187 0 -3.21875804 0 282.57126553 0 79648
0.27150000 0.27150200 4018.15774901 0 23.31200484 0 360.60790362 0 10.16918850 0 156.15631861 0 80241
0.27250000 0.27250500 3982.72630959 0 38.03376792 0 353.92575560 0 51.93352161 0 136.39000435 0 80835
0.27350000 0.27350000 3925.17236518 0 115.85969967 0 302.48152002 0 -2.02376631 0 187.79770125 0 80680
0.27450000 0.27450400 3912.26203445 0 48.69619528 0 201.25943376 0 33.88031744 0 317.34390163 0 82617
0.27550000 0.27550800 3898.57664097 0 14.33356737 0 289.46046604 0 40.88876688 0 222.00011261 0 82548
0.27650000 0.27649900 3864.68425470 0 16.85872177 0 204.97087704 0 37.00304520 0 207.22298791 0 81181
0.27750000 0.27748900 3906.96946318 0 24.20155542 0 262.12400329 0 4.98611146 0 179.98617609 0 84096
0.27850000 0.27849800 3866.83228572 0 58.23666396 0 236.68201532 0 -28.72648240 0 272.81544014 0 85215
0.27950000 0.27950200 3864.13063846 0 44.45062305 0 217.62875878 0 103.84556290 0 294.43526158 0 84514
0.28050000 0.28050300 3805.93449921 0 46.94089962 0 193.77897112 0 49.01806776 0 301.34549950 0 85815
0.28150000 0.28150100 3800.76372352 0 49.55884010 0 173.39814282 0 123.41877582 0 300.87492569 0 85485
0.28250000 0.28250000 3774.95413437 0 33.52777461 0 79.21716936 0 60.43939226 0 268.61681457 0 87220
0.28350000 0.28350400 3742.08040198 0 80.30081779 0 116.08668233 0 -68.70632213 0 248.70766731 0 87147
0.28450000 0.28449700 3668.37193567 0 86.77757419 0 90.33544433 0 -109.58866706 0 251.47021235 0 87102
0.28550000 0.28549800 3633.49411249 0 73.56186874 0 103.25651522 0 -94.64368592 0 232.27080112 0 88971
0.28650000 0.28649900 3601.76082956 0 40.35762745 0 130.06549241 0 12.89006838 0 252.06590343 0 89434
0.28750000 0.28750100 3613.36462597 0 29.07293545 0 156.84944615 0 20.53152263 0 114.78236246 0 89619
0.28850000 0.28849900 3553.49656567 0 69.10514727 0 125.11173429 0 36.36539002 0 151.25570765 0 90240
0.28950000 0.28950100 3560.09567126 0 80.51849970 0 127.18890242 0 -17.87925795 0 132.34417686 0 91333
0.29050000 0.29050500 3546.41027779 0 31.72154627 0 140.32067966 0 11.69436803 0 265.77897771 0 92139
0.29150000 0.29150600 3477.29682627 0 12.66485730 0 197.40294303 0 43.67722116 0 159.08384130 0 92370
0.29250000 0.29250200 3508.84187968 0 30.70665697 0 157.51378564 0 14.02520312 0 200.15995191 0 91819
0.29350000 0.29349600 3539.50114710 0 37.54547840 0 212.68496574 0 -10.13974719 0 172.32523455 0 93552
0.29450000 0.29450000 3454.86429619 0 78.65004488 0 249.41075993 0 -41.30929377 0 312.64369974 0 94701
0.29550000 0.29550200 3478.43727573 0 48.90745523 0 170.88140339 0 47.81860281 0 443.56176116 0 95020
0.29650000 0.29650300 3455.66150357 0 17.59182040 0 232.03163890 0 37.83468752 0 439.02542969 0 95151
0.29750000 0.29749800 3490.83827952 0 22.35081633 0 282.69084664 0 54.59796585 0 398.29699007 0 95802
0.29850000 0.29850000 3443.47087395 0 51.89432558 0 260.53401745 0 3.62810189 0 384.22185076 0 97399
0.29950000 0.29950700 3438.15615804 0 88.64879709 0 224.10496156 0 -25.68380754 0 507.06597293 0 97881
0.30050000 0.30050300 3366.68430133 0 -6.75225799 0 180.17219115 0 45.90796244 0 442.47778057 0 97188
0.30150000 0.30149700 3427.58208783 0 6.97453491 0 222.98665676 0 88.87024358 0 309.89001256 0 98263
0.30250000 0.30249700 3360.69417361 0 68.20075978 0 229.68762774 0 -1.83457350 0 289.06186234 0 100050
0.30350000 0.30350600 3327.99759842 0 112.46049595 0 91.72922858 0 -16.86514372 0 326.06889358 0 100779
0.30450000 0.30450500 3297.88087491 0 60.33963061 0 134.28072647 0 -27.32826922 0 302.24900120 0 99982
0.30550000 0.30550300 3237.69171719 0 58.23422804 0 129.06233978 0 2.02205010 0 128.49100782 0 101559
0.30650000 0.30649700 3213.48761514 0 68.16975727 0 157.25137154 0 -34.63511782 0 127.58972058 0 100935
0.30750000 0.30749800 3208.16182690 0 40.47244746 0 135.77106139 0 -68.91880005 0 86.45226929 0 103762
0.30850000 0.30850200 3177.81258458 0 29.32804181 0 153.58975372 0 -72.24060822 0 162.75874590 0 102951
0.30950000 0.30950100 3191.92979872 0 2.36824848 0 158.94433000 0 38.62757670 0 107.35449336 0 104394
0.31050000 0.31050000 3212.31394871 0 3.66648964 0 132.60216203 0 99.62977523 0 165.52682711 0 103963
0.31150000 0.31149700 3199.22646077 0 -16.25317632 0 54.19825492 0 211.74824706 0 206.46674813 0 105936
0.31250000 0.31250000 3266.22509825 0 -24.25027365 0 -34.23031362 0 187.30830449 0 190.10960267 0 105717
0.31350000 0.31349800 3255.41850923 0 34.66567744 0 -173.42139470 0 141.05256033 0 266.13550657 0 106776
0.31450000 0.31450400 3213.16651772 0 81.29799136 0 -215.68002961 0 31.32936452 0 183.01777862 0 108733
0.31550000 0.31549900 3159.04499401 0 101.33358457 0 -219.63395680 0 -36.95266613 0 278.48004151 0 105891
0.31650000 0.31650000 3075.68146045 0 113.51125958 0 -227.60492344 0 -105.41882954 0 290.27649638 0 111072
0.31750000 0.31750600 3024.92592348 0 101.09907273 0 -205.66511181 0 -73.53208418 0 203.24802330 0 108121
0.31850000 0.31849900 2965.75541965 0 60.45976533 0 -161.36474021 0 -44.32362348 0 257.55888377 0 110484
0.31950000 0.31950100 2966.95123073 0 5.40601830 0 -185.28760521 0 -62.45533043 0 96.95381577 0 110817
0.32050000 0.32049800 2964.51531927 0 -1.94165395 0 -163.54820266 0 63.30801017 0 133.55327473 0 111088
0.32150000 0.32149900 3004.18745909 0 14.17324011 0 -199.11693891 0 22.77743300 0 108.32166093 0 112635
0.32250000 0.32250100 3017.93928652 0 12.90435168 0 -195.41656796 0 17.05658421 0 45.80831152 0 113202
0.32350000 0.32350400 2979.38545150 0 42.63907998 0 -213.30723040 0 -9.62201635 0 146.28976997 0 113863
0.32450000 0.32450300 2961.78045504 0 113.41935928 0 -187.60836449 0 -13.88547039 0 229.58465511 0 114045
0.32550000 0.32549900 2921.96437499 0 63.46911250 0 -208.93144763 0 -2.71908617 0 114.05380349 0 114828
0.32650000 0.32650300 2880.59816947 0 35.93179778 0 -112.39406200 0 27.95141967 0 246.09238419 0 116431
0.32750000 0.32750400 2865.48444609 0 58.26456621 0 -110.45684805 0 -16.35902775 0 156.96016940 0 116442
0.32850000 0.32850400 2880.84176061 0 35.77800319 0 -125.81704138 0 -21.61339949 0 251.11921965 0 116955
0.32950000 0.32949800 2850.95755593 0 16.56154057 0 -58.47206158 0 22.32258190 0 287.98784684 0 117028
0.33050000 0.33049700 2899.95259325 0 2.66515287 0 -80.45018345 0 -4.60910987 0 325.76329742 0 119061
0.33150000 0.33150100 2869.88015904 0 10.04328509 0 -99.67251440 0 -7.08927741 0 345.52628999 0 120060
0.33250000 0.33250400 2946.17954937 0 57.33449093 0 -94.31384136 0 7.22894372 0 291.60738982 0 119737
0.33350000 0.33350100 2874.78519894 0 92.47550327 0 -59.89828774 0 -49.78770506 0 228.82730810 0 120531
0.33450000 0.33450000 2800.71134590 0 117.39321666 0 -97.69532936 0 -96.58134276 0 278.74688454 0 121704
0.33550000 0.33550300 2770.05207848 0 67.43134393 0 -19.99429343 0 -67.62090213 0 151.23909916 0 122761
0.33650000 0.33650300 2714.69045439 0 20.36421981 0 -68.68273808 0 -81.56771320 0 93.52571328 0 122472
0.33750000 0.33749900 2719.39619243 0 30.57578209 0 -72.77540151 0 40.31167731 0 -6.13720142 0 122985
0.33850000 0.33849800 2739.81355940 0 14.40121928 0 -136.51179992 0 17.84039409 0 -23.20382823 0 125380
0.33950000 0.33950300 2699.66530961 0 44.96758989 0 -126.35072744 0 35.20191013 0 -40.54785000 0 125223
0.34050000 0.34050000 2686.35637518 0 65.09364399 0 -185.04290683 0 38.07152455 0 61.36193836 0 125178
0.34150000 0.34149900 2653.48264279 0 55.10552122 0 -167.25743148 0 83.09336883 0 28.61254818 0 127059
0.34250000 0.34250300 2622.75694142 0 46.88841680 0 -170.20045541 0 106.39917318 0 185.25770994 0 127957
0.34350000 0.34349800 2615.84781073 0 48.19417607 0 -202.17622226 0 75.35071353 0 189.74753765 0 126732
0.34450000 0.34449700 2584.67921637 0 22.79337715 0 -261.39655155 0 79.95846151 0 273.31923092 0 129639
0.34550000 0.34550000 2614.31982991 0 15.99419465 0 -276.61656925 0 10.89383894 0 286.53072889 0 129826
0.34650000 0.34650400 2617.27614063 0 42.65878872 0 -227.99688374 0 -83.56062094 0 196.87036421 0 130875
0.34750000 0.34750200 2580.64889013 0 91.84438075 0 -187.82206036 0 -77.82105993 0 298.17549290 0 130686
0.34850000 0.34850200 2506.70790499 0 85.67809234 0 -203.63776913 0 -82.04935933 0 295.95327731 0 132211
0.34950000 0.34950400 2502.36755366 0 34.37502891 0 -155.10444776 0 25.88488096 0 331.45225791 0 132768
0.35050000 0.35050300 2501.33782746 0 -13.90329683 0 -102.10942237 0 23.39648668 0 240.57947366 0 132957
0.35150000 0.35150100 2534.80946538 0 18.78840654 0 -125.51808861 0 34.66822407 0 199.52440046 0 133987
0.35250000 0.35249800 2521.98771324 0 34.11482928 0 -187.82981099 0 -29.52546136 0 174.15770430 0 134778
0.35350000 0.35349800 2495.62450785 0 70.47047565 0 -184.38963967 0 -54.11654117 0 220.47323902 0 135699
0.35450000 0.35450100 2492.22530413 0 35.19903132 0 -268.59134822 0 38.22930518 0 251.91531981 0 137380
0.35550000 0.35550100 2472.06260064 0 -4.62333781 0 -269.98203222 0 132.44936395 0 172.55553890 0 136161
0.35650000 0.35649900 2482.13841622 0 14.46488514 0 -315.50368124 0 87.49860399 0 164.01766924 0 138792
0.35750000 0.35750000 2500.11987173 0 25.45804284 0 -381.08949007 0 79.09637030 0 111.58910399 0 138097
0.35850000 0.35849800 2465.83995409 0 59.18600509 0 -380.89461716 0 -23.98010892 0 237.85457452 0 140028
0.35950000 0.35950300 2448.42318715 0 66.90762297 0 -390.28505584 0 -23.28653850 0 244.49354048 0 141099
0.36050000 0.36050500 2423.77619210 0 24.84009639 0 -351.94934562 0 -49.29410082 0 282.15051719 0 140821
0.36150000 0.36150200 2417.83035367 0 41.46563500 0 -351.88623336 0 -20.28571702 0 315.94435977 0 141756
0.36250000 0.36250400 2428.30477295 0 27.71037515 0 -323.62523150 0 36.18170015 0 240.37242119 0 142971
0.36350000 0.36349900 2414.48651158 0 21.46026924 0 -367.27455040 0 1.09065278 0 238.42479925 0 142270
0.36450000 0.36450000 2419.44691310 0 34.90495037 0 -351.07352472 0 -13.81925788 0 212.09481083 0 145311
0.36550000 0.36550300 2396.98116604 0 64.24495030 0 -368.77263594 0 -8.00778212 0 216.79279825 0 145434
0.36650000 0.36650100 2392.22006637 0 36.73897026 0 -349.67176840 0 -35.76006602 0 224.42384452 0 144547
0.36750000 0.36749600 2368.53636358 0 29.21111806 0 -318.71022651 0 -7.50021567 0 177.34431939 0 146892
0.36850000 0.36849900 2371.73626545 0 30.67211132 0 -294.86929671 0 -14.71279450 0 162.84068111 0 148113
0.36950000 0.36949900 2372.32309867 0 53.26319709 0 -245.39150603 0 -42.48927143 0 141.97267052 0 147387
0.37050000 0.37049800 2341.69704822 0 82.36680288 0 -197.87019514 0 -124.18055177 0 182.51066615 0 149758
0.37150000 0.37150100 2314.14910407 0 63.29937376 0 -167.58295783 0 -15.59049768 0 227.90166174 0 150099
0.37250000 0.37250000 2305.57912466 0 31.32903235 0 -191.00646098 0 -2.04384044 0 261.63128484 0 150468
0.37350000 0.37349800 2311.20386567 0 -17.97625151 0 -214.16090664 0 99.39183097 0 171.37965801 0 150709
0.37450000 0.37449700 2336.20517511 0 15.75470026 0 -250.90773825 0 37.87997333 0 113.06725935 0 153108
0.37550000 0.37550100 2322.94052998 0 53.71572301 0 -287.94134307 0 -13.71307429 0 88.10614245 0 153189
0.37650000 0.37649900 2308.01503612 0 74.73509227 0 -301.24474134 0 -69.79030273 0 140.41479442 0 153547
0.37750000 0.37749900 2268.68613837 0 55.09533468 0 -301.73303087 0 -5.33965079 0 134.76901600 0 155424
0.37850000 0.37850200 2263.68144755 0 36.93495041 0 -274.10093705 0 -42.01526520 0 169.29806094 0 155313
0.37950000 0.37949900 2233.57579637 0 46.12232265 0 -261.28139937 0 34.85556781 0 104.91149561 0 156100
0.38050000 0.38050000 2233.88582146 0 46.18554562 0 -242.25471640 0 1.58034185 0 157.47281804 0 157557
0.38150000 0.38149800 2218.12990324 0 39.48324596 0 -253.11888152 0 13.11849045 0 218.43150232 0 157692
0.38250000 0.38250100 2209.01737992 0 46.19074962 0 -257.86558717 0 29.75764801 0 199.76688438 0 159703
0.38350000 0.38350500 2191.21308161 0 23.76342353 0 -277.44256468 0 16.88263799 0 222.48950937 0 160338
0.38450000 0.38450600 2176.79691470 0 37.42445789 0 -273.18636302 0 52.75287364 0 175.87280742 0 160167
0.38550000 0.38550000 2170.91751022 0 55.83762334 0 -323.05943570 0 24.59573018 0 203.92675681 0 160033
0.38650000 0.38649600 2145.58403103 0 50.28806341 0 -351.97702643 0 13.38776938 0 203.49715061 0 162444
0.38750000 0.38750200 2111.51448757 0 44.69465709 0 -370.56413810 0 -6.73329110 0 209.09310357 0 164307
0.38850000 0.38850400 2107.70560783 0 55.61761624 0 -376.66498908 0 37.93810304 0 241.52283573 0 163882
0.38950000 0.38950500 2089.84594790 0 41.59739566 0 -404.09445935 0 48.07204833 0 293.75874253 0 164595
0.39050000 0.39050100 2067.14768202 0 40.69655132 0 -395.78800127 0 42.17182788 0 276.94541729 0 165006
0.39150000 0.39150100 2099.26849632 0 6.32708072 0 -418.97455667 0 9.42375530 0 283.47808894 0 166687
0.39250000 0.39250100 2065.24324215 0 25.99305757 0 -425.42972204 0 54.01124336 0 326.23497846 0 167256
0.39350000 0.39350100 2090.25562391 0 22.84508491 0 -409.23644699 0 -27.92108150 0 285.00606976 0 167937
0.39450000 0.39449600 2061.79974913 0 46.87745520 0 -419.02770383 0 -26.63768833 0 335.98416046 0 167719
0.39550000 0.39549700 2076.48165184 0 49.97250216 0 -445.42966236 0 -11.65738646 0 330.50225244 0 171636
0.39650000 0.39650400 2048.54617632 0 34.23485328 0 -421.76699699 0 0.45851383 0 382.08267761 0 171093
0.39750000 0.39750000 2048.86727374 0 23.66687285 0 -404.31922754 0 35.42058854 0 288.84484478 0 170464
0.39850000 0.39849800 2029.83394738 0 58.06891823 0 -382.30080241 0 -34.68494328 0 331.31717555 0 172113
0.39950000 0.39949500 2010.20271547 0 61.99250726 0 -394.61876377 0 -45.62129995 0 343.61188503 0 173232
