### header ###
fiducial parameters:
Omega_m = 0.31
Omega_nu = 0
Omega_de = 0.69
Omega_k = 0
H_0 = 100
w_de = -1
zeff = 0
beta = 0
fgrowth = 0
b_1 = 2
gamma = 0.55
Lx = 3500 Ly = 3500 Lz = 3500
nx = 700 ny = 700 nz = 700
xoffset = -685.467585 yoffset = -31.7331281 zoffset = 572.489161
bins = 400 dk = 0.001
kx_ny = 0.628318531 ky_ny = 0.628318531 kz_ny = 0.628318531
############################
A(data) = 8.01410169 (not used)
A(ran) = 8.01706329 (used)
Ngal = 476762
weighted Ngal = 0
Nran = 23820508
weighted Nran = 0
SN(data) = 3480.05859
SN(ran) = 69.8315288
SN(data+ran) = 3549.89012
############################
13 columns: k_central k_mean P_0(k) sigma^{lin}_{P_0(k)} P^img_1(k) sigma^{lin}_{P_1(k)} P_2(k) sigma^{lin}_{P_2(k)} P^img_3(k) sigma^{lin}_{P_3(k)} P_4(k) sigma^{lin}_{P_4(k)} N_modes
### header ###
0.00050000 0 0 0 0 0 0 0 0 0 0 0 0
0.00150000 0.00179520 22915.94778416 0 -37207.55104383 0 -10233.71800921 0 8489.12929381 0 -26165.23222544 0 3
0.00250000 0.00253879 41460.43100667 0 -39173.99593162 0 -14292.04615266 0 -15726.02293992 0 13246.92941303 0 6
0.00350000 0.00331552 51175.28880255 0 -19142.05659297 0 -9927.08104568 0 -35045.34745324 0 27897.38672007 0 7
0.00450000 0.00420575 61526.03021276 0 -5825.81442658 0 -17964.95774150 0 -26149.50952420 0 18505.95153214 0 24
0.00550000 0.00557378 53240.60955097 0 -778.29917785 0 -19935.27794298 0 -11474.25020956 0 12914.09532898 0 45
0.00650000 0.00659388 64776.20044003 0 -6351.47304734 0 -43427.76168045 0 10484.31793683 0 -4721.48289382 0 40
0.00750000 0.00754703 56242.09536281 0 -10885.66756685 0 -20592.30969772 0 -9942.34978160 0 -1487.29003126 0 57
0.00850000 0.00846663 72452.42179030 0 -12022.55173458 0 -47974.05825098 0 -860.56765848 0 -6758.50278000 0 75
0.00950000 0.00948925 78951.21211936 0 -7519.94655778 0 -21801.40756791 0 -20684.98505645 0 11216.81865753 0 112
0.01050000 0.01054430 77337.53150029 0 -935.07997558 0 -25076.82269577 0 -22098.92093579 0 27080.13842520 0 105
0.01150000 0.01145670 85812.28891648 0 7766.50508684 0 -6247.82501472 0 -14789.96859976 0 12152.76227445 0 144
0.01250000 0.01249090 71707.14360676 0 10562.36675447 0 1163.21415615 0 -14528.77245728 0 21097.20770945 0 169
0.01350000 0.01339930 66258.34184025 0 9505.21439776 0 16226.04912873 0 -16739.91572357 0 -2208.49698065 0 180
0.01450000 0.01448870 63449.95737325 0 4629.82618897 0 22024.07202002 0 6125.91871846 0 922.90706168 0 267
0.01550000 0.01550050 62381.14585851 0 -6057.54711271 0 18374.08014355 0 -3075.77003905 0 -5263.17424092 0 238
0.01650000 0.01653350 68913.59605501 0 -2125.89743750 0 14037.49340508 0 2282.02828977 0 -17270.39080563 0 315
0.01750000 0.01747870 66131.45299783 0 217.82584616 0 18897.46893773 0 -14568.63282663 0 -10262.67213861 0 297
0.01850000 0.01844180 67093.52730132 0 3259.34918454 0 11960.54671560 0 -661.62676954 0 -25379.65077956 0 388
0.01950000 0.01947590 62246.17421897 0 5357.80940114 0 9485.92640793 0 -7276.18932690 0 -17871.17515029 0 399
0.02050000 0.02045430 59511.86360500 0 2618.39444544 0 14549.03481170 0 8818.18771509 0 -13777.84738808 0 462
0.02150000 0.02154770 63156.20859581 0 -6098.32648502 0 13907.72575821 0 9406.00636739 0 -9823.04548168 0 571
0.02250000 0.02255340 67138.25949359 0 -7180.79017626 0 11093.14078931 0 7484.79192648 0 -4303.67978911 0 510
0.02350000 0.02348930 75134.47103112 0 -6427.08595353 0 2905.73234681 0 17310.25117498 0 -3173.18435280 0 555
0.02450000 0.02439640 72380.34095573 0 -4490.33704090 0 8996.17533655 0 -1585.34653986 0 9764.02999040 0 592
0.02550000 0.02547300 77949.27744652 0 4791.47105900 0 8062.71192039 0 -2977.42565001 0 4153.80480036 0 837
0.02650000 0.02652900 73182.86305859 0 7366.66129299 0 13329.97184917 0 -9488.55054891 0 9414.73135935 0 723
0.02750000 0.02749970 67205.46850524 0 8679.73936556 0 12339.33094764 0 -15480.88166844 0 5795.16623148 0 826
0.02850000 0.02848090 61104.72825342 0 4481.02521573 0 21627.46134501 0 -7885.32220447 0 18359.24322829 0 831
0.02950000 0.02946900 62829.02139742 0 -933.11685239 0 26586.86635453 0 -947.17981215 0 3799.78935894 0 996
0.03050000 0.03053250 65686.45626337 0 -5218.59706120 0 28393.98048818 0 4832.90369847 0 219.29292920 0 1041
0.03150000 0.03150510 67856.96409757 0 1132.90920312 0 25644.61151247 0 3282.91109175 0 -7808.88994625 0 1036
0.03250000 0.03246190 65896.16609544 0 2587.19263410 0 27037.17780491 0 2907.33783391 0 3186.02824959 0 1059
0.03350000 0.03345080 63688.67669634 0 1855.77700123 0 19550.95754852 0 2921.34432480 0 -3824.00453332 0 1302
0.03450000 0.03451200 62317.70143730 0 3954.53617060 0 22666.59902924 0 1537.27050550 0 -9372.42400621 0 1339
0.03550000 0.03553350 57251.55921653 0 3840.98947959 0 19479.09816045 0 5289.74782048 0 -3586.32600876 0 1365
0.03650000 0.03647120 55508.33239708 0 1802.51911885 0 14380.18185822 0 1534.38062872 0 -4973.13469229 0 1308
0.03750000 0.03744890 52418.71087968 0 570.42403001 0 17012.40563735 0 5291.74083895 0 -8938.59924749 0 1579
0.03850000 0.03847530 52887.07021951 0 974.42991076 0 15435.81730643 0 5085.07589621 0 -14644.47825164 0 1662
0.03950000 0.03950240 49781.06166139 0 2103.15488233 0 10600.92058949 0 231.01962841 0 -12065.84452462 0 1683
0.04050000 0.04050350 48924.39589017 0 1482.75037809 0 11288.23515261 0 -5432.55866600 0 -6411.13073347 0 1822
0.04150000 0.04152450 49577.22016147 0 -1253.03285508 0 15456.41183059 0 -201.92377325 0 -10892.43275732 0 1887
0.04250000 0.04250150 48941.89016338 0 1795.20031215 0 18658.41744489 0 1359.48218588 0 -1919.99648518 0 1920
0.04350000 0.04349210 47846.50506907 0 4342.86474664 0 17430.93951550 0 -1952.64877107 0 -2849.59565998 0 2005
0.04450000 0.04448520 44502.77369709 0 3029.05590064 0 17332.17437812 0 4198.64771588 0 -1132.53274408 0 2151
0.04550000 0.04548030 42930.50357284 0 1205.13397791 0 17329.73846666 0 1120.27568050 0 1352.57305520 0 2274
0.04650000 0.04648670 42558.91635193 0 354.06083796 0 17825.44644879 0 1576.53296930 0 3981.79623431 0 2311
0.04750000 0.04749250 41286.81695351 0 745.68121617 0 20414.37743788 0 1568.97057145 0 2786.12909412 0 2568
0.04850000 0.04851840 41930.89408821 0 1747.73325565 0 21167.51697205 0 1788.44619401 0 5708.07132446 0 2493
0.04950000 0.04949480 39406.40402956 0 1859.82947211 0 22437.84479849 0 325.40676856 0 5245.15956844 0 2644
0.05050000 0.05050630 39912.85216677 0 1375.47062292 0 22297.00482680 0 43.41680008 0 8007.35029630 0 2829
0.05150000 0.05149060 38152.24179735 0 1067.58470115 0 22465.74705703 0 1653.18667402 0 10223.24358993 0 2784
0.05250000 0.05249300 38122.67869009 0 -23.68846389 0 21008.18621791 0 4849.87757241 0 9560.05562259 0 3055
0.05350000 0.05348950 36970.49256946 0 1131.68017506 0 20524.76851632 0 923.31895216 0 6719.93787266 0 3009
0.05450000 0.05448610 36582.85047756 0 1841.84801661 0 20398.65473664 0 1796.26325533 0 4126.86583408 0 3336
0.05550000 0.05550870 34199.53256035 0 2108.02670525 0 18391.46369352 0 -655.08634727 0 6686.12299266 0 3349
0.05650000 0.05647670 32576.66191168 0 402.81782030 0 15842.39307377 0 1936.73784030 0 5654.33733211 0 3324
0.05750000 0.05747970 33283.62985135 0 -1756.67969410 0 18259.48158168 0 2354.76239151 0 2304.41653056 0 3639
0.05850000 0.05849280 34305.82687860 0 -982.82051850 0 15573.11413418 0 1978.29227535 0 879.45704463 0 3846
0.05950000 0.05951020 35070.59235383 0 350.25638715 0 14446.39436063 0 1057.46570350 0 556.84714531 0 3787
0.06050000 0.06049470 34123.13351910 0 145.20136044 0 14429.89659665 0 1664.80154276 0 5658.36765835 0 3930
0.06150000 0.06148310 34477.55863654 0 -24.28692304 0 13081.73032673 0 3701.24566805 0 3271.97163483 0 4083
0.06250000 0.06249100 33838.35332476 0 230.72067564 0 10647.65687255 0 3746.21037914 0 5089.54911544 0 4303
0.06350000 0.06350600 34305.38398561 0 -175.82962535 0 10871.46177411 0 3324.66482865 0 3874.38361124 0 4470
0.06450000 0.06451750 33455.69377903 0 1212.86246063 0 8719.59973491 0 525.82249117 0 2839.69700159 0 4479
0.06550000 0.06550280 33017.67260920 0 1155.93963874 0 9559.02589638 0 -3105.86461790 0 3388.89538492 0 4636
0.06650000 0.06648880 31942.21769957 0 1280.28184646 0 10611.72717852 0 -2813.98706336 0 4646.14679575 0 4653
0.06750000 0.06749660 31667.18115107 0 643.66081529 0 11573.56896319 0 -1668.89830294 0 4365.39692765 0 5220
0.06850000 0.06852730 30826.79169734 0 217.80480874 0 12868.36662748 0 -280.41326943 0 2318.23479193 0 5029
0.06950000 0.06949320 31337.77948772 0 1168.68388461 0 13543.33554842 0 1605.26565221 0 945.77030520 0 5040
0.07050000 0.07048030 29685.34573178 0 740.45064992 0 12753.87878885 0 1193.80698962 0 1944.54382930 0 5475
0.07150000 0.07148790 29462.34910994 0 502.35026979 0 12614.69966588 0 3132.64857164 0 3140.81994736 0 5509
0.07250000 0.07249820 29093.30852373 0 594.21402711 0 12032.62755017 0 1683.10409568 0 2782.85168597 0 5916
0.07350000 0.07351270 27920.74932544 0 668.48386030 0 10276.26895348 0 1015.92787695 0 617.77704156 0 5721
0.07450000 0.07449140 28054.83517899 0 688.34871826 0 10188.15539258 0 478.03876619 0 2615.24990519 0 6028
0.07550000 0.07549160 26924.35081501 0 726.88151586 0 10009.89096300 0 216.49827441 0 1398.19103345 0 6183
0.07650000 0.07648840 26640.45640666 0 264.18788464 0 8947.32423945 0 160.03716846 0 149.79969694 0 6330
0.07750000 0.07749960 26014.09499166 0 357.11347791 0 9023.60148513 0 1362.82602798 0 194.96813880 0 6583
0.07850000 0.07848650 26342.72159228 0 170.13180700 0 8386.20096229 0 415.08374173 0 -3.18807663 0 6549
0.07950000 0.07947320 25351.08418152 0 373.27464322 0 7886.08619488 0 1116.27857124 0 -699.09108779 0 6828
0.08050000 0.08048110 25422.83284635 0 178.37515283 0 7531.41748629 0 852.85246255 0 -52.56564063 0 7147
0.08150000 0.08149960 25322.07469050 0 18.88517866 0 6557.31863805 0 1121.57114250 0 189.24485410 0 7386
0.08250000 0.08250610 24778.64498840 0 495.82202708 0 7415.97742773 0 -281.67108553 0 -987.26494969 0 7227
0.08350000 0.08350160 24286.03725722 0 855.61279313 0 7591.85023515 0 -171.16928384 0 509.18853760 0 7798
0.08450000 0.08449610 23776.59959231 0 705.19304600 0 7779.41541758 0 39.94053298 0 1379.86633587 0 7371
0.08550000 0.08548940 22958.13334172 0 508.73346505 0 6313.74963669 0 1249.05789047 0 3392.94785580 0 8256
0.08650000 0.08650700 22608.46932395 0 545.87004249 0 7246.42691779 0 975.03999585 0 1043.36952678 0 8037
0.08750000 0.08749060 22149.63218346 0 642.19262502 0 6483.88697985 0 840.66072569 0 2346.48029254 0 8155
0.08850000 0.08849210 21464.36600044 0 789.06258481 0 7587.86419822 0 -337.88084970 0 2415.00691084 0 8718
0.08950000 0.08949900 21269.49308363 0 530.18387992 0 7264.97306186 0 -1136.61843193 0 4006.52073563 0 8571
0.09050000 0.09049190 21004.97524371 0 261.11752897 0 8186.86589858 0 314.61789526 0 2039.87654599 0 8932
0.09150000 0.09150830 20654.09327021 0 108.34225546 0 8737.44832251 0 -30.68174424 0 1673.58189634 0 9285
0.09250000 0.09250820 20691.18555835 0 179.35948250 0 8252.09296409 0 171.00319896 0 1157.76657234 0 9204
0.09350000 0.09350330 20100.14485953 0 492.64980602 0 9203.94751177 0 465.68315892 0 1056.54780777 0 9349
0.09450000 0.09448040 19716.48880456 0 790.32040091 0 8150.53760085 0 -59.62369409 0 1036.22344834 0 9564
0.09550000 0.09549270 18906.21607433 0 645.50767907 0 8524.43893765 0 195.30805917 0 877.69765221 0 10155
0.09650000 0.09649430 18584.12214536 0 395.71049500 0 7735.65758990 0 497.44855159 0 74.67330870 0 9913
0.09750000 0.09749140 18190.27955156 0 127.52660833 0 7041.67748724 0 484.25366211 0 -142.13543370 0 10476
0.09850000 0.09850240 18054.53284928 0 -27.69653475 0 6303.10913254 0 287.23603598 0 -29.54505938 0 10575
0.09950000 0.09950330 18337.09857866 0 130.04999116 0 6356.23414702 0 290.53780324 0 -381.79590440 0 10882
0.10050000 0.10051200 17940.82007340 0 177.13505245 0 6558.47015983 0 523.80511359 0 -598.86551077 0 10875
0.10150000 0.10150300 17653.16107461 0 352.26490687 0 6487.25296660 0 279.88179784 0 -764.01366437 0 11118
0.10250000 0.10250800 17298.29306417 0 912.01743022 0 6739.13728389 0 455.92511906 0 573.80219631 0 11575
0.10350000 0.10349800 16401.76692361 0 921.81754492 0 7086.66434298 0 76.58284184 0 1468.67745324 0 11364
0.10450000 0.10450100 16130.27351905 0 272.05698589 0 7008.01761979 0 759.15069931 0 1868.22229433 0 12093
0.10550000 0.10551000 15931.96818155 0 -193.21981871 0 7019.87607967 0 438.42088075 0 1843.76352880 0 12067
0.10650000 0.10649700 15834.42099990 0 -7.19804086 0 6645.41005430 0 259.50318401 0 243.16596874 0 12054
0.10750000 0.10749900 16234.79626534 0 119.39398575 0 6760.55116009 0 -214.07122081 0 810.88060086 0 12807
0.10850000 0.10850100 15925.98912615 0 -81.05196431 0 5782.52163654 0 49.48044804 0 -3.27411967 0 12736
0.10950000 0.10950300 15848.59357567 0 131.53478992 0 5456.17593483 0 664.77906041 0 151.09405171 0 12933
0.11050000 0.11050200 15963.41358404 0 -69.71866479 0 5565.99125238 0 546.27196788 0 -659.49423978 0 13428
0.11150000 0.11150900 15775.29478537 0 -121.72803182 0 5030.48933486 0 507.53654673 0 -1268.71126702 0 13453
0.11250000 0.11250000 15755.25387744 0 619.72466349 0 5214.11276965 0 691.15223090 0 553.92294433 0 13668
0.11350000 0.11349100 15531.26074636 0 357.79996205 0 4824.15656186 0 -56.61091450 0 240.92603743 0 13791
0.11450000 0.11448600 14991.48491145 0 249.30778731 0 5382.31245597 0 436.83310937 0 904.25905222 0 14205
0.11550000 0.11549300 14899.58461546 0 394.43939211 0 5249.85423416 0 -66.17242060 0 777.43553651 0 14776
0.11650000 0.11649800 14784.87533034 0 139.02078873 0 5048.54829663 0 -12.25318826 0 892.13596378 0 14553
0.11750000 0.11747300 14657.32214843 0 54.91397000 0 5422.28354856 0 -141.66375266 0 702.76377794 0 14568
0.11850000 0.11849100 14698.17902701 0 0.84910005 0 5096.13714871 0 -203.05536485 0 173.65169906 0 16015
0.11950000 0.11950300 14618.56901156 0 58.65099035 0 5333.36170794 0 -147.94065360 0 356.78241540 0 15270
0.12050000 0.12050700 14680.24186080 0 218.25988129 0 5052.82221401 0 52.21254419 0 126.05731083 0 15999
0.12150000 0.12150000 14549.36698145 0 52.39545900 0 5098.36268599 0 738.79090843 0 1031.77680269 0 15670
0.12250000 0.12250700 14645.14259113 0 -30.53348581 0 4338.76798646 0 976.32770723 0 662.62327877 0 16887
0.12350000 0.12352200 14469.31407301 0 170.69317387 0 4566.17139359 0 874.06703690 0 1167.05625286 0 16407
0.12450000 0.12449800 14650.01441405 0 -58.44914187 0 4160.12709784 0 199.70487936 0 806.64654385 0 16306
0.12550000 0.12549900 14388.59682508 0 304.91964595 0 4408.15824610 0 457.67786808 0 1792.53188187 0 17523
0.12650000 0.12650100 14210.22167225 0 236.86803038 0 4134.18464079 0 -98.20399196 0 1624.24361695 0 17154
0.12750000 0.12750600 13871.85142579 0 175.23947044 0 4157.97906682 0 549.31796444 0 1786.32030764 0 18007
0.12850000 0.12850300 13728.68626589 0 308.69641594 0 3736.79890304 0 354.37529198 0 1301.59607173 0 17496
0.12950000 0.12949900 13286.45761263 0 296.58107813 0 3756.47442425 0 -81.16623070 0 972.29516653 0 18405
0.13050000 0.13049000 13163.88697689 0 454.94854001 0 3477.67328531 0 -155.78982466 0 699.15087835 0 18100
0.13150000 0.13148800 12866.26288576 0 244.84010425 0 3814.60412955 0 -433.16706263 0 916.40982148 0 19059
0.13250000 0.13249300 12692.53810936 0 64.69625825 0 3617.25101198 0 114.78236246 0 850.76090039 0 18957
0.13350000 0.13349100 12655.00292822 0 87.76123953 0 3589.75842945 0 413.69416497 0 717.26852345 0 19468
0.13450000 0.13450700 12389.59930232 0 348.70736891 0 3320.23589872 0 543.49392158 0 703.58866614 0 19953
0.13550000 0.13551000 12235.80471059 0 290.16798759 0 3006.25798384 0 554.09788706 0 521.21751128 0 19956
0.13650000 0.13649900 11861.67085497 0 149.33908822 0 3039.81820036 0 356.72816101 0 482.34922224 0 19723
0.13750000 0.13749600 11810.51671431 0 129.62702835 0 2654.58987527 0 40.51596170 0 463.48308798 0 20946
0.13850000 0.13851100 11653.84331812 0 -27.91665257 0 2672.36095660 0 -9.88599165 0 362.35954541 0 20955
0.13950000 0.13949800 11716.06978360 0 23.03420021 0 2681.44026296 0 -24.89889044 0 624.53337416 0 20506
0.14050000 0.14048300 11817.82444869 0 -8.42335968 0 2823.61998595 0 -61.05612075 0 100.82193244 0 21447
0.14150000 0.14148400 11605.12508892 0 242.52820283 0 2777.00549847 0 -102.60280516 0 434.53892367 0 21771
0.14250000 0.14249400 11339.94290951 0 508.61609840 0 2928.23131084 0 -109.02010318 0 216.37869330 0 22470
0.14350000 0.14350900 11086.71884091 0 211.78478574 0 2957.75012880 0 119.85902339 0 702.57333395 0 22519
0.14450000 0.14449900 11015.23591188 0 -55.44566304 0 2955.90105056 0 336.61417574 0 577.46381413 0 22218
0.14550000 0.14550500 11224.90145465 0 -248.18062465 0 2728.90731945 0 399.66663665 0 528.81976950 0 23559
0.14650000 0.14650700 11116.06050168 0 118.73075350 0 2659.97102513 0 69.58358243 0 677.58309683 0 23044
0.14750000 0.14750500 11202.31391202 0 208.98127309 0 2746.83341333 0 -443.16869363 0 90.15142229 0 23649
0.14850000 0.14849900 10921.05471697 0 280.25272072 0 3120.80118408 0 -634.59147403 0 527.57634742 0 23640
0.14950000 0.14949500 10761.30321449 0 376.01725807 0 3280.74091609 0 -307.35223571 0 691.91732854 0 24457
0.15050000 0.15050000 10615.82393870 0 136.32024870 0 3677.16336157 0 67.73328623 0 453.79591099 0 24591
0.15150000 0.15149900 10460.82246356 0 106.53281614 0 3608.12741633 0 234.23946047 0 92.29336353 0 25020
0.15250000 0.15250500 10455.75133880 0 114.06819751 0 3559.01058343 0 115.39798372 0 320.81728992 0 25297
0.15350000 0.15350100 10239.54205206 0 199.68162748 0 3411.07325153 0 391.01250758 0 456.53741862 0 25452
0.15450000 0.15450400 10060.79044019 0 194.69022345 0 3182.51832262 0 211.14812706 0 547.94942509 0 26061
0.15550000 0.15549900 9800.34721581 0 236.13836417 0 3200.97588810 0 291.78565425 0 264.16684722 0 26128
0.15650000 0.15649500 9646.95122777 0 201.57056609 0 3042.18767787 0 396.66714386 0 289.50032641 0 26331
0.15750000 0.15749700 9407.57863751 0 203.56690626 0 2772.27761577 0 211.39503990 0 249.66320894 0 27345
0.15850000 0.15849900 9333.71515865 0 77.39710061 0 2590.14894483 0 98.04211457 0 193.48223281 0 26980
0.15950000 0.15949700 9278.17637736 0 7.24180976 0 2612.79184908 0 -97.64450739 0 178.75161187 0 27777
0.16050000 0.16050000 9319.50936591 0 -80.80294772 0 2531.12238122 0 132.78153369 0 -170.86922383 0 28224
0.16150000 0.16150500 9425.71510557 0 -108.27947538 0 2275.44025651 0 174.94051767 0 368.47257594 0 28075
0.16250000 0.16249700 9474.11223735 0 -35.62509438 0 2149.45934472 0 400.36751481 0 41.21960794 0 28590
0.16350000 0.16349900 9530.45929835 0 198.45924282 0 2266.43845643 0 317.30957742 0 119.88116804 0 29163
0.16450000 0.16449100 9167.25382732 0 279.50423156 0 1920.71618629 0 266.86628001 0 307.29687409 0 28996
0.16550000 0.16550500 9001.73364361 0 361.17037772 0 2079.26080537 0 -87.15093299 0 761.73608715 0 30777
0.16650000 0.16650700 8631.40866773 0 196.20048855 0 2092.32614865 0 317.81558266 0 849.55955315 0 29211
0.16750000 0.16749900 8584.52844444 0 62.88117205 0 1981.66933442 0 159.92201629 0 553.99712891 0 30922
0.16850000 0.16850800 8587.19687473 0 31.83049794 0 2040.09799249 0 -163.25146436 0 680.30024534 0 30867
0.16950000 0.16949900 8593.43059360 0 21.23627611 0 2072.37381933 0 -171.61882022 0 274.10315151 0 30852
0.17050000 0.17049200 8518.50417155 0 95.45462298 0 1895.83667242 0 -301.12848193 0 512.16034958 0 31257
0.17150000 0.17149500 8465.94384564 0 151.57791230 0 2057.73620592 0 -124.61237244 0 305.50647916 0 32608
0.17250000 0.17250900 8470.10703977 0 22.70900603 0 2096.47827046 0 6.61615697 0 197.07852391 0 32361
0.17350000 0.17350400 8298.95104272 0 144.91347999 0 2111.35947502 0 332.56945549 0 -13.39884171 0 32508
0.17450000 0.17449800 8323.36551895 0 48.13549275 0 1802.71842070 0 171.49370295 0 91.66965947 0 32791
0.17550000 0.17549800 8248.51660317 0 26.93254434 0 1688.51846252 0 250.00202208 0 -16.49289216 0 33633
0.17650000 0.17650100 8274.60300045 0 93.55992676 0 1657.77061650 0 67.63319241 0 -117.34671289 0 33984
0.17750000 0.17750300 8124.25190173 0 73.85030280 0 1607.86764854 0 -65.36292293 0 -74.44931557 0 34069
0.17850000 0.17849800 8093.33797084 0 78.53035305 0 1599.70734515 0 -27.77138366 0 -49.74762324 0 34536
0.17950000 0.17950400 7985.08385109 0 140.50780195 0 1578.14952873 0 -236.92117754 0 -309.86122451 0 35343
0.18050000 0.18050100 7939.75375328 0 183.24919021 0 1765.74792813 0 -106.01142036 0 -205.93416930 0 34990
0.18150000 0.18150500 7859.56797694 0 113.34074577 0 1846.12193399 0 -192.17348402 0 -159.11373657 0 36243
0.18250000 0.18250200 7699.93827003 0 107.40963354 0 2030.63115477 0 -176.81838396 0 -188.35574642 0 35694
0.18350000 0.18350400 7864.32907662 0 113.56662120 0 2251.26937143 0 -206.22869314 0 -617.41165484 0 37087
0.18450000 0.18450600 7545.80043623 0 173.99383390 0 2256.66159361 0 -3.23955187 0 -344.38251883 0 36651
0.18550000 0.18550700 7580.29072804 0 162.59376826 0 2255.95296482 0 157.67101265 0 -400.97317098 0 37818
0.18650000 0.18651000 7357.41590177 0 7.23824447 0 2063.64882737 0 405.56375685 0 154.93836288 0 37267
0.18750000 0.18750100 7458.52837201 0 -13.28446459 0 1895.33841781 0 612.65941303 0 -54.72131155 0 38334
0.18850000 0.18850000 7454.77485390 0 -71.53773704 0 1721.77972627 0 391.19187924 0 106.93839539 0 38223
0.18950000 0.18949500 7423.72805511 0 85.25003626 0 1541.57763985 0 159.47912329 0 -89.84903710 0 39064
0.19050000 0.19050000 7269.18054529 0 214.39231823 0 1482.40713602 0 -173.86650216 0 257.19681875 0 39609
0.19150000 0.19149800 7139.77828513 0 208.24053456 0 1451.51534978 0 -246.95381106 0 269.03424121 0 39576
0.19250000 0.19250400 7083.26513926 0 60.43906009 0 1612.37408474 0 -155.31371470 0 222.40093077 0 40909
0.19350000 0.19350500 7096.82873716 0 6.66991311 0 1596.25277980 0 186.80894264 0 248.70988177 0 40191
0.19450000 0.19450100 7117.01358531 0 -24.82348790 0 1677.66758420 0 210.61997717 0 -16.43586968 0 41232
0.19550000 0.19549800 7045.94033229 0 80.06619523 0 1546.59340299 0 154.00053697 0 54.38504504 0 40873
0.19650000 0.19649700 7035.95309531 0 79.41015998 0 1724.61424143 0 -150.95343318 0 5.93736810 0 42816
0.19750000 0.19750200 6916.57128911 0 169.21612574 0 1742.35210579 0 -176.26808942 0 197.29554148 0 41727
0.19850000 0.19849000 6933.67803096 0 144.85147497 0 1740.83519729 0 -48.88796794 0 127.11582508 0 42610
0.19950000 0.19949900 6728.02066978 0 88.79949143 0 1633.30077865 0 54.86292658 0 -25.39537348 0 43863
0.20050000 0.20050100 6821.06141523 0 -19.36272803 0 1571.67221871 0 50.63407357 0 -148.60277862 0 43302
0.20150000 0.20150100 6702.04499575 0 2.74527222 0 1378.49336760 0 135.03696626 0 -352.04567484 0 44487
0.20250000 0.20249700 6734.39832887 0 99.00086718 0 1462.55445762 0 143.05443666 0 -438.80287596 0 43759
0.20350000 0.20349100 6605.59397426 0 122.66917943 0 1116.66610261 0 205.99063816 0 -305.17098772 0 45282
0.20450000 0.20449700 6434.95837648 0 102.60800916 0 1077.59186833 0 298.14891932 0 -161.35920405 0 45483
0.20550000 0.20549900 6494.53855633 0 44.25951472 0 958.18791748 0 178.74386124 0 -21.49160392 0 46138
0.20650000 0.20650200 6473.84438124 0 -14.20501768 0 1067.95008787 0 241.02125942 0 -34.38886931 0 46227
0.20750000 0.20749300 6434.36047094 0 83.78682854 0 1146.38422242 0 -99.53477468 0 141.98706454 0 46236
0.20850000 0.20850300 6406.56893564 0 68.53979437 0 1141.12486813 0 -30.69392380 0 424.04014528 0 48361
0.20950000 0.20950400 6408.04155484 0 88.06284966 0 1256.40991415 0 -254.37116145 0 248.94018613 0 46812
0.21050000 0.21050300 6375.42248593 0 120.67837543 0 1421.32112000 0 -134.64168426 0 338.74781273 0 48813
0.21150000 0.21149700 6302.53337165 0 140.27417589 0 1497.39906382 0 -232.44463662 0 143.63462648 0 47215
0.21250000 0.21249000 6119.31961287 0 177.78167622 0 1584.90364687 0 -58.63958586 0 267.12205071 0 50004
0.21350000 0.21350300 6142.68221824 0 100.50592829 0 1490.89960916 0 -29.50309527 0 139.96415080 0 49509
0.21450000 0.21449800 5987.28213941 0 70.56270811 0 1662.55386082 0 236.94442942 0 135.58726080 0 49660
0.21550000 0.21550100 5955.38277161 0 87.79921761 0 1444.14118145 0 175.00584439 0 15.59005479 0 50841
0.21650000 0.21649800 5850.57214487 0 31.48736660 0 1278.58778076 0 117.63680780 0 277.35509331 0 50424
0.21750000 0.21750300 5877.14572444 0 45.16810970 0 1243.06776274 0 82.27257740 0 72.79455663 0 52231
0.21850000 0.21850300 5809.22808400 0 70.45940332 0 1153.07190661 0 135.64372966 0 235.05327634 0 51078
0.21950000 0.21950100 5790.53799971 0 27.71391830 0 1154.88776788 0 -7.36503366 0 37.76459971 0 52791
0.22050000 0.22050700 5722.22175558 0 76.49182733 0 1086.58481054 0 124.35770897 0 335.53240961 0 52969
0.22150000 0.22150000 5731.85467817 0 89.90705608 0 986.97042585 0 146.42153063 0 207.67252430 0 52704
0.22250000 0.22250100 5696.94363801 0 16.94464301 0 1039.25505087 0 157.03103228 0 242.20931987 0 54051
0.22350000 0.22349900 5687.19999217 0 19.51331164 0 987.08779249 0 87.80132135 0 336.48905847 0 53938
0.22450000 0.22449800 5619.96883588 0 104.69746757 0 1035.55689438 0 16.37264671 0 52.83801982 0 54735
0.22550000 0.22549100 5619.89132960 0 80.93061163 0 1002.12843852 0 -150.60244049 0 363.60518195 0 54774
0.22650000 0.22649900 5552.78196888 0 61.60940482 0 1033.71556677 0 -167.83429960 0 114.64728010 0 56911
0.22750000 0.22749800 5505.74673305 0 97.19674257 0 1084.77559267 0 -164.80601876 0 404.99574659 0 54879
0.22850000 0.22849100 5531.87741962 0 47.07144233 0 1215.39802302 0 77.48977597 0 250.49474053 0 57210
0.22950000 0.22949800 5449.13393625 0 24.18959731 0 1159.77066313 0 66.64819840 0 168.40230986 0 57375
0.23050000 0.23049600 5452.27847650 0 118.94112767 0 1155.05385276 0 81.66116362 0 273.27937055 0 57604
0.23150000 0.23150100 5361.04251999 0 79.45611013 0 1133.31887914 0 111.41194679 0 303.44149058 0 58629
0.23250000 0.23250200 5270.54840925 0 96.19536152 0 1133.40745774 0 40.99351107 0 434.99842515 0 58560
0.23350000 0.23350400 5210.25960061 0 123.04342401 0 1034.42308832 0 160.98495947 0 317.37158244 0 59305
0.23450000 0.23449700 5161.86246883 0 89.32564830 0 933.08584988 0 47.73113144 0 195.79081254 0 59196
0.23550000 0.23549300 5031.22010829 0 77.57425780 0 868.41904401 0 6.96568812 0 188.00807542 0 60063
0.23650000 0.23649900 5056.14391146 0 76.60675806 0 833.89110630 0 11.47480383 0 132.72285037 0 61537
0.23750000 0.23750400 4900.63310938 0 49.83874847 0 743.11354404 0 99.54551484 0 218.98622580 0 61224
0.23850000 0.23850100 4968.04142288 0 -22.99002164 0 742.03067067 0 101.27611920 0 65.40189752 0 61221
0.23950000 0.23949400 4986.13360163 0 -45.10400093 0 676.22562981 0 179.44806110 0 303.34073243 0 62332
0.24050000 0.24050100 5025.71716286 0 45.17774262 0 677.38933115 0 209.42638055 0 200.43233110 0 63447
0.24150000 0.24150500 4992.05729541 0 58.84220940 0 597.69738050 0 35.23468421 0 519.77035843 0 63342
0.24250000 0.24250300 4979.99953368 0 69.18929694 0 692.56727401 0 60.20687343 0 512.17474360 0 63379
0.24350000 0.24349600 4933.60649269 0 67.47242226 0 746.60575529 0 -118.48273342 0 584.07842097 0 64266
0.24450000 0.24449500 4939.06514883 0 54.97043886 0 648.05320654 0 -22.07566905 0 391.33360500 0 64695
0.24550000 0.24549600 4834.04414792 0 91.07950456 0 719.54388620 0 -110.84282929 0 685.73011344 0 65947
0.24650000 0.24650000 4802.98627681 0 92.29413859 0 664.92964403 0 -5.66788986 0 333.52831881 0 66018
0.24750000 0.24750000 4771.31942783 0 64.34183314 0 583.60009654 0 43.52298367 0 368.17140871 0 66303
0.24850000 0.24849600 4710.00089298 0 34.06256790 0 589.71644877 0 85.75714874 0 238.29303858 0 66958
0.24950000 0.24949200 4636.28135434 0 63.96858507 0 432.82824949 0 135.51750515 0 191.57225678 0 66975
0.25050000 0.25048900 4677.97972960 0 73.50384976 0 514.17883439 0 4.03935018 0 39.24485881 0 68676
0.25150000 0.25150000 4552.74066358 0 103.94466021 0 521.50871342 0 -146.76477270 0 115.38026801 0 69349
0.25250000 0.25249900 4527.60648624 0 106.09844883 0 553.96280470 0 -152.24557349 0 178.91769674 0 68592
0.25350000 0.25349900 4476.46341790 0 19.35542029 0 627.23280695 0 -108.31280307 0 -45.44513926 0 70437
0.25450000 0.25450100 4490.90172947 0 51.26962501 0 634.93803780 0 -36.31467877 0 43.35202698 0 70099
0.25550000 0.25550100 4447.14390179 0 81.21904569 0 661.04879418 0 104.21681795 0 54.54913690 0 71064
0.25650000 0.25650300 4400.17509990 0 40.11990464 0 523.45744259 0 137.36990510 0 22.50505381 0 71409
0.25750000 0.25750600 4428.39845587 0 -49.20674017 0 413.03314717 0 247.16972139 0 49.80132402 0 72612
0.25850000 0.25850600 4426.36114810 0 17.45707020 0 370.79001353 0 74.70253964 0 -116.03242794 0 71845
0.25950000 0.25949600 4447.38749293 0 37.33122891 0 344.69254393 0 55.16697262 0 234.09884194 0 72816
0.26050000 0.26049800 4371.75244210 0 68.97870132 0 407.84908469 0 -56.13480454 0 234.21842305 0 73743
0.26150000 0.26149900 4408.42398189 0 127.10807445 0 524.41409146 0 -75.86391579 0 350.51880125 0 74662
0.26250000 0.26250300 4279.80785680 0 143.51947430 0 576.73746962 0 -153.17232708 0 304.60076299 0 74931
0.26350000 0.26350100 4162.74016649 0 169.79853002 0 761.90660096 0 -72.23795086 0 286.64477384 0 75087
0.26450000 0.26450200 4096.87090615 0 66.44590702 0 717.17994485 0 -71.73803539 0 289.44828648 0 76678
0.26550000 0.26550600 4038.28723553 0 31.36003486 0 754.03749971 0 169.32352729 0 240.41006709 0 76035
0.26650000 0.26650100 4052.08335226 0 -17.28567061 0 629.24354114 0 123.36230697 0 181.48647610 0 77094
0.26750000 0.26750600 4098.46532092 0 -19.06189296 0 487.19336435 0 156.56156570 0 83.55574912 0 78463
0.26850000 0.26850100 4067.49602840 0 28.12647312 0 422.02387493 0 13.26641670 0 135.47210862 0 77076
0.26950000 0.26949700 4091.63369651 0 75.95670187 0 396.26521847 0 -4.19214826 0 180.05482450 0 79149
0.27050000 0.27049900 4023.58318817 0 69.25672740 0 470.82403933 0 -147.70370585 0 246.87630478 0 79648
0.27150000 0.27150200 4023.06278891 0 53.63799529 0 518.00653708 0 -40.51917267 0 168.84077393 0 80241
0.27250000 0.27250500 3977.93199295 0 47.93619090 0 560.81214483 0 -12.93170033 0 290.71385321 0 80835
0.27350000 0.27350000 3993.65469419 0 34.97370951 0 530.29681763 0 90.85672938 0 259.62165788 0 80680
0.27450000 0.27450400 3946.40908419 0 20.05973087 0 480.32852296 0 86.02664912 0 269.50592225 0 82617
0.27550000 0.27550800 3990.29977977 0 11.75061544 0 333.81398479 0 183.95781900 0 237.06733223 0 82548
0.27650000 0.27649900 3982.49379077 0 -2.40211872 0 308.68091469 0 30.55153370 0 72.90683000 0 81181
0.27750000 0.27748900 3949.13287609 0 42.00574300 0 278.66384211 0 40.38121151 0 81.33043328 0 84096
0.27850000 0.27849800 3929.33555932 0 47.73821773 0 326.64576171 0 -116.23726595 0 42.49314674 0 85215
0.27950000 0.27950200 3919.95730019 0 100.11319293 0 307.07874929 0 -145.96424362 0 71.91962152 0 84514
0.28050000 0.28050300 3855.57173137 0 76.28566064 0 380.85254232 0 -72.94026842 0 38.50567041 0 85815
0.28150000 0.28150100 3819.67525431 0 99.82498031 0 358.81640147 0 18.34141679 0 6.32460052 0 85485
0.28250000 0.28250000 3818.93340855 0 21.37855548 0 401.87445822 0 71.94995969 0 -49.81616093 0 87220
0.28350000 0.28350400 3753.79492164 0 10.13691267 0 271.24317001 0 77.53683335 0 -51.74285617 0 87147
0.28450000 0.28449700 3800.59763865 0 42.85344019 0 320.24263626 0 97.04859487 0 -118.67428464 0 87102
0.28550000 0.28549800 3758.71103386 0 30.86897725 0 183.97442749 0 22.56794462 0 -80.54640196 0 88971
0.28650000 0.28649900 3730.58732882 0 85.24671456 0 290.50347903 0 -48.84124273 0 9.20362641 0 89434
0.28750000 0.28750100 3676.75368555 0 48.95318393 0 237.22123754 0 7.85966763 0 34.86365060 0 89619
0.28850000 0.28849900 3679.38889886 0 14.47994350 0 263.71841807 0 95.11857793 0 148.17981582 0 90240
0.28950000 0.28950100 3704.06911088 0 5.96584612 0 263.02418330 0 -3.13417655 0 125.31657230 0 91333
0.29050000 0.29050500 3708.77484893 0 61.30092985 0 314.32004972 0 17.17350796 0 22.59961146 0 92139
0.29150000 0.29150600 3693.52825765 0 95.60243852 0 371.75662748 0 -103.33280354 0 123.63911509 0 92370
0.29250000 0.29250200 3600.87504357 0 98.86058082 0 393.21811468 0 -138.11728702 0 185.79582492 0 91819
0.29350000 0.29349600 3555.03561882 0 83.99089148 0 440.61984446 0 -34.64652231 0 199.23209109 0 93552
0.29450000 0.29450000 3487.00725514 0 71.53939789 0 430.48091662 0 51.40869341 0 211.48251127 0 94701
0.29550000 0.29550200 3479.87667795 0 27.56787433 0 385.25046974 0 189.39765219 0 231.82347919 0 95020
0.29650000 0.29650300 3437.72433737 0 4.12775162 0 297.37607105 0 177.71302780 0 172.46585307 0 95151
0.29750000 0.29749800 3481.84755177 0 30.30318146 0 301.66327522 0 39.89591151 0 220.22079002 0 95802
0.29850000 0.29850000 3450.72324671 0 81.53106380 0 193.97938020 0 -3.26580435 0 222.23041697 0 97399
0.29950000 0.29950700 3421.44801989 0 43.15538249 0 209.36437553 0 -13.73067928 0 324.29732161 0 97881
0.30050000 0.30050300 3470.71986533 0 -20.80899509 0 215.78078776 0 -15.93141457 0 266.66144200 0 97188
0.30150000 0.30149700 3430.39445834 0 3.26102111 0 251.29526962 0 42.50953378 0 286.14430475 0 98263
0.30250000 0.30249700 3490.83827952 0 51.07176257 0 207.79764157 0 -23.78822553 0 185.71167525 0 100050
0.30350000 0.30350600 3463.68893907 0 21.81403002 0 195.94250339 0 20.20223169 0 181.47983271 0 100779
0.30450000 0.30450500 3422.04592543 0 74.24569552 0 236.37863362 0 -62.25381412 0 183.09528490 0 99982
0.30550000 0.30550300 3397.78646175 0 59.68680634 0 240.99800754 0 -26.49164436 0 189.37218584 0 101559
0.30650000 0.30649700 3380.40291178 0 19.10762166 0 214.41446288 0 67.96536216 0 202.33787820 0 100935
0.30750000 0.30749800 3377.90056637 0 24.40971513 0 201.19078535 0 31.82651191 0 139.08279374 0 103762
0.30850000 0.30850200 3381.72051844 0 48.65921371 0 180.79113410 0 53.07485685 0 162.85175343 0 102951
0.30950000 0.30950100 3338.36129445 0 78.24313695 0 173.91522039 0 41.04699040 0 228.52724809 0 104394
0.31050000 0.31050000 3276.03517804 0 109.66982720 0 222.08647675 0 -6.04400566 0 358.51301977 0 103963
0.31150000 0.31149700 3205.42696267 0 124.66994853 0 211.13705473 0 -19.52371963 0 269.53249583 0 105936
0.31250000 0.31250000 3128.00926754 0 72.22997878 0 287.53609598 0 -30.53769330 0 370.59956954 0 105717
0.31350000 0.31349800 3093.79578385 0 69.36324317 0 215.07326621 0 28.63723946 0 420.17701115 0 106776
0.31450000 0.31450400 3058.55257395 0 13.76179252 0 201.73665096 0 91.09677738 0 435.09032545 0 108733
0.31550000 0.31549900 3025.60133529 0 -10.16226830 0 111.35326347 0 161.70908951 0 398.58487052 0 105891
0.31650000 0.31650000 3090.40765246 0 26.63325940 0 -1.60488919 0 182.80186829 0 349.33295526 0 111072
0.31750000 0.31750600 3049.45112295 0 29.20059935 0 -57.64385168 0 108.93805726 0 378.71115470 0 108121
0.31850000 0.31849900 3033.85021728 0 48.39480659 0 -165.69291198 0 28.32655003 0 400.92113106 0 110484
0.31950000 0.31950100 3031.28143793 0 28.17519135 0 -97.96228311 0 -84.08201672 0 475.18874978 0 110817
0.32050000 0.32049800 3029.27734713 0 68.59781335 0 -92.26800790 0 -64.92556610 0 428.25205764 0 111088
0.32150000 0.32149900 3009.64611523 0 50.46854231 0 -27.56831723 0 -41.42743548 0 469.20969437 0 112635
0.32250000 0.32250100 2990.12560657 0 30.35588572 0 33.60915620 0 -69.91929532 0 471.99438407 0 113202
0.32350000 0.32350400 2986.77069215 0 60.28072584 0 79.57015508 0 -21.29473798 0 372.18844815 0 113863
0.32450000 0.32450300 2973.40639610 0 38.18523733 0 38.67673782 0 -1.87722409 0 447.44814718 0 114045
0.32550000 0.32549900 2958.03800925 0 71.84399754 0 2.01373479 0 -11.22235482 0 348.15818160 0 114828
0.32650000 0.32650300 2902.99748258 0 35.21353607 0 -4.35777917 0 85.26077642 0 383.86310744 0 116431
0.32750000 0.32750400 2898.01493641 0 19.27160279 0 -5.43746371 0 6.04388386 0 253.61270720 0 116442
0.32850000 0.32850400 2884.17453039 0 19.26706314 0 -84.02543714 0 17.26385813 0 167.74682823 0 116955
0.32950000 0.32949800 2873.89941295 0 51.58319325 0 -86.24942430 0 11.52750809 0 139.37621035 0 117028
0.33050000 0.33049700 2876.47926464 0 51.45519717 0 -65.74270367 0 -101.05201535 0 77.30309657 0 119061
0.33150000 0.33150100 2839.13231302 0 52.51459721 0 -63.21024154 0 -40.66765255 0 160.33722847 0 120060
0.33250000 0.33250400 2857.36843200 0 12.09396823 0 -51.39529590 0 -43.43075121 0 63.30856379 0 119737
0.33350000 0.33350100 2848.34448727 0 51.04452465 0 -48.70461024 0 -7.72006776 0 81.83577418 0 120531
0.33450000 0.33450000 2823.29888853 0 38.29031369 0 -37.10535349 0 18.57316054 0 69.17501364 0 121704
0.33550000 0.33550300 2822.20272838 0 22.79404149 0 -95.22121838 0 71.32171598 0 125.91558507 0 122761
0.33650000 0.33650300 2807.93050168 0 31.49766386 0 -104.79368608 0 60.27729342 0 42.58803657 0 122472
0.33750000 0.33749900 2815.38217629 0 37.48934171 0 -145.42834310 0 61.14857466 0 45.93918640 0 122985
0.33850000 0.33849800 2777.40410216 0 52.82750111 0 -151.94219179 0 -21.96095977 0 15.97492880 0 125380
0.33950000 0.33950300 2768.72339950 0 45.78417385 0 -147.54537160 0 -37.48136964 0 141.47109421 0 125223
0.34050000 0.34050000 2748.74892553 0 53.04319000 0 -119.20575623 0 -43.61056576 0 171.69854096 0 125178
0.34150000 0.34149900 2737.75410698 0 43.90077140 0 -132.74388779 0 11.50647067 0 125.30549997 0 127059
0.34250000 0.34250300 2720.23768912 0 36.82367354 0 -83.54268378 0 20.80822003 0 128.97819011 0 127957
0.34350000 0.34349800 2715.13334738 0 42.60652735 0 -91.83906604 0 14.21963315 0 87.94116481 0 126732
0.34450000 0.34449700 2686.26779658 0 55.25986943 0 -127.58972058 0 -53.53502267 0 145.66196915 0 129639
0.34550000 0.34550000 2679.52475076 0 32.08848311 0 -66.11063703 0 21.94324405 0 100.92645519 0 129826
0.34650000 0.34650400 2661.78688640 0 33.35914311 0 -108.19034316 0 -70.84627035 0 59.30148943 0 130875
0.34750000 0.34750200 2653.65979999 0 50.27975917 0 -67.27389547 0 -39.79637131 0 40.46048935 0 130686
0.34850000 0.34850200 2668.30848572 0 34.91934440 0 -100.12481887 0 -4.76035783 0 -21.65602794 0 132211
0.34950000 0.34950400 2613.29010370 0 48.40820411 0 -95.54187290 0 3.01293460 0 68.20175629 0 132768
0.35050000 0.35050300 2612.52611328 0 64.02682550 0 -92.88905460 0 33.49101450 0 -24.54911569 0 132957
0.35150000 0.35150100 2589.18565257 0 35.06051654 0 -117.62462825 0 70.16676178 0 94.83612292 0 133987
0.35250000 0.35249800 2553.05665668 0 70.27992094 0 -130.79958755 0 53.95078846 0 40.10418194 0 134778
0.35350000 0.35349800 2509.04416553 0 65.81234860 0 -179.35062464 0 38.08115747 0 118.95441446 0 135699
0.35450000 0.35450100 2485.22759484 0 62.24706000 0 -170.35768243 0 7.11371403 0 132.07844106 0 137380
0.35550000 0.35550100 2445.81011849 0 48.13161743 0 -194.10006854 0 -4.02841072 0 146.54221897 0 136161
0.35650000 0.35649900 2437.36193465 0 13.90883299 0 -247.73108826 0 60.50992296 0 254.44313156 0 138792
0.35750000 0.35750000 2472.32833643 0 -19.71217060 0 -249.27346311 0 66.79656755 0 193.32832750 0 138097
0.35850000 0.35849800 2497.65074329 0 -20.38215697 0 -258.46681440 0 71.27233341 0 169.34899364 0 140028
0.35950000 0.35950300 2514.46960469 0 36.59303702 0 -231.20675070 0 44.87923274 0 144.39418796 0 141099
0.36050000 0.36050500 2501.88037137 0 73.73459700 0 -285.65047907 0 -74.29020626 0 186.26750596 0 140821
0.36150000 0.36150200 2463.58119982 0 57.69268064 0 -255.47285777 0 3.95934156 0 252.40250210 0 141756
0.36250000 0.36250400 2455.40982411 0 31.62112028 0 -270.99404270 0 -56.35669392 0 271.56094573 0 142971
0.36350000 0.36349900 2470.70070468 0 43.31327384 0 -240.94375315 0 -28.70821307 0 205.50013417 0 142270
0.36450000 0.36450000 2440.53969188 0 38.31179400 0 -239.18768243 0 -51.18115713 0 163.66335484 0 145311
0.36550000 0.36550300 2422.95684006 0 55.21624447 0 -290.66624221 0 -48.25341301 0 160.56642559 0 145434
0.36650000 0.36650100 2390.30455417 0 56.88960492 0 -242.12959913 0 13.38887662 0 135.02478670 0 144547
0.36750000 0.36749600 2415.02905549 0 7.91387773 0 -244.06282705 0 78.87625248 0 176.26587495 0 146892
0.36850000 0.36849900 2396.31682655 0 5.07950652 0 -287.31354225 0 111.68321875 0 167.10574063 0 148113
0.36950000 0.36949900 2407.36700672 0 41.56373580 0 -342.23780952 0 86.26049663 0 184.64873207 0 147387
0.37050000 0.37049800 2388.77657335 0 74.07673184 0 -270.85563864 0 2.14900538 0 283.65856783 0 149758
0.37150000 0.37150100 2353.30084463 0 74.22299725 0 -290.82900538 0 -9.24523621 0 386.83934835 0 150099
0.37250000 0.37250000 2335.46332935 0 49.95312559 0 -287.39104853 0 -35.99767811 0 404.52406555 0 150468
0.37350000 0.37349800 2322.91838533 0 26.65274669 0 -237.47147208 0 -19.37479686 0 375.99068449 0 150709
0.37450000 0.37449700 2335.13115960 0 45.78517036 0 -255.60351121 0 -66.45387910 0 358.16534877 0 153108
0.37550000 0.37550100 2298.63677700 0 68.51277790 0 -195.28923622 0 -57.46348351 0 267.81407102 0 153189
0.37650000 0.37649900 2259.64004899 0 58.74554800 0 -253.31375443 0 -28.83344106 0 307.28469453 0 153547
0.37750000 0.37749900 2230.19873730 0 47.89101581 0 -228.59036035 0 19.97569193 0 188.21180620 0 155424
0.37850000 0.37850200 2233.02218013 0 32.84538724 0 -254.28811902 0 52.86990812 0 166.33399959 0 155313
0.37950000 0.37949900 2201.85358576 0 27.30723181 0 -313.61474263 0 -17.80861652 0 133.03619716 0 156100
0.38050000 0.38050000 2199.35124035 0 59.18212977 0 -281.62236730 0 -6.15248123 0 157.22369073 0 157557
0.38150000 0.38149800 2179.64250217 0 32.90019524 0 -263.17255245 0 -8.41734741 0 191.07068047 0 157692
0.38250000 0.38250100 2184.45896347 0 22.46198247 0 -310.62853662 0 35.45136960 0 186.73143637 0 159703
0.38350000 0.38350500 2205.76211642 0 -10.06278346 0 -310.84776866 0 57.11082997 0 222.37103550 0 160338
0.38450000 0.38450600 2222.22666343 0 7.29002973 0 -347.36872484 0 39.01112203 0 151.79492987 0 160167
0.38550000 0.38550000 2233.44292847 0 35.15961385 0 -375.82127792 0 11.70377950 0 223.10070170 0 160033
0.38650000 0.38649600 2232.70108271 0 45.73169103 0 -372.88157569 0 -24.52453513 0 250.35744371 0 162444
0.38750000 0.38750200 2199.15193851 0 66.55574448 0 -325.72786598 0 -78.06066503 0 264.09709157 0 164307
0.38850000 0.38850400 2169.19022755 0 76.79454469 0 -308.21144812 0 -43.90232152 0 164.30997861 0 163882
0.38950000 0.38950500 2146.14871960 0 65.70860091 0 -240.40785262 0 -69.22450694 0 214.70787949 0 164595
0.39050000 0.39050100 2114.89154664 0 46.67438876 0 -246.51645423 0 -6.31153517 0 232.10250178 0 165006
0.39150000 0.39150100 2102.86700188 0 35.80778774 0 -238.94187682 0 37.20721887 0 216.22368076 0 166687
0.39250000 0.39250100 2103.56455835 0 17.55295654 0 -256.72513771 0 70.99297866 0 226.21756114 0 167256
0.39350000 0.39350100 2098.10590221 0 46.71192394 0 -307.35445018 0 44.44730135 0 241.19509492 0 167937
0.39450000 0.39449600 2097.53014132 0 42.79531049 0 -367.50706922 0 39.32856559 0 286.26942202 0 167719
0.39550000 0.39549700 2058.92094468 0 28.56161549 0 -342.70727609 0 -21.27414346 0 269.45498955 0 171636
0.39650000 0.39650400 2084.71946150 0 32.75614430 0 -367.71522892 0 -5.16900412 0 257.39612059 0 171093
0.39750000 0.39750000 2056.56253949 0 50.85895248 0 -358.85294014 0 4.87063818 0 204.14820331 0 170464
0.39850000 0.39849800 2034.04143081 0 51.21060952 0 -393.42627439 0 -42.36337910 0 229.00003636 0 172113
0.39950000 0.39949500 2055.00134169 0 24.47160942 0 -386.42192171 0 2.66186439 0 225.27309183 0 173232
