### header ###
fiducial parameters:
Omega_m = 0.31
Omega_nu = 0
Omega_de = 0.69
Omega_k = 0
H_0 = 100
w_de = -1
zeff = 0
beta = 0
fgrowth = 0
b_1 = 2
gamma = 0.55
Lx = 3500 Ly = 3500 Lz = 3500
nx = 700 ny = 700 nz = 700
xoffset = -685.467585 yoffset = -31.7331281 zoffset = 572.489161
bins = 400 dk = 0.001
kx_ny = 0.628318531 ky_ny = 0.628318531 kz_ny = 0.628318531
############################
A(data) = 8.03939928 (not used)
A(ran) = 8.03691824 (used)
Ngal = 478329
weighted Ngal = 0
Nran = 23820508
weighted Nran = 0
SN(data) = 3489.84868
SN(ran) = 70.0044726
SN(data+ran) = 3559.85315
############################
13 columns: k_central k_mean P_0(k) sigma^{lin}_{P_0(k)} P^img_1(k) sigma^{lin}_{P_1(k)} P_2(k) sigma^{lin}_{P_2(k)} P^img_3(k) sigma^{lin}_{P_3(k)} P_4(k) sigma^{lin}_{P_4(k)} N_modes
### header ###
0.00050000 0 0 0 0 0 0 0 0 0 0 0 0
0.00150000 0.00179520 26174.09008529 0 -42640.29793934 0 -16021.76473583 0 30.82036975 0 -3419.59894164 0 3
0.00250000 0.00253879 46521.92285102 0 -38083.59338348 0 3441.13461341 0 -56017.54861549 0 -13811.72870203 0 6
0.00350000 0.00331552 68694.14257711 0 -25543.29974038 0 -18210.20973623 0 12343.31698458 0 -8712.40272377 0 7
0.00450000 0.00420575 76429.15797217 0 2451.80024622 0 6181.74538020 0 -40936.04570326 0 32775.96375841 0 24
0.00550000 0.00557378 69808.79351660 0 10908.31047111 0 -2357.35331551 0 -21673.74366276 0 23546.07378959 0 45
0.00650000 0.00659388 64256.13334330 0 -22570.15908007 0 -22133.79875897 0 30837.08895942 0 5521.93447193 0 40
0.00750000 0.00754703 91251.67920689 0 -31464.22543715 0 -43692.61169011 0 42782.46659002 0 -28805.20663195 0 57
0.00850000 0.00846663 105847.32850608 0 -18924.26396379 0 -45289.01948246 0 -25765.18912974 0 -38432.03944552 0 75
0.00950000 0.00948925 100246.83588956 0 3185.66286287 0 -50353.39013126 0 -27421.49819936 0 -22206.54393303 0 112
0.01050000 0.01054430 107945.64478246 0 4933.73936059 0 -64324.78175717 0 -37005.14894614 0 -20782.42151485 0 105
0.01150000 0.01145670 90723.41858979 0 -898.87015173 0 -34366.39249536 0 -28296.32258328 0 7611.07179104 0 144
0.01250000 0.01249090 96916.28058411 0 3313.02781526 0 -37100.37093958 0 -7240.55858563 0 -2259.67326596 0 169
0.01350000 0.01339930 88504.96758913 0 1488.61871024 0 -10035.80020307 0 -4738.64499729 0 15569.90315998 0 180
0.01450000 0.01448870 94914.29353365 0 3375.83004163 0 -18346.39933150 0 -3617.30637360 0 9387.64845284 0 267
0.01550000 0.01550050 82128.85861906 0 6676.65615494 0 16187.51743836 0 -8240.40058908 0 21994.84108250 0 238
0.01650000 0.01653350 78308.35294039 0 10426.17715920 0 9806.83559815 0 -6997.76464701 0 9209.84906090 0 315
0.01750000 0.01747870 76713.38455026 0 -468.20211282 0 25781.79761697 0 651.32840022 0 23674.95565048 0 297
0.01850000 0.01844180 74103.41614401 0 514.04707373 0 26990.78476392 0 -4204.90357940 0 12333.90550848 0 388
0.01950000 0.01947590 80288.30606446 0 3110.40427108 0 32977.36934686 0 -2677.06669465 0 17023.03506918 0 399
0.02050000 0.02045430 73040.36223817 0 8569.20434689 0 27252.31307613 0 -1498.56165793 0 12918.30281241 0 462
0.02150000 0.02154770 68447.89407314 0 3090.47408641 0 30730.90536441 0 -1144.81195230 0 12295.81671111 0 571
0.02250000 0.02255340 70842.94865466 0 4922.56738485 0 35646.57469089 0 8346.75026896 0 8880.52490382 0 510
0.02350000 0.02348930 66293.88400292 0 -1724.00526356 0 34994.30403583 0 9306.92013259 0 8683.84719807 0 555
0.02450000 0.02439640 67585.02780002 0 759.33007097 0 34161.99737921 0 14450.26967432 0 4515.86982193 0 592
0.02550000 0.02547300 67838.58403837 0 1254.71584845 0 28127.46962980 0 3385.67333840 0 1576.24508886 0 837
0.02650000 0.02652900 65126.63952054 0 -550.17053345 0 27327.05126866 0 5510.72927921 0 11625.38744334 0 723
0.02750000 0.02749970 66158.80164013 0 -1041.80279281 0 21927.07845461 0 5873.21504913 0 8720.81769064 0 826
0.02850000 0.02848090 66814.06182290 0 -2050.47276084 0 22433.85876156 0 6231.12794889 0 15327.97286269 0 831
0.02950000 0.02946900 67767.05682004 0 1976.93037939 0 19629.57105474 0 3239.04254082 0 1266.59645298 0 996
0.03050000 0.03053250 65327.71293925 0 1805.40899563 0 16755.97059455 0 -4101.87559697 0 2367.49556505 0 1041
0.03150000 0.03150510 62226.02258780 0 5837.20784882 0 20028.50691795 0 -5057.43937346 0 10293.39783998 0 1036
0.03250000 0.03246190 63297.15929076 0 -888.82866035 0 22863.35424127 0 -7133.63314486 0 -229.54922368 0 1059
0.03350000 0.03345080 62569.04321068 0 -1299.33731747 0 28309.05575683 0 4075.50131925 0 4745.64270657 0 1302
0.03450000 0.03451200 61753.56648779 0 703.60306016 0 22193.58931299 0 4714.91700520 0 5937.16879728 0 1339
0.03550000 0.03553350 61872.37253309 0 3321.74173489 0 17140.06954251 0 12901.02998569 0 3557.92549560 0 1365
0.03650000 0.03647120 59684.92404192 0 1128.52456249 0 11902.52773355 0 7200.24425097 0 3891.96646305 0 1308
0.03750000 0.03744890 56637.15591234 0 2000.61408218 0 11292.55335929 0 6689.72149823 0 601.77531773 0 1579
0.03850000 0.03847530 53611.97532539 0 2722.71788988 0 4868.81124785 0 1064.99266991 0 2009.66017156 0 1662
0.03950000 0.03950240 51256.11677373 0 3294.53703281 0 7441.32197924 0 -2727.98831649 0 2458.85331713 0 1683
0.04050000 0.04050350 47430.40710239 0 3003.34596241 0 5799.79446326 0 -361.04526045 0 4820.52483932 0 1822
0.04150000 0.04152450 44230.72667629 0 2176.47581728 0 8525.93370150 0 -3320.90023821 0 -157.79391546 0 1887
0.04250000 0.04250150 43388.12275760 0 1383.89666211 0 10012.92478000 0 -1167.51021818 0 715.37072698 0 1920
0.04350000 0.04349210 41815.18829386 0 1765.39361373 0 15658.81392827 0 -2990.04810030 0 -3518.49694692 0 2005
0.04450000 0.04448520 41506.27043142 0 906.86879918 0 13719.60695954 0 -2360.55321739 0 79.34195446 0 2151
0.04550000 0.04548030 40566.45150081 0 748.09387574 0 15266.74290645 0 1815.55124516 0 -70.01019911 0 2274
0.04650000 0.04648670 41751.74387265 0 526.69166867 0 13830.66237747 0 885.25119220 0 -2881.89363147 0 2311
0.04750000 0.04749250 41243.96705646 0 559.23323131 0 12857.40502591 0 1292.16245099 0 -2468.40873344 0 2568
0.04850000 0.04851840 39680.88696182 0 1986.45257874 0 13459.40732630 0 -464.18175167 0 -4976.40102812 0 2493
0.04950000 0.04949480 39105.01534800 0 885.34530696 0 11635.79542867 0 -83.32621982 0 -2682.87966518 0 2644
0.05050000 0.05050630 38334.27081737 0 286.90386624 0 15229.76134155 0 2563.42035271 0 342.98962037 0 2829
0.05150000 0.05149060 37505.95019769 0 1911.19398695 0 13025.15074691 0 3469.14759520 0 906.99723815 0 2784
0.05250000 0.05249300 36601.89487625 0 1380.72997721 0 14189.62714809 0 2767.74903492 0 3333.40089293 0 3055
0.05350000 0.05348950 34527.27337498 0 2025.94756137 0 14653.00394175 0 1434.34217398 0 8397.43937198 0 3009
0.05450000 0.05448610 33956.93792357 0 1065.32373243 0 14173.01866086 0 3109.15309838 0 7333.48860783 0 3336
0.05550000 0.05550870 33468.98056881 0 -1065.10117870 0 13280.92145022 0 1397.03951167 0 6974.59027116 0 3349
0.05650000 0.05647670 34170.08017633 0 -807.26105788 0 13090.92035633 0 -1273.63845156 0 4028.25570925 0 3324
0.05750000 0.05747970 35578.81206300 0 116.30259266 0 14966.68290386 0 -2009.09548299 0 528.87291666 0 3639
0.05850000 0.05849280 34087.48063318 0 1170.16757613 0 14588.12011831 0 -3138.89336284 0 776.12346602 0 3846
0.05950000 0.05951020 33938.11497138 0 431.05114135 0 14553.02084864 0 40.66278073 0 -532.09939211 0 3787
0.06050000 0.06049470 33789.30292581 0 -526.41707502 0 14566.86125466 0 2140.84507601 0 -2066.73800600 0 3930
0.06150000 0.06148310 32941.71646095 0 968.88489049 0 15180.60021936 0 2626.30008536 0 -3355.29087909 0 4083
0.06250000 0.06249100 32909.05310273 0 640.20292825 0 15164.21317863 0 1720.68356612 0 -477.85607283 0 4303
0.06350000 0.06350600 32925.10797372 0 617.42494163 0 14634.62388255 0 89.61518960 0 1372.90184356 0 4470
0.06450000 0.06451750 32519.19654587 0 157.58464852 0 13450.66018969 0 1506.06869416 0 2868.71756494 0 4479
0.06550000 0.06550280 32644.20309307 0 197.59781595 0 13167.09795109 0 1470.70368869 0 4402.12382907 0 4636
0.06650000 0.06648880 32462.94913579 0 -3.48876775 0 11796.56558503 0 1488.99516929 0 3514.04587234 0 4653
0.06750000 0.06749660 31726.75025860 0 764.76990415 0 11768.99549624 0 3438.56583405 0 2361.92618566 0 5220
0.06850000 0.06852730 30913.82017041 0 1571.22932571 0 10240.64928454 0 -399.75853695 0 -1359.73684935 0 5029
0.06950000 0.06949320 29283.08817112 0 950.20477129 0 10404.19859444 0 -285.78113250 0 253.26503620 0 5040
0.07050000 0.07048030 28698.91231369 0 -24.43961040 0 8142.85340743 0 629.24907730 0 -974.62146198 0 5475
0.07150000 0.07148790 28710.20608501 0 313.71550078 0 9525.83106658 0 -446.84359824 0 -216.35211972 0 5509
0.07250000 0.07249820 29183.65869425 0 -694.83820783 0 7877.23940735 0 3016.57739057 0 -373.08641369 0 5916
0.07350000 0.07351270 28391.98746972 0 555.36898995 0 8259.17925197 0 1353.97924045 0 799.43735316 0 5721
0.07450000 0.07449140 28365.41389015 0 1320.39687927 0 6486.73256733 0 2738.10842138 0 2546.12538135 0 6028
0.07550000 0.07549160 26935.42313982 0 591.28871890 0 7067.45385942 0 1562.89186513 0 4112.82612621 0 6183
0.07650000 0.07648840 26877.62560427 0 435.48450021 0 6050.85942852 0 1254.54976358 0 5232.09422515 0 6330
0.07750000 0.07749960 26601.37110005 0 126.79472766 0 6429.34470779 0 482.97259412 0 4698.85106189 0 6583
0.07850000 0.07848650 25775.37566857 0 1292.62748863 0 7063.39031621 0 -711.34482967 0 5713.80678871 0 6549
0.07950000 0.07947320 25154.99330899 0 732.30806225 0 6836.62910392 0 -1149.38482245 0 3794.34177513 0 6828
0.08050000 0.08048110 24035.35982332 0 894.16330645 0 7920.02287045 0 198.17025514 0 3765.74196012 0 7147
0.08150000 0.08149960 23726.22051439 0 358.24839120 0 6729.33827643 0 293.13537064 0 2162.30324151 0 7386
0.08250000 0.08250610 23681.82049187 0 -271.23652662 0 6388.01171925 0 822.48107557 0 1800.67004061 0 7227
0.08350000 0.08350160 23272.03375033 0 348.29437119 0 5425.36165486 0 -139.74381154 0 188.30038480 0 7798
0.08450000 0.08449610 23189.76637692 0 1045.59063513 0 6725.68440924 0 -1304.65203338 0 335.70845957 0 7371
0.08550000 0.08548940 22119.51545995 0 878.82260041 0 6885.87880472 0 -188.86396613 0 1431.83982857 0 8256
0.08650000 0.08650700 21874.81708146 0 615.57254169 0 6585.02159474 0 -662.91890984 0 86.04026808 0 8037
0.08750000 0.08749060 21752.24644572 0 -81.37560836 0 7531.81608999 0 -944.06184548 0 56.58777334 0 8155
0.08850000 0.08849210 21818.45894814 0 343.63070798 0 7981.24175438 0 -256.74063896 0 -467.08270078 0 8718
0.08950000 0.08949900 21467.02335839 0 364.41789059 0 8425.59629400 0 -78.14979725 0 -571.14040942 0 8571
0.09050000 0.09049190 21211.91699457 0 32.26730116 0 8654.29516313 0 166.14798453 0 -376.25974199 0 8932
0.09150000 0.09150830 20915.73230567 0 443.92936235 0 8446.31261373 0 444.22499342 0 -1553.65754623 0 9285
0.09250000 0.09250820 20532.40842045 0 729.83118319 0 8595.75578181 0 850.06334393 0 -430.00037773 0 9204
0.09350000 0.09350330 20006.80516131 0 621.00351701 0 7199.96744285 0 1259.87555181 0 -132.26002719 0 9349
0.09450000 0.09448040 19395.72355457 0 655.56135000 0 7405.87946750 0 755.31967492 0 -461.82666819 0 9564
0.09550000 0.09549270 18824.50231717 0 442.62282802 0 6838.91000284 0 731.88620667 0 -354.82815007 0 10155
0.09650000 0.09649430 18279.07959661 0 598.83229379 0 6649.77255028 0 420.25451742 0 401.17911622 0 9913
0.09750000 0.09749140 17668.77305260 0 415.15128291 0 5890.17785075 0 797.25721240 0 445.64778716 0 10476
0.09850000 0.09850240 17941.81658263 0 -207.20748666 0 5144.08031517 0 485.35646566 0 533.19665950 0 10575
0.09950000 0.09950330 17682.50273538 0 -87.77541211 0 5517.30624016 0 584.37848098 0 10.06658127 0 10882
0.10050000 0.10051200 17724.13467670 0 245.49780034 0 5128.94444714 0 244.12704653 0 702.27770288 0 10875
0.10150000 0.10150300 17437.91508013 0 427.92874575 0 5415.81731087 0 311.78116564 0 941.98689181 0 11118
0.10250000 0.10250800 17025.47098064 0 565.15913956 0 5359.50346684 0 -178.00533718 0 675.26565925 0 11575
0.10350000 0.10349800 16959.59064797 0 -12.69674559 0 5502.76827767 0 544.66648078 0 1061.62003977 0 11364
0.10450000 0.10450100 16774.90426999 0 -44.80980926 0 5161.10955074 0 142.80973828 0 816.30493279 0 12093
0.10550000 0.10551000 16767.92870536 0 417.68352360 0 5720.97058287 0 -468.71586869 0 285.53975582 0 12067
0.10650000 0.10649700 16321.38184542 0 413.89900298 0 5871.66492365 0 -426.90234124 0 -401.56000420 0 12054
0.10750000 0.10749900 15858.55866800 0 524.17382201 0 5905.86733502 0 -565.35954863 0 849.10448060 0 12807
0.10850000 0.10850100 15728.23740489 0 121.51987212 0 6003.21521482 0 117.01454315 0 -15.90129784 0 12736
0.10950000 0.10950300 15673.65084353 0 158.92439982 0 6633.54052210 0 120.34952738 0 276.07623980 0 12933
0.11050000 0.11050200 15634.56553692 0 286.08229973 0 6715.68609993 0 411.88716156 0 1125.76755361 0 13428
0.11150000 0.11150900 15164.65607162 0 590.45165114 0 6575.49939540 0 702.80696000 0 2023.11304621 0 13453
0.11250000 0.11250000 15016.39764230 0 29.26448667 0 6068.68587148 0 1222.93827622 0 2975.89766918 0 13668
0.11350000 0.11349100 15213.92791706 0 -247.40113298 0 6268.54133445 0 1192.01327300 0 2335.90622234 0 13791
0.11450000 0.11448600 15300.40277389 0 -91.17605523 0 5877.48896651 0 613.07241074 0 2984.53408254 0 14205
0.11550000 0.11549300 15159.34135571 0 208.89269449 0 5881.24248462 0 73.23911047 0 3256.03855942 0 14776
0.11650000 0.11649800 14894.71279254 0 374.47488323 0 5350.53488374 0 40.03830161 0 3314.52257911 0 14553
0.11750000 0.11747300 14820.52821625 0 122.19196223 0 5888.81595480 0 -262.89242263 0 2852.18658398 0 14568
0.11850000 0.11849100 14500.42730575 0 272.58292132 0 5831.30629969 0 125.95323097 0 2953.86374279 0 16015
0.11950000 0.11950300 14440.30458198 0 231.56327956 0 5837.06390859 0 362.95855818 0 2691.18390880 0 15270
0.12050000 0.12050700 14208.11793054 0 200.15330851 0 5558.32920361 0 32.91093540 0 2259.06428810 0 15999
0.12150000 0.12150000 14063.84553815 0 82.88520913 0 5886.34682636 0 502.76548197 0 2198.52081599 0 15670
0.12250000 0.12250700 13914.47987634 0 169.72434545 0 5157.75463632 0 452.71968102 0 1666.91635680 0 16887
0.12350000 0.12352200 13948.25046704 0 201.01916432 0 5157.85428724 0 650.90765188 0 1940.55779237 0 16407
0.12450000 0.12449800 13734.55459804 0 -26.21904372 0 4609.56383455 0 435.12243519 0 2070.84583851 0 16306
0.12550000 0.12549900 13658.93061953 0 70.67542438 0 4268.91268918 0 246.39908758 0 1965.33765531 0 17523
0.12650000 0.12650100 13631.02836099 0 109.33787891 0 4286.83878306 0 68.18747299 0 911.48485140 0 17154
0.12750000 0.12750600 13471.80833010 0 172.02296008 0 4278.94421547 0 -152.62646146 0 413.28227448 0 18007
0.12850000 0.12850300 13308.27009252 0 150.50832572 0 3908.75210748 0 -454.45139262 0 481.91297264 0 17496
0.12950000 0.12949900 13270.51346489 0 176.40095731 0 3982.63773099 0 34.20329715 0 660.10986104 0 18405
0.13050000 0.13049000 13002.56320428 0 245.93072824 0 3751.31472088 0 370.08470644 0 764.24950489 0 18100
0.13150000 0.13148800 12928.71079774 0 66.95611975 0 3223.23126098 0 965.13801577 0 217.31209029 0 19059
0.13250000 0.13249300 12707.59647111 0 80.08656831 0 3150.81825667 0 712.51960333 0 676.97633343 0 18957
0.13350000 0.13349100 12753.43589586 0 189.09648495 0 2744.57465907 0 718.90058413 0 616.93997380 0 19468
0.13450000 0.13450700 12529.11059504 0 68.96164994 0 2680.84235742 0 155.32700149 0 1155.48567342 0 19953
0.13550000 0.13551000 12411.63322871 0 118.63996043 0 2562.87780880 0 -7.02741633 0 734.80044257 0 19956
0.13650000 0.13649900 12419.60530258 0 152.60210235 0 2964.65925949 0 -695.68966961 0 1021.14847810 0 19723
0.13750000 0.13749600 12102.38319652 0 415.84773214 0 3181.48859642 0 -544.22026609 0 765.92917656 0 20946
0.13850000 0.13851100 11817.60300219 0 473.20237470 0 3403.92052970 0 -504.90576236 0 690.14132764 0 20955
0.13950000 0.13949800 11535.81233555 0 237.98301349 0 3586.32600876 0 100.14275604 0 368.81913971 0 20506
0.14050000 0.14048300 11377.69953714 0 312.61159000 0 3711.26612201 0 -48.85530458 0 -166.71820926 0 21447
0.14150000 0.14148400 11234.31293074 0 174.84529568 0 3430.54947089 0 -266.69687344 0 -150.79509894 0 21771
0.14250000 0.14249400 10942.63467805 0 248.02893380 0 3635.22139516 0 -18.52012411 0 -345.41778120 0 22470
0.14350000 0.14350900 10842.68480191 0 193.48998344 0 3272.51417875 0 345.48310792 0 26.25059985 0 22519
0.14450000 0.14449900 10635.73197872 0 -207.90615035 0 3215.82387568 0 688.24796010 0 -245.44133149 0 22218
0.14550000 0.14550500 10830.28379811 0 -100.63890691 0 2965.41217758 0 662.35422128 0 -480.37724119 0 23559
0.14650000 0.14650700 10849.07353333 0 186.57753105 0 3123.62462691 0 382.24986971 0 -5.77170398 0 23044
0.14750000 0.14750500 10567.50431319 0 309.53348370 0 2627.72841526 0 -217.09507272 0 240.61822680 0 23649
0.14850000 0.14849900 10420.50812890 0 227.74332750 0 2770.04100615 0 191.51800239 0 1052.20745645 0 23640
0.14950000 0.14949500 10298.39145847 0 67.36834240 0 2877.19896575 0 179.03617062 0 939.87761393 0 24457
0.15050000 0.15050000 10184.87798443 0 207.71349190 0 2851.86548656 0 -28.22656694 0 668.63887285 0 24591
0.15150000 0.15149900 9944.54210192 0 279.86076042 0 3053.33750896 0 -43.83345166 0 239.61839587 0 25020
0.15250000 0.15250500 9757.91806710 0 302.28332541 0 3107.35938175 0 -211.18909466 0 871.12290573 0 25297
0.15350000 0.15350100 9718.06877008 0 56.22260807 0 3074.87318074 0 55.00121992 0 668.46171565 0 25452
0.15450000 0.15450400 9584.04935047 0 24.82847045 0 3118.11060915 0 160.50774227 0 910.69760910 0 26061
0.15550000 0.15549900 9649.07711413 0 -38.89430901 0 2961.71402109 0 306.82297858 0 985.71150252 0 26128
0.15650000 0.15649500 9675.63962137 0 52.70913796 0 3029.19984086 0 394.29766635 0 1008.51495548 0 26331
0.15750000 0.15749700 9707.38397663 0 141.59842594 0 2906.87279626 0 170.46065505 0 1004.05170134 0 27345
0.15850000 0.15849900 9365.30450136 0 270.66962359 0 2925.95041193 0 220.12003186 0 891.44062178 0 26980
0.15950000 0.15949700 9209.73833765 0 207.51861898 0 2781.66694721 0 -75.64667678 0 1154.76597231 0 27777
0.16050000 0.16050000 9120.46218264 0 147.57083795 0 2728.11011207 0 117.52608456 0 792.21930461 0 28224
0.16150000 0.16150500 8988.77902357 0 14.78199653 0 2624.59494734 0 -48.01580092 0 971.47913619 0 28075
0.16250000 0.16249700 9061.75671645 0 -30.93596482 0 2535.66203439 0 124.85707082 0 555.78198767 0 28590
0.16350000 0.16349900 8932.60911977 0 -4.62731277 0 2269.82658782 0 127.50446368 0 547.81102103 0 29163
0.16450000 0.16449100 9051.24908020 0 114.09366386 0 2263.94718334 0 174.99145036 0 685.99142030 0 28996
0.16550000 0.16550500 8839.35800015 0 179.59753749 0 2413.83324441 0 -228.13750226 0 340.19385836 0 30777
0.16650000 0.16650700 8678.02315521 0 267.37449972 0 2468.40873344 0 -15.02968443 0 423.05913730 0 29211
0.16750000 0.16749900 8539.94019240 0 170.01997652 0 2659.95995281 0 -55.07285786 0 411.81076251 0 30922
0.16850000 0.16850800 8452.08129496 0 144.51598353 0 2741.58513137 0 -29.88686204 0 640.71668412 0 30867
0.16950000 0.16949900 8289.93817032 0 83.72748088 0 2617.02147716 0 170.90022634 0 432.17830402 0 30852
0.17050000 0.17049200 8338.16921723 0 99.02356544 0 2662.51765984 0 223.00769417 0 414.91322793 0 31257
0.17150000 0.17149500 8174.22130364 0 123.94803295 0 2447.61490744 0 29.60263547 0 299.98360354 0 32608
0.17250000 0.17250900 8173.14728813 0 133.21003266 0 2502.58900016 0 195.95025401 0 461.61297232 0 32361
0.17350000 0.17350400 7995.04894342 0 24.00424659 0 2177.92629183 0 245.57530662 0 647.78193458 0 32508
0.17450000 0.17449800 8099.53847274 0 -104.14219048 0 2027.99594146 0 269.26011664 0 469.57286663 0 32791
0.17550000 0.17549800 8081.95562093 0 32.57765842 0 2104.32854876 0 289.37299467 0 516.87383825 0 33633
0.17650000 0.17650100 8022.33115178 0 219.63838573 0 1874.43386855 0 93.97447460 0 282.61887653 0 33984
0.17750000 0.17750300 7878.22484426 0 139.86892881 0 1883.50210258 0 -85.11916138 0 340.70650699 0 34069
0.17850000 0.17849800 7714.08870115 0 103.38484347 0 1916.55299216 0 -45.80521127 0 596.80384389 0 34536
0.17950000 0.17950400 7801.08395725 0 61.09753124 0 2043.06537554 0 -12.73804536 0 531.42065860 0 35343
0.18050000 0.18050100 7699.48430472 0 11.77187430 0 2000.63622683 0 83.70799358 0 599.22536133 0 34990
0.18150000 0.18150500 7751.25849557 0 64.88116608 0 2021.79543956 0 -117.47625909 0 351.29054229 0 36243
0.18250000 0.18250200 7677.46145065 0 101.87701427 0 2028.74885955 0 -77.99168445 0 448.46569383 0 35694
0.18350000 0.18350400 7561.37919725 0 143.63351924 0 1987.79233004 0 239.86752317 0 309.81029182 0 37087
0.18450000 0.18450600 7466.26792706 0 23.05368750 0 1888.09711737 0 120.59311853 0 285.05146629 0 36651
0.18550000 0.18550700 7443.01604494 0 89.75558668 0 1804.56749894 0 237.17362655 0 132.53683531 0 37818
0.18650000 0.18651000 7378.04364290 0 50.12950772 0 1761.67331260 0 95.24723834 0 484.90360757 0 37267
0.18750000 0.18750100 7324.89648378 0 132.42389760 0 1622.53847892 0 141.82762307 0 245.04051333 0 38334
0.18850000 0.18850000 7292.08918534 0 76.10772838 0 1698.17352976 0 1.76798454 0 463.02026480 0 38223
0.18950000 0.18949500 7300.24948873 0 50.42458518 0 1774.99331935 0 -98.69992139 0 212.35279600 0 39064
0.19050000 0.19050000 7272.50224273 0 -19.80993923 0 1791.87861470 0 -100.14009868 0 276.76715286 0 39609
0.19150000 0.19149800 7226.33064824 0 114.55648704 0 1860.80383670 0 -133.53334455 0 555.99457630 0 39576
0.19250000 0.19250400 7220.38480981 0 96.32546133 0 1988.08021049 0 43.41835020 0 266.27833956 0 40909
0.19350000 0.19350500 7203.88704583 0 70.85844991 0 1932.14282550 0 112.46160318 0 564.41507933 0 40191
0.19450000 0.19450100 7115.71812330 0 146.98843366 0 2059.74029671 0 -136.71442347 0 436.79989240 0 41232
0.19550000 0.19549800 7029.55329156 0 117.55376537 0 1943.15978870 0 42.17537102 0 449.47659708 0 40873
0.19650000 0.19649700 6898.43482106 0 147.01390001 0 1940.08168240 0 -141.78111930 0 356.11696868 0 42816
0.19750000 0.19750200 6873.26742675 0 24.06381570 0 1842.66736864 0 84.93702164 0 129.90494370 0 41727
0.19850000 0.19849000 6849.58372396 0 -36.97547512 0 1768.88139605 0 170.29678464 0 -96.83921720 0 42610
0.19950000 0.19949900 6750.51963381 0 113.67070105 0 1509.13572813 0 272.49655718 0 -72.06511187 0 43863
0.20050000 0.20050100 6786.27217065 0 125.99862751 0 1500.67647197 0 80.54972365 0 -192.72488579 0 43302
0.20150000 0.20150100 6564.54886615 0 111.49609646 0 1474.13610938 0 42.61084556 0 -344.72686814 0 44487
0.20250000 0.20249700 6524.05737429 0 167.92952159 0 1323.54141952 0 32.39961544 0 -42.93703624 0 43759
0.20350000 0.20349100 6435.01373810 0 33.18674701 0 1526.68536297 0 -27.97511444 0 -44.61903311 0 45282
0.20450000 0.20449700 6464.15609702 0 -15.23352593 0 1343.11728980 0 131.08525353 0 -40.96405869 0 45483
0.20550000 0.20549900 6466.44806826 0 17.34989010 0 1498.37342841 0 105.74236287 0 -17.31036190 0 46138
0.20650000 0.20650200 6410.75427442 0 107.89006171 0 1399.39791685 0 0.58088627 0 99.00274947 0 46227
0.20750000 0.20749300 6401.35387065 0 29.43422540 0 1291.57561777 0 234.68346069 0 115.07577907 0 46236
0.20850000 0.20850300 6281.79490726 0 84.09253543 0 1290.84484433 0 56.64379931 0 75.22105661 0 48361
0.20950000 0.20950400 6289.73376416 0 146.93639374 0 1191.58145233 0 -0.98619868 0 121.72028120 0 46812
0.21050000 0.21050300 6068.87410100 0 176.10089731 0 1285.96194909 0 -39.85793344 0 39.36023244 0 48813
0.21150000 0.21149700 6041.40366312 0 128.14444406 0 1143.47220100 0 38.33349575 0 312.95151037 0 47215
0.21250000 0.21249000 5883.19121379 0 88.35028721 0 1271.56792682 0 112.22797713 0 354.30775080 0 50004
0.21350000 0.21350300 5846.17643192 0 104.47325300 0 1192.83262504 0 146.70608938 0 302.00983899 0 49509
0.21450000 0.21449800 5809.21701168 0 15.38322376 0 1084.26294403 0 235.92909724 0 450.78866757 0 49660
0.21550000 0.21550100 5782.56592584 0 -20.29025668 0 955.26703819 0 158.59444454 0 430.97031338 0 50841
0.21650000 0.21649800 5779.73141068 0 56.20644248 0 969.23477595 0 13.89288884 0 344.61614489 0 50424
0.21750000 0.21750300 5736.19502950 0 98.09459739 0 1001.05553025 0 -146.85667300 0 263.55122596 0 52231
0.21850000 0.21850300 5709.99790898 0 110.67951250 0 1025.71581208 0 -175.40776978 0 277.46028040 0 51078
0.21950000 0.21950100 5657.24935354 0 94.48103346 0 1039.79205863 0 -96.70745654 0 301.82825286 0 52791
0.22050000 0.22050700 5599.57361356 0 -10.77681554 0 1062.12272332 0 32.16776096 0 250.37405219 0 52969
0.22150000 0.22150000 5665.39858461 0 -5.96845919 0 1154.69953836 0 200.21752800 0 64.74863035 0 52704
0.22250000 0.22250100 5684.59799584 0 -37.44704543 0 1041.74521672 0 281.86817291 0 162.82739432 0 54051
0.22350000 0.22349900 5748.18635728 0 -27.82951337 0 988.59695036 0 36.13962532 0 151.59894972 0 53938
0.22450000 0.22449800 5738.97418303 0 32.81737425 0 961.47086179 0 88.65876218 0 182.10763352 0 54735
0.22550000 0.22549100 5783.14168673 0 58.15904696 0 1015.68760750 0 -153.87763417 0 370.25743470 0 54774
0.22650000 0.22649900 5637.41881979 0 130.81951773 0 1040.23273715 0 -92.10679485 0 232.83659691 0 56911
0.22750000 0.22749800 5635.24864413 0 125.84804389 0 1105.60927905 0 -43.18173462 0 394.37960155 0 54879
0.22850000 0.22849100 5516.25436930 0 97.22353760 0 1056.56552349 0 17.43846870 0 261.32568867 0 57210
0.22950000 0.22949800 5449.46610599 0 143.64126987 0 1049.29432779 0 33.86204810 0 267.96133294 0 57375
0.23050000 0.23049600 5383.17609730 0 79.97086251 0 1032.68251886 0 26.00280122 0 219.82107909 0 57604
0.23150000 0.23150100 5252.15727772 0 98.67069045 0 1037.08819691 0 104.65882516 0 283.64749551 0 58629
0.23250000 0.23250200 5210.22638364 0 65.73318147 0 955.34233000 0 7.17005002 0 145.42280694 0 58560
0.23350000 0.23350400 5117.63960350 0 97.89463121 0 883.71103182 0 8.01844477 0 81.00103161 0 59305
0.23450000 0.23449700 5110.44259237 0 43.19037104 0 921.16981391 0 72.04972134 0 37.91285813 0 59196
0.23550000 0.23549300 5072.24307175 0 20.30155045 0 840.87774326 0 80.43180339 0 -121.06258510 0 60063
0.23650000 0.23649900 5027.99806177 0 99.78323765 0 724.85860211 0 45.78926712 0 -37.67502460 0 61537
0.23750000 0.23750400 4966.82346715 0 64.43384416 0 700.49505858 0 38.22310468 0 -91.41831770 0 61224
0.23850000 0.23850100 4978.77050563 0 21.43004179 0 760.14277961 0 63.11590533 0 38.85765961 0 61221
0.23950000 0.23949400 4944.15841824 0 45.39542452 0 704.56303072 0 58.31859916 0 -62.47337832 0 62332
0.24050000 0.24050100 4930.07442108 0 100.57369092 0 834.51226372 0 -46.39226593 0 142.86952883 0 63447
0.24150000 0.24150500 4903.79979428 0 85.48731618 0 765.09543050 0 -5.18647625 0 290.46583313 0 63342
0.24250000 0.24250300 4867.05074821 0 3.50709245 0 822.86639248 0 16.69496208 0 274.64680266 0 63379
0.24350000 0.24349600 4893.92328054 0 4.97583634 0 895.74221997 0 67.01657464 0 237.64198589 0 64266
0.24450000 0.24449500 4890.78981262 0 10.99199510 0 860.54108491 0 54.69340929 0 158.28109775 0 64695
0.24550000 0.24549600 4860.79488469 0 102.67256081 0 813.43830789 0 68.17617922 0 245.16673783 0 65947
0.24650000 0.24650000 4773.63354371 0 108.35188838 0 695.50697625 0 -14.02132781 0 278.67269997 0 66018
0.24750000 0.24750000 4747.87931618 0 13.24393989 0 747.54025950 0 106.74451899 0 271.16012758 0 66303
0.24850000 0.24849600 4767.20052299 0 1.15770014 0 620.78539221 0 42.21301692 0 170.33110885 0 66958
0.24950000 0.24949200 4719.54523697 0 67.29482217 0 658.95944649 0 -87.94404361 0 89.79290041 0 66975
0.25050000 0.25048900 4717.08718086 0 76.00896325 0 717.53758094 0 -67.91930129 0 201.69457613 0 68676
0.25150000 0.25150000 4668.03678192 0 113.68509508 0 854.74472286 0 -137.86483801 0 239.65161284 0 69349
0.25250000 0.25249900 4610.56034378 0 102.31990727 0 767.99084344 0 -10.20928139 0 240.81974311 0 68592
0.25350000 0.25349900 4480.44945484 0 81.15825863 0 876.21174622 0 96.36033915 0 174.64820829 0 70437
0.25450000 0.25450100 4528.34833201 0 16.27676038 0 790.12884969 0 141.38362284 0 337.21651021 0 70099
0.25550000 0.25550100 4441.72953495 0 13.42242576 0 775.98395473 0 161.24958803 0 301.07201307 0 71064
0.25650000 0.25650300 4497.14652067 0 37.99667563 0 693.39437668 0 71.44495096 0 366.91248538 0 71409
0.25750000 0.25750600 4435.21900796 0 98.12870015 0 640.87944729 0 53.77794947 0 448.82554438 0 72612
0.25850000 0.25850600 4390.78576846 0 88.29913307 0 595.92137960 0 35.13027218 0 481.89082799 0 71845
0.25950000 0.25949600 4320.84189258 0 77.73934617 0 616.60891129 0 50.21708981 0 583.44065506 0 72816
0.26050000 0.26049800 4292.99499566 0 -0.82212012 0 594.24835132 0 91.40945984 0 434.35401585 0 73743
0.26150000 0.26149900 4314.76318625 0 -14.84267287 0 511.64880817 0 145.92770495 0 467.47133938 0 74662
0.26250000 0.26250300 4326.85416496 0 28.66890631 0 524.92231116 0 2.07503118 0 397.42006195 0 74931
0.26350000 0.26350100 4267.72795042 0 81.90674778 0 585.84224232 0 -52.19161750 0 465.39306401 0 75087
0.26450000 0.26450200 4221.29062013 0 130.96456519 0 510.36441849 0 -8.57863797 0 450.76320123 0 76678
0.26550000 0.26550600 4146.81816340 0 52.70625916 0 488.16219277 0 81.12437731 0 550.49163087 0 76035
0.26650000 0.26650100 4158.63233399 0 24.88781811 0 466.83910963 0 43.51180063 0 592.11914326 0 77094
0.26750000 0.26750600 4145.47841210 0 20.85007342 0 433.21245916 0 96.63725800 0 454.93968215 0 78463
0.26850000 0.26850100 4144.01686523 0 25.99272540 0 402.64066310 0 34.09611705 0 533.53657987 0 77076
0.26950000 0.26949700 4092.36446995 0 50.31829086 0 365.49079887 0 60.37727651 0 475.33047553 0 79149
0.27050000 0.27049900 4119.07091741 0 26.09536586 0 330.59525997 0 70.00444150 0 499.36959995 0 79648
0.27150000 0.27150200 4072.43428527 0 50.94354504 0 263.31095651 0 29.30501137 0 441.84665805 0 80241
0.27250000 0.27250500 4049.33741570 0 45.30507435 0 225.30298711 0 37.05076692 0 438.56592821 0 80835
0.27350000 0.27350000 4038.47546505 0 59.30458968 0 221.58822213 0 9.74271577 0 421.95301205 0 80680
0.27450000 0.27450400 3955.97557283 0 49.59139274 0 130.27254489 0 -3.13604778 0 217.81477383 0 82617
0.27550000 0.27550800 3943.62993066 0 97.14558843 0 246.21639422 0 -120.09707838 0 372.75092225 0 82548
0.27650000 0.27649900 3918.38503007 0 67.62577396 0 183.87699103 0 -77.17321820 0 245.34168056 0 81181
0.27750000 0.27748900 3881.89064747 0 74.70719002 0 329.49909981 0 -86.79584353 0 357.07140308 0 84096
0.27850000 0.27849800 3861.76116095 0 71.39291103 0 366.09645504 0 -36.52959260 0 312.13437280 0 85215
0.27950000 0.27950200 3834.15785518 0 37.53307739 0 388.50794770 0 33.85363313 0 495.37027622 0 84514
0.28050000 0.28050300 3812.50038783 0 11.33086360 0 331.05586868 0 129.81747234 0 342.74713646 0 85815
0.28150000 0.28150100 3841.39915561 0 26.00003314 0 399.68545961 0 84.23171455 0 437.26935897 0 85485
0.28250000 0.28250000 3780.75603257 0 85.46483936 0 365.64691865 0 0.47365413 0 327.46400651 0 87220
0.28350000 0.28350400 3740.64099976 0 75.09859670 0 405.31684401 0 -52.03272964 0 441.91198477 0 87147
0.28450000 0.28449700 3709.46133307 0 31.94565012 0 369.69938953 0 -25.24689360 0 455.14009123 0 87102
0.28550000 0.28549800 3694.30332039 0 75.78430577 0 401.24997910 0 -83.16456388 0 395.12698348 0 88971
0.28650000 0.28649900 3674.63887151 0 72.94303650 0 454.15686878 0 -36.16630962 0 362.44037338 0 89434
0.28750000 0.28750100 3627.79186521 0 39.26611767 0 430.15760474 0 -45.53958619 0 230.92108472 0 89619
0.28850000 0.28849900 3626.24173973 0 35.41006983 0 409.57526013 0 -36.56923152 0 248.40096391 0 90240
0.28950000 0.28950100 3617.30637360 0 34.63389986 0 425.99994677 0 14.00737668 0 136.34350058 0 91333
0.29050000 0.29050500 3589.79164643 0 74.35730455 0 393.53921210 0 -31.88209498 0 70.27682069 0 92139
0.29150000 0.29150600 3560.46105798 0 55.46348948 0 374.84580611 0 -27.29250562 0 66.34658827 0 92370
0.29250000 0.29250200 3501.99918294 0 95.03542477 0 344.02820444 0 71.37663471 0 27.24179437 0 91819
0.29350000 0.29349600 3487.90411345 0 25.89728196 0 343.78461329 0 13.86299357 0 166.76471302 0 93552
0.29450000 0.29450000 3498.12386925 0 -34.19455001 0 330.39485089 0 132.41171804 0 81.52098799 0 94701
0.29550000 0.29550200 3536.84378915 0 20.24264568 0 358.99023697 0 19.98687498 0 103.44275173 0 95020
0.29650000 0.29650300 3540.70803051 0 55.34191536 0 344.77447913 0 17.60787527 0 117.83389518 0 95151
0.29750000 0.29749800 3451.22150132 0 71.64702088 0 345.04685832 0 -11.52296844 0 198.91985153 0 95802
0.29850000 0.29850000 3442.21970124 0 68.25147103 0 290.51344413 0 -6.96557740 0 117.68774050 0 97399
0.29950000 0.29950700 3417.45091063 0 46.68269301 0 330.54986344 0 13.45254248 0 92.01511600 0 97881
0.30050000 0.30050300 3364.29267917 0 72.72380447 0 261.78740462 0 41.93377289 0 51.53458574 0 97188
0.30150000 0.30149700 3333.63341175 0 67.98994272 0 204.45933564 0 -22.73535817 0 99.35861399 0 98263
0.30250000 0.30249700 3292.11219368 0 67.33922219 0 227.61821023 0 27.86804506 0 47.40084400 0 100050
0.30350000 0.30350600 3276.15697361 0 36.70564256 0 177.67981083 0 69.86216212 0 104.36640506 0 100779
0.30450000 0.30450500 3242.06528550 0 22.54812515 0 158.83249952 0 76.99960415 0 162.73217232 0 99982
0.30550000 0.30550300 3237.19346258 0 45.25059852 0 155.37018355 0 81.42000838 0 173.65723522 0 101559
0.30650000 0.30649700 3248.14399182 0 48.22861100 0 208.95912844 0 36.64142308 0 246.27175585 0 100935
0.30750000 0.30749800 3163.61786416 0 67.84312369 0 138.59007529 0 60.44847156 0 297.49122323 0 103762
0.30850000 0.30850200 3181.94256173 0 58.51579726 0 215.01790458 0 -51.44301762 0 331.58623304 0 102951
0.30950000 0.30950100 3125.69515165 0 65.84600846 0 189.33675440 0 -42.73729150 0 282.51590391 0 104394
0.31050000 0.31050000 3113.12806299 0 49.60445808 0 222.33892575 0 -43.27241696 0 331.98483673 0 103963
0.31150000 0.31149700 3086.66520667 0 48.15165834 0 201.15978284 0 -96.22182437 0 245.03165547 0 105936
0.31250000 0.31250000 3109.51848509 0 31.47950525 0 276.78486858 0 -39.16203782 0 162.26159852 0 105717
0.31350000 0.31349800 3074.66280657 0 22.90542908 0 181.38128902 0 2.65528743 0 178.11052427 0 106776
0.31450000 0.31450400 3094.75907611 0 20.39511159 0 226.90958144 0 -28.20630458 0 98.60447795 0 108733
0.31550000 0.31549900 3120.75689479 0 33.54283298 0 184.86021347 0 64.09093426 0 97.76231692 0 105891
0.31650000 0.31650000 3016.13449757 0 78.72046487 0 212.73368397 0 17.06577424 0 77.43098192 0 111072
0.31750000 0.31750600 3028.34727185 0 62.55099532 0 140.66945789 0 50.81610259 0 150.34888425 0 108121
0.31850000 0.31849900 2998.07553579 0 14.77502096 0 94.15096746 0 46.71092744 0 140.83775723 0 110484
0.31950000 0.31950100 3007.24342074 0 14.10115927 0 112.10064539 0 43.28360001 0 51.87384178 0 110817
0.32050000 0.32049800 2994.56560883 0 34.57410931 0 15.23208653 0 -19.36051356 0 112.06632119 0 111088
0.32150000 0.32149900 2983.39363308 0 61.06841103 0 -11.31525163 0 7.92448502 0 76.53423433 0 112635
0.32250000 0.32250100 2953.34334353 0 35.61258265 0 3.85434270 0 -16.98649640 0 10.12912883 0 113202
0.32350000 0.32350400 2928.18702154 0 39.16834905 0 -23.66941949 0 53.17140752 0 -70.25711195 0 113863
0.32450000 0.32450300 2864.33292431 0 96.31151020 0 -13.01086745 0 16.61457701 0 -56.74311806 0 114045
0.32550000 0.32549900 2840.17311156 0 51.45220765 0 -44.81911002 0 1.09845324 0 -57.33249791 0 114828
0.32650000 0.32650300 2839.85201414 0 1.73465684 0 -44.96969363 0 74.78746437 0 56.46475981 0 116431
0.32750000 0.32750400 2848.41092122 0 -4.20077360 0 -77.45268368 0 72.44943226 0 78.04759969 0 116442
0.32850000 0.32850400 2884.96066545 0 26.06159527 0 -143.07879577 0 59.89585183 0 60.16612728 0 116955
0.32950000 0.32949800 2887.57373410 0 35.05143723 0 -95.62945499 0 60.10412226 0 32.11472452 0 117028
0.33050000 0.33049700 2846.58398763 0 43.48865947 0 -156.25043338 0 -22.24961528 0 115.57181922 0 119061
0.33150000 0.33150100 2831.79136167 0 96.05274997 0 -76.40490958 0 9.11911136 0 144.27128515 0 120060
0.33250000 0.33250400 2786.06266017 0 74.27481573 0 -123.56382328 0 -40.69068299 0 177.83260891 0 119737
0.33350000 0.33350100 2745.65974690 0 56.08918656 0 -103.95462530 0 -15.59658746 0 247.06785600 0 120531
0.33450000 0.33450000 2764.92559209 0 29.31608370 0 -62.88925484 0 -41.77377780 0 191.17254585 0 121704
0.33550000 0.33550300 2700.48466164 0 28.56681948 0 -89.86498125 0 33.85130794 0 232.35716525 0 122761
0.33650000 0.33650300 2737.24478004 0 37.80124910 0 -87.61619208 0 16.45690710 0 232.74137492 0 122472
0.33750000 0.33749900 2684.62909250 0 5.24487169 0 -124.66441237 0 46.52325153 0 215.50287241 0 122985
0.33850000 0.33849800 2736.87939332 0 31.26935252 0 -136.67124140 0 44.93824823 0 118.79497298 0 125380
0.33950000 0.33950300 2669.65930935 0 70.90528584 0 -188.03575623 0 -39.64368395 0 153.99610804 0 125223
0.34050000 0.34050000 2644.61371061 0 82.69011476 0 -168.26944197 0 -23.16286063 0 241.91590327 0 125178
0.34150000 0.34149900 2626.78726765 0 47.92312556 0 -151.78828647 0 -27.42637002 0 173.67827264 0 127059
0.34250000 0.34250300 2610.98706013 0 21.82820259 0 -172.28980311 0 44.22585485 0 235.79733657 0 127957
0.34350000 0.34349800 2604.86406451 0 5.00524443 0 -220.25400699 0 65.07050283 0 168.55178625 0 126732
0.34450000 0.34449700 2660.56893067 0 1.79543283 0 -223.05862687 0 91.62802753 0 171.29883004 0 129639
0.34550000 0.34550000 2650.71456158 0 -5.55898247 0 -258.72369234 0 69.16825953 0 201.72114971 0 129826
0.34650000 0.34650400 2658.29910408 0 30.14052901 0 -310.06384806 0 89.72890237 0 269.44945339 0 130875
0.34750000 0.34750200 2677.76425112 0 19.45031012 0 -330.01949908 0 6.94666587 0 225.19780002 0 130686
0.34850000 0.34850200 2641.95635265 0 94.18839192 0 -282.69084664 0 -56.26268989 0 230.64316937 0 132211
0.34950000 0.34950400 2599.56042092 0 123.28590793 0 -283.56445307 0 -106.15192816 0 340.95231261 0 132768
0.35050000 0.35050300 2500.54062007 0 90.21276297 0 -239.88080996 0 -63.78589171 0 383.72581061 0 132957
0.35150000 0.35150100 2487.44205981 0 31.33678298 0 -195.12093688 0 8.89167473 0 384.64813527 0 133987
0.35250000 0.35249800 2499.86520825 0 -2.56602235 0 -183.81277155 0 69.81255811 0 376.43136302 0 134778
0.35350000 0.35349800 2509.15488878 0 3.17893089 0 -190.00884452 0 62.71209765 0 350.82550465 0 135699
0.35450000 0.35450100 2531.11130889 0 13.97692779 0 -229.43628596 0 28.00822069 0 389.89420277 0 137380
0.35550000 0.35550100 2512.68696039 0 46.33203248 0 -208.64135272 0 -7.72962317 0 368.13597727 0 136161
0.35650000 0.35649900 2521.83270069 0 40.05280635 0 -177.25795525 0 -36.40192869 0 339.01908469 0 138792
0.35750000 0.35750000 2508.65663416 0 56.54082669 0 -205.97845860 0 -68.20629595 0 351.59060229 0 138097
0.35850000 0.35849800 2460.83526327 0 73.83159057 0 -138.39520237 0 -24.90066201 0 366.85823098 0 140028
0.35950000 0.35950300 2462.95007731 0 35.32027328 0 -158.35749679 0 -39.10390812 0 302.87680202 0 141099
0.36050000 0.36050500 2425.01629248 0 35.18729466 0 -125.84915112 0 11.71219447 0 280.02352359 0 140821
0.36150000 0.36150200 2406.61408863 0 70.98877117 0 -141.43455554 0 -11.65129668 0 125.37747008 0 141756
0.36250000 0.36250400 2370.95013039 0 66.26354583 0 -192.21112992 0 -40.99417541 0 141.56299450 0 142971
0.36350000 0.36349900 2345.63879586 0 30.30550664 0 -190.75622644 0 13.31004166 0 108.55528699 0 142270
0.36450000 0.36450000 2338.00996406 0 11.39862623 0 -241.74981839 0 41.76469849 0 73.68632167 0 145311
0.36550000 0.36550300 2374.29397249 0 6.00988075 0 -251.65733464 0 30.33817000 0 73.50883230 0 145434
0.36650000 0.36650100 2347.24428295 0 38.31533714 0 -324.35489770 0 39.87188456 0 25.02666506 0 144547
0.36750000 0.36749600 2365.17037684 0 77.68243442 0 -261.92248698 0 -31.33744732 0 98.39222148 0 146892
0.36850000 0.36849900 2325.56467096 0 48.74170253 0 -284.92856349 0 -35.27022637 0 190.10185204 0 148113
0.36950000 0.36949900 2335.18652123 0 38.42052423 0 -212.21549917 0 -42.40877563 0 216.64332187 0 147387
0.37050000 0.37049800 2291.19617472 0 43.20841893 0 -167.65382071 0 -25.15853645 0 250.94870585 0 149758
0.37150000 0.37150100 2321.33504288 0 55.08835912 0 -114.00508526 0 -22.44061288 0 254.71661799 0 150099
0.37250000 0.37250000 2280.81033404 0 47.98169816 0 -150.25255502 0 25.35307720 0 307.34227062 0 150468
0.37350000 0.37349800 2256.11904970 0 45.14707228 0 -185.56773503 0 35.98295192 0 300.55714997 0 150709
0.37450000 0.37449700 2259.72862759 0 15.60168073 0 -172.79248665 0 36.01196141 0 296.36184610 0 153108
0.37550000 0.37550100 2255.76473530 0 19.89154226 0 -199.60744290 0 64.26997375 0 239.47002671 0 153189
0.37650000 0.37649900 2265.64124904 0 12.59144778 0 -290.18681054 0 31.92882019 0 216.54367094 0 153547
0.37750000 0.37749900 2249.51994411 0 33.31396802 0 -315.82256420 0 10.05440171 0 229.03989673 0 155424
0.37850000 0.37850200 2276.02708972 0 32.05305167 0 -377.22746318 0 6.36308792 0 213.36480649 0 155313
0.37950000 0.37949900 2242.71046434 0 48.86471606 0 -364.11229443 0 -6.62552416 0 198.63861448 0 156100
0.38050000 0.38050000 2240.97210935 0 70.04430187 0 -383.74352633 0 3.15560150 0 183.27687103 0 157557
0.38150000 0.38149800 2181.97876271 0 33.04590704 0 -375.12261423 0 19.67740350 0 204.32868220 0 157692
0.38250000 0.38250100 2171.34933089 0 50.99724582 0 -401.70726612 0 25.97799921 0 186.32840375 0 159703
0.38350000 0.38350500 2168.99092570 0 43.05927471 0 -426.58345829 0 -8.10506356 0 153.94628258 0 160338
0.38450000 0.38450600 2145.16328269 0 27.15288360 0 -410.96040797 0 45.79502473 0 219.03494403 0 160167
0.38550000 0.38550000 2136.28327818 0 37.45247087 0 -432.12847856 0 -12.13980765 0 211.29206728 0 160033
0.38650000 0.38649600 2153.87720232 0 25.80128491 0 -439.42292615 0 11.50757791 0 205.47798952 0 162444
0.38750000 0.38750200 2117.64855552 0 37.46232524 0 -453.06513756 0 -1.56422054 0 233.70909611 0 164307
0.38850000 0.38850400 2127.14861021 0 48.63994787 0 -423.39905767 0 20.07312839 0 184.80042292 0 163882
0.38950000 0.38950500 2120.61593857 0 23.32385223 0 -396.96498940 0 -24.34759938 0 191.10611190 0 164595
0.39050000 0.39050100 2112.97603444 0 41.74421469 0 -403.78997042 0 -47.13234012 0 215.52390983 0 165006
0.39150000 0.39150100 2108.73533404 0 53.74107863 0 -367.55025128 0 -57.08591724 0 224.25000902 0 166687
0.39250000 0.39250100 2112.95388979 0 53.68759930 0 -357.21645053 0 -89.58363347 0 173.58526511 0 167256
0.39350000 0.39350100 2084.61981058 0 59.55216687 0 -312.83414373 0 -52.38792982 0 190.43955795 0 167937
0.39450000 0.39449600 2047.69360731 0 68.41213046 0 -268.63563752 0 -24.22126416 0 182.40105013 0 167719
0.39550000 0.39549700 2037.92781682 0 37.07058639 0 -293.61923124 0 72.67818649 0 247.60597099 0 171636
0.39650000 0.39650400 2022.54835765 0 5.75283673 0 -316.05508302 0 110.29962104 0 246.61499792 0 171093
0.39750000 0.39750000 2044.90338146 0 20.87675772 0 -372.46082734 0 86.16073498 0 257.15363668 0 170464
0.39850000 0.39849800 2024.40850822 0 33.55257662 0 -355.07284845 0 30.00400724 0 265.32944133 0 172113
0.39950000 0.39949500 1992.91881643 0 69.06030436 0 -362.52009412 0 -19.79964196 0 315.38188567 0 173232
