### header ###
fiducial parameters:
Omega_m = 0.31
Omega_nu = 0
Omega_de = 0.69
Omega_k = 0
H_0 = 100
w_de = -1
zeff = 0
beta = 0
fgrowth = 0
b_1 = 2
gamma = 0.55
Lx = 3500 Ly = 3500 Lz = 3500
nx = 700 ny = 700 nz = 700
xoffset = -685.467585 yoffset = -31.7331281 zoffset = 572.489161
bins = 400 dk = 0.001
kx_ny = 0.628318531 ky_ny = 0.628318531 kz_ny = 0.628318531
############################
A(data) = 8.07338354 (not used)
A(ran) = 8.06850976 (used)
Ngal = 479552
weighted Ngal = 0
Nran = 23820508
weighted Nran = 0
SN(data) = 3496.17286
SN(ran) = 70.2796462
SN(data+ran) = 3566.45251
############################
13 columns: k_central k_mean P_0(k) sigma^{lin}_{P_0(k)} P^img_1(k) sigma^{lin}_{P_1(k)} P_2(k) sigma^{lin}_{P_2(k)} P^img_3(k) sigma^{lin}_{P_3(k)} P_4(k) sigma^{lin}_{P_4(k)} N_modes
### header ###
0.00050000 0 0 0 0 0 0 0 0 0 0 0 0
0.00150000 0.00179520 96193.70066644 0 -135741.16611419 0 -27674.83299121 0 -94135.24475941 0 698.88957148 0 3
0.00250000 0.00253879 151136.12654204 0 -117071.01200499 0 -63887.53565009 0 -100787.38678720 0 -76370.47465063 0 6
0.00350000 0.00331552 179279.76176608 0 -46057.32810163 0 -62303.19669179 0 -26604.91424399 0 125577.87916316 0 7
0.00450000 0.00420575 173257.52429721 0 13666.12763066 0 -67073.37567015 0 -104304.95365884 0 62293.45304595 0 24
0.00550000 0.00557378 100721.50645453 0 50973.66176760 0 -62620.86169083 0 -52488.35580279 0 42046.15698958 0 45
0.00650000 0.00659388 69822.19102963 0 18077.78473140 0 -85817.93580214 0 -32553.07785981 0 35245.64580921 0 40
0.00750000 0.00754703 54048.77853948 0 -10825.92130213 0 -74323.86613115 0 -2612.12750959 0 28365.30316690 0 57
0.00850000 0.00846663 63089.55320041 0 -12895.05093029 0 -60994.78006797 0 -13932.63848905 0 30525.29229253 0 75
0.00950000 0.00948925 75450.91807444 0 -14319.06262522 0 -71216.63961729 0 -15673.65084353 0 42570.76373948 0 112
0.01050000 0.01054430 101905.80231713 0 -8050.67630331 0 -59164.74622194 0 -41514.02105879 0 28010.98877271 0 105
0.01150000 0.01145670 90782.65552757 0 5516.97407041 0 -34177.49863396 0 -33802.36826910 0 22617.43790705 0 144
0.01250000 0.01249090 89364.95505779 0 13176.62015043 0 -13369.94294176 0 -33106.47265425 0 11237.41318169 0 169
0.01350000 0.01339930 83563.27829932 0 9592.05464132 0 10018.30592986 0 -39369.75463441 0 13848.71026692 0 180
0.01450000 0.01448870 71397.89357457 0 12420.93398156 0 21256.20629384 0 -12748.34262644 0 -19171.73042349 0 267
0.01550000 0.01550050 65180.89391215 0 2930.34612488 0 29588.90578261 0 -611.84006099 0 -10940.97382932 0 238
0.01650000 0.01653350 66074.98414126 0 -1307.38689761 0 40730.43263138 0 3450.64574043 0 -28077.31199837 0 315
0.01750000 0.01747870 68625.27271674 0 -4167.36839827 0 31947.20024574 0 16880.31280227 0 -6734.59763072 0 297
0.01850000 0.01844180 69178.77823442 0 -2590.28181272 0 29385.28572920 0 16882.63799048 0 -15403.04322496 0 388
0.01950000 0.01947590 70578.87370774 0 -1285.93980444 0 22181.74192544 0 10187.91180143 0 -11062.01648424 0 399
0.02050000 0.02045430 69765.61144981 0 -2429.52272868 0 16872.89434464 0 14167.37177520 0 4726.41007836 0 462
0.02150000 0.02154770 73260.81222531 0 3293.56266823 0 12356.82522086 0 4290.78053070 0 -2812.92412018 0 571
0.02250000 0.02255340 65494.90504401 0 10042.34394704 0 2346.85675159 0 -4327.16419005 0 5981.24772238 0 510
0.02350000 0.02348930 62008.45140511 0 6165.22547157 0 11087.93679664 0 -1085.35910419 0 9449.83062902 0 555
0.02450000 0.02439640 55480.20869204 0 3425.23475497 0 2599.02894933 0 -4485.46521798 0 5428.96016043 0 592
0.02550000 0.02547300 54936.22537370 0 329.74822712 0 6274.19929243 0 1113.83158746 0 -10537.28793876 0 837
0.02650000 0.02652900 56867.90316156 0 -2994.84241695 0 6129.38435613 0 -8129.24552023 0 -11500.04872639 0 723
0.02750000 0.02749970 56566.95737299 0 -65.84822293 0 13854.80004557 0 -8248.21765040 0 -17591.70967187 0 826
0.02850000 0.02848090 59870.49620588 0 -229.65662523 0 9586.83957633 0 -9349.22748572 0 -13070.76872516 0 831
0.02950000 0.02946900 59993.95262761 0 1966.55561104 0 14686.55308595 0 -6478.48368534 0 -19742.28732139 0 996
0.03050000 0.03053250 58126.16215395 0 4497.19080997 0 22778.54023316 0 -7078.58154586 0 -11267.86207494 0 1041
0.03150000 0.03150510 55451.19920101 0 4500.19140999 0 28311.82383803 0 157.55253877 0 -9310.14217911 0 1036
0.03250000 0.03246190 52530.09846736 0 1582.36808448 0 31460.79301645 0 6330.12560509 0 -2395.69677636 0 1059
0.03350000 0.03345080 53468.81016548 0 1123.12126798 0 36106.96195685 0 6783.44872782 0 247.78644988 0 1302
0.03450000 0.03451200 51400.38916611 0 2324.98891007 0 32862.54933849 0 4832.93691544 0 -2837.60433220 0 1339
0.03550000 0.03553350 50380.29588057 0 1490.83317521 0 30357.43584828 0 4802.78697496 0 5856.59548957 0 1365
0.03650000 0.03647120 49962.97995816 0 -524.79940836 0 28733.67941362 0 4634.56514399 0 4028.68752991 0 1308
0.03750000 0.03744890 52215.20154952 0 -2153.43430933 0 26850.16623872 0 6531.01079428 0 2554.89466260 0 1579
0.03850000 0.03847530 52073.14362209 0 -874.32723654 0 24886.60015538 0 1931.30132882 0 -4806.07545543 0 1662
0.03950000 0.03950240 50319.06592432 0 2913.33903396 0 24593.40499418 0 -1149.96058334 0 -3934.73885383 0 1683
0.04050000 0.04050350 48916.42381630 0 4286.30731147 0 25681.37163086 0 -726.73868287 0 894.56523184 0 1822
0.04150000 0.04152450 45833.99931003 0 2266.71526455 0 23262.17938124 0 443.39567629 0 2181.29227857 0 1887
0.04250000 0.04250150 45539.47546986 0 -821.28858619 0 27440.65332130 0 5485.24078748 0 3197.10057441 0 1920
0.04350000 0.04349210 46035.95851473 0 -225.12582991 0 26853.15576642 0 4959.16141837 0 1803.31632624 0 2005
0.04450000 0.04448520 44986.85573816 0 1643.39873888 0 26552.87431734 0 4231.07855527 0 5686.94532870 0 2151
0.04550000 0.04548030 44178.24385665 0 1772.55740789 0 21916.78119252 0 732.42432166 0 6184.66847395 0 2274
0.04650000 0.04648670 43973.62729401 0 1633.15683843 0 25292.40085999 0 393.98985572 0 4634.31048052 0 2311
0.04750000 0.04749250 41707.23312688 0 548.37349513 0 21833.84947963 0 1265.56672677 0 2150.43370930 0 2568
0.04850000 0.04851840 42575.08194616 0 254.66125636 0 23714.37312683 0 2657.31366718 0 2206.89149355 0 2493
0.04950000 0.04949480 40397.15565433 0 781.00746850 0 17152.69199281 0 2649.02049589 0 -282.35314074 0 2644
0.05050000 0.05050630 41080.98243513 0 679.13543677 0 17914.24649383 0 1212.54136321 0 -2263.73680917 0 2829
0.05150000 0.05149060 39196.47275100 0 186.32840375 0 15243.15885458 0 1881.87447083 0 -1269.67455928 0 2784
0.05250000 0.05249300 39665.49643032 0 398.60922963 0 14936.89835010 0 56.67347314 0 -6281.15271242 0 3055
0.05350000 0.05348950 37455.79256626 0 2411.27553738 0 13371.27162074 0 731.57839604 0 -3457.63237739 0 3009
0.05450000 0.05448610 36024.69458345 0 2543.25764922 0 13221.90595894 0 2460.43665958 0 -4949.38455556 0 3336
0.05550000 0.05550870 34738.42260927 0 -109.34341507 0 10084.75095110 0 3005.43863180 0 -4296.08417428 0 3349
0.05650000 0.05647670 34831.43013775 0 -681.24914358 0 7534.19663982 0 3922.68109210 0 -4558.40969389 0 3324
0.05750000 0.05747970 34177.72008045 0 90.22084577 0 8101.49827423 0 1071.10902214 0 -4335.15840857 0 3639
0.05850000 0.05849280 33754.31437939 0 123.96131974 0 7064.03251105 0 1477.98927842 0 -3500.82551651 0 3846
0.05950000 0.05951020 34312.80244324 0 269.97095989 0 7172.31984777 0 -663.41827169 0 -5259.87468812 0 3787
0.06050000 0.06049470 33313.85729810 0 1957.99670395 0 8147.10518016 0 -1951.49724929 0 -34.87837679 0 3930
0.06150000 0.06148310 33596.64447397 0 437.45315956 0 9826.90972304 0 77.96832185 0 -1838.75883798 0 4083
0.06250000 0.06249100 33341.75955665 0 -207.31710267 0 10648.38764599 0 -850.93141420 0 2298.52605375 0 4303
0.06350000 0.06350600 33172.57443342 0 548.57501144 0 12120.76325572 0 -838.47504877 0 -966.15999135 0 4470
0.06450000 0.06451750 32825.78922010 0 1171.46303814 0 13538.68517200 0 866.84123773 0 903.57588978 0 4479
0.06550000 0.06550280 32349.34708315 0 762.73259639 0 13352.00577556 0 90.39113812 0 1545.94013583 0 4636
0.06650000 0.06648880 31048.57036346 0 881.54196339 0 12629.20441140 0 2524.87759002 0 2102.74520631 0 4653
0.06750000 0.06749660 31134.71305054 0 -116.42217377 0 12745.57454524 0 2787.85637679 0 2361.31720780 0 5220
0.06850000 0.06852730 31173.46618741 0 74.22908703 0 10665.33937529 0 1660.62727630 0 672.35142336 0 5029
0.06950000 0.06949320 31123.41927923 0 629.65764609 0 10018.60488263 0 -342.54451291 0 1403.58325564 0 5040
0.07050000 0.07048030 29328.81687262 0 1375.53705687 0 10322.70628377 0 -1198.67881254 0 1515.09263888 0 5475
0.07150000 0.07148790 28958.11543769 0 692.57059571 0 10175.77653343 0 358.06237615 0 2249.98498175 0 5509
0.07250000 0.07249820 28358.10615577 0 242.60349464 0 10474.34177217 0 1228.34157073 0 519.25217363 0 5916
0.07350000 0.07351270 27392.37798509 0 -123.97682099 0 9045.71291779 0 1949.47101384 0 -340.86705570 0 5721
0.07450000 0.07449140 28499.49974371 0 -207.32928223 0 7773.14848173 0 1258.03754589 0 -2632.94348025 0 6028
0.07550000 0.07549160 28630.70679281 0 -604.68401746 0 8028.78631715 0 -363.47452852 0 -2603.97827852 0 6183
0.07650000 0.07648840 28299.31211099 0 672.38464033 0 8735.14527895 0 -367.01656523 0 -2567.05207525 0 6330
0.07750000 0.07749960 27648.92375114 0 1924.37005348 0 7931.64881151 0 -2239.74308129 0 -2703.17523657 0 6583
0.07850000 0.07848650 25713.25992634 0 2022.61479160 0 8933.59455668 0 -536.88263643 0 -3478.34869713 0 6549
0.07950000 0.07947320 24866.00563122 0 1126.64226727 0 9235.31540798 0 -318.57957308 0 -3138.97086911 0 6828
0.08050000 0.08048110 24091.38578691 0 227.56838477 0 9003.77095138 0 924.14162590 0 -3258.52983250 0 7147
0.08150000 0.08149960 23746.81503855 0 -182.07773825 0 8339.30966669 0 1942.03041157 0 -1471.56733002 0 7386
0.08250000 0.08250610 24732.36267066 0 -1068.10510042 0 7181.70917922 0 2102.73413398 0 -2497.54002004 0 7227
0.08350000 0.08350160 24716.63996942 0 -430.68575463 0 7111.02345758 0 887.76460994 0 -1078.08569401 0 7798
0.08450000 0.08449610 25025.33638536 0 760.53806161 0 6802.32704163 0 720.04435528 0 -1155.36387785 0 7371
0.08550000 0.08548940 23806.16269958 0 1237.62017893 0 7523.36790615 0 -447.37949876 0 1541.83230332 0 8256
0.08650000 0.08650700 23335.25672504 0 1165.90473108 0 7913.72271763 0 -1022.35646873 0 -141.44230616 0 8037
0.08750000 0.08749060 22432.19791283 0 1028.89467654 0 8187.97313106 0 351.27836273 0 837.40546220 0 8155
0.08850000 0.08849210 21498.69020737 0 814.59425861 0 7500.20460263 0 178.39619025 0 54.21298112 0 8718
0.08950000 0.08949900 20942.08443874 0 629.15274808 0 7714.06655650 0 512.32089829 0 58.48490548 0 8571
0.09050000 0.09049190 20176.10100779 0 371.40895648 0 7180.91197183 0 998.42363864 0 -441.67060809 0 8932
0.09150000 0.09150830 19864.74723389 0 315.94768147 0 6625.77882240 0 1141.85564157 0 -722.95526948 0 9285
0.09250000 0.09250820 19499.36051487 0 269.20475501 0 5398.96523250 0 666.52295157 0 -699.66795592 0 9204
0.09350000 0.09350330 19076.39770680 0 241.64463131 0 6055.88626399 0 326.72548245 0 -146.90428400 0 9349
0.09450000 0.09448040 19071.41516063 0 76.57641989 0 6665.10772016 0 279.80650603 0 386.29348274 0 9564
0.09550000 0.09549270 19016.38570628 0 333.04335099 0 7082.06932818 0 -667.03892191 0 127.08150087 0 10155
0.09650000 0.09649430 18742.78856001 0 645.05039205 0 7125.20710567 0 -381.44712616 0 1184.15192238 0 9913
0.09750000 0.09749140 18407.07567151 0 443.56065393 0 7255.01904184 0 337.24419102 0 907.78448044 0 10476
0.09850000 0.09850240 18137.90745517 0 122.65921434 0 7048.40946073 0 730.61842548 0 351.44223314 0 10575
0.09950000 0.09950330 18060.62262793 0 -0.40997165 0 6625.50201428 0 661.12519322 0 -1456.24323247 0 10882
0.10050000 0.10051200 17618.50469793 0 335.74278378 0 5870.64626977 0 644.54327958 0 -1290.74519341 0 10875
0.10150000 0.10150300 17457.51309506 0 648.00338108 0 6174.52622442 0 8.91787186 0 -887.64945776 0 11118
0.10250000 0.10250800 16717.66035068 0 173.04493566 0 5466.96037921 0 226.52980070 0 -856.96361676 0 11575
0.10350000 0.10349800 16639.82190721 0 453.30540701 0 6078.89455496 0 376.06708354 0 -911.76830291 0 11364
0.10450000 0.10450100 16345.40879028 0 489.73335566 0 6037.87159151 0 -163.24814266 0 -701.93224634 0 12093
0.10550000 0.10551000 15962.74924455 0 326.19622532 0 5754.78546287 0 456.28829131 0 389.14682084 0 12067
0.10650000 0.10649700 15695.13115368 0 78.05225007 0 5580.47385325 0 939.45908005 0 573.26961749 0 12054
0.10750000 0.10749900 15990.87294959 0 -290.93640693 0 5546.91363672 0 1017.84892530 0 1006.05689937 0 12807
0.10850000 0.10850100 16365.11752846 0 -291.26082605 0 5200.07306178 0 389.52881605 0 325.53520753 0 12736
0.10950000 0.10950300 16067.60416058 0 353.89475309 0 4806.13081706 0 -6.23683020 0 801.92641178 0 12933
0.11050000 0.11050200 15755.58604719 0 385.17407070 0 4259.24654961 0 -429.91179913 0 197.19146163 0 13428
0.11150000 0.11150900 15781.05239427 0 189.62020591 0 4858.23717765 0 616.10954944 0 757.98589074 0 13453
0.11250000 0.11250000 15369.05118777 0 46.23437458 0 4865.48955041 0 347.12402646 0 1008.63010766 0 13668
0.11350000 0.11349100 15378.90555686 0 349.46250146 0 4570.55603421 0 758.89160691 0 97.09443429 0 13791
0.11450000 0.11448600 15062.45851354 0 384.09009010 0 4783.52112978 0 -52.78121879 0 396.43573227 0 14205
0.11550000 0.11549300 14678.91318182 0 337.26744291 0 4527.87222204 0 -163.90362429 0 842.34261183 0 14776
0.11650000 0.11649800 14562.10015499 0 161.76888007 0 4611.95545671 0 -7.86089666 0 1492.79297670 0 14553
0.11750000 0.11747300 14417.16342311 0 141.01491443 0 4761.35433549 0 155.76878725 0 1756.89006827 0 14568
0.11850000 0.11849100 14436.76143804 0 171.80704975 0 4556.64919424 0 491.04874785 0 1481.34419284 0 16015
0.11950000 0.11950300 14127.62212910 0 361.66088171 0 4696.11619766 0 59.47975386 0 1306.56754557 0 15270
0.12050000 0.12050700 14100.60565655 0 234.75653804 0 4689.06312675 0 49.80973898 0 898.97312435 0 15999
0.12150000 0.12150000 13554.74004299 0 324.76678819 0 4674.29264544 0 -244.36731598 0 1114.10839558 0 15670
0.12250000 0.12250700 13485.98090586 0 300.11536421 0 4847.20914213 0 -332.60931585 0 364.51200535 0 16887
0.12350000 0.12352200 13431.50506776 0 -167.86973104 0 4770.46685881 0 -247.59932759 0 281.59800818 0 16407
0.12450000 0.12449800 13403.71353246 0 -12.71612216 0 4427.37980198 0 125.36418329 0 -577.68636786 0 16306
0.12550000 0.12549900 13485.64873612 0 -14.81288831 0 4225.55346519 0 -86.48526482 0 -313.38997443 0 17523
0.12650000 0.12650100 13563.59790284 0 131.08414630 0 4194.94955939 0 -49.74241925 0 -795.69490737 0 17154
0.12750000 0.12750600 13297.97283044 0 147.65830932 0 4038.99586432 0 387.45164791 0 -986.30719359 0 18007
0.12850000 0.12850300 13090.25601684 0 242.37540475 0 4216.89490718 0 245.29628403 0 -1027.06885018 0 17496
0.12950000 0.12949900 13035.33728574 0 54.08731023 0 3749.05596662 0 807.87778637 0 -790.57284991 0 18405
0.13050000 0.13049000 12905.79108537 0 102.20730172 0 3582.26246555 0 686.48635322 0 -353.82499744 0 18100
0.13150000 0.13148800 12868.92024372 0 44.12332513 0 3134.39799896 0 828.47673946 0 -252.48997347 0 19059
0.13250000 0.13249300 12694.75257432 0 146.69058813 0 3083.45423247 0 506.14254104 0 239.13453527 0 18957
0.13350000 0.13349100 12604.73457355 0 319.35242135 0 3348.91322000 0 -8.53959695 0 243.19807848 0 19468
0.13450000 0.13450700 12266.69649683 0 346.29360210 0 2970.91512301 0 -42.55614827 0 493.37172159 0 19953
0.13550000 0.13551000 11977.59809582 0 290.59537933 0 3041.80014650 0 -235.23818417 0 372.37114151 0 19956
0.13650000 0.13649900 11885.36563008 0 114.59413294 0 3542.43531318 0 -94.65907645 0 479.11167446 0 19723
0.13750000 0.13749600 11910.05691443 0 255.96779069 0 3745.14743596 0 -268.10305869 0 373.45622934 0 20946
0.13850000 0.13851100 11454.20930164 0 236.94553665 0 3369.98385413 0 188.00032479 0 665.97487149 0 20955
0.13950000 0.13949800 11422.43172941 0 108.21060552 0 3306.58372222 0 406.91347325 0 657.19562515 0 20506
0.14050000 0.14048300 11331.74938915 0 -1.87642689 0 3279.97692568 0 560.74903258 0 737.64049388 0 21447
0.14150000 0.14148400 11450.22326471 0 3.26156365 0 3096.33134624 0 331.20423784 0 399.37100558 0 21771
0.14250000 0.14249400 11199.10293782 0 163.57699071 0 2540.21275989 0 281.90028265 0 269.44059553 0 22470
0.14350000 0.14350900 11072.01479355 0 225.45135626 0 2864.04504386 0 -389.18778845 0 597.59108618 0 22519
0.14450000 0.14449900 11065.12780751 0 235.88370070 0 3021.30527326 0 -298.25521364 0 352.01577956 0 22218
0.14550000 0.14550500 10680.96242561 0 208.63581656 0 2955.38065129 0 -164.55689145 0 276.93434497 0 23559
0.14650000 0.14650700 10655.20819808 0 197.17596037 0 2857.91097592 0 102.83222373 0 451.24152566 0 23044
0.14750000 0.14750500 10564.53693014 0 54.48392090 0 2947.72967484 0 286.98690867 0 72.23075385 0 23649
0.14850000 0.14849900 10544.57352849 0 -38.29286032 0 2706.37513845 0 432.58908727 0 275.42629433 0 23640
0.14950000 0.14949500 10459.29448274 0 58.11464694 0 2670.10220234 0 170.33000162 0 -22.10921820 0 24457
0.15050000 0.15050000 10404.50861953 0 373.15949104 0 2678.27357806 0 -55.45407801 0 -58.80500639 0 24591
0.15150000 0.15149900 10118.94229014 0 170.41747298 0 2796.94675546 0 -250.87230681 0 508.20642239 0 25020
0.15250000 0.15250500 9927.36892612 0 204.98194937 0 2620.69748900 0 203.37314057 0 625.31175860 0 25297
0.15350000 0.15350100 9943.21342294 0 47.50503457 0 2809.09309579 0 186.39815939 0 570.76616484 0 25452
0.15450000 0.15450400 9917.79136516 0 1.51122840 0 2908.95439333 0 398.32245642 0 295.57681827 0 26061
0.15550000 0.15549900 9813.50113769 0 273.68793933 0 2757.37426656 0 -156.50952578 0 141.84423155 0 26128
0.15650000 0.15649500 9593.25045240 0 315.75945195 0 2943.88757813 0 -327.03550754 0 458.80392351 0 26331
0.15750000 0.15749700 9489.79064929 0 148.08127212 0 3106.48466809 0 -464.82394651 0 1025.12344271 0 27345
0.15850000 0.15849900 9490.39962716 0 63.18222856 0 3575.65228763 0 -48.52933534 0 735.50907136 0 26980
0.15950000 0.15949700 9522.75296028 0 -91.15269262 0 3478.16046761 0 -1.21144520 0 517.59132490 0 27777
0.16050000 0.16050000 9556.09173031 0 -28.81705402 0 3496.20835706 0 301.17166400 0 586.90629273 0 28224
0.16150000 0.16150500 9562.58011265 0 91.33549671 0 3465.60445126 0 296.87892366 0 696.91426874 0 28075
0.16250000 0.16249700 9561.28465065 0 54.78054849 0 3106.35180020 0 280.42323452 0 516.26153869 0 28590
0.16350000 0.16349900 9362.92395152 0 178.91991121 0 2950.99601067 0 326.85724311 0 471.11302701 0 29163
0.16450000 0.16449100 9297.78546461 0 195.66458803 0 2806.70147363 0 -47.96265376 0 458.76074144 0 28996
0.16550000 0.16550500 8865.28938487 0 287.42315827 0 2533.08218271 0 322.05074691 0 476.14982757 0 30777
0.16650000 0.16650700 8777.08724537 0 63.64815199 0 2390.12739698 0 580.31272330 0 650.01743697 0 29211
0.16750000 0.16749900 8692.68291327 0 9.46755742 0 2367.80559014 0 249.10184207 0 215.55601957 0 30922
0.16850000 0.16850800 8661.69147611 0 126.82573017 0 2074.47756105 0 222.07983335 0 186.48895246 0 30867
0.16950000 0.16949900 8582.85652340 0 139.57108327 0 2149.66971889 0 23.39792608 0 610.99745707 0 30852
0.17050000 0.17049200 8500.55593302 0 25.18167761 0 1960.90872538 0 -185.67070765 0 370.96938519 0 31257
0.17150000 0.17149500 8472.48758960 0 -44.40411928 0 2114.27149645 0 302.42726563 0 468.39366404 0 32608
0.17250000 0.17250900 8539.02118944 0 46.61260519 0 1989.55282969 0 57.79676049 0 265.73801011 0 32361
0.17350000 0.17350400 8417.05953156 0 76.31810255 0 1660.36154050 0 93.02125816 0 439.39967427 0 32508
0.17450000 0.17449800 8395.99996976 0 64.75228422 0 1759.63600483 0 201.99685060 0 78.67927582 0 32791
0.17550000 0.17549800 8296.69228846 0 251.31630704 0 1639.33519567 0 119.96863941 0 249.88797713 0 33633
0.17650000 0.17650100 8060.48638310 0 226.15998505 0 1576.96478997 0 24.15483021 0 264.01626360 0 33984
0.17750000 0.17750300 7891.89916541 0 204.02197881 0 1629.24830776 0 -114.34500563 0 561.64035473 0 34069
0.17850000 0.17849800 7793.99766937 0 102.20464436 0 1647.50657139 0 243.52360483 0 707.00226388 0 34536
0.17950000 0.17950400 7841.54223214 0 -0.67568973 0 1716.87468638 0 99.79176334 0 614.00691496 0 35343
0.18050000 0.18050100 7693.46096001 0 36.55594473 0 1519.92017251 0 82.37698942 0 517.55146453 0 34990
0.18150000 0.18150500 7759.68453475 0 55.50833240 0 1767.96239309 0 -199.92300416 0 274.06218391 0 36243
0.18250000 0.18250200 7753.49510518 0 78.23106811 0 1750.16916711 0 -435.21876441 0 19.31068810 0 35694
0.18350000 0.18350400 7613.86201689 0 340.49391836 0 1998.05637515 0 -347.34436572 0 -103.21366532 0 37087
0.18450000 0.18450600 7376.48244511 0 288.15061001 0 2004.58904679 0 -316.79360708 0 33.40011071 0 36651
0.18550000 0.18550700 7282.81057714 0 71.85905590 0 2123.84905741 0 -17.94912432 0 -89.98190500 0 37818
0.18650000 0.18651000 7272.35830251 0 -50.64115985 0 2090.78709550 0 279.05026624 0 -160.51438566 0 37267
0.18750000 0.18750100 7357.12802132 0 -35.31960894 0 1946.43719684 0 286.54401568 0 -315.13497283 0 38334
0.18850000 0.18850000 7256.97884334 0 29.51117806 0 1897.54181045 0 280.38337415 0 -203.12069157 0 38223
0.18950000 0.18949500 7340.68561897 0 83.60668181 0 1880.60115347 0 136.96687247 0 -98.52254275 0 39064
0.19050000 0.19050000 7207.23088793 0 -10.13438818 0 1833.86487041 0 20.18418380 0 -223.40629787 0 39609
0.19150000 0.19149800 7160.99285949 0 137.93791536 0 1781.86923306 0 -25.39891662 0 -213.67926051 0 39576
0.19250000 0.19250400 7136.15763492 0 99.45040357 0 1814.34436176 0 -35.84853390 0 -105.76495041 0 40909
0.19350000 0.19350500 7069.49116718 0 127.35388006 0 1814.02326434 0 58.99644688 0 -38.48275069 0 40191
0.19450000 0.19450100 6936.56790774 0 130.18175182 0 1722.44406576 0 182.69335951 0 -0.85855139 0 41232
0.19550000 0.19549800 6888.37007780 0 117.86489769 0 1639.50128055 0 265.66936170 0 -16.13747053 0 40873
0.19650000 0.19649700 6810.29911550 0 61.28354630 0 1432.24950459 0 96.75163511 0 -35.99590654 0 42816
0.19750000 0.19750200 6748.22766257 0 111.79837093 0 1548.77465098 0 -5.26721564 0 -56.12849331 0 41727
0.19850000 0.19849000 6606.88943626 0 174.30718069 0 1421.67543439 0 -48.87003078 0 196.74413970 0 42610
0.19950000 0.19949900 6498.53566559 0 112.10728879 0 1382.95551450 0 133.14581318 0 221.68344412 0 43863
0.20050000 0.20050100 6433.00964731 0 -33.89958328 0 1308.33911755 0 134.86313076 0 81.13699976 0 43302
0.20150000 0.20150100 6502.39990695 0 -4.29781146 0 1264.62557916 0 299.06127889 0 53.28678115 0 44487
0.20250000 0.20249700 6471.81814580 0 40.07982283 0 1053.23828989 0 152.96748907 0 86.58414068 0 43759
0.20350000 0.20349100 6380.19465792 0 90.73316224 0 1151.69893834 0 57.48573889 0 272.88408855 0 45282
0.20450000 0.20449700 6319.50724559 0 170.68763771 0 1199.53138155 0 94.22481987 0 582.55597631 0 45483
0.20550000 0.20549900 6192.79556037 0 86.07392795 0 1289.06220004 0 71.91696416 0 535.93041650 0 46138
0.20650000 0.20650200 6260.03778899 0 -5.45396147 0 1348.85275406 0 -44.31277260 0 330.15236698 0 46227
0.20750000 0.20749300 6140.89957394 0 36.61695324 0 1234.94067632 0 -43.15859346 0 453.26665387 0 46236
0.20850000 0.20850300 6206.17092875 0 112.14714916 0 1440.71983308 0 -134.48445725 0 166.62741620 0 48361
0.20950000 0.20950400 6118.98744313 0 121.87972267 0 1333.89404323 0 -265.92513240 0 214.50082701 0 46812
0.21050000 0.21050300 6104.25017879 0 106.15635709 0 1415.80710224 0 -196.39093254 0 4.77257060 0 48813
0.21150000 0.21149700 5989.06478371 0 37.81187853 0 1322.98780328 0 -124.28241716 0 46.06264282 0 47215
0.21250000 0.21249000 6009.03925768 0 115.79658742 0 1542.72916163 0 89.34004233 0 -223.78940030 0 50004
0.21350000 0.21350300 5944.59832723 0 67.96768735 0 1363.64538001 0 109.43564753 0 -136.79303697 0 49509
0.21450000 0.21449800 5823.64425091 0 115.97263738 0 1459.89709966 0 255.07203961 0 -68.34403567 0 49660
0.21550000 0.21550100 5791.83346171 0 87.29708767 0 1327.71568598 0 118.26571585 0 138.91006548 0 50841
0.21650000 0.21649800 5721.60170539 0 56.63438783 0 1301.99467542 0 267.57712326 0 217.90445966 0 50424
0.21750000 0.21750300 5686.31420619 0 48.47419516 0 1199.34315203 0 87.82235876 0 349.47578825 0 52231
0.21850000 0.21850300 5719.01078138 0 5.20330618 0 1068.57788869 0 27.79541061 0 270.59765348 0 51078
0.21950000 0.21950100 5680.35729544 0 -19.76266040 0 1208.18993956 0 1.51648775 0 234.15088187 0 52791
0.22050000 0.22050700 5733.28300807 0 -40.55870087 0 1015.92455525 0 -39.56163802 0 180.95832621 0 52969
0.22150000 0.22150000 5730.60350546 0 31.65876618 0 948.55056596 0 10.96249843 0 51.15724091 0 52704
0.22250000 0.22250100 5750.33438829 0 72.04761759 0 989.41851686 0 112.68969307 0 -72.82777360 0 54051
0.22350000 0.22349900 5656.40785685 0 69.67636851 0 896.92917319 0 51.07065533 0 -49.76965717 0 53938
0.22450000 0.22449800 5620.25671632 0 126.58988965 0 795.17561534 0 23.94844207 0 -148.68803552 0 54735
0.22550000 0.22549100 5532.65248236 0 109.85274201 0 836.90277865 0 -3.55560031 0 -129.18634982 0 54774
0.22650000 0.22649900 5441.47188747 0 100.65485106 0 780.02203159 0 -11.67000891 0 -251.24433692 0 56911
0.22750000 0.22749800 5403.22807755 0 98.62761911 0 795.94514191 0 -147.26856348 0 -213.66818819 0 54879
0.22850000 0.22849100 5327.20549535 0 92.19526273 0 828.90191674 0 -47.38534274 0 -252.96054727 0 57210
0.22950000 0.22949800 5303.83181765 0 40.11337197 0 756.05377006 0 36.78270594 0 -160.57971238 0 57375
0.23050000 0.23049600 5298.30672757 0 34.09235246 0 883.28474732 0 151.26345828 0 -185.76371518 0 57604
0.23150000 0.23150100 5267.80247269 0 45.44203901 0 793.18591857 0 98.33364888 0 -154.79995882 0 58629
0.23250000 0.23250200 5183.63065942 0 114.55648704 0 805.14402937 0 -5.67999191 0 -111.04877454 0 58560
0.23350000 0.23350400 5155.46266508 0 129.72778651 0 933.39366051 0 -136.29810405 0 51.72945866 0 59305
0.23450000 0.23449700 5052.99937121 0 89.69900710 0 989.35540461 0 -132.68520446 0 144.86144007 0 59196
0.23550000 0.23549300 5009.42977305 0 95.02180581 0 1091.84637930 0 16.75021299 0 51.15048679 0 60063
0.23650000 0.23649900 4975.31594028 0 22.62751372 0 921.73893141 0 148.63267390 0 73.59331414 0 61537
0.23750000 0.23750400 4975.95813512 0 -0.05212762 0 876.98791619 0 195.07221865 0 -82.40699542 0 61224
0.23850000 0.23850100 4937.37108313 0 24.11286610 0 730.99709899 0 224.55449795 0 29.21731856 0 61221
0.23950000 0.23949400 4932.57676648 0 55.45263860 0 696.14695663 0 71.11399917 0 -22.04211991 0 62332
0.24050000 0.24050100 4900.33415661 0 78.72400801 0 575.95687072 0 111.53042067 0 -21.40103230 0 63447
0.24150000 0.24150500 4828.90658921 0 5.59667266 0 564.21024132 0 26.36209816 0 -15.63257252 0 63342
0.24250000 0.24250300 4864.12765446 0 35.84288701 0 698.05471819 0 -75.58234657 0 -162.90822229 0 63379
0.24350000 0.24349600 4849.44575175 0 45.69349151 0 723.80673125 0 -221.08443135 0 7.38904953 0 64266
0.24450000 0.24449500 4873.18481616 0 123.36562866 0 876.43762165 0 -177.68756146 0 -10.01960139 0 64695
0.24550000 0.24549600 4725.64608795 0 105.64315484 0 827.85779651 0 -45.21195610 0 108.05736454 0 65947
0.24650000 0.24650000 4777.65279762 0 16.32437137 0 973.75671341 0 58.65298337 0 47.60833936 0 66018
0.24750000 0.24750000 4748.75402985 0 -24.58532220 0 863.50736072 0 88.89825657 0 82.98452788 0 66303
0.24850000 0.24849600 4810.26079421 0 -44.25929327 0 794.24664729 0 257.27543225 0 -189.96234075 0 66958
0.24950000 0.24949200 4813.25032191 0 -18.43984975 0 685.25068177 0 46.99249666 0 -121.24527846 0 66975
0.25050000 0.25048900 4866.16496222 0 49.24261451 0 660.11650443 0 -21.57442491 0 -100.47636518 0 68676
0.25150000 0.25150000 4826.94678771 0 81.32877243 0 618.57092725 0 -52.71234893 0 5.01249681 0 69349
0.25250000 0.25249900 4729.92000533 0 113.04290024 0 664.26530454 0 35.92216486 0 -2.03163874 0 68592
0.25350000 0.25349900 4726.59830788 0 85.33473955 0 723.80562402 0 66.31868601 0 87.75105299 0 70437
0.25450000 0.25450100 4600.11914148 0 97.66067298 0 784.43767473 0 131.04982209 0 188.66355705 0 70099
0.25550000 0.25550100 4580.74257305 0 116.82742086 0 766.04654321 0 93.74616327 0 228.25376167 0 71064
0.25650000 0.25650300 4481.86671242 0 53.03853962 0 689.16253413 0 40.28056407 0 285.43789043 0 71409
0.25750000 0.25750600 4453.26689741 0 40.94612152 0 723.89198816 0 -24.09459676 0 327.48282946 0 72612
0.25850000 0.25850600 4453.70979040 0 63.86284437 0 668.37645875 0 36.46659107 0 251.94742955 0 71845
0.25950000 0.25949600 4390.89649171 0 71.11809593 0 687.15401441 0 3.90809884 0 170.39975726 0 72816
0.26050000 0.26049800 4349.98425150 0 59.51640326 0 645.23751434 0 -84.64172274 0 237.72281386 0 73743
0.26150000 0.26149900 4319.73466010 0 84.68435119 0 626.04031757 0 -16.06749344 0 233.06800850 0 74662
0.26250000 0.26250300 4301.04457580 0 58.22027691 0 680.37996608 0 113.52786806 0 293.97354563 0 74931
0.26350000 0.26350100 4234.25631250 0 50.42436373 0 668.58129676 0 100.69249696 0 312.37685671 0 75087
0.26450000 0.26450200 4243.91137974 0 42.13241040 0 712.02024149 0 69.62432859 0 261.17731952 0 76678
0.26550000 0.26550600 4188.84870842 0 65.63607719 0 718.70792568 0 -24.97517875 0 384.19195549 0 76035
0.26650000 0.26650100 4172.43952303 0 94.95991151 0 657.19451791 0 -28.06457882 0 354.82482837 0 77094
0.26750000 0.26750600 4108.10931584 0 33.61336368 0 594.43104468 0 25.26394499 0 325.80537225 0 78463
0.26850000 0.26850100 4114.90772328 0 37.32635709 0 512.29986087 0 42.82642372 0 212.36940449 0 77076
0.26950000 0.26949700 4066.95348449 0 41.44725494 0 486.43491010 0 17.03012136 0 90.55766589 0 79149
0.27050000 0.27049900 4047.39975886 0 47.89400534 0 439.82817324 0 62.24805651 0 100.63923908 0 79648
0.27150000 0.27150200 4016.06507962 0 12.85917660 0 347.74518388 0 46.97865625 0 -24.89246849 0 80241
0.27250000 0.27250500 4047.21152934 0 -9.26722585 0 367.58789719 0 155.86068754 0 58.59817536 0 80835
0.27350000 0.27350000 4035.26449086 0 64.15094626 0 346.61248505 0 -29.67859161 0 -66.85447581 0 80680
0.27450000 0.27450400 3971.44361060 0 114.51330497 0 422.68046379 0 -40.64639369 0 158.86793096 0 82617
0.27550000 0.27550800 3926.15780209 0 86.51648877 0 481.64170068 0 -28.54511772 0 356.68830064 0 82548
0.27650000 0.27649900 3903.16058345 0 11.66912313 0 462.33710236 0 62.19878467 0 354.46719228 0 81181
0.27750000 0.27748900 3941.52618894 0 -41.95724622 0 528.21964950 0 116.02357008 0 411.93698702 0 84096
0.27850000 0.27849800 3975.80610658 0 21.20427709 0 443.10668861 0 38.14205526 0 394.94429012 0 85215
0.27950000 0.27950200 3936.36648558 0 81.76679360 0 392.60581512 0 18.98339018 0 467.48684063 0 84514
0.28050000 0.28050300 3916.64667507 0 50.58679474 0 415.93077458 0 -94.32967478 0 350.00725984 0 85815
0.28150000 0.28150100 3894.36915754 0 67.84478454 0 396.55309891 0 65.74181789 0 297.05718809 0 85485
0.28250000 0.28250000 3824.01560564 0 53.82201733 0 324.08805467 0 16.33677238 0 287.99006130 0 87220
0.28350000 0.28350400 3816.45320779 0 14.53563730 0 224.73497684 0 112.82588267 0 252.18991346 0 87147
0.28450000 0.28449700 3805.92342689 0 20.16713242 0 248.14630044 0 117.09204942 0 191.04853582 0 87102
0.28550000 0.28549800 3778.23154252 0 83.98424809 0 110.65902870 0 0.18742567 0 168.00149171 0 88971
0.28650000 0.28649900 3751.83512015 0 99.53588191 0 229.38092434 0 -27.82962409 0 292.95157005 0 89434
0.28750000 0.28750100 3626.11994416 0 78.72876911 0 226.92618993 0 -74.10585206 0 288.34880462 0 89619
0.28850000 0.28849900 3648.40853402 0 83.00932989 0 298.91733866 0 45.83355642 0 490.31908164 0 90240
0.28950000 0.28950100 3610.62976174 0 42.43878163 0 269.79712439 0 -17.25156785 0 411.61478237 0 91333
0.29050000 0.29050500 3612.22417651 0 -3.50120198 0 253.92826846 0 58.38824408 0 405.09539751 0 92139
0.29150000 0.29150600 3608.57030932 0 46.02388968 0 323.62633873 0 -45.87773499 0 359.08988789 0 92370
0.29250000 0.29250200 3621.64672493 0 64.97705241 0 326.85724311 0 -104.72636634 0 347.05980698 0 91819
0.29350000 0.29349600 3544.88229696 0 87.64985194 0 317.79454525 0 -35.75441913 0 212.65285600 0 93552
0.29450000 0.29450000 3502.56387151 0 65.89439452 0 297.92747283 0 -91.79278372 0 171.08402694 0 94701
0.29550000 0.29550200 3459.09392427 0 59.61849009 0 317.89641064 0 100.23465633 0 99.62822510 0 95020
0.29650000 0.29650300 3459.12714124 0 15.29641674 0 233.81539043 0 50.82905721 0 82.27999585 0 95151
0.29750000 0.29749800 3438.70977428 0 33.59454073 0 186.76908227 0 103.34365442 0 44.42626393 0 95802
0.29850000 0.29850000 3429.30937051 0 30.15425869 0 154.52536517 0 128.27288302 0 174.00601345 0 97399
0.29950000 0.29950700 3402.59185072 0 40.98941431 0 107.36999462 0 59.02003094 0 277.87327811 0 97881
0.30050000 0.30050300 3412.25799029 0 20.35425471 0 58.04013019 0 81.84319264 0 254.07331592 0 97188
0.30150000 0.30149700 3406.27893488 0 36.92908207 0 135.15544013 0 -14.70227579 0 273.80862767 0 98263
0.30250000 0.30249700 3352.85496763 0 73.66406630 0 126.67736102 0 -94.26468024 0 285.16883294 0 100050
0.30350000 0.30350600 3332.20508185 0 105.29404443 0 165.53014881 0 -67.52302278 0 363.03274276 0 100779
0.30450000 0.30450500 3294.14950145 0 75.60105880 0 161.60500966 0 -73.27277034 0 348.44827651 0 99982
0.30550000 0.30550300 3274.13073817 0 47.74906861 0 202.61357909 0 12.00915422 0 278.76238580 0 101559
0.30650000 0.30649700 3219.54417682 0 43.32689280 0 218.61308845 0 10.64540919 0 366.56370714 0 100935
0.30750000 0.30749800 3220.68462627 0 32.87782915 0 163.77850702 0 78.24535141 0 363.65057848 0 103762
0.30850000 0.30850200 3240.57052165 0 -16.14466754 0 116.17636816 0 78.05889346 0 310.87323500 0 102951
0.30950000 0.30950100 3254.79845904 0 21.66997907 0 155.16423831 0 12.35616088 0 241.33128451 0 104394
0.31050000 0.31050000 3234.52503230 0 68.04486145 0 74.64440993 0 33.02774842 0 264.04062272 0 103963
0.31150000 0.31149700 3192.49448729 0 49.57987752 0 108.03732363 0 11.99608888 0 316.95747749 0 105936
0.31250000 0.31250000 3181.31143922 0 10.32591726 0 1.90918990 0 29.87833635 0 189.95237566 0 105717
0.31350000 0.31349800 3167.72569667 0 68.49019035 0 42.71846855 0 33.92671048 0 174.81650763 0 106776
0.31450000 0.31450400 3117.39090804 0 92.34872515 0 -12.46865570 0 -68.08649339 0 172.95967876 0 108733
0.31550000 0.31549900 3042.13231625 0 88.66274822 0 13.07719067 0 -32.64630683 0 215.77414437 0 105891
0.31650000 0.31650000 3053.33750896 0 22.02905457 0 15.64973462 0 -37.51536167 0 178.83576154 0 111072
0.31750000 0.31750600 3057.46748612 0 -9.97986282 0 21.81480508 0 44.41652029 0 250.44380784 0 108121
0.31850000 0.31849900 3075.99148554 0 13.34613744 0 81.43351662 0 -19.85522503 0 111.96556303 0 110484
0.31950000 0.31950100 3117.10302759 0 29.99625661 0 80.50930967 0 6.62165992 0 170.55034088 0 110817
0.32050000 0.32049800 3084.88256237 0 25.79309139 0 57.45617578 0 42.38319856 0 317.59192170 0 111088
0.32150000 0.32149900 3118.34312797 0 39.66671439 0 46.99061436 0 65.66907271 0 218.79910351 0 112635
0.32250000 0.32250100 3088.02710262 0 38.35331522 0 65.01868435 0 22.08353040 0 169.41321312 0 113202
0.32350000 0.32350400 3056.69242338 0 93.71637871 0 25.52968078 0 0.32031682 0 139.69066438 0 113863
0.32450000 0.32450300 2996.64720589 0 79.49907075 0 -36.35686433 0 -121.63170260 0 168.46874381 0 114045
0.32550000 0.32549900 2977.41457768 0 27.45283288 0 8.14063894 0 -43.07831911 0 163.96562931 0 114828
0.32650000 0.32650300 2986.57139031 0 21.76110431 0 57.61019182 0 -15.14406155 0 131.00996172 0 116431
0.32750000 0.32750400 2968.53457318 0 50.75000081 0 12.57948967 0 16.97365250 0 52.56685859 0 116442
0.32850000 0.32850400 2948.33865271 0 44.35982998 0 -25.94112837 0 20.17222569 0 103.40089834 0 116955
0.32950000 0.32949800 2919.77205468 0 20.74366838 0 -4.03103486 0 110.56635334 0 139.38506821 0 117028
0.33050000 0.33049700 2935.47261127 0 54.63516886 0 -11.83653668 0 73.05110239 0 65.24300965 0 119061
0.33150000 0.33150100 2895.86690539 0 38.25864684 0 -77.24762422 0 26.89002661 0 198.08389101 0 120060
0.33250000 0.33250400 2864.80903428 0 57.61650304 0 -76.56291166 0 9.24869078 0 132.42057590 0 119737
0.33350000 0.33350100 2817.13160361 0 61.46900774 0 -64.00434868 0 -51.39928193 0 186.55981533 0 120531
0.33450000 0.33450000 2804.38735774 0 45.65097378 0 -74.47068516 0 36.56912079 0 63.81069372 0 121704
0.33550000 0.33550300 2780.90295680 0 57.54475438 0 -117.34339120 0 -42.24734113 0 102.54057870 0 122761
0.33650000 0.33650300 2762.57825923 0 23.31322280 0 -98.02650259 0 -22.55864386 0 -4.71735292 0 122472
0.33750000 0.33749900 2759.83232267 0 59.17371481 0 -72.25212343 0 -30.10576191 0 34.64430785 0 122985
0.33850000 0.33849800 2750.40977425 0 62.86268126 0 -27.82597022 0 -108.89720038 0 16.82030080 0 125380
0.33950000 0.33950300 2708.34601226 0 60.38602365 0 -41.87398234 0 -66.04874273 0 -3.84236245 0 125223
0.34050000 0.34050000 2714.36935697 0 43.20587229 0 6.29430663 0 -17.66334761 0 71.32215887 0 125178
0.34150000 0.34149900 2712.59778500 0 8.12013300 0 -21.39948218 0 76.75767385 0 40.28742892 0 127059
0.34250000 0.34250300 2709.92935471 0 -8.64706494 0 -34.31933511 0 107.80879085 0 38.73896429 0 127957
0.34350000 0.34349800 2712.77494219 0 51.90573007 0 -73.73116458 0 113.35513980 0 39.77898776 0 126732
0.34450000 0.34449700 2671.23157947 0 86.41063735 0 -122.54959833 0 15.38787414 0 45.45421857 0 129639
0.34550000 0.34550000 2608.81688447 0 87.73998067 0 -108.72912249 0 1.79694974 0 196.28020929 0 129826
0.34650000 0.34650400 2597.95493382 0 55.48419473 0 -133.55770366 0 -19.24314692 0 215.69553086 0 130875
0.34750000 0.34750200 2569.33297417 0 45.71142867 0 -111.32558266 0 32.64442454 0 294.57809457 0 130686
0.34850000 0.34850200 2570.22983248 0 30.81571937 0 -111.98549322 0 32.42120647 0 293.80081737 0 132211
0.34950000 0.34950400 2539.84737317 0 38.20262088 0 -50.59222018 0 35.05697339 0 401.02410368 0 132768
0.35050000 0.35050300 2563.60858224 0 39.33830923 0 -63.63087916 0 18.27199331 0 321.25907568 0 132957
0.35150000 0.35150100 2531.98602255 0 33.80912239 0 -98.13335053 0 18.28937686 0 449.93609856 0 133987
0.35250000 0.35249800 2515.67648810 0 48.33955569 0 -10.47125259 0 5.73040420 0 430.04245256 0 134778
0.35350000 0.35349800 2525.58621881 0 29.81356325 0 -107.05742289 0 22.96865205 0 483.59928771 0 135699
0.35450000 0.35450100 2476.75726636 0 58.51734739 0 -64.29267202 0 47.55452786 0 446.63654577 0 137380
0.35550000 0.35550100 2480.07896380 0 35.14843080 0 -152.33415209 0 52.84776347 0 410.65591904 0 136161
0.35650000 0.35649900 2441.31475461 0 44.78843968 0 -149.91374188 0 -15.40127165 0 342.99515653 0 138792
0.35750000 0.35750000 2419.00402010 0 53.78426070 0 -216.54367094 0 -26.14939880 0 289.07847083 0 138097
0.35850000 0.35849800 2407.86526134 0 33.95118031 0 -159.93087415 0 -71.29381372 0 246.74786582 0 140028
0.35950000 0.35950300 2377.36100646 0 33.61170284 0 -193.78561451 0 -49.65793741 0 223.44615824 0 141099
0.36050000 0.36050500 2402.67234100 0 54.09328929 0 -215.59809440 0 -36.87294539 0 119.95756709 0 140821
0.36150000 0.36150200 2380.84878878 0 20.86933926 0 -168.32480359 0 -74.00276871 0 70.66867026 0 141756
0.36250000 0.36250400 2403.82386278 0 31.00151298 0 -131.78059553 0 -49.40980661 0 19.34733750 0 142971
0.36350000 0.36349900 2350.86493317 0 50.61536134 0 -181.29935381 0 21.00741116 0 89.85413037 0 142270
0.36450000 0.36450000 2360.59750669 0 33.38305933 0 -200.21863523 0 124.11965398 0 96.20588022 0 145311
0.36550000 0.36550300 2350.28917228 0 16.89171730 0 -257.45258945 0 73.33067859 0 100.90098884 0 145434
0.36650000 0.36650100 2363.32129859 0 27.70284597 0 -302.66199892 0 127.37491748 0 136.64577505 0 144547
0.36750000 0.36749600 2354.25306456 0 26.64599257 0 -300.47742923 0 85.85491737 0 259.37253057 0 146892
0.36850000 0.36849900 2362.30264471 0 1.28464434 0 -373.68210477 0 29.84578372 0 267.11319285 0 148113
0.36950000 0.36949900 2364.09636133 0 44.01824876 0 -299.83080546 0 -29.58779855 0 313.41876248 0 147387
0.37050000 0.37049800 2371.76948243 0 56.28095922 0 -286.47758173 0 -85.75615223 0 252.87861207 0 149758
0.37150000 0.37150100 2310.14092249 0 54.94519396 0 -214.97582975 0 -89.40570121 0 307.78627084 0 150099
0.37250000 0.37250000 2315.95389302 0 82.61050475 0 -207.15101780 0 -109.35183003 0 275.48276319 0 150468
0.37350000 0.37349800 2260.18259291 0 68.03234972 0 -157.69758623 0 -53.59071646 0 202.74312529 0 150709
0.37450000 0.37449700 2227.26457122 0 49.16699053 0 -195.88271283 0 8.24009056 0 210.09957790 0 153108
0.37550000 0.37550100 2220.16721101 0 8.48096899 0 -238.20445999 0 50.22705491 0 137.88033927 0 153189
0.37650000 0.37649900 2242.01290788 0 -1.70669922 0 -289.78267069 0 93.99684070 0 90.92593141 0 153547
0.37750000 0.37749900 2254.86787699 0 12.83171723 0 -315.05635932 0 53.08271820 0 104.36020456 0 155424
0.37850000 0.37850200 2260.16044826 0 21.91235226 0 -346.19284394 0 15.22632892 0 95.36272269 0 155313
0.37950000 0.37949900 2265.28693465 0 16.60350468 0 -371.64701147 0 6.16493759 0 126.60317644 0 156100
0.38050000 0.38050000 2291.62799539 0 13.11262211 0 -360.56472156 0 -0.90228486 0 116.36570491 0 157557
0.38150000 0.38149800 2290.47647361 0 57.74992456 0 -356.95071474 0 -46.19539999 0 132.96754875 0 157692
0.38250000 0.38250100 2261.35625934 0 41.72162715 0 -347.41190690 0 20.37274550 0 164.62443264 0 159703
0.38350000 0.38350500 2252.44303786 0 43.27751023 0 -357.08801156 0 -5.36774128 0 178.62649460 0 160338
0.38450000 0.38450600 2249.73031828 0 64.05982102 0 -337.95060535 0 9.74981313 0 121.47115389 0 160167
0.38550000 0.38550000 2201.75393484 0 69.64016201 0 -324.31282287 0 -3.77333757 0 177.72852906 0 160033
0.38650000 0.38649600 2182.12270293 0 54.66572848 0 -319.00585758 0 -52.93922087 0 162.62477077 0 162444
0.38750000 0.38750200 2176.88549329 0 24.26810009 0 -288.62007658 0 -45.41790134 0 190.55581736 0 164307
0.38850000 0.38850400 2166.27820612 0 47.87961132 0 -228.75644522 0 -71.61623982 0 146.93085758 0 163882
0.38950000 0.38950500 2152.11670268 0 65.80382291 0 -238.20224552 0 6.40566101 0 199.27638039 0 164595
0.39050000 0.39050100 2136.38292911 0 72.73709126 0 -205.24325623 0 -24.79580709 0 197.11838428 0 165006
0.39150000 0.39150100 2082.40534562 0 58.41825008 0 -245.79453865 0 10.04794654 0 156.87712696 0 166687
0.39250000 0.39250100 2088.10759290 0 36.85500822 0 -228.89595651 0 26.96742216 0 219.83215141 0 167256
0.39350000 0.39350100 2055.27814981 0 30.28657297 0 -279.82975791 0 21.12101321 0 157.80055885 0 167937
0.39450000 0.39449600 2085.84883864 0 9.25024090 0 -271.20663134 0 20.06515631 0 168.53739223 0 167719
0.39550000 0.39549700 2057.10508341 0 37.75430244 0 -267.05893846 0 -31.69419762 0 127.97393025 0 171636
0.39650000 0.39650400 2059.03166793 0 52.76881779 0 -291.99713565 0 12.62643633 0 125.88236810 0 171093
0.39750000 0.39750000 2042.22387885 0 41.44681205 0 -282.88461233 0 -28.40538498 0 186.15346101 0 170464
0.39850000 0.39849800 2035.64691791 0 57.63078634 0 -284.79458836 0 16.82450829 0 202.56486086 0 172113
0.39950000 0.39949500 2025.58217465 0 36.73044457 0 -260.37457597 0 -2.84352803 0 211.38286035 0 173232
