### header ###
fiducial parameters:
Omega_m = 0.31
Omega_nu = 0
Omega_de = 0.69
Omega_k = 0
H_0 = 100
w_de = -1
zeff = 0
beta = 0
fgrowth = 0
b_1 = 2
gamma = 0.55
Lx = 3500 Ly = 3500 Lz = 3500
nx = 700 ny = 700 nz = 700
xoffset = -685.467585 yoffset = -31.7331281 zoffset = 572.489161
bins = 400 dk = 0.001
kx_ny = 0.628318531 ky_ny = 0.628318531 kz_ny = 0.628318531
############################
A(data) = 8.06419293 (not used)
A(ran) = 8.05828527 (used)
Ngal = 479317
weighted Ngal = 0
Nran = 23820508
weighted Nran = 0
SN(data) = 3493.1635
SN(ran) = 70.1905872
SN(data+ran) = 3563.35409
############################
13 columns: k_central k_mean P_0(k) sigma^{lin}_{P_0(k)} P^img_1(k) sigma^{lin}_{P_1(k)} P_2(k) sigma^{lin}_{P_2(k)} P^img_3(k) sigma^{lin}_{P_3(k)} P_4(k) sigma^{lin}_{P_4(k)} N_modes
### header ###
0.00050000 0 0 0 0 0 0 0 0 0 0 0 0
0.00150000 0.00179520 62153.83102998 0 -58095.71326070 0 46133.39497313 0 26582.21597811 0 -59919.87877457 0 3
0.00250000 0.00253879 92386.59250080 0 -34292.09719583 0 17871.61804328 0 11254.68600841 0 86242.78090543 0 6
0.00350000 0.00331552 83236.75544041 0 16754.30974583 0 18966.22807485 0 -24925.24256900 0 23702.52573928 0 7
0.00450000 0.00420575 66267.42114661 0 30737.10586631 0 -14714.67679099 0 -9651.82305069 0 31220.96646088 0 24
0.00550000 0.00557378 55868.18295368 0 -4833.41302541 0 -22879.40911226 0 6288.52688075 0 9078.15482951 0 45
0.00650000 0.00659388 74752.91871787 0 -25619.25588863 0 -27604.63445186 0 -2353.48907415 0 23462.14556746 0 40
0.00750000 0.00754703 69004.05694878 0 -9023.47968955 0 -23539.09822495 0 -1790.00739181 0 -21979.56127425 0 57
0.00850000 0.00846663 87403.49271617 0 -2007.04710290 0 -20594.63488593 0 -19555.16503196 0 19909.14725641 0 75
0.00950000 0.00948925 76104.07451549 0 3352.14633885 0 -1116.04605242 0 -11049.60440812 0 13082.06249648 0 112
0.01050000 0.01054430 82445.08421588 0 -5425.37272719 0 -3583.76830173 0 -9584.14900140 0 14069.93531680 0 105
0.01150000 0.01145670 84319.29663793 0 -2222.84671362 0 16467.64725628 0 -10067.37847346 0 6715.36500251 0 144
0.01250000 0.01249090 88074.80776992 0 -2669.11676543 0 15985.00461743 0 -5283.84627136 0 9663.23861758 0 169
0.01350000 0.01339930 85962.54036427 0 2469.87028032 0 19064.10742625 0 -2507.00685776 0 -22202.00427985 0 180
0.01450000 0.01448870 85284.80336212 0 19412.55348829 0 29148.00580833 0 -20082.20769332 0 -11295.76433349 0 267
0.01550000 0.01550050 76588.15655656 0 7754.25909559 0 40800.29900098 0 -19233.95688897 0 -11933.41951979 0 238
0.01650000 0.01653350 70503.24972923 0 -5332.95203193 0 31899.92141876 0 -13717.83538757 0 -25928.61664407 0 315
0.01750000 0.01747870 79138.44513204 0 -6482.23720345 0 40053.35996872 0 -10821.64738475 0 -48328.92626142 0 297
0.01850000 0.01844180 79058.72439335 0 -2129.70631724 0 40315.33117392 0 -886.72381140 0 -37397.21996797 0 388
0.01950000 0.01947590 86929.15432094 0 1462.98627829 0 46349.19458385 0 -1560.43380902 0 -36527.71029996 0 399
0.02050000 0.02045430 80910.57071927 0 2261.00194494 0 42611.28844832 0 -1185.33666114 0 -39578.35723400 0 462
0.02150000 0.02154770 80988.40916274 0 6558.87983585 0 49057.70668098 0 4190.70885899 0 -32658.70783858 0 571
0.02250000 0.02255340 77361.00482890 0 8563.09242360 0 53460.06302888 0 9273.95782160 0 -15863.54121417 0 510
0.02350000 0.02348930 71370.76637877 0 2160.67560976 0 49872.07617139 0 2897.51668179 0 -14310.09404211 0 555
0.02450000 0.02439640 74506.11659766 0 -3953.60609532 0 45047.53207817 0 13158.01864473 0 -19815.58611169 0 592
0.02550000 0.02547300 75644.13014252 0 -3086.57662807 0 38331.50273617 0 12046.68940269 0 -22908.75077303 0 837
0.02650000 0.02652900 76238.82470853 0 1294.12225248 0 30447.67529555 0 -105.83769558 0 -17053.26251593 0 723
0.02750000 0.02749970 72240.94038627 0 6050.84835619 0 27423.49121783 0 201.89498521 0 -24284.37640850 0 826
0.02850000 0.02848090 70731.78251348 0 3619.11116255 0 22289.25419942 0 688.61445405 0 -16436.64474678 0 831
0.02950000 0.02946900 65151.88442113 0 1703.55467962 0 18083.87451005 0 5471.48896006 0 -19490.72410151 0 996
0.03050000 0.03053250 63509.85865052 0 923.12407925 0 13508.34700200 0 6768.32393212 0 -23268.60132963 0 1041
0.03150000 0.03150510 62507.14891494 0 227.40340713 0 7879.76389741 0 7539.43384946 0 -19941.58916813 0 1036
0.03250000 0.03246190 61664.65571949 0 2169.36738474 0 5296.43550467 0 1392.31162897 0 -17646.40695647 0 1059
0.03350000 0.03345080 59820.22785120 0 4019.40892172 0 3124.67649777 0 1026.74110936 0 -11720.83088327 0 1302
0.03450000 0.03451200 55183.35966365 0 208.72107346 0 2528.70861441 0 4920.53007708 0 -9508.75754171 0 1339
0.03550000 0.03553350 54977.96803827 0 -771.16970790 0 1352.94951424 0 6560.68462479 0 -3221.09430229 0 1365
0.03650000 0.03647120 53409.13033471 0 1290.90020596 0 137.98774082 0 4128.31630863 0 -5645.95558222 0 1308
0.03750000 0.03744890 53881.25426498 0 548.42774952 0 3090.90590707 0 4882.70701550 0 2363.38773254 0 1579
0.03850000 0.03847530 51585.07554409 0 2897.72705596 0 4577.39873095 0 61.94965736 0 9452.64299953 0 1662
0.03950000 0.03950240 52135.81298057 0 3683.98391366 0 4871.25823164 0 -6341.36401478 0 8217.87948040 0 1683
0.04050000 0.04050350 47302.85392048 0 2379.88549652 0 15348.34594036 0 -7468.18343925 0 14711.35509354 0 1822
0.04150000 0.04152450 46726.09652067 0 3585.81668182 0 19838.50582406 0 -4738.06923640 0 14144.78423257 0 1887
0.04250000 0.04250150 44068.18494796 0 2050.31774829 0 22885.94178390 0 -2289.59068762 0 15092.13234406 0 1920
0.04350000 0.04349210 46046.58794655 0 -2347.66503130 0 20220.94392330 0 3989.66865725 0 11832.77208719 0 2005
0.04450000 0.04448520 44991.72756108 0 101.15997052 0 22946.72884716 0 4787.77290251 0 7739.27824011 0 2151
0.04550000 0.04548030 45224.79999851 0 2939.03789986 0 17822.78909083 0 -668.83485300 0 683.99729460 0 2274
0.04650000 0.04648670 42471.55570911 0 2825.81230627 0 17866.08188087 0 1057.58528461 0 1071.99259366 0 2311
0.04750000 0.04749250 39637.48344853 0 1204.62465097 0 16018.66448488 0 1509.99936947 0 1292.54998235 0 2568
0.04850000 0.04851840 39753.07851963 0 984.47361660 0 14210.55384200 0 884.98102748 0 -1095.76708951 0 2493
0.04950000 0.04949480 39531.52130001 0 530.92240398 0 11969.73674520 0 2497.04176543 0 -1774.80508983 0 2644
0.05050000 0.05050630 38222.10816696 0 18.70946086 0 9516.19814398 0 2743.12418452 0 -1265.22348470 0 2829
0.05150000 0.05149060 37638.37520252 0 375.64412073 0 10341.08634297 0 2889.65533117 0 484.02778668 0 2784
0.05250000 0.05249300 39444.38210369 0 -1879.82609074 0 7064.32039149 0 3643.94638712 0 89.25124228 0 3055
0.05350000 0.05348950 38772.29198720 0 -70.10608544 0 8446.58942185 0 -1711.74819999 0 -2100.01034208 0 3009
0.05450000 0.05448610 39950.16590141 0 2402.25159265 0 10108.23535204 0 -4434.16713710 0 -1663.38428518 0 3336
0.05550000 0.05550870 37975.85966299 0 1969.82194686 0 10426.35431640 0 -4801.20363251 0 -635.20045189 0 3349
0.05650000 0.05647670 36529.48187193 0 63.56322726 0 12858.95515138 0 -1702.59138736 0 1282.31915422 0 3324
0.05750000 0.05747970 36411.45088937 0 -702.97636657 0 13437.04123016 0 2858.98499142 0 -612.94175731 0 3639
0.05850000 0.05849280 38784.13937475 0 -1006.21634085 0 13584.74604325 0 2583.18445252 0 -6705.47741645 0 3846
0.05950000 0.05951020 37233.79245365 0 1421.91902554 0 14636.06328478 0 1008.56478094 0 -4680.18312224 0 3787
0.06050000 0.06049470 34883.58078764 0 3814.17230888 0 13080.84454075 0 -387.36085485 0 -2483.56674612 0 3930
0.06150000 0.06148310 33326.47974840 0 2298.14959471 0 12774.58403627 0 1639.65629309 0 -379.91803811 0 4083
0.06250000 0.06249100 31347.30168706 0 538.95759010 0 12741.58850831 0 1453.13190920 0 926.46792134 0 4303
0.06350000 0.06350600 31384.83686820 0 115.11674667 0 10957.02870031 0 1849.46577608 0 -3323.14792015 0 4470
0.06450000 0.06451750 31056.98533032 0 399.02887074 0 11898.87386636 0 939.25424204 0 -2194.91123810 0 4479
0.06550000 0.06550280 30354.44632057 0 176.17176019 0 10778.11100357 0 730.56306386 0 -2296.89842200 0 4636
0.06650000 0.06648880 30248.81634180 0 -102.66137776 0 10513.34957250 0 -1339.98382188 0 -3387.92102033 0 4653
0.06750000 0.06749660 30360.97899222 0 -399.75078632 0 11519.86818782 0 1098.02252208 0 -2298.44854748 0 5220
0.06850000 0.06852730 30875.28848004 0 291.91741491 0 10688.84592088 0 708.06077813 0 -2206.95792750 0 5029
0.06950000 0.06949320 31014.68904951 0 284.92081286 0 10913.20443868 0 874.59186510 0 468.16003798 0 5040
0.07050000 0.07048030 31198.37891825 0 116.32473731 0 11212.50045085 0 1821.28670942 0 1284.61112546 0 5475
0.07150000 0.07148790 31088.43073280 0 818.89807126 0 11088.15824314 0 1026.30818146 0 4194.81669149 0 5509
0.07250000 0.07249820 29537.53019545 0 638.36713679 0 11152.37772709 0 2706.36406612 0 3739.04658498 0 5916
0.07350000 0.07351270 29452.27329435 0 738.73997574 0 10463.05907318 0 1542.18661772 0 4649.43527622 0 5721
0.07450000 0.07449140 29185.43026622 0 547.52756951 0 10687.60582050 0 903.83830388 0 3130.46732365 0 6028
0.07550000 0.07549160 27995.37679471 0 529.43871246 0 9726.06298860 0 98.57170387 0 2201.58784997 0 6183
0.07650000 0.07648840 27747.46744202 0 855.68365601 0 10761.05962334 0 -1225.46276628 0 2964.36030672 0 6330
0.07750000 0.07749960 26905.86003256 0 1269.78528253 0 11381.02123459 0 -1799.05348118 0 2285.28355327 0 6583
0.07850000 0.07848650 26187.15542858 0 1131.15977580 0 12346.63868202 0 -718.40565121 0 3809.03475016 0 6549
0.07950000 0.07947320 25450.07076540 0 567.11229765 0 12163.61315277 0 456.16981744 0 2147.42203695 0 6828
0.08050000 0.08048110 25090.22020880 0 181.41672046 0 12287.18029775 0 1181.33955188 0 3579.42795040 0 7147
0.08150000 0.08149960 24908.96625152 0 532.23226001 0 12253.74187680 0 2065.12144658 0 1640.40921118 0 7386
0.08250000 0.08250610 24057.28302647 0 892.29983418 0 10714.73301630 0 972.64283753 0 1769.09177022 0 7227
0.08350000 0.08350160 23744.15768059 0 400.92666722 0 9961.88136258 0 -150.81835082 0 1330.95987715 0 7798
0.08450000 0.08449610 22912.29391697 0 522.84735749 0 10093.06626704 0 -118.11181054 0 357.77781740 0 7371
0.08550000 0.08548940 22346.05522574 0 1120.43069305 0 10064.23393321 0 -5.27007230 0 109.02519645 0 8256
0.08650000 0.08650700 21642.63043002 0 742.76144411 0 9245.03690918 0 681.17828070 0 228.74537289 0 8037
0.08750000 0.08749060 21220.11051494 0 141.73350831 0 9803.55819000 0 -74.13751890 0 12.04137469 0 8155
0.08850000 0.08849210 21086.35683113 0 -118.33990043 0 8956.48105208 0 1255.08123517 0 -103.07016800 0 8718
0.08950000 0.08949900 21153.56584278 0 568.66353036 0 10005.99350466 0 306.87169681 0 -293.89714659 0 8571
0.09050000 0.09049190 20545.47376374 0 558.83684208 0 8603.17423944 0 311.23087109 0 -246.80987083 0 8932
0.09150000 0.09150830 20171.56135461 0 337.45124350 0 9217.06821668 0 1103.71037534 0 216.77286807 0 9285
0.09250000 0.09250820 19539.99594695 0 417.72338397 0 7998.13812205 0 733.09309008 0 -22.50937202 0 9204
0.09350000 0.09350330 19175.05212093 0 567.01264673 0 7847.98632518 0 881.13450184 0 -1094.69085954 0 9349
0.09450000 0.09448040 18994.46250314 0 417.70123932 0 7293.97148056 0 -108.81305071 0 -566.23204783 0 9564
0.09550000 0.09549270 18234.90102058 0 187.37252398 0 6531.08830055 0 1078.01815283 0 -632.06698397 0 10155
0.09650000 0.09649430 18323.25817263 0 216.98767117 0 6293.75301806 0 175.71225871 0 -246.16656876 0 9913
0.09750000 0.09749140 18498.20090477 0 44.04958344 0 5893.57705447 0 1160.97754653 0 -101.91067414 0 10476
0.09850000 0.09850240 18195.48354423 0 -269.28779745 0 5992.81830182 0 695.61659227 0 584.27107943 0 10575
0.09950000 0.09950330 18395.67117695 0 135.57951017 0 5899.46753127 0 942.22716125 0 393.29894265 0 10882
0.10050000 0.10051200 18403.75397406 0 210.55575768 0 5544.04590459 0 563.73302412 0 437.81633182 0 10875
0.10150000 0.10150300 17729.22794611 0 581.27490833 0 6272.11769537 0 281.56922014 0 1617.20161836 0 11118
0.10250000 0.10250800 17637.77054311 0 357.72024131 0 6526.01717579 0 -176.87153112 0 2041.99136003 0 11575
0.10350000 0.10349800 17625.70170906 0 148.37801043 0 6277.64278545 0 207.79542710 0 1919.44286894 0 11364
0.10450000 0.10450100 17250.79279070 0 279.92497990 0 6728.13139302 0 -331.54083651 0 1784.93626704 0 12093
0.10550000 0.10551000 17167.41818481 0 237.48143718 0 6458.80816414 0 -232.80448717 0 1781.52599100 0 12067
0.10650000 0.10649700 16946.08241169 0 362.50902179 0 7053.18163273 0 -258.38487920 0 1140.84806001 0 12054
0.10750000 0.10749900 16742.24091178 0 289.00096456 0 6895.10205129 0 -408.62525466 0 860.93304520 0 12807
0.10850000 0.10850100 16376.52202302 0 455.12237551 0 6721.24440699 0 312.31042276 0 -340.39980360 0 12736
0.10950000 0.10950300 15838.96065307 0 328.78493486 0 6025.75846815 0 497.39983336 0 163.61463661 0 12933
0.11050000 0.11050200 15552.07671702 0 254.40659289 0 5886.18074149 0 715.31536535 0 -390.93057237 0 13428
0.11150000 0.11150900 15220.01769571 0 140.30960733 0 5345.84021802 0 816.21303249 0 -968.88046156 0 13453
0.11250000 0.11250000 15222.01071418 0 73.79737709 0 5256.51977370 0 990.83023828 0 -302.57563478 0 13668
0.11350000 0.11349100 15018.50138401 0 309.14373787 0 4590.88482258 0 746.63565057 0 -318.21750806 0 13791
0.11450000 0.11448600 14883.30829798 0 59.93515858 0 4661.12765123 0 153.56428737 0 -131.53146822 0 14205
0.11550000 0.11549300 14740.25386132 0 209.53599657 0 4675.68775837 0 -32.91957181 0 405.89039043 0 14776
0.11650000 0.11649800 14785.09677683 0 90.04512797 0 4341.68000789 0 11.55507818 0 363.70483288 0 14553
0.11750000 0.11747300 14774.57806826 0 -73.31938482 0 5062.68765543 0 -138.66536710 0 133.11813236 0 14568
0.11850000 0.11849100 14587.78794857 0 406.56358778 0 4948.90844559 0 120.98175713 0 98.96676442 0 16015
0.11950000 0.11950300 14458.24174819 0 287.26039509 0 4619.63965013 0 -28.72127841 0 46.49933531 0 15270
0.12050000 0.12050700 14018.33828314 0 214.28934561 0 4725.63501562 0 427.00642110 0 509.69675731 0 15999
0.12150000 0.12150000 14074.69641647 0 139.31863426 0 4733.45207695 0 184.96318610 0 496.37785778 0 15670
0.12250000 0.12250700 13828.33718926 0 158.08290313 0 4680.96925731 0 427.90438664 0 501.73354130 0 16887
0.12350000 0.12352200 13849.15315991 0 299.93709978 0 4653.00056481 0 226.76674845 0 1093.57587643 0 16407
0.12450000 0.12449800 13582.75302478 0 82.27401680 0 4476.81773230 0 50.29692127 0 1103.05046478 0 16306
0.12550000 0.12549900 13559.27969616 0 136.99676775 0 4510.94263739 0 511.54251385 0 1186.78713569 0 17523
0.12650000 0.12650100 13421.31852892 0 -75.28383669 0 4215.33370938 0 563.65219615 0 1715.97782807 0 17154
0.12750000 0.12750600 13644.20442752 0 -76.80871727 0 3982.49379077 0 474.16566696 0 1129.19997430 0 18007
0.12850000 0.12850300 13405.37438118 0 303.00191929 0 3907.98811707 0 17.63898850 0 759.99773216 0 17496
0.12950000 0.12949900 13118.60116838 0 477.53940434 0 4130.44219500 0 -285.36149139 0 945.06610534 0 18405
0.13050000 0.13049000 12717.56156345 0 384.46322745 0 3933.89735714 0 -505.83362318 0 1108.04076158 0 18100
0.13150000 0.13148800 12472.42029196 0 52.51426504 0 4093.62671498 0 234.74435848 0 808.05826526 0 19059
0.13250000 0.13249300 12420.71253506 0 -66.15592284 0 4197.25260295 0 182.38554888 0 542.17188600 0 18957
0.13350000 0.13349100 12693.53461859 0 -61.59434646 0 3990.08940560 0 494.80005150 0 -38.86806760 0 19468
0.13450000 0.13450700 12385.83471188 0 70.95876517 0 3673.34340951 0 -96.56240908 0 59.10805592 0 19953
0.13550000 0.13551000 12506.74449890 0 259.18319382 0 3628.94338699 0 -35.17732957 0 115.14774918 0 19956
0.13650000 0.13649900 12462.56592288 0 239.71804679 0 3445.16493965 0 -16.75298107 0 281.21379851 0 19723
0.13750000 0.13749600 12099.39366882 0 55.14792822 0 3309.65075619 0 523.48512340 0 241.87715013 0 20946
0.13850000 0.13851100 12110.35527039 0 242.46176888 0 3286.48745267 0 61.38840122 0 -281.09421740 0 20955
0.13950000 0.13949800 11877.39355621 0 298.45562272 0 3318.87400277 0 383.18326670 0 -275.40525691 0 20506
0.14050000 0.14048300 11672.55554707 0 324.48998007 0 3446.99187324 0 143.12419230 0 -360.22590842 0 21447
0.14150000 0.14148400 11374.59928620 0 215.81954090 0 3300.49394357 0 -115.67368461 0 282.52144007 0 21771
0.14250000 0.14249400 11369.17384703 0 50.03993262 0 3239.67366334 0 360.71751964 0 -220.66700471 0 22470
0.14350000 0.14350900 11276.94138129 0 15.73609876 0 3603.42167828 0 -74.37712401 0 426.07523858 0 22519
0.14450000 0.14449900 11313.59077644 0 256.70299306 0 3190.32431162 0 146.40824384 0 488.17105063 0 22218
0.14550000 0.14550500 11089.37619887 0 106.04308721 0 3265.31716762 0 588.32465754 0 885.17700763 0 23559
0.14650000 0.14650700 11031.87761608 0 -48.92118492 0 3075.80325602 0 688.16048873 0 618.88981020 0 23044
0.14750000 0.14750500 10954.43777630 0 65.99758859 0 2780.61507636 0 409.15672626 0 572.58866951 0 23649
0.14850000 0.14849900 10907.22538328 0 197.81815521 0 2503.30870127 0 -170.54923365 0 80.75434022 0 23640
0.14950000 0.14949500 10662.08411179 0 330.45574868 0 2819.62287669 0 -403.81654400 0 412.54817935 0 24457
0.15050000 0.15050000 10357.88305972 0 323.18455297 0 2690.18739956 0 -565.57213727 0 398.63580321 0 24591
0.15150000 0.15149900 10064.43323505 0 343.47458820 0 2963.55202701 0 -414.93094365 0 -160.41916367 0 25020
0.15250000 0.15250500 10120.38169236 0 86.19195893 0 3075.57073720 0 -32.19023778 0 -108.29641603 0 25297
0.15350000 0.15350100 9962.63428067 0 -75.61755656 0 3125.03081217 0 177.04536662 0 -290.85668620 0 25452
0.15450000 0.15450400 10163.94021820 0 -67.52833750 0 3170.54913949 0 209.08313848 0 -449.44116564 0 26061
0.15550000 0.15549900 10112.48712477 0 68.22777626 0 2969.44250381 0 141.25850557 0 1.72992896 0 26128
0.15650000 0.15649500 10002.98183231 0 381.16478188 0 3100.49454037 0 90.68510835 0 163.20938952 0 26331
0.15750000 0.15749700 9741.33172452 0 251.30855641 0 3090.99448567 0 107.27122948 0 612.56529827 0 27345
0.15850000 0.15849900 9572.84415776 0 108.96695602 0 3119.46143278 0 170.34328840 0 527.13013273 0 26980
0.15950000 0.15949700 9509.65440002 0 67.35505561 0 3139.54663000 0 141.22418136 0 322.39731067 0 27777
0.16050000 0.16050000 9490.26675926 0 137.21267808 0 3289.56555897 0 126.03738064 0 543.44741782 0 28224
0.16150000 0.16150500 9297.73010299 0 84.08710999 0 3225.92183591 0 58.55056436 0 930.75180381 0 28075
0.16250000 0.16249700 9328.58867226 0 99.09442832 0 3132.59321002 0 141.28729362 0 760.41405157 0 28590
0.16350000 0.16349900 9287.44391323 0 92.65996820 0 3034.18238703 0 449.29058203 0 786.12398980 0 29163
0.16450000 0.16449100 9202.18701213 0 34.03798734 0 2879.82310673 0 20.05917726 0 634.58040170 0 28996
0.16550000 0.16550500 9021.56417736 0 193.05151938 0 2804.48700867 0 275.30449876 0 888.10895924 0 30777
0.16650000 0.16650700 8985.88914680 0 121.46118880 0 2731.87470250 0 100.09879891 0 976.85696436 0 29211
0.16750000 0.16749900 8838.69366066 0 100.76623865 0 2690.19847189 0 197.83587093 0 559.01399928 0 30922
0.16850000 0.16850800 8790.77263884 0 121.85093463 0 2643.59505673 0 -39.43884594 0 692.32811180 0 30867
0.16950000 0.16949900 8627.53335404 0 221.64469099 0 2409.44860379 0 223.61224311 0 577.25897612 0 30852
0.17050000 0.17049200 8487.47951741 0 52.87035101 0 2223.89858447 0 18.52554955 0 658.42908213 0 31257
0.17150000 0.17149500 8480.80290554 0 48.33446242 0 2212.28371574 0 89.85080867 0 359.82730472 0 32608
0.17250000 0.17250900 8353.33830223 0 89.35410418 0 2176.25437078 0 271.51665644 0 200.41793708 0 32361
0.17350000 0.17350400 8264.13965349 0 164.04202835 0 1824.46446664 0 186.92298759 0 377.40904930 0 32508
0.17450000 0.17449800 8045.00727301 0 210.68087495 0 1953.18024266 0 297.11587142 0 548.45543033 0 32791
0.17550000 0.17549800 8055.74742808 0 69.93258211 0 1789.37626929 0 257.52123786 0 561.68242956 0 33633
0.17650000 0.17650100 7864.66124636 0 80.76663050 0 1694.10998655 0 134.07588846 0 375.21230006 0 33984
0.17750000 0.17750300 7881.23651661 0 64.65495848 0 1881.70838595 0 28.55663294 0 779.94009639 0 34069
0.17850000 0.17849800 7872.65546488 0 37.69141164 0 1809.72720231 0 42.18555756 0 792.75520513 0 34536
0.17950000 0.17950400 7860.08837621 0 57.41852987 0 1988.60060975 0 18.96999267 0 901.22191352 0 35343
0.18050000 0.18050100 7871.65895565 0 142.32144875 0 2044.48263311 0 -159.96519835 0 921.20413812 0 34990
0.18150000 0.18150500 7779.45970688 0 176.17286742 0 2205.18635553 0 -185.16691687 0 872.75607365 0 36243
0.18250000 0.18250200 7626.38481626 0 138.84695323 0 2184.76898857 0 80.41486274 0 1190.35242428 0 35694
0.18350000 0.18350400 7629.60686278 0 -21.92984654 0 2195.96310896 0 179.06606590 0 721.51254555 0 37087
0.18450000 0.18450600 7560.55984522 0 -77.31317239 0 1918.12526228 0 355.75601089 0 778.95465948 0 36651
0.18550000 0.18550700 7711.39812622 0 -9.49934607 0 1818.51862821 0 228.94799644 0 748.82132749 0 37818
0.18650000 0.18651000 7579.75925645 0 151.87354337 0 1645.61320385 0 79.14398129 0 585.32516475 0 37267
0.18750000 0.18750100 7434.74501830 0 178.17252928 0 1490.66709033 0 -77.97341511 0 606.56077652 0 38334
0.18850000 0.18850000 7352.18976445 0 98.36686586 0 1488.12045563 0 -198.20125765 0 369.10923462 0 38223
0.18950000 0.18949500 7272.94513573 0 76.59247476 0 1579.05745936 0 -164.59343013 0 321.22807317 0 39064
0.19050000 0.19050000 7308.54266002 0 43.72372492 0 1840.92901365 0 -103.36081652 0 133.07716476 0 39609
0.19150000 0.19149800 7280.52967823 0 108.30073424 0 1971.90354393 0 -223.22249727 0 303.33741073 0 39576
0.19250000 0.19250400 7148.59185569 0 214.04021830 0 1896.76674771 0 -8.56587158 0 507.15233706 0 40909
0.19350000 0.19350500 7059.14961580 0 152.26550367 0 2009.10655532 0 188.09222509 0 709.78806080 0 40191
0.19450000 0.19450100 7015.79039181 0 57.96140596 0 2009.53837599 0 254.37559038 0 745.22614362 0 41232
0.19550000 0.19549800 7016.10041691 0 -60.35158872 0 2009.54944831 0 263.05297134 0 692.54955829 0 40873
0.19650000 0.19649700 6975.54249110 0 -16.71732818 0 1898.87048942 0 237.42718278 0 593.69916401 0 42816
0.19750000 0.19750200 6971.71146671 0 83.75815122 0 1729.61893225 0 66.60523778 0 482.17427950 0 41727
0.19850000 0.19849000 6873.58852417 0 191.17918925 0 1553.10392999 0 94.88672344 0 544.90342853 0 42610
0.19950000 0.19949900 6754.10706705 0 102.01320387 0 1511.93702631 0 -36.56214523 0 435.13682921 0 43863
0.20050000 0.20050100 6609.65751747 0 105.18752867 0 1503.17881738 0 50.16294614 0 494.78012131 0 43302
0.20150000 0.20150100 6636.12037378 0 52.74833399 0 1417.44580631 0 -108.40802507 0 290.31967844 0 44487
0.20250000 0.20249700 6609.59108352 0 -15.97426446 0 1538.88706492 0 63.37820871 0 392.62463807 0 43759
0.20350000 0.20349100 6731.64131999 0 7.23922991 0 1676.28354359 0 -62.89744836 0 495.84085003 0 45282
0.20450000 0.20449700 6699.26584222 0 60.78905627 0 1741.58811537 0 -177.61559135 0 378.58935913 0 45483
0.20550000 0.20549900 6639.53064983 0 162.68788303 0 1779.68798508 0 49.25999806 0 464.65896887 0 46138
0.20650000 0.20650200 6532.22875001 0 77.93322258 0 1755.92677601 0 35.67835226 0 392.46187489 0 46227
0.20750000 0.20749300 6525.51892117 0 64.98114917 0 1717.02969893 0 71.22018276 0 234.40997427 0 46236
0.20850000 0.20850300 6448.93165040 0 92.83402515 0 1737.13704080 0 8.32458347 0 -34.38366532 0 48361
0.20950000 0.20950400 6341.15364061 0 81.12803118 0 1520.32984852 0 110.00443286 0 228.75976692 0 46812
0.21050000 0.21050300 6314.62435035 0 -54.39456724 0 1452.10218299 0 96.37395811 0 35.83613289 0 48813
0.21150000 0.21149700 6402.23965664 0 28.74951284 0 1330.09623581 0 190.83594718 0 52.93612062 0 47215
0.21250000 0.21249000 6326.62675045 0 75.04312435 0 1255.30268166 0 124.54261679 0 -163.84826267 0 50004
0.21350000 0.21350300 6249.53015274 0 156.12642334 0 1289.05112771 0 -70.94149235 0 -136.90818915 0 49509
0.21450000 0.21449800 6201.55376930 0 113.98072615 0 1241.32940774 0 -149.40441494 0 -5.12039661 0 49660
0.21550000 0.21550100 6122.03233245 0 85.90872887 0 1337.26002997 0 -28.78073679 0 -42.68403362 0 50841
0.21650000 0.21649800 6017.50958616 0 100.56073630 0 1321.69234128 0 61.48982371 0 -125.61773953 0 50424
0.21750000 0.21750300 5976.29839319 0 56.84908021 0 1309.75637512 0 220.05802684 0 -81.84153179 0 52231
0.21850000 0.21850300 5978.53500280 0 59.94744886 0 1155.86213247 0 203.16055193 0 -31.72940762 0 51078
0.21950000 0.21950100 5864.66721437 0 68.03378912 0 1242.39235093 0 165.93982482 0 168.64479378 0 52791
0.22050000 0.22050700 5918.44549601 0 43.47171881 0 1180.85236958 0 125.96983946 0 243.51585420 0 52969
0.22150000 0.22150000 5760.01160018 0 89.46748479 0 1127.95987393 0 31.45448179 0 193.57081141 0 52704
0.22250000 0.22250100 5798.77580937 0 143.73538463 0 1135.78800757 0 -2.43553500 0 376.42139793 0 54051
0.22350000 0.22349900 5670.28147985 0 123.39995287 0 1228.14226888 0 90.51957709 0 479.64203882 0 53938
0.22450000 0.22449800 5560.28900510 0 84.83803506 0 1032.20862336 0 112.50699971 0 453.16035955 0 54735
0.22550000 0.22549100 5572.61250263 0 -6.35964442 0 1179.00329134 0 55.77163228 0 339.81186315 0 54774
0.22650000 0.22649900 5519.39890955 0 102.56272335 0 1036.07286472 0 -23.87292882 0 180.01164244 0 56911
0.22750000 0.22749800 5460.01803155 0 134.94063703 0 1128.38062227 0 -35.06815644 0 242.78729523 0 54879
0.22850000 0.22849100 5342.23064012 0 60.04864991 0 1137.26062677 0 -125.43172448 0 357.00164743 0 57210
0.22950000 0.22949800 5380.98377699 0 92.86513838 0 1237.27693686 0 -25.59999004 0 454.89871455 0 57375
0.23050000 0.23049600 5319.66524214 0 40.64495428 0 1183.70902939 0 80.87403205 0 242.06316519 0 57604
0.23150000 0.23150100 5274.97733918 0 119.14153675 0 1206.76160966 0 23.30314698 0 344.73129707 0 58629
0.23250000 0.23250200 5199.41979461 0 84.63120403 0 1176.75560940 0 0.33175232 0 225.69937634 0 58560
0.23350000 0.23350400 5141.14614909 0 114.88865678 0 1156.62612288 0 85.27649912 0 200.82650586 0 59305
0.23450000 0.23449700 5075.52047989 0 56.44239372 0 1016.40177245 0 -96.04112403 0 329.87777332 0 59196
0.23550000 0.23549300 5029.37103005 0 -9.83813706 0 1027.60142900 0 106.28844993 0 34.28534308 0 60063
0.23650000 0.23649900 5059.37703031 0 30.58563646 0 1008.25918478 0 -9.15951427 0 -26.95900719 0 61537
0.23750000 0.23750400 5090.93315604 0 13.80120999 0 1022.59895265 0 65.37532394 0 -99.39814219 0 61224
0.23850000 0.23850100 5028.56275034 0 -23.54662741 0 777.80867386 0 91.25134704 0 36.32519748 0 61221
0.23950000 0.23949400 5083.68078328 0 -30.54167933 0 774.98412380 0 235.42973539 0 85.81638568 0 62332
0.24050000 0.24050100 5146.11762294 0 -33.19128666 0 632.39915371 0 204.29989416 0 -35.56995420 0 63447
0.24150000 0.24150500 5077.91210205 0 45.72759427 0 609.88025950 0 137.10195483 0 -142.80641658 0 63342
0.24250000 0.24250300 5028.00913410 0 230.65645616 0 586.02272121 0 -202.09096536 0 7.42483529 0 63379
0.24350000 0.24349600 4868.04725744 0 199.03278924 0 590.06744147 0 -82.46268921 0 167.02823435 0 64266
0.24450000 0.24449500 4794.18377858 0 40.00663476 0 593.61279987 0 -13.77552220 0 199.95289943 0 64695
0.24550000 0.24549600 4801.97869525 0 -7.57048065 0 612.10247509 0 147.96058378 0 304.87757111 0 65947
0.24650000 0.24650000 4828.68514271 0 -22.06747553 0 703.24431683 0 206.03049853 0 291.01502044 0 66018
0.24750000 0.24750000 4811.85520899 0 11.98402004 0 522.45982613 0 244.46032351 0 438.11417735 0 66303
0.24850000 0.24849600 4831.67467041 0 61.46048205 0 517.73969405 0 172.40827698 0 530.62566568 0 66958
0.24950000 0.24949200 4758.19872292 0 107.58324759 0 446.21801189 0 -3.80571305 0 546.64067630 0 66975
0.25050000 0.25048900 4707.31031805 0 88.53464142 0 516.38665596 0 -93.53534620 0 615.66665645 0 68676
0.25150000 0.25150000 4626.57092547 0 103.53797372 0 530.86814959 0 -148.08127212 0 744.66920568 0 69349
0.25250000 0.25249900 4593.01070895 0 82.77858264 0 663.04402711 0 -165.57443811 0 392.13745578 0 68592
0.25350000 0.25349900 4537.08439629 0 120.64405122 0 534.28949796 0 36.12678142 0 420.50253750 0 70437
0.25450000 0.25450100 4437.18988177 0 92.44405787 0 574.01367771 0 23.66244392 0 360.95003846 0 70099
0.25550000 0.25550100 4372.08461184 0 15.57787523 0 434.54335260 0 134.08363909 0 317.32618591 0 71064
0.25650000 0.25650300 4379.92381781 0 40.05646022 0 492.35196048 0 81.68031874 0 213.17436250 0 71409
0.25750000 0.25750600 4342.01217763 0 97.71415231 0 433.65203045 0 11.04783284 0 108.19145039 0 72612
0.25850000 0.25850600 4275.13533573 0 48.40222505 0 393.48385048 0 68.47989309 0 290.74153402 0 71845
0.25950000 0.25949600 4279.91858005 0 41.86534593 0 438.70876120 0 -124.69430764 0 182.10431183 0 72816
0.26050000 0.26049800 4346.95043450 0 -39.24674111 0 503.97790154 0 -31.99613992 0 190.67650570 0 73743
0.26150000 0.26149900 4332.74464176 0 17.29065316 0 585.85885080 0 -36.63987295 0 221.91928464 0 74662
0.26250000 0.26250300 4370.57877566 0 70.89188833 0 552.48022041 0 -83.02881718 0 306.44098338 0 74931
0.26350000 0.26350100 4336.16599013 0 10.30456982 0 586.42464660 0 65.79474360 0 313.85058315 0 75087
0.26450000 0.26450200 4326.92059890 0 40.27059898 0 596.08525001 0 164.38748488 0 447.02739883 0 76678
0.26550000 0.26550600 4315.51610434 0 53.08759002 0 509.54285199 0 164.10624783 0 292.79877197 0 76035
0.26650000 0.26650100 4246.26978493 0 61.54230653 0 459.74950005 0 195.22280227 0 496.55722944 0 77094
0.26750000 0.26750600 4210.77191156 0 94.51347538 0 467.22664100 0 -35.51736066 0 557.01323019 0 78463
0.26850000 0.26850100 4174.78685590 0 88.08344418 0 448.10030711 0 40.00231655 0 648.61346618 0 77076
0.26950000 0.26949700 4113.74512917 0 54.08443143 0 366.17285408 0 -28.34935902 0 601.03900813 0 79149
0.27050000 0.27049900 4073.92904912 0 56.83158594 0 461.14793467 0 -72.09755378 0 560.63388040 0 79648
0.27150000 0.27150200 4083.49553777 0 54.17898908 0 423.89620505 0 -77.73358856 0 401.48692685 0 80241
0.27250000 0.27250500 4023.10707821 0 87.58031774 0 530.25917173 0 -84.04104912 0 542.01355175 0 80835
0.27350000 0.27350000 3982.63773099 0 99.98076792 0 481.56751610 0 -24.46396952 0 368.88889536 0 80680
0.27450000 0.27450400 3920.49984411 0 43.72959326 0 506.20897499 0 31.16826219 0 433.19031451 0 82617
0.27550000 0.27550800 3910.71190897 0 58.65541928 0 506.59761359 0 53.80064774 0 378.87281064 0 82548
0.27650000 0.27649900 3894.60167636 0 28.66381304 0 472.43949152 0 23.48207575 0 390.24630270 0 81181
0.27750000 0.27748900 3853.53442361 0 48.37277267 0 552.64409081 0 -19.30382326 0 385.12203077 0 84096
0.27850000 0.27849800 3835.16543673 0 73.25461172 0 488.99150990 0 16.65543389 0 434.61310825 0 85215
0.27950000 0.27950200 3811.48173395 0 -8.45695312 0 370.87416320 0 131.00553279 0 542.15859921 0 84514
0.28050000 0.28050300 3849.84733944 0 5.74669159 0 386.05432052 0 125.95655267 0 373.64888780 0 85815
0.28150000 0.28150100 3852.85901179 0 8.82875071 0 174.25514076 0 159.58431038 0 417.30374286 0 85485
0.28250000 0.28250000 3871.23907099 0 -14.49278740 0 241.75092563 0 77.78186390 0 365.71888876 0 87220
0.28350000 0.28350400 3836.67127291 0 38.87238580 0 114.65170903 0 11.15016326 0 348.36412684 0 87147
0.28450000 0.28449700 3859.49133436 0 77.88151482 0 218.27427531 0 -146.16465270 0 195.83288737 0 87102
0.28550000 0.28549800 3762.02165898 0 131.60565279 0 248.83167735 0 -144.68760457 0 289.90003733 0 88971
0.28650000 0.28649900 3707.83370132 0 100.73877928 0 293.76317146 0 -152.42826685 0 309.50137396 0 89434
0.28750000 0.28750100 3655.41731563 0 43.69626556 0 228.65679429 0 11.90551726 0 188.26384612 0 89619
0.28850000 0.28849900 3672.63478072 0 -6.88312180 0 364.26952144 0 106.79224071 0 177.22916721 0 90240
0.28950000 0.28950100 3677.84984571 0 -3.87918900 0 281.77737984 0 1.98550036 0 62.02793870 0 91333
0.29050000 0.29050500 3662.69183303 0 85.02681819 0 258.18557735 0 26.61266487 0 64.17109789 0 92139
0.29150000 0.29150600 3608.21599493 0 97.61904104 0 255.02996478 0 23.59899950 0 215.76860821 0 92370
0.29250000 0.29250200 3579.31722715 0 59.55404916 0 154.10129513 0 54.80878292 0 260.38675553 0 91819
0.29350000 0.29349600 3518.75161039 0 42.76253641 0 280.65907504 0 91.71926348 0 165.34634821 0 93552
0.29450000 0.29450000 3517.95440300 0 18.59375507 0 175.72443827 0 43.42366492 0 195.16633342 0 94701
0.29550000 0.29550200 3468.77113616 0 82.06962168 0 190.12178223 0 119.38734236 0 145.81808893 0 95020
0.29650000 0.29650300 3450.09212419 0 73.39124421 0 104.64022365 0 11.76345933 0 239.72026125 0 95151
0.29750000 0.29749800 3401.05279757 0 -2.54924778 0 36.03078436 0 33.76295079 0 341.31880656 0 95802
0.29850000 0.29850000 3446.72613745 0 12.81743393 0 30.67620808 0 36.14305774 0 188.83628532 0 97399
0.29950000 0.29950700 3413.38736742 0 54.90931962 0 97.45705293 0 8.71130656 0 279.55405702 0 97881
0.30050000 0.30050300 3423.56283393 0 57.14360405 0 132.43496992 0 -87.93950396 0 243.74505133 0 97188
0.30150000 0.30149700 3359.62015810 0 84.19429009 0 151.85029149 0 -25.05379226 0 415.72372211 0 98263
0.30250000 0.30249700 3396.98925436 0 6.38343885 0 236.20036919 0 -20.53672663 0 397.32926888 0 100050
0.30350000 0.30350600 3386.47054578 0 9.62780718 0 237.73942234 0 70.87727286 0 434.11928256 0 100779
0.30450000 0.30450500 3404.97240055 0 46.59345007 0 148.41897803 0 32.14163027 0 476.04353325 0 99982
0.30550000 0.30550300 3377.55732430 0 51.58120023 0 128.99922753 0 0.98067470 0 380.57905590 0 101559
0.30650000 0.30649700 3336.14682948 0 76.09355581 0 117.83168072 0 -13.61929170 0 388.87001272 0 100935
0.30750000 0.30749800 3311.13444772 0 71.12307847 0 140.49894409 0 -8.10336950 0 209.92463517 0 103762
0.30850000 0.30850200 3202.44850730 0 74.04130040 0 86.50264837 0 -33.13725372 0 301.89579404 0 102951
0.30950000 0.30950100 3207.25389627 0 94.17466224 0 86.68257365 0 -0.61209805 0 221.50960862 0 104394
0.31050000 0.31050000 3148.18304336 0 37.15075002 0 60.47371646 0 13.40127762 0 343.79457839 0 103963
0.31150000 0.31149700 3133.97725062 0 18.06305854 0 50.06074859 0 81.34106271 0 238.93855512 0 105936
0.31250000 0.31250000 3133.51221298 0 14.85230579 0 38.22033659 0 0.15982790 0 310.30633197 0 105717
0.31350000 0.31349800 3159.17786191 0 21.44609666 0 12.32814790 0 71.97586893 0 332.01583924 0 106776
0.31450000 0.31450400 3151.68189800 0 23.19231301 0 -10.73581472 0 79.10522816 0 333.93245867 0 108733
0.31550000 0.31549900 3125.67300700 0 42.04272457 0 -50.27831977 0 113.11044142 0 413.14387042 0 105891
0.31650000 0.31650000 3120.43579737 0 64.83709823 0 -83.77210235 0 64.71995303 0 364.78327731 0 111072
0.31750000 0.31750600 3054.57760934 0 71.83613619 0 -150.47843045 0 56.10756662 0 386.84267005 0 108121
0.31850000 0.31849900 3029.07804529 0 63.92119552 0 -170.84486472 0 -5.90271172 0 313.99452337 0 110484
0.31950000 0.31950100 3021.38277954 0 0.04379392 0 -184.40514092 0 -35.73094581 0 333.38659306 0 110817
0.32050000 0.32049800 2996.93508634 0 27.49922592 0 -172.16468584 0 -93.48906388 0 313.13088203 0 111088
0.32150000 0.32149900 3010.62047981 0 54.91031613 0 -151.80932389 0 -25.29284375 0 206.71698267 0 112635
0.32250000 0.32250100 2976.15233265 0 53.02580645 0 -122.87069575 0 -17.45330561 0 207.50865389 0 113202
0.32350000 0.32350400 2962.57766243 0 65.05400507 0 -142.88392285 0 -15.44932554 0 187.81209527 0 113863
0.32450000 0.32450300 2972.24380199 0 32.50480252 0 -147.84986054 0 19.05735331 0 228.48517326 0 114045
0.32550000 0.32549900 2926.60367909 0 43.69571194 0 -187.58068368 0 23.66388333 0 223.32768436 0 114828
0.32650000 0.32650300 2936.41375888 0 24.63326536 0 -154.70584406 0 -22.17963818 0 252.56526528 0 116431
0.32750000 0.32750400 2919.00806426 0 70.28479276 0 -141.84755325 0 -57.63056490 0 149.08774645 0 116442
0.32850000 0.32850400 2893.75209135 0 101.00529014 0 -108.80087115 0 -68.15968146 0 179.35062464 0 116955
0.32950000 0.32949800 2842.54258907 0 24.13866461 0 -91.38233264 0 -46.79806663 0 257.18685366 0 117028
0.33050000 0.33049700 2860.92264827 0 -21.05790096 0 -65.83061793 0 4.09427998 0 198.43820540 0 119061
0.33150000 0.33150100 2863.62429552 0 -0.75304542 0 -58.57990603 0 78.13529250 0 151.41625636 0 120060
0.33250000 0.33250400 2915.84137937 0 64.92578755 0 -99.08036647 0 71.16459969 0 132.30763819 0 119737
0.33350000 0.33350100 2849.50708138 0 52.41583208 0 -150.02778683 0 2.66327058 0 247.78977158 0 120531
0.33450000 0.33450000 2812.11584047 0 61.12321904 0 -158.94433000 0 25.90536476 0 252.98822808 0 121704
0.33550000 0.33550300 2823.50926270 0 42.98708315 0 -173.24202304 0 47.78095691 0 212.37826235 0 122761
0.33650000 0.33650300 2734.68707301 0 79.57967728 0 -201.63035664 0 -58.81951113 0 167.11127679 0 122472
0.33750000 0.33749900 2761.73676254 0 74.03797870 0 -181.18641610 0 -1.43209449 0 176.78627422 0 122985
0.33850000 0.33849800 2703.07558565 0 25.25851955 0 -131.96218165 0 -53.40591936 0 218.55883406 0 125380
0.33950000 0.33950300 2725.05415042 0 32.12369310 0 -132.08065553 0 -25.18433497 0 163.23928480 0 125223
0.34050000 0.34050000 2742.30483248 0 12.12663159 0 -59.88267576 0 6.73202885 0 170.61677483 0 125178
0.34150000 0.34149900 2722.56287733 0 58.42677577 0 -59.02357408 0 -39.45578660 0 222.49836723 0 127059
0.34250000 0.34250300 2725.54133271 0 48.24876263 0 -29.98684514 0 -14.29492496 0 272.37254714 0 127957
0.34350000 0.34349800 2696.87508375 0 18.83956068 0 -9.20966083 0 9.60293874 0 237.86011068 0 126732
0.34450000 0.34449700 2713.10711194 0 10.00229535 0 -83.77509187 0 98.65574281 0 267.87164711 0 129639
0.34550000 0.34550000 2706.88446539 0 4.40251136 0 -111.18496413 0 48.64116582 0 201.08227657 0 129826
0.34650000 0.34650400 2684.17512719 0 79.23322423 0 -194.27168957 0 34.83453039 0 158.21577103 0 130875
0.34750000 0.34750200 2663.12663771 0 87.73134425 0 -219.74578728 0 1.59975163 0 222.02336450 0 130686
0.34850000 0.34850200 2567.96000589 0 74.94070535 0 -211.76042662 0 -14.85883846 0 179.76140790 0 132211
0.34950000 0.34950400 2567.74963172 0 38.64329940 0 -189.92248038 0 -49.95534005 0 191.15150844 0 132768
0.35050000 0.35050300 2559.43431578 0 31.19516794 0 -150.28798646 0 -51.20064443 0 126.95195467 0 132957
0.35150000 0.35150100 2607.69857966 0 13.78681597 0 -120.51450502 0 -20.58278750 0 262.28123030 0 133987
0.35250000 0.35249800 2597.74455965 0 -17.62204784 0 -76.97624154 0 9.51985201 0 280.71554389 0 134778
0.35350000 0.35349800 2630.10896510 0 34.49549580 0 -93.41875462 0 -18.21873543 0 218.35731775 0 135699
0.35450000 0.35450100 2613.88800924 0 56.89447674 0 -64.81783238 0 82.73307538 0 237.03300802 0 137380
0.35550000 0.35550100 2580.02883994 0 56.33045251 0 -151.45058057 0 -12.10216175 0 165.13818851 0 136161
0.35650000 0.35649900 2539.58163738 0 69.10514727 0 -154.60287144 0 -7.85480688 0 144.89244258 0 138792
0.35750000 0.35750000 2503.74052194 0 57.69079834 0 -151.42843592 0 -28.93508500 0 96.78385558 0 138097
0.35850000 0.35849800 2487.08774541 0 59.95442443 0 -169.20283895 0 -52.41439267 0 119.50803070 0 140028
0.35950000 0.35950300 2421.74995666 0 46.86859734 0 -220.70243615 0 35.22228320 0 59.93305484 0 141099
0.36050000 0.36050500 2439.68712287 0 38.89907011 0 -209.39205634 0 63.64006919 0 29.17568662 0 140821
0.36150000 0.36150200 2431.40502390 0 48.97233906 0 -243.04417316 0 69.60727720 0 14.07392135 0 141756
0.36250000 0.36250400 2400.79004578 0 27.34022734 0 -287.76750757 0 68.84627632 0 151.32103437 0 142971
0.36350000 0.36349900 2396.78186419 0 55.12666936 0 -324.44569077 0 22.69206538 0 136.13534088 0 142270
0.36450000 0.36450000 2394.54525458 0 20.46807821 0 -300.17626200 0 -28.01475336 0 119.60214546 0 145311
0.36550000 0.36550300 2392.80689958 0 25.95519022 0 -243.96649782 0 -34.17971310 0 144.88912088 0 145434
0.36650000 0.36650100 2373.70713927 0 44.98120885 0 -265.36930170 0 -70.38676887 0 148.80761663 0 144547
0.36750000 0.36749600 2393.77019184 0 40.39128732 0 -214.86178480 0 -13.78825537 0 174.79325575 0 146892
0.36850000 0.36849900 2383.36220651 0 9.22456418 0 -257.67625041 0 -18.24231948 0 120.07936266 0 148113
0.36950000 0.36949900 2399.64959632 0 32.09977688 0 -183.81830771 0 21.75933273 0 135.29827312 0 147387
0.37050000 0.37049800 2385.42165893 0 31.69807294 0 -267.02793595 0 33.53242499 0 150.98997185 0 149758
0.37150000 0.37150100 2382.50963750 0 24.37539092 0 -273.76655284 0 79.56395457 0 191.27662571 0 150099
0.37250000 0.37250000 2354.13126899 0 23.53466930 0 -277.38831029 0 53.49316928 0 195.91592981 0 150468
0.37350000 0.37349800 2386.22993864 0 49.12126183 0 -333.69883262 0 70.92399807 0 209.23925826 0 150709
0.37450000 0.37449700 2351.57356196 0 69.53973602 0 -319.18412201 0 -2.42155065 0 221.71223217 0 153108
0.37550000 0.37550100 2301.47129215 0 47.76888807 0 -347.51377229 0 -18.83944996 0 290.67177837 0 153189
0.37650000 0.37649900 2323.58272482 0 21.21734243 0 -301.67102585 0 -13.93219560 0 302.84801397 0 153547
0.37750000 0.37749900 2308.07039775 0 55.21812676 0 -314.62232419 0 -26.26964425 0 219.37818610 0 155424
0.37850000 0.37850200 2292.19268396 0 50.47352486 0 -278.41250033 0 -39.29734163 0 260.24724423 0 155313
0.37950000 0.37949900 2243.69590125 0 63.53587861 0 -311.71030276 0 -17.74207184 0 222.98112059 0 156100
0.38050000 0.38050000 2241.95754625 0 50.46987099 0 -294.56148608 0 10.70601910 0 206.03714192 0 157557
0.38150000 0.38149800 2178.90065641 0 59.39671143 0 -344.18764592 0 13.99010385 0 156.27922142 0 157692
0.38250000 0.38250100 2187.51492512 0 68.91946439 0 -346.98119347 0 21.57973963 0 151.79271540 0 159703
0.38350000 0.38350500 2147.96458087 0 25.72798612 0 -380.40522040 0 37.17079093 0 156.62135626 0 160338
0.38450000 0.38450600 2153.62253885 0 20.92824403 0 -391.44100655 0 -26.12216088 0 138.27562127 0 160167
0.38550000 0.38550000 2156.35740308 0 45.34017362 0 -364.27173591 0 -49.93972808 0 118.76839940 0 160033
0.38650000 0.38649600 2135.30891360 0 72.11172636 0 -273.65361513 0 -100.06757495 0 138.22025964 0 162444
0.38750000 0.38750200 2103.27667790 0 52.63539628 0 -280.38337415 0 -34.19809316 0 178.63535246 0 164307
0.38850000 0.38850400 2121.10312086 0 15.66678600 0 -258.17782673 0 15.12789595 0 182.25268098 0 163882
0.38950000 0.38950500 2120.49414299 0 25.86860464 0 -249.18931344 0 34.67542108 0 120.87878451 0 164595
0.39050000 0.39050100 2091.03068665 0 45.38778462 0 -263.97972493 0 33.76261862 0 190.96217168 0 165006
0.39150000 0.39150100 2109.16715470 0 46.15808626 0 -332.52516619 0 14.79672272 0 198.57771669 0 166687
0.39250000 0.39250100 2071.49910567 0 12.43200631 0 -383.98822471 0 22.77842951 0 175.97578004 0 167256
0.39350000 0.39350100 2072.77242303 0 22.18727809 0 -421.01407890 0 21.21446363 0 134.04931488 0 167937
0.39450000 0.39449600 2107.07448531 0 11.96242901 0 -417.88836161 0 7.33301250 0 53.94713460 0 167719
0.39550000 0.39549700 2082.25033307 0 34.36318152 0 -440.84904158 0 -43.01564975 0 27.00838976 0 171636
0.39650000 0.39650400 2085.52774122 0 60.84829321 0 -415.06602601 0 -64.60081481 0 24.39831063 0 171093
0.39750000 0.39750000 2071.07835733 0 60.10522949 0 -356.87874462 0 -40.88655241 0 30.36319346 0 170464
0.39850000 0.39849800 2039.15684488 0 54.33145499 0 -372.52615406 0 -18.70171023 0 112.23129883 0 172113
0.39950000 0.39949500 2021.18646169 0 38.07141383 0 -330.40481598 0 31.13914198 0 103.47275773 0 173232
