### header ###
fiducial parameters:
Omega_m = 0.31
Omega_nu = 0
Omega_de = 0.69
Omega_k = 0
H_0 = 100
w_de = -1
zeff = 0
beta = 0
fgrowth = 0
b_1 = 2
gamma = 0.55
Lx = 3500 Ly = 3500 Lz = 3500
nx = 700 ny = 700 nz = 700
xoffset = -685.467585 yoffset = -31.7331281 zoffset = 572.489161
bins = 400 dk = 0.001
kx_ny = 0.628318531 ky_ny = 0.628318531 kz_ny = 0.628318531
############################
A(data) = 8.06423695 (not used)
A(ran) = 8.05706121 (used)
Ngal = 479410
weighted Ngal = 0
Nran = 23820508
weighted Nran = 0
SN(data) = 3494.60993
SN(ran) = 70.1799252
SN(data+ran) = 3564.78986
############################
13 columns: k_central k_mean P_0(k) sigma^{lin}_{P_0(k)} P^img_1(k) sigma^{lin}_{P_1(k)} P_2(k) sigma^{lin}_{P_2(k)} P^img_3(k) sigma^{lin}_{P_3(k)} P_4(k) sigma^{lin}_{P_4(k)} N_modes
### header ###
0.00050000 0 0 0 0 0 0 0 0 0 0 0 0
0.00150000 0.00179520 16911.86892800 0 -11760.91269912 0 -7449.94732028 0 13040.87344815 0 1344.11379903 0 3
0.00250000 0.00253879 30064.46213357 0 -6866.29186211 0 25784.23352843 0 -294.89808475 0 -11632.58445447 0 6
0.00350000 0.00331552 40325.96060575 0 1677.20254655 0 50175.01497843 0 -54619.55688389 0 51169.97408664 0 7
0.00450000 0.00420575 49831.21929281 0 7203.27806797 0 63431.46659081 0 -14453.70209501 0 19984.10689543 0 24
0.00550000 0.00557378 59617.05069078 0 -2362.04798124 0 92608.26044367 0 10271.88431286 0 15922.33525896 0 45
0.00650000 0.00659388 93439.90276080 0 -20209.98232173 0 107131.93963154 0 57284.99763748 0 12084.66747682 0 40
0.00750000 0.00754703 93987.87211607 0 -9865.84001711 0 116603.75989765 0 57300.38816898 0 7189.57052984 0 57
0.00850000 0.00846663 114387.08046895 0 4732.03481937 0 97146.58494034 0 47640.22765770 0 -23708.39407143 0 75
0.00950000 0.00948925 98041.45023218 0 10429.10025296 0 76663.55908858 0 47277.83046639 0 7629.50721186 0 112
0.01050000 0.01054430 98630.49791253 0 14995.13877864 0 52382.28293103 0 33496.32921111 0 -7085.00349425 0 105
0.01150000 0.01145670 86534.42594115 0 2619.78955837 0 41553.54925839 0 13669.44932811 0 2707.84775765 0 144
0.01250000 0.01249090 86909.77775250 0 -1868.83127219 0 32660.25796406 0 27653.90629731 0 -5121.96888251 0 169
0.01350000 0.01339930 86406.87275924 0 -5912.28928341 0 10207.46552706 0 9228.46163892 0 15916.02403381 0 180
0.01450000 0.01448870 93891.54289015 0 -1317.77273829 0 8195.91198796 0 11814.05985825 0 -65.00849781 0 267
0.01550000 0.01550050 91924.65510937 0 3521.86293367 0 18503.40489743 0 6237.82670541 0 13088.04155188 0 238
0.01650000 0.01653350 85285.24625511 0 9931.33281841 0 7173.36064631 0 6741.42925513 0 18551.79095689 0 315
0.01750000 0.01747870 77470.73156786 0 7269.85595710 0 15791.46037960 0 7433.05095260 0 21361.61482612 0 297
0.01850000 0.01844180 72945.91530747 0 -1541.22332546 0 17120.69297408 0 11009.65546017 0 23620.14764263 0 388
0.01950000 0.01947590 78457.94004869 0 -3317.42352821 0 15188.46156998 0 19557.26877367 0 21210.92048534 0 399
0.02050000 0.02045430 84282.53651954 0 -4783.80901022 0 7969.80404284 0 4896.96816987 0 19667.10623587 0 462
0.02150000 0.02154770 84683.35467797 0 222.77738982 0 13322.66411479 0 -4867.64865375 0 23313.44424515 0 571
0.02250000 0.02255340 88267.68766826 0 74.85290181 0 17010.74478863 0 -4511.24159016 0 22396.43430367 0 510
0.02350000 0.02348930 88186.85969709 0 1850.79445506 0 21504.77998602 0 -11397.74044507 0 12151.21214898 0 555
0.02450000 0.02439640 85090.92695455 0 7997.90560323 0 29779.90338573 0 -7493.24011032 0 28494.84936728 0 592
0.02550000 0.02547300 77337.08860730 0 10121.73251599 0 33040.81376807 0 1808.71962075 0 17385.87515349 0 837
0.02650000 0.02652900 69778.78751634 0 9370.57492797 0 41365.54118297 0 3414.64961245 0 28701.79111814 0 723
0.02750000 0.02749970 66159.46597962 0 4116.29176388 0 37939.98533058 0 14321.94142967 0 18230.58281390 0 826
0.02850000 0.02848090 63396.25659788 0 -1354.51071204 0 42169.50268806 0 11300.30398666 0 21006.30392269 0 831
0.02950000 0.02946900 63626.45023086 0 -635.65663168 0 30868.20219216 0 8073.34135222 0 12458.91205569 0 996
0.03050000 0.03053250 67639.94653112 0 -990.41834780 0 29119.66065680 0 1083.78461960 0 9802.50631914 0 1041
0.03150000 0.03150510 64955.90427184 0 1132.24486363 0 24207.64519750 0 1397.37168141 0 10195.76207973 0 1036
0.03250000 0.03246190 62317.92288379 0 -10.26239533 0 25681.92524711 0 543.51828070 0 791.10764320 0 1059
0.03350000 0.03345080 62093.04396673 0 1933.63758935 0 13760.79600786 0 9279.60470726 0 2100.13213765 0 1302
0.03450000 0.03451200 60030.15912977 0 2702.12336572 0 15783.26685924 0 5293.09166258 0 -8713.69818578 0 1339
0.03550000 0.03553350 56100.36960513 0 3693.74970415 0 9045.98972591 0 7709.33867380 0 -10004.22193269 0 1365
0.03650000 0.03647120 53024.80994026 0 3685.47867751 0 9752.43726631 0 -4697.25664711 0 -6188.80952343 0 1308
0.03750000 0.03744890 50228.38358406 0 3861.68365467 0 10246.91622039 0 -3946.63053068 0 -634.44531934 0 1579
0.03850000 0.03847530 47400.51182538 0 1978.48050487 0 14523.23629487 0 -2169.13486592 0 4093.39419615 0 1662
0.03950000 0.03950240 49169.09426866 0 -384.52744693 0 18202.45910886 0 2038.69180723 0 3984.54217086 0 1683
0.04050000 0.04050350 47121.48923995 0 990.82913105 0 18977.63256942 0 2231.16202956 0 3961.78854336 0 1822
0.04150000 0.04152450 46759.20277188 0 2238.53619789 0 18138.46107141 0 6870.54363484 0 3392.48281816 0 1887
0.04250000 0.04250150 44544.29491516 0 -370.67375412 0 13729.46132863 0 6874.29715296 0 7555.13440605 0 1920
0.04350000 0.04349210 44577.51188961 0 -82.39249067 0 13439.03424863 0 1467.74737796 0 2687.61862020 0 2005
0.04450000 0.04448520 44497.68042767 0 905.09944167 0 10084.85060202 0 -230.95873062 0 -439.42292615 0 2151
0.04550000 0.04548030 42766.52244228 0 2624.15205434 0 12460.24073466 0 -2841.57929681 0 3359.53157950 0 2274
0.04650000 0.04648670 40099.75300971 0 3387.67742919 0 12220.30345584 0 -4162.45228605 0 5738.77488118 0 2311
0.04750000 0.04749250 39063.05123694 0 2467.30150096 0 17820.57462587 0 -2378.66754079 0 4939.37517392 0 2568
0.04850000 0.04851840 38481.97563045 0 812.30671630 0 20816.52427530 0 2058.88772770 0 8708.15095104 0 2493
0.04950000 0.04949480 38523.38612528 0 50.02188473 0 21642.51970677 0 2453.63825214 0 8901.55124865 0 2644
0.05050000 0.05050630 38740.73586147 0 668.30891757 0 23444.54057100 0 3724.12109113 0 10630.74943255 0 2829
0.05150000 0.05149060 38378.33867015 0 440.05737036 0 22673.13170089 0 1613.72490837 0 11104.32383737 0 2784
0.05250000 0.05249300 38053.69810647 0 -139.61537257 0 20502.95603643 0 3535.64797806 0 10222.57925044 0 3055
0.05350000 0.05348950 38357.30125300 0 -918.33640599 0 19164.53341235 0 3065.60564486 0 10193.76906126 0 3009
0.05450000 0.05448610 37595.74675197 0 420.38627809 0 17294.30702724 0 1964.09755493 0 7149.67694352 0 3336
0.05550000 0.05550870 36984.88659172 0 1822.02855518 0 16648.45832056 0 2519.86182688 0 8200.16376069 0 3349
0.05650000 0.05647670 35987.60229531 0 1781.08309800 0 16475.84077664 0 317.69932325 0 9016.80307769 0 3324
0.05750000 0.05747970 33640.15871051 0 1789.56449881 0 15996.07694225 0 2925.18642151 0 6699.44299942 0 3639
0.05850000 0.05849280 32396.73663337 0 905.48586581 0 15604.89170641 0 412.52714193 0 7107.18136087 0 3846
0.05950000 0.05951020 32412.23788812 0 188.51961683 0 15627.58997229 0 1401.08091023 0 2877.46470154 0 3787
0.06050000 0.06049470 32678.85946975 0 -887.75575208 0 15271.83617586 0 -1406.39562614 0 2374.28290016 0 3930
0.06150000 0.06148310 32662.14025928 0 -797.36904288 0 13262.65211427 0 -671.32612608 0 -970.47819803 0 4083
0.06250000 0.06249100 33436.98155009 0 -333.07213903 0 12926.71777927 0 -2554.46284194 0 -2895.39079543 0 4303
0.06350000 0.06350600 33526.00304163 0 534.45890453 0 12326.92994385 0 -554.82866050 0 -4659.15677741 0 4470
0.06450000 0.06451750 32496.38755674 0 1733.95928357 0 13821.80451761 0 -289.42724906 0 -4272.53333940 0 4479
0.06550000 0.06550280 31507.51822719 0 1745.74023718 0 10922.74878267 0 1498.83846605 0 -3588.09758073 0 4636
0.06650000 0.06648880 29751.00461796 0 806.23465337 0 12935.68636238 0 2661.17790854 0 -2946.79959956 0 4653
0.06750000 0.06749660 29433.89323515 0 375.82570685 0 11359.09803145 0 2535.37415395 0 -2357.30902621 0 5220
0.06850000 0.06852730 28875.62661780 0 -566.14236200 0 10313.74877300 0 2464.95416810 0 -3743.20977911 0 5029
0.06950000 0.06949320 29800.27646340 0 -622.33441045 0 8048.67221252 0 972.45792971 0 -2029.54606693 0 5040
0.07050000 0.07048030 29591.23097083 0 -151.79714433 0 6341.46366571 0 1430.34506472 0 -3405.61459539 0 5475
0.07150000 0.07148790 29367.34856299 0 884.11627891 0 6428.10460741 0 -390.19204831 0 -3166.14235422 0 5509
0.07250000 0.07249820 28033.57631534 0 2095.61462913 0 6241.30341540 0 -1398.34604600 0 -5061.55827830 0 5916
0.07350000 0.07351270 26404.39444152 0 1692.44913783 0 6302.69945652 0 -1200.61646939 0 -3206.54526748 0 5721
0.07450000 0.07449140 25055.23166237 0 1233.30197225 0 7929.77758862 0 -436.01597180 0 -3411.82616962 0 6028
0.07550000 0.07549160 25139.04916125 0 -209.85598675 0 8405.12356541 0 746.62789994 0 -2844.41381196 0 6183
0.07650000 0.07648840 24886.48943213 0 -336.55992135 0 8230.90053439 0 1225.13059653 0 -625.84876635 0 6330
0.07750000 0.07749960 25845.02059168 0 -635.33553426 0 9377.31797378 0 1285.92873211 0 -639.60834440 0 6583
0.07850000 0.07848650 26211.18237344 0 -207.49758157 0 9509.79834024 0 1246.81020853 0 751.21737858 0 6549
0.07950000 0.07947320 26090.38330967 0 853.54226839 0 9060.46125445 0 692.88504973 0 1129.82002449 0 6828
0.08050000 0.08048110 25270.25621035 0 1127.14052189 0 8789.07857314 0 162.32028184 0 3583.48042128 0 7147
0.08150000 0.08149960 24332.31957496 0 542.39886866 0 9715.37819515 0 100.07067520 0 3097.36107244 0 7386
0.08250000 0.08250610 24150.29055494 0 118.93559150 0 8660.75032850 0 1049.89001886 0 3447.34618764 0 7227
0.08350000 0.08350160 24186.27561060 0 55.15811476 0 8491.48769899 0 800.73724409 0 1946.75829426 0 7798
0.08450000 0.08449610 23102.73790385 0 439.56243744 0 7409.84335978 0 840.55996754 0 1276.45082207 0 7371
0.08550000 0.08548940 23085.35435388 0 536.70105031 0 6311.52409940 0 913.03940580 0 1759.79101738 0 8256
0.08650000 0.08650700 22713.32423998 0 332.58717121 0 5868.18821366 0 1130.05254332 0 432.07200970 0 8037
0.08750000 0.08749060 22059.50345944 0 433.10616484 0 5454.27149496 0 993.41784059 0 861.75904064 0 8155
0.08850000 0.08849210 21658.79602425 0 536.43974344 0 5251.88046960 0 -39.06116894 0 -204.92548051 0 8718
0.08950000 0.08949900 21507.10517423 0 329.55667590 0 5137.91303025 0 -1058.87188875 0 -95.76442663 0 8571
0.09050000 0.09049190 20695.17159528 0 1151.77644461 0 5837.16355952 0 -757.84416498 0 553.05708853 0 8932
0.09150000 0.09150830 20534.51216217 0 837.01793083 0 7142.71245121 0 -695.60109101 0 244.37728107 0 9285
0.09250000 0.09250820 19649.94413240 0 506.97075094 0 6696.48668869 0 -142.45320942 0 103.72321371 0 9204
0.09350000 0.09350330 19303.26964233 0 448.95509058 0 7097.79202942 0 273.82523616 0 487.22104516 0 9349
0.09450000 0.09448040 19031.88696103 0 318.51646083 0 7011.51647443 0 799.39970726 0 -22.06791843 0 9564
0.09550000 0.09549270 18832.47439104 0 77.10910944 0 6735.71593553 0 583.38750790 0 -609.76400009 0 10155
0.09650000 0.09649430 18385.48463811 0 541.09344156 0 6746.20142713 0 -129.62813558 0 -84.39591713 0 9913
0.09750000 0.09749140 18273.98632719 0 171.93659595 0 6360.87345112 0 241.29253138 0 7.49159033 0 10476
0.09850000 0.09850240 18318.82924271 0 -113.19791278 0 5523.62853763 0 826.47486314 0 396.67600172 0 10575
0.09950000 0.09950330 18335.54845318 0 -177.98208530 0 5970.96153263 0 1097.97491108 0 132.52687022 0 10882
0.10050000 0.10051200 17998.72833220 0 593.58844076 0 5459.82980202 0 406.55915885 0 -861.92623274 0 10875
0.10150000 0.10150300 17726.01697192 0 583.20149285 0 5259.08855306 0 -427.62204236 0 -294.60245368 0 11118
0.10250000 0.10250800 17029.45701757 0 606.68589379 0 6005.23037794 0 -319.46314460 0 65.54539485 0 11575
0.10350000 0.10349800 16574.60591402 0 338.65259074 0 5700.44249266 0 -605.16234189 0 -84.37499043 0 11364
0.10450000 0.10450100 16563.75503570 0 207.55958659 0 5795.35446100 0 131.24580224 0 5.68460907 0 12093
0.10550000 0.10551000 16385.49060612 0 85.40571315 0 5284.69884037 0 769.04492877 0 -378.36237647 0 12067
0.10650000 0.10649700 16283.07160155 0 -104.60888898 0 5359.65847939 0 304.37710203 0 -1025.07029555 0 12054
0.10750000 0.10749900 16201.91146063 0 270.10714949 0 5311.05097344 0 94.43065439 0 -1265.42278655 0 12807
0.10850000 0.10850100 16043.46649247 0 623.15929865 0 5272.07639007 0 -702.67077041 0 -1862.40932380 0 12736
0.10950000 0.10950300 15524.83879797 0 541.75335212 0 5145.73009157 0 -661.86703899 0 -636.06298600 0 12933
0.11050000 0.11050200 15562.37397910 0 -14.00837319 0 5574.78267829 0 -441.54659805 0 -1105.36790237 0 13428
0.11150000 0.11150900 15435.15296694 0 -189.79514865 0 5232.57033512 0 907.84759269 0 -1289.95905835 0 13453
0.11250000 0.11250000 15467.26270891 0 -68.21194283 0 5239.04764514 0 502.19857894 0 -1123.96276467 0 13668
0.11350000 0.11349100 15488.30012607 0 288.46838573 0 4762.83802701 0 1163.33595172 0 -748.74049951 0 13791
0.11450000 0.11448600 15392.08162339 0 32.39773314 0 4823.43686075 0 987.64030150 0 -283.82797440 0 14205
0.11550000 0.11549300 15103.53683862 0 10.00562812 0 4584.75075463 0 950.08186848 0 -167.31168587 0 14776
0.11650000 0.11649800 15052.71486770 0 155.06348016 0 4061.07408001 0 623.94100479 0 -0.58637925 0 14553
0.11750000 0.11747300 14759.85187625 0 331.97044271 0 3922.78074302 0 243.11060711 0 537.47611304 0 14568
0.11850000 0.11849100 14485.47966724 0 324.94394538 0 3800.17689031 0 111.39755277 0 348.30765798 0 16015
0.11950000 0.11950300 14280.75238135 0 218.09601088 0 3752.30015779 0 -78.26118484 0 903.37658793 0 15270
0.12050000 0.12050700 14214.87204867 0 113.93090069 0 3746.35431936 0 -116.33027347 0 638.14679753 0 15999
0.12150000 0.12150000 14046.90488118 0 208.37450969 0 4116.31390853 0 10.08584711 0 536.77080595 0 15670
0.12250000 0.12250700 13935.51729350 0 370.44455699 0 4313.23520543 0 -4.97372153 0 409.17554921 0 16887
0.12350000 0.12352200 13802.64939568 0 358.93376811 0 4651.14041424 0 -402.46793483 0 922.61918123 0 16407
0.12450000 0.12449800 13518.75498733 0 399.48615776 0 5014.19087272 0 -115.97817355 0 1014.53830018 0 16306
0.12550000 0.12549900 13256.11944263 0 251.19118977 0 4786.63245305 0 294.51941125 0 1370.48807675 0 17523
0.12650000 0.12650100 13340.26911125 0 -110.84836546 0 5125.97706409 0 465.81159789 0 1547.91100965 0 17154
0.12750000 0.12750600 13290.99726581 0 90.00571050 0 4787.41858811 0 263.23455747 0 1515.90091860 0 18007
0.12850000 0.12850300 13250.02966398 0 143.40764382 0 5091.46462763 0 62.07189583 0 1736.51699061 0 17496
0.12950000 0.12949900 12969.01406008 0 319.99350896 0 4928.43571700 0 -239.07142302 0 1749.30552577 0 18405
0.13050000 0.13049000 12834.15314379 0 225.07821891 0 5160.47842823 0 -35.75176178 0 2426.31175448 0 18100
0.13150000 0.13148800 12788.09227254 0 58.84010566 0 4982.08113075 0 110.13287183 0 1728.31239792 0 19059
0.13250000 0.13249300 12775.58054550 0 -84.14723271 0 4735.62225261 0 311.73909080 0 1958.35101835 0 18957
0.13350000 0.13349100 12684.34458899 0 -29.53919104 0 4759.01807495 0 519.52787451 0 1395.55582014 0 19468
0.13450000 0.13450700 12729.18750451 0 302.22021316 0 4575.50536341 0 743.41914021 0 1373.04578379 0 19953
0.13550000 0.13551000 12283.08353757 0 384.15209512 0 4096.76018290 0 118.84258398 0 870.26258610 0 19956
0.13650000 0.13649900 12087.65700452 0 170.70867512 0 4211.83485474 0 86.82031337 0 1227.37827847 0 19723
0.13750000 0.13749600 11880.38308391 0 223.41404849 0 4277.51588556 0 -60.17177416 0 1269.45311278 0 20946
0.13850000 0.13851100 11876.50777022 0 83.32245523 0 4317.69735233 0 -121.76235603 0 1373.06792844 0 20955
0.13950000 0.13949800 11782.61445576 0 97.41863196 0 4370.54555869 0 -38.02967116 0 1569.09236702 0 20506
0.14050000 0.14048300 11785.16109047 0 78.70418855 0 4402.27884162 0 50.98296252 0 1098.29711574 0 21447
0.14150000 0.14148400 11664.36202670 0 219.38040056 0 4369.75942363 0 279.12334359 0 1399.29826593 0 21771
0.14250000 0.14249400 11331.63866590 0 356.98946787 0 4370.63413729 0 300.59922480 0 1130.70581048 0 22470
0.14350000 0.14350900 11189.91290822 0 303.79137605 0 4263.63119024 0 231.93530967 0 934.28498266 0 22519
0.14450000 0.14449900 10754.39408380 0 331.77446256 0 4028.18927530 0 206.73359115 0 1340.72566764 0 22218
0.14550000 0.14550500 10650.20350726 0 151.16159289 0 3840.13691058 0 265.15671306 0 882.15315572 0 23559
0.14650000 0.14650700 10515.58618212 0 -101.98408365 0 3727.03311255 0 292.05914067 0 1188.00509142 0 23044
0.14750000 0.14750500 10705.98587970 0 -57.72036145 0 3638.07805496 0 66.15979815 0 384.42890324 0 23649
0.14850000 0.14849900 10665.61618341 0 126.24554035 0 3496.96127515 0 43.95602230 0 333.09206922 0 23640
0.14950000 0.14949500 10576.53933024 0 118.96880848 0 3361.86784004 0 114.40479619 0 326.31248473 0 24457
0.15050000 0.15050000 10355.04854457 0 179.57650007 0 3047.02628382 0 322.60989931 0 654.78628727 0 24591
0.15150000 0.15149900 10229.08977743 0 55.94978599 0 3010.23294845 0 478.39972397 0 182.19510489 0 25020
0.15250000 0.15250500 10118.14508275 0 183.56918040 0 2556.99840432 0 507.39924991 0 188.26716782 0 25297
0.15350000 0.15350100 9776.96246579 0 336.18014061 0 2281.00963589 0 330.96618285 0 238.86547778 0 25452
0.15450000 0.15450400 9581.67987296 0 145.34862236 0 2165.58064965 0 320.34228719 0 529.43871246 0 26061
0.15550000 0.15549900 9483.61229204 0 18.94319764 0 2030.21040642 0 209.52492424 0 104.56382461 0 26128
0.15650000 0.15649500 9436.70992411 0 90.97907857 0 2063.44952553 0 -45.74220974 0 52.91873707 0 26331
0.15750000 0.15749700 9383.88386240 0 133.46912506 0 2001.97597813 0 -142.41113458 0 505.37855063 0 27345
0.15850000 0.15849900 9355.89302526 0 59.90858500 0 2224.26397119 0 -284.79458836 0 230.79153852 0 26980
0.15950000 0.15949700 9401.54422049 0 212.96952449 0 2404.67643179 0 -201.13210203 0 433.70849931 0 27777
0.16050000 0.16050000 9268.44380384 0 211.81357378 0 2604.72012429 0 -199.34835050 0 441.99502720 0 28224
0.16150000 0.16150500 9009.03030567 0 83.11507059 0 2626.22257909 0 51.00433211 0 850.52063094 0 28075
0.16250000 0.16249700 9116.43185641 0 43.56760514 0 2704.32675836 0 378.26494001 0 837.02014529 0 28590
0.16350000 0.16349900 8993.81693137 0 55.08780550 0 2606.30346674 0 484.51054004 0 805.37986989 0 29163
0.16450000 0.16449100 9030.14522910 0 96.21396302 0 2451.06947278 0 178.18249438 0 868.01822586 0 28996
0.16550000 0.16550500 8818.50881251 0 139.21012548 0 2465.69601386 0 -35.37984239 0 962.66667287 0 30777
0.16650000 0.16650700 8817.51230328 0 201.27604225 0 2506.99578544 0 -243.72179944 0 1302.42649609 0 29211
0.16750000 0.16749900 8634.85216074 0 46.97267719 0 2714.66830974 0 -4.95876281 0 1342.91798795 0 30922
0.16850000 0.16850800 8716.24482049 0 131.45285471 0 2890.61862343 0 -85.12835141 0 1052.99580597 0 30867
0.16950000 0.16949900 8618.90801301 0 129.21070894 0 3136.06992001 0 -161.35920405 0 1094.40740803 0 30852
0.17050000 0.17049200 8548.94199248 0 207.21080835 0 3296.56326826 0 -155.61598916 0 930.35984351 0 31257
0.17150000 0.17149500 8293.96849655 0 226.42793531 0 3206.72242468 0 -177.51040426 0 959.44130465 0 32608
0.17250000 0.17250900 8382.95677112 0 23.19696339 0 3153.29845743 0 49.86698290 0 678.02266813 0 32361
0.17350000 0.17350400 8146.96123994 0 99.22209223 0 3147.45226992 0 329.99513997 0 766.46396985 0 32508
0.17450000 0.17449800 8136.70826715 0 135.58172464 0 2797.73289053 0 410.54298132 0 559.02617884 0 32791
0.17550000 0.17549800 7967.82209669 0 9.50786068 0 2500.15308870 0 419.08860162 0 649.84027977 0 33633
0.17650000 0.17650100 7942.15644777 0 21.23372947 0 2225.24940810 0 500.85882764 0 496.90490044 0 33984
0.17750000 0.17750300 7911.84042241 0 91.02846114 0 1973.15471663 0 408.14693023 0 660.53725278 0 34069
0.17850000 0.17849800 7789.08155715 0 49.42818667 0 1787.38325082 0 -43.02063230 0 716.19118624 0 34536
0.17950000 0.17950400 7814.13822821 0 69.81731921 0 1902.61293521 0 -49.60512242 0 759.79289415 0 35343
0.18050000 0.18050100 7692.77447587 0 151.37307429 0 1862.75256586 0 -43.21716606 0 800.78596232 0 34990
0.18150000 0.18150500 7644.70951384 0 114.65392350 0 2026.62297318 0 99.75699624 0 776.44456344 0 36243
0.18250000 0.18250200 7577.45621289 0 85.61630877 0 2009.66017156 0 -51.69524518 0 974.02577090 0 35694
0.18350000 0.18350400 7469.79999868 0 176.80509717 0 2032.64631788 0 75.18208203 0 799.88356785 0 37087
0.18450000 0.18450600 7389.33741422 0 201.69236166 0 2092.80225862 0 -179.61303874 0 949.30126958 0 36651
0.18550000 0.18550700 7205.83577500 0 119.27661911 0 2021.74007794 0 153.71597822 0 990.79259237 0 37818
0.18650000 0.18651000 7204.36315580 0 35.14079089 0 1967.20887820 0 94.99744669 0 1049.32865199 0 37267
0.18750000 0.18750100 7124.39882596 0 -47.47680014 0 1875.13142501 0 200.72021154 0 870.96014256 0 38334
0.18850000 0.18850000 7304.27981496 0 -83.20641727 0 1733.75998173 0 442.82212987 0 945.73376652 0 38223
0.18950000 0.18949500 7182.56174823 0 1.47710349 0 1608.76450685 0 202.13746912 0 651.26418074 0 39064
0.19050000 0.19050000 7182.70568845 0 125.34093141 0 1429.85788243 0 149.30587125 0 560.87414985 0 39609
0.19150000 0.19149800 7040.76955660 0 108.41544352 0 1528.02511427 0 -72.68128674 0 581.50853438 0 39576
0.19250000 0.19250400 7057.05694641 0 178.56116789 0 1447.88362724 0 -171.80151358 0 785.87707696 0 40909
0.19350000 0.19350500 6897.16150371 0 180.58961779 0 1531.67898146 0 -168.54957178 0 722.10491493 0 40191
0.19450000 0.19450100 6775.11126723 0 92.56906441 0 1688.16414812 0 -17.11238873 0 926.07042488 0 41232
0.19550000 0.19549800 6802.40454791 0 112.31212680 0 1928.93185131 0 -5.34922835 0 729.82121810 0 40873
0.19650000 0.19649700 6748.32731349 0 10.13374599 0 1795.16709517 0 -58.71963876 0 819.64656042 0 42816
0.19750000 0.19750200 6745.63673856 0 -3.37520999 0 1914.82570949 0 17.68981047 0 503.78745755 0 41727
0.19850000 0.19849000 6792.77162532 0 36.99352301 0 1810.40261412 0 -91.97071598 0 522.90714805 0 42610
0.19950000 0.19949900 6679.56817637 0 62.89977355 0 1771.22872891 0 -44.58072286 0 299.41337882 0 43863
0.20050000 0.20050100 6716.31722244 0 91.10818188 0 1789.04409955 0 19.61495559 0 253.15542019 0 43302
0.20150000 0.20150100 6691.68129972 0 9.59515489 0 1504.28604986 0 179.38494885 0 1.09970109 0 44487
0.20250000 0.20249700 6550.03304832 0 71.16393535 0 1482.36284672 0 -5.37328851 0 -37.28372864 0 43759
0.20350000 0.20349100 6513.25078527 0 173.61073146 0 1312.49123935 0 144.47723040 0 24.40462186 0 45282
0.20450000 0.20449700 6353.38855954 0 95.45440154 0 1423.09269197 0 170.41747298 0 37.92426263 0 45483
0.20550000 0.20549900 6381.35725203 0 91.18369513 0 1308.77093821 0 238.40819076 0 173.11801300 0 46138
0.20650000 0.20650200 6194.12423935 0 52.37718966 0 1361.67450620 0 -8.00437184 0 160.26858005 0 46227
0.20750000 0.20749300 6277.81994265 0 54.57559975 0 1288.71895797 0 109.00581988 0 387.93107958 0 46236
0.20850000 0.20850300 6278.42892052 0 -85.89577425 0 1390.50684002 0 -97.30392268 0 220.57288994 0 48361
0.20950000 0.20950400 6342.80341701 0 -36.73487350 0 1248.34926168 0 7.83285046 0 254.24493695 0 46812
0.21050000 0.21050300 6366.53140910 0 99.97301730 0 1288.04354615 0 80.34643577 0 60.72472607 0 48813
0.21150000 0.21149700 6229.38959389 0 209.58139310 0 1214.21328426 0 116.49857281 0 305.25070846 0 47215
0.21250000 0.21249000 6088.64927312 0 141.97599222 0 1282.82848116 0 141.97156329 0 284.10699699 0 50004
0.21350000 0.21350300 5936.06156480 0 135.28387910 0 1250.37549712 0 107.91010262 0 205.56103196 0 49509
0.21450000 0.21449800 5857.94631320 0 109.17467284 0 1259.63196067 0 169.51840021 0 336.34733271 0 49660
0.21550000 0.21550100 5809.62668769 0 63.90392269 0 1245.79155465 0 20.58267678 0 457.03345877 0 50841
0.21650000 0.21649800 5813.77880950 0 -34.76997874 0 1115.39278526 0 1.73546512 0 449.44338011 0 50424
0.21750000 0.21750300 5808.44194894 0 66.89577558 0 1243.01240112 0 -151.19480986 0 341.35423800 0 52231
0.21850000 0.21850300 5780.39575017 0 131.61561789 0 1279.28533722 0 -246.18871341 0 235.53160077 0 51078
0.21950000 0.21950100 5686.94532870 0 176.03335613 0 1345.35389941 0 -206.58411477 0 4.01837920 0 52791
0.22050000 0.22050700 5518.14773684 0 194.07349496 0 1428.15274441 0 -216.14838895 0 139.33081382 0 52969
0.22150000 0.22150000 5455.24585955 0 101.22308277 0 1621.97379036 0 54.64004068 0 157.08528667 0 52704
0.22250000 0.22250100 5443.55348454 0 -17.54011264 0 1476.15127250 0 303.43263273 0 282.93111609 0 54051
0.22350000 0.22349900 5461.43528912 0 -63.59987665 0 1373.10114541 0 215.24378001 0 260.41111464 0 53938
0.22450000 0.22449800 5550.64501019 0 -52.91630116 0 1222.65039577 0 277.29419553 0 344.41241411 0 54735
0.22550000 0.22549100 5588.68951826 0 -59.78058893 0 1149.37375012 0 192.75921000 0 636.25010829 0 54774
0.22650000 0.22649900 5607.05850514 0 21.11636283 0 1029.62987891 0 171.52802716 0 557.15274148 0 56911
0.22750000 0.22749800 5518.60170216 0 95.75036478 0 1037.77689551 0 150.16951259 0 629.02873804 0 54879
0.22850000 0.22849100 5440.90719891 0 175.63253797 0 897.33663474 0 -4.64937991 0 534.18320364 0 57210
0.22950000 0.22949800 5254.18351317 0 259.15551301 0 905.20130706 0 -119.50028007 0 555.40885032 0 57375
0.23050000 0.23049600 5104.44139232 0 127.48010457 0 961.59819352 0 -65.49180479 0 442.75569592 0 57604
0.23150000 0.23150100 5035.06220501 0 -0.24793150 0 911.86906107 0 19.90305748 0 378.58160850 0 58629
0.23250000 0.23250200 5091.77465273 0 -28.99786508 0 891.32546960 0 123.51842675 0 194.57064234 0 58560
0.23350000 0.23350400 5136.46255569 0 -13.89842501 0 887.68267473 0 -4.31468568 0 153.36498553 0 59305
0.23450000 0.23449700 5123.61865891 0 95.97557587 0 909.26817197 0 -139.33413552 0 148.61163648 0 59196
0.23550000 0.23549300 5080.58053234 0 108.72059680 0 934.86627972 0 -114.24092578 0 350.39479121 0 60063
0.23650000 0.23649900 5063.28556097 0 33.18829713 0 920.37482099 0 47.16843590 0 289.38517423 0 61537
0.23750000 0.23750400 5066.60725841 0 9.40936128 0 1019.00819771 0 16.63672166 0 126.78254810 0 61224
0.23850000 0.23850100 5069.00995290 0 31.02011449 0 955.84612078 0 15.03710289 0 -7.66130693 0 61221
0.23950000 0.23949400 5040.63158439 0 105.12065183 0 877.95453015 0 -59.55316338 0 48.94919790 0 62332
0.24050000 0.24050100 4997.89241059 0 58.50306409 0 859.37406187 0 2.40938217 0 128.57072856 0 63447
0.24150000 0.24150500 4943.42764481 0 34.51863696 0 887.96169732 0 48.23248631 0 -72.22986806 0 63342
0.24250000 0.24250300 4957.73308847 0 47.34592526 0 947.62049067 0 -44.93215845 0 -200.89404704 0 63379
0.24350000 0.24349600 4875.08925603 0 99.45405743 0 947.35918381 0 -28.87031190 0 34.03820879 0 64266
0.24450000 0.24449500 4864.80306627 0 66.02881255 0 943.63998990 0 28.02593641 0 -2.90037334 0 64695
0.24550000 0.24549600 4847.56345653 0 -49.84749561 0 966.71360759 0 140.67056512 0 125.92444293 0 65947
0.24650000 0.24650000 4841.76155832 0 44.81977436 0 832.33655189 0 206.01942620 0 59.48872245 0 66018
0.24750000 0.24750000 4839.13741734 0 55.51641519 0 716.34287709 0 153.62407793 0 177.17934175 0 66303
0.24850000 0.24849600 4766.55832815 0 95.80628002 0 637.52453287 0 114.10141449 0 69.43609906 0 66958
0.24950000 0.24949200 4695.50721979 0 114.90637250 0 659.89727240 0 9.40507629 0 208.69007095 0 66975
0.25050000 0.25048900 4586.69948380 0 97.70097624 0 571.55229991 0 10.36076186 0 235.84716203 0 68676
0.25150000 0.25150000 4555.04370714 0 72.32608656 0 717.38146116 0 -9.14648215 0 320.33785826 0 69349
0.25250000 0.25249900 4612.02189066 0 -28.68617914 0 738.78315780 0 -59.03652870 0 444.64242007 0 68592
0.25350000 0.25349900 4587.00950889 0 24.31272156 0 838.17055984 0 83.08163217 0 361.57783928 0 70437
0.25450000 0.25450100 4592.35744178 0 112.17815167 0 804.91704671 0 45.86145868 0 516.44423205 0 70099
0.25550000 0.25550100 4492.10861287 0 66.26697825 0 775.87323148 0 127.22987003 0 454.00739240 0 71064
0.25650000 0.25650300 4466.14401117 0 31.43776258 0 620.74885354 0 123.87606284 0 541.88732725 0 71409
0.25750000 0.25750600 4459.26809746 0 -11.81461347 0 590.43836435 0 102.37471527 0 327.05322326 0 72612
0.25850000 0.25850600 4451.51747009 0 57.64794845 0 498.19482629 0 62.57103623 0 328.59449088 0 71845
0.25950000 0.25949600 4376.91214546 0 112.09068030 0 373.30121680 0 -16.54138894 0 283.46369491 0 72816
0.26050000 0.26049800 4294.40118091 0 105.80857537 0 354.26456873 0 -91.30117250 0 234.97909177 0 73743
0.26150000 0.26149900 4277.81483833 0 28.56471574 0 311.51210815 0 3.99287963 0 160.86427113 0 74662
0.26250000 0.26250300 4237.07975533 0 42.44387490 0 321.22364424 0 43.11530067 0 232.53321521 0 74931
0.26350000 0.26350100 4265.95637845 0 51.87107369 0 399.65556433 0 -13.18204559 0 124.09197317 0 75087
0.26450000 0.26450200 4219.43046956 0 44.91322478 0 385.36672915 0 6.82182541 0 234.77978992 0 76678
0.26550000 0.26550600 4270.08635561 0 3.39762038 0 401.07060744 0 -1.97198105 0 269.17043081 0 76035
0.26650000 0.26650100 4232.55117448 0 32.73732134 0 425.94126345 0 -81.28536891 0 390.17986875 0 77094
0.26750000 0.26750600 4251.27447574 0 92.69108143 0 471.74857846 0 13.43073001 0 382.86327651 0 78463
0.26850000 0.26850100 4183.03573789 0 109.22084443 0 460.93756050 0 67.45459581 0 434.05284861 0 77076
0.26950000 0.26949700 4127.50802892 0 38.35619402 0 371.11443264 0 138.79934223 0 507.42360902 0 79149
0.27050000 0.27049900 4056.12475081 0 66.10510086 0 360.88471174 0 156.45637862 0 473.22119766 0 79648
0.27150000 0.27150200 4034.15725837 0 49.71329903 0 284.76358585 0 121.97937360 0 395.14137750 0 80241
0.27250000 0.27250500 3938.63631216 0 90.88463164 0 246.19314234 0 1.36860578 0 401.82241830 0 80835
0.27350000 0.27350000 3889.34232207 0 105.86770158 0 205.54220900 0 -54.92891764 0 375.31637991 0 80680
0.27450000 0.27450400 3840.95626261 0 66.78427727 0 217.40288335 0 -97.13628768 0 420.98307639 0 82617
0.27550000 0.27550800 3808.62507414 0 88.46355709 0 259.07468504 0 -101.93569759 0 263.90664759 0 82548
0.27650000 0.27649900 3770.96809744 0 50.53907302 0 303.01963501 0 -61.31388447 0 130.05442009 0 81181
0.27750000 0.27748900 3743.04369424 0 27.94743363 0 316.64966686 0 -132.27109952 0 98.13567572 0 84096
0.27850000 0.27849800 3759.33108405 0 6.32694785 0 353.85932165 0 -23.72478111 0 36.26075655 0 85215
0.27950000 0.27950200 3790.00142380 0 -20.54635955 0 380.98762468 0 24.04554636 0 19.94690388 0 84514
0.28050000 0.28050300 3788.03054998 0 45.71652194 0 348.98528426 0 16.67027080 0 -66.46306913 0 85815
0.28150000 0.28150100 3814.24981515 0 63.25220565 0 315.36306272 0 -6.21293612 0 -70.05293828 0 85485
0.28250000 0.28250000 3723.35710072 0 74.27415139 0 338.18644587 0 65.20779966 0 51.49893286 0 87220
0.28350000 0.28350400 3672.83408257 0 126.25550544 0 309.85125942 0 108.79300980 0 94.23102037 0 87147
0.28450000 0.28449700 3630.30528294 0 17.10685257 0 304.78234912 0 102.67876131 0 112.65647610 0 87102
0.28550000 0.28549800 3623.98298547 0 24.87796374 0 215.23160045 0 145.06184915 0 127.20440368 0 88971
0.28650000 0.28649900 3614.38327985 0 5.54347014 0 153.50671129 0 27.58625439 0 172.27651632 0 89434
0.28750000 0.28750100 3637.09261805 0 36.63632981 0 157.10410962 0 -18.19648005 0 204.23124574 0 89619
0.28850000 0.28849900 3600.17748711 0 29.25585025 0 133.53002285 0 -62.80787326 0 278.78563768 0 90240
0.28950000 0.28950100 3607.66237869 0 42.25365236 0 190.58681987 0 18.44605025 0 173.28741957 0 91333
0.29050000 0.29050500 3576.89238801 0 40.82620824 0 215.14634355 0 -27.99537679 0 177.88354161 0 92139
0.29150000 0.29150600 3571.99842044 0 59.52437533 0 221.85063623 0 15.87605294 0 88.84699170 0 92370
0.29250000 0.29250200 3506.25095567 0 91.18314152 0 273.01474198 0 -75.27951849 0 130.68664983 0 91819
0.29350000 0.29349600 3481.40465878 0 89.17572903 0 232.61404319 0 2.51120327 0 169.39549740 0 93552
0.29450000 0.29450000 3425.11295940 0 36.85611545 0 222.15844686 0 36.98178634 0 156.14746075 0 94701
0.29550000 0.29550200 3437.20393810 0 -4.23083496 0 96.55200110 0 128.61391063 0 190.83483995 0 95020
0.29650000 0.29650300 3479.11268754 0 -30.12336690 0 86.43710021 0 91.82433985 0 61.59290705 0 95151
0.29750000 0.29749800 3458.86140545 0 37.49664944 0 23.84879115 0 36.46050129 0 46.34520855 0 95802
0.29850000 0.29850000 3459.93542095 0 77.71952671 0 89.96474289 0 -73.48270161 0 5.27990452 0 97399
0.29950000 0.29950700 3403.10117766 0 58.82881189 0 57.88755355 0 -59.70972605 0 198.94642511 0 97881
0.30050000 0.30050300 3378.43203796 0 43.61311240 0 119.02749180 0 4.49087958 0 249.29117883 0 97188
0.30150000 0.30149700 3441.31177061 0 11.24184211 0 128.53640435 0 87.92466705 0 289.73173799 0 98263
0.30250000 0.30249700 3387.34525944 0 59.31676924 0 189.58588171 0 79.78196865 0 328.54687988 0 100050
0.30350000 0.30350600 3379.81607857 0 79.86534326 0 149.49742247 0 9.17074161 0 365.30146211 0 100779
0.30450000 0.30450500 3326.25924342 0 85.06756435 0 147.77899766 0 -76.92431234 0 414.91433516 0 99982
0.30550000 0.30550300 3296.67399150 0 81.98956877 0 195.15858279 0 -65.91000650 0 423.43227464 0 101559
0.30650000 0.30649700 3224.30527649 0 57.34489891 0 205.93970546 0 -40.56335125 0 355.16696321 0 100935
0.30750000 0.30749800 3218.71375246 0 50.56952191 0 193.07920019 0 16.53098095 0 402.12801446 0 103762
0.30850000 0.30850200 3183.28231304 0 -6.76096084 0 195.09547054 0 77.03370691 0 366.87594670 0 102951
0.30950000 0.30950100 3226.13221008 0 -1.81617130 0 159.93419584 0 65.23415179 0 296.56004071 0 104394
0.31050000 0.31050000 3244.55655858 0 39.89812597 0 196.72642398 0 29.65899360 0 258.82887943 0 103963
0.31150000 0.31149700 3226.06577614 0 41.00115097 0 124.67991362 0 -93.92597782 0 285.07250371 0 105936
0.31250000 0.31250000 3199.23753310 0 88.32570665 0 184.86796410 0 -46.12974111 0 351.43005358 0 105717
0.31350000 0.31349800 3162.72100585 0 50.24831377 0 143.30467120 0 -19.07462613 0 352.12982451 0 106776
0.31450000 0.31450400 3132.64857164 0 36.25688123 0 160.88198685 0 47.95855700 0 223.21585388 0 108733
0.31550000 0.31549900 3107.99050427 0 69.86636961 0 65.63795948 0 29.34177149 0 176.67333650 0 105891
0.31650000 0.31650000 3092.27887535 0 19.12500521 0 -1.76389885 0 101.96359985 0 140.59859501 0 111072
0.31750000 0.31750600 3064.70878655 0 11.85591325 0 -48.85862628 0 8.27899871 0 163.53380864 0 108121
0.31850000 0.31849900 3076.74440363 0 -0.35967340 0 -131.62004682 0 93.06654397 0 143.15187312 0 110484
0.31950000 0.31950100 3113.29414786 0 21.35131756 0 -102.32023944 0 -15.03333830 0 136.79192974 0 110817
0.32050000 0.32049800 3096.27598461 0 77.19934889 0 -187.25183564 0 -11.71861642 0 243.24347501 0 111088
0.32150000 0.32149900 3057.72214959 0 71.23457678 0 -78.34145919 0 -18.27586862 0 225.23544593 0 112635
0.32250000 0.32250100 3030.76103866 0 50.94985627 0 -90.81299370 0 5.11979871 0 276.35526238 0 113202
0.32350000 0.32350400 3012.49170271 0 31.12818038 0 -58.59751102 0 16.00925301 0 204.97973490 0 113863
0.32450000 0.32450300 3004.38676094 0 22.16258680 0 -65.79463288 0 36.56513476 0 229.13068980 0 114045
0.32550000 0.32549900 3002.50446572 0 27.95086605 0 -62.51268508 0 16.34773398 0 160.86870006 0 114828
0.32650000 0.32650300 2988.29867298 0 62.64699238 0 -91.89498128 0 7.94526777 0 225.78131154 0 116431
0.32750000 0.32750400 2935.70513009 0 68.90972074 0 -96.14664329 0 -13.67875008 0 167.29507738 0 116442
0.32850000 0.32850400 2898.83428844 0 73.51381485 0 -75.12284509 0 4.85099588 0 219.38925842 0 116955
0.32950000 0.32949800 2884.11916876 0 54.11155862 0 -38.89386611 0 -20.66361547 0 199.66280452 0 117028
0.33050000 0.33049700 2846.83865110 0 42.72799075 0 -12.73095908 0 -6.46454363 0 242.84930025 0 119061
0.33150000 0.33150100 2872.01711773 0 10.36737204 0 -30.24128716 0 -22.97440966 0 238.24432036 0 120060
0.33250000 0.33250400 2841.87824958 0 47.60734285 0 -40.41188185 0 23.85820263 0 270.12375797 0 119737
0.33350000 0.33350100 2851.82119727 0 68.29631395 0 -15.48088167 0 -42.72079374 0 171.84469565 0 120531
0.33450000 0.33450000 2797.65538425 0 58.85582836 0 18.23390451 0 -2.74294703 0 209.10639036 0 121704
0.33550000 0.33550300 2765.64529320 0 85.74330833 0 -18.03748147 0 -50.92416848 0 215.00351056 0 122761
0.33650000 0.33650300 2722.05355039 0 64.72648570 0 17.91723602 0 -37.36599601 0 231.92313012 0 122472
0.33750000 0.33749900 2712.43170012 0 50.91431411 0 50.70294343 0 -26.97351194 0 269.32655059 0 122985
0.33850000 0.33849800 2671.94020826 0 45.89899386 0 32.09080830 0 26.92202563 0 321.16828262 0 125380
0.33950000 0.33950300 2709.71898054 0 13.17650943 0 57.73951657 0 38.35674764 0 233.53747507 0 125223
0.34050000 0.34050000 2671.10978390 0 10.38787799 0 37.02950806 0 59.17592927 0 261.99445709 0 125178
0.34150000 0.34149900 2665.85042961 0 54.74467415 0 14.45979187 0 -28.40283835 0 155.06901632 0 127059
0.34250000 0.34250300 2663.63596465 0 34.52317661 0 -18.25926014 0 -4.40912154 0 192.42261133 0 127957
0.34350000 0.34349800 2642.15565450 0 -1.70591308 0 -38.49614821 0 36.40890425 0 158.23459398 0 126732
0.34450000 0.34449700 2655.60852915 0 61.83384084 0 -39.50040807 0 2.78940650 0 189.68553263 0 129639
0.34550000 0.34550000 2650.02807745 0 43.77698281 0 -102.99232955 0 34.38698702 0 132.46043627 0 129826
0.34650000 0.34650400 2610.68810736 0 45.61941766 0 -84.01215035 0 8.56745492 0 191.23012194 0 130875
0.34750000 0.34750200 2601.89668146 0 44.37156665 0 -122.09341854 0 28.49806034 0 204.17699135 0 130686
0.34850000 0.34850200 2605.20730658 0 20.28018086 0 -112.32430636 0 66.85569376 0 257.87555226 0 132211
0.34950000 0.34950400 2574.53696683 0 36.07562728 0 -94.46564293 0 26.60015314 0 272.15663681 0 132768
0.35050000 0.35050300 2572.03462142 0 61.20902955 0 -141.39580240 0 83.67090130 0 136.45975999 0 132957
0.35150000 0.35150100 2538.34153700 0 42.29605936 0 -164.53474681 0 -16.85130331 0 246.54524227 0 133987
0.35250000 0.35249800 2506.47538617 0 38.79930846 0 -196.69320701 0 -9.35347926 0 239.36151793 0 134778
0.35350000 0.35349800 2514.70212351 0 57.48651395 0 -176.45299724 0 -39.50417266 0 138.18150650 0 135699
0.35450000 0.35450100 2496.73174033 0 34.96839480 0 -183.48724520 0 -48.69852046 0 138.76169632 0 137380
0.35550000 0.35550100 2486.75557567 0 39.22946828 0 -176.86156603 0 -44.06397746 0 159.73267953 0 136161
0.35650000 0.35649900 2498.01613001 0 41.89834145 0 -157.03878290 0 -51.00643585 0 154.15333506 0 138792
0.35750000 0.35750000 2485.52654761 0 49.51300068 0 -177.77946175 0 16.20047206 0 122.66585774 0 138097
0.35850000 0.35849800 2478.32953648 0 15.99375175 0 -183.01999309 0 62.56140331 0 152.54784796 0 140028
0.35950000 0.35950300 2471.37611650 0 8.06907851 0 -196.91686797 0 83.73744597 0 177.69309762 0 141099
0.36050000 0.36050500 2488.54929229 0 18.41903378 0 -261.18064122 0 63.93802545 0 144.04319526 0 140821
0.36150000 0.36150200 2478.46240438 0 69.67459694 0 -218.83564218 0 7.21439468 0 151.36310920 0 141756
0.36250000 0.36250400 2440.81650000 0 81.97517475 0 -256.64541697 0 -81.59107580 0 241.50954894 0 142971
0.36350000 0.36349900 2382.43213123 0 72.71605384 0 -161.36584744 0 -47.58265157 0 328.69414180 0 142270
0.36450000 0.36450000 2380.19552161 0 46.14125632 0 -172.59207758 0 17.58938448 0 284.78683773 0 145311
0.36550000 0.36550300 2367.68379457 0 34.90849352 0 -98.02450958 0 5.29298094 0 285.89185575 0 145434
0.36650000 0.36650100 2332.94991161 0 34.29342587 0 -179.21886398 0 20.06272040 0 182.05337913 0 144547
0.36750000 0.36749600 2341.84098844 0 35.92914042 0 -158.13494306 0 -17.22156185 0 251.82009782 0 146892
0.36850000 0.36849900 2305.61234164 0 61.56710854 0 -189.79293418 0 -49.23541749 0 184.88346536 0 148113
0.36950000 0.36949900 2292.34769650 0 52.41749292 0 -183.00227737 0 -4.52017696 0 172.83123979 0 147387
0.37050000 0.37049800 2245.66677507 0 54.92028123 0 -177.29338669 0 8.50293648 0 120.16572679 0 149758
0.37150000 0.37150100 2250.00712640 0 36.24481240 0 -203.02989850 0 28.77088243 0 132.00647095 0 150099
0.37250000 0.37250000 2233.90796611 0 23.65867933 0 -233.59062223 0 3.56217727 0 107.32858412 0 150468
0.37350000 0.37349800 2234.78267977 0 34.42330424 0 -243.74394409 0 18.73647733 0 220.68361319 0 150709
0.37450000 0.37449700 2240.46278240 0 29.45481993 0 -216.39862349 0 62.71630513 0 287.73650506 0 153108
0.37550000 0.37550100 2229.66726571 0 18.33211603 0 -284.13024887 0 82.34687269 0 280.67346906 0 153189
0.37650000 0.37649900 2236.25529897 0 13.52418043 0 -307.30241025 0 112.47821167 0 257.43376650 0 153547
0.37750000 0.37749900 2229.70048268 0 53.88822983 0 -324.61399010 0 11.71839497 0 239.47777734 0 155424
0.37850000 0.37850200 2216.41369290 0 59.94877754 0 -318.83091485 0 -84.99847304 0 266.48871374 0 155313
0.37950000 0.37949900 2196.67173775 0 51.96374905 0 -319.94921966 0 -85.96276181 0 294.95566084 0 156100
0.38050000 0.38050000 2182.95312730 0 25.89905354 0 -280.87830707 0 -86.41561990 0 260.90272586 0 157557
0.38150000 0.38149800 2205.13099391 0 31.27699242 0 -245.33946610 0 -17.63145932 0 201.71118462 0 157692
0.38250000 0.38250100 2176.30973240 0 45.05074305 0 -191.57668571 0 -34.55672576 0 167.50434432 0 159703
0.38350000 0.38350500 2170.20888143 0 42.58316474 0 -227.95923783 0 4.54552151 0 171.86351860 0 160338
0.38450000 0.38450600 2137.57874019 0 51.63700475 0 -216.24361094 0 58.14941404 0 212.65949940 0 160167
0.38550000 0.38550000 2133.17195491 0 20.76990979 0 -261.04555885 0 59.18523002 0 172.71830208 0 160033
0.38650000 0.38649600 2100.82969412 0 21.29451654 0 -305.52973105 0 93.23894007 0 232.18222252 0 162444
0.38750000 0.38750200 2127.83509435 0 43.16368673 0 -373.61899252 0 94.73879719 0 195.37227866 0 164307
0.38850000 0.38850400 2098.55986753 0 15.56923882 0 -406.62559280 0 51.75525718 0 260.09555338 0 163882
0.38950000 0.38950500 2095.98001584 0 62.21317869 0 -412.84602489 0 -17.36705220 0 238.32847002 0 164595
0.39050000 0.39050100 2058.83236608 0 67.62200936 0 -390.25626779 0 -33.85894785 0 360.73191366 0 165006
0.39150000 0.39150100 2046.35385601 0 64.37527156 0 -381.28214852 0 6.28178383 0 379.35999294 0 166687
0.39250000 0.39250100 2022.10546465 0 34.71871387 0 -360.75295108 0 6.05762462 0 438.28801285 0 167256
0.39350000 0.39350100 2031.68302562 0 0.74769859 0 -385.69446997 0 87.85978322 0 403.83425972 0 167937
0.39450000 0.39449600 2038.91325373 0 26.92224707 0 -358.65363829 0 -27.01436882 0 318.40684481 0 167719
0.39550000 0.39549700 2042.03564933 0 43.85149955 0 -363.88531177 0 -38.57376520 0 324.00722670 0 171636
0.39650000 0.39650400 2019.49239600 0 44.51738917 0 -374.54796057 0 -99.53876072 0 343.45133632 0 171093
0.39750000 0.39750000 2010.56810219 0 42.69632390 0 -391.01029311 0 -42.77803766 0 320.70435221 0 170464
0.39850000 0.39849800 2026.58975621 0 -0.16825616 0 -396.64278475 0 -7.39883747 0 208.01576637 0 172113
0.39950000 0.39949500 2021.39683587 0 16.34430156 0 -383.88746655 0 9.29830586 0 144.25689113 0 173232
