### header ###
fiducial parameters:
Omega_m = 0.31
Omega_nu = 0
Omega_de = 0.69
Omega_k = 0
H_0 = 100
w_de = -1
zeff = 0
beta = 0
fgrowth = 0
b_1 = 2
gamma = 0.55
Lx = 3500 Ly = 3500 Lz = 3500
nx = 700 ny = 700 nz = 700
xoffset = -685.467585 yoffset = -31.7331281 zoffset = 572.489161
bins = 400 dk = 0.001
kx_ny = 0.628318531 ky_ny = 0.628318531 kz_ny = 0.628318531
############################
A(data) = 8.04990084 (not used)
A(ran) = 8.05083291 (used)
Ngal = 478551
weighted Ngal = 0
Nran = 23820508
weighted Nran = 0
SN(data) = 3484.89634
SN(ran) = 70.1256744
SN(data+ran) = 3555.02202
############################
13 columns: k_central k_mean P_0(k) sigma^{lin}_{P_0(k)} P^img_1(k) sigma^{lin}_{P_1(k)} P_2(k) sigma^{lin}_{P_2(k)} P^img_3(k) sigma^{lin}_{P_3(k)} P_4(k) sigma^{lin}_{P_4(k)} N_modes
### header ###
0.00050000 0 0 0 0 0 0 0 0 0 0 0 0
0.00150000 0.00179520 3413.27664417 0 -19450.53156242 0 -17659.02940676 0 -3768.55433062 0 -22870.44052915 0 3
0.00250000 0.00253879 17380.56043757 0 -32064.23471907 0 -16765.38207065 0 -19465.92209392 0 -729.43257950 0 6
0.00350000 0.00331552 43070.01486556 0 -41899.11651598 0 -27365.69368228 0 -11602.02483797 0 -21493.70766120 0 7
0.00450000 0.00420575 65840.58302485 0 -25301.36944309 0 -17678.62742169 0 -34059.68909789 0 8489.05178753 0 24
0.00550000 0.00557378 77608.69273510 0 6746.98756219 0 -7829.84985713 0 -52185.41699575 0 16439.30210474 0 45
0.00650000 0.00659388 65128.07892277 0 12433.44570860 0 7492.55362618 0 -33459.23692297 0 25797.18814847 0 40
0.00750000 0.00754703 74554.28121062 0 2303.43109365 0 20270.43721524 0 -9866.62615217 0 8691.43174057 0 57
0.00850000 0.00846663 67681.24630270 0 -4518.25037177 0 25419.28970241 0 7484.10544234 0 -7397.73023643 0 75
0.00950000 0.00948925 66326.32591464 0 386.88474488 0 23394.93655581 0 15544.87970589 0 -33164.82380604 0 112
0.01050000 0.01054430 71813.65937151 0 4628.89611368 0 19659.46633175 0 2825.90088486 0 -15959.98116334 0 105
0.01150000 0.01145670 68753.26879164 0 8.83199490 0 19433.48018220 0 5108.87032225 0 -7356.04293349 0 144
0.01250000 0.01249090 64964.76213169 0 -702.60212199 0 8032.39589504 0 1136.96167400 0 9280.70086742 0 169
0.01350000 0.01339930 77066.25954223 0 -8806.68356961 0 3332.83620436 0 5166.84501500 0 -7840.87789265 0 180
0.01450000 0.01448870 78485.39941424 0 -2234.31764213 0 7773.86818285 0 3830.02787802 0 -1138.53394413 0 267
0.01550000 0.01550050 84060.53640692 0 1069.30534043 0 21929.84653581 0 -7057.24517593 0 17509.99591470 0 238
0.01650000 0.01653350 74431.48912839 0 6243.82790546 0 26507.14561584 0 -11882.59754887 0 17705.53317100 0 315
0.01750000 0.01747870 77909.52780042 0 11308.05461404 0 47569.58622536 0 -1770.27650898 0 28405.82787574 0 297
0.01850000 0.01844180 71706.14709752 0 3529.48069314 0 45209.07729727 0 18922.93528481 0 39957.03074279 0 388
0.01950000 0.01947590 66351.79226172 0 353.00785987 0 45921.69212260 0 6927.14535932 0 34149.59637541 0 399
0.02050000 0.02045430 73583.34904728 0 -4620.86867819 0 31535.53120898 0 28060.37134140 0 33385.27379318 0 462
0.02150000 0.02154770 79297.11154669 0 -6294.24020036 0 35241.10615604 0 17313.68359567 0 29236.25223714 0 571
0.02250000 0.02255340 78320.53249769 0 5566.69988117 0 33505.62996396 0 6010.71117873 0 14933.68737590 0 510
0.02350000 0.02348930 74567.01438417 0 6020.93093453 0 20196.80625520 0 2403.07094469 0 15086.70690489 0 555
0.02450000 0.02439640 66724.59743837 0 7864.15191942 0 25958.40119783 0 -5326.05397356 0 18768.14418385 0 592
0.02550000 0.02547300 65224.96176493 0 3932.52438886 0 24072.34138822 0 -381.54677709 0 9383.97244100 0 837
0.02650000 0.02652900 60366.53635776 0 173.84878644 0 26856.03457087 0 3215.61350151 0 6299.97566461 0 723
0.02750000 0.02749970 58657.19085225 0 3859.04844137 0 16369.43573513 0 9647.39412076 0 -3853.54549593 0 826
0.02850000 0.02848090 56759.72654808 0 3220.47425210 0 21600.44487246 0 -2418.38396991 0 -1884.37681624 0 831
0.02950000 0.02946900 56267.45098665 0 3715.73934124 0 25448.07774694 0 2927.83270715 0 -798.27918798 0 996
0.03050000 0.03053250 52187.63146072 0 691.80881976 0 22114.53291379 0 -1656.67445634 0 4768.94995031 0 1041
0.03150000 0.03150510 52072.81145235 0 -1125.97792778 0 25439.55205683 0 3597.77479262 0 4527.08608698 0 1036
0.03250000 0.03246190 55945.91067391 0 -1810.13687833 0 28608.22997343 0 7898.52041566 0 3437.54718017 0 1059
0.03350000 0.03345080 56114.54218090 0 -450.12654255 0 25434.01589442 0 5841.93573151 0 9725.56473398 0 1302
0.03450000 0.03451200 55388.97273553 0 2063.59346575 0 20326.35245557 0 5564.82865828 0 7648.18622383 0 1339
0.03550000 0.03553350 56577.80825131 0 1232.18366744 0 20491.10864888 0 5506.37785556 0 8805.36596295 0 1365
0.03650000 0.03647120 51404.26447980 0 1209.69577574 0 17873.50033850 0 2982.55213640 0 8301.49767743 0 1308
0.03750000 0.03744890 51872.95598937 0 1724.73603700 0 15922.22453571 0 1218.31004445 0 700.21160707 0 1579
0.03850000 0.03847530 48422.70885263 0 732.07665066 0 10859.84690538 0 1128.51349017 0 2900.48406484 0 1662
0.03950000 0.03950240 49306.28037316 0 410.99362494 0 12828.17408839 0 194.13882167 0 -1241.52870959 0 1683
0.04050000 0.04050350 46537.09193602 0 993.76218989 0 8534.48153626 0 -3340.21037269 0 -1870.95715856 0 1822
0.04150000 0.04152450 47519.31787068 0 2367.44020342 0 12200.59471767 0 -4288.21175134 0 -6722.50665202 0 1887
0.04250000 0.04250150 43143.75654885 0 2191.89956575 0 11893.33770395 0 -7581.77441957 0 -11116.06050168 0 1920
0.04350000 0.04349210 43527.52332706 0 1771.40588611 0 16841.78111190 0 -5311.70424060 0 -8808.11189951 0 2005
0.04450000 0.04448520 42344.99903643 0 -180.95389728 0 18717.87582917 0 -1219.68301272 0 -8293.86884563 0 2151
0.04550000 0.04548030 43823.59729271 0 -205.05613394 0 20155.06359063 0 924.42729188 0 -8385.51447815 0 2274
0.04650000 0.04648670 42428.04147257 0 1064.69925331 0 20930.12632794 0 2235.88991225 0 -8548.68732901 0 2311
0.04750000 0.04749250 43990.23578123 0 1300.49991157 0 21085.69249164 0 2913.83728857 0 -9533.86957439 0 2568
0.04850000 0.04851840 40195.97151238 0 1831.69469475 0 17461.49913200 0 3173.92619856 0 -6548.37219959 0 2493
0.04950000 0.04949480 40653.92286688 0 761.95864088 0 17775.95315685 0 3582.76072017 0 -4333.69686169 0 2644
0.05050000 0.05050630 39448.14669413 0 -1239.90107784 0 17619.50120716 0 1609.06345962 0 -2714.41364627 0 2829
0.05150000 0.05149060 41455.11629076 0 16.23501771 0 16289.49354994 0 4459.31238676 0 -5086.47100914 0 2784
0.05250000 0.05249300 39545.36170604 0 899.42708967 0 13789.14115940 0 1449.86557338 0 -4111.44208561 0 3055
0.05350000 0.05348950 38577.19762389 0 985.17449476 0 11523.30060851 0 2030.78616731 0 -3112.23120467 0 3009
0.05450000 0.05448610 37896.69254054 0 1486.83606595 0 12402.88609210 0 1049.41612336 0 -5127.67112979 0 3336
0.05550000 0.05550870 36963.84917457 0 2250.06248802 0 13101.66051141 0 -1575.45895380 0 -2780.09467709 0 3349
0.05650000 0.05647670 33879.21020334 0 2792.58425949 0 13345.91599691 0 -2222.65848410 0 -1687.13442192 0 3324
0.05750000 0.05747970 33039.92798209 0 1197.27262729 0 13633.24282595 0 884.11738614 0 3000.63324283 0 3639
0.05850000 0.05849280 32501.81299590 0 -1056.86115457 0 12447.06466813 0 3716.40368073 0 -874.16668783 0 3846
0.05950000 0.05951020 33391.03140209 0 -666.53513113 0 11868.09280336 0 3158.71282426 0 -3469.20295683 0 3787
0.06050000 0.06049470 33870.90595973 0 -312.57283686 0 11358.65513846 0 1316.49942094 0 -4887.70063399 0 3930
0.06150000 0.06148310 33279.09019817 0 176.14297214 0 9883.17927777 0 -639.74453400 0 -717.54533157 0 4083
0.06250000 0.06249100 33418.26932114 0 850.34679544 0 9882.95783128 0 -576.90909065 0 -729.49237005 0 4303
0.06350000 0.06350600 33050.66813716 0 305.88736714 0 9504.84901105 0 918.52020659 0 -249.50930363 0 4470
0.06450000 0.06451750 32608.55020715 0 309.47701484 0 10262.25139026 0 1069.46478191 0 -765.67894202 0 4479
0.06550000 0.06550280 32384.77852257 0 216.46284297 0 9048.85745804 0 2326.64975879 0 -1485.40773605 0 4636
0.06650000 0.06648880 32400.83339356 0 252.03379368 0 9935.40743394 0 958.08051593 0 776.55860839 0 4653
0.06750000 0.06749660 31560.88683281 0 803.32263194 0 8868.27891257 0 555.08996737 0 1719.59847828 0 5220
0.06850000 0.06852730 31329.36452086 0 629.12617450 0 8911.85958306 0 488.14447705 0 2904.84656082 0 5029
0.06950000 0.06949320 30581.65042585 0 886.97072425 0 8920.00881412 0 1057.83662638 0 5553.21378954 0 5040
0.07050000 0.07048030 29914.87502527 0 1197.63801401 0 9477.71074291 0 180.85203189 0 2762.97686292 0 5475
0.07150000 0.07148790 29066.07060468 0 934.37023956 0 10791.38672102 0 -33.82285207 0 4564.13408582 0 5509
0.07250000 0.07249820 28222.13800700 0 1240.01180109 0 11031.51222936 0 -93.02015093 0 4542.77557124 0 5916
0.07350000 0.07351270 27602.30926365 0 -291.18442701 0 11033.29487366 0 717.49772057 0 5881.14283370 0 5721
0.07450000 0.07449140 27143.36139992 0 -348.29326396 0 11519.75746457 0 2147.08986721 0 5009.44084538 0 6028
0.07550000 0.07549160 28167.77289214 0 136.77421402 0 9319.58687218 0 1217.15852266 0 2990.32490842 0 6183
0.07650000 0.07648840 27528.23541061 0 465.68537339 0 9522.99655142 0 1873.40414234 0 4584.88362253 0 6330
0.07750000 0.07749960 26906.08147906 0 419.95556465 0 8456.60987581 0 -98.40794418 0 2825.13689445 0 6583
0.07850000 0.07848650 27026.32692659 0 242.75297102 0 7857.08777618 0 742.98178338 0 2220.31115123 0 6549
0.07950000 0.07947320 26289.90660290 0 933.37705203 0 8307.55423911 0 -1082.24224475 0 1287.74459338 0 6828
0.08050000 0.08048110 25554.81495819 0 1388.86813595 0 8191.93702335 0 -1240.64292360 0 1514.10720198 0 7147
0.08150000 0.08149960 24652.86337846 0 1114.70630112 0 8055.21595649 0 -996.37415132 0 -500.07712150 0 7386
0.08250000 0.08250610 23441.44032005 0 933.16335616 0 8877.19213405 0 -414.84125782 0 -200.67924394 0 7227
0.08350000 0.08350160 22878.52332627 0 460.27543548 0 8256.69905121 0 814.78027366 0 534.37918379 0 7798
0.08450000 0.08449610 22496.63884328 0 -8.03503111 0 7844.02243290 0 1453.50836824 0 -819.23577717 0 7371
0.08550000 0.08548940 22881.40213073 0 77.60581393 0 8038.72926483 0 564.73174782 0 -420.72176953 0 8256
0.08650000 0.08650700 22138.55985864 0 880.60192301 0 7884.25926129 0 -27.30712108 0 -823.38236281 0 8037
0.08750000 0.08749060 21283.99782914 0 936.96116357 0 7766.56044847 0 -316.93422561 0 834.65509671 0 8155
0.08850000 0.08849210 20436.07919453 0 787.72172627 0 7791.24066049 0 78.32429709 0 1184.30693493 0 8718
0.08950000 0.08949900 20602.05334356 0 12.91298810 0 8528.87893991 0 1441.55025744 0 2127.35898438 0 8571
0.09050000 0.09049190 20602.16406681 0 280.45866596 0 8796.99528539 0 1767.01017316 0 1559.28228724 0 8932
0.09150000 0.09150830 20077.55731690 0 426.36865519 0 8333.86208287 0 519.77368012 0 2992.11862504 0 9285
0.09250000 0.09250820 19568.78399148 0 569.68772041 0 8056.84358824 0 292.95157005 0 3152.63411794 0 9204
0.09350000 0.09350330 19178.15237188 0 238.52334294 0 7767.55695770 0 811.22937909 0 3328.52907001 0 9349
0.09450000 0.09448040 19551.17899502 0 -151.77167799 0 8161.20024965 0 442.65383053 0 2652.63007378 0 9564
0.09550000 0.09549270 18775.34119498 0 232.69044223 0 7229.30910362 0 -64.76335654 0 1859.02119240 0 10155
0.09650000 0.09649430 18929.80012620 0 412.24147595 0 7153.19794281 0 121.91958304 0 1020.32912606 0 9913
0.09750000 0.09749140 17908.37816168 0 608.08765011 0 6570.91545292 0 237.73499341 0 1116.36714984 0 10476
0.09850000 0.09850240 17639.87428483 0 644.65289559 0 6619.97692420 0 458.94454204 0 1166.86802334 0 10575
0.09950000 0.09950330 17432.04674798 0 -62.28027698 0 5684.56477887 0 844.85049340 0 635.83157441 0 10882
0.10050000 0.10051200 17092.34782254 0 -124.58912056 0 5765.62526886 0 711.38801174 0 938.23115923 0 10875
0.10150000 0.10150300 17256.43967636 0 287.88044528 0 4776.76701164 0 544.75173768 0 1335.94242332 0 11118
0.10250000 0.10250800 17041.08295863 0 200.19649058 0 5221.14369591 0 286.07676357 0 662.74950327 0 11575
0.10350000 0.10349800 16827.71925938 0 29.77912832 0 4231.47715897 0 -205.54885240 0 777.31927710 0 11364
0.10450000 0.10450100 16889.61355511 0 151.82593238 0 4719.17985025 0 -63.19064353 0 -397.31376763 0 12093
0.10550000 0.10551000 16704.48428415 0 314.82826943 0 4555.40909386 0 -627.49079212 0 -829.49428611 0 12067
0.10650000 0.10649700 16484.36646675 0 228.39548743 0 5000.29510508 0 -402.65948605 0 -1896.65602446 0 12054
0.10750000 0.10749900 16194.93589599 0 326.58818562 0 4975.95813512 0 -5.46388227 0 -1349.32886402 0 12807
0.10850000 0.10850100 16129.71990281 0 238.45801622 0 4346.99472380 0 325.51084841 0 -1915.25753015 0 12736
0.10950000 0.10950300 16005.59914159 0 249.68978252 0 4450.23308041 0 -33.57173174 0 -1317.18590508 0 12933
0.11050000 0.11050200 15688.04486580 0 106.41223852 0 4886.52696756 0 554.69800707 0 -1162.92627570 0 13428
0.11150000 0.11150900 15735.10224627 0 281.53932486 0 4814.82259204 0 221.35902501 0 -952.37716142 0 13453
0.11250000 0.11250000 15377.24470814 0 177.49601024 0 4913.66523569 0 360.56693602 0 -176.30794978 0 13668
0.11350000 0.11349100 15358.42175594 0 243.75280195 0 4616.90478590 0 595.00237664 0 -579.12023392 0 13791
0.11450000 0.11448600 15205.95584319 0 291.80669167 0 4912.07082092 0 -347.06202144 0 -10.35469423 0 14205
0.11550000 0.11549300 14914.53225396 0 406.78503428 0 4662.84386158 0 -237.62205570 0 -655.82708580 0 14776
0.11650000 0.11649800 14638.72064273 0 210.47050078 0 4937.73646985 0 -383.48997009 0 -722.05841117 0 14553
0.11750000 0.11747300 14259.27207120 0 411.56274244 0 4555.99592708 0 -102.78749154 0 -1551.43200894 0 14568
0.11850000 0.11849100 13973.05247464 0 352.04788931 0 4732.20090424 0 -259.22416142 0 -2019.13808160 0 16015
0.11950000 0.11950300 13722.48576399 0 90.54482199 0 4425.03246912 0 153.25758398 0 -1906.18929613 0 15270
0.12050000 0.12050700 13423.09010089 0 -29.26714402 0 4407.46068964 0 592.83220097 0 -2738.11949370 0 15999
0.12150000 0.12150000 13693.25482647 0 -10.62504719 0 4022.02199037 0 622.31005134 0 -2417.09958024 0 15670
0.12250000 0.12250700 13692.25831723 0 -11.05722217 0 3955.58804146 0 153.90863668 0 -2830.86128638 0 16887
0.12350000 0.12352200 13509.67568097 0 473.76041988 0 3997.80681599 0 -239.85866531 0 -1153.95769260 0 16407
0.12450000 0.12449800 13337.72247654 0 448.16563382 0 4414.92343656 0 -29.24976047 0 -1264.27126477 0 16306
0.12550000 0.12549900 13164.77276287 0 138.93221013 0 4598.21470161 0 -154.29506081 0 -322.44159997 0 17523
0.12650000 0.12650100 13331.18980490 0 -50.19583095 0 5147.45737424 0 311.72469678 0 -129.04905299 0 17154
0.12750000 0.12750600 13130.67000243 0 209.27247523 0 5012.64074725 0 236.64658388 0 296.70398093 0 18007
0.12850000 0.12850300 13188.91043098 0 265.83766104 0 5146.09547829 0 340.03109518 0 116.32030838 0 17496
0.12950000 0.12949900 12651.68123078 0 250.17032142 0 4873.14052686 0 639.96930219 0 710.38818081 0 18405
0.13050000 0.13049000 12440.31054999 0 234.52180475 0 4660.65154126 0 748.72278379 0 969.37871618 0 18100
0.13150000 0.13148800 12224.06804628 0 79.55797552 0 3972.41797519 0 1244.65110519 0 750.03153259 0 19059
0.13250000 0.13249300 12119.98819299 0 -57.48418876 0 3471.11846902 0 849.13659034 0 916.48511328 0 18957
0.13350000 0.13349100 12065.84452462 0 121.60180732 0 2825.79016162 0 560.74128195 0 635.26024245 0 19468
0.13450000 0.13450700 11893.66987369 0 147.19437891 0 2931.59729758 0 53.57499376 0 737.07248362 0 19953
0.13550000 0.13551000 11752.49773226 0 336.77250999 0 2774.90175675 0 -414.63088365 0 630.16254410 0 19956
0.13650000 0.13649900 11541.34849796 0 247.04128242 0 3102.42112489 0 -718.42115246 0 1511.04016800 0 19723
0.13750000 0.13749600 11507.79935376 0 59.71769812 0 3328.45156373 0 -456.11002688 0 1116.38929449 0 20946
0.13850000 0.13851100 11678.20243272 0 -180.00389181 0 3958.79901566 0 -26.02483515 0 772.94127987 0 20955
0.13950000 0.13949800 11604.01785644 0 9.36190530 0 3897.45833616 0 223.49709093 0 437.42326429 0 20506
0.14050000 0.14048300 11739.10021923 0 172.61311499 0 3576.23912085 0 117.13744595 0 74.27736237 0 21447
0.14150000 0.14148400 11528.50460117 0 213.33158951 0 3517.09076167 0 52.67990702 0 495.15547312 0 21771
0.14250000 0.14249400 11367.40227506 0 -59.23317319 0 3511.03419999 0 163.01562384 0 263.02196883 0 22470
0.14350000 0.14350900 11324.99527101 0 244.92757562 0 3134.75231336 0 354.74510763 0 307.55928818 0 22519
0.14450000 0.14449900 10897.34886954 0 324.30839394 0 2726.77036076 0 628.71982018 0 -164.92670710 0 22218
0.14550000 0.14550500 10861.60740502 0 203.82599866 0 2597.68919803 0 371.43110113 0 445.60128340 0 23559
0.14650000 0.14650700 10649.56131242 0 25.63863246 0 2229.19115574 0 435.53321844 0 379.66891080 0 23044
0.14750000 0.14750500 10492.61110812 0 225.50671788 0 2563.35391876 0 56.41748099 0 511.26902743 0 23649
0.14850000 0.14849900 10578.60985498 0 237.84128773 0 2522.37524461 0 -365.65688374 0 520.20439356 0 23640
0.14950000 0.14949500 10168.56844997 0 256.60887830 0 3047.51346611 0 -446.89895987 0 664.08150395 0 24457
0.15050000 0.15050000 10234.22733615 0 218.82346262 0 3208.29469480 0 -342.31753026 0 779.42634052 0 24591
0.15150000 0.15149900 10128.42020018 0 168.38570138 0 3380.34755016 0 -57.45207902 0 845.27124175 0 25020
0.15250000 0.15250500 10051.98794196 0 58.39090144 0 3461.92843942 0 255.92571586 0 633.46431136 0 25297
0.15350000 0.15350100 10117.31465839 0 22.10800024 0 3484.89244110 0 261.69107539 0 758.60261923 0 25452
0.15450000 0.15450400 9903.46377684 0 93.47311974 0 3365.31133305 0 256.42839940 0 536.06771333 0 26061
0.15550000 0.15549900 9845.90983243 0 140.22435043 0 3079.21353207 0 292.47435285 0 475.19096424 0 26128
0.15650000 0.15649500 9780.17343999 0 -27.84014280 0 3199.92401724 0 -46.25928731 0 614.03570300 0 26331
0.15750000 0.15749700 9879.64720616 0 111.54924362 0 3412.95554675 0 -25.49502440 0 652.55521381 0 27345
0.15850000 0.15849900 9692.77958019 0 197.92666399 0 3301.66761000 0 -243.39184416 0 657.93525644 0 26980
0.15950000 0.15949700 9633.39870219 0 192.45693553 0 3244.27975046 0 -172.99068127 0 609.75514223 0 27777
0.16050000 0.16050000 9371.77073905 0 231.88880591 0 3520.33495284 0 -46.18521345 0 882.06679159 0 28224
0.16150000 0.16150500 9281.45378550 0 308.72298952 0 3649.22788605 0 208.92369700 0 912.74377473 0 28075
0.16250000 0.16249700 9104.86127697 0 41.76447705 0 3373.83702316 0 418.36004265 0 856.88943218 0 28590
0.16350000 0.16349900 9137.50249054 0 -74.46326670 0 3060.91097914 0 564.36193217 0 393.35319704 0 29163
0.16450000 0.16449100 9111.68182906 0 -67.89914966 0 2938.17425853 0 139.76263449 0 516.09988275 0 28996
0.16550000 0.16550500 9061.08130464 0 135.67473217 0 2966.06544474 0 212.06823725 0 6.56317590 0 30777
0.16650000 0.16650700 8982.21313496 0 167.04595007 0 2774.14883866 0 -348.35637621 0 160.71700921 0 29211
0.16750000 0.16749900 8875.18804326 0 183.60461184 0 2718.39968320 0 -254.00798920 0 -310.53331463 0 30922
0.16850000 0.16850800 8696.35892511 0 180.85756805 0 2847.27047176 0 -314.45956101 0 -222.36992826 0 30867
0.16950000 0.16949900 8594.42710283 0 152.36404736 0 2872.00604541 0 -103.46046744 0 -398.90375347 0 30852
0.17050000 0.17049200 8566.07087897 0 -65.41762022 0 2770.35103125 0 -52.11012519 0 -427.41498988 0 31257
0.17150000 0.17149500 8609.93942990 0 -24.91704905 0 2916.71609303 0 291.90744982 0 -885.77159147 0 32608
0.17250000 0.17250900 8485.06575060 0 141.03705907 0 2721.32277695 0 207.59058909 0 -722.59431169 0 32361
0.17350000 0.17350400 8346.53989479 0 192.41375347 0 2606.72421508 0 431.69776512 0 -455.79003669 0 32508
0.17450000 0.17449800 8229.32826426 0 177.29449393 0 2494.49513072 0 328.82147353 0 -345.82081383 0 32791
0.17550000 0.17549800 8097.61188822 0 90.05542523 0 2293.38849504 0 459.30660706 0 154.45782399 0 33633
0.17650000 0.17650100 8030.85684189 0 91.90793590 0 2108.40316429 0 289.56343866 0 -37.11011459 0 33984
0.17750000 0.17750300 8018.94302038 0 92.23102634 0 2053.41799924 0 169.00685880 0 191.24783766 0 34069
0.17850000 0.17849800 7955.13321245 0 9.91842249 0 2003.40430804 0 27.69996717 0 232.08700052 0 34536
0.17950000 0.17950400 7937.78287946 0 105.97466024 0 2226.66666568 0 -225.81785021 0 195.62140597 0 35343
0.18050000 0.18050100 7849.32607649 0 200.44561789 0 2107.65024620 0 -192.95519015 0 248.53604627 0 34990
0.18150000 0.18150500 7734.43963417 0 128.04368590 0 2122.86362050 0 -169.97457999 0 42.02877344 0 36243
0.18250000 0.18250200 7642.78292932 0 115.13114070 0 2142.05195942 0 185.57216396 0 348.95981791 0 35694
0.18350000 0.18350400 7554.08253520 0 32.35200444 0 2245.87714924 0 14.15452788 0 -228.90592160 0 37087
0.18450000 0.18450600 7465.17176690 0 57.51054089 0 2124.09264856 0 168.63482869 0 -324.07033895 0 36651
0.18550000 0.18550700 7470.61935071 0 115.21639760 0 2057.51475942 0 -2.03778388 0 -344.11899750 0 37818
0.18650000 0.18651000 7372.15316610 0 105.70737432 0 1892.71427682 0 79.00236626 0 -17.46271709 0 37267
0.18750000 0.18750100 7410.58520555 0 -79.25415093 0 1831.66147777 0 199.39928319 0 -9.26572001 0 38334
0.18850000 0.18850000 7373.92473807 0 42.90703024 0 1852.24492961 0 275.33217957 0 -73.64380394 0 38223
0.18950000 0.18949500 7380.12523997 0 56.63615940 0 1611.73188990 0 273.21293660 0 55.19753224 0 39064
0.19050000 0.19050000 7357.37161247 0 52.23956066 0 1691.71836439 0 8.15557551 0 -222.13519498 0 39609
0.19150000 0.19149800 7295.77626950 0 131.16275980 0 1716.90790335 0 -82.72311029 0 37.99102875 0 39576
0.19250000 0.19250400 7147.32961066 0 109.43454030 0 1776.34414298 0 -91.19986073 0 -169.67119829 0 40909
0.19350000 0.19350500 7128.73917729 0 166.22770527 0 1824.32052642 0 54.24331929 0 76.42417543 0 40191
0.19450000 0.19450100 6999.10439831 0 68.47446765 0 1775.27012747 0 89.14450507 0 -107.45968045 0 41232
0.19550000 0.19549800 7037.41464218 0 78.04660318 0 1682.57262409 0 129.10109292 0 -28.16079733 0 40873
0.19650000 0.19649700 6905.14464990 0 139.44264430 0 1625.99304427 0 48.66530349 0 -81.84286047 0 42816
0.19750000 0.19750200 6872.24877286 0 45.72272245 0 1568.64947403 0 -173.48118526 0 -94.72706052 0 41727
0.19850000 0.19849000 6774.65730191 0 74.04152185 0 1591.98993475 0 77.49697298 0 -105.44617818 0 42610
0.19950000 0.19949900 6714.66744605 0 154.14115550 0 1624.81937784 0 34.31856005 0 -113.26988289 0 43863
0.20050000 0.20050100 6584.54548478 0 166.32957066 0 1544.75539707 0 167.84315746 0 -191.13157825 0 43302
0.20150000 0.20150100 6405.73851128 0 145.40730568 0 1392.22305037 0 328.53470032 0 -118.89905283 0 44487
0.20250000 0.20249700 6294.14054943 0 148.74118268 0 1302.11647100 0 287.14081399 0 110.03897851 0 43759
0.20350000 0.20349100 6222.72405435 0 70.41688560 0 1203.46205686 0 231.54556384 0 222.47843705 0 45282
0.20450000 0.20449700 6195.28683345 0 -41.60149242 0 1053.38223011 0 271.24538448 0 346.59476933 0 45483
0.20550000 0.20549900 6238.41353862 0 23.52891169 0 1028.10632701 0 84.31431409 0 476.29376779 0 46138
0.20650000 0.20650200 6240.47299104 0 2.55287950 0 894.60841391 0 -82.34620836 0 492.39403531 0 46227
0.20750000 0.20749300 6248.58900513 0 -1.85473620 0 976.68202163 0 37.31262741 0 530.12741106 0 46236
0.20850000 0.20850300 6287.15391247 0 104.04508620 0 1057.46902520 0 -192.59201790 0 456.91498490 0 48361
0.20950000 0.20950400 6143.75623375 0 103.28076361 0 1188.56977998 0 -154.26627277 0 427.04517423 0 46812
0.21050000 0.21050300 6141.27603299 0 127.83663343 0 1207.94634842 0 -182.33350895 0 112.88124429 0 48813
0.21150000 0.21149700 5961.32861003 0 53.54531993 0 1293.92295063 0 -140.81229088 0 188.67241491 0 47215
0.21250000 0.21249000 6001.73152330 0 145.36190915 0 1445.33699253 0 27.22086767 0 104.50259466 0 50004
0.21350000 0.21350300 5924.54634699 0 106.08604783 0 1425.17428903 0 81.64798755 0 144.17938486 0 49509
0.21450000 0.21449800 5814.91925896 0 58.86202886 0 1389.89786216 0 -7.41337543 0 51.27117514 0 49660
0.21550000 0.21550100 5904.19541397 0 63.53543572 0 1441.68312534 0 9.07679293 0 159.15248971 0 50841
0.21650000 0.21649800 5784.43714873 0 37.07091856 0 1407.86824534 0 45.33784843 0 534.92062048 0 50424
0.21750000 0.21750300 5813.43556743 0 46.19717156 0 1423.95633330 0 229.53593689 0 401.84899188 0 52231
0.21850000 0.21850300 5826.39018747 0 -17.61363288 0 1307.91836920 0 157.05982032 0 466.82914454 0 51078
0.21950000 0.21950100 5870.40267862 0 -14.73737506 0 1274.32493570 0 84.68114021 0 396.26632570 0 52791
0.22050000 0.22050700 5847.72655740 0 48.55480169 0 1353.24846701 0 -127.26197977 0 284.31626393 0 52969
0.22150000 0.22150000 5766.68821205 0 202.20611754 0 1398.87751759 0 -202.80070138 0 123.99453671 0 52704
0.22250000 0.22250100 5610.62379373 0 227.85183628 0 1524.37124708 0 -388.89547907 0 233.92168475 0 54051
0.22350000 0.22349900 5527.16060925 0 100.15194607 0 1504.59607496 0 -28.50979701 0 199.90085951 0 53938
0.22450000 0.22449800 5512.13546447 0 -89.82467798 0 1493.57911176 0 333.78298229 0 116.00253266 0 54735
0.22550000 0.22549100 5537.25856948 0 -85.88448047 0 1392.59950942 0 347.55695436 0 43.40030231 0 54774
0.22650000 0.22649900 5612.05212363 0 66.31104611 0 1312.59089028 0 298.79997202 0 30.68639462 0 56911
0.22750000 0.22749800 5499.24727838 0 135.21523069 0 1115.93532917 0 49.17330175 0 285.25851877 0 54879
0.22850000 0.22849100 5409.96005104 0 116.69787466 0 1145.12197739 0 109.45812435 0 440.54787435 0 57210
0.22950000 0.22949800 5357.26685723 0 56.43408948 0 1136.08696034 0 65.34675734 0 432.51822439 0 57375
0.23050000 0.23049600 5279.59449863 0 71.05575874 0 1122.41263919 0 140.33950261 0 541.49315249 0 57604
0.23150000 0.23150100 5319.65416982 0 33.60815969 0 1081.68862851 0 109.43254728 0 603.08628099 0 58629
0.23250000 0.23250200 5236.58958903 0 43.69792641 0 983.74727209 0 69.87633470 0 580.50206006 0 58560
0.23350000 0.23350400 5214.32314382 0 68.84727283 0 975.92356738 0 46.12641941 0 745.19181941 0 59305
0.23450000 0.23449700 5185.09220630 0 13.49240285 0 918.78926408 0 170.56805660 0 702.35963808 0 59196
0.23550000 0.23549300 5198.98797395 0 53.85379490 0 921.80979429 0 20.21784367 0 602.41308364 0 60063
0.23650000 0.23649900 5127.50504492 0 73.91762253 0 852.76499119 0 -19.94601810 0 603.43948815 0 61537
0.23750000 0.23750400 5135.78714388 0 6.84738033 0 872.51912589 0 -74.90925994 0 520.84105224 0 61224
0.23850000 0.23850100 5086.75888958 0 75.90432978 0 893.26201921 0 -55.06145337 0 424.45535746 0 61221
0.23950000 0.23949400 5023.03766025 0 119.36630494 0 817.16082350 0 -105.25595564 0 380.64327538 0 62332
0.24050000 0.24050100 4933.13038273 0 120.33845506 0 876.90044482 0 -104.85757339 0 299.64257594 0 63447
0.24150000 0.24150500 4819.19616034 0 143.32017245 0 867.00842983 0 -59.95232069 0 201.02691494 0 63342
0.24250000 0.24250300 4819.77192123 0 92.63084799 0 947.51419636 0 29.69099262 0 152.13817194 0 63379
0.24350000 0.24349600 4746.79422835 0 -15.81493371 0 935.26820511 0 51.07065533 0 202.39102536 0 64266
0.24450000 0.24449500 4750.09378115 0 51.90119042 0 934.60386562 0 33.76538670 0 61.91533315 0 64695
0.24550000 0.24549600 4743.89327925 0 51.99707675 0 893.36277737 0 171.00319896 0 244.29645310 0 65947
0.24650000 0.24650000 4757.04720113 0 13.61729868 0 860.42593273 0 99.88388508 0 254.10653289 0 66018
0.24750000 0.24750000 4727.62803409 0 22.34251208 0 707.80832912 0 198.07614038 0 454.72930798 0 66303
0.24850000 0.24849600 4709.59121696 0 48.97001387 0 770.85746834 0 118.28010988 0 386.51603647 0 66958
0.24950000 0.24949200 4696.52587368 0 95.64949590 0 737.86526208 0 -82.69675816 0 340.57253186 0 66975
0.25050000 0.25048900 4572.52690803 0 115.21639760 0 755.04840296 0 -17.96994029 0 542.56827523 0 68676
0.25150000 0.25150000 4536.27611658 0 39.84331797 0 703.77357396 0 -47.82967514 0 380.66652727 0 69349
0.25250000 0.25249900 4536.12110403 0 4.31488498 0 757.72790557 0 26.64433172 0 473.32306304 0 68592
0.25350000 0.25349900 4580.37718633 0 6.27538403 0 749.85658986 0 -24.94373335 0 144.92012339 0 70437
0.25450000 0.25450100 4507.90882039 0 121.53205167 0 720.12296879 0 69.76007529 0 237.89111319 0 70099
0.25550000 0.25550100 4470.24077136 0 98.75085408 0 647.65017392 0 -80.79962602 0 217.77823516 0 71064
0.25650000 0.25650300 4350.23891497 0 50.87301434 0 640.63474891 0 33.08975344 0 164.69861721 0 71409
0.25750000 0.25750600 4398.37031096 0 36.63267594 0 696.98513161 0 14.24044912 0 62.65153203 0 72612
0.25850000 0.25850600 4317.79700325 0 99.39659207 0 729.72156717 0 -44.57064705 0 -1.86599676 0 71845
0.25950000 0.25949600 4291.83240155 0 86.96104262 0 689.88998587 0 -75.90787292 0 149.67236520 0 72816
0.26050000 0.26049800 4241.40903433 0 43.42543649 0 669.63206038 0 35.67503057 0 132.68741893 0 73743
0.26150000 0.26149900 4249.62469935 0 -4.81724743 0 668.86474827 0 84.61570277 0 242.31118526 0 74662
0.26250000 0.26250300 4323.91999888 0 -5.85786881 0 746.52824902 0 86.47064935 0 244.76702691 0 74931
0.26350000 0.26350100 4304.27769465 0 33.88098178 0 623.91110951 0 3.77527523 0 173.60298083 0 75087
0.26450000 0.26450200 4314.88498183 0 72.24016532 0 731.93049597 0 -20.45158045 0 248.48511358 0 76678
0.26550000 0.26550600 4270.23029583 0 114.35939966 0 679.91935737 0 -53.92277548 0 311.13232740 0 76035
0.26650000 0.26650100 4139.34434415 0 73.79195165 0 724.76670182 0 39.44626440 0 256.39296797 0 77094
0.26750000 0.26750600 4153.47263062 0 -16.07446900 0 589.73527172 0 86.43444285 0 141.25961280 0 78463
0.26850000 0.26850100 4150.61597082 0 31.96270150 0 525.25115921 0 97.61405849 0 76.74449778 0 77076
0.26950000 0.26949700 4090.27180056 0 105.07946278 0 507.88089604 0 15.95787742 0 -50.24709581 0 79149
0.27050000 0.27049900 4071.11667862 0 46.85730357 0 341.48156973 0 -56.14554469 0 33.99591251 0 79648
0.27150000 0.27150200 4007.67225741 0 48.00151762 0 473.61980135 0 22.51745481 0 9.18623179 0 80241
0.27250000 0.27250500 4053.87706888 0 16.19360722 0 431.00685205 0 12.27311845 0 40.67883560 0 80835
0.27350000 0.27350000 4040.94459349 0 -1.59916480 0 406.95886978 0 157.11628918 0 -122.28386253 0 80680
0.27450000 0.27450400 4066.38879592 0 9.92266319 0 349.66733947 0 94.98748160 0 -68.78559998 0 82617
0.27550000 0.27550800 4028.53251737 0 18.31096789 0 340.28797312 0 -0.60395435 0 -86.42159895 0 82548
0.27650000 0.27649900 4014.97999179 0 88.14910307 0 301.24252688 0 -17.17162567 0 -51.46117623 0 81181
0.27750000 0.27748900 3984.74147271 0 55.84205227 0 315.90560663 0 -76.42982231 0 -40.86175040 0 84096
0.27850000 0.27849800 3938.40379334 0 63.33115133 0 353.86707227 0 -10.70263097 0 7.54898927 0 85215
0.27950000 0.27950200 3922.60358583 0 74.57232910 0 336.46802105 0 6.16627734 0 56.06571323 0 84514
0.28050000 0.28050300 3854.08803985 0 114.18888585 0 332.24060744 0 134.16668152 0 100.47171481 0 85815
0.28150000 0.28150100 3820.00742406 0 65.80360146 0 387.39296459 0 79.24783970 0 138.28447913 0 85485
0.28250000 0.28250000 3766.33986566 0 60.20886645 0 366.28689902 0 75.68432268 0 160.50995673 0 87220
0.28350000 0.28350400 3716.28188516 0 78.64428728 0 400.06966928 0 -17.24149204 0 221.67569350 0 87147
0.28450000 0.28449700 3711.37684526 0 65.41684515 0 368.22123417 0 -72.87693472 0 165.47589441 0 87102
0.28550000 0.28549800 3630.99176708 0 57.60842025 0 404.50524260 0 -28.99952593 0 365.76428529 0 88971
0.28650000 0.28649900 3654.80833776 0 -2.06848743 0 301.05429735 0 5.18409570 0 246.98149187 0 89434
0.28750000 0.28750100 3665.08345519 0 0.49009874 0 325.05245417 0 75.51336599 0 116.69455296 0 89619
0.28850000 0.28849900 3637.60194499 0 42.47277366 0 243.67972461 0 11.03558684 0 94.06238886 0 90240
0.28950000 0.28950100 3595.71534021 0 99.23781493 0 170.05208626 0 48.45105400 0 8.96378879 0 91333
0.29050000 0.29050500 3534.81755370 0 84.06717980 0 230.53908951 0 -65.72687025 0 26.71940208 0 92139
0.29150000 0.29150600 3485.82251638 0 106.40482006 0 162.15973313 0 -37.98704271 0 -88.72342456 0 92370
0.29250000 0.29250200 3419.31106120 0 65.36159425 0 219.48005149 0 -16.78055116 0 7.08460489 0 91819
0.29350000 0.29349600 3408.20551940 0 43.19313912 0 165.45707146 0 -6.16191485 0 -114.05933965 0 93552
0.29450000 0.29450000 3401.45140126 0 13.47955896 0 210.55132875 0 60.83124183 0 -82.65102946 0 94701
0.29550000 0.29550200 3423.57390625 0 -0.65519928 0 195.97018420 0 81.99521566 0 -49.19655363 0 95020
0.29650000 0.29650300 3402.17110238 0 15.48298541 0 172.06835661 0 20.82117465 0 41.07721784 0 95151
0.29750000 0.29749800 3456.33691539 0 37.76205307 0 200.58512918 0 13.76843591 0 156.66896725 0 95802
0.29850000 0.29850000 3428.20213802 0 51.46272635 0 209.41641546 0 36.89741523 0 242.57692106 0 97399
0.29950000 0.29950700 3394.15473921 0 80.75577962 0 227.79093849 0 24.44082836 0 326.29366178 0 97881
0.30050000 0.30050300 3377.03692504 0 68.58552307 0 263.62651777 0 32.65737916 0 396.78229604 0 97188
0.30150000 0.30149700 3296.19788154 0 87.87882762 0 293.98904689 0 84.67095367 0 422.59963582 0 98263
0.30250000 0.30249700 3287.20715378 0 52.98816055 0 319.77095523 0 -25.64295066 0 438.04220724 0 100050
0.30350000 0.30350600 3222.97659751 0 56.88107923 0 339.60813237 0 -44.51218517 0 431.32130608 0 100779
0.30450000 0.30450500 3273.22280754 0 -11.87528981 0 322.50360499 0 -21.70673919 0 327.48172223 0 99982
0.30550000 0.30550300 3280.06550428 0 -28.34847323 0 362.84119154 0 -84.57063841 0 353.65005471 0 101559
0.30650000 0.30649700 3312.45205437 0 19.71250277 0 355.03188084 0 -13.26553092 0 312.91497170 0 100935
0.30750000 0.30749800 3325.25166186 0 16.41350359 0 351.25178915 0 32.27870565 0 288.45288448 0 103762
0.30850000 0.30850200 3295.67748227 0 63.43445612 0 275.46726193 0 49.99409319 0 275.32996510 0 102951
0.30950000 0.30950100 3269.13711968 0 100.82835439 0 260.59934416 0 94.66904154 0 218.48022055 0 104394
0.31050000 0.31050000 3197.22236998 0 58.55222521 0 167.58517229 0 17.32951702 0 214.53293676 0 103963
0.31150000 0.31149700 3172.97397863 0 20.24740678 0 81.66426387 0 132.50694003 0 346.45968697 0 105936
0.31250000 0.31250000 3168.42325313 0 26.42188871 0 101.56233880 0 75.61523137 0 302.72289670 0 105717
0.31350000 0.31349800 3156.94125229 0 50.51869994 0 33.29946328 0 29.92140770 0 273.45874221 0 106776
0.31450000 0.31450400 3130.33445575 0 82.87358319 0 77.40717642 0 20.71908782 0 267.19844976 0 108733
0.31550000 0.31549900 3065.15167955 0 87.23796146 0 -15.72391920 0 -30.23331509 0 355.27768646 0 105891
0.31650000 0.31650000 3031.20393165 0 56.05530524 0 104.66580072 0 -21.77018361 0 330.47124993 0 111072
0.31750000 0.31750600 3010.74227539 0 19.31102027 0 96.03425919 0 10.28819385 0 319.76652630 0 108121
0.31850000 0.31849900 3030.25171172 0 36.98178634 0 98.11973157 0 -8.25801666 0 303.09603405 0 110484
0.31950000 0.31950100 2971.38016066 0 75.42733402 0 56.57980127 0 36.27946878 0 367.26126361 0 110817
0.32050000 0.32049800 2955.75711034 0 43.87043323 0 69.87655614 0 26.53194762 0 391.18523584 0 111088
0.32150000 0.32149900 2979.89477844 0 -27.75488590 0 42.57153880 0 87.59216513 0 326.28258945 0 112635
0.32250000 0.32250100 3016.83205404 0 1.03262051 0 70.73244685 0 -22.22392748 0 299.84077055 0 113202
0.32350000 0.32350400 2988.55333645 0 57.52615287 0 37.55289685 0 -81.16479130 0 286.60269900 0 113863
0.32450000 0.32450300 2980.28230981 0 48.23038257 0 37.50783249 0 -61.18943154 0 321.90459222 0 114045
0.32550000 0.32549900 2978.92041386 0 34.09888513 0 95.48119656 0 -68.63623432 0 269.02095442 0 114828
0.32650000 0.32650300 2981.25667439 0 50.05643038 0 98.08142132 0 -21.47499543 0 255.92682309 0 116431
0.32750000 0.32750400 2911.20207527 0 71.83126437 0 97.25830470 0 -25.15709705 0 111.99324384 0 116442
0.32850000 0.32850400 2876.68963881 0 96.78573787 0 161.67033637 0 -40.02922230 0 100.41480306 0 116955
0.32950000 0.32949800 2823.17709296 0 82.12166161 0 137.41197993 0 15.56791014 0 153.00734944 0 117028
0.33050000 0.33049700 2795.79523368 0 38.64374230 0 146.91978525 0 6.26556288 0 130.95792179 0 119061
0.33150000 0.33150100 2774.07133239 0 38.20328521 0 83.99078076 0 12.83725339 0 193.54866676 0 120060
0.33250000 0.33250400 2778.12380327 0 37.60870137 0 122.78654608 0 30.55651625 0 169.06332766 0 119737
0.33350000 0.33350100 2756.67671010 0 42.99760186 0 44.69963963 0 46.33502201 0 192.52004778 0 120531
0.33450000 0.33450000 2748.72678088 0 37.31484187 0 123.99342948 0 -33.99912348 0 88.27222732 0 121704
0.33550000 0.33550300 2705.48935246 0 52.06162840 0 27.09940427 0 -13.60301538 0 68.69148522 0 122761
0.33650000 0.33650300 2702.32266756 0 46.64371842 0 53.26984049 0 21.32097939 0 69.18796826 0 122472
0.33750000 0.33749900 2675.62729243 0 12.05122906 0 -29.97721221 0 48.91376646 0 63.04061352 0 122985
0.33850000 0.33849800 2691.78181434 0 -1.20510076 0 -43.61532686 0 47.25402497 0 -46.68225011 0 125380
0.33950000 0.33950300 2700.78361441 0 24.01808700 0 -174.32821811 0 63.81634060 0 -39.11863431 0 125223
0.34050000 0.34050000 2703.07558565 0 42.10650116 0 -154.03375395 0 -9.63893486 0 -50.61812942 0 125178
0.34150000 0.34149900 2662.18549010 0 45.44159612 0 -114.31289589 0 -53.19377362 0 -140.41811612 0 127059
0.34250000 0.34250300 2645.48842427 0 76.60675806 0 -91.64541108 0 -69.34486311 0 -111.22703897 0 127957
0.34350000 0.34349800 2613.92122621 0 79.36432056 0 -49.96585876 0 -61.91998353 0 -138.65429477 0 126732
0.34450000 0.34449700 2567.58354685 0 40.17449120 0 -63.74603134 0 -36.52494222 0 -43.00645972 0 129639
0.34550000 0.34550000 2575.81028419 0 45.11064433 0 -3.21953310 0 40.03630859 0 -141.73240107 0 129826
0.34650000 0.34650400 2596.77019507 0 12.28906259 0 -31.59244296 0 16.09794233 0 -155.33032318 0 130875
0.34750000 0.34750200 2569.43262509 0 14.56542185 0 -5.63967757 0 -2.12128028 0 -124.94897111 0 130686
0.34850000 0.34850200 2603.35822833 0 22.49486727 0 -30.61818910 0 -48.40543603 0 -135.05911091 0 132211
0.34950000 0.34950400 2597.96600615 0 31.96657681 0 -17.84814471 0 1.04917142 0 -5.04262460 0 132768
0.35050000 0.35050300 2606.79064903 0 37.55488987 0 -77.01089792 0 128.11344155 0 -48.80027513 0 132957
0.35150000 0.35150100 2562.89995345 0 29.99271347 0 -157.99432453 0 148.22299788 0 27.97422865 0 133987
0.35250000 0.35249800 2571.60280075 0 34.83873787 0 -181.37464562 0 128.40464369 0 10.11504483 0 134778
0.35350000 0.35349800 2531.16667052 0 47.75515839 0 -213.64825800 0 82.70007986 0 48.99603383 0 135699
0.35450000 0.35450100 2480.52185680 0 82.08235485 0 -252.84096616 0 -2.02697729 0 134.78119555 0 137380
0.35550000 0.35550100 2458.83117248 0 72.82046587 0 -216.56913729 0 -71.53441534 0 218.91425569 0 136161
0.35650000 0.35649900 2429.76631983 0 41.29578554 0 -163.47069639 0 -16.59885431 0 278.57858520 0 138792
0.35750000 0.35750000 2441.77979226 0 44.74857931 0 -117.74088766 0 -51.46604805 0 248.22048502 0 138097
0.35850000 0.35849800 2417.60890718 0 48.72221524 0 -44.88886566 0 6.06020447 0 316.62530775 0 140028
0.35950000 0.35950300 2409.44860379 0 41.72760620 0 -87.81106499 0 6.53026895 0 302.98531080 0 141099
0.36050000 0.36050500 2393.09478003 0 25.30679488 0 -121.69702931 0 83.15271650 0 305.69138699 0 140821
0.36150000 0.36150200 2410.96551229 0 3.90735699 0 -133.12256129 0 -7.93776073 0 243.06963951 0 141756
0.36250000 0.36250400 2393.62625162 0 53.75824074 0 -140.12469951 0 -4.05500645 0 224.31865743 0 142971
0.36350000 0.36349900 2386.72819326 0 48.80282176 0 -199.72480954 0 -29.49002992 0 261.98670646 0 142270
0.36450000 0.36450000 2359.78922697 0 53.42263857 0 -198.22561676 0 -6.26432278 0 225.25316165 0 145311
0.36550000 0.36550300 2356.05785351 0 26.39110765 0 -227.83633503 0 -15.88679310 0 228.25265444 0 145434
0.36650000 0.36650100 2329.39569535 0 45.03324878 0 -247.88167188 0 74.82953921 0 164.35094621 0 144547
0.36750000 0.36749600 2321.43469380 0 41.19270219 0 -254.84616419 0 47.74618981 0 194.95374478 0 146892
0.36850000 0.36849900 2316.45214763 0 15.42662728 0 -260.95255133 0 66.40228206 0 158.78931746 0 148113
0.36950000 0.36949900 2313.18581181 0 8.25095251 0 -301.31892592 0 16.91762654 0 215.36446835 0 147387
0.37050000 0.37049800 2333.10492416 0 25.96914135 0 -310.17457131 0 8.12903515 0 216.27129175 0 149758
0.37150000 0.37150100 2329.36247837 0 62.64666021 0 -262.62668684 0 -58.33996875 0 269.85691495 0 150099
0.37250000 0.37250000 2294.03068988 0 78.49680391 0 -288.32998167 0 -43.90398237 0 322.51910625 0 150468
0.37350000 0.37349800 2285.84824184 0 43.78318331 0 -219.55423606 0 -20.24054194 0 304.92075318 0 150709
0.37450000 0.37449700 2265.95127414 0 47.02261338 0 -223.84586916 0 -13.30151597 0 353.52383020 0 153108
0.37550000 0.37550100 2246.85151382 0 31.44650972 0 -243.21136527 0 57.79986074 0 276.98970659 0 153189
0.37650000 0.37649900 2202.92760127 0 60.19425098 0 -238.89537305 0 -10.89103764 0 305.28171097 0 153547
0.37750000 0.37749900 2195.47592667 0 68.34215337 0 -234.14866740 0 -8.83551590 0 258.05492392 0 155424
0.37850000 0.37850200 2150.75480672 0 44.62479072 0 -264.82011439 0 21.63000798 0 273.07674700 0 155313
0.37950000 0.37949900 2155.87022079 0 26.80908791 0 -291.86648222 0 5.90173736 0 317.81004650 0 156100
0.38050000 0.38050000 2154.69655436 0 9.11954318 0 -309.42718938 0 42.07416997 0 252.56637251 0 157557
0.38150000 0.38149800 2170.00957958 0 5.53311752 0 -347.56470499 0 46.02045726 0 273.34912619 0 157692
0.38250000 0.38250100 2173.77417002 0 12.25019873 0 -378.24279536 0 28.88138423 0 250.67632666 0 159703
0.38350000 0.38350500 2197.33607723 0 22.93355278 0 -399.71424765 0 38.95985717 0 251.85331479 0 160338
0.38450000 0.38450600 2168.76947920 0 51.77385868 0 -394.74388104 0 -10.32658160 0 229.50714884 0 160167
0.38550000 0.38550000 2182.63202988 0 54.50296530 0 -389.00730955 0 -62.11142403 0 280.57603260 0 160033
0.38650000 0.38649600 2133.82522208 0 60.33641963 0 -385.48963196 0 -53.48995831 0 272.90401874 0 162444
0.38750000 0.38750200 2140.72328044 0 48.37775521 0 -303.63968520 0 -50.33977117 0 307.87927837 0 164307
0.38850000 0.38850400 2096.27896862 0 58.15063199 0 -317.50112864 0 2.04406188 0 255.54039895 0 163882
0.38950000 0.38950500 2105.93403586 0 34.92100525 0 -269.60335871 0 -11.61309716 0 237.51354692 0 164595
0.39050000 0.39050100 2083.82260319 0 39.89181475 0 -287.33347244 0 16.09439919 0 280.09106477 0 165006
0.39150000 0.39150100 2089.97881579 0 31.28385727 0 -300.27591292 0 -8.85474853 0 255.58579549 0 166687
0.39250000 0.39250100 2094.59597524 0 29.27168368 0 -347.69092949 0 46.10626778 0 297.58644522 0 167256
0.39350000 0.39350100 2078.75147843 0 14.35272249 0 -358.46873047 0 -3.52085535 0 261.29911509 0 167937
0.39450000 0.39449600 2067.94488940 0 55.23772478 0 -379.27805773 0 23.67971675 0 271.45132972 0 167719
0.39550000 0.39549700 2071.59875659 0 40.89773546 0 -357.11901407 0 -28.89898922 0 229.19490928 0 171636
0.39650000 0.39650400 2050.95994313 0 56.95205283 0 -368.06068546 0 -13.48874899 0 219.58966750 0 171093
0.39750000 0.39750000 2020.54426686 0 47.82236740 0 -366.91912877 0 -23.90913532 0 220.71129400 0 170464
0.39850000 0.39849800 2028.71564257 0 39.47328087 0 -357.45450552 0 -34.39141595 0 175.19075221 0 172113
0.39950000 0.39949500 2023.05768459 0 26.03845411 0 -311.27516039 0 -43.23942144 0 132.85239657 0 173232
