### header ###
fiducial parameters:
Omega_m = 0.31
Omega_nu = 0
Omega_de = 0.69
Omega_k = 0
H_0 = 100
w_de = -1
zeff = 0
beta = 0
fgrowth = 0
b_1 = 2
gamma = 0.55
Lx = 3500 Ly = 3500 Lz = 3500
nx = 700 ny = 700 nz = 700
xoffset = -685.467585 yoffset = -31.7331281 zoffset = 572.489161
bins = 400 dk = 0.001
kx_ny = 0.628318531 ky_ny = 0.628318531 kz_ny = 0.628318531
############################
A(data) = 7.96706624 (not used)
A(ran) = 7.96565282 (used)
Ngal = 473531
weighted Ngal = 0
Nran = 23820508
weighted Nran = 0
SN(data) = 3488.43972
SN(ran) = 69.3837249
SN(data+ran) = 3557.82344
############################
13 columns: k_central k_mean P_0(k) sigma^{lin}_{P_0(k)} P^img_1(k) sigma^{lin}_{P_1(k)} P_2(k) sigma^{lin}_{P_2(k)} P^img_3(k) sigma^{lin}_{P_3(k)} P_4(k) sigma^{lin}_{P_4(k)} N_modes
### header ###
0.00050000 0 0 0 0 0 0 0 0 0 0 0 0
0.00150000 0.00179520 10171.72406255 0 -18324.36540512 0 4544.49178159 0 -38710.39769146 0 5916.45247754 0 3
0.00250000 0.00253879 16756.63493404 0 -11529.83328015 0 -5887.57585442 0 22007.24208629 0 9545.17441803 0 6
0.00350000 0.00331552 32483.10076696 0 -19929.74178057 0 6164.37290256 0 -1596.47422630 0 -9274.83253526 0 7
0.00450000 0.00420575 39110.88368015 0 -15766.10475577 0 8139.62028858 0 330.11472107 0 16331.34693776 0 24
0.00550000 0.00557378 54047.22841401 0 4409.08832138 0 1012.01491735 0 16069.37573255 0 17547.75254234 0 45
0.00650000 0.00659388 54622.54641159 0 -7252.31739459 0 -7642.00786658 0 18843.10382287 0 40036.19786525 0 40
0.00750000 0.00754703 62457.10200676 0 -4197.58477270 0 476.00256565 0 6363.13220538 0 7115.55203843 0 57
0.00850000 0.00846663 67735.72214081 0 -1985.76609460 0 2025.79254882 0 -2223.97609075 0 5870.13694283 0 75
0.00950000 0.00948925 65493.24419529 0 1969.99910406 0 23452.73409137 0 -15345.46713591 0 6801.90629329 0 112
0.01050000 0.01054430 69197.82263311 0 8183.85422623 0 33391.47429508 0 -3317.53425146 0 32464.05636827 0 105
0.01150000 0.01145670 71782.98903177 0 -9693.47713666 0 20486.79044220 0 12384.50603290 0 -1624.28790625 0 144
0.01250000 0.01249090 83696.14619714 0 -8524.17320186 0 42251.65933821 0 11587.40936921 0 5807.82189875 0 169
0.01350000 0.01339930 84345.20587801 0 -3050.41441521 0 13081.17671049 0 11198.54932158 0 2366.31082629 0 180
0.01450000 0.01448870 83461.96652723 0 5357.11184468 0 25012.27104207 0 15757.68978890 0 11378.58532313 0 267
0.01550000 0.01550050 87428.84834000 0 5533.58255764 0 31161.72952310 0 13129.67349320 0 3877.38421127 0 238
0.01650000 0.01653350 84211.89508719 0 -1643.68661933 0 21675.40451148 0 19236.61424692 0 12568.97096438 0 315
0.01750000 0.01747870 81236.31851543 0 -1648.97919059 0 18598.84833737 0 25.24512203 0 1467.10518312 0 297
0.01850000 0.01844180 77673.46583529 0 6606.60155582 0 15635.78349265 0 -8045.59410622 0 589.90910722 0 388
0.01950000 0.01947590 73863.25741869 0 11914.37512110 0 30372.16204028 0 -12048.46097466 0 3724.54183947 0 399
0.02050000 0.02045430 68739.53910886 0 6940.36571515 0 34647.07592952 0 -5994.64523541 0 5645.29124274 0 462
0.02150000 0.02154770 63065.41553230 0 -6013.64534480 0 27118.55939232 0 6626.22171539 0 -7785.32803903 0 571
0.02250000 0.02255340 74568.12161665 0 -5611.22169927 0 21583.94710848 0 3793.44491682 0 -28772.87544348 0 510
0.02350000 0.02348930 74209.93190877 0 -2080.19088065 0 27135.50004930 0 -3911.75270750 0 -23689.34967274 0 555
0.02450000 0.02439640 76626.68824693 0 1280.22648483 0 18016.11188216 0 -1474.99975072 0 -11644.32111878 0 592
0.02550000 0.02547300 72308.81373740 0 2461.65461531 0 16171.79473712 0 -1901.01852044 0 -21260.41377728 0 837
0.02650000 0.02652900 72611.75254444 0 2510.56107403 0 20246.74244013 0 -5892.01585667 0 -23650.37508938 0 723
0.02750000 0.02749970 66479.23472039 0 4548.99821779 0 19359.40632916 0 -1248.42676795 0 -26189.92350979 0 826
0.02850000 0.02848090 64513.12200234 0 4754.20161366 0 19475.22284677 0 3405.04990683 0 -14934.01954565 0 831
0.02950000 0.02946900 61029.10427490 0 2229.95514615 0 18224.05014226 0 6297.05257086 0 -16293.81175662 0 996
0.03050000 0.03053250 55159.44344204 0 4333.49755985 0 12004.06095214 0 9244.91511360 0 -12601.85576909 0 1041
0.03150000 0.03150510 56126.38956846 0 1652.96522753 0 11128.90439847 0 3068.57302791 0 -11626.05178283 0 1036
0.03250000 0.03246190 54315.51084437 0 -854.23871762 0 15926.21057264 0 493.75371680 0 -9144.05730683 0 1059
0.03350000 0.03345080 55508.99673657 0 1093.70652987 0 11349.13293911 0 -1876.65940584 0 -3727.84139227 0 1302
0.03450000 0.03451200 55228.20257917 0 1902.03717432 0 15975.92531108 0 -1080.71758562 0 1312.53552865 0 1339
0.03550000 0.03553350 56097.49080068 0 635.42964902 0 19682.93966036 0 -4326.73236938 0 539.07274228 0 1365
0.03650000 0.03647120 54667.94294334 0 1204.77966352 0 25444.09171000 0 -3235.54368618 0 -1106.45963359 0 1308
0.03750000 0.03744890 52849.64576163 0 3790.00142380 0 28409.03884994 0 -560.68702756 0 1661.32483276 0 1579
0.03850000 0.03847530 50528.77575639 0 306.66685880 0 26524.08627281 0 1545.14292844 0 3158.00419548 0 1662
0.03950000 0.03950240 51029.13411494 0 -399.60684610 0 28145.18534951 0 8033.14881313 0 2405.93867682 0 1683
0.04050000 0.04050350 49888.13104238 0 56.78585723 0 22219.49855307 0 4913.28877665 0 5193.78398128 0 1822
0.04150000 0.04152450 49693.25812557 0 1352.39589800 0 22699.48383396 0 2907.64785900 0 894.18655833 0 1887
0.04250000 0.04250150 47661.15435161 0 161.90728413 0 15748.05686631 0 2544.88528097 0 2692.53473242 0 1920
0.04350000 0.04349210 47670.12293471 0 824.80404932 0 19061.33934504 0 4001.53818946 0 3030.18527777 0 2005
0.04450000 0.04448520 46056.88520863 0 1775.73516512 0 12514.71657277 0 3957.07173299 0 5421.02130353 0 2151
0.04550000 0.04548030 44889.30855651 0 1640.54207908 0 14882.31178874 0 5914.63661627 0 6130.61338419 0 2274
0.04650000 0.04648670 43354.01999715 0 870.20833170 0 9575.77832383 0 2928.92886730 0 6976.39506011 0 2311
0.04750000 0.04749250 43282.49277883 0 1788.95552095 0 9942.07297348 0 518.20030277 0 2837.74827242 0 2568
0.04850000 0.04851840 41043.77942374 0 1840.09858929 0 12107.47646594 0 -3423.67355717 0 5893.56598214 0 2493
0.04950000 0.04949480 40015.71406433 0 2272.88254947 0 12087.43555802 0 -4238.77382102 0 2918.80876242 0 2644
0.05050000 0.05050630 37972.09507255 0 1685.13033112 0 13415.00730378 0 -2167.57366812 0 2668.91746359 0 2829
0.05150000 0.05149060 38122.56796684 0 1177.34244262 0 16717.99252043 0 -1707.67358446 0 4365.47443392 0 2784
0.05250000 0.05249300 36508.33373153 0 385.07552701 0 17691.91421147 0 1535.63180142 0 1602.26505218 0 3055
0.05350000 0.05348950 36069.53749897 0 494.11024566 0 17039.20066341 0 3501.29055415 0 2541.95111489 0 3009
0.05450000 0.05448610 35299.56803108 0 814.22333572 0 15975.37169484 0 2917.60187901 0 -774.23784911 0 3336
0.05550000 0.05550870 34491.50976581 0 -780.47821137 0 14831.48981782 0 2898.64605892 0 1233.04730878 0 3349
0.05650000 0.05647670 35296.91067312 0 -43.28304640 0 14073.81063048 0 1939.51699383 0 -2377.11741532 0 3324
0.05750000 0.05747970 35501.30578927 0 75.03127696 0 12151.54431872 0 -307.67444036 0 1302.67008724 0 3639
0.05850000 0.05849280 35020.32399915 0 374.13053392 0 13065.45400925 0 -1182.10354229 0 1013.05682312 0 3846
0.05950000 0.05951020 34726.79666821 0 868.17656010 0 12387.16339086 0 -80.34167467 0 1542.69594466 0 3787
0.06050000 0.06049470 34594.59310987 0 537.32331496 0 14890.61603236 0 291.00616258 0 2927.41195880 0 3930
0.06150000 0.06148310 35287.60992027 0 527.34272137 0 15329.63371142 0 899.20121424 0 344.70472349 0 4083
0.06250000 0.06249100 33256.94554853 0 1633.25648935 0 16027.52234474 0 1280.80224572 0 3715.59540102 0 4303
0.06350000 0.06350600 32470.25687017 0 1543.63709227 0 15436.92453891 0 2949.78912726 0 3753.23023308 0 4470
0.06450000 0.06451750 30790.91736493 0 1143.10681428 0 13960.87291733 0 1717.48366424 0 3343.03381552 0 4479
0.06550000 0.06550280 30228.44326414 0 697.02277752 0 13061.35724907 0 3267.35447538 0 5329.15422451 0 4636
0.06650000 0.06648880 29728.30635208 0 532.88109824 0 11383.12497631 0 2707.92526392 0 5003.16283720 0 4653
0.06750000 0.06749660 28651.07987047 0 -322.76601909 0 7862.10353933 0 2820.86297707 0 4068.48146531 0 5220
0.06850000 0.06852730 29359.93010536 0 -607.06567453 0 6775.48772627 0 1377.93975136 0 2418.67185036 0 5029
0.06950000 0.06949320 29621.12624784 0 -36.27326828 0 6759.84253131 0 210.11729362 0 2199.98236287 0 5040
0.07050000 0.07048030 29327.48819364 0 399.52048197 0 8429.36088444 0 -425.68217105 0 55.33416473 0 5475
0.07150000 0.07148790 28601.47585529 0 909.36782289 0 8821.73085903 0 -2174.29456929 0 1932.23140410 0 5509
0.07250000 0.07249820 28521.53367010 0 1144.94482020 0 9936.76932990 0 -803.95375445 0 636.55016829 0 5916
0.07350000 0.07351270 27320.85076676 0 509.30147531 0 9748.62838658 0 -102.60280516 0 2176.26544310 0 5721
0.07450000 0.07449140 27074.93443254 0 519.32303650 0 9822.72438426 0 962.36993456 0 1779.13436883 0 6028
0.07550000 0.07549160 26942.84159745 0 125.77053762 0 9035.40458338 0 799.86695936 0 2304.54939845 0 6183
0.07650000 0.07648840 27285.41932734 0 386.79727352 0 10259.09577769 0 1191.88040510 0 2886.51079092 0 6330
0.07750000 0.07749960 26473.59647164 0 79.40772407 0 8122.33638954 0 1314.40675155 0 3082.38021696 0 6583
0.07850000 0.07848650 26408.49120171 0 632.37922353 0 8909.73369669 0 740.57798166 0 2126.57284932 0 6549
0.07950000 0.07947320 26011.99124995 0 420.76052267 0 8402.17832701 0 -516.75536438 0 1664.36972209 0 6828
0.08050000 0.08048110 25490.15258125 0 902.07116083 0 10001.27669429 0 -384.67249438 0 886.41600077 0 7147
0.08150000 0.08149960 24943.95479794 0 800.90443620 0 9248.17037710 0 -856.19076848 0 1179.22473784 0 7386
0.08250000 0.08250610 24320.02929441 0 577.95210365 0 11258.78276859 0 -271.77574884 0 69.69707376 0 7227
0.08350000 0.08350160 23585.82343569 0 809.93059539 0 9013.66960977 0 802.28515510 0 -697.48117177 0 7798
0.08450000 0.08449610 22767.57863159 0 506.31416207 0 9472.49567792 0 267.55719308 0 -1270.27246482 0 7371
0.08550000 0.08548940 22589.20347876 0 458.21709029 0 8761.66349689 0 847.70715321 0 -976.27566730 0 8256
0.08650000 0.08650700 22507.15755186 0 164.63439773 0 8269.53187568 0 557.16713550 0 -2434.75993832 0 8037
0.08750000 0.08749060 21552.61242924 0 802.80776884 0 7224.29334047 0 -862.25397355 0 -1273.76024714 0 8155
0.08850000 0.08849210 21279.34745272 0 585.94410771 0 8233.94542371 0 870.41649141 0 -1534.70172614 0 8718
0.08950000 0.08949900 20722.29879109 0 170.47947800 0 7867.23002572 0 241.04894023 0 -362.46694696 0 8571
0.09050000 0.09049190 20817.96367752 0 428.20001771 0 8009.55368894 0 534.39911398 0 -2114.73653409 0 8932
0.09150000 0.09150830 20366.21282492 0 -12.53154651 0 7820.40516406 0 1219.49478320 0 357.76785231 0 9285
0.09250000 0.09250820 20319.93050718 0 175.02577457 0 7317.72161729 0 1617.85488553 0 542.40661929 0 9204
0.09350000 0.09350330 20125.50048336 0 389.84880624 0 6839.14252166 0 1003.76492813 0 1354.56607366 0 9349
0.09450000 0.09448040 19913.46546309 0 150.73752285 0 6067.03609508 0 1356.20477774 0 189.79736311 0 9564
0.09550000 0.09549270 19355.53101548 0 200.11566261 0 6348.50566429 0 199.59526334 0 1457.48333285 0 10155
0.09650000 0.09649430 19026.68296836 0 745.00580435 0 5665.93005620 0 -156.65457323 0 308.41628613 0 9913
0.09750000 0.09749140 18469.52358349 0 784.43878196 0 6353.16711304 0 -569.82169554 0 -43.94937890 0 10476
0.09850000 0.09850240 17954.77120267 0 697.24643848 0 6099.97626141 0 -1032.25291266 0 298.24192685 0 10575
0.09950000 0.09950330 17006.09441221 0 628.36329132 0 6800.25651689 0 -89.67187990 0 317.92187698 0 10882
0.10050000 0.10051200 16752.09528087 0 531.42508753 0 6805.83696860 0 316.24663424 0 78.19187208 0 10875
0.10150000 0.10150300 16557.22236406 0 182.74318497 0 7007.06539986 0 634.07439646 0 531.00101749 0 11118
0.10250000 0.10250800 16467.42580978 0 258.36273455 0 7251.22123443 0 377.49098451 0 605.01397274 0 11575
0.10350000 0.10349800 16204.12592559 0 117.48843865 0 7236.63898265 0 26.39332212 0 1640.24312631 0 11364
0.10450000 0.10450100 16466.76147029 0 -6.85268397 0 7228.64476413 0 370.14892592 0 1393.41886145 0 12093
0.10550000 0.10551000 16234.68554209 0 -49.96552659 0 7504.07991632 0 738.66579116 0 2367.60628830 0 12067
0.10650000 0.10649700 16603.72612830 0 -204.94651793 0 7613.66271505 0 140.50890918 0 1002.35763565 0 12054
0.10750000 0.10749900 16547.36799497 0 171.62324915 0 6868.43989313 0 210.09514897 0 1500.65432732 0 12807
0.10850000 0.10850100 16295.69405184 0 339.34018211 0 6618.59288359 0 210.11065022 0 889.40774294 0 12736
0.10950000 0.10950300 16000.94876517 0 596.40524019 0 7127.23334111 0 -24.12991748 0 767.38186558 0 12933
0.11050000 0.11050200 15293.64865576 0 382.22551060 0 6352.48062890 0 327.44961249 0 842.92390889 0 13428
0.11150000 0.11150900 15224.11445589 0 400.75283172 0 6381.84443432 0 505.73507949 0 200.19870505 0 13453
0.11250000 0.11250000 14978.30884492 0 -74.71095461 0 5809.23915633 0 540.82327684 0 597.52686670 0 13668
0.11350000 0.11349100 15047.51087504 0 -139.73827537 0 5492.73675138 0 242.65774903 0 -266.42449425 0 13791
0.11450000 0.11448600 14948.96718415 0 273.96917638 0 5315.10344432 0 245.17338123 0 150.64230086 0 14205
0.11550000 0.11549300 14868.69282922 0 326.06114296 0 5367.37588979 0 335.03526222 0 117.00679252 0 14776
0.11650000 0.11649800 14475.07168191 0 -11.86189230 0 4504.09994065 0 144.44954958 0 141.16106911 0 14553
0.11750000 0.11747300 14718.88427442 0 -165.14261744 0 4432.65022860 0 776.68040396 0 -561.45766137 0 14568
0.11850000 0.11849100 14557.78194831 0 62.05805542 0 4392.03694116 0 556.22598789 0 -149.95913841 0 16015
0.11950000 0.11950300 14534.19789644 0 314.77180057 0 4143.69576781 0 93.77417625 0 -162.67459624 0 15270
0.12050000 0.12050700 14260.93291992 0 370.24525515 0 3619.49869392 0 379.07986312 0 304.54872307 0 15999
0.12150000 0.12150000 14114.66750907 0 123.01020704 0 3710.15888953 0 -367.52921387 0 -48.04691415 0 15670
0.12250000 0.12250700 14029.29988471 0 184.23684159 0 4171.03333778 0 -2.01630357 0 8.03602762 0 16887
0.12350000 0.12352200 13945.48238584 0 157.85259878 0 4586.06836128 0 -209.25697398 0 115.09681649 0 16407
0.12450000 0.12449800 13701.55907008 0 204.07069704 0 4302.79400312 0 -71.62919444 0 11.73577852 0 16306
0.12550000 0.12549900 13590.50365215 0 303.87220402 0 4632.46140227 0 57.15312625 0 -19.98288894 0 17523
0.12650000 0.12650100 13485.31656637 0 204.91330095 0 4632.68284877 0 -93.31832863 0 -36.26529620 0 17154
0.12750000 0.12750600 13261.43415854 0 351.37579919 0 5068.38990271 0 36.74129545 0 124.50386366 0 18007
0.12850000 0.12850300 13043.64152936 0 184.09290136 0 4783.84222720 0 169.82399637 0 337.12350268 0 17496
0.12950000 0.12949900 12675.59745239 0 243.09842756 0 4655.95687554 0 274.42646340 0 415.52331303 0 18405
0.13050000 0.13049000 12637.84082475 0 220.08570765 0 4369.36081993 0 466.41725406 0 129.73110820 0 18100
0.13150000 0.13148800 12465.55545058 0 100.48954125 0 4377.93079934 0 280.62475083 0 244.58876248 0 19059
0.13250000 0.13249300 12259.72093220 0 126.22561017 0 4203.77420227 0 137.89916222 0 -257.55888377 0 18957
0.13350000 0.13349100 12207.23811256 0 199.47346777 0 4025.53191734 0 -42.14901889 0 -614.75318965 0 19468
0.13450000 0.13450700 11772.53864018 0 191.00535375 0 3986.09229634 0 -2.50488097 0 -659.73561646 0 19953
0.13550000 0.13551000 11855.13818332 0 122.60163825 0 3903.86921223 0 -194.49313607 0 -765.11978962 0 19956
0.13650000 0.13649900 11820.59252989 0 122.79318947 0 3974.45528295 0 -69.19771191 0 -1124.97034622 0 19723
0.13750000 0.13749600 11658.38297130 0 213.63164952 0 3964.91093896 0 2.91668288 0 -1060.76193460 0 20946
0.13850000 0.13851100 11541.23777472 0 299.42777284 0 3868.69243628 0 -36.96484568 0 -792.53154417 0 20955
0.13950000 0.13949800 11378.69604638 0 62.34560370 0 3989.43613843 0 425.68327828 0 -478.68981888 0 20506
0.14050000 0.14048300 11225.23362439 0 -7.69837707 0 3931.78254310 0 290.55219726 0 -548.88503654 0 21447
0.14150000 0.14148400 11424.20330138 0 -11.56858642 0 4011.09360578 0 718.02365600 0 -502.70569142 0 21771
0.14250000 0.14249400 11134.21911438 0 242.60681633 0 3702.98402305 0 368.92986296 0 -428.32845668 0 22470
0.14350000 0.14350900 11062.52581118 0 275.17495256 0 3423.50747230 0 544.25237583 0 173.80228268 0 22519
0.14450000 0.14449900 10869.95593794 0 15.54864430 0 3355.84449533 0 124.80060196 0 -45.45576869 0 22218
0.14550000 0.14550500 10676.94317170 0 236.79384580 0 3327.45505450 0 68.56725373 0 40.48019809 0 23559
0.14650000 0.14650700 10438.26813791 0 333.03006420 0 3005.64900597 0 -15.33494843 0 -150.06100380 0 23044
0.14750000 0.14750500 10221.04019729 0 260.61705988 0 3201.47414271 0 10.45218605 0 83.88736525 0 23649
0.14850000 0.14849900 9956.83238247 0 118.83372612 0 3017.75105700 0 16.81664693 0 47.34072127 0 23640
0.14950000 0.14949500 10126.85900238 0 -29.62954121 0 3154.35032828 0 199.10365212 0 -380.98319575 0 24457
0.15050000 0.15050000 10088.68162641 0 73.30144766 0 2829.12293139 0 121.04929831 0 -57.62978983 0 24591
0.15150000 0.15149900 10005.20736960 0 49.72813595 0 2963.82883513 0 134.51213806 0 -230.70185269 0 25020
0.15250000 0.15250500 9755.51537261 0 154.13119041 0 2942.00528291 0 563.21041039 0 429.84425795 0 25297
0.15350000 0.15350100 9824.57346251 0 55.99717554 0 2960.24140189 0 455.12237551 0 269.06635095 0 25452
0.15450000 0.15450400 9666.17278365 0 114.32064652 0 2553.38882643 0 598.14802412 0 356.78241540 0 26061
0.15550000 0.15549900 9490.22246996 0 163.41090584 0 2388.57727150 0 460.91873755 0 593.35481471 0 26128
0.15650000 0.15649500 9381.22650444 0 169.24934271 0 1974.94843325 0 160.26193666 0 765.97900202 0 26331
0.15750000 0.15749700 9229.87889650 0 214.79202916 0 2164.86094854 0 -114.66167412 0 737.12452355 0 27345
0.15850000 0.15849900 9051.18264625 0 303.61421885 0 2230.38696682 0 -311.29176888 0 288.56914389 0 26980
0.15950000 0.15949700 8810.83569141 0 345.60268903 0 2326.79369901 0 -313.93584005 0 745.88937587 0 27777
0.16050000 0.16050000 8732.67615052 0 119.10389084 0 2613.26795905 0 -597.91218360 0 676.75045801 0 28224
0.16150000 0.16150500 8875.07732001 0 -94.08519785 0 2947.22034790 0 -35.51913223 0 516.33683050 0 28075
0.16250000 0.16249700 8788.66889713 0 -16.14920719 0 2904.19329366 0 56.89768772 0 380.20924025 0 28590
0.16350000 0.16349900 8849.43381573 0 142.67797761 0 3055.41910603 0 151.18484477 0 433.58559650 0 29163
0.16450000 0.16449100 8741.42328712 0 111.31229587 0 2871.90639449 0 194.07017326 0 432.53261841 0 28996
0.16550000 0.16550500 8638.04099029 0 92.97586163 0 2840.78208942 0 357.84978751 0 461.88424427 0 30777
0.16650000 0.16650700 8422.73963419 0 164.03206326 0 2721.02382418 0 522.02689822 0 928.34468040 0 29211
0.16750000 0.16749900 8277.91362557 0 102.86743373 0 2566.01127672 0 363.57971560 0 682.45934868 0 30922
0.16850000 0.16850800 8288.83093784 0 11.37404567 0 2444.44822254 0 403.11345137 0 786.32661334 0 30867
0.16950000 0.16949900 8218.84277266 0 90.81919420 0 2384.41407737 0 -4.04020275 0 814.61861772 0 30852
0.17050000 0.17049200 8231.87489897 0 67.98163848 0 2321.84436982 0 -150.74305901 0 830.17301963 0 31257
0.17150000 0.17149500 8214.66850620 0 79.67301697 0 2532.86073621 0 -430.15981920 0 1057.75026225 0 32608
0.17250000 0.17250900 8134.68203171 0 98.41004793 0 2354.54094501 0 -207.01482820 0 775.06827347 0 32361
0.17350000 0.17350400 8096.42714946 0 161.78548855 0 2623.31055766 0 -2.78119084 0 809.25075465 0 32508
0.17450000 0.17449800 8018.43369344 0 117.79292758 0 2435.41320549 0 84.73240508 0 600.56179093 0 32791
0.17550000 0.17549800 7842.23978860 0 125.82922094 0 2472.94838662 0 285.00053360 0 704.76454703 0 33633
0.17650000 0.17650100 7780.10190172 0 87.15093299 0 2272.84933250 0 324.99709254 0 474.38600623 0 33984
0.17750000 0.17750300 7755.32203878 0 -78.88677119 0 2308.57972469 0 314.24475791 0 743.40474618 0 34069
0.17850000 0.17849800 7791.25173281 0 51.46161912 0 2164.32947695 0 274.74202465 0 874.22426392 0 34536
0.17950000 0.17950400 7858.43859981 0 56.50284861 0 2261.30089771 0 44.54462708 0 1099.61472239 0 35343
0.18050000 0.18050100 7790.79776749 0 59.96416807 0 2150.23440746 0 81.03956330 0 1179.20259319 0 34990
0.18150000 0.18150500 7717.60970044 0 149.12871405 0 2443.04203729 0 45.18305733 0 1101.78046912 0 36243
0.18250000 0.18250200 7664.14144389 0 100.97351257 0 2096.01323282 0 -151.45168780 0 1215.05478095 0 35694
0.18350000 0.18350400 7533.51015568 0 100.75095884 0 2260.50369033 0 160.83548308 0 985.22099853 0 37087
0.18450000 0.18450600 7476.36588729 0 82.35561983 0 2176.14364753 0 75.10933685 0 1041.95559090 0 36651
0.18550000 0.18550700 7252.09594809 0 136.99233882 0 1956.49086778 0 249.18156281 0 819.00768728 0 37818
0.18650000 0.18651000 7230.44955307 0 85.61951974 0 1834.06417226 0 116.23948041 0 695.67527559 0 37267
0.18750000 0.18750100 7174.66718064 0 83.88858320 0 1682.43975619 0 68.85081597 0 481.51658341 0 38334
0.18850000 0.18850000 7063.91071548 0 58.99290374 0 1671.63316717 0 -70.89986040 0 366.96452530 0 38223
0.18950000 0.18949500 7062.58203650 0 27.78400611 0 1594.66943736 0 -65.46678134 0 711.25071491 0 39064
0.19050000 0.19050000 7091.35900870 0 53.83109663 0 1678.54229786 0 12.29260574 0 284.85105721 0 39609
0.19150000 0.19149800 7024.71468562 0 51.79168513 0 1567.28757808 0 65.88575811 0 474.84440048 0 39576
0.19250000 0.19250400 6980.30359077 0 102.17319896 0 1566.91111904 0 -38.42772124 0 167.02491266 0 40909
0.19350000 0.19350500 6963.70617587 0 58.23079562 0 1537.11549295 0 50.25827886 0 316.45147225 0 40191
0.19450000 0.19450100 6921.01129137 0 36.60577019 0 1585.04758709 0 42.11126226 0 316.70281402 0 41232
0.19550000 0.19549800 6876.42303932 0 54.51591992 0 1283.60354390 0 197.30329211 0 161.73123416 0 40873
0.19650000 0.19649700 6897.92549412 0 100.31935962 0 1349.00776660 0 62.05584096 0 -42.75323565 0 42816
0.19750000 0.19750200 6719.17388225 0 182.85058652 0 1281.05690919 0 -68.50458438 0 -103.00118741 0 41727
0.19850000 0.19849000 6620.97343343 0 116.64694196 0 1335.13414361 0 -59.67241231 0 -194.93824352 0 42610
0.19950000 0.19949900 6503.39641618 0 91.04540180 0 1402.01098551 0 -199.74252526 0 -218.30527782 0 43863
0.20050000 0.20050100 6503.31890991 0 79.78495818 0 1408.39971693 0 -30.21781383 0 -142.02360322 0 43302
0.20150000 0.20150100 6371.70218479 0 120.85442540 0 1326.24306678 0 68.29542816 0 -298.09466493 0 44487
0.20250000 0.20249700 6360.61878764 0 27.80869740 0 1283.02778301 0 202.45303038 0 -80.46601688 0 43759
0.20350000 0.20349100 6374.73600179 0 16.59663984 0 1414.58914651 0 184.16044255 0 -54.47860619 0 45282
0.20450000 0.20449700 6468.41894208 0 -5.19510159 0 1351.64297991 0 46.24267882 0 -56.14011925 0 45483
0.20550000 0.20549900 6367.47255671 0 49.67698181 0 1597.04998719 0 23.18721974 0 198.05067403 0 46138
0.20650000 0.20650200 6388.16673179 0 216.07863330 0 1720.92715726 0 -192.88432727 0 428.01068096 0 46227
0.20750000 0.20749300 6309.01068166 0 56.27376221 0 1729.31997948 0 25.47863736 0 472.24018968 0 46236
0.20850000 0.20850300 6205.78339738 0 62.03424992 0 1868.86448916 0 10.80382094 0 642.82706923 0 48361
0.20950000 0.20950400 6277.22203711 0 54.86658045 0 1751.69714793 0 87.81715477 0 579.55648352 0 46812
0.21050000 0.21050300 6184.45809978 0 40.28399649 0 1794.49168336 0 90.81775480 0 476.74773311 0 48813
0.21150000 0.21149700 6070.97784271 0 89.86420618 0 1560.69954481 0 57.13784644 0 513.10592612 0 47215
0.21250000 0.21249000 6083.16847234 0 80.24711702 0 1523.13114670 0 62.75771563 0 288.74408662 0 50004
0.21350000 0.21350300 6048.17992591 0 64.49706713 0 1437.30955703 0 186.81558604 0 472.16489787 0 49509
0.21450000 0.21449800 5986.41849807 0 17.88523700 0 1251.03983661 0 126.15142559 0 226.63720225 0 49660
0.21550000 0.21550100 5981.15914378 0 82.90525004 0 1416.89219007 0 109.11056408 0 145.94431343 0 50841
0.21650000 0.21649800 5864.83329924 0 101.04293604 0 1319.69932281 0 -55.77882929 0 252.50326026 0 50424
0.21750000 0.21750300 5812.92624049 0 169.38331784 0 1337.64756134 0 -75.30321326 0 235.04995465 0 52231
0.21850000 0.21850300 5653.58441402 0 166.26645841 0 1279.05281840 0 -17.33416740 0 393.35984044 0 51078
0.21950000 0.21950100 5615.77242477 0 97.71370942 0 1336.52925653 0 -8.83249316 0 205.01405911 0 52791
0.22050000 0.22050700 5480.91150848 0 40.45362451 0 1153.88018633 0 241.09655123 0 448.56755922 0 52969
0.22150000 0.22150000 5491.50772333 0 -49.66945263 0 1092.52732727 0 284.96620939 0 176.51168056 0 52704
0.22250000 0.22250100 5515.61217446 0 -24.64300901 0 961.40996400 0 231.44591292 0 240.74334407 0 54051
0.22350000 0.22349900 5503.21117066 0 53.48110045 0 887.86315363 0 154.77449248 0 208.10766666 0 53938
0.22450000 0.22449800 5415.49621345 0 142.05792742 0 728.22901779 0 14.33677834 0 266.53300303 0 54735
0.22550000 0.22549100 5323.57377281 0 134.21097082 0 876.72328763 0 -124.18719517 0 402.93518694 0 54774
0.22650000 0.22649900 5263.22960254 0 54.46454434 0 808.68274438 0 -8.51927923 0 223.36643750 0 56911
0.22750000 0.22749800 5283.01584699 0 23.29362478 0 890.51940435 0 119.78816052 0 404.43548695 0 54879
0.22850000 0.22849100 5249.21203932 0 23.70363297 0 815.59408954 0 34.33583288 0 248.22269948 0 57210
0.22950000 0.22949800 5205.62029651 0 63.67251110 0 713.55043678 0 116.44764012 0 200.01379722 0 57375
0.23050000 0.23049600 5216.41581321 0 97.56999064 0 725.69677710 0 -59.44620472 0 115.71133052 0 57604
0.23150000 0.23150100 5126.96250100 0 113.78363877 0 756.71368062 0 -116.09996912 0 276.04413005 0 58629
0.23250000 0.23250200 5035.02898803 0 90.79317424 0 753.31447690 0 -88.95439325 0 310.49566873 0 58560
0.23350000 0.23350400 5019.23985284 0 88.11190006 0 835.84204993 0 26.40849120 0 280.12538898 0 59305
0.23450000 0.23449700 5004.17041876 0 8.18419747 0 843.08335036 0 27.94688001 0 84.29305523 0 59196
0.23550000 0.23549300 4984.78277800 0 73.45557442 0 954.59162638 0 -9.72580833 0 165.51021862 0 60063
0.23650000 0.23649900 5003.20712650 0 49.14938553 0 949.55371859 0 -85.05261671 0 281.21490574 0 61537
0.23750000 0.23750400 4944.53487729 0 31.19151408 0 926.69047507 0 11.99719611 0 247.38895342 0 61224
0.23850000 0.23850100 4955.83972093 0 48.16915261 0 897.38535297 0 90.51094068 0 392.05773504 0 61221
0.23950000 0.23949400 4921.73696049 0 39.69240218 0 968.87824709 0 102.55707646 0 334.37645890 0 62332
0.24050000 0.24050100 4891.46522443 0 106.37647491 0 895.90719761 0 67.46024270 0 329.10160335 0 63447
0.24150000 0.24150500 4818.93042455 0 61.44630947 0 904.62997510 0 -13.55750812 0 523.96012614 0 63342
0.24250000 0.24250300 4835.61641805 0 42.33138008 0 990.08839252 0 -31.44352019 0 342.06175955 0 63379
0.24350000 0.24349600 4794.70417784 0 38.00874447 0 1095.85456088 0 -137.96006001 0 390.80766957 0 64266
0.24450000 0.24449500 4822.61750871 0 34.06566815 0 1126.05543406 0 -84.30357394 0 303.73158550 0 64695
0.24550000 0.24549600 4794.85919039 0 28.95446157 0 1198.21377490 0 10.81523651 0 436.89179269 0 65947
0.24650000 0.24650000 4802.18906942 0 13.51831209 0 1076.21668558 0 70.91248285 0 439.70084150 0 66018
0.24750000 0.24750000 4841.76155832 0 13.38289756 0 1016.20579230 0 203.26131009 0 421.09158518 0 66303
0.24850000 0.24849600 4778.46107733 0 10.18437973 0 935.55719278 0 281.80506066 0 516.45862607 0 66958
0.24950000 0.24949200 4762.48371262 0 101.15144483 0 763.26074628 0 232.08367883 0 438.60246688 0 66975
0.25050000 0.25048900 4656.97552942 0 102.81937984 0 625.22650170 0 142.82302507 0 487.96953432 0 68676
0.25150000 0.25150000 4570.89927628 0 111.84155299 0 561.24396550 0 -80.85288391 0 385.62360709 0 69349
0.25250000 0.25249900 4501.76368012 0 111.22150280 0 599.60957100 0 -102.26000599 0 334.91346665 0 68592
0.25350000 0.25349900 4443.96614456 0 84.03949899 0 613.70796219 0 -114.31511036 0 288.45177725 0 70437
0.25450000 0.25450100 4365.71802507 0 93.57343500 0 627.27709625 0 -76.58273112 0 239.13674974 0 70099
0.25550000 0.25550100 4400.91694567 0 57.64429458 0 626.91170953 0 -29.53431922 0 137.61128178 0 71064
0.25650000 0.25650300 4263.88585371 0 43.97351657 0 604.61426181 0 73.46465373 0 82.83128691 0 71409
0.25750000 0.25750600 4284.51359485 0 38.22066876 0 577.28887139 0 74.87936467 0 -73.78054715 0 72612
0.25850000 0.25850600 4261.74889502 0 21.31732553 0 544.71852071 0 40.44664895 0 -90.26613157 0 71845
0.25950000 0.25949600 4260.55308394 0 26.83532932 0 417.14983754 0 -15.82124493 0 -78.86196918 0 72816
0.26050000 0.26049800 4271.24894972 0 18.50274056 0 447.68509493 0 -67.23215281 0 -37.77068948 0 73743
0.26150000 0.26149900 4298.24327762 0 -11.14839169 0 413.40296282 0 7.96183197 0 -81.05583962 0 74662
0.26250000 0.26250300 4326.28947639 0 12.20037327 0 490.40655301 0 -28.69470483 0 -123.88602793 0 74931
0.26350000 0.26350100 4262.54610241 0 92.33643487 0 443.00039430 0 -38.43491825 0 -223.06084133 0 75087
0.26450000 0.26450200 4269.84276446 0 69.49943276 0 514.92843078 0 -37.93788159 0 -88.07657934 0 76678
0.26550000 0.26550600 4264.51697623 0 57.35752137 0 549.83061308 0 3.78129858 0 -72.11914481 0 76035
0.26650000 0.26650100 4210.27365694 0 49.38744051 0 583.30778717 0 43.43673026 0 62.04000753 0 77094
0.26750000 0.26750600 4156.00819300 0 77.29988560 0 515.02033108 0 115.38469694 0 21.76165792 0 78463
0.26850000 0.26850100 4130.67471382 0 31.40653862 0 519.79582477 0 97.32916758 0 196.25363571 0 77076
0.26950000 0.26949700 4132.26912859 0 -6.91938366 0 505.67528893 0 260.36682534 0 200.74014173 0 79149
0.27050000 0.27049900 4115.33954394 0 53.68139880 0 391.72777976 0 124.28130993 0 201.96584809 0 79648
0.27150000 0.27150200 4087.76945515 0 101.90336641 0 404.94038496 0 43.96299786 0 99.53333528 0 80241
0.27250000 0.27250500 3993.36681374 0 103.91255047 0 345.63590600 0 -84.06983716 0 240.60715447 0 80835
0.27350000 0.27350000 3927.94044639 0 110.14726585 0 451.42532625 0 -99.89628609 0 219.52323355 0 80680
0.27450000 0.27450400 3873.55318688 0 99.87547012 0 489.50526577 0 -138.98203559 0 175.60707162 0 82617
0.27550000 0.27550800 3809.03475016 0 103.10205629 0 569.90584521 0 -28.87784108 0 271.40593319 0 82548
0.27650000 0.27649900 3765.08869296 0 51.67177185 0 509.05899140 0 47.55430642 0 286.52297826 0 81181
0.27750000 0.27748900 3696.44027908 0 20.94917073 0 485.00990189 0 188.15533734 0 318.18207662 0 84096
0.27850000 0.27849800 3724.65256272 0 10.53595926 0 445.70425602 0 165.15479699 0 319.56279552 0 85215
0.27950000 0.27950200 3711.47649618 0 -20.03526104 0 288.37759267 0 221.71001770 0 271.15569865 0 84514
0.28050000 0.28050300 3705.27599429 0 54.04346382 0 211.18466573 0 66.60269114 0 294.54266313 0 85815
0.28150000 0.28150100 3688.59000078 0 45.03645975 0 205.02180974 0 -41.87298583 0 291.63285617 0 85485
0.28250000 0.28250000 3653.63467133 0 72.05614329 0 248.50725823 0 -112.06078502 0 212.06823725 0 87220
0.28350000 0.28350400 3622.66537881 0 91.63024199 0 292.24626296 0 -182.66567870 0 189.41204621 0 87147
0.28450000 0.28449700 3583.21468549 0 67.58912456 0 362.60424379 0 -199.79235073 0 72.54177545 0 87102
0.28550000 0.28549800 3575.70764926 0 38.00210107 0 498.78719566 0 -132.82250129 0 93.27570018 0 88971
0.28650000 0.28649900 3587.58825379 0 53.20462450 0 503.28477400 0 -5.94188561 0 -30.16533101 0 89434
0.28750000 0.28750100 3579.49438435 0 22.04998126 0 508.01376393 0 56.81243081 0 -81.78439859 0 89619
0.28850000 0.28849900 3531.61765183 0 42.53599664 0 432.80721207 0 97.51540408 0 -54.94098647 0 90240
0.28950000 0.28950100 3556.78504614 0 10.65755553 0 370.30504570 0 76.29119680 0 -31.61790931 0 91333
0.29050000 0.29050500 3523.35769752 0 47.32366989 0 308.95329388 0 80.01005854 0 22.99400767 0 92139
0.29150000 0.29150600 3550.45167635 0 52.27377415 0 296.11271879 0 42.74825311 0 41.99644225 0 92370
0.29250000 0.29250200 3466.42380330 0 67.54140284 0 258.18557735 0 77.23367309 0 219.91851555 0 91819
0.29350000 0.29349600 3439.03087170 0 66.03545594 0 265.97606510 0 70.74960896 0 171.66089506 0 93552
0.29450000 0.29450000 3415.63504936 0 47.59427751 0 249.61891964 0 102.08561687 0 208.07666415 0 94701
0.29550000 0.29550200 3389.98047275 0 33.96247409 0 210.09072004 0 6.82288835 0 218.52450985 0 95020
0.29650000 0.29650300 3362.54325185 0 15.13808249 0 141.26072004 0 89.34491415 0 297.12915821 0 95151
0.29750000 0.29749800 3369.85098623 0 15.51177345 0 137.17503218 0 94.99622874 0 278.73913391 0 95802
0.29850000 0.29850000 3375.96290953 0 23.68303845 0 11.29820024 0 85.48576606 0 139.49136253 0 97399
0.29950000 0.29950700 3338.32807747 0 46.52070490 0 -59.79243632 0 30.21172405 0 236.72298293 0 97881
0.30050000 0.30050300 3356.77457062 0 39.86369104 0 -64.96974468 0 -6.42928935 0 245.66499245 0 97188
0.30150000 0.30149700 3316.46023595 0 10.95346341 0 -60.59728361 0 -10.37169025 0 247.81191623 0 98263
0.30250000 0.30249700 3311.74342558 0 75.53086026 0 51.94857997 0 -48.15863391 0 215.46744097 0 100050
0.30350000 0.30350600 3318.67470092 0 65.02687787 0 59.74117145 0 -103.33114269 0 229.92678995 0 100779
0.30450000 0.30450500 3232.21091641 0 71.69463188 0 142.90385304 0 -7.99199298 0 345.91160689 0 99982
0.30550000 0.30550300 3263.52345100 0 39.33908429 0 89.58440854 0 -29.88796928 0 320.13744918 0 101559
0.30650000 0.30649700 3220.91714509 0 47.56526802 0 171.55349351 0 37.75496678 0 260.18634645 0 100935
0.30750000 0.30749800 3218.17120854 0 52.48038373 0 136.45422383 0 -13.39640580 0 142.01253089 0 103762
0.30850000 0.30850200 3143.90912598 0 63.83815308 0 121.53205167 0 -4.60137031 0 267.51401101 0 102951
0.30950000 0.30950100 3165.92090772 0 4.71942344 0 17.61252564 0 34.80707102 0 249.29007159 0 104394
0.31050000 0.31050000 3173.57188417 0 -7.78269283 0 111.97442089 0 23.66986238 0 248.36442524 0 103963
0.31150000 0.31149700 3236.62877401 0 6.44098172 0 64.29953686 0 -1.32601055 0 203.74295622 0 105936
0.31250000 0.31250000 3206.92172652 0 49.51045404 0 58.41647851 0 24.02229448 0 341.73512597 0 105717
0.31350000 0.31349800 3218.47016131 0 60.57967861 0 86.82097771 0 -32.23607720 0 359.10096022 0 106776
0.31450000 0.31450400 3164.61437339 0 41.98891307 0 63.14004300 0 61.33337176 0 314.05652839 0 108733
0.31550000 0.31549900 3144.34094665 0 73.03039715 0 82.29350409 0 36.14217195 0 259.73238113 0 105891
0.31650000 0.31650000 3070.90928845 0 97.46546790 0 33.15186919 0 -71.32570202 0 264.45583490 0 111072
0.31750000 0.31750600 3012.84601710 0 125.19588396 0 16.50828269 0 -16.62908175 0 129.80086385 0 108121
0.31850000 0.31849900 2919.83848863 0 70.29187905 0 18.25726712 0 -21.67950127 0 229.33995674 0 110484
0.31950000 0.31950100 2892.20196588 0 24.40916151 0 -55.81381784 0 61.50355339 0 122.17646098 0 110817
0.32050000 0.32049800 2899.25503679 0 -8.19886830 0 -105.64636581 0 148.35032962 0 149.66572181 0 111088
0.32150000 0.32149900 2898.84536077 0 19.72280003 0 -72.33206562 0 93.41056110 0 76.42849363 0 112635
0.32250000 0.32250100 2883.36625067 0 67.89483145 0 -117.60801976 0 -8.65893447 0 101.55182009 0 113202
0.32350000 0.32350400 2829.73190925 0 83.94438772 0 -56.23633775 0 -9.76893503 0 136.21506162 0 113863
0.32450000 0.32450300 2816.19045600 0 61.81988971 0 -83.05229051 0 -68.49672303 0 187.33266361 0 114045
0.32550000 0.32549900 2816.37868552 0 -7.69081467 0 -86.45149423 0 5.05990850 0 206.12793499 0 114828
0.32650000 0.32650300 2880.39886762 0 -26.38977897 0 -101.67893038 0 -53.07419251 0 145.52910125 0 116431
0.32750000 0.32750400 2872.68145722 0 -3.26559398 0 -96.04533151 0 21.84027143 0 160.27743791 0 116442
0.32850000 0.32850400 2928.08737062 0 39.69184856 0 -39.17288870 0 3.22895565 0 139.04625507 0 116955
0.32950000 0.32949800 2903.18571210 0 72.78348430 0 -44.40201554 0 -23.56312517 0 229.46175231 0 117028
0.33050000 0.33049700 2869.64764022 0 100.79912345 0 -2.34974663 0 -3.82443635 0 201.95145406 0 119061
0.33150000 0.33150100 2825.75694464 0 61.81247126 0 -16.57493808 0 -35.56486093 0 258.87095426 0 120060
0.33250000 0.33250400 2786.48340851 0 40.68636478 0 65.34387853 0 -25.26505222 0 211.62312979 0 119737
0.33350000 0.33350100 2784.91113839 0 11.63291662 0 -8.68347074 0 -16.47296197 0 206.26523181 0 120531
0.33450000 0.33450000 2753.12249383 0 40.84259528 0 5.40889711 0 42.34167734 0 85.06014589 0 121704
0.33550000 0.33550300 2754.82763185 0 51.84394650 0 -88.42746132 0 -0.43616434 0 43.17021941 0 122761
0.33650000 0.33650300 2717.41424629 0 52.10713566 0 -111.00116354 0 -33.25517398 0 -40.73995483 0 122472
0.33750000 0.33749900 2681.65063713 0 81.46462985 0 -116.39560019 0 -43.73457580 0 2.58223223 0 122985
0.33850000 0.33849800 2613.83264761 0 101.84512598 0 -127.08482257 0 -60.57192798 0 2.40603833 0 125380
0.33950000 0.33950300 2608.94975237 0 46.73273992 0 -97.28022790 0 16.71599950 0 62.63370559 0 125223
0.34050000 0.34050000 2603.86755528 0 -43.67965707 0 -146.91535632 0 110.09511520 0 115.93056255 0 125178
0.34150000 0.34149900 2644.95695268 0 -15.36584021 0 -89.29973906 0 129.73664437 0 67.03894074 0 127059
0.34250000 0.34250300 2685.57024011 0 21.85333677 0 -167.72246912 0 102.87695593 0 68.55230610 0 127957
0.34350000 0.34349800 2670.48973371 0 35.11167068 0 -191.95093029 0 -21.90637321 0 126.96191977 0 126732
0.34450000 0.34449700 2650.86957413 0 50.31851231 0 -212.71596825 0 17.34623623 0 212.36719002 0 129639
0.34550000 0.34550000 2607.08960180 0 59.54043020 0 -184.53690159 0 3.37094715 0 233.72902629 0 129826
0.34650000 0.34650400 2601.99633238 0 34.47456911 0 -196.70317210 0 47.49562310 0 252.34381878 0 130875
0.34750000 0.34750200 2578.96589676 0 29.79485102 0 -253.79429333 0 69.63861188 0 266.12221978 0 130686
0.34850000 0.34850200 2589.28530349 0 70.71982440 0 -228.59921821 0 15.94813378 0 233.43118076 0 132211
0.34950000 0.34950400 2542.26113999 0 51.73211602 0 -273.98578487 0 -31.09629208 0 301.65441736 0 132768
0.35050000 0.35050300 2518.90960694 0 56.10180901 0 -242.18053183 0 -23.53234411 0 307.43417091 0 132957
0.35150000 0.35150100 2492.19208716 0 43.43828039 0 -254.47967024 0 11.26110796 0 371.63040298 0 133987
0.35250000 0.35249800 2498.53652928 0 30.80309692 0 -254.01795429 0 48.90734451 0 298.92508929 0 134778
0.35350000 0.35349800 2464.68843231 0 30.71097518 0 -317.69157263 0 54.98649373 0 325.71347196 0 135699
0.35450000 0.35450100 2467.96584045 0 42.54706896 0 -300.24269594 0 13.46915097 0 263.56119105 0 137380
0.35550000 0.35550100 2433.76342909 0 55.67087413 0 -298.14227593 0 -41.76303764 0 256.15934191 0 136161
0.35650000 0.35649900 2417.19923116 0 44.15432764 0 -270.56886543 0 -40.25830870 0 259.00271493 0 138792
0.35750000 0.35750000 2402.61697937 0 32.19488815 0 -319.08890002 0 -25.29162580 0 215.37332621 0 138097
0.35850000 0.35849800 2424.92771388 0 15.27449353 0 -270.65633680 0 -39.24065133 0 189.27474938 0 140028
0.35950000 0.35950300 2432.40153313 0 43.83489106 0 -286.09780099 0 -39.51159112 0 173.39260666 0 141099
0.36050000 0.36050500 2425.90207847 0 45.81949456 0 -248.31459978 0 -32.87716481 0 167.78336691 0 140821
0.36150000 0.36150200 2383.66115928 0 42.82708806 0 -301.27352939 0 -20.14742369 0 76.39173351 0 141756
0.36250000 0.36250400 2378.50145592 0 54.19227587 0 -284.12803440 0 24.43440641 0 101.31863693 0 142971
0.36350000 0.36349900 2345.90453165 0 38.15667073 0 -310.82783847 0 39.82704165 0 38.92088259 0 142270
0.36450000 0.36450000 2308.88974978 0 53.35919415 0 -345.10000548 0 71.31784067 0 27.59732672 0 145311
0.36550000 0.36550300 2316.14212254 0 35.51138160 0 -408.67508013 0 66.11329439 0 63.53820380 0 145434
0.36650000 0.36650100 2296.65483086 0 23.15488855 0 -390.23855207 0 -2.29301204 0 76.31633098 0 144547
0.36750000 0.36749600 2290.65363081 0 62.98779854 0 -412.71204976 0 -56.60726064 0 119.83798598 0 146892
0.36850000 0.36849900 2275.75028160 0 49.23586039 0 -285.57297279 0 -89.54377310 0 62.70523281 0 148113
0.36950000 0.36949900 2258.32244234 0 85.75150185 0 -261.16071103 0 -59.09000803 0 159.07498344 0 147387
0.37050000 0.37049800 2200.85707653 0 76.72932870 0 -244.68730617 0 -85.34913357 0 149.39555708 0 149758
0.37150000 0.37150100 2213.34665892 0 16.08587350 0 -197.03755631 0 -3.65005831 0 166.79682277 0 150099
0.37250000 0.37250000 2207.31224190 0 -2.06984933 0 -213.16993357 0 42.18411816 0 136.80078760 0 150468
0.37350000 0.37349800 2234.12941261 0 22.78330133 0 -263.73281209 0 87.74175224 0 95.51585294 0 150709
0.37450000 0.37449700 2225.83624132 0 22.33276844 0 -320.63902549 0 68.62394404 0 184.22355480 0 153108
0.37550000 0.37550100 2229.92192918 0 19.53279894 0 -378.78755374 0 68.64276699 0 181.50751352 0 153189
0.37650000 0.37649900 2224.67364721 0 43.10278895 0 -397.53299966 0 43.81174991 0 189.78407632 0 153547
0.37750000 0.37749900 2177.52768813 0 66.78361293 0 -425.85157762 0 -18.39013501 0 195.56382988 0 155424
0.37850000 0.37850200 2156.44598168 0 74.84946939 0 -411.44869749 0 -20.23755241 0 238.38383165 0 155313
0.37950000 0.37949900 2110.88336505 0 68.27173339 0 -392.72761069 0 -12.53077144 0 249.17270495 0 156100
0.38050000 0.38050000 2098.38271033 0 10.20901565 0 -406.52926358 0 47.60667851 0 300.58261632 0 157557
0.38150000 0.38149800 2103.89672809 0 -17.28079879 0 -438.21272105 0 61.87425483 0 237.67409563 0 157692
0.38250000 0.38250100 2164.05266883 0 10.34611318 0 -425.23817082 0 51.88137096 0 195.66458803 0 159703
0.38350000 0.38350500 2145.26293361 0 29.81976376 0 -483.42545221 0 -38.37114166 0 137.98663359 0 160338
0.38450000 0.38450600 2123.91549136 0 66.48853547 0 -456.51084504 0 -67.83504089 0 220.18203688 0 160167
0.38550000 0.38550000 2125.67599101 0 50.26115767 0 -422.43797988 0 -89.99187009 0 201.99352890 0 160033
0.38650000 0.38649600 2118.06930386 0 32.94946709 0 -379.35777847 0 12.76406533 0 189.02672930 0 162444
0.38750000 0.38750200 2122.09963009 0 55.71372402 0 -339.09548373 0 -82.59433915 0 166.44361560 0 164307
0.38850000 0.38850400 2076.60344741 0 79.70878058 0 -357.17880463 0 -29.33623533 0 193.02383856 0 163882
0.38950000 0.38950500 2059.71815206 0 35.29990020 0 -301.06204798 0 0.38135855 0 218.82789155 0 164595
0.39050000 0.39050100 2042.56712092 0 30.61376017 0 -310.32294046 0 48.81356192 0 214.49307639 0 165006
0.39150000 0.39150100 2037.46277918 0 24.54247230 0 -325.90834487 0 30.32709768 0 176.77630912 0 166687
0.39250000 0.39250100 2047.28393129 0 38.37103094 0 -336.22221544 0 -11.04228560 0 221.73548405 0 167256
0.39350000 0.39350100 2033.94177989 0 60.79935353 0 -354.54802025 0 -8.35406908 0 221.79859630 0 167937
0.39450000 0.39449600 1991.49048653 0 54.03837055 0 -337.26633567 0 -35.86569600 0 271.10476595 0 167719
0.39550000 0.39549700 1988.19093374 0 63.28963011 0 -338.37467539 0 -16.19692891 0 220.07242086 0 171636
0.39650000 0.39650400 1952.71520502 0 39.16236999 0 -328.33318401 0 -11.08760463 0 257.03405557 0 171093
0.39750000 0.39750000 1962.32598296 0 28.71352778 0 -318.72904946 0 10.30608672 0 238.11145246 0 170464
0.39850000 0.39849800 1942.30721969 0 12.24665559 0 -351.83972960 0 3.29036277 0 235.93906233 0 172113
0.39950000 0.39949500 1984.10524588 0 6.40238360 0 -326.10653949 0 13.59803283 0 186.86430427 0 173232
