### header ###
fiducial parameters:
Omega_m = 0.31
Omega_nu = 0
Omega_de = 0.69
Omega_k = 0
H_0 = 100
w_de = -1
zeff = 0
beta = 0
fgrowth = 0
b_1 = 2
gamma = 0.55
Lx = 3500 Ly = 3500 Lz = 3500
nx = 700 ny = 700 nz = 700
xoffset = -685.467585 yoffset = -31.7331281 zoffset = 572.489161
bins = 400 dk = 0.001
kx_ny = 0.628318531 ky_ny = 0.628318531 kz_ny = 0.628318531
############################
A(data) = 8.04536641 (not used)
A(ran) = 8.04284053 (used)
Ngal = 478574
weighted Ngal = 0
Nran = 23820508
weighted Nran = 0
SN(data) = 3488.40518
SN(ran) = 70.0560579
SN(data+ran) = 3558.46124
############################
13 columns: k_central k_mean P_0(k) sigma^{lin}_{P_0(k)} P^img_1(k) sigma^{lin}_{P_1(k)} P_2(k) sigma^{lin}_{P_2(k)} P^img_3(k) sigma^{lin}_{P_3(k)} P_4(k) sigma^{lin}_{P_4(k)} N_modes
### header ###
0.00050000 0 0 0 0 0 0 0 0 0 0 0 0
0.00150000 0.00179520 24958.34882021 0 -8485.53078824 0 29644.93174620 0 5982.12243604 0 -52894.93157013 0 3
0.00250000 0.00253879 40026.01132641 0 335.30431972 0 16892.93525256 0 9059.07721385 0 29669.62303054 0 6
0.00350000 0.00331552 31125.63374419 0 9162.75846345 0 15091.02511157 0 -15337.38433879 0 28491.08477684 0 7
0.00450000 0.00420575 28079.85863308 0 -2495.40306135 0 -7750.88203652 0 24344.60985551 0 8993.93872694 0 24
0.00550000 0.00557378 48789.64569712 0 -27927.28199708 0 7289.17716391 0 9110.76282610 0 -25922.52686541 0 45
0.00650000 0.00659388 66896.88281255 0 -7248.99569714 0 -22473.38696116 0 -2307.23997338 0 -39229.80044870 0 40
0.00750000 0.00754703 66040.88138082 0 11636.01687516 0 6358.03893596 0 -38179.36899316 0 12801.93267857 0 57
0.00850000 0.00846663 59485.29002544 0 7813.96107102 0 -12160.84507157 0 -24001.69995588 0 -2470.95536815 0 75
0.00950000 0.00948925 55421.85754025 0 6060.93524410 0 13184.92439404 0 -11332.74589838 0 1804.60071592 0 112
0.01050000 0.01054430 57405.79670125 0 -5811.89651428 0 17779.27485429 0 -13482.10559218 0 -25745.14822182 0 105
0.01150000 0.01145670 59187.22304132 0 3463.50070955 0 17093.34433178 0 5761.28491754 0 -13810.51074630 0 144
0.01250000 0.01249090 59022.79901777 0 5485.06363029 0 21407.01135787 0 -3616.01091160 0 -13887.79557353 0 169
0.01350000 0.01339930 58475.82617172 0 -9527.56942157 0 24416.57996683 0 3288.32545859 0 -19567.23386601 0 180
0.01450000 0.01448870 69490.90707106 0 -7216.89702749 0 10568.97693239 0 2011.35423726 0 -20989.69543546 0 267
0.01550000 0.01550050 75829.59158324 0 -6498.33636374 0 18605.27028576 0 11263.65459151 0 -7223.33004821 0 238
0.01650000 0.01653350 82359.71659153 0 -5742.70555649 0 9702.33499651 0 -9604.34492187 0 -30546.55115618 0 315
0.01750000 0.01747870 86738.37816431 0 -5876.28208310 0 15461.50510001 0 -6259.19629231 0 -26486.21892193 0 297
0.01850000 0.01844180 83070.44912164 0 12305.11746395 0 26620.85839173 0 -17808.39506857 0 -43721.62118113 0 388
0.01950000 0.01947590 77450.69065993 0 9136.42847503 0 32558.94619197 0 -11047.05777341 0 -17252.12146968 0 399
0.02050000 0.02045430 74022.36672634 0 1706.49991802 0 40205.05081873 0 3346.45516389 0 -26152.72049839 0 462
0.02150000 0.02154770 74292.42072866 0 -1062.37406509 0 40928.51652238 0 7265.07271278 0 -30236.52606126 0 571
0.02250000 0.02255340 75875.32028474 0 2784.34644982 0 48333.68736109 0 3896.72756273 0 -26382.91413137 0 510
0.02350000 0.02348930 71286.83815664 0 8149.62967022 0 38330.72767343 0 10728.11945701 0 -13848.37809718 0 555
0.02450000 0.02439640 64686.95750199 0 7113.14934394 0 31862.71840737 0 2844.91206658 0 -4152.03322839 0 592
0.02550000 0.02547300 59830.19294354 0 3669.54560210 0 31756.31336586 0 6794.66499286 0 -4587.71813768 0 837
0.02650000 0.02652900 59507.54539833 0 -1476.05162157 0 31440.41993879 0 8839.70124221 0 -4990.07534927 0 723
0.02750000 0.02749970 56004.70471870 0 753.42741461 0 23771.83849264 0 6605.04035802 0 -17863.09235317 0 826
0.02850000 0.02848090 60551.22273573 0 -2624.16312667 0 25795.19513000 0 -2083.83367552 0 -7920.60970367 0 831
0.02950000 0.02946900 60731.14801403 0 -1325.55658264 0 24697.70629398 0 2432.93300473 0 -11329.75637068 0 996
0.03050000 0.03053250 64561.39733855 0 -1058.53086115 0 28387.00492355 0 269.79823162 0 -2983.83652608 0 1041
0.03150000 0.03150510 62517.88907002 0 -122.76883036 0 26962.88250537 0 6791.14399357 0 -3405.53708912 0 1036
0.03250000 0.03246190 62377.04909833 0 4058.80425342 0 19562.36204309 0 4012.10118734 0 -7054.89784307 0 1059
0.03350000 0.03345080 61644.06119533 0 3970.94535598 0 27846.01113291 0 -614.58931924 0 1306.56754557 0 1302
0.03450000 0.03451200 53643.42072787 0 6372.05649918 0 21664.66435640 0 3809.45549850 0 2976.18554963 0 1339
0.03550000 0.03553350 51237.51526803 0 2396.66006862 0 23720.57362873 0 6122.84061216 0 1077.95725504 0 1365
0.03650000 0.03647120 48932.36796404 0 -136.10101667 0 15766.43692551 0 578.45589443 0 -6731.18735467 0 1308
0.03750000 0.03744890 48200.81946327 0 1781.63671424 0 16252.40126180 0 1865.02239245 0 -15506.12656903 0 1579
0.03850000 0.03847530 46423.15771363 0 1437.92960722 0 11797.11920127 0 -2816.27903460 0 -16137.02763719 0 1662
0.03950000 0.03950240 45602.69844457 0 -1055.27781212 0 10297.20671972 0 -653.73995257 0 -13699.56605161 0 1683
0.04050000 0.04050350 46580.60617256 0 -1033.19406027 0 9064.36978511 0 230.61327409 0 -13764.33915180 0 1822
0.04150000 0.04152450 47363.86243023 0 -635.79392850 0 11195.89196362 0 5092.05146085 0 -12409.86165674 0 1887
0.04250000 0.04250150 49872.40834114 0 -1170.97585585 0 9003.66022813 0 5246.01213745 0 -8008.21393763 0 1920
0.04350000 0.04349210 48241.45489535 0 1629.76870703 0 10338.86080568 0 18.95880962 0 -6448.37803416 0 2005
0.04450000 0.04448520 44779.02820131 0 4902.36039205 0 11840.96560756 0 2453.82648166 0 -790.90059073 0 2151
0.04550000 0.04548030 42883.77836211 0 3848.08683980 0 11988.55969739 0 -1269.30917256 0 2712.02202410 0 2274
0.04650000 0.04648670 39546.57966177 0 1210.41547685 0 11674.21639579 0 105.38085146 0 1813.58037135 0 2311
0.04750000 0.04749250 37904.11099817 0 1043.44703305 0 13021.82904947 0 524.35540813 0 456.26946836 0 2568
0.04850000 0.04851840 37464.42897962 0 1856.44134072 0 13550.86472930 0 2998.78416458 0 -742.28754861 0 2493
0.04950000 0.04949480 35108.23825821 0 1216.98136547 0 8040.55619843 0 1652.41161129 0 274.36335115 0 2644
0.05050000 0.05050630 35389.58603185 0 -81.81861208 0 7408.80256125 0 2561.29446635 0 -460.51459769 0 2829
0.05150000 0.05149060 34199.97545334 0 -1312.25872053 0 5751.99523701 0 3082.76774833 0 -675.69083652 0 2784
0.05250000 0.05249300 35180.20836953 0 -549.24267263 0 5008.95366308 0 1682.16294807 0 -2120.46092602 0 3055
0.05350000 0.05348950 36221.44979548 0 106.21160799 0 6600.88823621 0 -3798.67105413 0 818.08757709 0 3009
0.05450000 0.05448610 35124.51457570 0 1559.68089093 0 10169.94141825 0 -2454.20294070 0 1101.23681798 0 3336
0.05550000 0.05550870 34720.70688956 0 1403.60540029 0 11191.13086395 0 -1481.39955446 0 4997.88133826 0 3349
0.05650000 0.05647670 33670.27543401 0 63.87635260 0 12543.06172431 0 916.48179159 0 5479.42781695 0 3324
0.05750000 0.05747970 34579.64547137 0 190.61339345 0 12802.37557156 0 2701.03827788 0 6551.57210147 0 3639
0.05850000 0.05849280 34754.47748026 0 -515.78432149 0 12531.54650650 0 1898.44974108 0 6587.52394015 0 3846
0.05950000 0.05951020 34717.82808511 0 479.45380930 0 12285.96234202 0 690.35391628 0 4903.12438247 0 3787
0.06050000 0.06049470 34712.95626219 0 83.34138891 0 10977.03639126 0 -1137.85853231 0 2841.66787541 0 3930
0.06150000 0.06148310 34437.36609745 0 -232.45903064 0 11665.91215217 0 -1274.13670618 0 3980.65578485 0 4083
0.06250000 0.06249100 35004.15840492 0 1400.81517443 0 12769.93365984 0 -874.98161093 0 3732.38104544 0 4303
0.06350000 0.06350600 33305.99594748 0 1197.48300146 0 13172.74483674 0 -696.13588430 0 935.62362673 0 4470
0.06450000 0.06451750 33316.18248631 0 792.09750904 0 13094.13133053 0 -126.88219903 0 729.19895344 0 4479
0.06550000 0.06550280 32145.61630649 0 238.87765733 0 12963.14572793 0 1018.85872132 0 3555.57816274 0 4636
0.06650000 0.06648880 32933.96583357 0 509.60928594 0 13611.43034606 0 3339.56817785 0 -981.14749022 0 4653
0.06750000 0.06749660 31483.71272883 0 452.48162604 0 12147.33683529 0 1264.70308544 0 721.38521382 0 5220
0.06850000 0.06852730 31189.18888865 0 800.16037597 0 10913.58089772 0 1879.42748704 0 -1080.17061278 0 5029
0.06950000 0.06949320 29739.48940015 0 1099.82841826 0 11505.14199581 0 4.04458739 0 1850.38477904 0 5040
0.07050000 0.07048030 29943.44162331 0 -180.21869491 0 11298.86458444 0 310.16792791 0 1125.53503479 0 5475
0.07150000 0.07148790 30638.11928243 0 -396.17110371 0 10786.86921250 0 -4.01459246 0 150.92021621 0 5509
0.07250000 0.07249820 30394.52813642 0 916.19944730 0 12131.17124105 0 -2180.29576934 0 -998.03500004 0 5916
0.07350000 0.07351270 29767.17021219 0 899.19124915 0 12961.26343271 0 -530.34110693 0 1965.43730623 0 5721
0.07450000 0.07449140 29188.97341016 0 747.04975551 0 13147.72138265 0 131.32663021 0 2037.52921313 0 6028
0.07550000 0.07549160 28448.45632629 0 835.32275790 0 13068.55426020 0 2044.87016448 0 1993.45028802 0 6183
0.07650000 0.07648840 28064.24665509 0 927.77556290 0 13368.28209304 0 1891.60704434 0 1572.69087259 0 6330
0.07750000 0.07749960 27528.01396412 0 480.34845314 0 12210.78125650 0 1180.23231939 0 1116.74360888 0 6583
0.07850000 0.07848650 26368.96300210 0 967.81198221 0 12187.75082088 0 1219.93767619 0 764.66582430 0 6549
0.07950000 0.07947320 25554.37206519 0 673.28592757 0 10835.86424982 0 870.99335953 0 1664.29221582 0 6828
0.08050000 0.08048110 25123.76935300 0 468.20764898 0 10464.08879938 0 1969.35690922 0 2019.72491482 0 7147
0.08150000 0.08149960 24334.42331668 0 -66.53470707 0 9591.22421696 0 1763.06842552 0 1783.87332386 0 7386
0.08250000 0.08250610 24680.76563700 0 181.43775787 0 8431.25425198 0 1338.78801080 0 2384.67981317 0 7227
0.08350000 0.08350160 23975.79071580 0 664.60190322 0 7799.20166203 0 1322.63348889 0 1987.80340237 0 7798
0.08450000 0.08449610 23563.01444656 0 284.97396002 0 7181.26628623 0 522.17969631 0 1265.93211349 0 7371
0.08550000 0.08548940 23368.47369950 0 217.25672866 0 7043.17225109 0 -630.99961186 0 1544.37893803 0 8256
0.08650000 0.08650700 22474.71564014 0 616.83146502 0 6875.05007104 0 510.24373015 0 167.47112735 0 8037
0.08750000 0.08749060 22964.33384362 0 452.07305725 0 6774.50228937 0 -211.12376794 0 403.46333683 0 8155
0.08850000 0.08849210 21858.09787099 0 187.19204508 0 5705.86793182 0 822.68812805 0 22.97773136 0 8718
0.08950000 0.08949900 21758.00405463 0 314.16392994 0 5320.60638975 0 1159.63779523 0 188.35574642 0 8571
0.09050000 0.09049190 21366.15447929 0 625.18442686 0 4580.03394426 0 558.39062739 0 -344.70804518 0 8932
0.09150000 0.09150830 20640.03141769 0 660.07442960 0 4297.77823998 0 -296.26440964 0 -707.09970034 0 9285
0.09250000 0.09250820 20046.77625390 0 740.81825111 0 4641.82858907 0 -739.48957213 0 -692.41669039 0 9204
0.09350000 0.09350330 19616.17354171 0 605.49451164 0 5105.57076945 0 -1139.39758546 0 -1602.55293263 0 9349
0.09450000 0.09448040 19426.39389431 0 124.09086594 0 6066.11709212 0 -1668.63256714 0 -1163.29166242 0 9564
0.09550000 0.09549270 19225.76336860 0 324.60956117 0 6463.97893983 0 -593.62830113 0 -2043.54148550 0 10155
0.09650000 0.09649430 19182.80274830 0 -12.96082054 0 6329.69378443 0 -34.18646722 0 -1115.19348341 0 9913
0.09750000 0.09749140 19361.84224062 0 -213.56853726 0 6232.88844854 0 1197.68230331 0 -2290.96365590 0 10476
0.09850000 0.09850240 19219.89503645 0 450.31255761 0 6022.74679580 0 1587.99282549 0 -1570.89715597 0 10575
0.09950000 0.09950330 18569.72812310 0 807.89550209 0 5245.34779796 0 433.98752189 0 -2460.15985146 0 10882
0.10050000 0.10051200 17856.55968153 0 861.75571894 0 5538.48759754 0 131.88135368 0 -1272.99625672 0 10875
0.10150000 0.10150300 17075.62861207 0 775.97066794 0 5282.50652005 0 -17.89265546 0 49.55972589 0 11118
0.10250000 0.10250800 16702.93415867 0 152.33304485 0 5296.39121538 0 1012.86637913 0 -293.47086209 0 11575
0.10350000 0.10349800 16640.37552345 0 10.96066042 0 4893.21465175 0 1174.97296511 0 574.13215159 0 11364
0.10450000 0.10450100 16619.67027604 0 -261.93909547 0 4640.88744146 0 798.09206570 0 -520.31622404 0 12093
0.10550000 0.10551000 16845.65642558 0 269.47381251 0 4550.54834327 0 230.63431151 0 726.86158567 0 12067
0.10650000 0.10649700 16471.41184671 0 470.56273247 0 4822.87217218 0 -173.99826283 0 750.65933340 0 12054
0.10750000 0.10749900 15811.61201077 0 689.57331738 0 4789.42267890 0 -366.62239047 0 1758.97166534 0 12807
0.10850000 0.10850100 15674.31518302 0 487.43474103 0 5220.02539110 0 531.18703255 0 1752.54971694 0 12736
0.10950000 0.10950300 15267.73941568 0 105.40498913 0 4870.43887960 0 429.53312562 0 1533.71628923 0 12933
0.11050000 0.11050200 15149.92987961 0 -1.53109215 0 4813.69321491 0 356.30076927 0 880.89201792 0 13428
0.11150000 0.11150900 15189.79024896 0 -59.05369080 0 4302.29574851 0 -59.22464750 0 -158.86128757 0 13453
0.11250000 0.11250000 15044.18917759 0 132.56894505 0 4236.18289702 0 -432.94118720 0 232.72255197 0 13668
0.11350000 0.11349100 15201.41619002 0 183.48835243 0 3680.48505902 0 -24.02473039 0 -502.54624994 0 13791
0.11450000 0.11448600 15013.85100759 0 123.21283058 0 4380.46636173 0 -595.39101524 0 -67.60861185 0 14205
0.11550000 0.11549300 14903.23848265 0 282.79492650 0 4190.95245013 0 -71.91873573 0 -1082.63309782 0 14776
0.11650000 0.11649800 14579.59442820 0 289.78267069 0 4259.06939242 0 129.94258961 0 -544.42621133 0 14553
0.11750000 0.11747300 14292.93193865 0 286.94151214 0 4420.03885063 0 634.62469100 0 497.30018244 0 14568
0.11850000 0.11849100 14354.38334139 0 -9.95159517 0 4275.66680732 0 716.03506646 0 -134.86866692 0 16015
0.11950000 0.11950300 14213.43264645 0 32.99796387 0 4527.36289510 0 755.10819352 0 682.05963776 0 15270
0.12050000 0.12050700 14283.07756956 0 160.44795171 0 4348.77736810 0 2.16481666 0 501.98488307 0 15999
0.12150000 0.12150000 13872.95865827 0 207.45772120 0 4269.99777701 0 -297.54326315 0 1350.94542345 0 15670
0.12250000 0.12250700 14301.23618226 0 4.25609094 0 4651.28435447 0 -525.92878549 0 1144.11439584 0 16887
0.12350000 0.12352200 13925.66292441 0 149.25715302 0 4714.02014689 0 131.03210637 0 935.24052429 0 16407
0.12450000 0.12449800 14015.12730895 0 186.21768050 0 4368.44181697 0 239.51431601 0 1068.68529024 0 16306
0.12550000 0.12549900 13640.21839059 0 237.84239496 0 4245.04075687 0 639.02926182 0 1068.63325031 0 17523
0.12650000 0.12650100 13494.50659597 0 219.95062529 0 3828.06807653 0 1029.49036762 0 722.71057110 0 17154
0.12750000 0.12750600 13265.75236522 0 81.30552055 0 3569.11961599 0 575.33349883 0 602.58913361 0 18007
0.12850000 0.12850300 12964.03151391 0 237.31535230 0 3351.08339566 0 38.53257615 0 632.57077475 0 17496
0.12950000 0.12949900 13025.70436315 0 216.72414984 0 3356.57526877 0 -205.55438856 0 26.65219307 0 18405
0.13050000 0.13049000 12746.34960798 0 100.89334894 0 3824.27026911 0 -745.29036310 0 144.60234767 0 18100
0.13150000 0.13148800 12777.13067097 0 325.16096295 0 3962.45288285 0 -655.31222269 0 -38.68327050 0 19059
0.13250000 0.13249300 12707.37502462 0 52.39833780 0 4300.42452561 0 -532.09274872 0 -263.03414839 0 18957
0.13350000 0.13349100 12628.98296490 0 158.39071376 0 4242.04015684 0 -81.69426987 0 -0.57597791 0 19468
0.13450000 0.13450700 12556.68068383 0 61.45250998 0 4678.36726097 0 242.06537965 0 2.66857422 0 19953
0.13550000 0.13551000 12483.71406328 0 -26.25536095 0 4460.64106574 0 799.47167737 0 453.79148206 0 19956
0.13650000 0.13649900 12450.27564233 0 173.02721994 0 4572.33867851 0 777.01810987 0 111.69096938 0 19723
0.13750000 0.13749600 12313.75387731 0 271.04940433 0 3820.84892074 0 527.21206794 0 318.86081013 0 20946
0.13850000 0.13851100 11861.56013172 0 366.50613105 0 3694.45833294 0 61.74869466 0 370.15114038 0 20955
0.13950000 0.13949800 11674.43784228 0 386.61236569 0 3511.69853948 0 62.39753290 0 737.57627440 0 20506
0.14050000 0.14048300 11369.50601678 0 220.83862574 0 3386.73628158 0 217.09285825 0 78.11126556 0 21447
0.14150000 0.14148400 11173.19369774 0 131.52150313 0 3010.48761192 0 193.06037724 0 57.99052617 0 21771
0.14250000 0.14249400 11066.39005254 0 51.82235546 0 2898.40246778 0 285.81988564 0 -223.93776946 0 22470
0.14350000 0.14350900 11065.91394258 0 64.93176660 0 2737.72089001 0 257.57217056 0 -316.56440996 0 22519
0.14450000 0.14449900 10892.93101193 0 -0.41602600 0 2372.24559239 0 289.10615164 0 -520.88755600 0 22218
0.14550000 0.14550500 11036.51692018 0 80.11557780 0 2618.20621592 0 72.00366047 0 -389.77129996 0 23559
0.14650000 0.14650700 10832.63113097 0 287.71657488 0 2572.41108047 0 -94.70292285 0 -416.81545333 0 23044
0.14750000 0.14750500 10537.58689153 0 399.07205281 0 2866.20414720 0 -405.80845523 0 -33.55667338 0 23649
0.14850000 0.14849900 10408.86004319 0 255.99547150 0 2731.76397926 0 -288.47724359 0 200.05033589 0 23640
0.14950000 0.14949500 10239.14344837 0 201.68793273 0 3210.37629187 0 28.64997264 0 1.70230351 0 24457
0.15050000 0.15050000 10210.66542893 0 63.99914468 0 3271.56195882 0 66.98081103 0 -89.96463217 0 24591
0.15150000 0.15149900 10033.49715951 0 177.70416994 0 3096.43099716 0 134.69483142 0 -227.79426019 0 25020
0.15250000 0.15250500 9928.78618370 0 48.02908771 0 3335.30533280 0 96.84641421 0 -30.15104771 0 25297
0.15350000 0.15350100 9958.40465259 0 69.57339589 0 3188.51952268 0 115.28726048 0 214.49418362 0 25452
0.15450000 0.15450400 9836.57586261 0 157.29787530 0 3032.51046598 0 376.29517343 0 59.69389263 0 26061
0.15550000 0.15549900 9670.62385823 0 77.64323839 0 2677.94140831 0 374.28665370 0 293.84953559 0 26128
0.15650000 0.15649500 9758.82599774 0 46.67704612 0 2660.97860669 0 327.51383197 0 256.62548679 0 26331
0.15750000 0.15749700 9534.42319064 0 59.52470750 0 2614.39733618 0 435.53211121 0 496.44650620 0 27345
0.15850000 0.15849900 9523.66089091 0 139.20348208 0 2411.03194623 0 0.58796370 0 219.25085436 0 26980
0.15950000 0.15949700 9362.94609617 0 246.66150168 0 2387.29288182 0 95.08192853 0 444.20617047 0 27777
0.16050000 0.16050000 9233.23381092 0 200.83425649 0 2540.86602706 0 -201.87062609 0 512.20131718 0 28224
0.16150000 0.16150500 9124.32642400 0 67.17468744 0 2513.88277148 0 24.10843717 0 787.46595557 0 28075
0.16250000 0.16249700 9091.07623257 0 112.95099994 0 2647.53680436 0 -48.01247922 0 517.54149944 0 28590
0.16350000 0.16349900 9151.53112608 0 -51.95987374 0 2716.04127801 0 174.37140017 0 342.55890694 0 29163
0.16450000 0.16449100 9036.37894797 0 2.82172662 0 2507.31688286 0 -60.29965952 0 414.24113781 0 28996
0.16550000 0.16550500 9054.92509204 0 256.81703801 0 2738.50702507 0 -171.15710428 0 451.12194455 0 30777
0.16650000 0.16650700 8972.21482564 0 112.37413182 0 2754.86084883 0 83.08849701 0 423.12224955 0 29211
0.16750000 0.16749900 8863.61746382 0 6.11593148 0 2597.86635522 0 243.95210380 0 567.31602843 0 30922
0.16850000 0.16850800 8837.63071747 0 5.60673741 0 2416.08092635 0 261.68111030 0 50.31408338 0 30867
0.16950000 0.16949900 8744.23565763 0 93.66666397 0 2327.75699127 0 81.24384770 0 -511.10515702 0 30852
0.17050000 0.17049200 8678.86465190 0 127.91635416 0 2309.62052322 0 55.02192517 0 -58.25083653 0 31257
0.17150000 0.17149500 8548.64303971 0 35.72230939 0 2104.54999525 0 -17.62824834 0 81.70556364 0 32608
0.17250000 0.17250900 8521.52691623 0 79.01631739 0 2153.95470860 0 129.96251979 0 -543.91245546 0 32361
0.17350000 0.17350400 8590.66251239 0 91.62337715 0 2135.00996083 0 -8.41284098 0 -632.34932825 0 32508
0.17450000 0.17449800 8310.43304356 0 242.69428770 0 2182.98634427 0 -153.40484590 0 -277.50014077 0 32791
0.17550000 0.17549800 8363.22588829 0 176.71873304 0 2172.39012942 0 -91.27614904 0 -50.97897648 0 33633
0.17650000 0.17650100 8181.61761662 0 10.11632922 0 2241.79146138 0 -44.86760680 0 -104.29565291 0 33984
0.17750000 0.17750300 8245.47171385 0 104.28480203 0 2243.82876915 0 228.41873931 0 -150.92907407 0 34069
0.17850000 0.17849800 8052.52538156 0 118.71857394 0 2028.50526840 0 165.51575478 0 -269.63879015 0 34536
0.17950000 0.17950400 8000.77333536 0 133.17681569 0 1924.64686160 0 320.84497073 0 -240.40120923 0 35343
0.18050000 0.18050100 7913.27982464 0 -8.75587267 0 1777.63960498 0 176.91139149 0 -246.63049917 0 34990
0.18150000 0.18150500 7841.34293029 0 90.00360675 0 1763.99850081 0 146.16465270 0 -467.51673591 0 36243
0.18250000 0.18250200 7782.32743901 0 122.59388762 0 1642.49080825 0 -32.14927017 0 -94.82394336 0 35694
0.18350000 0.18350400 7716.94536095 0 75.59939795 0 1572.48049842 0 86.67903050 0 47.83366117 0 37087
0.18450000 0.18450600 7659.77894792 0 19.35973850 0 1526.48606112 0 133.70496558 0 94.90875737 0 36651
0.18550000 0.18550700 7604.42839615 0 109.32824598 0 1704.47368258 0 139.40278393 0 -149.42323789 0 37818
0.18650000 0.18651000 7704.69936970 0 53.92864382 0 1710.51917193 0 123.50624719 0 205.51009926 0 37267
0.18750000 0.18750100 7457.68687533 0 167.92619990 0 1693.29063452 0 -110.52106754 0 10.48075265 0 38334
0.18850000 0.18850000 7392.73661794 0 212.54213275 0 1756.86792362 0 -124.54483126 0 4.12025566 0 38223
0.18950000 0.18949500 7360.89261176 0 31.15408962 0 1814.00111969 0 -174.64045767 0 156.91034393 0 39064
0.19050000 0.19050000 7233.23977893 0 126.75708176 0 1861.95535848 0 50.25473572 0 -36.07673451 0 39609
0.19150000 0.19149800 7253.59071194 0 71.97597965 0 1617.65558368 0 103.29892223 0 196.53930169 0 39576
0.19250000 0.19250400 7082.73366767 0 82.16118981 0 1558.83939424 0 397.93160335 0 -183.91020801 0 40909
0.19350000 0.19350500 7052.82731833 0 76.16851545 0 1475.29870349 0 103.19273863 0 -9.26098106 0 40191
0.19450000 0.19450100 6922.14066850 0 157.00556593 0 1426.18187059 0 285.57518726 0 -75.38481630 0 41232
0.19550000 0.19549800 6833.18561090 0 80.16639977 0 1211.96560232 0 170.00004634 0 228.32905348 0 40873
0.19650000 0.19649700 6752.31335043 0 56.73769262 0 1318.82460915 0 11.15525653 0 168.28051429 0 42816
0.19750000 0.19750200 6799.79147925 0 14.93645546 0 1132.37773153 0 48.52379918 0 281.37434722 0 41727
0.19850000 0.19849000 6696.80778611 0 22.15317533 0 1136.33055149 0 148.22742681 0 260.85068594 0 42610
0.19950000 0.19949900 6783.27157062 0 45.70666757 0 1130.07468797 0 37.18031312 0 273.29155010 0 43863
0.20050000 0.20050100 6694.69297207 0 42.22486431 0 1035.12175202 0 298.44233593 0 492.16483819 0 43302
0.20150000 0.20150100 6622.57892053 0 120.93857506 0 1017.63855113 0 106.53392337 0 443.93489851 0 44487
0.20250000 0.20249700 6528.32021935 0 84.43312014 0 809.96713406 0 156.01680732 0 409.91960944 0 43759
0.20350000 0.20349100 6590.95636085 0 74.23639477 0 895.02030439 0 -103.24643941 0 401.58547054 0 45282
0.20450000 0.20449700 6392.49601080 0 57.11304443 0 957.23126862 0 -255.14511696 0 289.18919408 0 45483
0.20550000 0.20549900 6473.01395688 0 91.76809244 0 1068.34647710 0 -232.20990333 0 162.67681070 0 46138
0.20650000 0.20650200 6452.95090431 0 94.80235233 0 1119.21273732 0 -288.82712906 0 -25.49701742 0 46227
0.20750000 0.20749300 6321.20131129 0 135.42892655 0 1236.10327043 0 -237.55562175 0 5.42418799 0 46236
0.20850000 0.20850300 6280.63231315 0 147.42468326 0 1380.77426651 0 6.08890394 0 -127.14793482 0 48361
0.20950000 0.20950400 6161.83734018 0 82.50243886 0 1323.46391325 0 287.35783155 0 88.17811256 0 46812
0.21050000 0.21050300 6131.98635246 0 21.67108630 0 1242.48092952 0 272.55413327 0 84.91365903 0 48813
0.21150000 0.21149700 6129.58365798 0 27.07847758 0 1137.14990352 0 282.32988885 0 286.98801590 0 47215
0.21250000 0.21249000 6158.48242576 0 33.83381367 0 1239.21459370 0 100.23764586 0 252.22645214 0 50004
0.21350000 0.21350300 6101.59282084 0 143.00682566 0 1110.58739628 0 -59.35009694 0 499.63976467 0 49509
0.21450000 0.21449800 5973.12063597 0 84.41407574 0 1397.19452422 0 -252.71584889 0 627.19073212 0 49660
0.21550000 0.21550100 5945.57269182 0 87.28612607 0 1303.91018762 0 56.10391275 0 729.65402599 0 50841
0.21650000 0.21649800 5908.25895718 0 111.52931343 0 1405.93058850 0 -68.62615850 0 714.78832269 0 50424
0.21750000 0.21750300 5811.35397037 0 66.88049577 0 1247.55205429 0 214.89278731 0 638.35938616 0 52231
0.21850000 0.21850300 5808.54159986 0 47.85857390 0 1287.42349596 0 114.96173413 0 611.58539752 0 51078
0.21950000 0.21950100 5760.66486735 0 37.23445679 0 1132.33344223 0 139.88110836 0 491.61232918 0 52791
0.22050000 0.22050700 5698.17266607 0 55.45485307 0 1171.72877393 0 15.76732271 0 547.65490125 0 52969
0.22150000 0.22150000 5686.13704899 0 89.98622320 0 1111.51747157 0 -143.34342433 0 332.08559489 0 52704
0.22250000 0.22250100 5634.11926699 0 79.42444328 0 1132.55488872 0 46.67073490 0 473.16694326 0 54051
0.22350000 0.22349900 5610.11446679 0 8.63953575 0 1015.21703369 0 86.55424540 0 435.67715866 0 53938
0.22450000 0.22449800 5583.82876767 0 43.15239296 0 1071.67038901 0 103.09773808 0 260.49415708 0 54735
0.22550000 0.22549100 5640.78480653 0 45.36597214 0 986.50317374 0 2.34890513 0 136.00579468 0 54774
0.22650000 0.22649900 5485.40687235 0 127.87538656 0 883.26370990 0 -26.18593747 0 119.41723763 0 56911
0.22750000 0.22749800 5456.00984996 0 113.47804260 0 1009.17929497 0 -199.79235073 0 204.94541070 0 54879
0.22850000 0.22849100 5434.51846749 0 4.71738613 0 981.80961525 0 -49.39806995 0 99.29616608 0 57210
0.22950000 0.22949800 5404.86678162 0 15.43017042 0 1023.11824468 0 125.79600396 0 95.06520932 0 57375
0.23050000 0.23049600 5415.93910644 0 89.89122266 0 1009.32766412 0 -16.49001335 0 80.86993529 0 57604
0.23150000 0.23150100 5370.71973188 0 70.60190414 0 998.35277576 0 139.51461441 0 139.38063928 0 58629
0.23250000 0.23250200 5284.08986250 0 94.94286013 0 1057.12024697 0 -1.16288199 0 115.66371952 0 58560
0.23350000 0.23350400 5250.30819948 0 121.06479957 0 1147.08177889 0 -46.14623887 0 -38.89364467 0 59305
0.23450000 0.23449700 5130.56100657 0 106.54433135 0 1237.32122616 0 -106.85823176 0 264.86329645 0 59196
0.23550000 0.23549300 5065.35608571 0 119.39620022 0 1204.76859119 0 34.37458602 0 335.53019514 0 60063
0.23650000 0.23649900 5022.67227353 0 110.23119407 0 1205.02325466 0 108.05913611 0 465.08414615 0 61537
0.23750000 0.23750400 4927.04060407 0 95.26473261 0 1154.84347858 0 85.40670966 0 279.20860049 0 61224
0.23850000 0.23850100 4922.26843208 0 42.70329947 0 1166.75730009 0 30.47070573 0 390.77777429 0 61221
0.23950000 0.23949400 4875.95289736 0 12.68213012 0 1161.75260927 0 70.65538347 0 362.40604917 0 62332
0.24050000 0.24050100 4887.46811517 0 -27.48837504 0 1007.83843643 0 75.75529628 0 419.63557446 0 63447
0.24150000 0.24150500 4967.33279409 0 -53.23861653 0 975.58918317 0 101.97245771 0 272.92948508 0 63342
0.24250000 0.24250300 4985.33639425 0 10.68738437 0 942.17179963 0 27.74204200 0 231.11595764 0 63379
0.24350000 0.24349600 4930.39551850 0 74.52006773 0 841.79342452 0 58.92303737 0 172.09050126 0 64266
0.24450000 0.24449500 4902.80328505 0 89.55074867 0 775.11145553 0 -17.50689566 0 140.33728815 0 64695
0.24550000 0.24549600 4818.00034926 0 45.71452893 0 771.84511971 0 100.63038122 0 231.70500532 0 65947
0.24650000 0.24650000 4824.09012791 0 83.90696326 0 724.71798359 0 71.30942570 0 65.54949161 0 66018
0.24750000 0.24750000 4798.04801994 0 49.25623346 0 713.07543404 0 131.70308925 0 -6.29324369 0 66303
0.24850000 0.24849600 4706.57954461 0 97.51208238 0 603.74176262 0 -76.66101245 0 30.92588900 0 66958
0.24950000 0.24949200 4684.26881010 0 86.22661531 0 661.05765204 0 37.96235143 0 173.20769884 0 66975
0.25050000 0.25048900 4641.58499793 0 -7.67525806 0 652.48767263 0 7.50197617 0 190.39416142 0 68676
0.25150000 0.25150000 4632.00743696 0 29.82685004 0 679.56061405 0 192.80239207 0 211.11712455 0 69349
0.25250000 0.25249900 4633.23646501 0 39.06604076 0 655.37754941 0 16.63727527 0 232.98053714 0 68592
0.25350000 0.25349900 4584.80611626 0 92.82095980 0 708.84248426 0 79.79724846 0 236.30112735 0 70437
0.25450000 0.25450100 4542.00050851 0 94.82826157 0 645.29398320 0 -34.54299608 0 393.06974553 0 70099
0.25550000 0.25550100 4451.11886640 0 92.67735175 0 706.44754040 0 -64.58509211 0 354.97873369 0 71064
0.25650000 0.25650300 4454.67308266 0 74.84005791 0 781.81131928 0 -52.58634588 0 441.62188986 0 71409
0.25750000 0.25750600 4399.12322905 0 44.61548996 0 675.32212811 0 61.00264142 0 347.64996189 0 72612
0.25850000 0.25850600 4439.34898511 0 34.24127522 0 742.69943909 0 -74.34999682 0 248.17951742 0 71845
0.25950000 0.25949600 4374.19942588 0 -20.52919745 0 683.98400781 0 -2.16422983 0 338.86739384 0 72816
0.26050000 0.26049800 4425.17640935 0 34.92178031 0 702.51907956 0 -13.92333774 0 92.15761682 0 73743
0.26150000 0.26149900 4385.90287321 0 75.75773220 0 710.95286937 0 -17.20118878 0 124.57140484 0 74662
0.26250000 0.26250300 4341.69108021 0 99.91809857 0 640.73550707 0 -22.62574215 0 27.48693564 0 74931
0.26350000 0.26350100 4281.09224648 0 67.88519853 0 653.59601235 0 13.73865136 0 50.19627384 0 75087
0.26450000 0.26450200 4219.07615517 0 61.83516952 0 602.69432069 0 37.78209398 0 46.49778518 0 76678
0.26550000 0.26550600 4172.05199167 0 44.60519270 0 556.28799291 0 142.28823178 0 84.87191637 0 76035
0.26650000 0.26650100 4191.19604128 0 33.85850496 0 424.25494838 0 156.58038866 0 18.71499702 0 77094
0.26750000 0.26750600 4117.38792404 0 18.39711058 0 331.61059216 0 234.45537080 0 69.88962149 0 78463
0.26850000 0.26850100 4122.11580673 0 49.95401138 0 233.96818851 0 50.33124548 0 70.00521656 0 77076
0.26950000 0.26949700 4100.92337703 0 36.73166252 0 228.67118832 0 41.22392615 0 29.08024318 0 79149
0.27050000 0.27049900 4039.38339569 0 58.35735230 0 204.67081704 0 -21.27447563 0 42.07605227 0 79648
0.27150000 0.27150200 4031.78778086 0 93.06289010 0 194.38019835 0 7.74277709 0 53.80972705 0 80241
0.27250000 0.27250500 3982.79274354 0 25.59744341 0 208.89048003 0 43.06315002 0 178.45708803 0 80835
0.27350000 0.27350000 3949.89686650 0 48.49966151 0 189.83168732 0 57.33227646 0 173.97390371 0 80680
0.27450000 0.27450400 3970.52460764 0 39.18794706 0 161.82756339 0 17.43248964 0 210.63769288 0 82617
0.27550000 0.27550800 3976.19363795 0 28.50935411 0 296.97193119 0 48.22462496 0 240.34031144 0 82548
0.27650000 0.27649900 3942.74414467 0 70.43338336 0 259.69030630 0 -84.28065422 0 305.88404544 0 81181
0.27750000 0.27748900 3897.08187712 0 46.23802844 0 274.04003926 0 -26.40461589 0 424.64137251 0 84096
0.27850000 0.27849800 3931.73825380 0 36.74450642 0 339.20952868 0 -0.76048713 0 418.43422722 0 85215
0.27950000 0.27950200 3925.67061980 0 24.13788955 0 260.14648608 0 108.50690093 0 461.44024405 0 84514
0.28050000 0.28050300 3885.85453975 0 96.60027643 0 347.72857539 0 41.34538955 0 425.02336772 0 85815
0.28150000 0.28150100 3835.17650906 0 113.95304534 0 290.83011262 0 -10.40530583 0 468.93177902 0 85485
0.28250000 0.28250000 3746.43182564 0 52.99668624 0 280.44759363 0 9.66039303 0 469.52304117 0 87220
0.28350000 0.28350400 3715.26323127 0 16.09838522 0 322.12382425 0 -18.17865361 0 560.91733192 0 87147
0.28450000 0.28449700 3743.48658724 0 7.37565202 0 311.96496623 0 89.24924926 0 423.60168121 0 87102
0.28550000 0.28549800 3764.02574977 0 13.88646689 0 256.68527734 0 35.67049091 0 454.01846472 0 88971
0.28650000 0.28649900 3760.10614679 0 21.93571487 0 244.56440336 0 -3.57393608 0 376.98830096 0 89434
0.28750000 0.28750100 3741.80359386 0 67.14434927 0 173.78235249 0 -51.53602515 0 322.18361481 0 89619
0.28850000 0.28849900 3711.45435154 0 97.40357360 0 233.62605367 0 -102.61609195 0 292.93606880 0 90240
0.28950000 0.28950100 3602.07085465 0 163.67664163 0 273.76876730 0 -165.14040297 0 254.32576492 0 91333
0.29050000 0.29050500 3557.18364984 0 62.56472500 0 297.45689902 0 -49.89477444 0 258.47456503 0 92139
0.29150000 0.29150600 3544.63870582 0 20.92746897 0 298.73907423 0 -1.36981266 0 214.62926598 0 92370
0.29250000 0.29250200 3560.49427496 0 35.64502457 0 320.97562417 0 89.34901091 0 261.29800786 0 91819
0.29350000 0.29349600 3537.54134561 0 21.39184227 0 259.71355818 0 100.45078811 0 274.95129159 0 93552
0.29450000 0.29450000 3494.31498952 0 41.43164296 0 242.30454187 0 114.20217264 0 276.68632489 0 94701
0.29550000 0.29550200 3496.25264636 0 39.27696855 0 181.82750371 0 69.03517018 0 253.58945532 0 95020
0.29650000 0.29650300 3485.31318944 0 8.61403619 0 193.31504071 0 64.82181842 0 250.25004216 0 95151
0.29750000 0.29749800 3475.82420707 0 86.41661641 0 145.66418362 0 -13.24471495 0 310.35394297 0 95802
0.29850000 0.29850000 3432.05530706 0 50.97698347 0 100.40760605 0 -54.84653954 0 204.26999888 0 97399
0.29950000 0.29950700 3395.99274513 0 33.73371986 0 115.13224793 0 -32.99419928 0 265.31836900 0 97881
0.30050000 0.30050300 3411.37220430 0 10.78557375 0 21.00663609 0 46.55159668 0 115.17210830 0 97188
0.30150000 0.30149700 3410.26497182 0 18.23213294 0 -0.98794258 0 22.60448329 0 99.86827310 0 98263
0.30250000 0.30249700 3441.64394035 0 14.24033840 0 -23.31576943 0 80.15300226 0 62.35988699 0 100050
0.30350000 0.30350600 3398.62795843 0 -6.95685241 0 -65.64083829 0 -0.10659814 0 92.97032547 0 100779
0.30450000 0.30450500 3430.91485761 0 65.38639626 0 6.27677914 0 -36.16564528 0 -20.86081357 0 99982
0.30550000 0.30550300 3402.64721234 0 80.90381660 0 -21.49049669 0 -10.95999608 0 118.45062368 0 101559
0.30650000 0.30649700 3315.88447506 0 91.41355660 0 47.69536784 0 -54.54636882 0 146.75812931 0 100935
0.30750000 0.30749800 3296.79578708 0 61.65679437 0 79.46352859 0 -16.92349487 0 141.64492971 0 103762
0.30850000 0.30850200 3270.88654700 0 55.41211389 0 133.16020720 0 26.81650637 0 175.15864247 0 102951
0.30950000 0.30950100 3233.79425886 0 73.52322632 0 132.97419214 0 10.85978047 0 208.60702851 0 104394
0.31050000 0.31050000 3225.32393037 0 27.46866630 0 141.56853067 0 8.42994772 0 258.44577699 0 103963
0.31150000 0.31149700 3204.70726156 0 41.01067317 0 80.92086798 0 45.98458293 0 224.97192460 0 105936
0.31250000 0.31250000 3231.91196364 0 43.81174991 0 137.95673831 0 -34.84349897 0 227.27607539 0 105717
0.31350000 0.31349800 3190.86685554 0 36.90594092 0 94.75407699 0 -66.03014123 0 301.89025788 0 106776
0.31450000 0.31450400 3200.40012721 0 41.78795037 0 137.82829934 0 -1.76403172 0 304.26194985 0 108733
0.31550000 0.31549900 3145.19351566 0 79.61355859 0 115.17543000 0 -8.95204105 0 299.59828664 0 105891
0.31650000 0.31650000 3161.28160362 0 27.01093640 0 141.55856557 0 65.34000322 0 246.96377615 0 111072
0.31750000 0.31750600 3091.19378752 0 34.50236064 0 140.66281450 0 47.33418860 0 290.41822213 0 108121
0.31850000 0.31849900 3115.95150581 0 39.20145530 0 49.57301268 0 48.03019494 0 249.87801204 0 110484
0.31950000 0.31950100 3127.22313248 0 1.58867931 0 88.20357891 0 28.29953356 0 254.44091710 0 110817
0.32050000 0.32049800 3108.65484376 0 34.90240374 0 -3.04056005 0 39.91683820 0 276.61656925 0 111088
0.32150000 0.32149900 3111.92117958 0 55.46304659 0 65.39625063 0 2.18198984 0 322.62540057 0 112635
0.32250000 0.32250100 3070.69891428 0 53.59669552 0 24.07068054 0 3.38898396 0 349.05614714 0 113202
0.32350000 0.32350400 3022.52322899 0 81.25336990 0 -15.03234179 0 35.19305227 0 380.79496623 0 113863
0.32450000 0.32450300 3005.49399342 0 60.90022241 0 9.57128296 0 66.10642954 0 277.86663472 0 114045
0.32550000 0.32549900 2958.65805944 0 34.36882841 0 -76.44543429 0 27.38296651 0 290.54223217 0 114828
0.32650000 0.32650300 2949.18014940 0 64.33042864 0 -50.84854450 0 -17.48840488 0 299.76547875 0 116431
0.32750000 0.32750400 2873.08006092 0 86.50585934 0 -103.61049745 0 -17.63732765 0 313.72989481 0 116442
0.32850000 0.32850400 2873.10220557 0 54.25527740 0 -97.63277072 0 -23.95320317 0 327.94011648 0 116955
0.32950000 0.32949800 2848.21161937 0 24.54269375 0 -136.20731099 0 32.20474252 0 285.29837914 0 117028
0.33050000 0.33049700 2829.94228342 0 12.88862898 0 -100.81927508 0 37.82837630 0 253.82197414 0 119061
0.33150000 0.33150100 2851.05720685 0 40.03542280 0 -140.02837028 0 -19.84946743 0 301.07754924 0 120060
0.33250000 0.33250400 2822.16951140 0 51.00532862 0 -74.81890977 0 -25.88155926 0 283.71835839 0 119737
0.33350000 0.33350100 2788.98575392 0 56.97486182 0 -89.12955743 0 -15.82799905 0 287.30800609 0 120531
0.33450000 0.33450000 2782.80739667 0 51.20761999 0 -26.23720234 0 -15.71860448 0 290.40272088 0 121704
0.33550000 0.33550300 2749.76757941 0 59.62856591 0 -95.08735397 0 23.20449257 0 306.72332766 0 122761
0.33650000 0.33650300 2760.71810866 0 20.84442653 0 -59.52315738 0 50.93413357 0 291.95838252 0 122472
0.33750000 0.33749900 2740.97615351 0 -4.41066059 0 -139.78810084 0 29.65091080 0 235.35112188 0 122985
0.33850000 0.33849800 2763.36439429 0 10.47366636 0 -130.36776688 0 -2.33858572 0 210.28559296 0 125380
0.33950000 0.33950300 2773.24090803 0 40.13861687 0 -160.04602632 0 -37.02076092 0 191.92214224 0 125223
0.34050000 0.34050000 2760.24199869 0 63.98574717 0 -147.65166592 0 -15.99031933 0 270.07503974 0 125178
0.34150000 0.34149900 2713.14032891 0 76.13120171 0 -172.02406731 0 -16.49499590 0 277.37280903 0 127059
0.34250000 0.34250300 2716.79419610 0 37.32037803 0 -131.42517390 0 72.45939735 0 262.01328004 0 127957
0.34350000 0.34349800 2655.06598524 0 40.74416231 0 -150.25587672 0 60.00668580 0 298.92176759 0 126732
0.34450000 0.34449700 2649.08692984 0 55.83341585 0 -177.67759636 0 67.23713535 0 286.73113797 0 129639
0.34550000 0.34550000 2652.37541031 0 12.09596125 0 -168.02806529 0 42.90703024 0 298.74128870 0 129826
0.34650000 0.34650400 2637.10667438 0 50.72010553 0 -252.77453221 0 -12.65588871 0 330.53657665 0 130875
0.34750000 0.34750200 2617.40900853 0 42.14636153 0 -230.30324900 0 -13.71351718 0 354.88018999 0 130686
0.34850000 0.34850200 2628.20452523 0 24.10223667 0 -299.02916914 0 -22.51922639 0 265.97495786 0 132211
0.34950000 0.34950400 2611.80641217 0 35.72230939 0 -239.11017616 0 -19.51607973 0 230.21134870 0 132768
0.35050000 0.35050300 2594.19034338 0 42.52658516 0 -277.53667944 0 -28.47049025 0 202.36555901 0 132957
0.35150000 0.35150100 2577.40469896 0 64.18715276 0 -264.34621888 0 -14.58933807 0 171.53024163 0 133987
0.35250000 0.35249800 2545.51640348 0 79.53793461 0 -221.42213726 0 -54.09362146 0 123.23276077 0 134778
0.35350000 0.35349800 2534.31121077 0 59.37888498 0 -199.26973699 0 -25.36902135 0 111.30565247 0 135699
0.35450000 0.35450100 2466.41571498 0 41.29633915 0 -161.41567290 0 -95.45938408 0 124.55479635 0 137380
0.35550000 0.35550100 2500.17523335 0 52.42114679 0 -120.36281417 0 -81.03435931 0 140.96730343 0 136161
0.35650000 0.35649900 2492.57961852 0 11.89189830 0 -86.58735165 0 -0.02195354 0 109.38504701 0 138792
0.35750000 0.35750000 2480.44435052 0 25.67450679 0 -137.66553617 0 61.89064187 0 132.21463066 0 138097
0.35850000 0.35849800 2500.92815144 0 9.48888272 0 -166.12583988 0 64.80941741 0 108.32797216 0 140028
0.35950000 0.35950300 2508.98880391 0 -3.09523519 0 -208.02130253 0 99.78744513 0 67.03705844 0 141099
0.36050000 0.36050500 2526.44986014 0 57.24923403 0 -209.50277959 0 13.81726486 0 91.27714555 0 140821
0.36150000 0.36150200 2447.31595467 0 60.68420136 0 -243.57564476 0 -14.85717761 0 166.57980520 0 141756
0.36250000 0.36250400 2436.88582469 0 74.57354706 0 -253.13549000 0 -3.44187646 0 206.88749647 0 142971
0.36350000 0.36349900 2428.92482314 0 34.73321862 0 -221.45313977 0 60.65818139 0 168.01810019 0 142270
0.36450000 0.36450000 2413.16890492 0 14.24963915 0 -263.21130559 0 75.15716930 0 208.79193634 0 145311
0.36550000 0.36550300 2410.11294327 0 33.76095777 0 -343.08705683 0 33.03793496 0 279.18977753 0 145434
0.36650000 0.36650100 2388.64370545 0 59.40590146 0 -309.25335388 0 7.85297994 0 225.65508704 0 144547
0.36750000 0.36749600 2386.59532536 0 53.66445815 0 -287.37222558 0 -32.93330149 0 207.54297810 0 146892
0.36850000 0.36849900 2343.90044086 0 36.87538130 0 -328.81593737 0 -47.40881607 0 198.91431537 0 148113
0.36950000 0.36949900 2354.47451106 0 19.31555992 0 -277.06278394 0 -65.29981068 0 212.06713002 0 147387
0.37050000 0.37049800 2359.81137162 0 18.03881015 0 -283.49580466 0 -7.77268344 0 137.48616451 0 149758
0.37150000 0.37150100 2366.80908091 0 33.59874822 0 -254.30140581 0 9.94767557 0 171.60442620 0 150099
0.37250000 0.37250000 2358.17266755 0 51.11084787 0 -311.46117545 0 10.88797061 0 191.47260586 0 150468
0.37350000 0.37349800 2336.67021275 0 34.24924730 0 -299.61046620 0 1.83881420 0 179.05388634 0 150709
0.37450000 0.37449700 2333.83569760 0 34.18259190 0 -335.44825994 0 22.38137594 0 203.00996832 0 153108
0.37550000 0.37550100 2311.93463911 0 81.58775411 0 -296.81359695 0 -5.20619606 0 201.59824690 0 153189
0.37650000 0.37649900 2295.69153860 0 66.59073303 0 -344.68036437 0 4.60295366 0 250.98303006 0 153547
0.37750000 0.37749900 2251.23615445 0 23.05656631 0 -287.96680942 0 11.05839583 0 253.82861754 0 155424
0.37850000 0.37850200 2236.47674547 0 54.34308093 0 -344.40466348 0 4.09504397 0 221.94585822 0 155313
0.37950000 0.37949900 2251.12543120 0 49.27538859 0 -290.59980826 0 -8.09452271 0 252.17994837 0 156100
0.38050000 0.38050000 2197.88969348 0 45.64089797 0 -305.88404544 0 -16.66894212 0 246.51423976 0 157557
0.38150000 0.38149800 2211.70795485 0 24.26588563 0 -304.31731148 0 11.70909422 0 287.53720322 0 157692
0.38250000 0.38250100 2196.10704918 0 19.58240295 0 -332.90937586 0 59.24579564 0 267.19955699 0 159703
0.38350000 0.38350500 2208.20910021 0 39.15096550 0 -365.96469437 0 49.48520914 0 324.33053859 0 160338
0.38450000 0.38450600 2205.97249059 0 23.14126959 0 -405.26480408 0 77.94894528 0 283.79918636 0 160167
0.38550000 0.38550000 2182.37736640 0 35.49920205 0 -444.07551704 0 27.39414956 0 336.44144747 0 160033
0.38650000 0.38649600 2186.19731847 0 55.51320422 0 -423.05138667 0 -9.25899911 0 340.25254168 0 162444
0.38750000 0.38750200 2150.99839787 0 58.67590308 0 -418.09984301 0 -29.54959903 0 401.89881734 0 164307
0.38850000 0.38850400 2120.07339465 0 48.16771321 0 -420.31873691 0 -50.12828977 0 358.40451098 0 163882
0.38950000 0.38950500 2118.51219685 0 31.40155608 0 -397.57507450 0 -9.02868368 0 409.74798840 0 164595
0.39050000 0.39050100 2149.21575357 0 10.70901970 0 -343.61852842 0 -24.75472877 0 347.54256034 0 165006
0.39150000 0.39150100 2124.45803528 0 44.12996852 0 -311.22422770 0 -17.80905941 0 283.21567484 0 166687
0.39250000 0.39250100 2139.54961401 0 53.45729495 0 -284.61521670 0 -81.58077854 0 307.51167719 0 167256
0.39350000 0.39350100 2124.19229948 0 49.97837049 0 -264.80461313 0 -32.31646228 0 266.24733705 0 167937
0.39450000 0.39449600 2091.81682171 0 39.36831523 0 -294.63567066 0 -23.03741119 0 280.10988773 0 167719
0.39550000 0.39549700 2092.43687190 0 40.28676458 0 -322.36962986 0 35.38504638 0 227.94373658 0 171636
0.39650000 0.39650400 2071.79805844 0 53.12678605 0 -350.75021284 0 59.01648779 0 249.60341839 0 171093
0.39750000 0.39750000 2043.78507665 0 37.82140073 0 -406.42961265 0 61.81368921 0 157.20376054 0 170464
0.39850000 0.39849800 2024.46386984 0 35.23136251 0 -431.77084247 0 26.42831066 0 205.26650812 0 172113
0.39950000 0.39949500 2018.77269488 0 34.98788209 0 -469.75555999 0 28.69525845 0 212.52663150 0 173232
