### header ###
fiducial parameters:
Omega_m = 0.31
Omega_nu = 0
Omega_de = 0.69
Omega_k = 0
H_0 = 100
w_de = -1
zeff = 0
beta = 0
fgrowth = 0
b_1 = 2
gamma = 0.55
Lx = 3500 Ly = 3500 Lz = 3500
nx = 700 ny = 700 nz = 700
xoffset = -685.467585 yoffset = -31.7331281 zoffset = 572.489161
bins = 400 dk = 0.001
kx_ny = 0.628318531 ky_ny = 0.628318531 kz_ny = 0.628318531
############################
A(data) = 8.08921985 (not used)
A(ran) = 8.08712266 (used)
Ngal = 480896
weighted Ngal = 0
Nran = 23820508
weighted Nran = 0
SN(data) = 3489.21972
SN(ran) = 70.4417713
SN(data+ran) = 3559.66149
############################
13 columns: k_central k_mean P_0(k) sigma^{lin}_{P_0(k)} P^img_1(k) sigma^{lin}_{P_1(k)} P_2(k) sigma^{lin}_{P_2(k)} P^img_3(k) sigma^{lin}_{P_3(k)} P_4(k) sigma^{lin}_{P_4(k)} N_modes
### header ###
0.00050000 0 0 0 0 0 0 0 0 0 0 0 0
0.00150000 0.00179520 53972.93311448 0 -28043.31996118 0 18209.76684324 0 64144.63503237 0 -79669.58455359 0 3
0.00250000 0.00253879 86664.30431127 0 -14251.52144382 0 23088.34388159 0 -7325.50546164 0 69743.46680017 0 6
0.00350000 0.00331552 72801.64291508 0 15021.60163496 0 23259.96491627 0 -62110.98113293 0 55030.34013466 0 7
0.00450000 0.00420575 55313.90237326 0 25403.67772441 0 26695.15369126 0 -18919.05997112 0 38735.31042230 0 24
0.00550000 0.00557378 45850.16490427 0 8070.79471751 0 44251.98553995 0 24446.25379734 0 10247.13766689 0 45
0.00650000 0.00659388 51540.89696806 0 -2346.49136487 0 50665.07607491 0 56017.43789224 0 41742.44311980 0 40
0.00750000 0.00754703 44511.18866395 0 -5687.41036635 0 24466.84832151 0 41897.34494401 0 17274.59828906 0 57
0.00850000 0.00846663 61761.20639191 0 -14152.64558319 0 17428.61432729 0 26625.95166114 0 1508.70390746 0 75
0.00950000 0.00948925 70961.64397672 0 -3287.08535821 0 26213.06466866 0 5996.57181993 0 -10254.82186031 0 112
0.01050000 0.01054430 66270.74284405 0 1234.67494053 0 26746.86144816 0 -921.90058735 0 12282.19775158 0 105
0.01150000 0.01145670 65328.48800198 0 -426.26346810 0 21952.87697143 0 -19186.12444575 0 7913.81129623 0 144
0.01250000 0.01249090 67117.33279968 0 3609.35644438 0 30427.74511087 0 -5197.57071637 0 -759.81836049 0 169
0.01350000 0.01339930 78522.71314888 0 -2039.71046112 0 33006.60028438 0 -8866.52948525 0 -14147.66303703 0 180
0.01450000 0.01448870 79077.65806879 0 -12163.83459927 0 32208.06421846 0 -3168.37896383 0 -8659.51022812 0 267
0.01550000 0.01550050 78533.12113421 0 -127.21436877 0 34208.16897370 0 -4473.30780533 0 -4968.51753285 0 238
0.01650000 0.01653350 85466.72165889 0 11628.37697104 0 38198.08122210 0 8679.80579951 0 -14621.33709277 0 315
0.01750000 0.01747870 72738.64138686 0 13444.79185754 0 33363.46131329 0 962.12634342 0 -5202.11036954 0 297
0.01850000 0.01844180 66633.80437485 0 -507.80338976 0 26226.24073519 0 12680.80144505 0 2517.54771099 0 388
0.01950000 0.01947590 65883.43292189 0 -5704.87142258 0 29084.00777088 0 22515.90468846 0 -4153.52799224 0 399
0.02050000 0.02045430 76597.56803266 0 -4538.80060663 0 33004.93943566 0 10242.40978419 0 -4064.58400698 0 462
0.02150000 0.02154770 73086.20166292 0 268.15066969 0 21336.92354177 0 8987.47248924 0 11428.52150806 0 571
0.02250000 0.02255340 73013.23504237 0 6756.75335268 0 27401.90018443 0 2379.96300279 0 14214.53987893 0 510
0.02350000 0.02348930 65152.32731412 0 11415.45616478 0 29935.24810294 0 959.97499071 0 11773.53514941 0 555
0.02450000 0.02439640 62315.26552584 0 10551.41622523 0 38451.85890695 0 -3753.36310097 0 22184.39928339 0 592
0.02550000 0.02547300 54028.29473857 0 2753.67611007 0 32149.15945043 0 6204.45471840 0 13218.58426149 0 837
0.02650000 0.02652900 54229.92177352 0 -4042.19576619 0 40926.41278067 0 4349.02095924 0 6864.98532778 0 723
0.02750000 0.02749970 63448.62869427 0 -5334.53537438 0 36235.17947825 0 -1006.74006181 0 5611.18848229 0 826
0.02850000 0.02848090 60464.19426266 0 -1548.59749379 0 33885.18925874 0 4462.85553070 0 10056.22864236 0 831
0.02950000 0.02946900 67137.48443085 0 1217.26924591 0 28161.46166699 0 3604.34068124 0 2076.18269907 0 996
0.03050000 0.03053250 63025.55516295 0 1163.26951777 0 24867.22358695 0 1275.84184420 0 6056.62810975 0 1041
0.03150000 0.03150510 60300.54530184 0 5514.19491688 0 32468.26385170 0 6278.04138915 0 2835.96562812 0 1036
0.03250000 0.03246190 58069.02895789 0 3980.66685718 0 25422.61139985 0 -2391.91004127 0 -696.24660755 0 1059
0.03350000 0.03345080 54647.90203542 0 2936.79021792 0 29829.61812417 0 5783.60672437 0 4805.71006871 0 1302
0.03450000 0.03451200 51481.66003028 0 -2.81786238 0 22688.85440213 0 923.96225423 0 7056.75799364 0 1339
0.03550000 0.03553350 54722.19733495 0 -1173.77715402 0 24909.63059100 0 4600.38487728 0 -1051.56747607 0 1365
0.03650000 0.03647120 53913.91762319 0 -979.43238711 0 23053.24461191 0 5235.29412703 0 -4996.43086371 0 1308
0.03750000 0.03744890 54287.49786257 0 2836.54138902 0 26780.07842262 0 -1020.19182923 0 -575.49294031 0 1579
0.03850000 0.03847530 52162.49728338 0 3181.38894549 0 21664.66435640 0 721.87239611 0 -1027.05334892 0 1662
0.03950000 0.03950240 49518.09394694 0 1646.37719426 0 20857.82404687 0 359.56378339 0 -1375.11630853 0 1683
0.04050000 0.04050350 47400.29037888 0 1487.85471983 0 19218.67708072 0 3615.57909093 0 -2293.02310832 0 1822
0.04150000 0.04152450 46729.30749487 0 735.32527076 0 17385.10009075 0 5322.66584217 0 -7827.11499290 0 1887
0.04250000 0.04250150 43526.96971082 0 1879.06210032 0 12502.86918522 0 3836.61591129 0 -4243.84494579 0 1920
0.04350000 0.04349210 43418.35020435 0 3475.99029194 0 13308.93443201 0 807.61980120 0 -3187.63373669 0 2005
0.04450000 0.04448520 39215.96004268 0 2108.46959824 0 11498.16643117 0 2419.19224963 0 -2121.99997917 0 2151
0.04550000 0.04548030 38505.55968232 0 785.39985976 0 9170.11048713 0 3126.95739668 0 -371.88285199 0 2274
0.04650000 0.04648670 38262.18998280 0 -1408.96440550 0 9041.49436203 0 2258.80962463 0 -2395.43104057 0 2311
0.04750000 0.04749250 38996.72801127 0 -636.44498120 0 11502.81680760 0 1317.89453386 0 -1833.41090510 0 2568
0.04850000 0.04851840 39944.74046224 0 -811.02786278 0 11325.88105699 0 -1006.57065524 0 -4125.16069606 0 2493
0.04950000 0.04949480 39966.44221889 0 28.15160730 0 12676.48323837 0 -764.38901618 0 -1336.68426908 0 2644
0.05050000 0.05050630 40347.88380889 0 1626.28092471 0 13690.04385227 0 -538.14931039 0 -631.02618544 0 2829
0.05150000 0.05149060 38799.86207600 0 2637.16203601 0 13589.95003591 0 -900.98275131 0 2441.70228598 0 2784
0.05250000 0.05249300 37295.35457964 0 1923.73893097 0 14414.94895815 0 1588.46893546 0 -142.30373303 0 3055
0.05350000 0.05348950 35189.06622939 0 579.59634389 0 13691.15108475 0 880.11584795 0 2452.37600711 0 3009
0.05450000 0.05448610 35510.05292588 0 933.90298746 0 15731.00548609 0 -123.32466106 0 -257.28761181 0 3336
0.05550000 0.05550870 34910.48653695 0 -309.19909949 0 15194.99424162 0 1117.85084137 0 64.51323273 0 3349
0.05650000 0.05647670 34894.54238921 0 933.06038354 0 15638.99446685 0 81.60569127 0 -2223.28960661 0 3324
0.05750000 0.05747970 34564.47638637 0 232.21986842 0 15495.94003019 0 -415.35501369 0 -1553.03749604 0 3639
0.05850000 0.05849280 35244.20640698 0 133.54995303 0 16471.30112347 0 -1298.58439938 0 -3991.65060340 0 3846
0.05950000 0.05951020 34973.04517218 0 884.83155109 0 16117.42962226 0 -173.28520511 0 -2914.88915943 0 3787
0.06050000 0.06049470 33525.22797889 0 1329.15508820 0 16201.13639789 0 -818.09532771 0 -1033.51737215 0 3930
0.06150000 0.06148310 32110.51703681 0 1982.82085620 0 15435.48513668 0 2676.39128284 0 -1688.85063226 0 4083
0.06250000 0.06249100 31663.30583739 0 608.50618399 0 14819.53170702 0 4403.86218407 0 1366.66812469 0 4303
0.06350000 0.06350600 30860.89445778 0 -424.20290845 0 13206.51542744 0 4019.46428334 0 25.89894281 0 4470
0.06450000 0.06451750 30484.98903019 0 160.54317371 0 11383.78931579 0 3365.90923859 0 2528.07749189 0 4479
0.06550000 0.06550280 30841.96078234 0 182.72768371 0 11885.58707658 0 2210.71144562 0 2747.54204212 0 4636
0.06650000 0.06648880 30059.81175715 0 -172.83456149 0 11442.69408383 0 -206.17997491 0 4834.89671693 0 4653
0.06750000 0.06749660 30789.81013244 0 447.44593271 0 12366.34742020 0 -278.86092949 0 4191.99324866 0 5220
0.06850000 0.06852730 30788.03856047 0 -207.89950696 0 11405.93396543 0 283.01194406 0 3911.46482706 0 5029
0.06950000 0.06949320 30519.97757661 0 978.69275581 0 12744.24586626 0 -1145.36556854 0 5502.15929981 0 5040
0.07050000 0.07048030 30468.93415920 0 1188.64728626 0 12909.00205956 0 -190.68204186 0 4268.15977109 0 5475
0.07150000 0.07148790 29110.13845745 0 1320.95049551 0 13017.28939629 0 422.10359567 0 2036.43305297 0 5509
0.07250000 0.07249820 27479.51718141 0 1221.70924816 0 11570.69015873 0 1077.25859135 0 1433.88820866 0 5916
0.07350000 0.07351270 26786.38964777 0 191.21129899 0 11151.82411084 0 1180.87451423 0 35.89758429 0 5721
0.07450000 0.07449140 26274.62679465 0 118.22364102 0 9307.51803813 0 2447.72563068 0 -538.14155977 0 6028
0.07550000 0.07549160 25665.20603663 0 -187.99811033 0 7591.85023515 0 618.42366533 0 -2200.38096656 0 6183
0.07650000 0.07648840 25876.35527092 0 460.67514640 0 6996.33631711 0 730.23310858 0 -2406.24870191 0 6330
0.07750000 0.07749960 24991.56579466 0 386.49167735 0 6528.80740164 0 -717.09468795 0 -2884.82779755 0 6583
0.07850000 0.07848650 25077.48703526 0 203.95997379 0 6201.57591395 0 32.52761151 0 -4546.89447608 0 6549
0.07950000 0.07947320 25009.17079112 0 569.30240350 0 8170.37920693 0 -1035.45724346 0 -4298.65295364 0 6828
0.08050000 0.08048110 24722.28685507 0 1231.47503865 0 8764.94090504 0 -1413.63692657 0 -4127.39730567 0 7147
0.08150000 0.08149960 23496.80194415 0 943.25356577 0 9133.50538128 0 -891.40519034 0 -1398.55642017 0 7386
0.08250000 0.08250610 22216.95191836 0 1197.69337563 0 10331.85202407 0 340.48395327 0 -2126.99359766 0 7227
0.08350000 0.08350160 22355.24525534 0 841.28963374 0 9495.74756004 0 845.01879274 0 -1973.59760962 0 7798
0.08450000 0.08449610 21107.94786452 0 128.70138199 0 9884.71833092 0 1876.68155049 0 -1358.60747222 0 7371
0.08550000 0.08548940 21359.62180765 0 197.97870392 0 8473.42873721 0 1870.52533789 0 -240.42889004 0 8256
0.08650000 0.08650700 21152.68005679 0 -310.00627197 0 8302.98136896 0 1593.60649417 0 211.36735909 0 8037
0.08750000 0.08749060 21083.69947317 0 -202.31905525 0 7421.73503664 0 1446.05669364 0 498.95438777 0 8155
0.08850000 0.08849210 21319.31854531 0 15.37359084 0 6065.86242865 0 1094.40408633 0 1051.45786006 0 8718
0.08950000 0.08949900 21220.44268468 0 116.23172978 0 5818.08594386 0 1133.47389168 0 2544.29844775 0 8571
0.09050000 0.09049190 21211.03120858 0 356.92746285 0 6803.70000991 0 294.92465833 0 2545.35031861 0 8932
0.09150000 0.09150830 20553.66728410 0 605.68495562 0 5948.27433907 0 139.36292356 0 2831.51455355 0 9285
0.09250000 0.09250820 19637.65385185 0 800.59884003 0 6614.76185921 0 539.51342081 0 3164.95761546 0 9204
0.09350000 0.09350330 19385.09412274 0 607.68129579 0 5771.40502242 0 -223.19703093 0 2457.38069793 0 9349
0.09450000 0.09448040 18751.42497337 0 437.97688053 0 6873.74353671 0 -165.09057751 0 2701.93513619 0 9564
0.09550000 0.09549270 18503.40489743 0 532.91874415 0 6082.42662658 0 -202.73537466 0 1458.01480444 0 10155
0.09650000 0.09649430 18360.12901428 0 207.46657906 0 6299.46633767 0 -552.97515333 0 1345.37604406 0 9913
0.09750000 0.09749140 18157.28402360 0 18.96855326 0 6061.02382270 0 -340.17060647 0 1071.18652842 0 10476
0.09850000 0.09850240 18246.52696164 0 -123.90263642 0 5921.08070932 0 209.72865502 0 512.81361674 0 10575
0.09950000 0.09950330 18501.19043247 0 -99.55160461 0 6167.97140812 0 93.49703596 0 -950.70745483 0 10882
0.10050000 0.10051200 18178.87505700 0 126.58103179 0 5823.06849002 0 322.01752993 0 -66.07653427 0 10875
0.10150000 0.10150300 18033.49543213 0 702.84460591 0 5833.68684953 0 815.09140599 0 -278.86646565 0 11118
0.10250000 0.10250800 17366.72003155 0 670.48905832 0 5283.66911416 0 382.87767053 0 23.80140160 0 11575
0.10350000 0.10349800 16772.24691204 0 664.18226211 0 5326.37507098 0 763.02047683 0 503.87825061 0 11364
0.10450000 0.10450100 16254.72645001 0 619.45339154 0 5202.32074372 0 721.68195212 0 1038.33826238 0 12093
0.10550000 0.10551000 15784.92770796 0 325.56621004 0 5048.09433132 0 648.35990994 0 1728.42312117 0 12067
0.10650000 0.10649700 15710.96457817 0 -78.65591322 0 4988.28163265 0 352.98128629 0 383.82767600 0 12054
0.10750000 0.10749900 15528.16049541 0 78.69942745 0 5251.11647919 0 43.65762314 0 1137.99140021 0 12807
0.10850000 0.10850100 15853.24395209 0 279.54409193 0 5496.24667835 0 -821.41923962 0 -5.73172181 0 12736
0.10950000 0.10950300 15206.17728969 0 273.59825350 0 5429.76844014 0 -575.15634163 0 1257.76073777 0 12933
0.11050000 0.11050200 15293.75937900 0 140.26421080 0 5262.68705863 0 -568.83182970 0 371.39899139 0 13428
0.11150000 0.11150900 15170.52440377 0 -12.62112161 0 5653.38511218 0 409.16890581 0 -216.51488290 0 13453
0.11250000 0.11250000 15304.49953408 0 85.68130331 0 5315.45775871 0 462.55190546 0 -686.67458274 0 13668
0.11350000 0.11349100 15019.71933974 0 -7.58293701 0 4804.23744951 0 392.92137637 0 -1386.72010494 0 13791
0.11450000 0.11448600 14940.77366378 0 300.12200760 0 5202.76363671 0 -159.71939274 0 -615.29573357 0 14205
0.11550000 0.11549300 14885.96565593 0 183.00227737 0 4662.98780180 0 42.47343800 0 -1455.11385534 0 14776
0.11650000 0.11649800 14478.83627235 0 81.56804537 0 4639.50340086 0 422.40476290 0 -795.96839380 0 14553
0.11750000 0.11747300 14424.02826450 0 222.65005808 0 4410.01839667 0 232.60518533 0 -477.20502013 0 14568
0.11850000 0.11849100 14465.99237556 0 349.83342434 0 4640.79886286 0 478.70310567 0 -820.08723895 0 16015
0.11950000 0.11950300 13929.87040784 0 344.77115744 0 4189.82307300 0 413.24795028 0 -426.90566294 0 15270
0.12050000 0.12050700 13563.81934934 0 621.63906846 0 4558.60899573 0 138.89456422 0 221.08775305 0 15999
0.12150000 0.12150000 13358.09555421 0 53.56502867 0 4139.52150135 0 -5.93018216 0 784.27601879 0 15670
0.12250000 0.12250700 13581.31362255 0 -273.83963018 0 4463.48665322 0 724.02707052 0 1317.80595527 0 16887
0.12350000 0.12352200 13703.66281180 0 -330.95621776 0 4135.96728508 0 656.61322086 0 981.05337546 0 16407
0.12450000 0.12449800 13969.28788420 0 30.35289620 0 4155.78674651 0 246.32933194 0 864.26360051 0 16306
0.12550000 0.12549900 13803.31373517 0 159.46915820 0 4127.05406360 0 40.25720147 0 1450.08701987 0 17523
0.12650000 0.12650100 13788.03392692 0 384.12441431 0 4465.35787611 0 -371.68797907 0 1167.55450748 0 17154
0.12750000 0.12750600 13436.59833717 0 444.24160191 0 4562.87184079 0 -439.17712054 0 1180.71950169 0 18007
0.12850000 0.12850300 12995.14474665 0 539.74151070 0 4705.61625235 0 -185.21120617 0 961.43432312 0 17496
0.12950000 0.12949900 12790.63890725 0 228.43202610 0 5012.36393913 0 -202.59254167 0 1366.72348631 0 18405
0.13050000 0.13049000 12447.83973087 0 237.47590101 0 4698.03170985 0 269.28336852 0 1117.03148933 0 18100
0.13150000 0.13148800 12563.10263223 0 25.84280613 0 4740.30584601 0 599.20210944 0 233.87850268 0 19059
0.13250000 0.13249300 12395.46763447 0 -72.34789904 0 4264.72735040 0 673.27264078 0 845.08744116 0 18957
0.13350000 0.13349100 12398.45716218 0 -142.61707983 0 4164.56710009 0 655.75843738 0 670.91977176 0 19468
0.13450000 0.13450700 12492.01830689 0 138.97317773 0 4049.14918618 0 227.73446964 0 740.32442542 0 19953
0.13550000 0.13551000 12423.81278601 0 296.97636012 0 3814.19445353 0 820.28432633 0 1324.93653245 0 19956
0.13650000 0.13649900 12064.51584565 0 183.68543981 0 3522.15081411 0 248.47847019 0 1415.67423434 0 19723
0.13750000 0.13749600 11997.41755724 0 285.55525707 0 3583.85688032 0 -109.86525374 0 1404.08151025 0 20946
0.13850000 0.13851100 11761.02342237 0 146.28423381 0 3597.43155055 0 98.72627352 0 1134.76935369 0 20955
0.13950000 0.13949800 11552.75299253 0 66.99730880 0 3615.02547469 0 -196.42304228 0 1226.94645780 0 20506
0.14050000 0.14048300 11605.01436567 0 84.74524897 0 3648.06529195 0 -418.67228221 0 513.74479926 0 21447
0.14150000 0.14148400 11479.45420223 0 160.10581688 0 3444.68882968 0 31.97388455 0 382.99614441 0 21771
0.14250000 0.14249400 11292.44263604 0 185.73492714 0 3455.51756335 0 -55.98289224 0 31.70084102 0 22470
0.14350000 0.14350900 11159.79618471 0 89.50136610 0 2819.87754016 0 430.38790910 0 -499.60876216 0 22519
0.14450000 0.14449900 11076.42157883 0 53.79832255 0 2934.86363340 0 -81.87153779 0 -1162.89305873 0 22218
0.14550000 0.14550500 10998.25096561 0 230.38407697 0 2681.87208362 0 90.77368694 0 -1128.38062227 0 23559
0.14650000 0.14650700 10746.43308226 0 259.99922416 0 2721.53315112 0 54.32060411 0 -709.72051962 0 23044
0.14750000 0.14750500 10568.01364013 0 113.60205264 0 2506.65254337 0 -284.66504216 0 -1050.16904145 0 23649
0.14850000 0.14849900 10651.99722388 0 26.22136891 0 2575.11272772 0 105.34918461 0 -1302.76973816 0 23640
0.14950000 0.14949500 10476.98805780 0 243.50699634 0 2800.21309129 0 -70.44113399 0 -1382.16937944 0 24457
0.15050000 0.15050000 10313.13979513 0 274.45414421 0 2732.95979034 0 -316.39611062 0 -1244.36322474 0 24591
0.15150000 0.15149900 10061.48799665 0 182.35897530 0 2830.65091221 0 158.05854402 0 -1254.41689568 0 25020
0.15250000 0.15250500 10013.57804716 0 154.25741491 0 3160.81656598 0 -129.34468407 0 -1310.15497882 0 25297
0.15350000 0.15350100 9842.33347152 0 189.20499373 0 3232.84203892 0 228.68226064 0 -912.80799421 0 25452
0.15450000 0.15450400 9686.11404065 0 136.54612413 0 3130.44517900 0 320.79182358 0 -672.77327893 0 26061
0.15550000 0.15549900 9740.14698577 0 -86.41019446 0 3152.13586332 0 401.04957002 0 -488.15554937 0 26128
0.15650000 0.15649500 9813.19111259 0 6.00790988 0 3249.30658593 0 322.99964514 0 -248.81728332 0 26331
0.15750000 0.15749700 9789.68456700 0 278.95615148 0 3181.83183848 0 -19.04428796 0 65.89062993 0 27345
0.15850000 0.15849900 9436.82064736 0 360.69537499 0 2925.39679568 0 -139.42382135 0 469.25066198 0 26980
0.15950000 0.15949700 9326.30777334 0 75.75175314 0 3179.69487979 0 180.77784731 0 411.86723137 0 27777
0.16050000 0.16050000 9235.16039544 0 121.47558282 0 2978.22285739 0 31.26326274 0 73.62199146 0 28224
0.16150000 0.16150500 9082.98236313 0 190.65768275 0 3043.15097013 0 105.52257722 0 -399.76739481 0 28075
0.16250000 0.16249700 8822.06302878 0 249.89351330 0 3011.74985695 0 -61.11281105 0 8.44222693 0 28590
0.16350000 0.16349900 8638.70532978 0 147.06372547 0 2789.74974433 0 185.16248794 0 10.00014732 0 29163
0.16450000 0.16449100 8816.71509589 0 -85.83133332 0 2879.43557536 0 285.36702755 0 -204.94873239 0 28996
0.16550000 0.16550500 8659.03411815 0 -24.69759557 0 2693.14371029 0 395.24324289 0 -203.13508559 0 30777
0.16650000 0.16650700 8768.48404898 0 66.87905637 0 2504.52665700 0 20.20046012 0 211.22674057 0 29211
0.16750000 0.16749900 8752.55097357 0 49.92356248 0 2477.85342652 0 107.99336650 0 331.31274662 0 30922
0.16850000 0.16850800 8744.97750339 0 61.92618403 0 2563.34284644 0 -15.71340049 0 482.05802009 0 30867
0.16950000 0.16949900 8681.82096263 0 113.14365839 0 2719.36297546 0 -12.71423987 0 270.61315473 0 30852
0.17050000 0.17049200 8679.61756999 0 71.20545657 0 2493.99687610 0 -60.28161163 0 461.27858811 0 31257
0.17150000 0.17149500 8626.16038576 0 34.35509872 0 2820.55295198 0 23.86174577 0 283.31532576 0 32608
0.17250000 0.17250900 8607.32636125 0 142.06124912 0 2822.15843908 0 -63.99848034 0 29.00406559 0 32361
0.17350000 0.17350400 8410.74830642 0 254.07110145 0 3107.51439430 0 -133.63520993 0 384.83304309 0 32508
0.17450000 0.17449800 8299.74825011 0 292.02038753 0 3155.96688771 0 -235.18946594 0 383.46007482 0 32791
0.17550000 0.17549800 8126.58816227 0 54.15684443 0 3110.16067993 0 215.64127647 0 674.31011762 0 33633
0.17650000 0.17650100 8094.05767195 0 -32.80198372 0 3015.54766436 0 382.47353068 0 316.85339764 0 33984
0.17750000 0.17750300 8091.54425422 0 36.99662326 0 2813.41130247 0 351.64707115 0 305.03922706 0 34069
0.17850000 0.17849800 8063.44269383 0 169.08879400 0 2678.46180758 0 207.82200068 0 218.57544255 0 34536
0.17950000 0.17950400 7856.87740201 0 148.02037434 0 2396.62685165 0 126.12595924 0 357.47775740 0 35343
0.18050000 0.18050100 7745.09121064 0 41.94694896 0 2169.28987847 0 212.64842707 0 375.47914309 0 34990
0.18150000 0.18150500 7652.29405634 0 13.53436697 0 1969.48977712 0 297.40375186 0 100.92988761 0 36243
0.18250000 0.18250200 7747.49390513 0 3.99530447 0 1891.10878973 0 201.92155879 0 201.83076572 0 35694
0.18350000 0.18350400 7668.12748083 0 42.12787075 0 1768.94783000 0 206.05596488 0 119.39509298 0 37087
0.18450000 0.18450600 7587.52095615 0 128.75674362 0 1800.96899338 0 50.11876757 0 313.16409901 0 36651
0.18550000 0.18550700 7626.20765907 0 142.20740381 0 1682.18509272 0 -16.64546879 0 104.58331190 0 37818
0.18650000 0.18651000 7349.58776812 0 199.69159257 0 1955.15111648 0 -35.22527273 0 242.30343463 0 37267
0.18750000 0.18750100 7260.44448101 0 236.09407488 0 1862.21002195 0 -185.77146581 0 208.32468423 0 38334
0.18850000 0.18850000 7058.28597447 0 149.94142269 0 1789.11053350 0 143.19837688 0 405.64569206 0 38223
0.18950000 0.18949500 6988.33102626 0 89.91181718 0 1776.11162416 0 241.12976820 0 449.05363427 0 39064
0.19050000 0.19050000 7006.67786849 0 -118.26571585 0 1526.46391647 0 325.68911284 0 394.64865905 0 39609
0.19150000 0.19149800 7084.99242193 0 -66.66281387 0 1502.83557531 0 300.87271123 0 265.28183033 0 39576
0.19250000 0.19250400 7038.74332116 0 68.66745827 0 1307.48654853 0 15.78979953 0 102.03545924 0 40909
0.19350000 0.19350500 6981.21152140 0 126.76704685 0 1301.25282966 0 -69.07757719 0 254.41987968 0 40191
0.19450000 0.19450100 6946.10117940 0 19.30105518 0 1411.25637674 0 -128.04368590 0 302.24678674 0 41232
0.19550000 0.19549800 7009.29093714 0 10.47005678 0 1606.91542861 0 48.79374246 0 267.23941736 0 40873
0.19650000 0.19649700 6962.75395593 0 55.43558722 0 1590.98235319 0 -6.06916198 0 300.62469115 0 42816
0.19750000 0.19750200 6962.46607549 0 145.01091645 0 1663.72752725 0 -118.76397047 0 317.93516377 0 41727
0.19850000 0.19849000 6861.96258311 0 167.75679333 0 1778.30394447 0 -51.77230856 0 515.07126377 0 42610
0.19950000 0.19949900 6777.65790194 0 45.61521017 0 1718.22551001 0 32.57212226 0 632.43126346 0 43863
0.20050000 0.20050100 6687.26344212 0 104.37780956 0 1879.58249959 0 -63.45936885 0 428.22880576 0 43302
0.20150000 0.20150100 6730.39014729 0 92.06914895 0 1825.21738473 0 108.36716819 0 307.52053505 0 44487
0.20250000 0.20249700 6465.59549925 0 159.51898366 0 1791.57966193 0 -121.39475485 0 325.07459882 0 43759
0.20350000 0.20349100 6485.01635698 0 170.02108375 0 1630.23374467 0 50.37730635 0 196.05654833 0 45282
0.20450000 0.20449700 6355.43693963 0 9.74319188 0 1768.61566026 0 -23.16042472 0 81.51722340 0 45483
0.20550000 0.20549900 6350.96372040 0 11.50503127 0 1636.67783772 0 59.81469169 0 94.26589819 0 46138
0.20650000 0.20650200 6409.77990984 0 5.64335359 0 1752.01824535 0 104.97792956 0 -51.37547644 0 46227
0.20750000 0.20749300 6349.76790932 0 107.49190091 0 1715.62351367 0 37.62575275 0 75.46841235 0 46236
0.20850000 0.20850300 6281.83919656 0 175.73218889 0 1713.77443543 0 23.35341534 0 18.53330017 0 48361
0.20950000 0.20950400 6123.70425350 0 189.40872451 0 1679.27307130 0 8.47314086 0 278.09472461 0 46812
0.21050000 0.21050300 6044.27139525 0 123.84616756 0 1624.36541252 0 139.77038512 0 274.73538126 0 48813
0.21150000 0.21149700 5937.56740097 0 30.34691714 0 1541.96517122 0 170.44736826 0 297.22770190 0 47215
0.21250000 0.21249000 5986.69530619 0 -1.18078594 0 1509.42360858 0 201.09445612 0 217.39291826 0 50004
0.21350000 0.21350300 5915.06843694 0 30.73865599 0 1428.56242043 0 106.46870737 0 163.23817757 0 49509
0.21450000 0.21449800 5894.77286555 0 75.10446503 0 1215.59732486 0 150.65448041 0 213.92506612 0 49660
0.21550000 0.21550100 5894.90573345 0 43.28891473 0 1304.16485109 0 -26.15460279 0 119.95424539 0 50841
0.21650000 0.21649800 5821.26370108 0 83.44436153 0 1277.35875270 0 -10.35504854 0 115.49984911 0 50424
0.21750000 0.21750300 5766.48891020 0 47.06424532 0 1258.02647357 0 5.77544642 0 25.32229614 0 52231
0.21850000 0.21850300 5700.69715613 0 108.53635331 0 1325.60087194 0 -95.33360247 0 295.55688808 0 51078
0.21950000 0.21950100 5804.37840573 0 86.71656568 0 1330.30660999 0 -62.76192311 0 -19.79654171 0 52791
0.22050000 0.22050700 5645.75628038 0 60.19701906 0 1386.31042892 0 -75.54547573 0 240.21851587 0 52969
0.22150000 0.22150000 5579.39983774 0 161.62604708 0 1315.80186447 0 27.08146710 0 98.77842417 0 52704
0.22250000 0.22250100 5510.74035154 0 78.47023033 0 1307.96265850 0 220.76665563 0 226.06587029 0 54051
0.22350000 0.22349900 5459.54192158 0 -16.93910685 0 1203.22953804 0 309.02194229 0 265.69814974 0 53938
0.22450000 0.22449800 5524.04928597 0 -43.07721188 0 1017.90982309 0 295.92338203 0 49.88248416 0 54735
0.22550000 0.22549100 5464.42481682 0 52.78996593 0 909.43647130 0 125.33650248 0 133.84779857 0 54774
0.22650000 0.22649900 5436.74400478 0 113.27763352 0 895.10002513 0 -24.03403114 0 262.20593850 0 56911
0.22750000 0.22749800 5326.57437283 0 163.41976370 0 873.80351557 0 -98.04920086 0 444.31135756 0 54879
0.22850000 0.22849100 5257.35019806 0 67.41274243 0 971.18018342 0 -77.32900581 0 411.19624849 0 57210
0.22950000 0.22949800 5265.80945423 0 49.43793032 0 1062.46817986 0 57.60919531 0 197.60445934 0 57375
0.23050000 0.23049600 5182.39055904 0 44.98907020 0 959.75243698 0 -57.74250610 0 249.14391691 0 57604
0.23150000 0.23150100 5192.15634953 0 41.04178641 0 1048.96990867 0 -75.21341671 0 193.05705554 0 58629
0.23250000 0.23250200 5217.27945455 0 31.61215170 0 1085.59826640 0 -136.99455328 0 132.06958320 0 58560
0.23350000 0.23350400 5137.94624722 0 88.40764185 0 988.92136948 0 109.68101025 0 135.12000869 0 59305
0.23450000 0.23449700 5133.90484866 0 61.45018479 0 1011.50005425 0 15.12944608 0 252.66602343 0 59196
0.23550000 0.23549300 5133.20729220 0 -64.01774619 0 867.29298858 0 173.02721994 0 136.47304678 0 60063
0.23650000 0.23649900 5162.94755666 0 -19.18014539 0 925.53009543 0 181.57726917 0 249.30557285 0 61537
0.23750000 0.23750400 5155.98306435 0 102.77287607 0 845.26792005 0 124.76959945 0 111.53595683 0 61224
0.23850000 0.23850100 5062.90910192 0 139.51239995 0 805.16174509 0 2.76173676 0 238.43808604 0 61221
0.23950000 0.23949400 4978.61549308 0 95.53666891 0 837.61915807 0 56.37197373 0 387.47711426 0 62332
0.24050000 0.24050100 4911.12967331 0 85.90817525 0 787.61875365 0 17.79687985 0 376.87093432 0 63447
0.24150000 0.24150500 4892.80497574 0 48.02310865 0 883.63131108 0 -31.58092774 0 308.23580723 0 63342
0.24250000 0.24250300 4811.04692927 0 76.06786801 0 845.03429400 0 12.83858207 0 222.06101040 0 63379
0.24350000 0.24349600 4846.61123659 0 18.20090898 0 757.47213487 0 4.43426679 0 277.18236505 0 64266
0.24450000 0.24449500 4786.36671725 0 -1.95155261 0 708.70740190 0 100.55420363 0 139.94754231 0 64695
0.24550000 0.24549600 4871.75648626 0 0.20827486 0 718.01258368 0 18.93400761 0 -45.73036235 0 65947
0.24650000 0.24650000 4784.99374898 0 23.98619870 0 610.84798069 0 58.50439277 0 -13.20939423 0 66018
0.24750000 0.24750000 4801.67974248 0 109.24786090 0 529.22501659 0 114.37490091 0 38.33914264 0 66303
0.24850000 0.24849600 4703.80039108 0 52.74589808 0 424.94253975 0 149.18296844 0 52.38737620 0 66958
0.24950000 0.24949200 4688.99669280 0 53.62714441 0 379.97672143 0 152.76707999 0 43.82702971 0 66975
0.25050000 0.25048900 4605.52243599 0 60.85604384 0 333.88484767 0 91.50789280 0 30.63025793 0 68676
0.25150000 0.25150000 4612.58657923 0 96.46674420 0 346.81621583 0 -120.89539300 0 -32.41533814 0 69349
0.25250000 0.25249900 4545.49936315 0 64.98170279 0 418.81290073 0 -200.65820653 0 -8.81782233 0 68592
0.25350000 0.25349900 4497.89943875 0 71.17378972 0 500.45690225 0 -238.46465962 0 -8.44685516 0 70437
0.25450000 0.25450100 4527.90543901 0 52.07391868 0 627.59155028 0 -50.45558769 0 75.51458394 0 70099
0.25550000 0.25550100 4468.85673075 0 14.56497896 0 681.53813126 0 95.63023006 0 99.95552302 0 71064
0.25650000 0.25650300 4505.26253476 0 81.52253811 0 544.92778765 0 189.31350252 0 49.58308849 0 71409
0.25750000 0.25750600 4508.79460638 0 23.74371479 0 566.12575351 0 77.63637355 0 147.00393492 0 72612
0.25850000 0.25850600 4366.61488338 0 109.04988774 0 499.21569463 0 100.95845421 0 214.31149026 0 71845
0.25950000 0.25949600 4354.78964047 0 128.21309247 0 520.14681747 0 -54.45103610 0 255.39202980 0 72816
0.26050000 0.26049800 4219.46368654 0 49.75924918 0 537.46836242 0 4.20809241 0 177.38971592 0 73743
0.26150000 0.26149900 4250.18938791 0 34.31745282 0 537.09633230 0 -42.80206460 0 101.11700990 0 74662
0.26250000 0.26250300 4185.85918071 0 54.88440689 0 490.71768534 0 -70.33749703 0 -53.73642826 0 74931
0.26350000 0.26350100 4180.28980133 0 72.57621038 0 446.19586724 0 -49.77497188 0 -35.99324918 0 75087
0.26450000 0.26450200 4138.81287256 0 52.22527737 0 486.86008737 0 -55.12478707 0 -33.29027325 0 76678
0.26550000 0.26550600 4150.17307782 0 27.56776361 0 454.59533285 0 44.42659610 0 -131.84702948 0 76035
0.26650000 0.26650100 4113.29116385 0 64.73368271 0 539.66954059 0 -20.55942489 0 -26.71464098 0 77094
0.26750000 0.26750600 4086.91688614 0 75.18274637 0 446.18811661 0 23.37245974 0 27.94577278 0 78463
0.26850000 0.26850100 4069.56655314 0 2.82334318 0 537.91568434 0 79.72815715 0 173.54429751 0 77076
0.26950000 0.26949700 4074.98091998 0 35.32625233 0 450.51296669 0 221.35348884 0 89.11848511 0 79149
0.27050000 0.27049900 4014.59246042 0 35.19748120 0 399.93790861 0 165.98743582 0 134.16446706 0 79648
0.27150000 0.27150200 4054.78499951 0 10.82181347 0 301.67213308 0 100.89722425 0 183.01999309 0 80241
0.27250000 0.27250500 3977.62196785 0 76.33415743 0 207.36028474 0 24.94417624 0 242.57470659 0 80835
0.27350000 0.27350000 3989.86795910 0 59.29628544 0 258.31180186 0 -76.97037321 0 157.99432453 0 80680
0.27450000 0.27450400 3949.91901115 0 80.01027999 0 269.23686476 0 -95.27868374 0 246.34926212 0 82617
0.27550000 0.27550800 3881.53633307 0 93.70497422 0 316.26877889 0 -29.22119388 0 151.39743341 0 82548
0.27650000 0.27649900 3836.93700870 0 76.37291056 0 317.72811130 0 -48.99935553 0 142.09557333 0 81181
0.27750000 0.27748900 3823.78308682 0 49.44745251 0 331.93611851 0 58.55133943 0 53.68117736 0 84096
0.27850000 0.27849800 3814.34946607 0 -0.47137212 0 270.61536920 0 73.85960355 0 149.28704830 0 85215
0.27950000 0.27950200 3822.81979456 0 26.36641637 0 236.18929687 0 108.10774362 0 185.63306175 0 84514
0.28050000 0.28050300 3837.60134819 0 5.43309014 0 194.27168957 0 10.88564542 0 155.26056754 0 85815
0.28150000 0.28150100 3790.58825701 0 10.55798211 0 251.18011744 0 84.64415865 0 125.17927547 0 85485
0.28250000 0.28250000 3802.02596855 0 69.19272936 0 202.68112027 0 -29.90513138 0 99.42360854 0 87220
0.28350000 0.28350400 3753.56240282 0 118.72189564 0 252.98379915 0 -68.20408148 0 159.10709318 0 87147
0.28450000 0.28449700 3710.80108437 0 77.79038959 0 291.91298598 0 -60.05673271 0 163.62128001 0 87102
0.28550000 0.28549800 3638.03376566 0 66.95014069 0 403.15552620 0 -11.73799299 0 329.10160335 0 88971
0.28650000 0.28649900 3641.08972731 0 27.47220945 0 362.41047810 0 10.30705002 0 199.21216090 0 89434
0.28750000 0.28750100 3612.33489976 0 16.57715255 0 396.68596681 0 35.92471149 0 211.94865614 0 89619
0.28850000 0.28849900 3648.04314730 0 48.23636163 0 354.35425457 0 13.89820356 0 228.88266972 0 90240
0.28950000 0.28950100 3588.55154605 0 84.50675110 0 370.31501079 0 -64.76623535 0 221.49632183 0 91333
0.29050000 0.29050500 3575.81837251 0 68.63512709 0 315.76388088 0 75.52919941 0 298.40911895 0 92139
0.29150000 0.29150600 3513.41474983 0 3.97067962 0 345.85956697 0 73.93666693 0 366.37658485 0 92370
0.29250000 0.29250200 3548.60259810 0 47.67388753 0 256.52140693 0 72.39528859 0 342.33303151 0 91819
0.29350000 0.29349600 3532.24877435 0 48.42746995 0 320.21606269 0 42.68857328 0 374.41066374 0 93552
0.29450000 0.29450000 3487.74910090 0 73.95991881 0 295.88462890 0 -18.83446741 0 298.24303408 0 94701
0.29550000 0.29550200 3442.48543704 0 52.76859634 0 298.81436604 0 -30.72990886 0 461.56093239 0 95020
0.29650000 0.29650300 3483.26480935 0 37.02840083 0 332.93373497 0 -11.77663540 0 365.50408566 0 95151
0.29750000 0.29749800 3419.70966489 0 45.95623778 0 287.57374189 0 -3.74124998 0 302.34311596 0 95802
0.29850000 0.29850000 3384.48859964 0 51.05471119 0 288.25579710 0 6.86285944 0 309.03522908 0 97399
0.29950000 0.29950700 3373.21697298 0 48.80492551 0 195.47414405 0 78.60044087 0 236.40963613 0 97881
0.30050000 0.30050300 3374.49029033 0 -13.15104308 0 200.20756291 0 50.62765162 0 107.30732526 0 97188
0.30150000 0.30149700 3375.01068960 0 5.37391963 0 111.23368236 0 90.53729281 0 127.31623416 0 98263
0.30250000 0.30249700 3347.46274545 0 100.08141536 0 110.15258057 0 -22.49320642 0 162.80857137 0 100050
0.30350000 0.30350600 3298.63379300 0 80.06940620 0 128.19537675 0 -74.62481192 0 115.32601361 0 100779
0.30450000 0.30450500 3245.88523756 0 91.56812625 0 186.09256323 0 -72.53668218 0 102.77553343 0 99982
0.30550000 0.30550300 3231.09261160 0 26.05495187 0 189.12638023 0 -92.53728684 0 3.55913238 0 101559
0.30650000 0.30649700 3203.76611395 0 47.90009512 0 272.06584375 0 -104.16300645 0 49.54411391 0 100935
0.30750000 0.30749800 3251.87536529 0 37.72418572 0 292.06689130 0 -29.55535664 0 31.95727606 0 103762
0.30850000 0.30850200 3197.87563715 0 17.91457866 0 295.98870875 0 -5.09372338 0 61.04061949 0 102951
0.30950000 0.30950100 3223.80702187 0 55.31456671 0 196.58359099 0 122.94820202 0 14.80901300 0 104394
0.31050000 0.31050000 3192.25089614 0 43.51988342 0 147.80446400 0 79.81883949 0 62.89999500 0 103963
0.31150000 0.31149700 3204.76262318 0 -0.71802255 0 84.11279778 0 146.09821875 0 35.76338772 0 105936
0.31250000 0.31250000 3136.19171558 0 53.55639225 0 108.16133367 0 73.63262089 0 88.17844473 0 105717
0.31350000 0.31349800 3174.05906646 0 46.73307209 0 -2.47176365 0 43.05141336 0 125.91669230 0 106776
0.31450000 0.31450400 3073.61093571 0 45.24616959 0 8.56841821 0 34.89332443 0 166.76028409 0 108733
0.31550000 0.31549900 3123.83500108 0 58.56894442 0 -24.16667760 0 -5.25977504 0 120.94632569 0 105891
0.31650000 0.31650000 3057.82180052 0 25.53156308 0 -9.84934225 0 21.06930545 0 121.23199167 0 111072
0.31750000 0.31750600 3070.13422571 0 39.80057879 0 -12.74180995 0 -10.14104265 0 115.19868188 0 108121
0.31850000 0.31849900 3049.00822996 0 43.55044304 0 -46.37720757 0 -55.31489888 0 112.32319912 0 110484
0.31950000 0.31950100 3032.88692502 0 51.66136386 0 -20.67834166 0 17.39484374 0 82.95728996 0 110817
0.32050000 0.32049800 3012.11524366 0 31.69408690 0 -71.73338502 0 -33.50928383 0 200.90733383 0 111088
0.32150000 0.32149900 3040.18358708 0 20.15140972 0 -103.85386715 0 57.89142887 0 87.77939814 0 112635
0.32250000 0.32250100 3036.52971989 0 -20.30387564 0 -121.02715366 0 34.97160577 0 102.21759898 0 113202
0.32350000 0.32350400 3034.80243722 0 30.34636352 0 -87.22389961 0 100.25137554 0 77.70048231 0 113863
0.32450000 0.32450300 3023.48652125 0 99.13938196 0 -104.19733066 0 -23.99073835 0 108.02503335 0 114045
0.32550000 0.32549900 2960.89466905 0 97.99682876 0 -137.86815971 0 4.90943561 0 201.13320926 0 114828
0.32650000 0.32650300 2854.21281943 0 108.40237818 0 -39.88539280 0 -25.23194597 0 295.96767133 0 116431
0.32750000 0.32750400 2849.14169466 0 64.60734749 0 -99.88067411 0 26.58420900 0 251.82009782 0 116442
0.32850000 0.32850400 2822.31345162 0 40.64218620 0 -44.61903311 0 16.26491299 0 280.61589297 0 116955
0.32950000 0.32949800 2786.20660039 0 38.82920374 0 -68.48055743 0 -29.10349506 0 306.90380656 0 117028
0.33050000 0.33049700 2768.43551906 0 54.82384128 0 -53.75381181 0 17.63566680 0 232.05378355 0 119061
0.33150000 0.33150100 2735.86073944 0 55.15767187 0 -93.58716468 0 -5.04599059 0 285.87746173 0 120060
0.33250000 0.33250400 2719.00866107 0 76.18678478 0 -64.42664715 0 42.00607517 0 210.83478027 0 119737
0.33350000 0.33350100 2661.79795873 0 29.31409068 0 -96.36432519 0 59.68802429 0 249.21699425 0 120531
0.33450000 0.33450000 2676.72345258 0 25.69000804 0 -140.55319848 0 33.27909020 0 196.61570073 0 121704
0.33550000 0.33550300 2674.26539647 0 13.92843101 0 -156.51506194 0 2.79252890 0 253.66253267 0 122761
0.33650000 0.33650300 2686.76605119 0 37.51259359 0 -172.08939403 0 14.01811684 0 229.59462021 0 122472
0.33750000 0.33749900 2655.39815498 0 32.41965635 0 -191.02528393 0 -26.95734634 0 211.95529954 0 122985
0.33850000 0.33849800 2674.53113227 0 28.71552080 0 -176.99000499 0 -10.64415802 0 204.52576959 0 125380
0.33950000 0.33950300 2666.43726283 0 31.55501850 0 -201.69236166 0 2.65719187 0 177.35982064 0 125223
0.34050000 0.34050000 2668.49671524 0 20.75817312 0 -231.49684561 0 29.72376670 0 186.60410463 0 125178
0.34150000 0.34149900 2692.20256268 0 -21.64085886 0 -277.54996623 0 14.26037930 0 187.10457372 0 127059
0.34250000 0.34250300 2730.75639770 0 -0.38908592 0 -210.00657037 0 9.16485113 0 121.36485957 0 127957
0.34350000 0.34349800 2727.98831649 0 34.37137504 0 -246.38137186 0 -26.82447845 0 163.23596310 0 126732
0.34450000 0.34449700 2719.91659170 0 64.67234203 0 -225.46242858 0 -24.42089817 0 187.20865357 0 129639
0.34550000 0.34550000 2694.63847414 0 57.39693884 0 -241.33792791 0 -9.46285168 0 210.39520897 0 129826
0.34650000 0.34650400 2678.67218175 0 39.25094859 0 -194.27833297 0 98.00878687 0 237.34081865 0 130875
0.34750000 0.34750200 2637.28383158 0 48.59001168 0 -238.51780678 0 12.69375607 0 239.96828133 0 130686
0.34850000 0.34850200 2629.27854074 0 63.49612897 0 -203.91568449 0 -15.20905609 0 171.86019691 0 132211
0.34950000 0.34950400 2578.89946281 0 85.56548680 0 -169.91257497 0 -75.78851326 0 321.84701613 0 132768
0.35050000 0.35050300 2556.48907738 0 92.07734247 0 -108.99662985 0 -66.49816840 0 357.13340810 0 132957
0.35150000 0.35150100 2490.48694913 0 63.69421286 0 -93.85755085 0 10.75529094 0 429.01161912 0 133987
0.35250000 0.35249800 2498.12685326 0 24.33929514 0 -138.99089345 0 83.85503406 0 324.71253379 0 134778
0.35350000 0.35349800 2478.00843906 0 45.11706628 0 -91.49095215 0 30.96309202 0 327.74192186 0 135699
0.35450000 0.35450100 2462.77292011 0 54.91153409 0 -108.83984573 0 -13.19522166 0 301.69870666 0 137380
0.35550000 0.35550100 2439.28851917 0 41.42566391 0 -123.95578358 0 9.77374042 0 363.87091775 0 136161
0.35650000 0.35649900 2440.16323283 0 36.68239068 0 -151.22581237 0 -15.11239470 0 401.87999439 0 138792
0.35750000 0.35750000 2435.03674644 0 12.21299572 0 -154.82431794 0 27.00894338 0 384.69131734 0 138097
0.35850000 0.35849800 2451.75595692 0 39.36997608 0 -145.59996413 0 0.35135365 0 386.45846038 0 140028
0.35950000 0.35950300 2431.56003645 0 46.77271101 0 -153.35059151 0 3.01828253 0 428.08597277 0 141099
0.36050000 0.36050500 2423.84262605 0 40.33193966 0 -146.09378982 0 -40.24369323 0 345.30705796 0 140821
0.36150000 0.36150200 2404.86466131 0 36.11648416 0 -92.61722903 0 -82.98596728 0 260.45872564 0 141756
0.36250000 0.36250400 2399.80460887 0 55.15169281 0 -90.81166502 0 -59.64539584 0 217.96867915 0 142971
0.36350000 0.36349900 2374.16110459 0 22.46441838 0 -120.68391159 0 -48.37210833 0 227.85294351 0 142270
0.36450000 0.36450000 2372.51132819 0 42.40013921 0 -129.13209543 0 7.07716429 0 155.76435832 0 145311
0.36550000 0.36550300 2375.92160423 0 36.16774902 0 -148.44555161 0 48.80924371 0 117.29799466 0 145434
0.36650000 0.36650100 2346.50243719 0 37.20710815 0 -187.03592530 0 39.34439901 0 117.49618928 0 144547
0.36750000 0.36749600 2330.46971085 0 20.63416309 0 -225.21551574 0 27.90026552 0 122.19639116 0 146892
0.36850000 0.36849900 2348.48438333 0 8.23734463 0 -223.53473683 0 34.17882731 0 134.28072647 0 148113
0.36950000 0.36949900 2371.51481896 0 3.76596341 0 -220.24957806 0 -25.01470695 0 102.92866368 0 147387
0.37050000 0.37049800 2378.56788987 0 67.94100304 0 -185.40386462 0 -13.95445097 0 152.18467570 0 149758
0.37150000 0.37150100 2323.89274991 0 80.45106924 0 -160.84323371 0 -11.70156504 0 164.42734525 0 150099
0.37250000 0.37250000 2286.50150900 0 45.63824061 0 -200.41793708 0 29.20735347 0 216.45952127 0 150468
0.37350000 0.37349800 2268.91865719 0 18.50218694 0 -250.65639648 0 99.16340891 0 177.66984574 0 150709
0.37450000 0.37449700 2277.63257682 0 -7.61711728 0 -254.21282721 0 76.75900253 0 149.95803118 0 153108
0.37550000 0.37550100 2302.11348699 0 48.91155199 0 -241.71992312 0 -30.36286129 0 105.40963951 0 153189
0.37650000 0.37649900 2267.30209776 0 75.81165442 0 -242.66660689 0 -76.17394089 0 133.00076572 0 153547
0.37750000 0.37749900 2217.24411726 0 80.91998220 0 -241.36228702 0 -71.16969296 0 174.83422335 0 155424
0.37850000 0.37850200 2213.76740727 0 48.18576110 0 -223.34097115 0 -20.87243952 0 208.23278393 0 155313
0.37950000 0.37949900 2208.95094597 0 27.18322177 0 -202.28362381 0 11.50436693 0 160.23979201 0 156100
0.38050000 0.38050000 2194.36869418 0 35.83126107 0 -164.22915064 0 14.15951042 0 133.68503540 0 157557
0.38150000 0.38149800 2182.29986013 0 59.03054965 0 -164.51038769 0 -40.19951466 0 151.30221141 0 157692
0.38250000 0.38250100 2181.90125644 0 28.53282744 0 -217.44274372 0 15.02436972 0 206.35048872 0 159703
0.38350000 0.38350500 2164.90523784 0 4.11165246 0 -241.44532946 0 82.11225013 0 210.31880993 0 160338
0.38450000 0.38450600 2208.29767881 0 3.04183336 0 -286.22291826 0 77.98293731 0 145.80590937 0 160167
0.38550000 0.38550000 2189.35293104 0 29.80404105 0 -305.85082847 0 60.11043348 0 150.09422078 0 160033
0.38650000 0.38649600 2190.62624839 0 71.28285212 0 -350.72585372 0 -8.28588570 0 160.44352278 0 162444
0.38750000 0.38750200 2140.47968929 0 70.18093435 0 -336.10152710 0 -17.39694748 0 199.82113877 0 164307
0.38850000 0.38850400 2115.57803077 0 38.15257397 0 -311.27294593 0 -20.06128100 0 170.70535343 0 163882
0.38950000 0.38950500 2073.23746067 0 60.41558676 0 -292.92388924 0 -31.68334675 0 217.61990092 0 164595
0.39050000 0.39050100 2083.39078253 0 61.95818305 0 -287.40433532 0 -8.67260879 0 173.44686105 0 165006
0.39150000 0.39150100 2045.16911725 0 41.12870416 0 -292.27394377 0 8.50240501 0 252.94283155 0 166687
0.39250000 0.39250100 2054.60273800 0 14.56475751 0 -320.42643686 0 38.59358466 0 269.72293981 0 167256
0.39350000 0.39350100 2068.74209679 0 5.23553772 0 -328.95655590 0 46.74558381 0 264.92419424 0 167937
0.39450000 0.39449600 2072.44025328 0 12.29138778 0 -371.23622822 0 26.05362319 0 235.90805982 0 167719
0.39550000 0.39549700 2081.88494635 0 36.17992858 0 -365.43543724 0 16.50540388 0 258.33837544 0 171636
0.39650000 0.39650400 2050.57241176 0 73.97741309 0 -363.81444889 0 -29.81057373 0 265.19103727 0 171093
0.39750000 0.39750000 2035.65799023 0 62.95314216 0 -358.69349866 0 -48.71811848 0 261.91362912 0 170464
0.39850000 0.39849800 1987.83661934 0 45.18527180 0 -360.56361432 0 -20.97408346 0 286.39121760 0 172113
0.39950000 0.39949500 2011.44281585 0 35.38991820 0 -310.91863153 0 -39.27364685 0 293.79860290 0 173232
