### header ###
fiducial parameters:
Omega_m = 0.31
Omega_nu = 0
Omega_de = 0.69
Omega_k = 0
H_0 = 100
w_de = -1
zeff = 0
beta = 0
fgrowth = 0
b_1 = 2
gamma = 0.55
Lx = 3500 Ly = 3500 Lz = 3500
nx = 700 ny = 700 nz = 700
xoffset = -685.467585 yoffset = -31.7331281 zoffset = 572.489161
bins = 400 dk = 0.001
kx_ny = 0.628318531 ky_ny = 0.628318531 kz_ny = 0.628318531
############################
A(data) = 8.02026036 (not used)
A(ran) = 8.01848536 (used)
Ngal = 475778
weighted Ngal = 0
Nran = 23820508
weighted Nran = 0
SN(data) = 3492.19197
SN(ran) = 69.8439155
SN(data+ran) = 3562.03588
############################
13 columns: k_central k_mean P_0(k) sigma^{lin}_{P_0(k)} P^img_1(k) sigma^{lin}_{P_1(k)} P_2(k) sigma^{lin}_{P_2(k)} P^img_3(k) sigma^{lin}_{P_3(k)} P_4(k) sigma^{lin}_{P_4(k)} N_modes
### header ###
0.00050000 0 0 0 0 0 0 0 0 0 0 0 0
0.00150000 0.00179520 1507.44166243 0 -10669.31433990 0 -12539.18641062 0 -3934.82743243 0 14933.68737590 0 3
0.00250000 0.00253879 10867.59753275 0 -19023.47199416 0 -17700.10773184 0 -9628.11720325 0 -18234.01523459 0 6
0.00350000 0.00331552 28040.66260322 0 -30039.99229572 0 -23298.82877639 0 -25624.68132779 0 -45983.36497184 0 7
0.00450000 0.00420575 38067.75995899 0 -16911.53675826 0 -21691.68082896 0 -13907.28286521 0 7939.06726914 0 24
0.00550000 0.00557378 39939.09357659 0 1503.43348085 0 -23123.33242801 0 -16116.10094328 0 9316.32053636 0 45
0.00650000 0.00659388 40728.77178265 0 -1164.04458051 0 -19037.86601643 0 -11889.68383676 0 20373.29911281 0 40
0.00750000 0.00754703 50929.26174508 0 -15952.45198246 0 -9065.75382571 0 -10452.88360667 0 -34913.69751115 0 57
0.00850000 0.00846663 63434.78828825 0 -10280.27713507 0 -5285.29674591 0 -10361.75837341 0 -1553.74612483 0 75
0.00950000 0.00948925 66772.65132808 0 2288.35058724 0 -4399.46647112 0 -19919.44451849 0 -12785.10274484 0 112
0.01050000 0.01054430 67141.69191429 0 -746.97446371 0 17182.03365358 0 -18447.71110359 0 3992.70247425 0 105
0.01150000 0.01145670 74549.29866446 0 -1482.50678694 0 11711.86230017 0 -7306.47213528 0 788.42703336 0 144
0.01250000 0.01249090 74239.60573928 0 -699.51626507 0 28315.03481223 0 -13394.96639585 0 -9597.20327236 0 169
0.01350000 0.01339930 76232.18131364 0 941.02470678 0 28976.16332715 0 -18218.29253335 0 -31750.66648021 0 180
0.01450000 0.01448870 69120.31635938 0 11127.68644274 0 33650.56669584 0 -9922.49710320 0 -12578.38244048 0 267
0.01550000 0.01550050 74130.87550956 0 4997.41630062 0 37660.96274515 0 -4503.12557607 0 -9405.17594303 0 238
0.01650000 0.01653350 69438.20280492 0 -12639.28022698 0 34162.44027220 0 5124.81446999 0 -4706.67919553 0 315
0.01750000 0.01747870 82994.49297338 0 -8297.37877260 0 35223.27971308 0 12030.85597820 0 -20572.82240604 0 297
0.01850000 0.01844180 81487.32811907 0 3995.13838571 0 36929.52496763 0 15897.97614436 0 -13962.64448931 0 388
0.01950000 0.01947590 76133.74834600 0 10157.42969121 0 28842.29892009 0 4385.02815955 0 -8986.03308702 0 399
0.02050000 0.02045430 69301.57031666 0 8475.87572100 0 27071.83418159 0 3283.17682755 0 2454.33580860 0 462
0.02150000 0.02154770 65377.98129392 0 3295.52246972 0 34849.25658070 0 10537.28793876 0 837.13197577 0 571
0.02250000 0.02255340 60677.33651542 0 -304.25973539 0 26094.25862335 0 10594.76437689 0 13458.41081706 0 510
0.02350000 0.02348930 65881.43990343 0 -3530.52149167 0 31734.94377896 0 14777.78904245 0 17326.30604596 0 555
0.02450000 0.02439640 66227.89294700 0 -1162.98163733 0 20259.80778341 0 12402.77536885 0 20572.04734330 0 592
0.02550000 0.02547300 67656.44429510 0 -1344.04736509 0 23039.07203614 0 6051.35768313 0 8271.83491924 0 837
0.02650000 0.02652900 68483.43623581 0 2214.33209583 0 26710.76566925 0 -5039.97831723 0 20816.41355205 0 723
0.02750000 0.02749970 68137.42608523 0 6365.81170798 0 27298.15250088 0 1870.38139767 0 22750.41652812 0 826
0.02850000 0.02848090 62592.51653930 0 2140.85614833 0 32216.58990857 0 -5934.36749910 0 23345.88615687 0 831
0.02950000 0.02946900 64864.11469909 0 -771.09441609 0 31040.04467334 0 6730.45658124 0 10372.68675801 0 996
0.03050000 0.03053250 62545.56988207 0 328.53137862 0 30755.81809525 0 5276.47210303 0 1977.93796095 0 1041
0.03150000 0.03150510 61495.47059627 0 1655.01360762 0 29319.95901277 0 -1978.18155210 0 6058.64327287 0 1036
0.03250000 0.03246190 60744.43480382 0 -240.07679011 0 28340.50115931 0 8118.36142493 0 5576.86427536 0 1059
0.03350000 0.03345080 60117.85194233 0 -102.30507035 0 23550.39199627 0 4171.95234074 0 1973.56439265 0 1302
0.03450000 0.03451200 61066.75017929 0 2670.37901046 0 25964.93386947 0 3847.44464496 0 3495.31149875 0 1339
0.03550000 0.03553350 55830.31560280 0 2947.96219367 0 25002.19522649 0 -1469.49680528 0 2544.85206399 0 1365
0.03650000 0.03647120 53863.87071501 0 6669.61415636 0 24540.03638856 0 -3112.23120467 0 6282.37066815 0 1308
0.03750000 0.03744890 53746.28262544 0 3333.38982060 0 29039.60774836 0 -4652.15906813 0 7446.38203169 0 1579
0.03850000 0.03847530 49497.05652979 0 2549.00418580 0 32935.95885204 0 -2044.87016448 0 5947.31104681 0 1662
0.03950000 0.03950240 48696.85961514 0 1667.92393836 0 33262.48171094 0 1749.82592504 0 5122.03531646 0 1683
0.04050000 0.04050350 46529.67347839 0 2914.26910924 0 37326.46781238 0 3463.85502394 0 3447.67835738 0 1822
0.04150000 0.04152450 43726.27155756 0 2840.79316175 0 30343.26327251 0 6202.46169993 0 3084.91577935 0 1887
0.04250000 0.04250150 41150.40591175 0 625.05709513 0 28304.51610365 0 8317.82935654 0 1637.94008275 0 1920
0.04350000 0.04349210 42052.68966122 0 -420.82031322 0 23033.97876673 0 6814.44016499 0 3308.31100489 0 2005
0.04450000 0.04448520 40337.25437707 0 -1600.27203371 0 20631.50572758 0 7232.40935457 0 2233.55365172 0 2151
0.04550000 0.04548030 41459.65594393 0 1370.95311440 0 21226.86463308 0 2854.56713382 0 -1131.74660901 0 2274
0.04650000 0.04648670 38665.33332945 0 1149.67270289 0 18190.16882831 0 -1284.82149963 0 5862.19808593 0 2311
0.04750000 0.04749250 38943.24868240 0 1761.64009562 0 19637.21095886 0 -363.93292277 0 4386.33469388 0 2568
0.04850000 0.04851840 37668.38120278 0 1679.21770967 0 18404.08614381 0 1772.10344257 0 5830.05512698 0 2493
0.04950000 0.04949480 37021.42526363 0 737.39800997 0 19582.40295101 0 713.90142947 0 3390.58945062 0 2644
0.05050000 0.05050630 34349.00894540 0 1396.18694266 0 15804.08282989 0 3111.30112939 0 72.01805449 0 2829
0.05150000 0.05149060 34730.22908890 0 698.96486329 0 15077.95976829 0 3180.91283552 0 217.30323243 0 2784
0.05250000 0.05249300 33756.19667461 0 -639.29167591 0 13186.80668926 0 1807.76740082 0 3356.73028132 0 3055
0.05350000 0.05348950 33920.50997492 0 798.55488887 0 11820.48180664 0 3990.05618862 0 2387.48111135 0 3009
0.05450000 0.05448610 33212.87769576 0 -119.63868413 0 12040.15673104 0 -1420.95573328 0 -1124.10670489 0 3336
0.05550000 0.05550870 33239.45127532 0 1051.63280279 0 11376.26013492 0 -1158.09874208 0 2973.53926400 0 3349
0.05650000 0.05647670 32781.05702783 0 1046.59600223 0 14550.69566042 0 -2915.94103029 0 2057.12722806 0 3324
0.05750000 0.05747970 32572.12225850 0 835.88301753 0 16678.68576732 0 -1337.97973109 0 4105.93914017 0 3639
0.05850000 0.05849280 32981.35538380 0 718.43554649 0 19180.03466710 0 84.25684873 0 3695.87559052 0 3846
0.05950000 0.05951020 31919.74088019 0 526.27977819 0 16724.85736181 0 3047.81241888 0 5494.53046801 0 3787
0.06050000 0.06049470 30953.45909326 0 264.43036855 0 17165.31444310 0 4525.22593641 0 5264.94581289 0 3930
0.06150000 0.06148310 31690.87592618 0 -560.33935656 0 14482.15796980 0 4497.84407713 0 5535.35412961 0 4083
0.06250000 0.06249100 32116.05319922 0 9.60362522 0 13594.93258208 0 3165.95412469 0 3968.95233752 0 4303
0.06350000 0.06350600 31283.74654260 0 212.43694567 0 11308.49750703 0 53.75071156 0 5068.74421710 0 4470
0.06450000 0.06451750 30625.71827863 0 1010.77813867 0 10056.68260768 0 568.78311147 0 4870.89284492 0 4479
0.06550000 0.06550280 30900.31193413 0 -325.68357668 0 10625.02504062 0 -833.69401892 0 3614.09539940 0 4636
0.06650000 0.06648880 30146.06516749 0 627.10547522 0 9604.72138091 0 -233.93718600 0 1802.39732328 0 4653
0.06750000 0.06749660 30110.63372807 0 1149.11908665 0 10329.48254656 0 -13.15502912 0 -674.23371858 0 5220
0.06850000 0.06852730 28630.15317657 0 684.71035232 0 8189.27966539 0 902.22174445 0 1477.02598616 0 5029
0.06950000 0.06949320 28978.04562237 0 327.33113861 0 8443.90991925 0 1522.88755556 0 318.62718407 0 5040
0.07050000 0.07048030 28218.59486306 0 188.86064443 0 8708.33918057 0 1347.86731715 0 901.45443234 0 5475
0.07150000 0.07148790 28349.91263541 0 -219.78454042 0 9672.06326046 0 -415.63625074 0 -234.53176984 0 5509
0.07250000 0.07249820 27024.88752436 0 914.56295770 0 8397.39508268 0 929.03559347 0 1201.21437493 0 5916
0.07350000 0.07351270 27829.18119919 0 -77.24806712 0 8444.39710154 0 -139.14369153 0 1914.83678181 0 5721
0.07450000 0.07449140 27378.09468607 0 -868.59509398 0 8310.05658451 0 909.62691529 0 2119.54192306 0 6028
0.07550000 0.07549160 28375.60042899 0 249.75400200 0 9107.55185190 0 -263.63316116 0 2183.03063357 0 6183
0.07650000 0.07648840 27435.67077513 0 1045.50869993 0 9326.62887076 0 288.86588219 0 1847.43954064 0 6330
0.07750000 0.07749960 27321.07221326 0 1058.10789834 0 8830.19011520 0 -66.75305331 0 2050.27345899 0 6583
0.07850000 0.07848650 25807.59613380 0 931.21351976 0 9784.44735737 0 -220.26286485 0 1305.67068726 0 6549
0.07950000 0.07947320 25325.50711119 0 903.17839332 0 9179.36695068 0 -51.53657876 0 -285.53311242 0 6828
0.08050000 0.08048110 24681.20853000 0 793.91115584 0 10947.29612679 0 -1169.54752594 0 1029.54019308 0 7147
0.08150000 0.08149960 24020.85507781 0 1084.60064994 0 10541.18539710 0 -663.43488018 0 -316.39278893 0 7386
0.08250000 0.08250610 23525.58998867 0 594.43215191 0 11094.02657529 0 136.72328133 0 982.62010943 0 7227
0.08350000 0.08350160 23440.00091783 0 -291.46344960 0 10657.07942097 0 899.00301963 0 -612.87643059 0 7798
0.08450000 0.08449610 23813.47043396 0 -269.67754328 0 10816.93057438 0 1270.54927294 0 -937.15050033 0 7371
0.08550000 0.08548940 22973.41314997 0 304.11136624 0 9042.73446241 0 1579.31212283 0 168.61932743 0 8256
0.08650000 0.08650700 22838.77368017 0 924.23684789 0 7909.61488512 0 1925.51050294 0 -1176.10234224 0 8037
0.08750000 0.08749060 22128.04115006 0 460.62421371 0 6555.24811331 0 1670.26019889 0 153.45577859 0 8155
0.08850000 0.08849210 21279.12600622 0 596.25797827 0 5766.24531905 0 737.39800997 0 -1582.64489260 0 8718
0.08950000 0.08949900 20753.85491682 0 723.10474586 0 5971.85839094 0 -1001.59585970 0 -1511.60485657 0 8571
0.09050000 0.09049190 19775.72574234 0 929.52166853 0 6324.39014084 0 181.95594267 0 -1011.40815395 0 8932
0.09150000 0.09150830 19336.26517029 0 414.15920261 0 5978.04782051 0 -98.21340344 0 -97.33702893 0 9285
0.09250000 0.09250820 19462.26822673 0 -253.34475694 0 6491.07291866 0 267.29810068 0 -709.61201084 0 9204
0.09350000 0.09350330 19886.00609754 0 -33.01944418 0 7211.25014184 0 86.56188531 0 -1499.32564834 0 9349
0.09450000 0.09448040 19273.81725831 0 761.62425667 0 7421.82361524 0 325.31929719 0 -522.54176133 0 9564
0.09550000 0.09549270 18912.97019247 0 752.09319947 0 7129.71354187 0 554.43780743 0 625.06484575 0 10155
0.09650000 0.09649430 18402.53601833 0 -70.16487948 0 6415.31607225 0 878.75173753 0 685.10009815 0 9913
0.09750000 0.09749140 18130.26755104 0 459.53801865 0 6623.36505559 0 1342.59689053 0 1359.55969216 0 10476
0.09850000 0.09850240 17905.83152697 0 369.11255632 0 6319.99442788 0 475.18764254 0 1190.39671358 0 10575
0.09950000 0.09950330 17426.62130882 0 88.89382764 0 6191.61082161 0 852.38631768 0 1872.86159842 0 10882
0.10050000 0.10051200 17478.55051222 0 231.66182325 0 5152.19632926 0 308.97986746 0 1115.59208710 0 10875
0.10150000 0.10150300 17026.68893637 0 516.98677597 0 5616.74678935 0 -139.79142253 0 803.40235268 0 11118
0.10250000 0.10250800 16875.55170260 0 326.34016554 0 5030.72185368 0 -969.52819256 0 114.58527508 0 11575
0.10350000 0.10349800 16755.41697831 0 -167.27846890 0 5891.84977180 0 -482.18092290 0 86.05931248 0 11364
0.10450000 0.10450100 16809.89281642 0 30.34082736 0 5512.43441724 0 -142.19411702 0 -1477.59067472 0 12093
0.10550000 0.10551000 16767.04291937 0 187.09460862 0 5929.77248430 0 -88.95018577 0 -921.00262181 0 12067
0.10650000 0.10649700 16287.61125473 0 592.56867964 0 5615.48454432 0 443.62155172 0 -1374.05336534 0 12054
0.10750000 0.10749900 16081.44456660 0 320.44858151 0 5420.82200169 0 682.64536374 0 -414.99405590 0 12807
0.10850000 0.10850100 15792.01399584 0 177.05754617 0 5309.50084796 0 1181.63850465 0 -556.06322472 0 12736
0.10950000 0.10950300 15523.62084224 0 385.29586627 0 5119.79870684 0 546.78018759 0 -152.56334921 0 12933
0.11050000 0.11050200 15256.77781411 0 469.73009364 0 5049.20156380 0 213.34819800 0 351.90616355 0 13428
0.11150000 0.11150900 14968.78664558 0 139.92871936 0 4994.23854340 0 -19.53368472 0 346.10205088 0 13453
0.11250000 0.11250000 14695.41094580 0 90.76947946 0 4619.67286711 0 131.47721383 0 422.98163102 0 13668
0.11350000 0.11349100 14962.14325068 0 -23.96106452 0 4811.03585695 0 -399.99659193 0 -354.60559634 0 13791
0.11450000 0.11448600 14566.19691517 0 363.74690771 0 5131.19212908 0 -323.15687216 0 -1023.42273361 0 14205
0.11550000 0.11549300 14516.48217673 0 483.22725760 0 4944.91133633 0 -918.57446098 0 -1306.10250793 0 14776
0.11650000 0.11649800 14148.77026951 0 281.15179349 0 5114.28468908 0 -7.15546777 0 -774.58219841 0 14553
0.11750000 0.11747300 14197.26705221 0 -343.49562562 0 5038.35068548 0 241.92143943 0 -704.91734511 0 14568
0.11850000 0.11849100 14615.02586762 0 -188.61373159 0 5139.93926569 0 723.81116018 0 -1360.58941836 0 16015
0.11950000 0.11950300 14538.29465663 0 204.48258752 0 4674.33693474 0 624.83897033 0 -1083.38490867 0 15270
0.12050000 0.12050700 14281.30599759 0 382.59643348 0 4460.70749969 0 341.29112574 0 -769.93625091 0 15999
0.12150000 0.12150000 13782.94065750 0 254.40437843 0 3913.10353113 0 168.54625009 0 -668.80274325 0 15670
0.12250000 0.12250700 13987.22505040 0 72.82135165 0 3996.44492004 0 544.10843561 0 -630.82356189 0 16887
0.12350000 0.12352200 13798.10974250 0 -126.59653305 0 3606.17868716 0 774.91990432 0 -431.36780984 0 16407
0.12450000 0.12449800 13635.90018391 0 46.47652632 0 3387.43383804 0 437.69785794 0 -935.45311293 0 16306
0.12550000 0.12549900 13755.03839896 0 290.05062095 0 3198.40710874 0 225.21219404 0 -585.11589781 0 17523
0.12650000 0.12650100 13299.74440241 0 434.13478381 0 3494.90182273 0 -275.73521219 0 -313.75093222 0 17154
0.12750000 0.12750600 13146.94631992 0 102.31370676 0 3700.22701417 0 -374.80040958 0 -198.79362703 0 18007
0.12850000 0.12850300 13240.72891113 0 168.88506323 0 4028.79825316 0 -286.65473893 0 537.21369895 0 17496
0.12950000 0.12949900 12986.50833329 0 234.31696674 0 4512.60348611 0 -324.44569077 0 143.59808781 0 18405
0.13050000 0.13049000 12874.78857587 0 133.94744949 0 4569.52630801 0 153.69604804 0 624.21781291 0 18100
0.13150000 0.13148800 12930.03947672 0 84.33003679 0 4680.58172594 0 33.39391021 0 260.01583265 0 19059
0.13250000 0.13249300 12700.28873673 0 210.96211200 0 4717.99511150 0 448.82443715 0 874.52210945 0 18957
0.13350000 0.13349100 12661.53559987 0 87.14960431 0 4014.83605157 0 754.77048761 0 871.75181378 0 19468
0.13450000 0.13450700 12576.72159176 0 -19.49836401 0 4024.32503394 0 909.09433647 0 628.00897692 0 19953
0.13550000 0.13551000 12345.97434254 0 215.79518179 0 3319.31689576 0 430.21185913 0 194.96481710 0 19956
0.13650000 0.13649900 12009.92928429 0 402.21437859 0 3303.76027939 0 -33.29603086 0 141.20757288 0 19723
0.13750000 0.13749600 11901.42050107 0 261.87155429 0 3294.04985052 0 -138.69858407 0 293.88496703 0 20946
0.13850000 0.13851100 11518.09661585 0 115.57292646 0 3471.82709781 0 -88.54671025 0 -361.31985411 0 20955
0.13950000 0.13949800 11459.74546405 0 241.82732467 0 3259.55955871 0 -254.57378500 0 -163.24371373 0 20506
0.14050000 0.14048300 11421.65666667 0 325.98917285 0 3306.83838569 0 143.55490574 0 -392.10645327 0 21447
0.14150000 0.14148400 11074.65000686 0 220.40901954 0 3033.47375824 0 144.68649734 0 374.05967105 0 21771
0.14250000 0.14249400 10945.11487880 0 -18.37861980 0 2958.06015390 0 561.61710285 0 33.02996289 0 22470
0.14350000 0.14350900 10838.32230593 0 224.41830835 0 2827.67245684 0 436.41014656 0 -16.86403648 0 22519
0.14450000 0.14449900 10690.62856517 0 212.29632714 0 2730.31350471 0 337.36487936 0 638.04825384 0 22218
0.14550000 0.14550500 10467.35513521 0 16.52201237 0 2384.91233199 0 316.63527284 0 806.85027463 0 23559
0.14650000 0.14650700 10556.97453229 0 -30.08007411 0 2329.21853815 0 205.36615904 0 702.66080532 0 23044
0.14750000 0.14750500 10698.12452908 0 61.54784269 0 2629.07923889 0 -26.39343284 0 355.22564653 0 23649
0.14850000 0.14849900 10526.82459181 0 177.89461393 0 2568.20359704 0 -283.21678207 0 567.34370924 0 23640
0.14950000 0.14949500 10375.80915360 0 162.33467586 0 2613.35653765 0 75.17665659 0 473.02743197 0 24457
0.15050000 0.15050000 10258.98505444 0 67.62189864 0 2500.48525844 0 67.10758915 0 422.41804969 0 24591
0.15150000 0.15149900 10228.95690953 0 50.91597496 0 2652.96224352 0 395.19452466 0 319.94921966 0 25020
0.15250000 0.15250500 10155.69133621 0 255.57472316 0 2473.61272611 0 137.16617432 0 140.44026077 0 25297
0.15350000 0.15350100 9928.18827816 0 190.97324401 0 2629.00173261 0 -158.83582122 0 482.09345153 0 25452
0.15450000 0.15450400 9907.87056212 0 256.97537225 0 2589.16350792 0 -186.44909209 0 336.08381138 0 26061
0.15550000 0.15549900 9533.49311535 0 294.83386527 0 2725.26452459 0 -319.59379803 0 783.22525516 0 26128
0.15650000 0.15649500 9520.27275952 0 169.19619555 0 2843.06298833 0 65.77492414 0 656.51689163 0 26331
0.15750000 0.15749700 9321.69061389 0 35.52035019 0 2762.17965553 0 259.18208659 0 657.41928611 0 27345
0.15850000 0.15849900 9366.97642240 0 22.75263099 0 2768.80090577 0 343.45465801 0 182.76975855 0 26980
0.15950000 0.15949700 9227.04438135 0 33.99281226 0 2429.64452425 0 269.48377760 0 243.08624800 0 27777
0.16050000 0.16050000 9323.48433052 0 147.79006998 0 2376.46414815 0 287.90923333 0 83.36663381 0 28224
0.16150000 0.16150500 9050.99441673 0 218.82235539 0 2199.82735032 0 -233.01264688 0 416.10350285 0 28075
0.16250000 0.16249700 9101.91603857 0 107.59996680 0 2447.03914654 0 -7.24942752 0 468.82548470 0 28590
0.16350000 0.16349900 8881.15602634 0 118.77725726 0 2538.43011560 0 -69.86714467 0 699.79750212 0 29163
0.16450000 0.16449100 8772.27078407 0 249.88244097 0 2504.92526070 0 167.22975067 0 669.01754635 0 28996
0.16550000 0.16550500 8706.60082557 0 189.08984156 0 2518.80995602 0 217.77159177 0 710.49668959 0 30777
0.16650000 0.16650700 8609.58511551 0 25.95186853 0 2326.97085621 0 -31.49135263 0 577.07406829 0 29211
0.16750000 0.16749900 8412.45344444 0 53.35088991 0 2315.32277050 0 60.79857847 0 421.99287242 0 30922
0.16850000 0.16850800 8482.37517567 0 104.87307465 0 2305.88914976 0 -43.22591320 0 203.54365437 0 30867
0.16950000 0.16949900 8384.30759475 0 -13.44567764 0 2271.08883285 0 -91.53989182 0 122.90944888 0 30852
0.17050000 0.17049200 8356.11745576 0 24.62651125 0 2313.32975203 0 142.01917429 0 -76.13385907 0 31257
0.17150000 0.17149500 8444.36388456 0 73.20423265 0 2235.88991225 0 -18.13823962 0 33.04059232 0 32608
0.17250000 0.17250900 8369.09422045 0 37.14543530 0 2329.56178022 0 63.31919322 0 338.87182277 0 32361
0.17350000 0.17350400 8383.66539991 0 147.44461345 0 2485.42689669 0 -63.66442830 0 466.18473523 0 32508
0.17450000 0.17449800 8301.48660510 0 168.53517776 0 2438.04841879 0 39.75617877 0 456.24621648 0 32791
0.17550000 0.17549800 8225.02112991 0 131.18601168 0 2676.71238026 0 -79.69106486 0 750.09132314 0 33633
0.17650000 0.17650100 8199.70979537 0 -6.07180827 0 2652.40862728 0 17.25389304 0 555.93478575 0 33984
0.17750000 0.17750300 8135.99963837 0 77.91783204 0 2710.15080121 0 159.72271444 0 584.60657087 0 34069
0.17850000 0.17849800 8027.18083005 0 182.40990799 0 2616.89968159 0 194.35141031 0 322.52242794 0 34536
0.17950000 0.17950400 7813.97214334 0 122.75332910 0 2469.77062940 0 248.87264495 0 177.38196529 0 35343
0.18050000 0.18050100 7835.80676788 0 106.97460190 0 2165.22633526 0 118.52591549 0 141.61946336 0 34990
0.18150000 0.18150500 7598.32754517 0 181.49090503 0 2035.74656883 0 70.04850935 0 201.74772329 0 36243
0.18250000 0.18250200 7589.89043366 0 191.00424652 0 2025.18357095 0 -88.59930380 0 -6.64302950 0 35694
0.18350000 0.18350400 7310.53567849 0 128.91839956 0 1919.39857964 0 67.95739008 0 72.01107892 0 37087
0.18450000 0.18450600 7358.34597705 0 0.35688428 0 1977.30683844 0 187.53639438 0 -99.33004739 0 36651
0.18550000 0.18550700 7365.50977121 0 -52.43044754 0 1878.22060364 0 137.44076797 0 -91.99474293 0 37818
0.18650000 0.18651000 7441.42163017 0 5.68951411 0 1713.84086938 0 177.13505245 0 -12.58070763 0 37267
0.18750000 0.18750100 7405.73552728 0 11.87086088 0 1659.59755009 0 323.32074256 0 138.95656924 0 38334
0.18850000 0.18850000 7487.69287558 0 -62.30020716 0 1675.07666019 0 100.06945725 0 147.96279825 0 38223
0.18950000 0.18949500 7410.96166459 0 94.00425916 0 1454.71525165 0 174.96819848 0 238.63185172 0 39064
0.19050000 0.19050000 7335.60342188 0 192.38496542 0 1664.51366231 0 40.60852634 0 210.88571296 0 39609
0.19150000 0.19149800 7116.94715136 0 253.95262758 0 1421.15503512 0 -168.11221495 0 542.52730763 0 39576
0.19250000 0.19250400 7037.49214846 0 123.71883583 0 1483.35935595 0 330.10254152 0 582.42643011 0 40909
0.19350000 0.19350500 6848.28826196 0 38.56535024 0 1562.38253818 0 126.55777991 0 644.23657618 0 40191
0.19450000 0.19450100 6828.85633190 0 100.05307021 0 1446.94247963 0 38.11238143 0 365.58602086 0 41232
0.19550000 0.19549800 6744.27484261 0 179.79794657 0 1660.92622907 0 37.62187744 0 293.62476740 0 40873
0.19650000 0.19649700 6641.22471552 0 128.46443424 0 1544.17963618 0 -276.76050947 0 452.62445903 0 42816
0.19750000 0.19750200 6590.00414091 0 39.53484300 0 1683.75736285 0 -200.79882505 0 316.23556191 0 41727
0.19850000 0.19849000 6658.71898874 0 2.30109483 0 1788.94444862 0 -2.09758550 0 388.97852151 0 42610
0.19950000 0.19949900 6681.15151882 0 -124.46289605 0 1693.77781681 0 198.31308813 0 266.30602038 0 43863
0.20050000 0.20050100 6735.46127205 0 -36.35985386 0 1627.58745904 0 230.96869572 0 329.85452144 0 43302
0.20150000 0.20150100 6803.91038408 0 67.92494817 0 1634.82875947 0 121.59627116 0 122.32815183 0 44487
0.20250000 0.20249700 6632.45543427 0 311.20208305 0 1595.54415102 0 -34.87616233 0 481.82993020 0 43759
0.20350000 0.20349100 6534.77538472 0 192.85775369 0 1642.07005990 0 -28.20707965 0 364.08572085 0 45282
0.20450000 0.20449700 6290.65276712 0 155.35689676 0 1608.28839688 0 -67.04292678 0 770.66923882 0 45483
0.20550000 0.20549900 6245.93164717 0 89.99519179 0 1795.04529960 0 -14.26691198 0 497.80729492 0 46138
0.20650000 0.20650200 6258.77554396 0 -78.70529579 0 1702.44744714 0 50.81743126 0 461.29741106 0 46227
0.20750000 0.20749300 6305.63362259 0 3.99114128 0 1710.15378521 0 106.32277413 0 215.12198444 0 46236
0.20850000 0.20850300 6332.38435936 0 60.66526768 0 1655.95475523 0 -70.03931932 0 340.29904544 0 48361
0.20950000 0.20950400 6208.46289999 0 92.65852880 0 1602.38684775 0 6.60353452 0 448.56977368 0 46812
0.21050000 0.21050300 6167.20741771 0 143.37442684 0 1624.80830551 0 115.32379915 0 487.18229202 0 48813
0.21150000 0.21149700 6095.82413961 0 109.77257838 0 1574.47351689 0 192.02179317 0 373.54812964 0 47215
0.21250000 0.21249000 6003.74668641 0 80.59921695 0 1393.59601865 0 111.34772731 0 343.46240864 0 50004
0.21350000 0.21350300 5885.44996805 0 132.05186748 0 1414.22375979 0 110.18989430 0 539.35287210 0 49509
0.21450000 0.21449800 5810.13601464 0 83.19656290 0 1269.59705301 0 192.80017760 0 573.47666996 0 49660
0.21550000 0.21550100 5776.52043649 0 -39.02330159 0 1062.49586067 0 181.09119411 0 418.64460139 0 50841
0.21650000 0.21649800 5779.94178486 0 6.51865408 0 1048.48826254 0 131.52925375 0 289.21576766 0 50424
0.21750000 0.21750300 5821.75088337 0 40.67606752 0 999.06804794 0 17.00642658 0 235.64896742 0 52231
0.21850000 0.21850300 5696.91042104 0 86.77458467 0 884.74186526 0 -1.26898808 0 362.49130608 0 51078
0.21950000 0.21950100 5648.25862579 0 86.84157223 0 898.37411158 0 77.61910072 0 386.13293403 0 52791
0.22050000 0.22050700 5657.23828122 0 -25.11756885 0 981.09545030 0 5.07878682 0 323.67505696 0 52969
0.22150000 0.22150000 5698.67092069 0 71.91397463 0 1016.99857076 0 22.85161758 0 207.65148688 0 52704
0.22250000 0.22250100 5581.82467688 0 123.80519996 0 961.16637286 0 -75.46287619 0 481.54758592 0 54051
0.22350000 0.22349900 5515.98863350 0 128.31385063 0 1032.99918735 0 -11.94283100 0 725.30813850 0 53938
0.22450000 0.22449800 5501.15171825 0 22.89070288 0 1000.08116566 0 91.81736428 0 788.86106849 0 54735
0.22550000 0.22549100 5568.53788709 0 -51.18901849 0 1072.73222496 0 208.55831028 0 598.14802412 0 54774
0.22650000 0.22649900 5582.12362965 0 61.88156256 0 1030.91980475 0 -16.23402120 0 577.26008335 0 56911
0.22750000 0.22749800 5504.73915149 0 187.42013497 0 1083.77354727 0 -148.69467892 0 651.35275934 0 54879
0.22850000 0.22849100 5344.87692576 0 189.91472975 0 1169.19321155 0 -218.28866933 0 668.46060842 0 57210
0.22950000 0.22949800 5252.33443492 0 126.75486729 0 1164.47640118 0 16.66351668 0 702.63755343 0 57375
0.23050000 0.23049600 5174.26347263 0 92.92548255 0 1158.79629855 0 181.75442636 0 386.44849529 0 57604
0.23150000 0.23150100 5091.01066231 0 78.49337149 0 1026.06901925 0 175.52845812 0 487.64179350 0 58629
0.23250000 0.23250200 4987.01938762 0 72.35166363 0 779.82715867 0 172.57104016 0 294.29796475 0 58560
0.23350000 0.23350400 4972.45928048 0 54.60848456 0 735.56332575 0 -33.52356713 0 70.65770866 0 59305
0.23450000 0.23449700 4922.75561437 0 68.01540907 0 742.04285023 0 -143.52722493 0 172.88549418 0 59196
0.23550000 0.23549300 4815.40942525 0 84.17768160 0 814.58429351 0 -74.26795089 0 25.71990332 0 60063
0.23650000 0.23649900 4831.38678997 0 59.74393953 0 810.27051576 0 -25.25486568 0 108.60068352 0 61537
0.23750000 0.23750400 4788.50367594 0 -12.12187049 0 851.45956409 0 71.42823174 0 -42.02766621 0 61224
0.23850000 0.23850100 4860.75059539 0 -16.34131203 0 819.05419104 0 51.91049117 0 148.94712793 0 61221
0.23950000 0.23949400 4872.19937925 0 3.12195271 0 973.03369060 0 78.62557505 0 117.53383518 0 62332
0.24050000 0.24050100 4911.05216704 0 6.50512370 0 879.18909436 0 87.20640533 0 326.48632023 0 63447
0.24150000 0.24150500 4952.35193861 0 -30.55175515 0 825.94892771 0 53.54078028 0 301.73745980 0 63342
0.24250000 0.24250300 4903.66692638 0 80.44077198 0 872.62874191 0 -32.11184572 0 286.02583088 0 63379
0.24350000 0.24349600 4914.11920101 0 73.40519534 0 863.22612367 0 -33.29735953 0 293.61258784 0 64266
0.24450000 0.24449500 4838.10769113 0 80.51074907 0 879.74160337 0 -100.32301348 0 280.11099496 0 64695
0.24550000 0.24549600 4795.11385386 0 131.60565279 0 913.13905672 0 12.52235648 0 308.24134339 0 65947
0.24650000 0.24650000 4680.33813479 0 53.10331272 0 942.94907683 0 -12.26392842 0 188.02136221 0 66018
0.24750000 0.24750000 4739.11003493 0 40.93493847 0 925.35736716 0 82.09619526 0 201.47755856 0 66303
0.24850000 0.24849600 4666.01054648 0 34.70874878 0 862.59832286 0 74.26152894 0 225.24651825 0 66958
0.24950000 0.24949200 4692.03050980 0 35.98394843 0 842.05140969 0 35.43841498 0 251.13472091 0 66975
0.25050000 0.25048900 4661.58161655 0 57.13131377 0 793.49040750 0 58.23444949 0 237.96861947 0 68676
0.25150000 0.25150000 4651.35078842 0 63.27767200 0 770.82203690 0 -20.16779676 0 117.13080256 0 69349
0.25250000 0.25249900 4595.65699458 0 84.56930973 0 698.38024454 0 -8.52211375 0 114.45240719 0 68592
0.25350000 0.25349900 4544.65786646 0 46.29649032 0 731.08457036 0 64.12902305 0 110.34745348 0 70437
0.25450000 0.25450100 4510.12328535 0 34.67852133 0 633.19525387 0 103.18199848 0 53.31490485 0 70099
0.25550000 0.25550100 4436.83556738 0 50.77546715 0 527.58741975 0 108.96618096 0 -110.59779875 0 71064
0.25650000 0.25650300 4434.25571570 0 97.99062826 0 511.01768566 0 19.18103118 0 -35.47639306 0 71409
0.25750000 0.25750600 4328.22713323 0 81.37339390 0 518.54465207 0 -51.37614077 0 -91.92875187 0 72612
0.25850000 0.25850600 4301.18851603 0 90.51968781 0 489.27939034 0 -41.00314399 0 -126.16471238 0 71845
0.25950000 0.25949600 4257.92894296 0 68.23419820 0 517.55810793 0 47.13311518 0 39.55211582 0 72816
0.26050000 0.26049800 4185.90347001 0 22.36033852 0 495.14440080 0 59.62070456 0 -43.79314840 0 73743
0.26150000 0.26149900 4240.49003137 0 24.86921661 0 425.95455024 0 130.05442009 0 66.98036814 0 74662
0.26250000 0.26250300 4187.08820877 0 27.77370885 0 428.66505535 0 85.33861486 0 -64.63967868 0 74931
0.26350000 0.26350100 4224.47944968 0 31.34541939 0 296.39395584 0 30.17784274 0 102.84196738 0 75087
0.26450000 0.26450200 4188.98157631 0 4.93476909 0 386.66994178 0 14.87854720 0 76.22276984 0 76678
0.26550000 0.26550600 4209.45430490 0 -22.53450619 0 263.09061725 0 115.62718085 0 103.65157577 0 76035
0.26650000 0.26650100 4274.39348996 0 -46.11756155 0 179.84223587 0 221.95250162 0 126.02077216 0 77094
0.26750000 0.26750600 4287.59170115 0 34.65914476 0 149.32358697 0 66.02050830 0 46.28885041 0 78463
0.26850000 0.26850100 4219.92872418 0 96.74532389 0 18.01976575 0 54.70226715 0 -27.59101549 0 77076
0.26950000 0.26949700 4159.77278344 0 147.59519707 0 54.60405563 0 -71.09993731 0 72.16974534 0 79149
0.27050000 0.27049900 4029.73940077 0 122.45769803 0 17.60089970 0 -80.90149141 0 212.99388361 0 79648
0.27150000 0.27150200 4026.43984798 0 61.38220071 0 224.68625861 0 -126.64192958 0 115.85416351 0 80241
0.27250000 0.27250500 3991.16342110 0 121.26631588 0 238.04391128 0 -118.91012516 0 168.90277895 0 80835
0.27350000 0.27350000 3881.60276702 0 149.06338734 0 431.59700697 0 -81.54833663 0 88.41683188 0 80680
0.27450000 0.27450400 3844.72085305 0 14.91209634 0 380.95551494 0 -71.61579693 0 187.67147675 0 82617
0.27550000 0.27550800 3900.28177899 0 -54.97265332 0 564.93437136 0 70.20983312 0 24.78606345 0 82548
0.27650000 0.27649900 3947.62703992 0 -1.24517150 0 485.82371777 0 -21.45329368 0 -60.00956461 0 81181
0.27750000 0.27748900 3914.41006546 0 72.85257561 0 485.77942847 0 13.73831919 0 -8.40280945 0 84096
0.27850000 0.27849800 3889.91808296 0 59.45318028 0 373.40418942 0 47.27484094 0 106.78670454 0 85215
0.27950000 0.27950200 3893.56087783 0 -0.38794658 0 418.36114988 0 90.48658156 0 35.20323881 0 84514
0.28050000 0.28050300 3885.31199584 0 25.60331174 0 313.48298196 0 140.40040040 0 -11.13953383 0 85815
0.28150000 0.28150100 3805.79055899 0 124.28463162 0 324.12016442 0 -1.05157191 0 91.52439057 0 85485
0.28250000 0.28250000 3724.55291180 0 139.31531257 0 290.20452626 0 45.89290408 0 227.27718262 0 87220
0.28350000 0.28350400 3661.15277988 0 64.28724658 0 257.02519771 0 99.79497431 0 306.00473378 0 87147
0.28450000 0.28449700 3644.92075170 0 3.82731516 0 244.17797923 0 94.19625327 0 391.26384935 0 87102
0.28550000 0.28549800 3652.74888535 0 3.87079618 0 229.33442057 0 129.07673381 0 286.89057945 0 88971
0.28650000 0.28649900 3620.32911828 0 39.07478790 0 144.56691623 0 -1.75715580 0 287.19285391 0 89434
0.28750000 0.28750100 3663.73263157 0 11.78815062 0 136.78417911 0 -39.55931284 0 189.57259492 0 89619
0.28850000 0.28849900 3601.25150262 0 62.53062224 0 127.33394988 0 -131.88688984 0 194.62489673 0 90240
0.28950000 0.28950100 3609.86577132 0 88.49345237 0 182.66678593 0 -107.77679183 0 53.89365527 0 91333
0.29050000 0.29050500 3559.19881295 0 69.52589562 0 166.45358070 0 -63.98818308 0 136.70778007 0 92139
0.29150000 0.29150600 3524.01096468 0 48.50397972 0 230.53576782 0 54.91374855 0 219.20102890 0 92370
0.29250000 0.29250200 3536.25695593 0 13.12303010 0 250.99299515 0 -17.72745637 0 180.63058539 0 91819
0.29350000 0.29349600 3571.79911860 0 7.59818360 0 271.69602810 0 92.92836135 0 278.70148801 0 93552
0.29450000 0.29450000 3557.80370003 0 37.46642200 0 303.33187457 0 60.17753177 0 272.09795349 0 94701
0.29550000 0.29550200 3557.03970961 0 65.41496286 0 276.65642962 0 23.14879878 0 402.36606944 0 95020
0.29650000 0.29650300 3528.68348575 0 52.59044264 0 327.93458032 0 15.85412974 0 237.85789622 0 95151
0.29750000 0.29749800 3446.23895515 0 99.21046629 0 274.25152067 0 -21.94003307 0 361.89672223 0 95802
0.29850000 0.29850000 3411.44971057 0 89.30261787 0 303.84230874 0 -65.89195861 0 214.94925617 0 97399
0.29950000 0.29950700 3356.79671527 0 54.85262932 0 237.77374655 0 35.04501528 0 330.68273134 0 97881
0.30050000 0.30050300 3321.74173489 0 30.89222914 0 222.04440191 0 58.95005384 0 279.78103968 0 97188
0.30150000 0.30149700 3338.69346419 0 25.85875027 0 161.58065054 0 151.47604691 0 299.33919424 0 98263
0.30250000 0.30249700 3351.11661264 0 6.19245232 0 149.56385642 0 11.66823734 0 198.98849994 0 100050
0.30350000 0.30350600 3323.96727218 0 63.83139896 0 139.48250467 0 -76.57597700 0 195.29366515 0 100779
0.30450000 0.30450500 3316.40487433 0 98.72073736 0 159.34404093 0 -132.17809199 0 247.38231003 0 99982
0.30550000 0.30550300 3219.33380265 0 63.92440649 0 239.23086450 0 -64.30241566 0 255.14290249 0 101559
0.30650000 0.30649700 3214.91594504 0 45.82038035 0 217.91774645 0 14.33666762 0 185.89326138 0 100935
0.30750000 0.30749800 3196.59124747 0 34.97869206 0 194.15764462 0 9.51278787 0 54.73670208 0 103762
0.30850000 0.30850200 3178.17797129 0 8.55289481 0 135.79874220 0 80.59046981 0 52.14588880 0 102951
0.30950000 0.30950100 3149.45636072 0 49.18935662 0 102.61243809 0 11.06395414 0 -26.68928536 0 104394
0.31050000 0.31050000 3187.29049462 0 -37.63062458 0 58.38492238 0 89.69003851 0 39.18052860 0 103963
0.31150000 0.31149700 3176.28460375 0 21.87083104 0 53.18048683 0 71.46975296 0 79.51612213 0 105936
0.31250000 0.31250000 3185.03174036 0 55.37457871 0 -28.51212219 0 12.62543982 0 18.85461904 0 105717
0.31350000 0.31349800 3153.76349507 0 61.88001244 0 -28.06457882 0 13.23065310 0 193.93176920 0 106776
0.31450000 0.31450400 3120.85654571 0 58.36942113 0 -29.28729565 0 8.26647591 0 220.80651600 0 108733
0.31550000 0.31549900 3110.22711388 0 27.25818141 0 -14.80746287 0 21.75324295 0 175.85952063 0 105891
0.31650000 0.31650000 3088.53642956 0 39.35591423 0 -42.74814238 0 23.33038490 0 206.93067854 0 111072
0.31750000 0.31750600 3058.43077838 0 65.09596918 0 -20.21374691 0 20.40175499 0 178.49916287 0 108121
0.31850000 0.31849900 3078.89243465 0 34.70276972 0 -8.78840316 0 -16.29026861 0 107.63794488 0 110484
0.31950000 0.31950100 3005.56042737 0 56.34883257 0 27.64648784 0 2.41604771 0 202.53828728 0 110817
0.32050000 0.32049800 3007.58666281 0 61.48163019 0 45.61864259 0 11.67355206 0 193.87419311 0 111088
0.32150000 0.32149900 3028.62407997 0 26.25270359 0 87.58297510 0 5.24530351 0 327.99658534 0 112635
0.32250000 0.32250100 3016.24522082 0 20.14078029 0 144.07419777 0 -29.96890797 0 291.86426775 0 113202
0.32350000 0.32350400 3011.96023112 0 56.83756499 0 126.88330626 0 -10.21622374 0 353.58251353 0 113863
0.32450000 0.32450300 2985.55273642 0 86.37819544 0 133.15799273 0 19.56745531 0 415.78240543 0 114045
0.32550000 0.32549900 2937.07809837 0 40.27214911 0 107.37697018 0 42.51717369 0 371.78430830 0 114828
0.32650000 0.32650300 2928.02093667 0 5.95325689 0 16.51846923 0 93.33095108 0 478.07862655 0 116431
0.32750000 0.32750400 2951.10673391 0 -2.01175284 0 -53.62016885 0 162.68899026 0 300.99229234 0 116442
0.32850000 0.32850400 2931.90732268 0 4.45100814 0 -126.38505164 0 85.47967628 0 317.54431071 0 116955
0.32950000 0.32949800 2954.91561365 0 52.41948594 0 -199.76024098 0 11.50492055 0 221.83624221 0 117028
0.33050000 0.33049700 2901.18162131 0 61.47764415 0 -203.60123046 0 -38.43436463 0 259.09904415 0 119061
0.33150000 0.33150100 2885.18211194 0 37.53961007 0 -174.88958498 0 -74.62957302 0 220.44445098 0 120060
0.33250000 0.33250400 2893.20954744 0 52.48591989 0 -125.80707629 0 -50.21310378 0 270.35074063 0 119737
0.33350000 0.33350100 2833.80652479 0 96.07744126 0 -76.65215459 0 -57.22454274 0 221.60593785 0 120531
0.33450000 0.33450000 2801.63034886 0 81.94461513 0 -104.00544727 0 -15.59625529 0 319.40667574 0 121704
0.33550000 0.33550300 2752.10383995 0 48.89782231 0 -62.63470210 0 53.15524193 0 277.32519804 0 122761
0.33650000 0.33650300 2771.74614418 0 43.33851874 0 -127.93185542 0 45.24760899 0 302.74504135 0 122472
0.33750000 0.33749900 2720.33734004 0 29.86848198 0 -82.93038421 0 60.82659145 0 270.07393251 0 122985
0.33850000 0.33849800 2743.45635426 0 29.68822454 0 -132.44382778 0 -47.69337482 0 252.74352971 0 125380
0.33950000 0.33950300 2707.61523883 0 48.35494622 0 -67.87744790 0 -64.10388888 0 213.51317564 0 125223
0.34050000 0.34050000 2712.03309643 0 57.66721429 0 -107.04657201 0 -99.22043138 0 199.13797633 0 125178
0.34150000 0.34149900 2688.98051616 0 33.45137557 0 -58.08397660 0 -20.03249295 0 192.32628210 0 127059
0.34250000 0.34250300 2673.10280237 0 32.12635046 0 -139.19573146 0 31.99315039 0 154.16440738 0 127957
0.34350000 0.34349800 2677.64245554 0 16.96446247 0 -134.29844219 0 52.82417941 0 41.42544246 0 126732
0.34450000 0.34449700 2665.19716245 0 36.22908970 0 -249.37643573 0 71.59055203 0 35.10015546 0 129639
0.34550000 0.34550000 2663.13771003 0 34.67619614 0 -276.08177596 0 72.69900246 0 36.90151199 0 129826
0.34650000 0.34650400 2619.88920929 0 43.84784568 0 -327.58580208 0 9.50294457 0 76.04206950 0 130875
0.34750000 0.34750200 2610.96491548 0 44.47376421 0 -332.10995401 0 42.08535302 0 30.27328618 0 130686
0.34850000 0.34850200 2573.42973435 0 74.71294763 0 -274.75752591 0 -30.03345962 0 23.25963275 0 132211
0.34950000 0.34950400 2554.59570983 0 74.16442465 0 -269.83255583 0 -83.11806012 0 61.24955426 0 132768
0.35050000 0.35050300 2521.12407191 0 45.05915802 0 -187.80545188 0 -90.47728081 0 41.97462977 0 132957
0.35150000 0.35150100 2511.95618696 0 50.64891048 0 -155.63702658 0 -107.24089131 0 151.14498440 0 133987
0.35250000 0.35249800 2511.01503935 0 34.70121960 0 -115.06359952 0 -15.66268924 0 115.75451258 0 134778
0.35350000 0.35349800 2520.29364755 0 41.73236730 0 -91.42307880 0 28.06812197 0 165.52571988 0 135699
0.35450000 0.35450100 2506.96256846 0 29.11024918 0 -75.64889124 0 51.71705766 0 181.34696481 0 137380
0.35550000 0.35550100 2487.81851885 0 57.44344261 0 -90.39445982 0 -32.52916164 0 130.21939773 0 136161
0.35650000 0.35649900 2473.03696522 0 68.73499946 0 -91.83474783 0 3.47928984 0 244.19126602 0 138792
0.35750000 0.35750000 2432.56761801 0 36.70099218 0 -55.70763424 0 -35.80800919 0 250.64975308 0 138097
0.35850000 0.35849800 2433.57519957 0 31.02376836 0 -72.68593712 0 38.15124529 0 327.56144297 0 140028
0.35950000 0.35950300 2435.31355456 0 25.38850864 0 -98.68165205 0 72.41067913 0 221.96468117 0 141099
0.36050000 0.36050500 2423.82048140 0 22.45146376 0 -147.48115212 0 65.91476760 0 279.12223635 0 140821
0.36150000 0.36150200 2380.81557180 0 46.95285773 0 -183.12739464 0 86.30035699 0 251.87435221 0 141756
0.36250000 0.36250400 2387.64719622 0 48.63640472 0 -221.89603276 0 41.97640134 0 306.64028523 0 142971
0.36350000 0.36349900 2349.62483279 0 57.38597724 0 -250.15149847 0 83.75748688 0 277.12478896 0 142270
0.36450000 0.36450000 2335.80657142 0 35.86868553 0 -279.25953318 0 14.32205215 0 305.21970595 0 145311
0.36550000 0.36550300 2340.68946666 0 -0.43812968 0 -315.89453431 0 2.96996290 0 273.00809859 0 145434
0.36650000 0.36650100 2354.16448597 0 15.83862848 0 -270.06396742 0 -18.99988794 0 261.63792823 0 144547
0.36750000 0.36749600 2356.58932510 0 51.56392740 0 -348.48702964 0 8.90538227 0 340.27800802 0 146892
0.36850000 0.36849900 2348.87191470 0 25.10018530 0 -342.22009380 0 21.44510016 0 345.10997057 0 148113
0.36950000 0.36949900 2361.73795614 0 -3.63228723 0 -370.26961426 0 84.71734672 0 359.69775852 0 147387
0.37050000 0.37049800 2391.63323315 0 1.17125266 0 -398.98568868 0 63.95308381 0 316.19570154 0 149758
0.37150000 0.37150100 2372.13486915 0 39.13801088 0 -387.33206681 0 58.24773628 0 383.93507755 0 150099
0.37250000 0.37250000 2381.24739247 0 60.43108801 0 -387.57012179 0 -28.08639130 0 390.45889133 0 150468
0.37350000 0.37349800 2318.50052773 0 64.52352999 0 -369.77689581 0 -31.28762186 0 404.71893847 0 150709
0.37450000 0.37449700 2332.69524814 0 67.69608322 0 -318.31162282 0 -81.23709358 0 457.42984800 0 153108
0.37550000 0.37550100 2293.76495408 0 48.20668780 0 -336.84337287 0 -11.34581124 0 461.13575512 0 153189
0.37650000 0.37649900 2281.97292815 0 34.15413603 0 -289.13936862 0 -15.06544804 0 460.63417880 0 153547
0.37750000 0.37749900 2286.36864110 0 21.53688973 0 -320.42090069 0 35.91020674 0 403.18652871 0 155424
0.37850000 0.37850200 2276.54748899 0 19.00431687 0 -353.51386511 0 -40.76077080 0 359.80183838 0 155313
0.37950000 0.37949900 2286.80046177 0 28.32057097 0 -344.78333699 0 6.60259337 0 349.77806272 0 156100
0.38050000 0.38050000 2279.71417389 0 42.98708315 0 -339.06669569 0 -79.60259699 0 249.74071521 0 157557
0.38150000 0.38149800 2257.68024750 0 65.48283621 0 -315.07518227 0 -48.03384881 0 233.72349013 0 157692
0.38250000 0.38250100 2215.35074971 0 87.64708386 0 -308.80492473 0 -86.19118387 0 181.52080031 0 159703
0.38350000 0.38350500 2171.06145044 0 71.21099273 0 -302.64871213 0 -59.65558238 0 217.93103324 0 160338
0.38450000 0.38450600 2154.59690343 0 24.24374098 0 -291.12795815 0 20.54558449 0 194.63154013 0 160167
0.38550000 0.38550000 2132.74013424 0 28.47336906 0 -294.89476306 0 104.30118907 0 211.10162329 0 160033
0.38650000 0.38649600 2131.77684198 0 39.49686492 0 -321.87801864 0 100.06226023 0 170.25360257 0 162444
0.38750000 0.38750200 2108.32565802 0 26.35324030 0 -405.45414084 0 67.82153266 0 214.17308620 0 164307
0.38850000 0.38850400 2119.73015258 0 28.08572697 0 -386.09528812 0 31.04868109 0 261.46187827 0 163882
0.38950000 0.38950500 2096.95438043 0 76.32873199 0 -385.73543757 0 -57.77694103 0 255.37320685 0 164595
0.39050000 0.39050100 2082.97003418 0 73.59375703 0 -395.60198621 0 -38.03465371 0 320.99444712 0 165006
0.39150000 0.39150100 2008.37578188 0 79.51213609 0 -324.59738162 0 -56.82759990 0 372.78192476 0 166687
0.39250000 0.39250100 2043.02108624 0 20.99190990 0 -345.07232467 0 -9.35145302 0 301.51601330 0 167256
0.39350000 0.39350100 2022.78087647 0 7.61984107 0 -327.06208112 0 43.89645319 0 383.82989047 0 167937
0.39450000 0.39449600 2066.37261928 0 15.45596894 0 -346.34674926 0 18.25726712 0 344.52978075 0 167719
0.39550000 0.39549700 2068.93032631 0 2.45057122 0 -370.05038223 0 14.43111455 0 342.77813897 0 171636
0.39650000 0.39650400 2075.71766143 0 28.10643221 0 -383.12236891 0 21.39018142 0 330.90749953 0 171093
0.39750000 0.39750000 2068.98568794 0 60.93233216 0 -390.85638780 0 -53.67652698 0 267.73435028 0 170464
0.39850000 0.39849800 2037.83923822 0 72.11958771 0 -372.26816889 0 -42.27269676 0 287.94134307 0 172113
0.39950000 0.39949500 1997.74635005 0 57.67263973 0 -339.42433178 0 -32.88026506 0 308.31552797 0 173232
