### header ###
fiducial parameters:
Omega_m = 0.31
Omega_nu = 0
Omega_de = 0.69
Omega_k = 0
H_0 = 100
w_de = -1
zeff = 0
beta = 0
fgrowth = 0
b_1 = 2
gamma = 0.55
Lx = 3500 Ly = 3500 Lz = 3500
nx = 700 ny = 700 nz = 700
xoffset = -685.467585 yoffset = -31.7331281 zoffset = 572.489161
bins = 400 dk = 0.001
kx_ny = 0.628318531 ky_ny = 0.628318531 kz_ny = 0.628318531
############################
A(data) = 7.97624151 (not used)
A(ran) = 7.96966701 (used)
Ngal = 473619
weighted Ngal = 0
Nran = 23820508
weighted Nran = 0
SN(data) = 3494.74285
SN(ran) = 69.41869
SN(data+ran) = 3564.16154
############################
13 columns: k_central k_mean P_0(k) sigma^{lin}_{P_0(k)} P^img_1(k) sigma^{lin}_{P_1(k)} P_2(k) sigma^{lin}_{P_2(k)} P^img_3(k) sigma^{lin}_{P_3(k)} P_4(k) sigma^{lin}_{P_4(k)} N_modes
### header ###
0.00050000 0 0 0 0 0 0 0 0 0 0 0 0
0.00150000 0.00179520 9344.47745837 0 -16171.13039763 0 -12320.95088845 0 3857.94120889 0 -7528.46117557 0 3
0.00250000 0.00253879 11805.97706113 0 -8813.33803682 0 2880.57602482 0 12194.72638551 0 -3015.14906066 0 6
0.00350000 0.00331552 20732.04243693 0 -3297.60406679 0 10033.13177279 0 -42876.24918123 0 -3876.23268949 0 7
0.00450000 0.00420575 23869.49639754 0 258.50888924 0 7072.14852514 0 -16515.14752975 0 1071.27510702 0 24
0.00550000 0.00557378 30575.11775421 0 -6080.44468043 0 13937.73175846 0 -29099.84119537 0 792.13515494 0 45
0.00650000 0.00659388 35512.82100709 0 -9162.12734093 0 24480.68872753 0 2602.32850213 0 10678.61509274 0 40
0.00750000 0.00754703 62080.31079319 0 -10085.08312084 0 54568.40274322 0 -27696.64547111 0 -36230.63982508 0 57
0.00850000 0.00846663 57277.80062635 0 4924.99222398 0 37208.43682981 0 13624.71713584 0 9149.64883086 0 75
0.00950000 0.00948925 57289.31584416 0 3997.28641673 0 32855.02015762 0 4739.26504748 0 -5954.49698562 0 112
0.01050000 0.01054430 60399.31043922 0 -1201.08150703 0 26360.88020498 0 25065.41820120 0 -23980.10892248 0 105
0.01150000 0.01145670 64940.62446359 0 -9143.31546107 0 34618.50933148 0 16921.28040410 0 -20321.70207915 0 144
0.01250000 0.01249090 59150.13075318 0 5533.72649786 0 10925.47257458 0 29593.99905203 0 -7270.73067076 0 169
0.01350000 0.01339930 57853.89368666 0 2192.90714731 0 12478.17790087 0 -2841.28034404 0 7467.45266582 0 180
0.01450000 0.01448870 60423.66955382 0 -11876.17560048 0 3012.07095437 0 16551.79692490 0 -5973.13170829 0 267
0.01550000 0.01550050 70592.27122077 0 -6251.68925608 0 1950.06891938 0 -10742.70170880 0 8696.70216718 0 238
0.01650000 0.01653350 74269.94390928 0 7630.82481851 0 17524.27921372 0 -17682.94562837 0 2690.06560399 0 315
0.01750000 0.01747870 68496.94447209 0 12782.11321714 0 40906.15042625 0 -32123.80382659 0 27104.94043280 0 297
0.01850000 0.01844180 63790.20991493 0 6687.52917791 0 34044.96290588 0 7182.42888033 0 32586.07338777 0 388
0.01950000 0.01947590 62427.53889950 0 341.53582412 0 39035.25970164 0 2806.39144853 0 18141.89349210 0 399
0.02050000 0.02045430 68466.93847183 0 -3758.11312832 0 37300.55857230 0 19820.56865786 0 4002.31325220 0 462
0.02150000 0.02154770 66111.52281316 0 -2615.48242401 0 29365.90916077 0 4613.14019547 0 3003.56740890 0 571
0.02250000 0.02255340 69538.85023752 0 1444.15225377 0 30566.59206410 0 -2349.48089257 0 -7814.53683191 0 510
0.02350000 0.02348930 65638.18092716 0 3669.42380652 0 27624.34319004 0 1317.15268810 0 -3218.08262994 0 555
0.02450000 0.02439640 63212.56672914 0 4100.63549659 0 29451.60895486 0 8612.76287273 0 5218.24274681 0 592
0.02550000 0.02547300 61596.22875211 0 -1453.29799407 0 21403.91110693 0 11647.08919998 0 -2698.07089483 0 837
0.02650000 0.02652900 67180.33432790 0 -6798.61781282 0 16578.25978121 0 11612.65426980 0 3370.00599878 0 723
0.02750000 0.02749970 67615.80886302 0 -4530.50743534 0 15572.44979469 0 3820.23994288 0 -4472.69882747 0 826
0.02850000 0.02848090 72107.85104195 0 931.02639747 0 13537.57793952 0 5235.30519935 0 5949.23763133 0 831
0.02950000 0.02946900 68398.95439744 0 3361.17028357 0 16765.27134740 0 -4841.94978784 0 -2513.46202313 0 996
0.03050000 0.03053250 61478.97283229 0 9128.66677533 0 15154.69097928 0 -4273.47448700 0 683.70609246 0 1041
0.03150000 0.03150510 59246.01708611 0 4627.82209818 0 16127.50543785 0 -753.15503542 0 4496.71470000 0 1036
0.03250000 0.03246190 55185.57412862 0 1904.56166438 0 22215.06962314 0 1795.22245680 0 -29.92096480 0 1059
0.03350000 0.03345080 55554.72543807 0 -1915.65613385 0 14390.47912030 0 10691.91295485 0 3120.45794201 0 1302
0.03450000 0.03451200 53900.40938691 0 -1885.99337566 0 10824.50404456 0 7805.86720157 0 658.70035409 0 1339
0.03550000 0.03553350 57726.56195125 0 736.39707181 0 10496.59714505 0 1330.92666018 0 3978.16451177 0 1365
0.03650000 0.03647120 54510.71593092 0 4063.38819590 0 13806.08181637 0 -3236.26338729 0 4860.27448542 0 1308
0.03750000 0.03744890 51095.78951035 0 7626.91628785 0 13804.08879790 0 -4497.06901439 0 11187.58772001 0 1579
0.03850000 0.03847530 46721.44614425 0 4081.05962631 0 11825.90724580 0 -2883.28874440 0 8560.24683612 0 1662
0.03950000 0.03950240 44375.10979193 0 -108.97027772 0 17571.11514770 0 -1318.07169106 0 6131.99742479 0 1683
0.04050000 0.04050350 46226.95611785 0 -323.04061275 0 19208.26909539 0 1096.44139410 0 906.05941223 0 1822
0.04150000 0.04152450 46091.87375506 0 1222.09677953 0 21473.77747653 0 -1416.08391036 0 -2224.45220072 0 1887
0.04250000 0.04250150 43297.77258708 0 3996.25669052 0 20354.36543737 0 -1704.41832096 0 2825.42477490 0 1920
0.04350000 0.04349210 40972.69509841 0 3226.85191120 0 22365.21034768 0 491.26687265 0 1450.20881545 0 2005
0.04450000 0.04448520 39084.64227033 0 1718.82341555 0 22824.82255090 0 5008.26717894 0 2948.09506156 0 2151
0.04550000 0.04548030 37089.18789152 0 254.31801429 0 20935.21959735 0 3781.13249162 0 -195.66237357 0 2274
0.04650000 0.04648670 36612.85647782 0 -153.22768870 0 21621.92518260 0 5374.59504557 0 2078.65182750 0 2311
0.04750000 0.04749250 37215.41239445 0 -553.80004152 0 17660.35808574 0 3132.31640190 0 1914.01742978 0 2568
0.04850000 0.04851840 37892.26361061 0 -704.44234238 0 17424.51756710 0 1606.98186255 0 1781.76958214 0 2493
0.04950000 0.04949480 38042.29361191 0 -127.11250338 0 14786.31473256 0 1250.46407572 0 2379.68619467 0 2644
0.05050000 0.05050630 37570.72329788 0 686.30365986 0 16508.61485811 0 2357.67441293 0 3164.59222874 0 2829
0.05150000 0.05149060 39020.09061664 0 -40.52991283 0 14487.91557870 0 2347.58752502 0 5580.61779347 0 2784
0.05250000 0.05249300 37550.35022021 0 38.05380883 0 16184.52791066 0 2896.35408769 0 4421.51146983 0 3055
0.05350000 0.05348950 38257.09671339 0 1831.40681430 0 13333.73643961 0 2843.89341269 0 9052.26773408 0 3009
0.05450000 0.05448610 36375.68728020 0 1294.74230267 0 14077.46449768 0 2009.37229111 0 8901.20800658 0 3336
0.05550000 0.05550870 34999.95092149 0 662.17042069 0 12671.05779921 0 1650.34108654 0 8975.68046331 0 3349
0.05650000 0.05647670 36358.08228374 0 -321.50931022 0 14728.62792026 0 2572.71003324 0 8081.28020911 0 3324
0.05750000 0.05747970 34999.06513550 0 99.48328837 0 14277.43068390 0 565.12813705 0 10245.56539676 0 3639
0.05850000 0.05849280 35169.57893771 0 999.15773377 0 14787.86485804 0 692.63481519 0 8762.03995594 0 3846
0.05950000 0.05951020 33605.39161058 0 1794.24809221 0 13547.21086211 0 1353.09345446 0 10286.56621557 0 3787
0.06050000 0.06049470 31701.28391151 0 2138.17664573 0 11983.35570472 0 414.56002077 0 8778.13911622 0 3930
0.06150000 0.06148310 31571.95915763 0 41.61754730 0 13732.34013308 0 1557.67680014 0 9861.68789530 0 4083
0.06250000 0.06249100 31211.66570803 0 727.05313689 0 11307.61172104 0 2209.60421313 0 7502.06475320 0 4303
0.06350000 0.06350600 30854.36178614 0 -1279.55107302 0 11034.91143308 0 389.41477110 0 6770.29480593 0 4470
0.06450000 0.06451750 31383.95108221 0 -171.17149830 0 9718.04662543 0 813.24675667 0 3739.56698425 0 4479
0.06550000 0.06550280 32311.70117877 0 174.29943006 0 11917.91826505 0 510.13079244 0 5163.92192125 0 4636
0.06650000 0.06648880 30737.65948255 0 592.67165227 0 9679.14954834 0 -1069.45703128 0 2885.92395771 0 4653
0.06750000 0.06749660 30620.95717896 0 1533.35090251 0 12225.83961825 0 -295.31772587 0 5611.13312067 0 5220
0.06850000 0.06852730 30135.32501241 0 293.82185478 0 12287.29102100 0 1194.15023169 0 5102.23799968 0 5029
0.06950000 0.06949320 29864.93884034 0 308.67094960 0 13444.01679480 0 829.84084988 0 7701.56590178 0 5040
0.07050000 0.07048030 29576.17260907 0 485.94219164 0 11519.31457158 0 2652.88473725 0 5916.76250264 0 5475
0.07150000 0.07148790 29382.62837124 0 504.86147306 0 11236.52739571 0 1308.88166146 0 7692.99592237 0 5509
0.07250000 0.07249820 28370.83932931 0 904.01989000 0 11163.67149840 0 1968.75900368 0 5943.33608220 0 5916
0.07350000 0.07351270 27231.93999847 0 1379.35700893 0 10444.18075936 0 1682.58369642 0 7278.07162212 0 5721
0.07450000 0.07449140 26315.81584297 0 765.55825368 0 9177.98291007 0 1282.36344352 0 6376.37470586 0 6028
0.07550000 0.07549160 25762.75321828 0 57.81093307 0 8739.65171515 0 533.85546283 0 5617.16753770 0 6183
0.07650000 0.07648840 25938.80318290 0 -178.90551719 0 8887.98765075 0 -129.12877373 0 4155.37707049 0 6330
0.07750000 0.07749960 25602.75812465 0 570.19594012 0 9714.08273314 0 -551.06296283 0 4205.45719564 0 6583
0.07850000 0.07848650 25687.90430251 0 94.09870609 0 9253.38544209 0 -839.08291941 0 4125.06104514 0 6549
0.07950000 0.07947320 25655.90528378 0 496.82185801 0 10575.49853171 0 -857.62795625 0 1540.69185386 0 6828
0.08050000 0.08048110 24412.15103690 0 995.00339750 0 10275.02885311 0 -429.93615824 0 2006.65957153 0 7147
0.08150000 0.08149960 24183.83969914 0 726.50173512 0 10087.90656367 0 -371.49089169 0 -148.40569124 0 7386
0.08250000 0.08250610 23718.91278001 0 640.20957164 0 10346.65572236 0 536.94242699 0 -151.65541858 0 7227
0.08350000 0.08350160 22743.55168673 0 1094.77943814 0 10343.46689281 0 118.55913246 0 74.53833706 0 7798
0.08450000 0.08449610 22185.17434613 0 689.56335229 0 9867.67802303 0 405.29691382 0 433.05080321 0 7371
0.08550000 0.08548940 21401.25374897 0 372.28367014 0 9458.81028445 0 932.83893704 0 1576.57725860 0 8256
0.08650000 0.08650700 21390.51359389 0 -128.99369137 0 9310.02038354 0 1795.24460145 0 1849.04502774 0 8037
0.08750000 0.08749060 21433.91710718 0 -193.87197864 0 9170.44265687 0 2108.31458569 0 1076.65293518 0 8155
0.08850000 0.08849210 21388.96346842 0 218.49572181 0 8065.66823112 0 1210.17188570 0 2085.42809029 0 8718
0.08950000 0.08949900 20730.93520445 0 1073.64790622 0 7880.27322435 0 341.68419328 0 2178.78993316 0 8571
0.09050000 0.09049190 20087.63313248 0 599.02384501 0 7491.75641879 0 667.66782996 0 3649.31646465 0 8932
0.09150000 0.09150830 19769.19307070 0 -124.23037723 0 7479.23361942 0 203.54586884 0 2459.86089868 0 9285
0.09250000 0.09250820 19607.98002134 0 195.71441349 0 6794.05601500 0 230.35971785 0 2478.37382578 0 9204
0.09350000 0.09350330 19858.65745523 0 172.02738901 0 6809.92265646 0 734.90341519 0 2456.51705659 0 9349
0.09450000 0.09448040 19238.16437240 0 88.03893344 0 6271.96268282 0 109.37962157 0 2093.74340623 0 9564
0.09550000 0.09549270 19179.14888111 0 567.54079662 0 6546.24631323 0 -173.49557928 0 750.63829599 0 10155
0.09650000 0.09649430 18571.16752532 0 561.80311790 0 6854.37804061 0 -63.42559826 0 1008.66775356 0 9913
0.09750000 0.09749140 18244.86611292 0 390.80877680 0 6330.96710178 0 -389.47899059 0 691.81435592 0 10476
0.09850000 0.09850240 17990.64553508 0 455.15559248 0 6771.11415797 0 88.78077920 0 71.95139909 0 10575
0.09950000 0.09950330 17813.93123098 0 401.24333571 0 6546.74456785 0 -428.94518517 0 -297.33621068 0 10882
0.10050000 0.10051200 17475.00736828 0 200.81875524 0 6266.78083481 0 85.94969647 0 -915.83738228 0 10875
0.10150000 0.10150300 17330.18135965 0 238.67835549 0 6873.45565627 0 164.34319559 0 -254.71440352 0 11118
0.10250000 0.10250800 17101.20568240 0 340.11635208 0 6733.43503661 0 732.72216720 0 -847.64404096 0 11575
0.10350000 0.10349800 16615.35206936 0 622.25358248 0 6914.09108835 0 288.14950278 0 -404.62039478 0 11364
0.10450000 0.10450100 16384.93698988 0 651.14681410 0 6898.99950963 0 -471.04216413 0 27.41684782 0 12093
0.10550000 0.10551000 15763.33667456 0 412.25586997 0 7059.49285787 0 -10.35974321 0 295.96877856 0 12067
0.10650000 0.10649700 15285.12296564 0 302.93659257 0 7035.44376837 0 661.28352747 0 289.76495497 0 12054
0.10750000 0.10749900 15427.73450931 0 -143.61580353 0 7152.73290517 0 233.26620312 0 355.60542727 0 12807
0.10850000 0.10850100 15432.93850197 0 12.89892624 0 6834.21533711 0 1130.97154628 0 263.22016345 0 12736
0.10950000 0.10950300 15257.33143035 0 51.60245909 0 5984.04902056 0 744.10451711 0 1070.45575498 0 12933
0.11050000 0.11050200 15325.64767448 0 134.91738515 0 5830.91876832 0 1268.46767587 0 1391.66943413 0 13428
0.11150000 0.11150900 15310.81075922 0 142.99575334 0 5506.44428951 0 557.68974923 0 1067.10416226 0 13453
0.11250000 0.11250000 14827.39305764 0 157.74519723 0 5364.16491559 0 116.90271267 0 755.34735573 0 13668
0.11350000 0.11349100 14809.89878443 0 305.98258913 0 5227.24454688 0 -113.28206245 0 607.38455748 0 13791
0.11450000 0.11448600 14407.97339351 0 188.18855432 0 5332.23233081 0 -479.31872693 0 162.12540892 0 14205
0.11550000 0.11549300 14450.26967432 0 311.55861191 0 5413.53641196 0 -130.96677965 0 204.71732080 0 14776
0.11650000 0.11649800 13907.61503496 0 457.24272571 0 4961.48660659 0 289.92882538 0 316.13480376 0 14553
0.11750000 0.11747300 13587.84629419 0 302.63653257 0 4614.39136817 0 605.28635193 0 150.37324336 0 14568
0.11850000 0.11849100 13601.79742347 0 13.77120399 0 5025.87217541 0 546.33508013 0 436.00268501 0 16015
0.11950000 0.11950300 13577.77047861 0 110.16110626 0 5240.84136176 0 535.11549339 0 602.58691914 0 15270
0.12050000 0.12050700 13444.57041104 0 174.48101619 0 5146.42764803 0 -37.82129001 0 1601.75572524 0 15999
0.12150000 0.12150000 13581.31362255 0 19.51729768 0 5470.55888477 0 -22.01986454 0 2194.64550230 0 15670
0.12250000 0.12250700 13510.11857397 0 5.42548345 0 5768.10546962 0 618.35612415 0 2746.37944802 0 16887
0.12350000 0.12352200 13915.69783207 0 -254.71883245 0 5446.97483291 0 668.74959609 0 2188.96539967 0 16407
0.12450000 0.12449800 13606.00490690 0 290.29089040 0 5329.30923706 0 465.99429125 0 2034.94936144 0 16306
0.12550000 0.12549900 13153.25754506 0 493.54002093 0 4551.43412925 0 276.51138216 0 2074.10110200 0 17523
0.12650000 0.12650100 12746.79250097 0 505.29329373 0 4080.17384032 0 403.30389536 0 1754.27699962 0 17154
0.12750000 0.12750600 12524.57094186 0 52.07823689 0 3840.04833198 0 703.62631204 0 1886.76843840 0 18007
0.12850000 0.12850300 12259.61020895 0 28.94172840 0 3735.48129639 0 83.58752669 0 1399.60829103 0 17496
0.12950000 0.12949900 12247.76282139 0 201.88834181 0 3791.42975370 0 -194.99028345 0 1322.00236637 0 18405
0.13050000 0.13049000 12309.54639388 0 113.10158356 0 4134.63860610 0 -254.43759540 0 1680.26958053 0 18100
0.13150000 0.13148800 12346.63868202 0 -143.52058153 0 4203.65240670 0 -306.50741733 0 1758.28518120 0 19059
0.13250000 0.13249300 12559.78093478 0 49.78925518 0 4429.29531418 0 -359.63575350 0 1307.22081274 0 18957
0.13350000 0.13349100 12572.40338508 0 210.59561805 0 5314.05157346 0 -327.34221094 0 1096.90532451 0 19468
0.13450000 0.13450700 12208.67751478 0 401.89660287 0 5183.91853987 0 -252.94061709 0 1503.79886757 0 19953
0.13550000 0.13551000 12082.34228860 0 199.37603131 0 5245.87926955 0 -253.50087672 0 1108.39507597 0 19956
0.13650000 0.13649900 12014.02604447 0 90.62454273 0 5153.87932263 0 382.45692219 0 888.44334345 0 19723
0.13750000 0.13749600 11922.79008797 0 64.06856816 0 4509.93505583 0 777.88507290 0 834.72042343 0 20946
0.13850000 0.13851100 11841.51922380 0 -58.41116379 0 4195.07135496 0 929.94906026 0 917.87690451 0 20955
0.13950000 0.13949800 11639.44929586 0 127.43470804 0 3557.90335095 0 952.65839847 0 704.32497574 0 20506
0.14050000 0.14048300 11594.38493385 0 67.33922219 0 3405.39314890 0 515.75664068 0 347.96884484 0 21447
0.14150000 0.14148400 11491.85520602 0 180.96718407 0 3011.67235067 0 440.56116114 0 968.44864089 0 21771
0.14250000 0.14249400 11074.42856036 0 296.74494853 0 2972.22165734 0 50.61048951 0 1301.91716915 0 22470
0.14350000 0.14350900 10945.80136294 0 266.32484333 0 3070.42210616 0 50.67470900 0 998.86210270 0 22519
0.14450000 0.14449900 10933.18998498 0 122.05909434 0 3003.14666056 0 215.08655300 0 1418.19872440 0 22218
0.14550000 0.14550500 10785.52946119 0 -44.77050251 0 2798.75154441 0 242.82715560 0 1417.39044468 0 23559
0.14650000 0.14650700 10727.63227472 0 74.82311726 0 2812.47015486 0 281.35773873 0 1545.47509819 0 23044
0.14750000 0.14750500 10769.26421604 0 -13.24083963 0 2483.34529963 0 200.36921885 0 759.67884920 0 23649
0.14850000 0.14849900 10729.47028064 0 227.22182100 0 2494.65014327 0 214.31149026 0 1561.18672710 0 23640
0.14950000 0.14949500 10532.92544278 0 285.51096777 0 2380.10694302 0 -190.83483995 0 1078.99805358 0 24457
0.15050000 0.15050000 10354.67208553 0 258.68161751 0 2750.26583403 0 -143.53497555 0 1004.52338238 0 24591
0.15150000 0.15149900 9992.25274956 0 380.88908099 0 2516.21903201 0 -250.80255116 0 1004.38054939 0 25020
0.15250000 0.15250500 9839.01177407 0 202.25040683 0 2835.92133883 0 -121.78671515 0 874.40585004 0 25297
0.15350000 0.15350100 9554.54160483 0 91.92543017 0 2850.01640832 0 57.20428039 0 482.02258865 0 25452
0.15450000 0.15450400 9669.46126412 0 -6.09421865 0 2878.29512591 0 -182.90262645 0 175.00473715 0 26061
0.15550000 0.15549900 9480.84421084 0 215.90811950 0 2754.73905326 0 -283.30425344 0 -19.71748531 0 26128
0.15650000 0.15649500 9506.44342582 0 234.26049789 0 2698.90131919 0 -70.85546038 0 -201.27272055 0 26331
0.15750000 0.15749700 9273.40420536 0 29.86859271 0 2698.14840111 0 -187.39356139 0 -363.66165081 0 27345
0.15850000 0.15849900 9298.50516572 0 34.77994383 0 2726.71499914 0 419.77065683 0 -547.49878147 0 26980
0.15950000 0.15949700 9218.81764400 0 123.58928963 0 2485.05043765 0 209.33558749 0 -674.31343932 0 27777
0.16050000 0.16050000 9132.35385950 0 27.87989245 0 2278.13083144 0 380.47165435 0 -500.65620409 0 28224
0.16150000 0.16150500 9053.64070236 0 -46.99692559 0 2276.68035689 0 252.04818771 0 -300.94911027 0 28075
0.16250000 0.16249700 9123.65101219 0 97.73928649 0 2100.48645205 0 132.52687022 0 -470.95912170 0 28590
0.16350000 0.16349900 9025.95989031 0 171.22685993 0 1974.01835797 0 232.48117529 0 -247.63143734 0 29163
0.16450000 0.16449100 8903.21209737 0 64.81307128 0 1774.53935403 0 76.16696532 0 -138.55132215 0 28996
0.16550000 0.16550500 8930.61610130 0 83.24483824 0 1863.37261605 0 -15.59957699 0 -158.54240461 0 30777
0.16650000 0.16650700 8763.70080466 0 129.54287868 0 1766.89944991 0 347.08195163 0 -372.47965029 0 29211
0.16750000 0.16749900 8757.61102601 0 128.86082347 0 1798.49986494 0 -78.54297550 0 -185.39279230 0 30922
0.16850000 0.16850800 8428.71868960 0 256.95987100 0 1790.70494827 0 -40.56722656 0 -212.97838235 0 30867
0.16950000 0.16949900 8498.34146806 0 150.43524838 0 1920.82690954 0 73.59774307 0 33.38937055 0 30852
0.17050000 0.17049200 8283.13976288 0 -42.60442361 0 1889.33721775 0 342.70395439 0 424.43985620 0 31257
0.17150000 0.17149500 8451.19550898 0 -50.06606330 0 1619.05069661 0 335.18806030 0 485.55244581 0 32608
0.17250000 0.17250900 8454.83830384 0 -70.51509712 0 1638.81479641 0 373.99102263 0 265.80444406 0 32361
0.17350000 0.17350400 8532.43315617 0 148.15213500 0 1618.16491062 0 -55.68582176 0 557.55688134 0 32508
0.17450000 0.17449800 8349.83944759 0 318.33044577 0 1831.73898405 0 -436.69470531 0 626.37691625 0 32791
0.17550000 0.17549800 8097.81119007 0 327.07647514 0 2030.73080569 0 -333.18175505 0 1117.61832254 0 33633
0.17650000 0.17650100 7910.97678108 0 109.63893542 0 2248.03625258 0 43.50316421 0 845.43621939 0 33984
0.17750000 0.17750300 7846.91230968 0 146.13254296 0 2335.95051164 0 105.55435479 0 699.08776610 0 34069
0.17850000 0.17849800 7734.10746442 0 65.11678515 0 2197.77897023 0 279.58395230 0 557.40297602 0 34536
0.17950000 0.17950400 7705.87303614 0 66.14695425 0 2080.48983342 0 -14.21531494 0 568.23281693 0 35343
0.18050000 0.18050100 7615.62251654 0 104.57921514 0 2144.94183619 0 56.33654229 0 565.82237181 0 34990
0.18150000 0.18150500 7601.16206033 0 20.15639227 0 1855.96523075 0 115.24518564 0 371.46653257 0 36243
0.18250000 0.18250200 7513.08171639 0 88.69674025 0 1809.06286282 0 76.72312820 0 415.97174218 0 35694
0.18350000 0.18350400 7392.18300170 0 109.94973557 0 1669.21940036 0 343.18449329 0 538.50251755 0 37087
0.18450000 0.18450600 7380.82279643 0 -73.63948573 0 1439.52402200 0 565.19899993 0 706.46525612 0 36651
0.18550000 0.18550700 7366.45091882 0 -55.90737898 0 1339.67379678 0 471.28354081 0 826.04747140 0 37818
0.18650000 0.18651000 7576.73651178 0 4.59796004 0 1395.60010944 0 179.11035520 0 883.67449315 0 37267
0.18750000 0.18750100 7446.04986194 0 162.81853646 0 1398.74464969 0 -169.29141755 0 973.01818934 0 38334
0.18850000 0.18850000 7312.40690138 0 282.30110081 0 1510.34261154 0 -544.31880978 0 1187.31860728 0 38223
0.18950000 0.18949500 7164.25919531 0 170.88251062 0 1801.29009080 0 -544.15936830 0 1097.42683101 0 39064
0.19050000 0.19050000 7097.61487222 0 141.86748344 0 1999.10824601 0 -235.05327634 0 1194.55990771 0 39609
0.19150000 0.19149800 7033.17394178 0 -33.11854149 0 1900.45383187 0 191.28769803 0 912.13811856 0 39576
0.19250000 0.19250400 7094.74714010 0 -82.12963368 0 1750.46811988 0 207.03254392 0 708.96095814 0 40909
0.19350000 0.19350500 7178.16603528 0 58.48656633 0 1680.01491706 0 214.06014849 0 511.93890308 0 40191
0.19450000 0.19450100 6974.21381212 0 181.25174282 0 1597.69218203 0 269.30551317 0 452.81047409 0 41232
0.19550000 0.19549800 6887.83860621 0 163.50169890 0 1511.31697612 0 7.79659967 0 717.49661334 0 40873
0.19650000 0.19649700 6744.45199981 0 122.03030629 0 1491.08783868 0 200.85086498 0 725.93593932 0 42816
0.19750000 0.19750200 6675.53785014 0 122.20082009 0 1430.35613705 0 -1.68730051 0 670.39826526 0 41727
0.19850000 0.19849000 6603.49023254 0 69.16670940 0 1506.88804619 0 -52.51836180 0 698.29609487 0 42610
0.19950000 0.19949900 6616.61093745 0 79.90830388 0 1592.03422405 0 -115.35923059 0 741.93212698 0 43863
0.20050000 0.20050100 6573.31814741 0 127.39816936 0 1771.47232006 0 -223.78829307 0 740.77949797 0 43302
0.20150000 0.20150100 6524.23453149 0 23.92031837 0 1706.55527965 0 -116.98243341 0 694.30341454 0 44487
0.20250000 0.20249700 6467.20098635 0 66.44911800 0 1766.43441227 0 102.50570088 0 639.64156138 0 43759
0.20350000 0.20349100 6493.13237107 0 -30.93109300 0 1849.96403070 0 207.58837463 0 511.08301237 0 45282
0.20450000 0.20449700 6401.90748689 0 127.17229394 0 1831.58397150 0 173.57862172 0 408.01849126 0 45483
0.20550000 0.20549900 6342.27194542 0 220.98588766 0 1542.31948561 0 33.45425438 0 377.97705957 0 46138
0.20650000 0.20650200 6082.92488119 0 125.47933547 0 1572.07082240 0 -61.09000206 0 233.42453736 0 46227
0.20750000 0.20749300 6058.84257471 0 127.85656361 0 1456.05500295 0 48.63872991 0 399.19274115 0 46236
0.20850000 0.20850300 5973.41958874 0 33.51515216 0 1522.98720648 0 113.68066615 0 262.12511052 0 48361
0.20950000 0.20950400 5963.43235175 0 27.83693183 0 1486.59247480 0 103.55336425 0 431.03674733 0 46812
0.21050000 0.21050300 6010.32364736 0 -2.99372411 0 1351.82013711 0 276.87898334 0 444.19177645 0 48813
0.21150000 0.21149700 5961.62756280 0 26.97783014 0 1391.70265111 0 162.70449151 0 517.62564911 0 47215
0.21250000 0.21249000 6011.74090493 0 40.03497991 0 1248.83644397 0 29.26116497 0 657.64626877 0 50004
0.21350000 0.21350300 5978.49071350 0 53.04861544 0 1413.39333543 0 94.25427225 0 696.73821877 0 49509
0.21450000 0.21449800 5918.51192996 0 37.97475243 0 1293.08145395 0 -150.44410624 0 536.10757370 0 49660
0.21550000 0.21550100 5879.95809494 0 83.36264777 0 1329.34331773 0 58.10191376 0 574.16647580 0 50841
0.21650000 0.21649800 5839.95378537 0 60.34339520 0 1201.98943766 0 144.91901616 0 307.79845040 0 50424
0.21750000 0.21750300 5784.71395685 0 73.39788761 0 1044.01282885 0 107.64968154 0 211.00972300 0 52231
0.21850000 0.21850300 5733.16121250 0 105.49733232 0 985.23096362 0 42.86584120 0 21.28920182 0 51078
0.21950000 0.21950100 5626.72295401 0 112.45828149 0 914.03148610 0 -31.55291476 0 185.82904190 0 52791
0.22050000 0.22050700 5589.51994262 0 55.97802042 0 867.91636047 0 111.59574738 0 307.67776206 0 52969
0.22150000 0.22150000 5547.83263968 0 16.68123240 0 823.82747027 0 80.81468439 0 291.29072133 0 52704
0.22250000 0.22250100 5576.14457424 0 82.47099346 0 921.15541989 0 43.54391037 0 149.92149251 0 54051
0.22350000 0.22349900 5535.81916725 0 102.67488600 0 861.75129001 0 -95.84049350 0 107.30710381 0 53938
0.22450000 0.22449800 5440.33143802 0 105.29105491 0 930.60675636 0 -105.14600745 0 224.46591935 0 54735
0.22550000 0.22549100 5321.09357205 0 110.48176078 0 904.05089251 0 -135.68026833 0 266.49757160 0 54774
0.22650000 0.22649900 5351.90785202 0 13.07907297 0 928.12101944 0 62.20941410 0 46.82419732 0 56911
0.22750000 0.22749800 5296.65695117 0 -13.17108399 0 891.43951454 0 133.86440706 0 29.64194222 0 54879
0.22850000 0.22849100 5344.98764900 0 58.62198086 0 766.16058815 0 156.51395471 0 40.72766455 0 57210
0.22950000 0.22949800 5253.95099435 0 116.45206905 0 824.59256792 0 73.37563223 0 127.56979040 0 57375
0.23050000 0.23049600 5171.07464308 0 78.08546704 0 673.96909001 0 171.22685993 0 263.73502655 0 57604
0.23150000 0.23150100 5161.43064816 0 28.09491699 0 642.86471513 0 194.92052780 0 289.47818176 0 58629
0.23250000 0.23250200 5141.14614909 0 -8.21782412 0 621.27700343 0 193.64610322 0 417.39010699 0 58560
0.23350000 0.23350400 5188.31425282 0 -31.97100574 0 680.66895376 0 102.17574560 0 351.80429816 0 59305
0.23450000 0.23449700 5112.50204479 0 55.38221862 0 540.45456842 0 -22.66648831 0 422.79007981 0 59196
0.23550000 0.23549300 5162.07284300 0 94.88683417 0 578.71055790 0 -139.09054437 0 409.89635755 0 60063
0.23650000 0.23649900 5053.58620443 0 99.36282148 0 664.31180831 0 -194.37798389 0 418.04448139 0 61537
0.23750000 0.23750400 5070.19469166 0 85.76213129 0 754.26005344 0 -159.95301880 0 301.29678127 0 61224
0.23850000 0.23850100 4987.68372711 0 113.24663101 0 797.03798037 0 -122.78765331 0 405.38549242 0 61221
0.23950000 0.23949400 4934.19332591 0 156.09874253 0 1020.59154016 0 -187.68919247 0 148.34811515 0 62332
0.24050000 0.24050100 4832.89262614 0 135.97922110 0 1067.87258160 0 -252.34160431 0 199.02836031 0 63447
0.24150000 0.24150500 4779.39115262 0 122.00705441 0 1217.62356031 0 -121.60180732 0 102.64255481 0 63342
0.24250000 0.24250300 4697.25664711 0 48.30788884 0 1149.61734127 0 14.89980606 0 175.99017406 0 63379
0.24350000 0.24349600 4743.29537371 0 -15.93296469 0 1240.36611548 0 110.70331800 0 68.76810571 0 64266
0.24450000 0.24449500 4709.58014464 0 -30.14418287 0 1031.62843354 0 252.85093126 0 -65.47851800 0 64695
0.24550000 0.24549600 4689.00776512 0 44.51539615 0 889.33798729 0 294.65781531 0 -1.24367674 0 65947
0.24650000 0.24650000 4660.36366082 0 118.21367593 0 755.90318644 0 118.58459881 0 -8.57065482 0 66018
0.24750000 0.24750000 4558.46505551 0 88.16238986 0 668.78281307 0 206.42578052 0 122.44551847 0 66303
0.24850000 0.24849600 4532.50045381 0 13.46073601 0 600.71791071 0 83.16722124 0 54.41626900 0 66958
0.24950000 0.24949200 4496.34931328 0 74.19686657 0 624.80575335 0 -32.85657028 0 195.50514656 0 66975
0.25050000 0.25048900 4481.62312127 0 27.73495571 0 705.96367981 0 21.72268334 0 253.29493148 0 68676
0.25150000 0.25150000 4493.68088300 0 7.93369719 0 589.77402486 0 50.86858541 0 343.89865824 0 69349
0.25250000 0.25249900 4526.89785745 0 -1.86260863 0 623.45714419 0 61.30856975 0 391.07008366 0 68592
0.25350000 0.25349900 4499.18382843 0 -2.36063072 0 631.16126780 0 96.54823651 0 150.73752285 0 70437
0.25450000 0.25450100 4459.89921998 0 123.11760859 0 580.81429962 0 2.11555589 0 236.81709769 0 70099
0.25550000 0.25550100 4412.68682695 0 129.44987115 0 528.78212360 0 -19.39583428 0 234.07005390 0 71064
0.25650000 0.25650300 4283.09633727 0 107.49123657 0 511.72742168 0 -34.96784118 0 260.35021686 0 71409
0.25750000 0.25750600 4239.91427048 0 45.53715028 0 459.32543001 0 60.52376337 0 335.46929736 0 72612
0.25850000 0.25850600 4243.66778859 0 -18.43630661 0 431.36670261 0 80.78024946 0 185.79471769 0 71845
0.25950000 0.25949600 4245.84903658 0 20.14687007 0 402.28081254 0 60.07544494 0 188.97136768 0 72816
0.26050000 0.26049800 4248.29602037 0 77.15594537 0 389.58971384 0 -13.77729377 0 104.41877716 0 73743
0.26150000 0.26149900 4195.12671659 0 73.11177873 0 485.10512388 0 -96.95868759 0 193.12459672 0 74662
0.26250000 0.26250300 4183.45648623 0 57.23639013 0 369.51780341 0 -41.98979886 0 194.88620360 0 74931
0.26350000 0.26350100 4128.41595956 0 30.40095008 0 450.00363974 0 55.50434636 0 184.47046764 0 75087
0.26450000 0.26450200 4173.35852599 0 17.05304107 0 313.83065296 0 24.31205722 0 114.21878113 0 76678
0.26550000 0.26550600 4167.34625362 0 12.48969312 0 410.84747026 0 93.52073073 0 66.65650264 0 76035
0.26650000 0.26650100 4156.42894135 0 53.80264076 0 349.66955394 0 -64.41989303 0 141.95827650 0 77094
0.26750000 0.26750600 4125.17176838 0 65.54904871 0 434.35069415 0 -63.32539372 0 59.29218868 0 78463
0.26850000 0.26850100 4087.64765957 0 22.58300298 0 337.71587206 0 100.13589119 0 160.69707902 0 77076
0.26950000 0.26949700 4084.79099977 0 14.42768213 0 349.61197785 0 130.44859485 0 143.92693585 0 79149
0.27050000 0.27049900 4113.03650038 0 36.64718068 0 271.15237695 0 103.38340406 0 216.92123722 0 79648
0.27150000 0.27150200 4006.24392751 0 99.60464105 0 254.92809939 0 133.19563864 0 227.14985089 0 80241
0.27250000 0.27250500 3982.27234427 0 65.24865654 0 190.35319382 0 78.15710498 0 303.52342579 0 80835
0.27350000 0.27350000 3923.79939691 0 74.01439465 0 155.61045300 0 42.35795366 0 319.25941382 0 80680
0.27450000 0.27450400 3855.81532252 0 92.27553708 0 165.25334069 0 1.36386683 0 462.86303779 0 82617
0.27550000 0.27550800 3810.59594796 0 89.83929345 0 194.60496655 0 55.90627175 0 559.42035360 0 82548
0.27650000 0.27649900 3820.54996797 0 0.27540083 0 211.53787289 0 34.93008455 0 548.51964982 0 81181
0.27750000 0.27748900 3820.00742406 0 10.36641982 0 272.06695098 0 118.46391047 0 573.35819608 0 84096
0.27850000 0.27849800 3810.25270589 0 57.11714119 0 234.90490719 0 -57.94568326 0 619.10572054 0 85215
0.27950000 0.27950200 3772.01996829 0 95.89485862 0 303.62307671 0 -113.26766843 0 521.06582043 0 84514
0.28050000 0.28050300 3772.35213804 0 57.26340660 0 321.44619797 0 -119.95424539 0 564.62102457 0 85815
0.28150000 0.28150100 3696.47349606 0 62.35645457 0 335.89779633 0 -41.16225330 0 478.14173881 0 85485
0.28250000 0.28250000 3689.23219562 0 43.52497669 0 302.15267198 0 28.35511663 0 296.34745207 0 87220
0.28350000 0.28350400 3702.76257655 0 20.56086430 0 265.89634436 0 57.49791844 0 302.86130076 0 87147
0.28450000 0.28449700 3657.07816435 0 45.80986164 0 158.34531723 0 15.17617129 0 222.63677129 0 87102
0.28550000 0.28549800 3653.52394808 0 98.31050773 0 154.27955956 0 -41.41115916 0 262.17272152 0 88971
0.28650000 0.28649900 3605.25968420 0 29.85098771 0 139.73384644 0 -18.28328708 0 207.01482820 0 89434
0.28750000 0.28750100 3600.79753730 0 35.54426641 0 167.53866853 0 50.30821505 0 274.78631395 0 89619
0.28850000 0.28849900 3577.83353562 0 45.81329406 0 120.63519336 0 110.76532302 0 263.06515090 0 90240
0.28950000 0.28950100 3540.71910283 0 39.82471646 0 132.63759347 0 100.73534686 0 251.12032689 0 91333
0.29050000 0.29050500 3538.20568510 0 60.66338539 0 131.13175729 0 -48.38406644 0 158.35528232 0 92139
0.29150000 0.29150600 3473.91976720 0 107.56176728 0 157.13511213 0 -177.73849415 0 200.86747346 0 92370
0.29250000 0.29250200 3444.81062525 0 70.33760775 0 250.22789751 0 -90.54216463 0 357.88854065 0 91819
0.29350000 0.29349600 3392.81498790 0 1.72378382 0 239.49217136 0 -13.60689069 0 253.14102617 0 93552
0.29450000 0.29450000 3453.23666444 0 -21.16275587 0 181.02365293 0 88.14777439 0 127.61961586 0 94701
0.29550000 0.29550200 3441.93182080 0 8.93197800 0 131.49382231 0 137.58249373 0 17.69368578 0 95020
0.29650000 0.29650300 3446.18359353 0 76.23993194 0 104.03744629 0 39.12583132 0 39.80821870 0 95151
0.29750000 0.29749800 3390.17977460 0 91.48198356 0 101.62179719 0 -85.69392576 0 65.28408798 0 95802
0.29850000 0.29850000 3323.90083823 0 72.85180055 0 73.89071678 0 -31.81278222 0 169.52504360 0 97399
0.29950000 0.29950700 3300.31678637 0 45.71065361 0 129.47865920 0 16.29480827 0 271.07376344 0 97881
0.30050000 0.30050300 3322.98183527 0 -25.82221160 0 72.95067641 0 153.24983335 0 283.34854274 0 97188
0.30150000 0.30149700 3367.55901499 0 -51.92588170 0 58.67047764 0 152.32418700 0 282.02318546 0 98263
0.30250000 0.30249700 3426.38627675 0 -16.67735709 0 -33.08111703 0 137.69432421 0 392.49287740 0 100050
0.30350000 0.30350600 3422.40023982 0 35.88285810 0 -101.80227608 0 3.53384319 0 318.02152791 0 100779
0.30450000 0.30450500 3388.43034728 0 74.40414049 0 -73.42180383 0 -11.67377350 0 450.62479717 0 99982
0.30550000 0.30550300 3368.24549913 0 65.69287821 0 -131.41077988 0 59.88190070 0 449.48102601 0 101559
0.30650000 0.30649700 3307.23698938 0 72.71550023 0 -79.57214810 0 -11.26099723 0 536.45192300 0 100935
0.30750000 0.30749800 3289.08944900 0 82.27689560 0 -23.45339843 0 -68.78737155 0 409.33166899 0 103762
0.30850000 0.30850200 3230.49470606 0 73.24376085 0 15.49228616 0 -8.13298797 0 395.52447994 0 102951
0.30950000 0.30950100 3175.99672331 0 80.07018127 0 47.25568582 0 -99.85365764 0 378.85066599 0 104394
0.31050000 0.31050000 3142.33685586 0 69.43499183 0 71.17932588 0 -54.60394491 0 397.85188262 0 103963
0.31150000 0.31149700 3139.53555768 0 47.20464240 0 89.71794077 0 18.03427049 0 391.25388426 0 105936
0.31250000 0.31250000 3091.52595726 0 53.73664970 0 4.64823947 0 19.39627717 0 407.54570299 0 105717
0.31350000 0.31349800 3096.65244365 0 38.79277579 0 27.23260434 0 61.68270361 0 455.80000179 0 106776
0.31450000 0.31450400 3060.61202637 0 0.25432687 0 -80.57917604 0 87.42530520 0 388.30753862 0 108733
0.31550000 0.31549900 3079.57891878 0 22.12239426 0 -21.62402892 0 6.69136020 0 348.62211201 0 105891
0.31650000 0.31650000 3072.59228182 0 52.37508592 0 -102.82403021 0 -2.04377400 0 315.21801526 0 111072
0.31750000 0.31750600 3041.26867491 0 38.11005624 0 -103.63175631 0 -25.14403171 0 400.10177902 0 108121
0.31850000 0.31849900 3067.52115706 0 16.65000845 0 -147.68045397 0 -16.50706473 0 329.49467088 0 110484
0.31950000 0.31950100 3074.31956450 0 6.34406566 0 -113.54004762 0 47.77331700 0 225.17122644 0 110817
0.32050000 0.32049800 3083.86390849 0 31.22628118 0 -114.08480600 0 -99.73518376 0 226.37700261 0 111088
0.32150000 0.32149900 3034.97959442 0 91.03809406 0 -52.31529537 0 -86.60163495 0 167.74018484 0 112635
0.32250000 0.32250100 3023.37579801 0 90.03405565 0 -35.14289463 0 -83.48256105 0 257.98073934 0 113202
0.32350000 0.32350400 2989.43912244 0 28.05937483 0 22.01399620 0 -13.42973350 0 262.77837769 0 113863
0.32450000 0.32450300 2971.31372671 0 37.15661835 0 66.66724280 0 49.31547040 0 349.03068079 0 114045
0.32550000 0.32549900 3002.77020152 0 41.55277420 0 107.23048332 0 119.64311306 0 336.46912829 0 114828
0.32650000 0.32650300 2940.13406002 0 63.19595824 0 10.77337205 0 68.18459419 0 391.36571474 0 116431
0.32750000 0.32750400 2907.29354461 0 73.36467063 0 16.74024789 0 69.82219103 0 399.71203319 0 116442
0.32850000 0.32850400 2854.38997662 0 61.54728908 0 -62.46883867 0 -3.94474824 0 458.48836225 0 116955
0.32950000 0.32949800 2843.91555734 0 69.77834462 0 -47.84827664 0 -51.20640204 0 308.88685993 0 117028
0.33050000 0.33049700 2802.54935182 0 55.50168900 0 -104.18714412 0 -95.50644146 0 286.99908823 0 119061
0.33150000 0.33150100 2769.00020762 0 35.65377170 0 -83.13555439 0 -41.58466249 0 192.44586321 0 120060
0.33250000 0.33250400 2751.35092186 0 40.63886451 0 -102.22534961 0 -43.54922508 0 151.62995223 0 119737
0.33350000 0.33350100 2771.93437370 0 15.56458844 0 -98.72660569 0 66.16455925 0 114.34722010 0 120531
0.33450000 0.33450000 2766.27641572 0 6.32884122 0 -132.81475066 0 98.80998030 0 95.02667763 0 121704
0.33550000 0.33550300 2781.14654795 0 29.23625224 0 -167.84980086 0 25.00673488 0 68.01142303 0 122761
0.33650000 0.33650300 2783.83712288 0 31.83913436 0 -120.30191639 0 -26.15415990 0 80.39592906 0 122472
0.33750000 0.33749900 2740.71041771 0 66.37581921 0 -167.26407487 0 -79.07920819 0 133.60863635 0 122985
0.33850000 0.33849800 2721.00167953 0 90.55135466 0 -106.18846683 0 -92.62276519 0 159.09823532 0 125380
0.33950000 0.33950300 2693.08834866 0 51.72735492 0 -90.05011052 0 3.17758007 0 120.82231565 0 125223
0.34050000 0.34050000 2645.34448405 0 58.02064290 0 -75.38094098 0 -1.23884921 0 63.09951829 0 125178
0.34150000 0.34149900 2620.81928457 0 76.27348109 0 -59.98664489 0 32.31989470 0 18.56452413 0 127059
0.34250000 0.34250300 2588.11163706 0 62.93077606 0 -52.02619696 0 -37.73725106 0 86.73583153 0 127957
0.34350000 0.34349800 2542.17256139 0 47.39984749 0 -92.30897550 0 33.18951509 0 89.05648009 0 126732
0.34450000 0.34449700 2535.86133624 0 28.69271181 0 -72.98167892 0 13.40714595 0 143.19837688 0 129639
0.34550000 0.34550000 2557.59630986 0 -2.45368254 0 -87.86299420 0 78.11735534 0 159.50237518 0 129826
0.34650000 0.34650400 2552.28159395 0 -4.87849953 0 -116.75323628 0 45.23266135 0 148.94380623 0 130875
0.34750000 0.34750200 2597.04700319 0 39.78142367 0 -99.30447032 0 0.88831601 0 145.77933579 0 130686
0.34850000 0.34850200 2573.59581922 0 30.67952978 0 -136.04897674 0 6.83264307 0 177.44397031 0 132211
0.34950000 0.34950400 2574.43731591 0 23.27026218 0 -165.10275707 0 57.67706866 0 270.07393251 0 132768
0.35050000 0.35050300 2593.75852272 0 -5.63220375 0 -167.77229458 0 28.47680148 0 255.32005969 0 132957
0.35150000 0.35150100 2605.71663352 0 23.28011655 0 -191.02085500 0 131.19154785 0 297.76803135 0 133987
0.35250000 0.35249800 2608.08611103 0 35.81509547 0 -239.49438583 0 61.40600621 0 241.52394297 0 134778
0.35350000 0.35349800 2547.37655405 0 92.56242102 0 -302.79043789 0 40.25376905 0 296.05403547 0 135699
0.35450000 0.35450100 2521.55589257 0 63.79951067 0 -287.41319318 0 -19.51685479 0 285.29727190 0 137380
0.35550000 0.35550100 2468.37551647 0 44.52082159 0 -263.21684175 0 -63.68812308 0 286.61709302 0 136161
0.35650000 0.35649900 2461.72104925 0 58.39898424 0 -254.66125636 0 -58.09571326 0 327.10637042 0 138792
0.35750000 0.35750000 2435.31355456 0 38.88379030 0 -249.54916400 0 1.59503482 0 312.10004859 0 138097
0.35850000 0.35849800 2450.52692886 0 12.78255611 0 -208.93587656 0 22.43640540 0 333.47406442 0 140028
0.35950000 0.35950300 2469.01771131 0 12.91165942 0 -189.20277927 0 2.33255131 0 294.24149589 0 141099
0.36050000 0.36050500 2469.18379618 0 42.22076755 0 -185.00193923 0 26.06225960 0 331.02265171 0 140821
0.36150000 0.36150200 2439.49889334 0 49.29232924 0 -223.29778908 0 -32.23607720 0 357.81435607 0 141756
0.36250000 0.36250400 2422.71324892 0 48.39580310 0 -245.91965592 0 -12.72309773 0 331.44782898 0 142971
0.36350000 0.36349900 2430.65210581 0 44.10062686 0 -235.07763546 0 8.51200472 0 309.43383278 0 142270
0.36450000 0.36450000 2379.05507216 0 45.48765699 0 -275.36650377 0 9.96840296 0 314.83934175 0 145311
0.36550000 0.36550300 2363.55381741 0 56.78729664 0 -253.03916078 0 -12.73029474 0 262.33216300 0 145434
0.36650000 0.36650100 2350.18952136 0 29.91531792 0 -307.67554760 0 -3.83183267 0 225.11143589 0 144547
0.36750000 0.36749600 2345.39520471 0 25.64250777 0 -287.25596617 0 24.21694595 0 217.41949184 0 146892
0.36850000 0.36849900 2323.61594179 0 54.04656407 0 -283.32196916 0 -27.29173055 0 163.11195307 0 148113
0.36950000 0.36949900 2322.15439492 0 55.10064940 0 -274.21055306 0 -38.19996352 0 182.47412748 0 147387
0.37050000 0.37049800 2300.93982056 0 43.11197898 0 -228.27590632 0 -60.78562385 0 169.17737260 0 149758
0.37150000 0.37150100 2306.95209294 0 26.59517060 0 -268.60463501 0 -20.84708389 0 148.42119250 0 150099
0.37250000 0.37250000 2311.63568634 0 17.89343052 0 -210.01432100 0 -32.10365220 0 146.04174989 0 150468
0.37350000 0.37349800 2297.96136519 0 61.03475116 0 -211.75931939 0 -99.70927452 0 65.74480742 0 150709
0.37450000 0.37449700 2285.80395254 0 49.54654982 0 -168.39455924 0 -34.27858896 0 103.03008618 0 153108
0.37550000 0.37550100 2277.20075615 0 43.43030832 0 -185.74599946 0 -27.71436119 0 29.71911632 0 153189
0.37650000 0.37649900 2248.92203856 0 34.40437057 0 -197.69193071 0 9.81995630 0 107.61712891 0 153547
0.37750000 0.37749900 2242.88762154 0 57.03697756 0 -182.53945419 0 74.06056625 0 38.07650710 0 155424
0.37850000 0.37850200 2231.74886277 0 29.38351416 0 -247.08003556 0 58.02186085 0 113.63194792 0 155313
0.37950000 0.37949900 2212.17299249 0 28.92899522 0 -249.64881492 0 88.65034721 0 165.38399412 0 156100
0.38050000 0.38050000 2229.36831294 0 38.21081440 0 -266.11668362 0 65.36358727 0 177.41739673 0 157557
0.38150000 0.38149800 2202.36291270 0 33.68621958 0 -273.12657246 0 -16.78121550 0 232.34609292 0 157692
0.38250000 0.38250100 2195.76380711 0 53.15657061 0 -279.95155348 0 -20.02706752 0 287.84279938 0 159703
0.38350000 0.38350500 2217.36591283 0 23.70407586 0 -245.52548116 0 -31.68168590 0 351.96484687 0 160338
0.38450000 0.38450600 2203.58086843 0 -0.88704823 0 -265.67489786 0 49.55773287 0 343.74032399 0 160167
0.38550000 0.38550000 2226.31235129 0 28.63159258 0 -267.75649493 0 39.17266725 0 310.09485057 0 160033
0.38650000 0.38649600 2216.80122427 0 46.31918858 0 -315.86685350 0 65.14966996 0 299.73558347 0 162444
0.38750000 0.38750200 2211.04361536 0 24.82514875 0 -339.39997267 0 38.26883338 0 277.46470933 0 164307
0.38850000 0.38850400 2186.72879006 0 42.29041248 0 -401.82795446 0 18.61091717 0 260.13652099 0 163882
0.38950000 0.38950500 2169.07950430 0 65.37687406 0 -355.20903804 0 -17.45319489 0 212.87430250 0 164595
0.39050000 0.39050100 2135.04317781 0 69.39413495 0 -422.27964563 0 -31.14811056 0 254.64354064 0 165006
0.39150000 0.39150100 2112.56635842 0 37.90222870 0 -427.38620184 0 25.58349228 0 225.02950068 0 166687
0.39250000 0.39250100 2090.17811764 0 44.83937237 0 -411.94473765 0 -16.21641621 0 249.01990687 0 167256
0.39350000 0.39350100 2080.85522014 0 42.18577901 0 -402.18116162 0 3.96829907 0 217.24012017 0 167937
0.39450000 0.39449600 2071.52125032 0 35.25915405 0 -400.87684176 0 18.11233038 0 182.17406747 0 167719
0.39550000 0.39549700 2046.94068922 0 64.00722748 0 -388.12152357 0 -67.22639520 0 192.50786823 0 171636
0.39650000 0.39650400 2032.20342489 0 61.38186854 0 -359.56710509 0 -66.21460616 0 190.24911396 0 171093
0.39750000 0.39750000 2023.75524105 0 39.41758708 0 -326.57379160 0 -65.34022467 0 187.82538206 0 170464
0.39850000 0.39849800 1981.30394770 0 51.95932012 0 -347.85147820 0 -45.85581179 0 217.20911766 0 172113
0.39950000 0.39949500 2003.63682686 0 36.60289139 0 -309.85458112 0 18.15064063 0 216.86144667 0 173232
