### header ###
fiducial parameters:
Omega_m = 0.31
Omega_nu = 0
Omega_de = 0.69
Omega_k = 0
H_0 = 100
w_de = -1
zeff = 0
beta = 0
fgrowth = 0
b_1 = 2
gamma = 0.55
Lx = 3500 Ly = 3500 Lz = 3500
nx = 700 ny = 700 nz = 700
xoffset = -685.467585 yoffset = -31.7331281 zoffset = 572.489161
bins = 400 dk = 0.001
kx_ny = 0.628318531 ky_ny = 0.628318531 kz_ny = 0.628318531
############################
A(data) = 8.00749704 (not used)
A(ran) = 8.00196056 (used)
Ngal = 475542
weighted Ngal = 0
Nran = 23820508
weighted Nran = 0
SN(data) = 3493.47884
SN(ran) = 69.6999786
SN(data+ran) = 3563.17881
############################
13 columns: k_central k_mean P_0(k) sigma^{lin}_{P_0(k)} P^img_1(k) sigma^{lin}_{P_1(k)} P_2(k) sigma^{lin}_{P_2(k)} P^img_3(k) sigma^{lin}_{P_3(k)} P_4(k) sigma^{lin}_{P_4(k)} N_modes
### header ###
0.00050000 0 0 0 0 0 0 0 0 0 0 0 0
0.00150000 0.00179520 28323.00688610 0 -42787.67058268 0 24571.03889805 0 -145979.74487400 0 64922.35512764 0 3
0.00250000 0.00253879 44611.50392681 0 -33397.67479698 0 -42409.99358312 0 68917.47136870 0 46351.85194180 0 6
0.00350000 0.00331552 63206.69839699 0 -33380.51269351 0 -18281.62623132 0 -27871.25603350 0 -48588.24010867 0 7
0.00450000 0.00420575 74251.12095709 0 -29463.56706567 0 -55430.82612335 0 -11585.52707399 0 -22448.36350707 0 24
0.00550000 0.00557378 97453.39906106 0 -29607.39656506 0 -50610.82168330 0 -24749.74622062 0 -15875.38860173 0 45
0.00650000 0.00659388 77292.68858477 0 -3781.11034697 0 -32857.56679233 0 -39662.50690262 0 15150.70494235 0 40
0.00750000 0.00754703 107826.72801391 0 4549.15323034 0 -12488.14299321 0 -68005.22252689 0 -397.60496977 0 57
0.00850000 0.00846663 83936.30492246 0 18414.27268264 0 1032.76002513 0 -46163.06880364 0 53642.53494189 0 75
0.00950000 0.00948925 83381.24927930 0 29399.45830497 0 21956.53083862 0 -40017.37491306 0 71284.62369168 0 112
0.01050000 0.01054430 71546.37345039 0 11485.65470413 0 34324.09621456 0 16012.24253649 0 49198.76809917 0 105
0.01150000 0.01145670 68175.73632910 0 -2919.99350117 0 40665.65953119 0 25932.04906476 0 34196.98592564 0 144
0.01250000 0.01249090 77025.07049391 0 -5821.14190551 0 27461.46929196 0 47452.10885903 0 12865.26637653 0 169
0.01350000 0.01339930 86849.65502874 0 -6739.40301969 0 15060.24404858 0 32318.12312716 0 31496.00300938 0 180
0.01450000 0.01448870 80169.50001915 0 -2021.67364399 0 -654.12859117 0 10971.11269748 0 11553.86022501 0 267
0.01550000 0.01550050 86287.95599069 0 1541.13474686 0 2741.85086717 0 543.34333797 0 19274.03870481 0 238
0.01650000 0.01653350 76161.53988130 0 8139.08881699 0 3457.96454714 0 -15098.33284595 0 8484.45677273 0 315
0.01750000 0.01747870 68009.87290332 0 13523.51608700 0 -2730.08098588 0 -11389.10403171 0 8407.36017502 0 297
0.01850000 0.01844180 62819.94209107 0 1031.22761538 0 6998.67257764 0 -12555.79489785 0 3977.47802763 0 388
0.01950000 0.01947590 61309.89843230 0 -5604.30149626 0 5518.10344754 0 2597.25737736 0 7938.52472522 0 399
0.02050000 0.02045430 70326.53542512 0 -10668.32890299 0 -1325.84446308 0 8119.74546553 0 -13103.87497637 0 462
0.02150000 0.02154770 77539.49070498 0 -7931.81489638 0 1055.82589220 0 5239.97772042 0 -17228.53741781 0 571
0.02250000 0.02255340 79149.62818011 0 3529.35889757 0 5721.90065816 0 -2955.76818266 0 -22158.60076656 0 510
0.02350000 0.02348930 74295.07808662 0 9245.32478962 0 -741.38072521 0 -11832.21847095 0 -12120.65253248 0 555
0.02450000 0.02439640 69035.72379776 0 11837.20101712 0 14724.53116008 0 -17093.01216203 0 -7867.63970174 0 592
0.02550000 0.02547300 63708.93905076 0 2165.40349246 0 23147.35937287 0 -3961.71103709 0 -5047.04246046 0 837
0.02650000 0.02652900 63549.38685012 0 1983.59591894 0 27802.05400338 0 -1021.54818902 0 -8320.78566726 0 723
0.02750000 0.02749970 65725.76301648 0 -2328.78671748 0 29164.94646531 0 -1047.40538917 0 3372.97338183 0 826
0.02850000 0.02848090 70979.35969643 0 -7203.64345469 0 33285.51214657 0 6088.57176685 0 6318.14534964 0 831
0.02950000 0.02946900 73054.64553719 0 1251.27235543 0 30136.87513789 0 3880.62840244 0 913.08258787 0 996
0.03050000 0.03053250 70301.51197103 0 6906.10794216 0 30238.40835647 0 1793.37337855 0 2558.32708330 0 1041
0.03150000 0.03150510 62052.29781140 0 10060.54684904 0 26404.28371827 0 252.01829243 0 8231.40986133 0 1036
0.03250000 0.03246190 55932.84533063 0 6197.39057517 0 25885.98819351 0 2040.35265596 0 -2318.72197422 0 1059
0.03350000 0.03345080 52509.83611294 0 1647.90517508 0 21268.27512790 0 3697.68037946 0 3564.51352887 0 1302
0.03450000 0.03451200 50520.91440577 0 -1722.53264436 0 18940.87245102 0 9120.36253172 0 -9030.63241139 0 1339
0.03550000 0.03553350 51317.23600672 0 -1648.09340461 0 13547.65375510 0 4075.03628160 0 -4816.59416401 0 1365
0.03650000 0.03647120 55227.20606993 0 -2134.79958666 0 15645.19496875 0 3043.31705500 0 -10345.34918803 0 1308
0.03750000 0.03744890 53458.51290340 0 1477.08134778 0 12312.20375184 0 -3352.21277279 0 -6092.25885101 0 1579
0.03850000 0.03847530 54514.70196785 0 2011.33209261 0 14551.58144641 0 -386.02331801 0 -2096.33433024 0 1662
0.03950000 0.03950240 50941.66274888 0 1568.56089543 0 17200.96732902 0 2472.84873570 0 846.47037453 0 1683
0.04050000 0.04050350 50757.52998714 0 1579.50035235 0 16897.25345924 0 4047.85372418 0 -605.53215754 0 1822
0.04150000 0.04152450 50013.24831283 0 2337.40098619 0 17244.48156555 0 3676.21114164 0 -1660.48333608 0 1887
0.04250000 0.04250150 46309.22349125 0 2184.87971181 0 14812.00252614 0 -14.14500568 0 -3524.34313442 0 1920
0.04350000 0.04349210 44141.15156851 0 3125.63979003 0 14006.04800259 0 -1881.66409666 0 -4845.62579968 0 2005
0.04450000 0.04448520 41301.21097578 0 2743.12418452 0 15167.86704582 0 -3536.41196848 0 630.72944713 0 2151
0.04550000 0.04548030 40967.38038250 0 637.92867273 0 14768.04539661 0 228.28144248 0 -6080.56647601 0 2274
0.04650000 0.04648670 39085.52805632 0 1268.86627957 0 16257.05163823 0 580.48323710 0 -4372.83752993 0 2311
0.04750000 0.04749250 38307.58651456 0 2633.77390461 0 15711.85036416 0 3566.27402851 0 -5579.42198239 0 2568
0.04850000 0.04851840 35716.44106050 0 727.17161077 0 14419.82078107 0 1191.00569144 0 -3070.44425081 0 2493
0.04950000 0.04949480 35583.68388592 0 182.19731936 0 13275.82818081 0 4109.46013947 0 -995.53044016 0 2644
0.05050000 0.05050630 35512.71028384 0 -1075.55677502 0 12960.37764672 0 4058.82639807 0 -728.87896325 0 2829
0.05150000 0.05149060 35773.24208682 0 290.29531933 0 12951.29834037 0 1857.82538132 0 500.85993487 0 2784
0.05250000 0.05249300 34611.75521334 0 1390.34075515 0 11457.97389208 0 93.71294629 0 982.66993489 0 3055
0.05350000 0.05348950 34736.09742106 0 475.46223620 0 11725.59198295 0 1254.09579826 0 4485.18840986 0 3009
0.05450000 0.05448610 34172.07319480 0 350.22981357 0 12221.52141157 0 331.92726065 0 3388.59643215 0 3336
0.05550000 0.05550870 33886.18576798 0 -158.03529214 0 12312.64664483 0 961.53508127 0 2650.84742948 0 3349
0.05650000 0.05647670 34644.97218780 0 -257.49909321 0 12879.99256854 0 654.56041184 0 3538.02852790 0 3324
0.05750000 0.05747970 34971.60576995 0 556.53601299 0 13111.51488050 0 849.00482968 0 4576.84511471 0 3639
0.05850000 0.05849280 33910.21271283 0 937.60225118 0 13159.45804696 0 -487.47681586 0 4877.17085309 0 3846
0.05950000 0.05951020 33737.37372242 0 923.15286729 0 12348.41025400 0 842.01819272 0 5079.47329985 0 3787
0.06050000 0.06049470 31822.19369853 0 170.61013143 0 11749.95109755 0 2062.57481187 0 2487.22061331 0 3930
0.06150000 0.06148310 33541.61501962 0 46.42415422 0 9446.71930575 0 2095.58141215 0 2673.70070791 0 4083
0.06250000 0.06249100 31894.93887259 0 550.92012984 0 8865.20080627 0 1396.09836406 0 1588.90075613 0 4303
0.06350000 0.06350600 31707.26296692 0 -62.23720564 0 6297.36259596 0 264.03065763 0 -630.15590071 0 4470
0.06450000 0.06451750 31306.33408523 0 76.01040265 0 6416.23507521 0 1243.33349854 0 -473.12376120 0 4479
0.06550000 0.06550280 31830.38721890 0 -204.21685172 0 6375.04602688 0 -534.04147789 0 -3044.42428749 0 4636
0.06650000 0.06648880 31406.87079459 0 134.41580883 0 6008.46349679 0 -1051.06257806 0 -3858.41731885 0 4653
0.06750000 0.06749660 31851.20318956 0 883.17623853 0 7479.77616334 0 -1496.90080921 0 -957.66530375 0 5220
0.06850000 0.06852730 30984.01870976 0 731.96924911 0 9153.05910691 0 -2097.36405645 0 -678.11235396 0 5029
0.06950000 0.06949320 31872.24060671 0 -100.40605592 0 9009.19639054 0 -395.54441012 0 558.20129064 0 5040
0.07050000 0.07048030 31176.78788486 0 -204.93323114 0 10049.68489840 0 313.54609421 0 -2544.99600422 0 5475
0.07150000 0.07148790 30989.88704192 0 223.92226820 0 9649.43142853 0 764.28161463 0 -1882.92634168 0 5509
0.07250000 0.07249820 30213.82779538 0 1827.45399434 0 10094.76033273 0 1411.42246161 0 -2568.73506863 0 5916
0.07350000 0.07351270 28845.39917104 0 1721.91259417 0 9056.47521751 0 196.13737630 0 -718.19970597 0 5721
0.07450000 0.07449140 26845.95875529 0 1246.04621812 0 9034.92847342 0 -31.98905363 0 -2305.23588259 0 6028
0.07550000 0.07549160 26847.84105051 0 758.39113783 0 8995.17882732 0 780.41620636 0 -863.57047298 0 6183
0.07650000 0.07648840 26532.05834668 0 -402.37160561 0 9188.05872566 0 222.27027734 0 412.79287773 0 6330
0.07750000 0.07749960 26856.25601737 0 -532.39170149 0 10056.31722096 0 1379.53416613 0 1002.47389506 0 6583
0.07850000 0.07848650 27204.81280266 0 586.19877118 0 9673.19263759 0 90.15153301 0 2262.00952650 0 6549
0.07950000 0.07947320 26385.23931959 0 1317.07518183 0 10965.27758230 0 -138.03535182 0 1471.96593372 0 6828
0.08050000 0.08048110 25663.76663440 0 1000.35575932 0 10766.88366620 0 -522.65027011 0 3840.31406777 0 7147
0.08150000 0.08149960 25107.93592851 0 325.12110258 0 11224.34783841 0 -240.27830642 0 1707.31927006 0 7386
0.08250000 0.08250610 25218.43773020 0 16.85296416 0 12345.86361929 0 -253.86404898 0 2142.04088709 0 7227
0.08350000 0.08350160 24830.79563830 0 292.82866725 0 11155.81014778 0 1100.65662815 0 718.89726243 0 7798
0.08450000 0.08449610 24586.87232254 0 235.72425923 0 10395.87220618 0 1014.71102845 0 605.61962891 0 7371
0.08550000 0.08548940 24397.53556814 0 48.34520258 0 10031.40449012 0 1452.06896602 0 217.45270881 0 8256
0.08650000 0.08650700 24303.64225368 0 333.34119653 0 10071.63024619 0 1621.42017412 0 -829.54411158 0 8037
0.08750000 0.08749060 23989.40967533 0 268.83715383 0 8997.37114763 0 394.33420502 0 -320.26478091 0 8155
0.08850000 0.08849210 23126.98629520 0 1085.62262552 0 9848.55611807 0 -646.24288144 0 -103.50486747 0 8718
0.08950000 0.08949900 22295.45470132 0 1463.35166501 0 9805.52906382 0 246.55742183 0 645.88524534 0 8571
0.09050000 0.09049190 21180.58231533 0 973.54080307 0 9389.71897758 0 -218.85225067 0 1188.17117629 0 8932
0.09150000 0.09150830 20984.49144279 0 230.19252575 0 9899.04591924 0 671.55643044 0 502.34362639 0 9285
0.09250000 0.09250820 20939.98069702 0 17.14040171 0 9635.66852878 0 610.25339684 0 -405.81842032 0 9204
0.09350000 0.09350330 20236.33445480 0 472.62218488 0 9602.09723993 0 184.86907133 0 -590.92111771 0 9349
0.09450000 0.09448040 20219.06162808 0 579.30735621 0 8685.61877004 0 558.08503123 0 -146.61751078 0 9564
0.09550000 0.09549270 19639.97904007 0 250.76269080 0 7995.22610062 0 524.49159773 0 677.49562547 0 10155
0.09650000 0.09649430 19574.87377013 0 -183.06428239 0 7724.97279645 0 1431.24192303 0 -474.45465464 0 9913
0.09750000 0.09749140 18971.76423726 0 453.65972140 0 7525.32770764 0 1038.72357928 0 -933.48556081 0 10476
0.09850000 0.09850240 18858.05146137 0 934.41674333 0 6738.92690972 0 -85.75703802 0 -413.77720740 0 10575
0.09950000 0.09950330 17562.36801110 0 594.89940402 0 6275.02971680 0 771.64360340 0 126.84566035 0 10882
0.10050000 0.10051200 18065.05155786 0 72.50213653 0 6812.33642327 0 334.85921226 0 998.99718506 0 10875
0.10150000 0.10150300 17555.28172321 0 -291.27964900 0 6048.32386613 0 978.30300998 0 512.16699297 0 11118
0.10250000 0.10250800 17891.76967445 0 204.32646774 0 7072.38104396 0 199.95954283 0 127.23097726 0 11575
0.10350000 0.10349800 17549.74556080 0 393.27458354 0 6350.55404438 0 166.69052845 0 1684.15596654 0 11364
0.10450000 0.10450100 17431.49313174 0 292.86520592 0 6984.09032586 0 191.13157825 0 543.04770689 0 12093
0.10550000 0.10551000 17121.24659032 0 90.89371095 0 6764.79186050 0 154.48661203 0 1216.35024295 0 12067
0.10650000 0.10649700 16776.01150248 0 413.10843898 0 6704.65806441 0 -328.56348837 0 -323.52779504 0 12054
0.10750000 0.10749900 16317.50653174 0 737.56520207 0 6640.07319374 0 -487.78684096 0 674.97002818 0 12807
0.10850000 0.10850100 15774.85189237 0 811.38439164 0 6919.11792382 0 -282.57680170 0 -132.22127405 0 12736
0.10950000 0.10950300 14975.31931722 0 546.37494050 0 6327.50146411 0 519.12705635 0 216.05759588 0 12933
0.11050000 0.11050200 14862.93522031 0 164.11289123 0 6011.54160309 0 941.22511586 0 -671.39145280 0 13428
0.11150000 0.11150900 14802.36960355 0 6.59930489 0 5716.96240129 0 754.75609359 0 -375.74487888 0 13453
0.11250000 0.11250000 14672.38051018 0 -36.53878262 0 5362.93588754 0 501.44123192 0 -200.03151294 0 13668
0.11350000 0.11349100 14794.72969943 0 -154.83428303 0 5288.90632380 0 272.72021814 0 155.14873706 0 13791
0.11450000 0.11448600 14938.33775232 0 57.72988365 0 5365.81469199 0 609.31003477 0 106.81837139 0 14205
0.11550000 0.11549300 14755.53366957 0 245.65502736 0 4668.02570959 0 206.93842916 0 -50.35139711 0 14776
0.11650000 0.11649800 14553.79591137 0 51.36695075 0 4494.35629481 0 482.98366645 0 136.14641320 0 14553
0.11750000 0.11747300 14534.75151269 0 -19.95642608 0 4373.22506130 0 682.27001193 0 223.30553971 0 14568
0.11850000 0.11849100 14499.87368951 0 -21.43834604 0 4106.18273132 0 531.40626458 0 -127.71040892 0 16015
0.11950000 0.11950300 14415.50257439 0 349.69612751 0 3892.48686232 0 99.55005449 0 -106.09656654 0 15270
0.12050000 0.12050700 14060.74528720 0 513.68279424 0 3696.62850860 0 -342.72609904 0 -12.49345771 0 15999
0.12150000 0.12150000 13661.80942398 0 471.32229395 0 4281.34690995 0 -404.09888828 0 90.88939274 0 15670
0.12250000 0.12250700 13406.70306016 0 213.63829291 0 4276.96226932 0 -196.85929188 0 46.11125032 0 16887
0.12350000 0.12352200 13496.16744470 0 -135.40899637 0 4203.27594765 0 362.89433870 0 -225.22769530 0 16407
0.12450000 0.12449800 13469.15097214 0 -219.00726322 0 3858.46160815 0 354.02872822 0 -379.41203286 0 16306
0.12550000 0.12549900 13928.87389861 0 -305.37582573 0 3926.81106926 0 -2.45578628 0 -1073.26591102 0 17523
0.12650000 0.12650100 13845.94218572 0 174.92944534 0 4235.69571472 0 -234.57938084 0 -1194.02843612 0 17154
0.12750000 0.12750600 13601.57597697 0 495.98036132 0 3736.20099750 0 -343.45355078 0 -909.85500518 0 18007
0.12850000 0.12850300 13374.59331819 0 199.45132312 0 4297.15818979 0 -312.87178963 0 -1137.23848212 0 17496
0.12950000 0.12949900 13305.50201132 0 141.78665547 0 4369.78156828 0 126.20900168 0 -827.41822521 0 18405
0.13050000 0.13049000 13397.07013757 0 -20.67933817 0 4556.91493004 0 185.73824883 0 -947.84415164 0 18100
0.13150000 0.13148800 13244.82567131 0 172.25326444 0 4261.28385738 0 307.15293386 0 -516.89155397 0 19059
0.13250000 0.13249300 13242.61120635 0 296.01085340 0 4337.81576653 0 277.90206616 0 -271.50336965 0 18957
0.13350000 0.13349100 12887.63247266 0 212.27750419 0 4426.90369202 0 319.21180282 0 -0.05557122 0 19468
0.13450000 0.13450700 12565.98143668 0 417.79646131 0 4220.37161717 0 -61.13606293 0 -478.45397837 0 19953
0.13550000 0.13551000 12099.61511532 0 435.56643541 0 4181.17558732 0 531.62217491 0 -894.07472785 0 19956
0.13650000 0.13649900 11927.88335738 0 383.46118205 0 4082.35508831 0 178.61099335 0 -593.58290460 0 19723
0.13750000 0.13749600 11565.59688932 0 38.17150764 0 3953.82754182 0 122.76661589 0 -213.25629770 0 20946
0.13850000 0.13851100 11706.43686101 0 -193.38036742 0 3748.34733783 0 536.89260153 0 -245.63952610 0 20955
0.13950000 0.13949800 11742.75408642 0 -77.63050521 0 3633.98129478 0 576.85372903 0 -76.60742240 0 20506
0.14050000 0.14048300 11761.90920835 0 155.27939049 0 3335.43820069 0 281.35109534 0 -146.16022377 0 21447
0.14150000 0.14148400 11696.13959893 0 216.23253862 0 3505.43160363 0 109.81343526 0 551.82473878 0 21771
0.14250000 0.14249400 11241.17777213 0 388.78918475 0 3555.34564392 0 -39.24795906 0 882.19855225 0 22470
0.14350000 0.14350900 11283.58477619 0 261.34561886 0 3621.48064006 0 -211.68734928 0 619.87081818 0 22519
0.14450000 0.14449900 10987.94263120 0 -54.52953888 0 3858.36195723 0 12.89970131 0 369.20777831 0 22218
0.14550000 0.14550500 10946.87537845 0 181.49644119 0 3749.63172751 0 -92.30199994 0 83.02826356 0 23559
0.14650000 0.14650700 10901.82208876 0 110.09899051 0 3918.78363376 0 -333.32015911 0 94.82117528 0 23044
0.14750000 0.14750500 10887.48342812 0 215.88929655 0 3666.16854303 0 199.00400120 0 -73.17267652 0 23649
0.14850000 0.14849900 10828.86654053 0 12.22052490 0 3751.32579321 0 345.39785102 0 429.18102569 0 23640
0.14950000 0.14949500 10674.13080119 0 43.63160318 0 3063.29152898 0 573.71140325 0 243.76719597 0 24457
0.15050000 0.15050000 10757.84864915 0 -63.68358343 0 2941.06413530 0 595.37883568 0 18.13226057 0 24591
0.15150000 0.15149900 10572.98511398 0 158.67195081 0 2900.38441392 0 230.85022184 0 -200.52644586 0 25020
0.15250000 0.15250500 10392.76088290 0 380.68535022 0 2577.31612036 0 137.14292244 0 -138.32433949 0 25297
0.15350000 0.15350100 10032.26813146 0 268.40311870 0 2192.09886760 0 202.53828728 0 55.30238716 0 25452
0.15450000 0.15450400 9815.70453033 0 165.37735072 0 2145.24078896 0 96.01067514 0 -77.59175208 0 26061
0.15550000 0.15549900 9827.93944925 0 77.90687044 0 2113.49643371 0 -62.66703329 0 -453.07399542 0 26128
0.15650000 0.15649500 9573.26490610 0 186.54874301 0 2051.61321030 0 140.51665981 0 -269.04863523 0 26331
0.15750000 0.15749700 9541.09980250 0 86.94631642 0 2148.68428198 0 -94.90986460 0 -39.38835614 0 27345
0.15850000 0.15849900 9541.18838110 0 72.26374938 0 2534.38871704 0 4.80440353 0 25.05656034 0 26980
0.15950000 0.15949700 9599.15200153 0 133.24546410 0 2665.38539197 0 -175.57717635 0 168.60271894 0 27777
0.16050000 0.16050000 9334.46807674 0 304.85653370 0 2998.29698229 0 -153.90974391 0 437.57163344 0 28224
0.16150000 0.16150500 9215.07519822 0 336.97734800 0 3097.62680824 0 -322.82248795 0 475.54084971 0 28075
0.16250000 0.16249700 9001.83329453 0 218.73709849 0 3281.83707625 0 -23.10871696 0 372.83950085 0 28590
0.16350000 0.16349900 8935.28862237 0 133.93748440 0 3165.73267820 0 -49.97527024 0 150.94346809 0 29163
0.16450000 0.16449100 8734.73560293 0 34.22256300 0 3197.02306814 0 10.42367481 0 183.24476128 0 28996
0.16550000 0.16550500 8863.60639150 0 0.48005725 0 2891.55977104 0 443.66251932 0 -77.46851710 0 30777
0.16650000 0.16650700 8785.24754876 0 -77.29003123 0 2613.68870739 0 323.99615438 0 -192.90093576 0 29211
0.16750000 0.16749900 8790.03079308 0 83.28414499 0 2591.56620240 0 101.43334622 0 -525.59329405 0 30922
0.16850000 0.16850800 8680.38156040 0 194.04249245 0 2541.70752374 0 11.64908222 0 -244.61312159 0 30867
0.16950000 0.16949900 8498.14216621 0 154.37588878 0 2494.22939492 0 83.63015514 0 -196.56587527 0 30852
0.17050000 0.17049200 8426.49315231 0 116.22397916 0 2523.15030735 0 -183.19825752 0 -241.06997765 0 31257
0.17150000 0.17149500 8385.49233350 0 154.80106606 0 2592.79523046 0 107.64348104 0 -442.23972558 0 32608
0.17250000 0.17250900 8180.23357602 0 206.85981566 0 2648.98727891 0 -128.83978605 0 -334.90903772 0 32361
0.17350000 0.17350400 8117.40920499 0 -6.54647883 0 2492.72355875 0 49.25446189 0 -202.86934979 0 32508
0.17450000 0.17449800 8182.99058490 0 -84.18554295 0 2667.72165251 0 194.58503636 0 -350.14787837 0 32791
0.17550000 0.17549800 8247.42044302 0 -36.22543583 0 2515.18930580 0 225.51114681 0 -154.91289654 0 33633
0.17650000 0.17650100 8238.42971526 0 -40.77483265 0 2421.96033083 0 423.24847405 0 -446.05303425 0 33984
0.17750000 0.17750300 8105.91613183 0 135.53854257 0 2280.37851337 0 82.73396117 0 142.87949392 0 34069
0.17850000 0.17849800 8126.10097998 0 151.87243614 0 2045.06946633 0 395.42261455 0 -40.36759255 0 34536
0.17950000 0.17950400 7967.23526348 0 83.36630164 0 2119.30940424 0 112.79709462 0 -46.64205758 0 35343
0.18050000 0.18050100 7886.83911297 0 187.59950663 0 1998.24460467 0 78.41586521 0 331.24299097 0 34990
0.18150000 0.18150500 7815.56655811 0 -3.94856819 0 1949.68138802 0 -26.85470589 0 396.39476467 0 36243
0.18250000 0.18250200 7887.71382663 0 -133.05612735 0 2007.56750217 0 253.36247266 0 598.86108184 0 35694
0.18350000 0.18350400 8007.39458560 0 -24.08042419 0 1906.07857288 0 484.67883938 0 680.22827523 0 37087
0.18450000 0.18450600 8009.93014798 0 58.16757265 0 1938.12188091 0 160.24643540 0 711.46330355 0 36651
0.18550000 0.18550700 7929.13539378 0 164.24354466 0 1803.43812181 0 115.63936041 0 807.87003574 0 37818
0.18650000 0.18651000 7760.40423587 0 193.59295606 0 1963.92039773 0 -21.88644302 0 961.65244792 0 37267
0.18750000 0.18750100 7666.38912583 0 157.63447398 0 1927.58102768 0 -307.98446546 0 670.12145714 0 38334
0.18850000 0.18850000 7468.80348944 0 214.21516103 0 2177.95950880 0 -309.01972783 0 558.89220371 0 38223
0.18950000 0.18949500 7352.35584933 0 351.47877181 0 2191.67811925 0 -216.92012999 0 745.12870716 0 39064
0.19050000 0.19050000 7095.69936003 0 114.21545943 0 2079.67048139 0 -56.32048742 0 554.05913393 0 39609
0.19150000 0.19149800 7122.95942373 0 28.27650312 0 2083.19148068 0 202.00238676 0 223.60338525 0 39576
0.19250000 0.19250400 7157.62687274 0 -57.89541490 0 2073.97930643 0 68.26409348 0 -179.15796619 0 40909
0.19350000 0.19350500 7003.33402639 0 218.65516329 0 1930.96915907 0 -94.44504841 0 -274.83060325 0 40191
0.19450000 0.19450100 6956.40951381 0 97.03984773 0 1856.09809865 0 83.58442644 0 53.56624662 0 41232
0.19550000 0.19549800 6878.80358916 0 -79.57635558 0 1694.46430095 0 383.63612478 0 81.02240120 0 40873
0.19650000 0.19649700 6987.85491630 0 -25.24025021 0 1451.73679627 0 349.13254618 0 -218.77806609 0 42816
0.19750000 0.19750200 6909.49607355 0 147.45014961 0 1453.02118595 0 186.23539622 0 -170.73081977 0 41727
0.19850000 0.19849000 6699.70873522 0 232.55757433 0 1309.16954191 0 158.08954653 0 173.58637234 0 42610
0.19950000 0.19949900 6578.55535705 0 167.00387524 0 1421.32112000 0 91.43038653 0 400.46495127 0 43863
0.20050000 0.20050100 6532.42805186 0 12.99492330 0 1471.84413814 0 -3.06408874 0 433.32318241 0 43302
0.20150000 0.20150100 6616.90989022 0 -41.72815982 0 1554.69834476 0 197.17596037 0 517.81720033 0 44487
0.20250000 0.20249700 6591.73142358 0 -13.54078891 0 1552.88248349 0 9.01969295 0 771.98463101 0 43759
0.20350000 0.20349100 6685.82403989 0 87.31546773 0 1600.90315623 0 44.27335513 0 891.99091632 0 45282
0.20450000 0.20449700 6580.21620577 0 45.48544252 0 1538.75419702 0 113.38724954 0 979.68483612 0 45483
0.20550000 0.20549900 6496.28798365 0 185.33632344 0 1375.19381480 0 102.53338169 0 967.80423159 0 46138
0.20650000 0.20650200 6383.98139301 0 95.69079567 0 1359.36039031 0 85.43505481 0 847.20446966 0 46227
0.20750000 0.20749300 6300.41855761 0 49.82568313 0 1273.82668109 0 99.08689914 0 706.57597937 0 46236
0.20850000 0.20850300 6207.00135311 0 136.36564523 0 1150.40347633 0 -21.40269315 0 651.74250517 0 48361
0.20950000 0.20950400 6140.64491047 0 141.59399701 0 1141.02521721 0 27.61304942 0 412.32119669 0 46812
0.21050000 0.21050300 6058.22252452 0 41.42998211 0 1093.78514337 0 -108.32354323 0 470.45643815 0 48813
0.21150000 0.21149700 5940.90017074 0 38.31146183 0 1086.52612722 0 236.16715222 0 419.89688133 0 47215
0.21250000 0.21249000 5990.14987154 0 8.68591772 0 1113.79837048 0 39.53019262 0 371.06682165 0 50004
0.21350000 0.21350300 6071.02213201 0 -38.05037641 0 1109.55767008 0 118.03873319 0 386.44628082 0 49509
0.21450000 0.21449800 6005.61790931 0 79.08662665 0 1176.65595848 0 17.55771763 0 243.25122564 0 49660
0.21550000 0.21550100 5971.82517396 0 185.04955023 0 1128.84565991 0 -226.44011487 0 289.21355319 0 50841
0.21650000 0.21649800 5894.27461093 0 209.84602166 0 1252.41280489 0 -204.74167992 0 532.11600060 0 50424
0.21750000 0.21750300 5679.92547477 0 129.61152709 0 1299.19337725 0 10.72054599 0 517.76073147 0 52231
0.21850000 0.21850300 5719.83013341 0 53.68173097 0 1271.73401170 0 0.71961364 0 458.68102070 0 51078
0.21950000 0.21950100 5635.74689874 0 41.80732694 0 1308.84844449 0 58.00159850 0 336.31633020 0 52791
0.22050000 0.22050700 5635.34829505 0 31.34663735 0 1245.86906092 0 87.46317255 0 211.12930411 0 52969
0.22150000 0.22150000 5634.70610021 0 -8.58741832 0 1285.00972915 0 94.68011386 0 337.75019627 0 52704
0.22250000 0.22250100 5692.60328669 0 -51.99419795 0 1351.39938877 0 -78.37545123 0 331.90511600 0 54051
0.22350000 0.22349900 5677.25704449 0 74.60023136 0 1240.34397083 0 40.40545990 0 198.16693344 0 53938
0.22450000 0.22449800 5708.02703516 0 116.30148543 0 1388.48060458 0 -44.02267769 0 421.32078230 0 54735
0.22550000 0.22549100 5528.88789192 0 90.82893785 0 1187.49576447 0 67.46356440 0 254.58596456 0 54774
0.22650000 0.22649900 5527.59242991 0 67.17546250 0 1172.81386177 0 92.02652050 0 354.55909258 0 56911
0.22750000 0.22749800 5481.59799262 0 76.35264821 0 1206.41836759 0 192.32628210 0 381.13156491 0 54879
0.22850000 0.22849100 5480.73435128 0 -63.07305544 0 1001.06992427 0 159.50901857 0 226.44565103 0 57210
0.22950000 0.22949800 5456.58561085 0 1.73779031 0 926.45020562 0 120.45692893 0 349.75923977 0 57375
0.23050000 0.23049600 5470.39279990 0 110.97348273 0 916.14076398 0 -11.37072397 0 219.93733850 0 57604
0.23150000 0.23150100 5416.35985479 0 107.77513098 0 1083.09592099 0 -39.49332178 0 382.71933629 0 58629
0.23250000 0.23250200 5237.36465177 0 146.56214916 0 1047.60690548 0 -176.17840358 0 305.57734204 0 58560
0.23350000 0.23350400 5242.20325771 0 138.04974584 0 1138.53394413 0 121.09469484 0 394.92989610 0 59305
0.23450000 0.23449700 5119.79870684 0 98.57413978 0 992.73135645 0 -21.64816659 0 370.48552459 0 59196
0.23550000 0.23549300 5027.48873483 0 46.44120560 0 968.77306001 0 204.74610885 0 340.69100574 0 60063
0.23650000 0.23649900 5056.11069449 0 -9.47385757 0 781.34960334 0 88.46787530 0 314.56917703 0 61537
0.23750000 0.23750400 5053.67478303 0 -12.85751575 0 696.64521124 0 76.56224732 0 101.08478943 0 61224
0.23850000 0.23850100 5047.58500438 0 11.04182056 0 694.20376362 0 -36.07795247 0 -29.22307617 0 61221
0.23950000 0.23949400 5003.17390953 0 130.91363249 0 732.15526417 0 -129.40115292 0 26.48511169 0 62332
0.24050000 0.24050100 4985.30317727 0 84.20292650 0 732.75427694 0 -107.45735526 0 239.07363748 0 63447
0.24150000 0.24150500 4969.83513950 0 62.46684565 0 945.82455959 0 -33.87898876 0 225.76027412 0 63342
0.24250000 0.24250300 5004.70189035 0 18.67690823 0 837.95464951 0 195.34238338 0 263.89114633 0 63379
0.24350000 0.24349600 4939.60769274 0 43.52519814 0 896.35894846 0 216.04098740 0 427.49471062 0 64266
0.24450000 0.24449500 4941.98824258 0 -21.37490162 0 872.94208870 0 124.29238225 0 389.15014254 0 64695
0.24550000 0.24549600 4973.67723621 0 36.98555093 0 857.31018052 0 148.91944711 0 474.80343287 0 65947
0.24650000 0.24650000 4892.37315507 0 86.05964465 0 774.38732549 0 -26.25547167 0 516.54499021 0 66018
0.24750000 0.24750000 4864.53733047 0 106.08781940 0 817.93477900 0 2.25135795 0 654.49508512 0 66303
0.24850000 0.24849600 4826.62569029 0 73.85506390 0 795.00177984 0 -58.62729558 0 536.63018743 0 66958
0.24950000 0.24949200 4727.38444295 0 59.42350645 0 882.65805373 0 -47.23210176 0 506.41602746 0 66975
0.25050000 0.25048900 4730.08609020 0 97.39748382 0 834.95183502 0 -88.60627936 0 463.73885868 0 68676
0.25150000 0.25150000 4631.63097791 0 81.31980384 0 910.11631205 0 -33.52533870 0 384.67249438 0 69349
0.25250000 0.25249900 4602.27824482 0 79.71808134 0 845.97987054 0 -84.03086258 0 333.19172014 0 68592
0.25350000 0.25349900 4592.12492296 0 42.24069774 0 858.68093434 0 76.18623117 0 254.58264286 0 70437
0.25450000 0.25450100 4513.15710235 0 88.12352600 0 876.72218040 0 6.54506157 0 290.04951372 0 70099
0.25550000 0.25550100 4508.65066615 0 84.49446082 0 779.62232067 0 31.78056176 0 120.14690384 0 71064
0.25650000 0.25650300 4428.80813189 0 86.94432341 0 871.47168397 0 19.09931742 0 89.14350856 0 71409
0.25750000 0.25750600 4416.20782624 0 67.87490126 0 790.76329390 0 -23.59844589 0 154.41021299 0 72612
0.25850000 0.25850600 4397.93849029 0 -41.31527283 0 799.23251515 0 29.24743529 0 147.00172045 0 71845
0.25950000 0.25949600 4440.36763900 0 7.89439044 0 750.64715385 0 55.47046505 0 212.90087608 0 72816
0.26050000 0.26049800 4468.73493518 0 19.61561993 0 688.74067855 0 118.55138183 0 73.35326614 0 73743
0.26150000 0.26149900 4432.26269723 0 24.01542964 0 574.56397226 0 81.06514037 0 139.54340246 0 74662
0.26250000 0.26250300 4373.29149524 0 101.08191063 0 567.68362961 0 91.47157558 0 102.31215664 0 74931
0.26350000 0.26350100 4320.45436121 0 97.12953356 0 535.91048631 0 -29.73262456 0 46.13749173 0 75087
0.26450000 0.26450200 4238.59666383 0 103.10670667 0 603.83255568 0 -8.69549528 0 65.66818693 0 76678
0.26550000 0.26550600 4156.82754504 0 96.87420575 0 604.50021687 0 35.98638434 0 182.34236681 0 76035
0.26650000 0.26650100 4071.99139228 0 74.93649786 0 662.77275516 0 1.11797264 0 157.80830948 0 77094
0.26750000 0.26750600 4105.59589810 0 54.06937306 0 588.17075223 0 -46.28098906 0 117.93133164 0 78463
0.26850000 0.26850100 4066.45522987 0 99.02002230 0 653.00364297 0 5.66003958 0 115.79326572 0 77076
0.26950000 0.26949700 3954.77976175 0 65.44065065 0 604.07503960 0 18.23921923 0 282.90011358 0 79149
0.27050000 0.27049900 3951.56878755 0 -12.18000019 0 572.28860951 0 175.00805885 0 287.31686395 0 79648
0.27150000 0.27150200 3988.76072662 0 17.20617132 0 505.75611690 0 159.13477399 0 153.35723490 0 80241
0.27250000 0.27250500 3962.04320683 0 19.41565374 0 384.74446450 0 141.43566277 0 134.59518050 0 80835
0.27350000 0.27350000 3922.68109210 0 88.63573175 0 381.88005407 0 1.33755898 0 139.94754231 0 80680
0.27450000 0.27450400 3857.57582217 0 78.64229426 0 330.98057687 0 -62.19468791 0 291.65942975 0 82617
0.27550000 0.27550800 3853.08045829 0 73.97043752 0 454.59090392 0 -63.78544882 0 299.01034619 0 82548
0.27650000 0.27649900 3810.51844169 0 39.03902429 0 497.37768871 0 -77.32668062 0 308.60008672 0 81181
0.27750000 0.27748900 3803.64252798 0 44.80571250 0 513.27754715 0 1.71351977 0 360.12847196 0 84096
0.27850000 0.27849800 3809.98697010 0 30.46749476 0 535.67464580 0 16.04058769 0 367.87799210 0 85215
0.27950000 0.27950200 3816.23176129 0 21.91002707 0 507.88643220 0 80.42427421 0 455.14894909 0 84514
0.28050000 0.28050300 3862.85732111 0 -6.81482770 0 474.78128822 0 79.40196646 0 382.93081769 0 85815
0.28150000 0.28150100 3783.34695658 0 21.57641793 0 370.76122548 0 138.87574127 0 391.81968005 0 85485
0.28250000 0.28250000 3791.88371902 0 88.34751913 0 293.40221367 0 95.14526223 0 312.86293177 0 87220
0.28350000 0.28350400 3752.25586849 0 69.52545272 0 203.94890146 0 28.00202019 0 204.74610885 0 87147
0.28450000 0.28449700 3661.52923893 0 62.08064296 0 157.07421434 0 -1.81765499 0 193.77343495 0 87102
0.28550000 0.28549800 3636.62758041 0 56.23655920 0 160.83659032 0 -35.95128507 0 233.11894120 0 88971
0.28650000 0.28649900 3624.00513012 0 28.68573625 0 153.80123513 0 86.58104043 0 264.33625379 0 89434
0.28750000 0.28750100 3672.32475563 0 -38.68515279 0 154.06586369 0 64.15581808 0 242.63560438 0 89619
0.28850000 0.28849900 3681.19368781 0 -24.46474458 0 115.33265701 0 80.85919513 0 206.60072326 0 90240
0.28950000 0.28950100 3706.63789024 0 74.13995482 0 100.00855946 0 -14.91818612 0 174.20199360 0 91333
0.29050000 0.29050500 3679.66570698 0 65.33524212 0 105.82773049 0 -68.08527544 0 215.74646356 0 92139
0.29150000 0.29150600 3613.53071084 0 76.83196915 0 147.92958127 0 -93.56933824 0 269.32655059 0 92370
0.29250000 0.29250200 3597.69728635 0 58.55543619 0 151.86025659 0 34.37857205 0 249.97544850 0 91819
0.29350000 0.29349600 3576.51592897 0 47.40571582 0 169.87603630 0 -5.02046888 0 112.28112429 0 93552
0.29450000 0.29450000 3541.67132277 0 80.24866714 0 199.41810615 0 -96.60326596 0 142.64586787 0 94701
0.29550000 0.29550200 3505.03299994 0 89.58252624 0 206.57082798 0 -83.93541914 0 186.03055821 0 95020
0.29650000 0.29650300 3438.72084660 0 86.70781855 0 311.09578873 0 -75.20677331 0 164.78055242 0 95151
0.29750000 0.29749800 3446.73720977 0 21.60509525 0 320.74974874 0 -6.74868163 0 249.70306931 0 95802
0.29850000 0.29850000 3441.97611010 0 7.01069712 0 315.76166641 0 54.80225024 0 146.15468761 0 97399
0.29950000 0.29950700 3424.22717341 0 12.29515237 0 379.53604290 0 88.16427215 0 126.42491201 0 97881
0.30050000 0.30050300 3438.90907612 0 40.14116350 0 261.04112992 0 -13.46760085 0 107.88851159 0 97188
0.30150000 0.30149700 3415.70148330 0 93.64817319 0 346.17623545 0 -66.51056940 0 110.50767002 0 98263
0.30250000 0.30249700 3340.89685683 0 66.74242388 0 320.05662121 0 -45.71486109 0 152.64971334 0 100050
0.30350000 0.30350600 3326.85714896 0 69.21243810 0 313.82400957 0 24.97108199 0 167.85090809 0 100779
0.30450000 0.30450500 3320.30233267 0 9.06193387 0 322.45488676 0 66.48078485 0 178.80254457 0 99982
0.30550000 0.30550300 3326.27031574 0 15.64286978 0 356.78684433 0 -2.17646474 0 100.67267750 0 101559
0.30650000 0.30649700 3348.35960376 0 54.80712207 0 332.86176486 0 36.47511676 0 106.61275832 0 100935
0.30750000 0.30749800 3275.02759648 0 63.72211512 0 265.03713195 0 49.21847684 0 166.08265781 0 103762
0.30850000 0.30850200 3252.14110108 0 42.22010321 0 227.06570122 0 110.39938269 0 259.59065537 0 102951
0.30950000 0.30950100 3269.40285548 0 4.03972664 0 170.37761261 0 144.73521556 0 143.99226257 0 104394
0.31050000 0.31050000 3216.18926240 0 28.64576515 0 69.56021982 0 100.23199897 0 120.27202111 0 103963
0.31150000 0.31149700 3178.44370709 0 130.62132312 0 0.49810514 0 19.02701514 0 51.15292271 0 105936
0.31250000 0.31250000 3124.47719592 0 99.49469286 0 -36.54764048 0 -78.01548995 0 126.95970530 0 105717
0.31350000 0.31349800 3049.42897830 0 49.25711925 0 -46.84457040 0 -34.87671595 0 168.17421997 0 106776
0.31450000 0.31450400 3067.32185521 0 3.51822014 0 -44.61681864 0 5.26105943 0 29.39015755 0 108733
0.31550000 0.31549900 3076.35687226 0 -3.96600710 0 -55.97824186 0 -0.21608749 0 -17.26795489 0 105891
0.31650000 0.31650000 3098.52366655 0 47.73799629 0 -10.34187248 0 -44.54794878 0 -62.33918175 0 111072
0.31750000 0.31750600 3075.40465233 0 41.07267819 0 -8.99445913 0 -67.07060759 0 24.28969112 0 108121
0.31850000 0.31849900 3075.90290694 0 56.08608631 0 117.94683290 0 -87.17639933 0 39.17521389 0 110484
0.31950000 0.31950100 3064.32125518 0 66.94128284 0 92.10502328 0 -38.11769614 0 7.94581031 0 110817
0.32050000 0.32049800 3007.86347093 0 70.68350718 0 182.78083087 0 -35.34717903 0 231.81462133 0 111088
0.32150000 0.32149900 3004.08780817 0 65.18133681 0 187.64933210 0 40.26927030 0 220.49981260 0 112635
0.32250000 0.32250100 3004.68571371 0 -6.06739041 0 151.46165289 0 74.88611879 0 276.03970112 0 113202
0.32350000 0.32350400 2981.57777181 0 -16.35315942 0 155.77653787 0 150.90250049 0 126.11377968 0 113863
0.32450000 0.32450300 2979.83941682 0 55.56114739 0 30.60290929 0 55.49050595 0 157.17829420 0 114045
0.32550000 0.32549900 2965.51182850 0 83.01243014 0 55.50966108 0 -7.36694917 0 69.10237919 0 114828
0.32650000 0.32650300 2916.45035723 0 43.82381874 0 5.92798984 0 -60.23621509 0 118.30114729 0 116431
0.32750000 0.32750400 2858.88534050 0 29.68335271 0 -17.22643368 0 -3.91293745 0 18.97718968 0 116442
0.32850000 0.32850400 2902.57673423 0 24.85958368 0 -73.75541297 0 52.43609443 0 25.39426625 0 116955
0.32950000 0.32949800 2855.86259582 0 52.58390997 0 -55.33172882 0 19.24170752 0 -92.76559818 0 117028
0.33050000 0.33049700 2866.94599297 0 58.31372734 0 -113.02075559 0 -2.24118248 0 0.28297651 0 119061
0.33150000 0.33150100 2829.63225833 0 32.19344875 0 -37.47206888 0 -1.73735849 0 13.63346427 0 120060
0.33250000 0.33250400 2840.52742595 0 10.35301124 0 -83.34581784 0 47.98778793 0 61.13827740 0 119737
0.33350000 0.33350100 2851.58867844 0 5.10151830 0 5.38106128 0 51.60877032 0 129.17527750 0 120531
0.33450000 0.33450000 2877.96295616 0 40.30126932 0 -53.53911943 0 -6.02217103 0 122.30600718 0 121704
0.33550000 0.33550300 2831.07166055 0 88.61469433 0 4.62299456 0 0.76283335 0 205.99838879 0 122761
0.33650000 0.33650300 2804.67523819 0 78.55393710 0 -72.20838775 0 -20.61932617 0 291.39812288 0 122472
0.33750000 0.33749900 2789.53937016 0 18.83380307 0 -55.24857566 0 58.60459731 0 336.39272925 0 122985
0.33850000 0.33849800 2813.88741244 0 -5.51647582 0 -21.43280987 0 47.70876535 0 309.08505454 0 125380
0.33950000 0.33950300 2807.67583821 0 38.42794269 0 -85.05139875 0 70.77319301 0 257.97298872 0 125223
0.34050000 0.34050000 2793.02715248 0 76.09499521 0 -46.78743720 0 -31.02553993 0 306.54838493 0 125178
0.34150000 0.34149900 2775.47751764 0 80.18511200 0 9.74979098 0 -115.15328535 0 337.34605641 0 127059
0.34250000 0.34250300 2694.98171621 0 64.16600462 0 78.90570486 0 -47.93065474 0 406.28456520 0 127957
0.34350000 0.34349800 2674.71936179 0 85.96874087 0 108.04164184 0 -14.71855210 0 443.04025467 0 126732
0.34450000 0.34449700 2664.74319713 0 15.14682963 0 90.64469436 0 90.06893347 0 474.28414084 0 129639
0.34550000 0.34550000 2664.76534178 0 -36.15257994 0 -17.13364759 0 133.25764366 0 471.19939114 0 129826
0.34650000 0.34650400 2677.56494927 0 24.02628052 0 -102.46705846 0 107.03992861 0 371.20301124 0 130875
0.34750000 0.34750200 2698.36984760 0 51.29121604 0 -156.24821891 0 27.14480080 0 418.54937940 0 130686
0.34850000 0.34850200 2623.67594438 0 65.03872526 0 -154.79442266 0 -45.36231827 0 315.74616516 0 132211
0.34950000 0.34950400 2619.62347349 0 74.68161295 0 -207.23738193 0 2.32153434 0 470.06669232 0 132768
0.35050000 0.35050300 2568.17038006 0 31.31552411 0 -191.78705988 0 -18.50595153 0 345.44767648 0 132957
0.35150000 0.35150100 2574.64769008 0 29.37930667 0 -210.15383229 0 45.09104631 0 350.50440723 0 133987
0.35250000 0.35249800 2566.49845901 0 58.43463712 0 -152.14924426 0 -88.14102027 0 258.16453994 0 134778
0.35350000 0.35349800 2519.49644016 0 91.37347478 0 -131.55139840 0 -35.40752320 0 302.01537515 0 135699
0.35450000 0.35450100 2476.77941101 0 77.19015886 0 -63.55160132 0 -104.28258756 0 274.57261809 0 137380
0.35550000 0.35550100 2437.92662322 0 46.00805626 0 -51.36230037 0 -49.50292486 0 280.59374832 0 136161
0.35650000 0.35649900 2442.86488009 0 41.37727785 0 11.42586415 0 14.10614182 0 216.60456873 0 138792
0.35750000 0.35750000 2402.50625612 0 39.93521826 0 -28.99941521 0 7.84085575 0 161.56072036 0 138097
0.35850000 0.35849800 2434.93709552 0 17.97946249 0 -29.96248602 0 11.54898840 0 220.35365791 0 140028
0.35950000 0.35950300 2413.54536397 0 8.43355730 0 -110.02690968 0 53.08482194 0 232.20104547 0 141099
0.36050000 0.36050500 2431.49360250 0 23.51872515 0 -52.45624606 0 61.13728089 0 246.84198058 0 140821
0.36150000 0.36150200 2471.11038070 0 8.34544373 0 -140.72149782 0 100.28049576 0 290.45033188 0 141756
0.36250000 0.36250400 2441.85729853 0 15.46172655 0 -127.07264301 0 44.44187591 0 315.74395069 0 142971
0.36350000 0.36349900 2453.79326468 0 45.43484200 0 -179.84002140 0 -38.45927736 0 314.04545606 0 142270
0.36450000 0.36450000 2461.03456512 0 37.93112747 0 -149.11985619 0 -17.80319108 0 343.92301735 0 145311
0.36550000 0.36550300 2422.21499430 0 40.16851215 0 -179.40709350 0 -57.96096307 0 325.30822487 0 145434
0.36650000 0.36650100 2417.11065256 0 68.22534034 0 -150.03885915 0 4.53926564 0 310.65400297 0 144547
0.36750000 0.36749600 2404.17817717 0 28.54711074 0 -194.94599415 0 -0.99606634 0 278.20434063 0 146892
0.36850000 0.36849900 2369.38893259 0 42.95541630 0 -232.90967426 0 49.89554950 0 177.15387540 0 148113
0.36950000 0.36949900 2364.63890524 0 49.82535096 0 -221.17854611 0 5.46193354 0 120.06275417 0 147387
0.37050000 0.37049800 2329.77215439 0 63.68779091 0 -251.24212246 0 22.14332096 0 116.96914662 0 149758
0.37150000 0.37150100 2298.29353493 0 58.17532328 0 -277.37834519 0 -23.97700867 0 140.04608600 0 150099
0.37250000 0.37250000 2273.56903361 0 64.69681187 0 -261.63349930 0 -76.73132172 0 200.18652549 0 150468
0.37350000 0.37349800 2251.94478324 0 61.57640929 0 -252.88968439 0 -1.01183997 0 129.14427499 0 150709
0.37450000 0.37449700 2219.59145012 0 52.89017047 0 -224.21900651 0 -39.26467827 0 120.02067934 0 153108
0.37550000 0.37550100 2196.70495472 0 81.17176686 0 -224.94756548 0 -72.04584602 0 69.19483311 0 153189
0.37650000 0.37649900 2165.02703341 0 56.85660939 0 -199.70487936 0 -0.55556829 0 139.53565183 0 153547
0.37750000 0.37749900 2135.18711803 0 18.38825272 0 -189.99002156 0 69.52999238 0 180.61951307 0 155424
0.37850000 0.37850200 2164.17446440 0 -20.37562430 0 -261.71543451 0 120.04171675 0 127.63733158 0 155313
0.37950000 0.37949900 2186.57377751 0 -13.46771157 0 -271.29410271 0 137.68103742 0 151.14830610 0 156100
0.38050000 0.38050000 2202.45149130 0 32.78271788 0 -342.21012870 0 51.68782672 0 208.70003604 0 157557
0.38150000 0.38149800 2207.43403747 0 24.04521419 0 -390.71909097 0 16.37165020 0 282.94218842 0 157692
0.38250000 0.38250100 2194.22475396 0 17.30515791 0 -382.77026898 0 4.66916616 0 282.14940996 0 159703
0.38350000 0.38350500 2199.84949497 0 52.37265001 0 -377.81983255 0 -6.53432142 0 229.12958256 0 160338
0.38450000 0.38450600 2178.98923501 0 56.45379821 0 -398.00910963 0 -31.90999723 0 193.90187392 0 160167
0.38550000 0.38550000 2143.29205980 0 44.97622631 0 -385.14306819 0 -47.09004384 0 183.21708047 0 160033
0.38650000 0.38649600 2144.88647457 0 43.07532958 0 -405.76416593 0 -49.72492497 0 148.07573596 0 162444
0.38750000 0.38750200 2133.09444864 0 45.09857550 0 -361.42947013 0 -45.81318334 0 103.90169959 0 164307
0.38850000 0.38850400 2135.27569663 0 41.10024828 0 -322.76934079 0 -91.89376332 0 95.74427500 0 163882
0.38950000 0.38950500 2099.33493026 0 43.69637628 0 -330.86210300 0 -6.68583511 0 78.37899437 0 164595
0.39050000 0.39050100 2109.16715470 0 34.72768245 0 -295.70525723 0 -30.25645625 0 77.21684316 0 165006
0.39150000 0.39150100 2126.12995633 0 22.92602360 0 -233.01153965 0 -10.62420569 0 84.87955627 0 166687
0.39250000 0.39250100 2100.22071625 0 57.86939494 0 -265.93731196 0 49.64786159 0 138.69194068 0 167256
0.39350000 0.39350100 2099.22420702 0 58.84530965 0 -259.46775257 0 -11.75703739 0 155.70788946 0 167937
0.39450000 0.39449600 2082.47177957 0 28.14352450 0 -278.85650056 0 12.16272737 0 166.80789509 0 167719
0.39550000 0.39549700 2070.49152411 0 48.12597055 0 -232.86095603 0 -17.46603879 0 100.65916927 0 171636
0.39650000 0.39650400 2067.88952778 0 38.24702090 0 -281.35109534 0 -28.58674966 0 127.91081800 0 171093
0.39750000 0.39750000 2044.16153569 0 48.16472368 0 -293.80635353 0 -23.27214447 0 110.97680442 0 170464
0.39850000 0.39849800 2020.58855615 0 56.18230481 0 -322.57446787 0 -0.65912221 0 55.72811804 0 172113
0.39950000 0.39949500 2001.64380839 0 36.97768958 0 -322.53017857 0 -1.80649408 0 8.60780247 0 173232
