### header ###
fiducial parameters:
Omega_m = 0.31
Omega_nu = 0
Omega_de = 0.69
Omega_k = 0
H_0 = 100
w_de = -1
zeff = 0
beta = 0
fgrowth = 0
b_1 = 2
gamma = 0.55
Lx = 3500 Ly = 3500 Lz = 3500
nx = 700 ny = 700 nz = 700
xoffset = -685.467585 yoffset = -31.7331281 zoffset = 572.489161
bins = 400 dk = 0.001
kx_ny = 0.628318531 ky_ny = 0.628318531 kz_ny = 0.628318531
############################
A(data) = 8.08193355 (not used)
A(ran) = 8.0797783 (used)
Ngal = 479971
weighted Ngal = 0
Nran = 23820508
weighted Nran = 0
SN(data) = 3491.35984
SN(ran) = 70.3777993
SN(data+ran) = 3561.73764
############################
13 columns: k_central k_mean P_0(k) sigma^{lin}_{P_0(k)} P^img_1(k) sigma^{lin}_{P_1(k)} P_2(k) sigma^{lin}_{P_2(k)} P^img_3(k) sigma^{lin}_{P_3(k)} P_4(k) sigma^{lin}_{P_4(k)} N_modes
### header ###
0.00050000 0 0 0 0 0 0 0 0 0 0 0 0
0.00150000 0.00179520 9351.72983113 0 2718.27788763 0 12152.98372095 0 -9252.85397050 0 10385.90711384 0 3
0.00250000 0.00253879 18486.24279396 0 9865.88430641 0 23296.83575792 0 -10876.09000589 0 -8033.63599542 0 6
0.00350000 0.00331552 22176.31648627 0 -981.86497687 0 20849.96269625 0 2958.01586460 0 10086.04641310 0 7
0.00450000 0.00420575 33495.66487162 0 -21999.82362866 0 28246.05422861 0 13272.06359037 0 34797.54882380 0 24
0.00550000 0.00557378 48650.57729740 0 6195.88473899 0 52712.79182687 0 21424.17346134 0 -8975.76904191 0 45
0.00650000 0.00659388 65939.45888548 0 9784.33663412 0 50768.60231196 0 56352.70788775 0 46192.96408066 0 40
0.00750000 0.00754703 55530.80921646 0 -9904.51564770 0 21211.58482483 0 13806.41398611 0 2550.45466035 0 57
0.00850000 0.00846663 58317.93481981 0 -4543.41776608 0 12578.60388697 0 21596.23738903 0 -7731.81549319 0 75
0.00950000 0.00948925 69103.15425591 0 -2177.01836119 0 21348.88165258 0 -8582.21432856 0 -27227.06817555 0 112
0.01050000 0.01054430 69357.04266400 0 3243.25002425 0 31248.97944267 0 -24986.58324849 0 -11315.69451816 0 105
0.01150000 0.01145670 73326.24966499 0 679.61376121 0 32334.51016789 0 -4827.40075303 0 -24660.83545233 0 144
0.01250000 0.01249090 68182.37972399 0 -1969.39012619 0 34040.31252945 0 -2743.93246423 0 -30319.12560440 0 169
0.01350000 0.01339930 76799.08434436 0 4695.72866629 0 32182.04425514 0 -3286.01134270 0 -7383.49122672 0 180
0.01450000 0.01448870 75231.46459653 0 2025.96970602 0 33049.67162793 0 12363.35789250 0 -12870.24892270 0 267
0.01550000 0.01550050 71321.49453332 0 -2136.91440070 0 25524.58751143 0 21258.53148206 0 14332.01724526 0 238
0.01650000 0.01653350 84516.60546620 0 -9207.64566826 0 21397.82132827 0 26283.48465450 0 -6718.06664976 0 315
0.01750000 0.01747870 81907.63356918 0 -7289.55362295 0 12171.25305690 0 10987.40008729 0 8699.63633326 0 297
0.01850000 0.01844180 83531.83289683 0 8264.70434206 0 26954.35681526 0 -3301.08077678 0 -5156.87992266 0 388
0.01950000 0.01947590 80872.26047539 0 5975.52333045 0 26494.74461204 0 -18925.37119627 0 2248.25769908 0 399
0.02050000 0.02045430 74067.32036510 0 80.04405058 0 25398.69517824 0 -6185.60962156 0 11682.29919291 0 462
0.02150000 0.02154770 80770.83798005 0 -219.11355753 0 28292.89016259 0 -2336.98023785 0 -6194.41211979 0 571
0.02250000 0.02255340 81557.52665842 0 2031.18477101 0 25050.58128595 0 1440.86377330 0 -22929.23457394 0 510
0.02350000 0.02348930 78626.35010918 0 8671.85587029 0 25722.00706295 0 -580.99588574 0 -19381.44025555 0 555
0.02450000 0.02439640 71666.39745143 0 5653.58441402 0 27573.85338887 0 -1664.54687929 0 -6685.99012477 0 592
0.02550000 0.02547300 68432.72498814 0 -1716.12176829 0 22366.09613367 0 14601.62835459 0 -7046.17285112 0 837
0.02650000 0.02652900 68577.88316651 0 -1141.60097810 0 23815.35272918 0 9039.44598194 0 -6056.32915698 0 723
0.02750000 0.02749970 69612.14902782 0 2649.92842652 0 17221.45112993 0 14963.02903667 0 -2627.51804109 0 826
0.02850000 0.02848090 64939.29578461 0 3379.66106602 0 17546.42386336 0 27.21688164 0 5217.12444200 0 831
0.02950000 0.02946900 62831.67875538 0 3212.55753986 0 15868.08086735 0 1612.01977035 0 4676.17494066 0 996
0.03050000 0.03053250 61295.17224030 0 469.03807334 0 19754.46687869 0 -1631.55135133 0 1105.93369816 0 1041
0.03150000 0.03150510 57601.11251105 0 2507.20615961 0 13656.27326157 0 -5326.41936028 0 -1489.53771320 0 1036
0.03250000 0.03246190 60986.80799410 0 1848.59106242 0 23322.19138176 0 -2144.72038970 0 -3838.40962791 0 1059
0.03350000 0.03345080 54295.02704345 0 3450.44643859 0 18735.48082563 0 -3404.52950756 0 -315.70187586 0 1302
0.03450000 0.03451200 52807.68165056 0 5403.79276612 0 17602.67127344 0 4511.10872226 0 2453.48323959 0 1339
0.03550000 0.03553350 48008.71462766 0 288.74187216 0 17404.25521269 0 5201.41281308 0 -787.47813512 0 1365
0.03650000 0.03647120 51710.52498428 0 -1086.85165357 0 19086.58424563 0 9941.04324728 0 -115.55188904 0 1308
0.03750000 0.03744890 50145.78404091 0 1025.23748765 0 13533.92407233 0 1718.52446278 0 -419.49495594 0 1579
0.03850000 0.03847530 46923.40534894 0 1462.34408345 0 16356.81328484 0 570.04314203 0 3151.61546405 0 1662
0.03950000 0.03950240 47190.91271656 0 2349.97914718 0 15300.07060415 0 -2772.56549621 0 2218.35134974 0 1683
0.04050000 0.04050350 45294.88781461 0 1873.66987814 0 15829.88134672 0 558.64086194 0 6750.89609285 0 1822
0.04150000 0.04152450 43292.12570142 0 674.52934965 0 13997.74375898 0 2888.06091640 0 4725.95611304 0 1887
0.04250000 0.04250150 42754.34288498 0 -170.84043579 0 13222.45957518 0 5986.23026855 0 9620.49944378 0 1920
0.04350000 0.04349210 44172.15407800 0 27.65767089 0 11099.45201445 0 5412.73920457 0 486.26882522 0 2005
0.04450000 0.04448520 41614.66849139 0 679.03357139 0 8526.95235539 0 4373.33578454 0 4372.62715576 0 2151
0.04550000 0.04548030 41903.32399942 0 1339.52985656 0 7759.68453475 0 -1185.53596298 0 -203.41410817 0 2274
0.04650000 0.04648670 40051.69911999 0 1327.07349114 0 7768.84134738 0 -1968.47112323 0 3702.59649168 0 2311
0.04750000 0.04749250 39630.50788389 0 779.95338318 0 8658.33656169 0 -1686.20434663 0 2224.64043024 0 2568
0.04850000 0.04851840 39766.91892566 0 -70.27493839 0 10408.10712510 0 -941.17861209 0 1536.34043021 0 2493
0.04950000 0.04949480 38736.63910128 0 1975.76778529 0 12288.95186972 0 -2155.19480898 0 3739.68877982 0 2644
0.05050000 0.05050630 38402.25489176 0 1564.22054410 0 13444.68113429 0 -386.37763241 0 3594.70775865 0 2829
0.05150000 0.05149060 38512.53524695 0 -187.66040442 0 16563.42286596 0 1109.46909148 0 5853.47309398 0 2784
0.05250000 0.05249300 38284.33463244 0 -161.69358826 0 18238.11199478 0 -1630.55484209 0 1983.87272706 0 3055
0.05350000 0.05348950 39374.40501084 0 302.26228799 0 18167.02766944 0 -685.77661720 0 3736.52209492 0 3009
0.05450000 0.05448610 38795.87603906 0 738.61264400 0 20567.61841337 0 -1288.96254911 0 1403.02963939 0 3336
0.05550000 0.05550870 39785.96332435 0 748.45483353 0 21881.12830661 0 -2989.54984568 0 1805.15433216 0 3349
0.05650000 0.05647670 37780.10096020 0 761.22786744 0 19212.14440907 0 1901.37283483 0 -2521.05763796 0 3324
0.05750000 0.05747970 37755.74184560 0 870.04556853 0 18732.26985143 0 2524.47898633 0 -2205.66246550 0 3639
0.05850000 0.05849280 35976.19780075 0 747.15937153 0 16406.86019302 0 3051.01232075 0 -1843.92961367 0 3846
0.05950000 0.05951020 36025.24819969 0 690.77355739 0 14564.64678970 0 5130.37277704 0 -2174.71531763 0 3787
0.06050000 0.06049470 34287.77898915 0 517.07646180 0 13608.77298810 0 3921.96139099 0 -688.87243922 0 3930
0.06150000 0.06148310 33572.94969886 0 1072.18635935 0 10047.07182974 0 2661.46578898 0 -1202.90844062 0 4083
0.06250000 0.06249100 33273.22186602 0 -173.81224777 0 10502.74228533 0 1639.88881192 0 -937.95213664 0 4303
0.06350000 0.06350600 32821.13884367 0 -519.24774470 0 7846.48048901 0 -414.37400571 0 -1353.61385373 0 4470
0.06450000 0.06451750 33864.26256484 0 388.43597759 0 10927.25521887 0 -2772.31083274 0 -2402.59483472 0 4479
0.06550000 0.06550280 33039.37436585 0 994.72658938 0 12362.58282976 0 -4689.19599465 0 -4571.24251835 0 4636
0.06650000 0.06648880 32263.09367281 0 1165.22931926 0 11816.16359996 0 -474.93297907 0 -4609.16523086 0 4653
0.06750000 0.06749660 31850.31740357 0 56.36189792 0 11586.63430647 0 1270.79286409 0 -4471.03797874 0 5220
0.06850000 0.06852730 31894.82814934 0 -447.62419714 0 11418.22424598 0 2323.64915877 0 -4683.49374736 0 5029
0.06950000 0.06949320 32043.86164140 0 413.15272828 0 11944.71329111 0 2003.57039291 0 -5589.47565332 0 5040
0.07050000 0.07048030 30998.85562502 0 1711.75927231 0 10675.93559014 0 1698.21781906 0 -2705.62222036 0 5475
0.07150000 0.07148790 29348.30416430 0 1782.68858510 0 10895.84303336 0 606.77557962 0 -931.93654257 0 5509
0.07250000 0.07249820 28116.17585848 0 1583.96249926 0 11291.66757330 0 -104.44557218 0 109.55888251 0 5916
0.07350000 0.07351270 27302.58143081 0 912.17244277 0 11775.97106087 0 621.55491879 0 518.95100639 0 5721
0.07450000 0.07449140 26420.11714276 0 761.62314944 0 11294.65710100 0 399.97334005 0 829.32487954 0 6028
0.07550000 0.07549160 25824.75823727 0 331.34817806 0 11444.35493255 0 322.37073709 0 2214.07743236 0 6183
0.07650000 0.07648840 26390.00041926 0 -259.40242585 0 11605.90015166 0 1859.86268909 0 2684.29692276 0 6330
0.07750000 0.07749960 26342.16797604 0 -617.75932584 0 10490.03125643 0 1079.44648273 0 2614.66307197 0 6583
0.07850000 0.07848650 26859.46699157 0 336.54774179 0 11166.32885636 0 1572.65765562 0 2938.92717661 0 6549
0.07950000 0.07947320 26359.55152601 0 212.94737984 0 11296.20722648 0 607.05792390 0 2609.28192211 0 6828
0.08050000 0.08048110 25557.25086965 0 730.30618592 0 10047.40399948 0 405.36002608 0 2767.46115447 0 7147
0.08150000 0.08149960 25363.26373882 0 1119.07986942 0 10759.85273994 0 -263.74277718 0 2014.16660776 0 7386
0.08250000 0.08250610 23865.39963736 0 1348.01125737 0 10878.94666569 0 -732.11872550 0 2252.09979579 0 7227
0.08350000 0.08350160 23173.49005944 0 1342.78512006 0 9612.46093596 0 683.30638153 0 2315.98710999 0 7798
0.08450000 0.08449610 21779.59508802 0 834.26424365 0 10069.46007052 0 -59.91002441 0 2111.64735546 0 7371
0.08550000 0.08548940 21752.46789222 0 -45.61786753 0 9667.31323311 0 585.03617707 0 854.09699186 0 8256
0.08650000 0.08650700 20816.19210555 0 36.60444151 0 9414.67599772 0 1332.57643657 0 -0.94850960 0 8037
0.08750000 0.08749060 21411.99390404 0 291.15231727 0 8603.99359148 0 874.18218908 0 469.81977947 0 8155
0.08850000 0.08849210 21227.97186556 0 -40.62358470 0 8079.03252717 0 590.21248892 0 -712.45095492 0 8718
0.08950000 0.08949900 21011.95080835 0 -75.55533010 0 7551.89021488 0 708.58007016 0 143.44086079 0 8571
0.09050000 0.09049190 20933.11585564 0 520.71372050 0 6807.95178264 0 651.82886931 0 -1132.33344223 0 8932
0.09150000 0.09150830 20425.56048595 0 432.92014978 0 6167.87175720 0 -137.82719211 0 -1344.21344996 0 9285
0.09250000 0.09250820 19908.37219367 0 242.48391353 0 5998.97451442 0 793.19256196 0 -1643.77519793 0 9204
0.09350000 0.09350330 19796.20954326 0 570.27233916 0 5970.72901381 0 -131.66876505 0 -1257.48392965 0 9349
0.09450000 0.09448040 19115.48301341 0 578.65408904 0 5821.24155643 0 226.70474343 0 -940.62388862 0 9564
0.09550000 0.09549270 19046.72387628 0 207.42228976 0 6000.86788196 0 674.26250662 0 -1663.73859957 0 10155
0.09650000 0.09649430 18757.95764501 0 -36.08492803 0 5766.35604230 0 354.71631959 0 -69.32260773 0 9913
0.09750000 0.09749140 18988.15127799 0 51.44844306 0 5627.90769277 0 213.38252221 0 -1631.92781037 0 10476
0.09850000 0.09850240 18808.11527644 0 311.97603856 0 6279.53615300 0 -50.84356195 0 -450.72444809 0 10575
0.09950000 0.09950330 18331.89458599 0 649.37967106 0 5885.20637691 0 -513.83891402 0 -622.02106366 0 10882
0.10050000 0.10051200 17987.43456088 0 524.61339330 0 6692.71102593 0 -334.18380044 0 15.18824012 0 10875
0.10150000 0.10150300 17251.01423720 0 589.19494227 0 6731.18735467 0 590.85800546 0 -65.17247895 0 11118
0.10250000 0.10250800 17384.43575126 0 316.70502849 0 7335.59234955 0 22.00757426 0 48.89173253 0 11575
0.10350000 0.10349800 16879.20556979 0 465.11293419 0 6829.33244187 0 398.26709480 0 1222.59503415 0 11364
0.10450000 0.10450100 16662.29872659 0 264.16684722 0 6898.25766386 0 580.60171098 0 1446.36671873 0 12093
0.10550000 0.10551000 16433.98738883 0 167.86751658 0 6399.59337101 0 436.65152325 0 1820.11304299 0 12067
0.10650000 0.10649700 16226.38129848 0 -57.07872023 0 6119.36390217 0 857.15184628 0 613.66367289 0 12054
0.10750000 0.10749900 16229.26010293 0 91.05824569 0 6291.50533613 0 625.23868125 0 1570.25496113 0 12807
0.10850000 0.10850100 16043.79866222 0 334.06864827 0 5666.24008129 0 108.23695765 0 234.49855287 0 12736
0.10950000 0.10950300 15427.95595581 0 446.23904931 0 5138.52200811 0 702.13154819 0 754.24787388 0 12933
0.11050000 0.11050200 15389.97788168 0 19.66909925 0 4890.32477498 0 116.68680233 0 -108.44589242 0 13428
0.11150000 0.11150900 15197.98376932 0 56.07922146 0 4683.11728832 0 512.09170116 0 -238.94630575 0 13453
0.11250000 0.11250000 15617.73560320 0 -131.75070025 0 4710.33306272 0 -419.94338509 0 -659.35694295 0 13668
0.11350000 0.11349100 15475.12405953 0 65.93547285 0 4709.43620441 0 132.09172785 0 -37.35968479 0 13791
0.11450000 0.11448600 15506.79090851 0 248.84385690 0 4996.33121279 0 -684.19881091 0 39.10257944 0 14205
0.11550000 0.11549300 15385.43822850 0 257.75597115 0 5225.52833654 0 288.69869009 0 552.16023022 0 14776
0.11650000 0.11649800 15005.54676397 0 309.87783300 0 5335.53188361 0 430.03027300 0 570.19372565 0 14553
0.11750000 0.11747300 14838.57610571 0 436.84971786 0 5485.07470261 0 700.87373209 0 682.66086500 0 14568
0.11850000 0.11849100 14408.41628650 0 303.44481228 0 5414.73222304 0 324.67599512 0 448.71260667 0 16015
0.11950000 0.11950300 14051.77670410 0 393.29672819 0 4883.33813802 0 -379.71541456 0 188.02136221 0 15270
0.12050000 0.12050700 13997.52231248 0 149.63361206 0 5314.29516461 0 -79.56472964 0 317.25421580 0 15999
0.12150000 0.12150000 13621.06326865 0 161.16322390 0 4726.99691158 0 -407.05741347 0 631.68941769 0 15670
0.12250000 0.12250700 13709.64186720 0 -17.62370869 0 4828.22010507 0 351.06909579 0 -313.80518662 0 16887
0.12350000 0.12352200 13905.17912350 0 -26.37604929 0 5246.35537952 0 145.02641771 0 -907.74572730 0 16407
0.12450000 0.12449800 13762.89974958 0 42.31709678 0 5294.97395780 0 80.53433312 0 -369.70935462 0 16306
0.12550000 0.12549900 13585.41038273 0 384.30267874 0 5271.40097826 0 -450.48196418 0 -550.25357588 0 17523
0.12650000 0.12650100 13420.21129644 0 379.43417751 0 5225.52833654 0 14.94907791 0 272.28064685 0 17154
0.12750000 0.12750600 13259.66258657 0 82.45781739 0 5552.70446260 0 415.86876956 0 221.41881556 0 18007
0.12850000 0.12850300 13229.65658631 0 -27.36768670 0 5489.07181187 0 931.51468699 0 1098.01255699 0 17496
0.12950000 0.12949900 13339.05115552 0 -146.93971544 0 4959.95862576 0 826.43278830 0 367.08189195 0 18405
0.13050000 0.13049000 13321.77832880 0 20.22005814 0 4718.54872774 0 525.85902984 0 519.85118640 0 18100
0.13150000 0.13148800 13290.00075657 0 190.08745802 0 4287.04915723 0 -7.80446102 0 429.03929993 0 19059
0.13250000 0.13249300 12970.01056931 0 406.99540845 0 4632.67177645 0 -156.77747604 0 1186.75391871 0 18957
0.13350000 0.13349100 12923.06391208 0 203.39749969 0 4472.38880237 0 46.68446458 0 1060.47626862 0 19468
0.13450000 0.13450700 12564.32058796 0 64.25458322 0 4248.69462406 0 463.78314798 0 885.98196564 0 19953
0.13550000 0.13551000 12718.44734943 0 43.40229533 0 4112.01784650 0 734.51366935 0 614.23611208 0 19956
0.13650000 0.13649900 12609.27422672 0 2.08384475 0 4054.94001206 0 242.48723523 0 641.63679431 0 19723
0.13750000 0.13749600 12503.97641770 0 231.74708015 0 3599.85638969 0 204.00426309 0 606.80768936 0 20946
0.13850000 0.13851100 12331.58032027 0 379.95789848 0 3728.99291405 0 -114.08812770 0 338.66698476 0 20955
0.13950000 0.13949800 11919.57911377 0 481.53872806 0 3765.32121178 0 -259.86635626 0 350.13680604 0 20506
0.14050000 0.14048300 11634.57747294 0 287.11977657 0 3982.71523727 0 -164.02763433 0 664.00510491 0 21447
0.14150000 0.14148400 11424.64619438 0 149.66350734 0 3692.48745912 0 283.15366982 0 567.60723057 0 21771
0.14250000 0.14249400 11386.44667375 0 44.15045232 0 3914.94153705 0 457.89710011 0 621.87048004 0 22470
0.14350000 0.14350900 11320.67706433 0 22.15782570 0 3699.09763704 0 430.03691640 0 743.92293099 0 22519
0.14450000 0.14449900 11230.43761706 0 263.54790426 0 3651.26519382 0 354.00104740 0 610.35969116 0 22218
0.14550000 0.14550500 11140.19816978 0 167.07252365 0 3743.53087653 0 -186.75136655 0 927.49321862 0 23559
0.14650000 0.14650700 10776.71589064 0 105.51969841 0 3762.71921545 0 49.58973189 0 1464.87964583 0 23044
0.14750000 0.14750500 11038.01168403 0 94.00902026 0 3813.10936570 0 31.07403671 0 758.43874882 0 23649
0.14850000 0.14849900 10843.57058789 0 127.72369571 0 3744.37237322 0 267.90154238 0 934.37466849 0 23640
0.14950000 0.14949500 10515.58618212 0 338.79431650 0 3380.32540551 0 428.96511536 0 804.49962007 0 24457
0.15050000 0.15050000 10383.20546658 0 355.64528764 0 3359.68659205 0 151.94662072 0 847.17346715 0 24591
0.15150000 0.15149900 9958.06141052 0 164.93888666 0 2851.40044892 0 242.30343463 0 558.47256260 0 25020
0.15250000 0.15250500 9839.91970471 0 140.94848048 0 2953.71980257 0 100.86267860 0 491.35545124 0 25297
0.15350000 0.15350100 9840.60618885 0 -63.72920141 0 2648.34508407 0 197.59670871 0 257.25882377 0 25452
0.15450000 0.15450400 9794.58960690 0 -10.07538376 0 2658.49840593 0 141.63717908 0 -78.89585050 0 26061
0.15550000 0.15549900 9756.99906414 0 129.60931263 0 2205.31922343 0 81.53704286 0 90.67591832 0 26128
0.15650000 0.15649500 9637.20758193 0 181.24288496 0 2459.96054961 0 99.26970322 0 66.52385619 0 26331
0.15750000 0.15749700 9502.77848630 0 140.42033058 0 1856.81779976 0 40.62181312 0 -176.35113185 0 27345
0.15850000 0.15849900 9384.55927422 0 89.71273678 0 2258.62139511 0 -87.98113590 0 -409.65940980 0 26980
0.15950000 0.15949700 9427.12129082 0 141.37365775 0 2133.44876303 0 -339.87497540 0 -217.05631958 0 27777
0.16050000 0.16050000 9148.44194746 0 112.88678046 0 2290.27717176 0 -217.15818497 0 -383.16776544 0 28224
0.16150000 0.16150500 9232.82413490 0 193.57524034 0 2441.51405646 0 89.69845348 0 -302.02534024 0 28075
0.16250000 0.16249700 8909.84441994 0 171.64317934 0 2517.12696265 0 152.83129947 0 -156.66232386 0 28590
0.16350000 0.16349900 9074.85527671 0 85.81317470 0 2456.99316656 0 464.04999101 0 -138.68529728 0 29163
0.16450000 0.16449100 8712.63524260 0 92.89171196 0 2359.83351627 0 416.55303923 0 323.14358537 0 28996
0.16550000 0.16550500 8747.45770415 0 159.60977673 0 2213.39094822 0 317.48894908 0 182.96020254 0 30777
0.16650000 0.16650700 8629.98033782 0 111.98217152 0 2140.15859187 0 233.08018806 0 699.92040492 0 29211
0.16750000 0.16749900 8525.11434947 0 115.53749502 0 1979.13377203 0 -152.32861593 0 391.65248795 0 30922
0.16850000 0.16850800 8511.07464160 0 144.01772892 0 2260.72513682 0 -284.70711699 0 446.34202193 0 30867
0.16950000 0.16949900 8390.54131362 0 84.82386248 0 2169.71062681 0 -245.69378049 0 80.84236520 0 30852
0.17050000 0.17049200 8324.56133003 0 31.79573084 0 2334.46682011 0 -169.24712825 0 301.60237743 0 31257
0.17150000 0.17149500 8417.14811016 0 -80.91167795 0 2417.76391972 0 32.60057813 0 161.68251593 0 32608
0.17250000 0.17250900 8587.24116402 0 -6.66728897 0 2493.21074104 0 136.59816406 0 -231.73490059 0 32361
0.17350000 0.17350400 8531.65809343 0 64.07587590 0 2393.33837117 0 -15.91901356 0 -22.43718046 0 32508
0.17450000 0.17449800 8331.74726883 0 125.89676212 0 2428.52621945 0 71.03438915 0 62.51434593 0 32791
0.17550000 0.17549800 8488.21029085 0 65.51815693 0 2682.99038843 0 90.32702936 0 221.15861593 0 33633
0.17650000 0.17650100 8299.32750177 0 110.14981248 0 2610.96491548 0 148.84083361 0 364.20973089 0 33984
0.17750000 0.17750300 8228.49783990 0 218.30527782 0 2477.55447375 0 258.53103389 0 553.06262469 0 34069
0.17850000 0.17849800 7926.07943213 0 271.41811274 0 2441.32582694 0 4.32482793 0 665.06694086 0 34536
0.17950000 0.17950400 7814.88007398 0 223.01433757 0 2393.00620143 0 208.02351700 0 585.79463132 0 35343
0.18050000 0.18050100 7542.03584579 0 194.67029326 0 2259.21930065 0 50.77668511 0 616.21584376 0 34990
0.18150000 0.18150500 7413.98440927 0 127.37713195 0 2207.65548397 0 147.88086305 0 442.76344655 0 36243
0.18250000 0.18250200 7387.35546808 0 54.50639772 0 2191.10235836 0 186.54209961 0 457.59371841 0 35694
0.18350000 0.18350400 7309.19592718 0 17.86010283 0 2111.41483664 0 -55.52195136 0 103.00174103 0 37087
0.18450000 0.18450600 7256.90133706 0 140.57645036 0 2084.84125708 0 -14.87057512 0 162.22395262 0 36651
0.18550000 0.18550700 7286.07691296 0 16.36998935 0 2044.79265821 0 -102.64332987 0 -104.58452986 0 37818
0.18650000 0.18651000 7221.99029691 0 49.63833939 0 2107.63917388 0 134.17443215 0 201.61596262 0 37267
0.18750000 0.18750100 7339.77768833 0 15.64286978 0 2032.54666696 0 33.31430019 0 -17.32099133 0 38334
0.18850000 0.18850000 7298.36719351 0 -71.30145363 0 1913.50810283 0 136.15969999 0 99.54352182 0 38223
0.18950000 0.18949500 7320.56720477 0 142.46981791 0 2016.72431479 0 77.64035958 0 96.94495791 0 39064
0.19050000 0.19050000 7171.37870016 0 206.49885787 0 1816.53668207 0 52.24720057 0 -29.23304126 0 39609
0.19150000 0.19149800 7014.06310914 0 135.04914581 0 1829.42486816 0 164.58014334 0 259.40574755 0 39576
0.19250000 0.19250400 6932.46007523 0 -19.72944342 0 1661.14767557 0 86.99669550 0 128.81985587 0 40909
0.19350000 0.19350500 6894.42663948 0 15.16664909 0 1615.18645524 0 371.51746527 0 233.87296652 0 40191
0.19450000 0.19450100 6915.86266033 0 91.30460492 0 1525.30132237 0 157.09193006 0 -22.69771226 0 41232
0.19550000 0.19549800 6929.42625823 0 65.41219478 0 1505.01682330 0 83.46894209 0 364.09125701 0 40873
0.19650000 0.19649700 6854.83200592 0 -41.34959704 0 1453.56372987 0 43.26101247 0 406.69202675 0 42816
0.19750000 0.19750200 6853.44796532 0 75.73647333 0 1516.86421086 0 85.92168349 0 346.13526785 0 41727
0.19850000 0.19849000 6930.62206931 0 83.43173908 0 1496.77901363 0 45.96310262 0 464.51059972 0 42610
0.19950000 0.19949900 6765.21260884 0 101.44231480 0 1592.37746612 0 -23.95652487 0 316.39278893 0 43863
0.20050000 0.20050100 6665.53954083 0 263.73170486 0 1549.60507534 0 -94.09892753 0 605.93851186 0 43302
0.20150000 0.20150100 6520.85747242 0 187.65486826 0 1659.63076707 0 -64.04520556 0 436.43561291 0 44487
0.20250000 0.20249700 6304.82534288 0 81.37560836 0 1541.38941033 0 18.42235548 0 667.15407409 0 43759
0.20350000 0.20349100 6420.92974093 0 -18.49355053 0 1714.93702954 0 268.69874977 0 724.60393864 0 45282
0.20450000 0.20449700 6363.50866442 0 -84.53974663 0 1363.56787374 0 206.75241411 0 695.96869220 0 45483
0.20550000 0.20549900 6466.37056199 0 -21.53843985 0 1353.55849211 0 199.41589168 0 486.98188294 0 46138
0.20650000 0.20650200 6457.26911099 0 103.68678576 0 1186.65426779 0 127.28412442 0 703.89647677 0 46227
0.20750000 0.20749300 6361.88103267 0 36.73454133 0 1166.63550452 0 18.04656078 0 752.57706006 0 46236
0.20850000 0.20850300 6365.06986222 0 17.10441666 0 1071.17767056 0 142.66358359 0 417.97251128 0 48361
0.20950000 0.20950400 6257.48008196 0 66.90884092 0 1062.66083831 0 4.60571067 0 397.43667044 0 46812
0.21050000 0.21050300 6265.65145767 0 90.20921983 0 1039.58389892 0 -68.45641976 0 324.78339667 0 48813
0.21150000 0.21149700 6248.19040144 0 78.47997398 0 1131.00476325 0 -55.30626247 0 486.38951356 0 47215
0.21250000 0.21249000 6163.85250329 0 170.06315859 0 1152.90582174 0 19.33980831 0 610.32979589 0 50004
0.21350000 0.21350300 6078.49595127 0 83.43417499 0 1268.29051868 0 81.40184977 0 720.05099868 0 49509
0.21450000 0.21449800 6039.01204096 0 -49.03943735 0 1060.43419379 0 133.74482595 0 720.79062997 0 49660
0.21550000 0.21550100 6019.98978692 0 63.46656586 0 1266.74039320 0 129.93705344 0 629.31883295 0 50841
0.21650000 0.21649800 6064.07978435 0 94.40009477 0 1078.10562420 0 -116.52293193 0 377.54413167 0 50424
0.21750000 0.21750300 5941.11054492 0 125.94215865 0 1088.21576399 0 -11.50868514 0 631.42036020 0 52231
0.21850000 0.21850300 5865.99589335 0 121.54866016 0 1121.03967091 0 -193.94394876 0 505.25232612 0 51078
0.21950000 0.21950100 5729.42983903 0 120.22883904 0 1133.40745774 0 117.81064330 0 413.22248393 0 52791
0.22050000 0.22050700 5759.85658763 0 68.56182830 0 1141.52347183 0 56.00791569 0 299.05574272 0 52969
0.22150000 0.22150000 5675.43011089 0 52.09252019 0 1099.41431331 0 51.12269526 0 357.62723378 0 52704
0.22250000 0.22250100 5692.69186528 0 92.89868752 0 1239.36960625 0 -122.79540394 0 473.75931264 0 54051
0.22350000 0.22349900 5596.77231538 0 111.29568738 0 1386.06683777 0 -102.50547943 0 462.87189565 0 53938
0.22450000 0.22449800 5601.23446228 0 78.68359403 0 1416.27213988 0 -152.28432663 0 444.72656974 0 54735
0.22550000 0.22549100 5485.87191000 0 103.48482656 0 1427.67663444 0 13.66789920 0 412.19386495 0 54774
0.22650000 0.22649900 5480.52397711 0 144.22145969 0 1562.50433376 0 -87.34170914 0 262.33548470 0 56911
0.22750000 0.22749800 5335.50973896 0 48.61691743 0 1406.42884311 0 59.20239213 0 250.28658083 0 54879
0.22850000 0.22849100 5373.49888541 0 -8.96170719 0 1325.02511105 0 222.94347469 0 156.10206422 0 57210
0.22950000 0.22949800 5375.56941015 0 -58.36045255 0 1136.02052639 0 110.61363217 0 124.31895583 0 57375
0.23050000 0.23049600 5411.97521416 0 48.16516658 0 1066.13311937 0 209.50831575 0 62.26355777 0 57604
0.23150000 0.23150100 5335.21078619 0 58.86634707 0 936.88255006 0 44.85420929 0 117.35003459 0 58629
0.23250000 0.23250200 5235.26091005 0 91.42529326 0 937.79490963 0 5.12174744 0 -4.74496729 0 58560
0.23350000 0.23350400 5239.81163555 0 76.60565083 0 898.36857542 0 -8.41343888 0 28.07963719 0 59305
0.23450000 0.23449700 5134.02664423 0 75.04677822 0 852.50036262 0 52.56209749 0 184.74727576 0 59196
0.23550000 0.23549300 5129.26554456 0 59.42516730 0 829.26176729 0 61.45284215 0 126.27765009 0 60063
0.23650000 0.23649900 5043.88684789 0 79.18959927 0 795.15347069 0 4.09575260 0 190.52592208 0 61537
0.23750000 0.23750400 5051.51567969 0 87.55950177 0 831.52384325 0 166.57980520 0 150.88367754 0 61224
0.23850000 0.23850100 4992.74377955 0 -44.18499797 0 723.28854645 0 93.82389099 0 304.97722204 0 61221
0.23950000 0.23949400 5064.99069899 0 -8.44648977 0 725.36903629 0 101.26726134 0 56.08885439 0 62332
0.24050000 0.24050100 5030.68863670 0 58.85560691 0 816.35697272 0 -65.84169026 0 24.86744503 0 63447
0.24150000 0.24150500 5014.16872807 0 111.28904398 0 761.61872051 0 -29.85663460 0 127.13021910 0 63342
0.24250000 0.24250300 4899.33764738 0 131.01771235 0 803.13661688 0 -134.47892108 0 369.83225743 0 63379
0.24350000 0.24349600 4856.50989498 0 53.65515739 0 654.02451132 0 41.09703731 0 130.63018098 0 64266
0.24450000 0.24449500 4881.98731439 0 8.84297865 0 721.58562290 0 91.91391495 0 69.88231375 0 64695
0.24550000 0.24549600 4815.68623337 0 94.69860465 0 735.39502641 0 59.10406988 0 124.85596358 0 65947
0.24650000 0.24650000 4768.13059828 0 105.28230777 0 681.08970210 0 81.54213613 0 182.45087559 0 66018
0.24750000 0.24750000 4677.44825801 0 126.12263754 0 594.02690482 0 118.85144184 0 316.61755712 0 66303
0.24850000 0.24849600 4618.95316600 0 43.33984742 0 595.52831207 0 69.28916931 0 278.51436572 0 66958
0.24950000 0.24949200 4605.17919392 0 -6.05864327 0 572.07712810 0 158.12608520 0 378.54617706 0 66975
0.25050000 0.25048900 4599.44372967 0 40.58361360 0 504.79946804 0 27.19064023 0 453.61100317 0 68676
0.25150000 0.25150000 4604.81380720 0 18.61911069 0 551.37963132 0 79.74144394 0 381.18692653 0 69349
0.25250000 0.25249900 4583.18955683 0 49.49761015 0 434.32412057 0 44.24058105 0 415.18782158 0 68592
0.25350000 0.25349900 4517.82962343 0 79.28958237 0 470.02240302 0 -8.71812712 0 226.47997524 0 70437
0.25450000 0.25450100 4476.86202160 0 34.46316461 0 414.60541730 0 -32.80929146 0 247.14425504 0 70099
0.25550000 0.25550100 4428.02199682 0 74.05945901 0 447.28206230 0 -54.45624009 0 194.69797408 0 71064
0.25650000 0.25650300 4425.96254441 0 64.49330254 0 426.84033622 0 -48.90214052 0 93.82942715 0 71409
0.25750000 0.25750600 4384.80671306 0 32.05659481 0 407.83579791 0 30.75958269 0 115.06249228 0 72612
0.25850000 0.25850600 4363.74715125 0 82.29726868 0 396.84651552 0 -15.45264724 0 132.82250129 0 71845
0.25950000 0.25949600 4315.48288737 0 97.51861505 0 413.65541183 0 27.53742544 0 174.43672689 0 72816
0.26050000 0.26049800 4292.49674104 0 104.44712231 0 444.06333748 0 43.62518123 0 132.19248601 0 73743
0.26150000 0.26149900 4176.94595924 0 91.67608142 0 429.13009300 0 -81.15803718 0 203.02989850 0 74662
0.26250000 0.26250300 4215.82089167 0 34.58872478 0 486.09498972 0 90.66340659 0 200.35150313 0 74931
0.26350000 0.26350100 4203.06557348 0 -61.19995025 0 379.11197286 0 43.03270113 0 296.22565650 0 75087
0.26450000 0.26450200 4255.09442781 0 -10.97928407 0 427.98078568 0 11.30938329 0 47.52108944 0 76678
0.26550000 0.26550600 4271.44825156 0 77.83788986 0 394.63869395 0 -76.92154426 0 85.29067169 0 76035
0.26650000 0.26650100 4188.85978074 0 111.03548775 0 369.33289558 0 -79.74985891 0 126.36069253 0 77094
0.26750000 0.26750600 4112.60467971 0 82.53321992 0 389.41809280 0 20.17421871 0 129.38897337 0 78463
0.26850000 0.26850100 4098.98572019 0 41.63393434 0 376.94844059 0 112.85134902 0 21.10152592 0 77076
0.26950000 0.26949700 4078.23618348 0 13.20108999 0 376.48561741 0 124.01003797 0 97.79774836 0 79149
0.27050000 0.27049900 4052.26050945 0 21.31112502 0 233.05029278 0 83.95158473 0 61.57685218 0 79648
0.27150000 0.27150200 4073.59687938 0 0.91754473 0 263.25227319 0 78.85466145 0 68.43206065 0 80241
0.27250000 0.27250500 4094.37963306 0 27.80161111 0 176.88260344 0 -28.17087314 0 39.69948847 0 80835
0.27350000 0.27350000 4075.08057090 0 82.76795321 0 248.92468488 0 -109.02586079 0 87.04607807 0 80680
0.27450000 0.27450400 4038.42010343 0 53.77828164 0 231.71607764 0 -98.65552137 0 91.67563852 0 82617
0.27550000 0.27550800 4009.60991425 0 -3.45124365 0 279.00265525 0 -7.16648473 0 21.05601866 0 82548
0.27650000 0.27649900 4031.10129672 0 37.69894082 0 242.83933516 0 46.49080962 0 -40.00054498 0 81181
0.27750000 0.27748900 3988.80501592 0 53.22765493 0 198.08831994 0 113.69063124 0 -4.47268776 0 84096
0.27850000 0.27849800 3957.38175808 0 83.80232979 0 226.69477834 0 29.02012046 0 -25.84424553 0 85215
0.27950000 0.27950200 3933.55411507 0 63.05091079 0 193.60513562 0 -16.91197965 0 21.40845076 0 84514
0.28050000 0.28050300 3878.13712935 0 56.48236481 0 269.49595716 0 23.36570562 0 111.65221624 0 85815
0.28150000 0.28150100 3846.95746267 0 97.89972447 0 272.78665209 0 -111.74743823 0 165.94425375 0 85485
0.28250000 0.28250000 3854.99597048 0 37.12893754 0 314.36212455 0 -11.12735427 0 114.74471656 0 87220
0.28350000 0.28350400 3795.72581573 0 34.07419384 0 381.58774469 0 -33.49046088 0 223.48823307 0 87147
0.28450000 0.28449700 3779.84810194 0 97.72810344 0 318.03481470 0 92.04534345 0 198.47142237 0 87102
0.28550000 0.28549800 3720.20148814 0 49.00334157 0 322.31426824 0 69.68035455 0 150.25255502 0 88971
0.28650000 0.28649900 3663.25652160 0 51.30605296 0 281.06321489 0 67.15043905 0 142.55950374 0 89434
0.28750000 0.28750100 3688.51249451 0 42.45073974 0 354.59341678 0 47.29233521 0 189.69881942 0 89619
0.28850000 0.28849900 3629.47485858 0 61.69444027 0 274.46964546 0 -5.92826665 0 229.43296426 0 90240
0.28950000 0.28950100 3613.78537431 0 39.39632821 0 242.07534474 0 -5.51438315 0 246.18096279 0 91333
0.29050000 0.29050500 3618.08143634 0 66.31481070 0 243.91888682 0 80.94157323 0 332.57499165 0 92139
0.29150000 0.29150600 3551.55890883 0 62.50515590 0 243.59003878 0 28.47259399 0 294.49394490 0 92370
0.29250000 0.29250200 3567.69128609 0 25.86306848 0 122.46544866 0 139.31420533 0 323.81678272 0 91819
0.29350000 0.29349600 3531.32977139 0 27.44840395 0 121.83654061 0 63.04792126 0 261.67003797 0 93552
0.29450000 0.29450000 3501.78880877 0 24.66161052 0 83.41734506 0 74.23849851 0 279.76775289 0 94701
0.29550000 0.29550200 3528.93814922 0 31.90590047 0 5.53564201 0 32.32819894 0 182.12645648 0 95020
0.29650000 0.29650300 3461.35267853 0 29.84013683 0 -55.69224371 0 -35.19150214 0 184.97093672 0 95151
0.29750000 0.29749800 3508.08896159 0 42.25929924 0 -0.72161220 0 -118.39415482 0 73.22837031 0 95802
0.29850000 0.29850000 3413.30986114 0 90.09727862 0 18.40220385 0 -109.43365451 0 53.64784966 0 97399
0.29950000 0.29950700 3420.17470253 0 75.19614388 0 52.88009465 0 -78.46779442 0 16.38382976 0 97881
0.30050000 0.30050300 3376.50545345 0 46.68944713 0 108.09644985 0 -40.05048116 0 99.35927833 0 97188
0.30150000 0.30149700 3395.02945287 0 50.96447174 0 124.11522505 0 18.53252511 0 57.27160012 0 98263
0.30250000 0.30249700 3333.01336156 0 52.12562644 0 128.47993550 0 22.27762826 0 31.99835439 0 100050
0.30350000 0.30350600 3313.69215475 0 79.55033562 0 128.97929735 0 3.02580064 0 69.17877823 0 100779
0.30450000 0.30450500 3257.24544282 0 33.72220464 0 99.03962031 0 16.54792161 0 128.23634435 0 99982
0.30550000 0.30550300 3290.36276636 0 -0.89343807 0 92.48203594 0 113.12262097 0 60.86390519 0 101559
0.30650000 0.30649700 3326.17066482 0 3.57548620 0 18.78718858 0 -18.27166114 0 54.18286439 0 100935
0.30750000 0.30749800 3304.62392072 0 64.81495358 0 39.86513045 0 -8.92173610 0 91.41056707 0 103762
0.30850000 0.30850200 3296.40825571 0 54.06682643 0 33.33699846 0 2.52029365 0 119.73944229 0 102951
0.30950000 0.30950100 3243.16144566 0 56.65254644 0 52.40033082 0 -21.09488252 0 130.77744290 0 104394
0.31050000 0.31050000 3231.48014297 0 63.09398213 0 76.46901834 0 79.49331314 0 128.53418989 0 103963
0.31150000 0.31149700 3181.90934476 0 42.16994558 0 77.15018776 0 52.28362852 0 113.85339441 0 105936
0.31250000 0.31250000 3184.71064294 0 50.58923065 0 53.57211496 0 0.85370392 0 132.14708948 0 105717
0.31350000 0.31349800 3141.87181821 0 66.29709498 0 59.67385172 0 -15.65958899 0 131.91235619 0 106776
0.31450000 0.31450400 3114.83320101 0 60.94805486 0 82.45316701 0 -61.95308978 0 157.17386527 0 108733
0.31550000 0.31549900 3093.30860156 0 49.70233743 0 47.66159724 0 -27.59145839 0 153.84773889 0 105891
0.31650000 0.31650000 3105.84247325 0 7.36485650 0 86.15099133 0 -3.49166870 0 187.93499808 0 111072
0.31750000 0.31750600 3101.85643632 0 25.81512531 0 93.81957278 0 -2.96472569 0 188.73552716 0 108121
0.31850000 0.31849900 3073.11268109 0 63.04393522 0 106.34657963 0 68.78825734 0 234.19627840 0 110484
0.31950000 0.31950100 3078.37203538 0 34.76200666 0 76.08370144 0 72.63611166 0 351.98477705 0 110817
0.32050000 0.32049800 3061.49781236 0 18.36311854 0 96.45323596 0 78.62203190 0 289.52136382 0 111088
0.32150000 0.32149900 3050.00473919 0 53.71793747 0 69.49854698 0 1.73278562 0 290.08383792 0 112635
0.32250000 0.32250100 3024.77091093 0 105.46721560 0 107.35338613 0 -43.82979779 0 252.07919022 0 113202
0.32350000 0.32350400 2948.37186968 0 82.41164579 0 83.64953171 0 -75.94551882 0 316.00415032 0 113863
0.32450000 0.32450300 2919.60596980 0 18.50362634 0 60.44980024 0 50.56121767 0 307.14850493 0 114045
0.32550000 0.32549900 2932.49415589 0 -12.31929004 0 -11.49694848 0 183.13957420 0 256.08847903 0 114828
0.32650000 0.32650300 2951.38354203 0 -27.04271397 0 -58.06637160 0 143.07990300 0 209.99881974 0 116431
0.32750000 0.32750400 2956.49895610 0 26.71984498 0 -151.94772795 0 97.86916486 0 199.92743309 0 116442
0.32850000 0.32850400 2956.29965425 0 48.50331538 0 -196.40421933 0 -7.88015143 0 236.28230440 0 116955
0.32950000 0.32949800 2921.52148200 0 62.30895430 0 -204.44051268 0 -103.28951075 0 261.07988306 0 117028
0.33050000 0.33049700 2914.33554319 0 65.82319947 0 -130.95017117 0 -84.27401083 0 324.60734671 0 119061
0.33150000 0.33150100 2852.99486370 0 29.06673494 0 -119.06070877 0 -69.48204921 0 280.51292035 0 120060
0.33250000 0.33250400 2890.81792528 0 46.03972311 0 -59.50444515 0 75.23600425 0 250.76379803 0 119737
0.33350000 0.33350100 2864.03397154 0 38.72313087 0 -103.92783028 0 0.23300157 0 257.83347742 0 120531
0.33450000 0.33450000 2846.01929906 0 49.74086912 0 -136.35346568 0 87.11406215 0 204.63649283 0 121704
0.33550000 0.33550300 2809.44741018 0 64.28204258 0 -137.05212937 0 35.09174049 0 351.96263241 0 122761
0.33650000 0.33650300 2806.44681016 0 63.52159531 0 -160.43023599 0 -27.72543352 0 309.46594252 0 122472
0.33750000 0.33749900 2780.26076196 0 46.28176413 0 -111.67878982 0 -17.88379760 0 319.89164357 0 122985
0.33850000 0.33849800 2748.07351371 0 84.64471226 0 -101.45980907 0 -88.23004176 0 350.87643734 0 125380
0.33950000 0.33950300 2723.62582051 0 64.50459631 0 -79.39864477 0 -118.63885320 0 337.09692910 0 125223
0.34050000 0.34050000 2664.25601484 0 42.20515557 0 8.61858692 0 -13.80729977 0 282.31217313 0 125178
0.34150000 0.34149900 2698.07089483 0 27.85730490 0 -39.63537971 0 -22.85538217 0 218.20784136 0 127059
0.34250000 0.34250300 2645.15625452 0 26.18992351 0 -69.53940385 0 81.53947877 0 146.16133100 0 127957
0.34350000 0.34349800 2673.96644370 0 32.84715881 0 -113.32192282 0 75.26058481 0 137.56367078 0 126732
0.34450000 0.34449700 2656.97042511 0 -4.35012819 0 -191.22901471 0 82.01902116 0 166.40486247 0 129639
0.34550000 0.34550000 2673.72285256 0 17.41045571 0 -187.12007497 0 75.32380779 0 138.24794045 0 129826
0.34650000 0.34650400 2675.06260386 0 24.07566309 0 -289.00539349 0 -5.05690790 0 146.55218407 0 130875
0.34750000 0.34750200 2653.46049814 0 49.54433536 0 -226.69034941 0 12.21166704 0 158.45493325 0 130686
0.34850000 0.34850200 2636.81879394 0 81.87120562 0 -250.73500998 0 -83.00910844 0 224.94867271 0 132211
0.34950000 0.34950400 2593.60351017 0 85.22822378 0 -238.83890420 0 -17.68947830 0 246.95159659 0 132768
0.35050000 0.35050300 2581.01427685 0 41.28869925 0 -236.70526721 0 5.08513126 0 216.31225935 0 132957
0.35150000 0.35150100 2537.28966614 0 46.26880951 0 -212.19003282 0 -7.75844443 0 127.83995512 0 133987
0.35250000 0.35249800 2543.09156435 0 43.76336385 0 -272.38251224 0 -34.58352079 0 68.82213865 0 134778
0.35350000 0.35349800 2502.06860089 0 18.87144897 0 -249.94666046 0 -49.70311249 0 110.95023085 0 135699
0.35450000 0.35450100 2522.79599295 0 37.39101947 0 -215.85607957 0 -42.62900417 0 81.14419677 0 137380
0.35550000 0.35550100 2528.45395094 0 27.51594513 0 -226.43347147 0 20.54414508 0 70.14517074 0 136161
0.35650000 0.35649900 2514.27030284 0 28.29798343 0 -251.38163375 0 29.43810072 0 104.10742338 0 138792
0.35750000 0.35750000 2504.86989907 0 40.92109806 0 -229.28570234 0 23.04028999 0 86.66829035 0 138097
0.35850000 0.35849800 2511.86760836 0 33.34020943 0 -210.05639583 0 3.78991285 0 77.39610410 0 140028
0.35950000 0.35950300 2468.58589064 0 81.45078945 0 -175.44430845 0 -1.60712580 0 133.00740912 0 141099
0.36050000 0.36050500 2443.20812216 0 62.51578533 0 -213.23747475 0 3.63981641 0 183.69983383 0 140821
0.36150000 0.36150200 2384.50265597 0 36.88335337 0 -229.84596198 0 20.89779514 0 162.05343881 0 141756
0.36250000 0.36250400 2421.00811090 0 28.94903613 0 -259.92725405 0 32.15635646 0 103.61404059 0 142971
0.36350000 0.36349900 2385.54345450 0 45.27230027 0 -269.62218166 0 12.74225285 0 68.04109686 0 142270
0.36450000 0.36450000 2370.92798574 0 80.27679085 0 -288.26354772 0 -48.21443842 0 76.17737331 0 145311
0.36550000 0.36550300 2330.75759130 0 58.83611962 0 -230.44165306 0 -37.70137673 0 118.38086803 0 145434
0.36650000 0.36650100 2302.12455932 0 56.29601758 0 -236.17822454 0 -53.78835746 0 141.96049096 0 144547
0.36750000 0.36749600 2287.39836731 0 41.80843418 0 -237.13930234 0 48.33844846 0 204.54459254 0 146892
0.36850000 0.36849900 2311.45852914 0 -0.57516963 0 -263.51358006 0 55.80329913 0 228.15411075 0 148113
0.36950000 0.36949900 2331.14512267 0 -11.89333770 0 -293.97576010 0 92.85971294 0 225.83335147 0 147387
0.37050000 0.37049800 2339.94762090 0 26.63713471 0 -289.03750323 0 14.64536404 0 166.62741620 0 149758
0.37150000 0.37150100 2327.72377430 0 58.02020001 0 -372.23163022 0 15.19178327 0 179.70051011 0 150099
0.37250000 0.37250000 2278.76195395 0 63.98320054 0 -364.79102794 0 -15.08925354 0 173.05490075 0 150468
0.37350000 0.37349800 2272.59466903 0 30.76456523 0 -400.49927548 0 -21.09875783 0 195.41988965 0 150709
0.37450000 0.37449700 2259.34109622 0 11.22501218 0 -357.84535858 0 67.23934982 0 176.97228927 0 153108
0.37550000 0.37550100 2259.39645784 0 32.38610720 0 -432.36210461 0 -4.01014139 0 101.77813841 0 153189
0.37650000 0.37649900 2257.08234196 0 55.16287586 0 -400.98977947 0 -26.17242924 0 143.11533444 0 153547
0.37750000 0.37749900 2251.28044375 0 59.77073456 0 -388.43487036 0 -75.37928013 0 155.46762001 0 155424
0.37850000 0.37850200 2194.01437979 0 72.23241470 0 -339.21506484 0 -28.14806415 0 173.69709559 0 155313
0.37950000 0.37949900 2203.78017028 0 20.32336293 0 -337.61400667 0 -1.39794744 0 194.31265717 0 156100
0.38050000 0.38050000 2189.25328012 0 27.40212163 0 -323.67505696 0 43.65585157 0 182.20506998 0 157557
0.38150000 0.38149800 2192.16530154 0 49.45907846 0 -315.67087335 0 17.53568371 0 168.55510795 0 157692
0.38250000 0.38250100 2152.69246357 0 62.39620422 0 -366.60135305 0 9.70721789 0 207.06576090 0 159703
0.38350000 0.38350500 2124.92307292 0 43.59606102 0 -349.05725437 0 17.63644186 0 247.21179623 0 160338
0.38450000 0.38450600 2121.40207363 0 48.74856737 0 -340.05766876 0 19.22520975 0 255.63340648 0 160167
0.38550000 0.38550000 2092.33722098 0 51.26408885 0 -363.96613974 0 29.46378851 0 234.67681730 0 160033
0.38650000 0.38649600 2098.89203727 0 35.36755211 0 -369.18674089 0 -12.35571799 0 268.79507899 0 162444
0.38750000 0.38750200 2091.98290659 0 25.15410752 0 -351.54409853 0 7.04709185 0 289.93546877 0 164307
0.38850000 0.38850400 2077.14599133 0 43.32412472 0 -368.90328938 0 -3.45518539 0 269.98313945 0 163882
0.38950000 0.38950500 2080.86629247 0 42.60143408 0 -372.35121133 0 -1.78696250 0 248.70323838 0 164595
0.39050000 0.39050100 2060.21640668 0 51.76389359 0 -362.18903161 0 -5.74681339 0 245.60852359 0 165006
0.39150000 0.39150100 2054.22627895 0 56.78707519 0 -353.72645375 0 -49.63889301 0 254.24825865 0 166687
0.39250000 0.39250100 2020.27853106 0 34.93218829 0 -344.24190031 0 0.73310084 0 218.23330771 0 167256
0.39350000 0.39350100 2026.58975621 0 22.40241336 0 -367.98539365 0 -41.07788218 0 212.60303054 0 167937
0.39450000 0.39449600 2034.07464778 0 14.34818284 0 -344.04924186 0 5.45004187 0 215.39768532 0 167719
0.39550000 0.39549700 2030.59793779 0 34.37790771 0 -328.54466541 0 51.78360233 0 224.01527573 0 171636
0.39650000 0.39650400 2022.94696134 0 40.89253147 0 -369.07712488 0 48.76849756 0 269.04863523 0 171093
0.39750000 0.39750000 2020.32282036 0 48.92561385 0 -407.27885997 0 40.38907286 0 278.79338831 0 170464
0.39850000 0.39849800 2013.59084687 0 28.66624896 0 -389.29297553 0 2.50546780 0 344.70472349 0 172113
0.39950000 0.39949500 2024.61888239 0 19.53534557 0 -378.83848644 0 -74.77982447 0 287.78522329 0 173232
