### header ###
fiducial parameters:
Omega_m = 0.31
Omega_nu = 0
Omega_de = 0.69
Omega_k = 0
H_0 = 100
w_de = -1
zeff = 0
beta = 0
fgrowth = 0
b_1 = 2
gamma = 0.55
Lx = 3500 Ly = 3500 Lz = 3500
nx = 700 ny = 700 nz = 700
xoffset = -685.467585 yoffset = -31.7331281 zoffset = 572.489161
bins = 400 dk = 0.001
kx_ny = 0.628318531 ky_ny = 0.628318531 kz_ny = 0.628318531
############################
A(data) = 8.02403971 (not used)
A(ran) = 8.01421915 (used)
Ngal = 476311
weighted Ngal = 0
Nran = 23820508
weighted Nran = 0
SN(data) = 3501.36154
SN(ran) = 69.8067553
SN(data+ran) = 3571.1683
############################
13 columns: k_central k_mean P_0(k) sigma^{lin}_{P_0(k)} P^img_1(k) sigma^{lin}_{P_1(k)} P_2(k) sigma^{lin}_{P_2(k)} P^img_3(k) sigma^{lin}_{P_3(k)} P_4(k) sigma^{lin}_{P_4(k)} N_modes
### header ###
0.00050000 0 0 0 0 0 0 0 0 0 0 0 0
0.00150000 0.00179520 41116.74604430 0 -32458.74165236 0 48275.22548605 0 -43377.82549551 0 5893.86493491 0 3
0.00250000 0.00253879 85813.17470247 0 -48045.58546931 0 -10485.46945861 0 -27968.80321515 0 -44016.36646781 0 6
0.00350000 0.00331552 95537.00108145 0 -40638.42161213 0 -61859.19646656 0 45041.99591576 0 84544.28627825 0 7
0.00450000 0.00420575 106572.12288870 0 -18417.81582658 0 -55885.89867339 0 -77536.72262378 0 -11370.50252601 0 24
0.00550000 0.00557378 99698.97725753 0 13467.37940017 0 -29400.01192121 0 -75053.08944370 0 1341.53394735 0 45
0.00650000 0.00659388 81899.32932557 0 18078.55979414 0 -39784.74536862 0 -58667.70956083 0 27684.46591381 0 40
0.00750000 0.00754703 56942.86280058 0 21163.75238161 0 -1198.29128117 0 -61185.66694784 0 -7269.74523385 0 57
0.00850000 0.00846663 55127.22297682 0 12644.26277315 0 -7569.15196927 0 1405.32161063 0 39978.40032969 0 75
0.00950000 0.00948925 44842.69406902 0 8293.81348401 0 9825.71391196 0 12956.72377953 0 12911.10580128 0 112
0.01050000 0.01054430 50628.75884950 0 -7346.54287880 0 17303.71850333 0 19214.02670429 0 12892.06140259 0 105
0.01150000 0.01145670 60009.23243586 0 -10432.68768620 0 35071.47813981 0 19658.13765277 0 23872.81809499 0 144
0.01250000 0.01249090 65090.98663462 0 -429.34378887 0 40920.32300202 0 12903.46589715 0 26480.23986653 0 169
0.01350000 0.01339930 69751.21742754 0 1888.19676830 0 54482.70294913 0 9543.94538998 0 51175.28880255 0 180
0.01450000 0.01448870 73392.68361390 0 -1396.18694266 0 66071.66244381 0 17231.96983851 0 47623.39772398 0 267
0.01550000 0.01550050 72588.83283207 0 4342.75402340 0 55975.14161143 0 27247.55197646 0 61693.55448727 0 238
0.01650000 0.01653350 76221.99477481 0 -498.44395359 0 54320.82556028 0 22001.81664713 0 36354.76058630 0 315
0.01750000 0.01747870 70504.13551521 0 -710.16784154 0 35322.04485046 0 20647.67132181 0 49646.09002185 0 297
0.01850000 0.01844180 73987.26745666 0 -1949.39350757 0 30127.24221530 0 16166.81219095 0 18144.21868032 0 388
0.01950000 0.01947590 75493.10363200 0 2311.22601032 0 20292.91403462 0 14409.63424223 0 26022.50995853 0 399
0.02050000 0.02045430 70571.56597336 0 4225.53132054 0 15699.11719061 0 -2794.43333773 0 15585.18296823 0 462
0.02150000 0.02154770 67012.47788365 0 3777.06894841 0 20657.74713740 0 3746.80828468 0 21734.53072601 0 571
0.02250000 0.02255340 67828.72966928 0 1118.42660226 0 21914.23455782 0 912.28316602 0 17299.40029665 0 510
0.02350000 0.02348930 68389.32147485 0 1632.48142661 0 33242.10863328 0 9945.69362370 0 22972.41664073 0 555
0.02450000 0.02439640 62679.76645887 0 2027.55304847 0 22200.78632412 0 6337.54406272 0 22348.60186045 0 592
0.02550000 0.02547300 64209.29740932 0 2956.52110075 0 24136.78231866 0 8213.29553792 0 24736.45943084 0 837
0.02650000 0.02652900 57657.80281412 0 1822.82576257 0 12858.29081189 0 5419.92514338 0 12896.04743953 0 723
0.02750000 0.02749970 63531.44968392 0 1021.02889699 0 21591.36556610 0 -391.90272249 0 4289.73973216 0 826
0.02850000 0.02848090 58650.10456437 0 -662.22246061 0 19920.21958123 0 -11960.65743885 0 -4435.65082862 0 831
0.02950000 0.02946900 61265.05551679 0 3534.17535886 0 23559.80347236 0 -11985.79161618 0 -3687.22810483 0 996
0.03050000 0.03053250 57698.65969270 0 3679.11209074 0 29013.47706179 0 -13435.82327443 0 -11667.13010790 0 1041
0.03150000 0.03150510 56510.70996291 0 3392.20601004 0 39350.82095897 0 -5923.94844145 0 -16069.15428605 0 1036
0.03250000 0.03246190 55192.43897000 0 2163.99730721 0 34752.92735478 0 3866.27866947 0 -17142.83762372 0 1059
0.03350000 0.03345080 53581.52643214 0 -1362.63779846 0 33192.06172510 0 11471.92502135 0 -13601.02236073 0 1302
0.03450000 0.03451200 54670.37885480 0 -2913.70442068 0 25596.22545301 0 12374.98383356 0 -19159.77231268 0 1339
0.03550000 0.03553350 58684.87166430 0 -2800.52311638 0 20883.40111720 0 8216.76117559 0 -23435.79343439 0 1365
0.03650000 0.03647120 55408.01713422 0 1048.10737457 0 11641.11014458 0 4445.79307816 0 -20983.82710331 0 1308
0.03750000 0.03744890 52747.78037329 0 3721.37515457 0 10959.16565900 0 -1120.28675283 0 -17619.39048391 0 1579
0.03850000 0.03847530 50464.55627244 0 2317.37115059 0 10736.93302756 0 -1479.24045112 0 -18522.00640313 0 1662
0.03950000 0.03950240 49395.52331120 0 -1412.52969409 0 11737.21792401 0 -1179.21366551 0 -20702.92222266 0 1683
0.04050000 0.04050350 48838.91754257 0 2579.37557278 0 13908.94371394 0 -300.40324465 0 -13050.94926374 0 1822
0.04150000 0.04152450 47711.09053654 0 4395.91225485 0 15744.84589212 0 1150.55848888 0 -8442.92448234 0 1887
0.04250000 0.04250150 47418.78116133 0 860.73263612 0 16952.50436008 0 4057.96275673 0 -1335.68775985 0 1920
0.04350000 0.04349210 44383.74620529 0 657.85775017 0 16091.40965894 0 5139.87283174 0 2853.38239506 0 2005
0.04450000 0.04448520 46120.55107634 0 -81.02096180 0 15660.25333050 0 4065.89054130 0 2880.96355619 0 2151
0.04550000 0.04548030 43888.48111615 0 2204.17877397 0 15986.55474291 0 1398.70036039 0 5356.49179449 0 2274
0.04650000 0.04648670 43030.92955895 0 1813.31463555 0 16013.46049222 0 -2092.92405419 0 6508.60040885 0 2311
0.04750000 0.04749250 40631.77821724 0 1984.22704145 0 14884.19408396 0 -2384.61337922 0 5444.12924543 0 2568
0.04850000 0.04851840 38487.06889987 0 2639.13290982 0 17544.76301463 0 -3100.21773225 0 1205.94225762 0 2493
0.04950000 0.04949480 38205.94257272 0 1937.46861374 0 19588.60345291 0 -1216.04021786 0 2109.75398792 0 2644
0.05050000 0.05050630 35804.79821255 0 298.37700921 0 16864.81154752 0 1463.05271224 0 2080.67806295 0 2829
0.05150000 0.05149060 36566.24199033 0 -612.91961266 0 17896.64149737 0 4178.01997474 0 2143.10383027 0 2784
0.05250000 0.05249300 36056.58287893 0 251.05942910 0 16230.69950516 0 3441.64394035 0 -30.89920470 0 3055
0.05350000 0.05348950 36115.93053996 0 1208.57747093 0 15740.30623894 0 4687.40227803 0 2784.37966679 0 3009
0.05450000 0.05448610 34686.71485237 0 774.84682697 0 12648.02736359 0 3469.38011403 0 7349.17809210 0 3336
0.05550000 0.05550870 34573.33424622 0 -1236.07005345 0 10562.11209100 0 3513.65834097 0 4695.02003750 0 3349
0.05650000 0.05647670 36505.67637357 0 -895.60049421 0 11876.17560048 0 1230.21279363 0 4167.91094218 0 3324
0.05750000 0.05747970 35989.37386728 0 516.53059618 0 11528.17243143 0 -780.49924879 0 2699.93104540 0 3639
0.05850000 0.05849280 34168.08715786 0 1931.81065576 0 12003.95022889 0 -2245.33460532 0 647.58152551 0 3846
0.05950000 0.05951020 33390.69923234 0 2425.99065706 0 11923.56515070 0 -2368.56958056 0 -2084.45372571 0 3787
0.06050000 0.06049470 31032.07259948 0 1825.84850724 0 13325.76436574 0 -804.75317631 0 -2442.66557824 0 3930
0.06150000 0.06148310 29988.61670857 0 835.47666321 0 11438.92949339 0 -958.39829165 0 -2267.39067636 0 4083
0.06250000 0.06249100 29986.40224360 0 -414.66077892 0 11383.01425306 0 3341.40618377 0 -1068.63546478 0 4303
0.06350000 0.06350600 31101.27462959 0 -796.85085808 0 11053.13647974 0 2638.54607661 0 -914.41680301 0 4470
0.06450000 0.06451750 31229.15998125 0 -191.37959833 0 10307.32682460 0 1684.82030603 0 827.59981134 0 4479
0.06550000 0.06550280 31298.91562760 0 1009.82148981 0 10927.84205209 0 1066.00468040 0 2629.87644628 0 4636
0.06650000 0.06648880 30646.31280279 0 575.22056112 0 11400.61924952 0 -227.88173156 0 5587.02866954 0 4653
0.06750000 0.06749660 29627.76964273 0 1063.92197610 0 13025.48291666 0 331.42014817 0 5112.23630899 0 5220
0.06850000 0.06852730 28816.61112651 0 1602.77437912 0 12350.18182597 0 1227.88760541 0 5309.71122213 0 5029
0.06950000 0.06949320 27597.76961048 0 1421.22146907 0 12010.15073079 0 1710.51917193 0 6303.05377091 0 5040
0.07050000 0.07048030 26315.59439648 0 352.53728606 0 9561.68325434 0 1555.40697355 0 4352.69697108 0 5475
0.07150000 0.07148790 26325.33804232 0 -135.13993888 0 10562.15638030 0 -15.54388320 0 3449.15097658 0 5509
0.07250000 0.07249820 26428.19993988 0 55.78857294 0 9564.46240787 0 -307.76523343 0 552.38942734 0 5916
0.07350000 0.07351270 26036.12891805 0 -65.75277949 0 10367.34989744 0 176.81395503 0 2118.72257102 0 5721
0.07450000 0.07449140 26183.28011489 0 2.15974553 0 8764.46479507 0 -174.59284667 0 486.82465593 0 6028
0.07550000 0.07549160 26574.79752048 0 9.00082571 0 10266.37029510 0 1346.74901234 0 42.10340091 0 6183
0.07650000 0.07648840 26643.88882735 0 11.40349805 0 9976.38610810 0 714.10516025 0 -39.30619949 0 6330
0.07750000 0.07749960 25842.36323373 0 1079.61256760 0 8785.63508013 0 143.91697076 0 -156.63907198 0 6583
0.07850000 0.07848650 25164.62623158 0 766.81274808 0 8765.84883567 0 -24.08274937 0 1372.81326496 0 6549
0.07950000 0.07947320 25016.58924875 0 566.29848178 0 9212.18532144 0 -40.41365342 0 159.34625540 0 6828
0.08050000 0.08048110 24060.71544716 0 1027.03674044 0 8883.96839684 0 211.69842160 0 -170.87365276 0 7147
0.08150000 0.08149960 23657.68282376 0 71.70348974 0 7863.48757993 0 479.18032287 0 -996.99198704 0 7386
0.08250000 0.08250610 22861.36122280 0 -190.55249566 0 7494.20340258 0 905.83132234 0 -1046.31476518 0 7227
0.08350000 0.08350160 23804.05895786 0 -368.03521911 0 6592.72793282 0 733.49501547 0 -2749.98902591 0 7798
0.08450000 0.08449610 23664.76911164 0 -403.48105255 0 6676.86652911 0 626.13332510 0 -2278.92803882 0 7371
0.08550000 0.08548940 23872.92881824 0 288.32776721 0 5713.68499314 0 641.37438021 0 -2152.41565545 0 8256
0.08650000 0.08650700 23427.82136053 0 694.28459159 0 7116.54854766 0 -1252.96642113 0 -1559.86912045 0 8037
0.08750000 0.08749060 23310.23327095 0 960.20972399 0 8260.30862910 0 -730.91294932 0 -235.67221930 0 8155
0.08850000 0.08849210 22246.62574887 0 1051.13011924 0 8091.53318189 0 28.23099587 0 639.97262389 0 8718
0.08950000 0.08949900 22273.53149818 0 277.52117818 0 8926.32003927 0 46.96304427 0 1953.26882126 0 8571
0.09050000 0.09049190 21520.61341051 0 529.68230360 0 8732.21111288 0 1033.22395554 0 1773.12209646 0 8932
0.09150000 0.09150830 21604.98452563 0 401.60097180 0 8785.83438197 0 1082.66410032 0 630.63533237 0 9285
0.09250000 0.09250820 20480.81138679 0 215.71878274 0 8226.43838748 0 529.88381992 0 1303.31228208 0 9204
0.09350000 0.09350330 20428.10712066 0 450.52957517 0 7627.04915575 0 782.69489080 0 406.98655059 0 9349
0.09450000 0.09448040 20298.33947378 0 171.18589232 0 7109.00829446 0 -29.31353706 0 51.55351942 0 9564
0.09550000 0.09549270 19688.03292978 0 510.62793982 0 6927.22286559 0 859.13711412 0 -526.24102505 0 10155
0.09650000 0.09649430 19273.48508857 0 562.00574145 0 6697.32818538 0 -705.48535538 0 -395.75035537 0 9913
0.09750000 0.09749140 18824.28087068 0 944.90334216 0 7283.00987899 0 -362.04509139 0 -1334.00476648 0 10476
0.09850000 0.09850240 17980.79116599 0 743.61069143 0 7351.60293124 0 24.55985585 0 -582.54822568 0 10575
0.09950000 0.09950330 17151.03114408 0 860.91532948 0 7633.27180230 0 -155.88172496 0 -1242.41449558 0 10882
0.10050000 0.10051200 16538.73158161 0 370.11460171 0 7274.45097190 0 138.68640452 0 -341.83477689 0 10875
0.10150000 0.10150300 16673.81394440 0 -293.14644297 0 6533.55742899 0 901.03922016 0 -1554.00078830 0 11118
0.10250000 0.10250800 16530.75950774 0 -47.87307865 0 6302.56658862 0 232.72033750 0 -1978.07082885 0 11575
0.10350000 0.10349800 16376.07913003 0 264.52891224 0 5632.83487731 0 577.43724055 0 -2213.15842940 0 11364
0.10450000 0.10450100 16417.93251784 0 -104.76401225 0 4981.32821266 0 424.63362189 0 -1961.60628185 0 12093
0.10550000 0.10551000 16318.17087122 0 8.23696817 0 5535.95203515 0 783.67700601 0 -925.26878856 0 12067
0.10650000 0.10649700 16545.59642300 0 238.60417091 0 4984.46168058 0 754.97975455 0 -1152.77295384 0 12054
0.10750000 0.10749900 16080.66950386 0 112.96317950 0 5137.72480072 0 919.42481552 0 96.34871321 0 12807
0.10850000 0.10850100 16185.41369665 0 118.58792051 0 5138.06804279 0 159.04840986 0 157.60014977 0 12736
0.10950000 0.10950300 16020.76822660 0 215.48515669 0 5241.79358169 0 575.40657618 0 570.35538159 0 12933
0.11050000 0.11050200 15625.04333758 0 504.81939822 0 5127.74863606 0 -44.25785387 0 582.77520834 0 13428
0.11150000 0.11150900 15408.46866412 0 431.01349545 0 4667.47209335 0 -262.81048743 0 558.79587448 0 13453
0.11250000 0.11250000 15250.79875871 0 291.65167912 0 5102.60338640 0 11.10476673 0 222.46515026 0 13668
0.11350000 0.11349100 14805.69130100 0 361.41729057 0 4549.86185913 0 176.20719163 0 -384.51194567 0 13791
0.11450000 0.11448600 14631.74507810 0 255.25030404 0 4901.10921935 0 -136.35678737 0 -561.93487857 0 14205
0.11550000 0.11549300 14448.71954884 0 149.28815553 0 4344.74704186 0 -156.31133116 0 -1140.15050355 0 14776
0.11650000 0.11649800 14539.95550535 0 -183.67215302 0 4676.86142480 0 -165.87892704 0 -782.98277125 0 14553
0.11750000 0.11747300 14618.45828831 0 -143.10094042 0 4694.84288030 0 -37.25416553 0 -1073.49289368 0 14568
0.11850000 0.11849100 14864.26389929 0 2.90084945 0 4939.84021157 0 -103.88830208 0 -938.38949347 0 16015
0.11950000 0.11950300 14718.88427442 0 148.38133213 0 4943.50515108 0 187.21418973 0 -801.12588270 0 15270
0.12050000 0.12050700 14462.44923162 0 357.95608183 0 5225.26260074 0 169.44421563 0 12.75886134 0 15999
0.12150000 0.12150000 14346.96488376 0 185.68953060 0 5114.10753189 0 661.40089411 0 -942.62797941 0 15670
0.12250000 0.12250700 13983.68190646 0 262.83152485 0 5040.18869140 0 523.96234060 0 179.01181151 0 16887
0.12350000 0.12352200 13811.17508579 0 461.02946080 0 4797.78228414 0 957.47043083 0 497.96341470 0 16407
0.12450000 0.12449800 13330.52546541 0 234.99791472 0 4265.02630317 0 777.74556161 0 930.33659163 0 16306
0.12550000 0.12549900 13329.30750968 0 -31.05200278 0 4238.40843430 0 675.39188375 0 949.80727483 0 17523
0.12650000 0.12650100 13140.52437152 0 249.26792694 0 3994.11973183 0 -3.84414509 0 612.28738291 0 17154
0.12750000 0.12750600 13037.44102746 0 287.34011583 0 4012.15654896 0 -286.13323243 0 731.88067051 0 18007
0.12850000 0.12850300 12849.43295204 0 148.71018017 0 4324.60648302 0 -379.06768356 0 1393.36349983 0 17496
0.12950000 0.12949900 12657.99245592 0 183.60350461 0 4374.62017422 0 -129.34579130 0 1292.14030634 0 18405
0.13050000 0.13049000 13020.72181698 0 -146.52893219 0 4789.26766636 0 151.61112928 0 791.34791265 0 18100
0.13150000 0.13148800 12905.34819237 0 -43.95867966 0 4713.54403692 0 -219.80114890 0 379.69437715 0 19059
0.13250000 0.13249300 13018.17518228 0 257.42490864 0 5160.88810424 0 -225.16790474 0 687.78845862 0 18957
0.13350000 0.13349100 12852.09031000 0 147.51547633 0 4838.00804021 0 -16.21409102 0 497.61574370 0 19468
0.13450000 0.13450700 12699.18150425 0 109.48779818 0 4599.91983963 0 452.10848869 0 645.19211781 0 19953
0.13550000 0.13551000 12630.97598337 0 190.21589699 0 4249.61362702 0 580.81097792 0 239.33715881 0 19956
0.13650000 0.13649900 12536.63977591 0 68.51443875 0 3994.70656505 0 485.24020625 0 -453.62539719 0 19723
0.13750000 0.13749600 12219.19622336 0 254.52838847 0 3915.72767211 0 -519.59541569 0 -611.83009590 0 20946
0.13850000 0.13851100 11939.28785195 0 538.44715593 0 4072.13533250 0 -336.38608585 0 -481.75906732 0 20955
0.13950000 0.13949800 11685.73161360 0 185.29314138 0 3890.12845713 0 -217.56564652 0 -415.65285923 0 20506
0.14050000 0.14048300 11539.02330975 0 -97.36227383 0 3866.89871966 0 312.54515605 0 -467.25875074 0 21447
0.14150000 0.14148400 11749.50820455 0 125.82147031 0 4219.30867399 0 450.26494661 0 -920.25302542 0 21771
0.14250000 0.14249400 11433.94694722 0 389.87759428 0 3799.39075524 0 571.56337223 0 -48.13648926 0 22470
0.14350000 0.14350900 11075.09289985 0 396.32943795 0 3634.44633242 0 572.33511327 0 441.22771509 0 22519
0.14450000 0.14449900 10728.96095370 0 272.12009814 0 3413.35415044 0 435.59079453 0 483.43984623 0 22218
0.14550000 0.14550500 10714.34548493 0 35.63428441 0 3550.35202542 0 358.01255069 0 733.51937459 0 23559
0.14650000 0.14650700 10448.53218301 0 97.90149605 0 3108.15658914 0 -54.34197370 0 308.77502945 0 23044
0.14750000 0.14750500 10400.50043795 0 130.90588187 0 3196.18157145 0 -190.45063028 0 343.38711683 0 23649
0.14850000 0.14849900 10535.61601771 0 -97.38375414 0 3219.28951335 0 -195.00467747 0 210.71077023 0 23640
0.14950000 0.14949500 10462.49438461 0 69.74202740 0 3003.00272034 0 -100.47160408 0 17.36893450 0 24457
0.15050000 0.15050000 10548.43776985 0 137.17060325 0 3101.94501492 0 67.05953526 0 -142.84184802 0 24591
0.15150000 0.15149900 10262.69428326 0 224.01306127 0 3148.52628543 0 119.17918265 0 -278.71477480 0 25020
0.15250000 0.15250500 10179.48576225 0 212.73368397 0 2987.98864788 0 184.97647289 0 -253.02033783 0 25297
0.15350000 0.15350100 9883.40072427 0 291.73361432 0 3264.38709233 0 91.63921058 0 140.12469951 0 25452
0.15450000 0.15450400 9658.28928838 0 316.63084391 0 3264.34280303 0 125.71406876 0 -26.13445116 0 26061
0.15550000 0.15549900 9517.75934178 0 191.28105464 0 3328.14153864 0 94.94374592 0 719.83176664 0 26128
0.15650000 0.15649500 9463.62674575 0 47.44956222 0 3345.11541259 0 84.36292160 0 587.87290669 0 26331
0.15750000 0.15749700 9412.07400139 0 -52.42956176 0 3376.19542835 0 344.44341662 0 945.31301818 0 27345
0.15850000 0.15849900 9544.93082689 0 0.05076694 0 3180.94605250 0 206.13679285 0 351.67585919 0 26980
0.15950000 0.15949700 9415.58392836 0 60.55764468 0 3043.66029707 0 349.02182293 0 842.17541973 0 27777
0.16050000 0.16050000 9441.55960238 0 -72.41267214 0 2641.17021759 0 304.29627406 0 416.82763289 0 28224
0.16150000 0.16150500 9458.72170585 0 48.50054730 0 2818.09489587 0 104.07564581 0 192.66620247 0 28075
0.16250000 0.16249700 9363.99796703 0 248.62573211 0 2579.16519861 0 -107.83569660 0 -123.12646645 0 28590
0.16350000 0.16349900 9009.47319866 0 253.86626344 0 2442.89809706 0 -134.90520559 0 34.26596651 0 29163
0.16450000 0.16449100 8882.62864554 0 229.40860515 0 2427.65150579 0 -87.97726059 0 219.99270012 0 28996
0.16550000 0.16550500 8802.01104853 0 -68.72824534 0 2532.47320485 0 352.43652791 0 -137.95120215 0 30777
0.16650000 0.16650700 8790.49583072 0 93.06466167 0 2497.79468351 0 153.92967409 0 -296.31755680 0 29211
0.16750000 0.16749900 8599.80825269 0 352.96689227 0 2523.65963429 0 -156.78744113 0 -65.03042102 0 30922
0.16850000 0.16850800 8440.73216202 0 193.85094123 0 2535.26343070 0 -7.01958820 0 294.85711715 0 30867
0.16950000 0.16949900 8266.24339521 0 152.10938389 0 2499.76555733 0 87.99021521 0 468.37262662 0 30852
0.17050000 0.17049200 8253.36628144 0 11.19943511 0 2688.74799734 0 279.68471045 0 672.28498941 0 31257
0.17150000 0.17149500 8277.04998423 0 -5.73393628 0 2482.83597268 0 467.90648174 0 282.82814347 0 32608
0.17250000 0.17250900 8267.98175020 0 48.63020422 0 2381.42454967 0 262.08082122 0 519.47804905 0 32361
0.17350000 0.17350400 8231.73095875 0 36.73476277 0 2286.19148390 0 -63.28807998 0 762.06936413 0 32508
0.17450000 0.17449800 8111.89518724 0 216.64110740 0 2257.64703052 0 0.99227075 0 757.13332173 0 32791
0.17550000 0.17549800 8122.22566629 0 68.41866314 0 2343.13645045 0 118.37311740 0 1227.69937589 0 33633
0.17650000 0.17650100 7940.01948908 0 -11.86001001 0 2281.75148165 0 173.02500548 0 777.12994035 0 33984
0.17750000 0.17750300 7973.19217423 0 164.08299595 0 2250.02927105 0 286.28713774 0 889.54725423 0 34069
0.17850000 0.17849800 7871.98005306 0 106.95777196 0 2152.63710194 0 137.52823934 0 764.39455234 0 34536
0.17950000 0.17950400 7787.29891285 0 116.45871244 0 2002.10884603 0 9.38507967 0 868.72796188 0 35343
0.18050000 0.18050100 7759.64024545 0 73.49587768 0 1943.82412819 0 37.96500878 0 685.30715063 0 34990
0.18150000 0.18150500 7551.29230934 0 57.81757646 0 1873.60344419 0 74.50290562 0 713.45300032 0 36243
0.18250000 0.18250200 7668.31571035 0 45.15593014 0 1829.42486816 0 171.62767808 0 699.30035473 0 35694
0.18350000 0.18350400 7620.06251879 0 -76.31577737 0 1514.20685290 0 188.73331270 0 604.17579775 0 37087
0.18450000 0.18450600 7633.95828644 0 130.55710363 0 1571.68329103 0 114.43469147 0 518.60444262 0 36651
0.18550000 0.18550700 7551.84592558 0 141.30833103 0 1468.13490933 0 -0.99461476 0 407.50141370 0 37818
0.18650000 0.18651000 7392.03906148 0 216.04098740 0 1530.08456669 0 -153.99610804 0 556.58583845 0 37267
0.18750000 0.18750100 7275.90144645 0 215.45526141 0 1680.50209935 0 -239.37923365 0 545.42825673 0 38334
0.18850000 0.18850000 7149.18976123 0 26.97661219 0 1645.84572267 0 -97.87757982 0 570.65211990 0 38223
0.18950000 0.18949500 7147.79464830 0 -51.89188966 0 1638.33868644 0 256.38853904 0 310.33290555 0 39064
0.19050000 0.19050000 7188.00933204 0 13.86620454 0 1602.90724702 0 23.16274990 0 99.84070302 0 39609
0.19150000 0.19149800 7179.31755706 0 91.65592979 0 1611.82046850 0 -52.49776728 0 -2.71751390 0 39576
0.19250000 0.19250400 7062.18343280 0 154.94611351 0 1714.28376237 0 -75.95459813 0 214.23619845 0 40909
0.19350000 0.19350500 6907.82415251 0 149.47749228 0 1566.15820095 0 -2.96544539 0 269.88791745 0 40191
0.19450000 0.19450100 6922.59463381 0 106.27073421 0 1792.38794164 0 108.18469628 0 216.79169102 0 41232
0.19550000 0.19549800 6865.95969237 0 30.59084046 0 1826.66785928 0 285.70362623 0 383.48554116 0 40873
0.19650000 0.19649700 6889.56588888 0 -52.63882870 0 1678.53122553 0 322.04963968 0 511.90900781 0 42816
0.19750000 0.19750200 6841.02481688 0 30.62361454 0 1460.82717495 0 271.65395326 0 715.92987938 0 41727
0.19850000 0.19849000 6916.17268542 0 45.23886185 0 1489.08374789 0 118.32661364 0 552.55440498 0 42610
0.19950000 0.19949900 6794.35496777 0 94.50982151 0 1418.90735318 0 167.17771074 0 761.98410723 0 43863
0.20050000 0.20050100 6780.60314034 0 165.67187456 0 1382.76728498 0 -194.19529053 0 685.29940000 0 43302
0.20150000 0.20150100 6617.90639946 0 160.56199666 0 1517.24066990 0 -6.61069832 0 874.49442864 0 44487
0.20250000 0.20249700 6546.51204902 0 127.01838862 0 1594.11582111 0 -118.81047423 0 828.65168220 0 43759
0.20350000 0.20349100 6435.99917501 0 126.56110161 0 1557.04567762 0 -103.46666795 0 633.15428627 0 45282
0.20450000 0.20449700 6438.29114625 0 46.38241156 0 1699.84545081 0 -41.09748020 0 794.05288160 0 45483
0.20550000 0.20549900 6308.39063147 0 90.47251971 0 1685.04175253 0 -56.12793969 0 582.26145247 0 46138
0.20650000 0.20650200 6279.28148953 0 129.21292340 0 1564.54164152 0 32.50159155 0 508.85858232 0 46227
0.20750000 0.20749300 6196.41621058 0 64.38257929 0 1504.88395540 0 113.15362348 0 490.78744098 0 46236
0.20850000 0.20850300 6099.09047543 0 22.17675938 0 1371.55101994 0 205.20782479 0 131.42849560 0 48361
0.20950000 0.20950400 6055.08905660 0 60.56528459 0 1277.01551063 0 90.97708555 0 -27.48837504 0 46812
0.21050000 0.21050300 5974.64861679 0 209.26915354 0 1186.46603827 0 -33.85651194 0 -125.76943038 0 48813
0.21150000 0.21149700 5841.18281343 0 115.00048726 0 1276.71655786 0 -191.16036630 0 -50.59864213 0 47215
0.21250000 0.21249000 5843.70730349 0 39.33255162 0 1269.36453418 0 -159.17131266 0 51.54554734 0 50004
0.21350000 0.21350300 5913.68439634 0 13.00787792 0 1444.20761540 0 -222.90139985 0 74.55937448 0 49509
0.21450000 0.21449800 5894.06423676 0 59.26129689 0 1681.69791043 0 -101.47564250 0 -0.63110480 0 49660
0.21550000 0.21550100 5834.82729898 0 88.93147354 0 1711.68176604 0 -35.44738357 0 159.76478927 0 50841
0.21650000 0.21649800 5925.52071157 0 49.00909918 0 1667.56962396 0 187.52421483 0 231.53892045 0 50424
0.21750000 0.21750300 5782.88702326 0 38.87969354 0 1744.93195747 0 175.92374011 0 50.65544315 0 52231
0.21850000 0.21850300 5804.34518876 0 88.74601210 0 1561.55211382 0 286.42997073 0 145.20578937 0 51078
0.21950000 0.21950100 5651.75748043 0 81.67256811 0 1456.42038967 0 123.34459125 0 -13.27793192 0 52791
0.22050000 0.22050700 5625.82609570 0 109.31196967 0 1315.21503126 0 38.97989808 0 150.25476949 0 52969
0.22150000 0.22150000 5517.92629035 0 28.03944465 0 1260.97171197 0 210.70301960 0 -1.26546708 0 52704
0.22250000 0.22250100 5537.69039015 0 37.12628018 0 1075.88894477 0 192.57651664 0 119.38955682 0 54051
0.22350000 0.22349900 5454.20506102 0 50.83780434 0 985.25975166 0 175.19185944 0 61.48063368 0 53938
0.22450000 0.22449800 5424.54230283 0 31.35914907 0 836.32480329 0 175.09885191 0 36.78691342 0 54735
0.22550000 0.22549100 5415.06439278 0 70.47080782 0 809.45448542 0 -61.24944354 0 143.81289091 0 54774
0.22650000 0.22649900 5350.97777673 0 124.81388875 0 816.59834940 0 -42.67584010 0 54.01423289 0 56911
0.22750000 0.22749800 5291.70762198 0 87.09269256 0 922.70222367 0 -113.83457146 0 393.65104258 0 54879
0.22850000 0.22849100 5225.82728931 0 84.67327886 0 975.59804103 0 0.47984134 0 209.68879465 0 57210
0.22950000 0.22949800 5214.35636079 0 30.92754985 0 989.16274616 0 148.57177611 0 380.21477641 0 57375
0.23050000 0.23049600 5213.03875414 0 -55.75978489 0 854.96838382 0 310.50452659 0 285.30612976 0 57604
0.23150000 0.23150100 5259.32107188 0 -31.33689370 0 828.44795142 0 107.96922883 0 244.17797923 0 58629
0.23250000 0.23250200 5279.70522187 0 54.70647463 0 773.92228785 0 56.12749680 0 296.15368639 0 58560
0.23350000 0.23350400 5201.01420939 0 167.72246912 0 828.60628566 0 -108.67697184 0 445.53927838 0 59305
0.23450000 0.23449700 5092.79330661 0 155.54069735 0 780.03088945 0 -137.69653868 0 602.59356254 0 59196
0.23550000 0.23549300 5008.03466012 0 32.67996670 0 860.52447642 0 212.92744966 0 688.78164616 0 60063
0.23650000 0.23649900 5080.25943492 0 -39.05607567 0 851.81498572 0 83.93508697 0 689.95199089 0 61537
0.23750000 0.23750400 5108.95890085 0 -7.00034450 0 819.95769275 0 162.75653144 0 567.73788401 0 61224
0.23850000 0.23850100 5067.71449090 0 37.35171271 0 813.41284155 0 -33.92958928 0 566.75798326 0 61221
0.23950000 0.23949400 5065.64396615 0 138.16489802 0 853.06394396 0 -139.55115308 0 580.48212987 0 62332
0.24050000 0.24050100 4975.91384582 0 127.87760103 0 865.91116244 0 -155.31703639 0 601.39775145 0 63447
0.24150000 0.24150500 4912.92338993 0 84.32660437 0 940.52755940 0 13.15026802 0 612.98604661 0 63342
0.24250000 0.24250300 4811.06907392 0 60.94307231 0 782.72367885 0 192.31410254 0 632.08027076 0 63379
0.24350000 0.24349600 4816.54987471 0 39.87731000 0 820.03630625 0 265.43905734 0 549.62909677 0 64266
0.24450000 0.24449500 4782.62427147 0 60.10257213 0 691.93836596 0 79.89988891 0 482.12666851 0 64695
0.24550000 0.24549600 4699.63719695 0 84.88210291 0 602.96780711 0 83.33319539 0 652.35701920 0 65947
0.24650000 0.24650000 4642.19397579 0 35.78254284 0 515.85407714 0 -16.95339015 0 689.57553185 0 66018
0.24750000 0.24750000 4716.79930042 0 -9.61507400 0 538.48148014 0 -95.66699017 0 500.36057302 0 66303
0.24850000 0.24849600 4745.62056192 0 0.11966415 0 585.50010748 0 -82.10560674 0 459.97426824 0 66958
0.24950000 0.24949200 4686.21753927 0 80.75611179 0 629.68089797 0 -131.10296925 0 326.69115824 0 66975
0.25050000 0.25048900 4694.78751868 0 66.38888455 0 554.62714419 0 -28.13621677 0 381.00644764 0 68676
0.25150000 0.25150000 4660.88406008 0 47.78261775 0 584.18582252 0 -45.89999037 0 220.17650072 0 69349
0.25250000 0.25249900 4615.37680508 0 80.64228829 0 558.10274695 0 69.76959749 0 135.15654736 0 68592
0.25350000 0.25349900 4570.07992425 0 69.46267264 0 655.11513531 0 -15.82655965 0 157.24472814 0 70437
0.25450000 0.25450100 4559.74944519 0 45.15260844 0 599.50106221 0 22.29445819 0 206.44128178 0 70099
0.25550000 0.25550100 4516.87740349 0 72.67420046 0 748.31200054 0 -130.32126312 0 195.09436330 0 71064
0.25650000 0.25650300 4487.45823645 0 78.09410346 0 710.58748265 0 -105.45282157 0 172.49574835 0 71409
0.25750000 0.25750600 4418.62159305 0 104.37360207 0 936.39647501 0 -7.15368513 0 45.42565197 0 72612
0.25850000 0.25850600 4361.42196304 0 93.98078583 0 822.17437218 0 -4.55999304 0 201.35244129 0 71845
0.25950000 0.25949600 4322.93456197 0 8.76715537 0 858.72300917 0 204.83690191 0 241.79742939 0 72816
0.26050000 0.26049800 4333.22075173 0 10.75578920 0 737.86636931 0 124.71866676 0 234.91819398 0 73743
0.26150000 0.26149900 4319.63500917 0 3.62562169 0 592.59968215 0 218.65516329 0 142.77541407 0 74662
0.26250000 0.26250300 4293.02821263 0 61.25675127 0 551.39623981 0 111.80169262 0 97.55781108 0 74931
0.26350000 0.26350100 4205.33540007 0 82.31908116 0 390.80656233 0 70.83298356 0 207.26174105 0 75087
0.26450000 0.26450200 4201.71474986 0 77.87608938 0 360.25580369 0 46.47010437 0 252.15448202 0 76678
0.26550000 0.26550600 4134.16249614 0 30.37659097 0 348.59221673 0 71.19604509 0 204.27110611 0 76035
0.26650000 0.26650100 4126.61117061 0 62.55996390 0 271.00732949 0 19.07672988 0 215.79961072 0 77094
0.26750000 0.26750600 4098.08886188 0 61.68934700 0 324.09801977 0 -103.05123432 0 144.84372435 0 78463
0.26850000 0.26850100 4057.55308072 0 111.86591211 0 328.64320910 0 -186.23761068 0 71.38084219 0 77076
0.26950000 0.26949700 4025.04473505 0 55.99473963 0 428.66837705 0 -169.10318803 0 19.12223713 0 79149
0.27050000 0.27049900 3975.83932355 0 49.78360830 0 492.81035473 0 -103.45039163 0 -47.98003731 0 79648
0.27150000 0.27150200 3979.09458705 0 40.16452611 0 506.82016732 0 -3.30476786 0 -98.60580663 0 80241
0.27250000 0.27250500 3960.24949021 0 36.12091309 0 504.75407151 0 11.84107633 0 -101.50553777 0 80835
0.27350000 0.27350000 3927.87401244 0 62.89357305 0 466.65530904 0 102.42121904 0 -60.22148890 0 80680
0.27450000 0.27450400 3887.79219660 0 62.81352014 0 493.22556691 0 103.44706993 0 44.94267716 0 82617
0.27550000 0.27550800 3876.18840019 0 24.16612398 0 509.18964483 0 138.58232466 0 173.39260666 0 82548
0.27650000 0.27649900 3881.03807846 0 10.39536288 0 409.32613283 0 129.31035986 0 313.67785488 0 81181
0.27750000 0.27748900 3910.47939015 0 9.94748734 0 469.13772426 0 33.85263662 0 344.93613508 0 84096
0.27850000 0.27849800 3897.18152804 0 28.42044334 0 486.04516426 0 67.54118139 0 347.45176727 0 85215
0.27950000 0.27950200 3897.54691476 0 70.72912516 0 371.56396903 0 -0.77170007 0 437.37011713 0 84514
0.28050000 0.28050300 3845.24125232 0 75.93511084 0 405.71323324 0 -22.49885331 0 361.29992392 0 85815
0.28150000 0.28150100 3827.24872449 0 39.52565297 0 383.85867851 0 13.72359300 0 289.94543386 0 85485
0.28250000 0.28250000 3742.00289571 0 79.16723318 0 396.25193168 0 37.33709724 0 266.21522731 0 87220
0.28350000 0.28350400 3731.35131923 0 106.95887919 0 363.53764077 0 4.50102183 0 290.56880575 0 87147
0.28450000 0.28449700 3666.86609949 0 17.92554027 0 294.52605464 0 68.60224228 0 329.71833184 0 87102
0.28550000 0.28549800 3663.24544927 0 38.91357485 0 277.56768195 0 53.23784147 0 212.55099061 0 88971
0.28650000 0.28649900 3686.71877789 0 10.12278439 0 190.48827618 0 80.64461348 0 233.64044770 0 89434
0.28750000 0.28750100 3693.66112555 0 16.68311470 0 159.82457983 0 74.33095242 0 245.27746108 0 89619
0.28850000 0.28849900 3637.36942617 0 54.25417016 0 42.51495922 0 -3.98463075 0 377.26289462 0 90240
0.28950000 0.28950100 3654.02220270 0 43.31681699 0 91.04296588 0 37.55245396 0 245.89418957 0 91333
0.29050000 0.29050500 3594.94027747 0 22.66394167 0 89.94857730 0 47.94626672 0 248.55154753 0 92139
0.29150000 0.29150600 3607.54058311 0 74.55018445 0 96.07622330 0 -44.71923765 0 170.02661992 0 92370
0.29250000 0.29250200 3554.07232656 0 109.13603042 0 146.54886237 0 -115.79990912 0 227.82415547 0 91819
0.29350000 0.29349600 3492.96416589 0 69.01645795 0 229.75406168 0 -57.88423186 0 251.29305515 0 93552
0.29450000 0.29450000 3471.40634947 0 47.08605780 0 182.70775353 0 -88.56985141 0 243.96981952 0 94701
0.29550000 0.29550200 3482.03578129 0 -13.66956005 0 240.17201211 0 -10.76771409 0 135.86849785 0 95020
0.29650000 0.29650300 3518.08727090 0 5.51634295 0 257.14256436 0 5.06122611 0 64.33640770 0 95151
0.29750000 0.29749800 3530.07859868 0 25.06143216 0 213.27733512 0 12.51028764 0 92.49499056 0 95802
0.29850000 0.29850000 3489.89713191 0 25.65313720 0 122.15431633 0 38.86696036 0 101.64892438 0 97399
0.29950000 0.29950700 3529.30353594 0 23.21822225 0 140.54101892 0 38.89707709 0 42.41885144 0 97881
0.30050000 0.30050300 3503.11748775 0 40.65469793 0 148.45551670 0 1.64772802 0 28.17950956 0 97188
0.30150000 0.30149700 3478.93553034 0 49.30539459 0 148.65260409 0 42.15234058 0 57.84791463 0 98263
0.30250000 0.30249700 3451.85262384 0 58.06913968 0 142.36905975 0 4.73825747 0 26.56660400 0 100050
0.30350000 0.30350600 3417.53948922 0 77.26323620 0 145.35415852 0 8.78706341 0 -25.56666235 0 100779
0.30450000 0.30450500 3366.01996184 0 67.74136903 0 164.90013352 0 21.40313604 0 1.10402704 0 99982
0.30550000 0.30550300 3306.82731336 0 94.51458261 0 83.82547095 0 -29.49479102 0 76.46757894 0 101559
0.30650000 0.30649700 3313.01674294 0 39.14864031 0 103.55491438 0 74.32641277 0 105.79562075 0 100935
0.30750000 0.30749800 3220.97250672 0 15.18746506 0 -16.22051297 0 96.92458483 0 134.79116064 0 103762
0.30850000 0.30850200 3252.81651290 0 54.63317584 0 -8.24354513 0 130.28361721 0 47.64731395 0 102951
0.30950000 0.30950100 3240.27156888 0 41.48124698 0 -27.37167274 0 11.42608560 0 111.18053520 0 104394
0.31050000 0.31050000 3185.76251380 0 77.81308785 0 -3.44482170 0 7.26131919 0 160.48338315 0 103963
0.31150000 0.31149700 3131.24238639 0 84.75167092 0 -39.00226417 0 -77.00779767 0 264.83561564 0 105936
0.31250000 0.31250000 3131.76278565 0 43.49829239 0 96.17133457 0 -86.72774873 0 232.24754923 0 105717
0.31350000 0.31349800 3131.19809709 0 15.64763088 0 93.44189578 0 9.17711927 0 179.16018066 0 106776
0.31450000 0.31450400 3089.25613068 0 71.91364246 0 106.94714253 0 -162.00250612 0 133.13252639 0 108733
0.31550000 0.31549900 3115.91828884 0 76.67429924 0 110.87383180 0 -63.07172676 0 111.65443070 0 105891
0.31650000 0.31650000 3090.07548271 0 4.55904082 0 97.20360741 0 -2.24577750 0 103.42082852 0 111072
0.31750000 0.31750600 3098.18042448 0 -11.68661740 0 59.59069856 0 63.06464047 0 6.05544337 0 108121
0.31850000 0.31849900 3103.11868135 0 42.07361636 0 99.76441470 0 81.50936205 0 -79.60027180 0 110484
0.31950000 0.31950100 3087.10809966 0 58.64822227 0 33.37564087 0 30.91581319 0 -88.57793421 0 110817
0.32050000 0.32049800 3024.63804303 0 72.32962971 0 27.98297579 0 55.55295387 0 -30.24095499 0 111088
0.32150000 0.32149900 3002.61518897 0 65.59355946 0 -8.29519752 0 -71.71356556 0 -0.90563313 0 112635
0.32250000 0.32250100 2986.75961983 0 43.36409581 0 66.03290931 0 -45.67865459 0 16.91375122 0 113202
0.32350000 0.32350400 2955.44708524 0 67.95982600 0 66.67399691 0 -12.10946948 0 45.77730901 0 113863
0.32450000 0.32450300 2927.91021342 0 47.59029147 0 48.44983605 0 -23.06974238 0 114.79564925 0 114045
0.32550000 0.32549900 2931.92946733 0 30.28048319 0 32.45763442 0 61.65613003 0 89.90838476 0 114828
0.32650000 0.32650300 2914.28018157 0 10.32538579 0 24.94838373 0 130.65454009 0 115.37583908 0 116431
0.32750000 0.32750400 2940.72089323 0 9.34065751 0 -48.35450333 0 105.21388080 0 45.27595414 0 116442
0.32850000 0.32850400 2937.17774929 0 14.30655090 0 -73.79394467 0 51.87350961 0 78.88787842 0 116955
0.32950000 0.32949800 2914.25803692 0 46.21577307 0 -79.51756153 0 -30.32045428 0 94.24618945 0 117028
0.33050000 0.33049700 2928.61884221 0 65.14590537 0 -89.46659900 0 -61.14259560 0 47.34094272 0 119061
0.33150000 0.33150100 2847.14867619 0 66.51699135 0 -2.15271461 0 -71.54581983 0 109.59774637 0 120060
0.33250000 0.33250400 2835.51166281 0 74.98720911 0 -36.63378317 0 -5.85324058 0 119.08949682 0 119737
0.33350000 0.33350100 2807.69798286 0 43.03868019 0 -40.86307908 0 40.94922177 0 163.46626746 0 120531
0.33450000 0.33450000 2799.70376434 0 8.68271782 0 -23.41375951 0 104.56028147 0 139.66409080 0 121704
0.33550000 0.33550300 2808.78307069 0 -0.69320061 0 -78.80771479 0 104.40936568 0 171.98531418 0 122761
0.33650000 0.33650300 2788.40999303 0 34.38842642 0 -162.87168362 0 133.99948942 0 262.72744499 0 122472
0.33750000 0.33749900 2796.47064550 0 34.45829279 0 -225.65176534 0 57.58561126 0 225.96511213 0 122985
0.33850000 0.33849800 2777.71412725 0 50.20679255 0 -256.94104804 0 53.58119426 0 260.22509959 0 125380
0.33950000 0.33950300 2729.68238219 0 110.16874616 0 -225.79459833 0 -89.56104593 0 185.87776013 0 125223
0.34050000 0.34050000 2671.25372412 0 112.61107957 0 -221.34241652 0 -123.05449634 0 243.72401391 0 125178
0.34150000 0.34149900 2611.41888080 0 68.04098614 0 -123.94914018 0 -140.73146291 0 243.27890645 0 127059
0.34250000 0.34250300 2630.96153411 0 40.20726528 0 -93.00896788 0 -85.83897322 0 179.64404125 0 127957
0.34350000 0.34349800 2605.06336636 0 -12.42757738 0 -34.41023890 0 -28.46008227 0 130.49509862 0 126732
0.34450000 0.34449700 2656.00713285 0 5.35359085 0 -37.17444479 0 34.30538399 0 112.84692009 0 129639
0.34550000 0.34550000 2648.16792688 0 37.51890482 0 -55.57941672 0 55.51110048 0 112.37302458 0 129826
0.34650000 0.34650400 2637.66029062 0 52.21464793 0 -134.74133518 0 96.06127566 0 200.87633132 0 130875
0.34750000 0.34750200 2606.75743205 0 47.28580254 0 -161.56625652 0 84.73838413 0 195.17408404 0 130686
0.34850000 0.34850200 2557.41915266 0 45.18106432 0 -193.07587849 0 108.82434448 0 242.91794866 0 132211
0.34950000 0.34950400 2563.81895641 0 26.01675235 0 -263.85128596 0 46.20879751 0 266.26726724 0 132768
0.35050000 0.35050300 2562.83351950 0 36.31312864 0 -276.93877390 0 24.31604326 0 225.09593463 0 132957
0.35150000 0.35150100 2526.19519667 0 43.77964016 0 -293.37674732 0 -40.57852033 0 364.09790041 0 133987
0.35250000 0.35249800 2558.49316817 0 18.24475539 0 -293.11544046 0 -15.85523697 0 316.54337254 0 134778
0.35350000 0.35349800 2556.74374085 0 27.15742325 0 -259.32713404 0 -30.73854527 0 270.61315473 0 135699
0.35450000 0.35450100 2524.04716566 0 58.96223340 0 -210.16933355 0 -95.08270359 0 277.01185124 0 137380
0.35550000 0.35550100 2518.90960694 0 91.36638849 0 -122.62710460 0 -83.89101911 0 239.21647047 0 136161
0.35650000 0.35649900 2448.04672810 0 73.41017789 0 -107.49876575 0 -38.78092840 0 317.33172207 0 138792
0.35750000 0.35750000 2463.85800794 0 40.27458502 0 -104.23508729 0 -27.91299870 0 317.78790185 0 138097
0.35850000 0.35849800 2435.86717080 0 -0.78453622 0 -62.77354905 0 13.57312010 0 270.13040137 0 140028
0.35950000 0.35950300 2476.46938591 0 37.29469024 0 -73.40231654 0 17.52051462 0 251.64736955 0 141099
0.36050000 0.36050500 2453.01820195 0 8.73683934 0 -134.14232241 0 88.90766804 0 228.74758736 0 140821
0.36150000 0.36150200 2473.33591799 0 25.57253068 0 -215.07215897 0 41.53018665 0 241.56158887 0 141756
0.36250000 0.36250400 2456.97102191 0 38.06609911 0 -228.80627068 0 64.10388888 0 230.94544383 0 142971
0.36350000 0.36349900 2443.28562843 0 35.41759901 0 -245.52991009 0 51.84427867 0 209.02888409 0 142270
0.36450000 0.36450000 2423.45509468 0 74.30072497 0 -321.85587399 0 33.84831842 0 267.31581640 0 145311
0.36550000 0.36550300 2372.74384701 0 76.51563283 0 -305.44558138 0 -12.38528110 0 172.20565344 0 145434
0.36650000 0.36650100 2336.90273157 0 35.05331953 0 -248.15515830 0 -55.88833458 0 242.84376408 0 144547
0.36750000 0.36749600 2358.75950077 0 33.79993236 0 -275.32885787 0 -3.17611852 0 208.61477914 0 146892
0.36850000 0.36849900 2335.60726957 0 -5.92475672 0 -271.73145954 0 16.30643421 0 260.28489014 0 148113
0.36950000 0.36949900 2393.78126417 0 -17.92642605 0 -310.72154415 0 54.17212424 0 179.98396162 0 147387
0.37050000 0.37049800 2395.43104057 0 31.66950634 0 -350.08476612 0 36.45308283 0 69.48049909 0 149758
0.37150000 0.37150100 2382.73108400 0 84.17247761 0 -363.28297730 0 -40.91478684 0 135.30048759 0 150099
0.37250000 0.37250000 2343.93365783 0 67.26968799 0 -360.41192347 0 -28.03368704 0 219.46565746 0 150468
0.37350000 0.37349800 2330.50292783 0 33.31131066 0 -331.72685157 0 -26.13135091 0 233.27284651 0 150709
0.37450000 0.37449700 2289.45781973 0 41.68852090 0 -341.03756951 0 28.14297088 0 230.17370279 0 153108
0.37550000 0.37550100 2295.83547882 0 67.91210428 0 -297.83225083 0 25.53853864 0 236.86692315 0 153189
0.37650000 0.37649900 2249.34278691 0 63.61958539 0 -328.46494468 0 69.57671759 0 354.47383567 0 153547
0.37750000 0.37749900 2235.12592184 0 41.44891579 0 -355.77372661 0 -12.16560617 0 317.39704879 0 155424
0.37850000 0.37850200 2213.51274379 0 40.84968157 0 -353.31234880 0 25.94123909 0 357.91068530 0 155313
0.37950000 0.37949900 2221.32980512 0 29.48294363 0 -326.95246510 0 11.15370641 0 317.21546266 0 156100
0.38050000 0.38050000 2224.31933282 0 8.05839371 0 -376.67273970 0 -15.58950117 0 355.53124269 0 157557
0.38150000 0.38149800 2201.67642856 0 23.75268337 0 -339.67456632 0 -24.81219413 0 260.95698026 0 157692
0.38250000 0.38250100 2236.01170783 0 45.69016981 0 -343.88758591 0 -82.19695342 0 252.37260682 0 159703
0.38350000 0.38350500 2163.93087326 0 82.12121871 0 -292.48985411 0 -37.08830211 0 274.78077779 0 160338
0.38450000 0.38450600 2152.83640379 0 94.05330956 0 -298.83429623 0 -51.19654767 0 279.43115422 0 160167
0.38550000 0.38550000 2096.05752212 0 44.51129939 0 -319.95918475 0 38.45518060 0 313.30139584 0 160033
0.38650000 0.38649600 2113.34142116 0 33.51780952 0 -294.86265332 0 53.78193551 0 258.31623079 0 162444
0.38750000 0.38750200 2080.64484597 0 32.52650428 0 -366.15735282 0 24.73214122 0 241.87936459 0 164307
0.38850000 0.38850400 2094.76206011 0 16.24143966 0 -394.03968118 0 20.82493924 0 217.58225501 0 163882
0.38950000 0.38950500 2111.43698129 0 21.59911619 0 -400.89898641 0 -35.41770974 0 218.33849480 0 164595
0.39050000 0.39050100 2089.02659586 0 28.29211510 0 -383.77785054 0 -29.21244674 0 220.39130382 0 165006
0.39150000 0.39150100 2099.20206237 0 63.67959739 0 -406.05647531 0 -11.88348333 0 139.96636526 0 166687
0.39250000 0.39250100 2076.97990646 0 44.89860931 0 -366.87594670 0 -45.65728501 0 212.51113024 0 167256
0.39350000 0.39350100 2067.78987686 0 40.75313090 0 -382.69940610 0 20.00481214 0 182.82844187 0 167937
0.39450000 0.39449600 2062.07655725 0 1.02936414 0 -378.23836643 0 37.38659054 0 210.42510425 0 167719
0.39550000 0.39549700 2074.79865847 0 17.50412758 0 -376.19441527 0 40.24291817 0 226.76785568 0 171636
0.39650000 0.39650400 2083.70080762 0 34.35742391 0 -383.23862832 0 44.78799678 0 215.92915692 0 171093
0.39750000 0.39750000 2072.06379424 0 59.34345354 0 -404.17750178 0 -19.91180461 0 258.61961249 0 170464
0.39850000 0.39849800 2047.07355712 0 66.74375256 0 -389.75136978 0 -17.02325652 0 263.70956021 0 172113
0.39950000 0.39949500 2032.42487139 0 37.37972569 0 -406.43847051 0 -14.99790686 0 274.12529616 0 173232
