### header ###
fiducial parameters:
Omega_m = 0.31
Omega_nu = 0
Omega_de = 0.69
Omega_k = 0
H_0 = 100
w_de = -1
zeff = 0
beta = 0
fgrowth = 0
b_1 = 2
gamma = 0.55
Lx = 3500 Ly = 3500 Lz = 3500
nx = 700 ny = 700 nz = 700
xoffset = -685.467585 yoffset = -31.7331281 zoffset = 572.489161
bins = 400 dk = 0.001
kx_ny = 0.628318531 ky_ny = 0.628318531 kz_ny = 0.628318531
############################
A(data) = 8.00300423 (not used)
A(ran) = 7.99807238 (used)
Ngal = 475734
weighted Ngal = 0
Nran = 23820508
weighted Nran = 0
SN(data) = 3493.53525
SN(ran) = 69.666111
SN(data+ran) = 3563.20136
############################
13 columns: k_central k_mean P_0(k) sigma^{lin}_{P_0(k)} P^img_1(k) sigma^{lin}_{P_1(k)} P_2(k) sigma^{lin}_{P_2(k)} P^img_3(k) sigma^{lin}_{P_3(k)} P_4(k) sigma^{lin}_{P_4(k)} N_modes
### header ###
0.00050000 0 0 0 0 0 0 0 0 0 0 0 0
0.00150000 0.00179520 39793.49250522 0 -51847.15747255 0 13550.42183631 0 -44657.12190506 0 -12127.40665062 0 3
0.00250000 0.00253879 51159.89827105 0 -24411.04380442 0 -6890.46274719 0 34793.45206362 0 47069.89220629 0 6
0.00350000 0.00331552 63422.05511471 0 -4737.99173012 0 21078.49548051 0 -53578.75835093 0 15679.74062218 0 7
0.00450000 0.00420575 59252.21758801 0 4822.06389247 0 -15166.98125983 0 952.06049293 0 8129.45589440 0 24
0.00550000 0.00557378 63115.01954749 0 -8604.35897819 0 -21607.75260684 0 1484.68803493 0 -16561.09767775 0 45
0.00650000 0.00659388 69600.30164027 0 -19178.48454163 0 -65536.31553883 0 7084.37237174 0 -15423.85919562 0 40
0.00750000 0.00754703 87992.20822678 0 -15154.35880954 0 -14869.13572221 0 -39393.67085602 0 -27790.42806232 0 57
0.00850000 0.00846663 81557.08376543 0 -2856.70409251 0 -24952.92338105 0 -18169.79575065 0 -3885.34521281 0 75
0.00950000 0.00948925 86179.66865396 0 6426.42161404 0 -2401.90835058 0 -22504.05730091 0 -24558.52717101 0 112
0.01050000 0.01054430 76672.19550194 0 15820.69131712 0 1141.51239950 0 -13644.31515077 0 18898.24400047 0 105
0.01150000 0.01145670 71082.33231724 0 8247.48687696 0 13018.83952176 0 944.89891323 0 -10648.04440392 0 144
0.01250000 0.01249090 64448.45962540 0 -3171.54564873 0 8905.54835791 0 2489.53472920 0 -2284.47527356 0 169
0.01350000 0.01339930 80303.80731920 0 -11850.15563716 0 10972.57424436 0 3738.63690896 0 -17000.33680330 0 180
0.01450000 0.01448870 81344.05223592 0 -5605.67446453 0 8843.85336402 0 -10446.00769295 0 -18245.19828266 0 267
0.01550000 0.01550050 85977.15583303 0 6989.27217387 0 12314.75038655 0 -22947.39318664 0 -21380.88067130 0 238
0.01650000 0.01653350 83671.78708254 0 6793.85671315 0 17879.25794741 0 -28890.68497955 0 -25632.21050867 0 315
0.01750000 0.01747870 79404.40237418 0 -1758.50662770 0 21729.21601010 0 -209.95674491 0 -21058.56529583 0 297
0.01850000 0.01844180 77275.74792780 0 792.03439679 0 19299.28360540 0 349.17129932 0 -18761.05789596 0 388
0.01950000 0.01947590 83589.96260213 0 -6942.30337199 0 28392.09819297 0 15479.33154296 0 -26283.26320801 0 399
0.02050000 0.02045430 87991.98678028 0 -1633.68831002 0 18555.33410083 0 12608.83133373 0 -23348.76496132 0 462
0.02150000 0.02154770 82855.97818990 0 10580.59180113 0 25576.29526834 0 -2110.97194365 0 -7820.05084967 0 571
0.02250000 0.02255340 76701.64788595 0 4979.87773811 0 27138.04668401 0 -6585.23196892 0 -1617.62236670 0 510
0.02350000 0.02348930 72635.00442656 0 5284.08986250 0 39335.98404372 0 -8987.72715271 0 10240.70464617 0 555
0.02450000 0.02439640 73445.83077303 0 6137.40071930 0 42099.30414871 0 -3094.31618312 0 3329.90203828 0 592
0.02550000 0.02547300 67608.05823565 0 2784.20250960 0 39866.56984903 0 3593.89947894 0 371.09339523 0 837
0.02650000 0.02652900 66456.53645451 0 851.29458645 0 40612.18020231 0 12029.41657597 0 -1589.49866167 0 723
0.02750000 0.02749970 65482.94693320 0 -2378.74504706 0 36421.96959794 0 14878.87936805 0 6554.58377382 0 826
0.02850000 0.02848090 64341.39024440 0 1753.33585201 0 25919.53733771 0 13502.14650010 0 214.80753041 0 831
0.02950000 0.02946900 66843.29276042 0 1839.14636935 0 23720.02001249 0 10819.03431609 0 2601.45378847 0 996
0.03050000 0.03053250 63477.19529231 0 362.45808910 0 24402.96100730 0 6623.26540467 0 15693.02741196 0 1041
0.03150000 0.03150510 63636.30459995 0 4366.55952176 0 23175.15090816 0 445.00669955 0 15897.53325136 0 1036
0.03250000 0.03246190 60769.12608816 0 3556.49716570 0 30379.58049791 0 -622.24251016 0 18457.78691918 0 1059
0.03350000 0.03345080 58767.36048420 0 1545.80726793 0 30308.05327958 0 2807.48760869 0 29622.78709656 0 1302
0.03450000 0.03451200 57868.39843217 0 1760.17854875 0 31849.54234084 0 3406.94327437 0 18221.61423080 0 1339
0.03550000 0.03553350 57529.47456947 0 77.95636373 0 31951.29700592 0 7738.74676852 0 20981.16974535 0 1365
0.03650000 0.03647120 54940.87575012 0 501.58849384 0 29366.35205376 0 5954.39733470 0 11320.89851082 0 1308
0.03750000 0.03744890 55810.05324839 0 -1740.30372570 0 22683.53968622 0 9726.20692882 0 10594.49864110 0 1579
0.03850000 0.03847530 55456.95680992 0 1115.00525389 0 19639.75759357 0 1699.56864269 0 5803.53690904 0 1662
0.03950000 0.03950240 55035.65485057 0 3607.90596983 0 16307.98433239 0 -1447.39644494 0 4086.31898060 0 1683
0.04050000 0.04050350 50219.08283121 0 5158.15324001 0 18445.82880838 0 -4372.13997346 0 3287.87149327 0 1822
0.04150000 0.04152450 44742.26808292 0 5059.35488566 0 16270.55987450 0 -1139.24257292 0 2220.32222356 0 1887
0.04250000 0.04250150 44186.65882352 0 2287.85233263 0 20340.85720109 0 1869.36274378 0 3318.43110977 0 1920
0.04350000 0.04349210 41336.97458494 0 963.35869317 0 17839.17613156 0 6781.11246728 0 4070.81772585 0 2005
0.04450000 0.04448520 41658.62562092 0 -950.50815299 0 17392.73999487 0 6751.98118068 0 4961.82984866 0 2151
0.04550000 0.04548030 41653.97524450 0 596.70087127 0 16694.96208480 0 262.43181392 0 3836.18409062 0 2274
0.04650000 0.04648670 39347.94215452 0 2608.76152285 0 14600.52112211 0 2716.35130311 0 2072.10808354 0 2311
0.04750000 0.04749250 37113.65772937 0 1713.45333801 0 15557.61287943 0 -1833.61020694 0 4332.24638714 0 2568
0.04850000 0.04851840 37283.50719208 0 113.74710009 0 14152.09196695 0 1120.45283770 0 2715.47658945 0 2493
0.04950000 0.04949480 37344.95859483 0 -2012.02964907 0 13028.47244436 0 -994.22722753 0 384.34143187 0 2644
0.05050000 0.05050630 38434.91824997 0 -647.07662749 0 13834.31624466 0 1504.97253400 0 -2804.92990166 0 2829
0.05150000 0.05149060 39832.90998158 0 -1049.01198350 0 12861.05889310 0 234.39447302 0 1240.07823504 0 2784
0.05250000 0.05249300 39627.40763294 0 176.46960573 0 13309.26660176 0 2442.76522916 0 283.22785440 0 3055
0.05350000 0.05348950 40157.66126851 0 716.12143060 0 12506.08015941 0 1544.34572106 0 602.47065973 0 3009
0.05450000 0.05448610 39317.27181477 0 792.43632218 0 12463.23026236 0 1280.27077413 0 869.63367805 0 3336
0.05550000 0.05550870 37668.27047953 0 2028.48312375 0 13558.28318693 0 1436.43484337 0 539.32297682 0 3349
0.05650000 0.05647670 36502.46539938 0 2461.01242047 0 12706.15706889 0 -615.08203770 0 4718.28299194 0 3324
0.05750000 0.05747970 34246.14704783 0 1956.49086778 0 12179.33585401 0 2081.05452199 0 4491.87609405 0 3639
0.05850000 0.05849280 33698.50986230 0 -294.41976032 0 11204.19620724 0 1285.08723543 0 3228.19166250 0 3846
0.05950000 0.05951020 33467.20899684 0 -404.50302813 0 11250.92141797 0 2724.05764118 0 2534.63230819 0 3787
0.06050000 0.06049470 35224.82983855 0 -2.24376234 0 12055.54726254 0 -346.90590166 0 1531.71219844 0 3930
0.06150000 0.06148310 33671.38266650 0 1281.22299406 0 12195.83361799 0 -1787.02893643 0 1042.33537164 0 4083
0.06250000 0.06249100 32707.97968403 0 2223.43354683 0 13428.73698655 0 -2150.85445765 0 2364.35102480 0 4303
0.06350000 0.06350600 31010.92445907 0 1436.10267363 0 13320.44964982 0 -17.00753381 0 1586.65307419 0 4470
0.06450000 0.06451750 31556.90079588 0 -285.88078342 0 14068.16374483 0 -96.64567297 0 1373.16757936 0 4479
0.06550000 0.06550280 30472.92019613 0 -679.09668364 0 13599.02934226 0 1858.94368613 0 -325.36247926 0 4636
0.06650000 0.06648880 31555.68284015 0 32.39939399 0 10025.86832771 0 3451.85262384 0 -1515.69054442 0 4653
0.06750000 0.06749660 30473.25236588 0 634.38220709 0 9714.23774569 0 1951.17615187 0 -1023.05291797 0 5220
0.06850000 0.06852730 30394.97102941 0 712.40555839 0 8782.46839523 0 194.52635304 0 -1462.32193880 0 5029
0.06950000 0.06949320 29173.80432516 0 584.59439131 0 9496.34546558 0 454.35174170 0 172.12814717 0 5040
0.07050000 0.07048030 29226.50859130 0 1093.45297363 0 9457.11621875 0 408.13253621 0 -184.88014366 0 5475
0.07150000 0.07148790 27883.54631405 0 449.31051221 0 10056.50545048 0 828.40144765 0 3037.63695237 0 5509
0.07250000 0.07249820 28461.30022308 0 -643.96087529 0 10260.56839689 0 709.22558670 0 1262.69899464 0 5916
0.07350000 0.07351270 29168.60033250 0 -328.68417671 0 10578.25554059 0 -705.94485686 0 797.28046429 0 5721
0.07450000 0.07449140 28694.15121402 0 1148.79798923 0 11253.35732943 0 -11.18791989 0 276.97641980 0 6028
0.07550000 0.07549160 27523.69575744 0 1285.51905609 0 10659.59283871 0 -349.44700021 0 511.39414470 0 6183
0.07650000 0.07648840 26754.61207554 0 568.79750549 0 10657.90984533 0 376.98719373 0 525.79591759 0 6330
0.07750000 0.07749960 26688.95318936 0 674.66996817 0 10916.72543797 0 750.75676986 0 -964.51464388 0 6583
0.07850000 0.07848650 26381.47472915 0 318.71354821 0 10032.75531375 0 263.01421821 0 542.24164165 0 6549
0.07950000 0.07947320 25843.13829647 0 485.88793725 0 11544.33802567 0 673.02572794 0 1535.66501840 0 6828
0.08050000 0.08048110 25597.00051575 0 525.61100977 0 11486.54049011 0 1087.19157394 0 2036.22267880 0 7147
0.08150000 0.08149960 25203.71153819 0 550.06423913 0 11015.03661003 0 761.36294981 0 2997.92052325 0 7386
0.08250000 0.08250610 24772.66593300 0 214.18748022 0 11121.15377110 0 1345.69714148 0 2446.49660263 0 7227
0.08350000 0.08350160 24525.75308954 0 565.83233690 0 11813.28479551 0 197.82147691 0 3098.78940234 0 7798
0.08450000 0.08449610 24304.52803967 0 557.46608827 0 10406.82273542 0 1391.71372343 0 2791.98635395 0 7371
0.08550000 0.08548940 23339.57493172 0 355.65635996 0 10126.63755589 0 639.65041924 0 1773.35461528 0 8256
0.08650000 0.08650700 22757.05992301 0 494.47784684 0 9442.40109907 0 257.25328760 0 596.09078617 0 8037
0.08750000 0.08749060 22292.46517362 0 710.40921822 0 9162.88025902 0 571.38400057 0 845.04425909 0 8155
0.08850000 0.08849210 21498.24731438 0 872.39511586 0 8939.20822536 0 -204.97752044 0 -406.20484446 0 8718
0.08950000 0.08949900 20879.08291052 0 651.24867949 0 7913.65628368 0 15.99308741 0 40.01338888 0 8571
0.09050000 0.09049190 20543.37002202 0 401.21233320 0 9563.54340491 0 431.47521139 0 1806.66016833 0 8932
0.09150000 0.09150830 20320.26267692 0 251.78688084 0 8580.05522522 0 1440.50945891 0 1090.31396954 0 9285
0.09250000 0.09250820 19909.47942615 0 323.09375991 0 8210.13992535 0 1606.09607657 0 2465.45242272 0 9204
0.09350000 0.09350330 19940.81410539 0 129.33250451 0 7398.05133385 0 1566.00318840 0 1095.67961815 0 9349
0.09450000 0.09448040 19237.50003291 0 422.78675811 0 7169.16423520 0 1052.99026981 0 2448.92144176 0 9564
0.09550000 0.09549270 18710.78954129 0 687.30238356 0 6810.38769410 0 996.70632106 0 2485.86978968 0 10155
0.09650000 0.09649430 18381.49860118 0 431.75534121 0 5668.99709017 0 671.24972704 0 2423.77619210 0 9913
0.09750000 0.09749140 17611.30768679 0 283.31754023 0 5191.73560119 0 722.92094527 0 1801.88799634 0 10476
0.09850000 0.09850240 17651.61094913 0 123.35012741 0 4665.11368817 0 420.58557993 0 1466.16403551 0 10575
0.09950000 0.09950330 17631.90221096 0 232.40699071 0 4667.39458708 0 -237.15037466 0 1346.29504702 0 10882
0.10050000 0.10051200 17294.52847373 0 250.18692990 0 4444.02150619 0 -448.84658180 0 605.63845186 0 10875
0.10150000 0.10150300 17088.14033911 0 431.49292711 0 4808.00203995 0 -433.27889311 0 960.49096104 0 11118
0.10250000 0.10250800 16969.22357056 0 147.47783042 0 5235.20554843 0 -746.81170053 0 -424.01689340 0 11575
0.10350000 0.10349800 16511.38293931 0 464.75529810 0 5841.22710273 0 -26.03169999 0 -83.59915263 0 11364
0.10450000 0.10450100 16037.81960682 0 779.23257483 0 5489.91330856 0 188.71338251 0 -180.72802185 0 12093
0.10550000 0.10551000 15611.53510130 0 524.82266024 0 5522.64310072 0 452.87026464 0 575.69224216 0 12067
0.10650000 0.10649700 15403.48611796 0 -75.89724349 0 4750.03841952 0 830.89936413 0 852.54243746 0 12054
0.10750000 0.10749900 15537.68269476 0 -355.50799081 0 4566.45927403 0 1138.56716110 0 162.34242649 0 12807
0.10850000 0.10850100 15840.17860880 0 -278.72473989 0 4372.97039783 0 630.71505311 0 -12.52601034 0 12736
0.10950000 0.10950300 15642.53761079 0 241.81403788 0 4032.91715799 0 36.79776430 0 109.92393706 0 12933
0.11050000 0.11050200 15371.59782248 0 840.58764835 0 4680.73673848 0 -279.94380285 0 529.51843320 0 13428
0.11150000 0.11150900 14709.91569132 0 751.62705459 0 4130.34254407 0 -560.22752608 0 435.14236537 0 13453
0.11250000 0.11250000 14336.22472869 0 252.67820299 0 4769.27104773 0 121.53980230 0 459.56237776 0 13668
0.11350000 0.11349100 14212.32541397 0 -47.24693868 0 4815.55336548 0 -205.87216428 0 85.16954046 0 13791
0.11450000 0.11448600 14296.14291284 0 72.25987406 0 4769.08281821 0 -132.82360852 0 413.97097309 0 14205
0.11550000 0.11549300 14331.02073602 0 -302.01316068 0 4935.00160562 0 -93.94779030 0 -333.27144088 0 14776
0.11650000 0.11649800 14469.86768925 0 67.21643011 0 4624.05750774 0 125.72957001 0 -740.97879982 0 14553
0.11750000 0.11747300 14554.46025086 0 237.88004087 0 4892.94891596 0 -586.04265140 0 -1331.75708454 0 14568
0.11850000 0.11849100 14181.21218123 0 267.64244998 0 4712.87969743 0 -71.58700888 0 -1668.27825275 0 16015
0.11950000 0.11950300 13699.23388187 0 402.95068820 0 4553.96969164 0 -255.16172545 0 -1150.90173095 0 15270
0.12050000 0.12050700 13618.18446420 0 411.27375476 0 4803.71705024 0 340.50166899 0 -1928.57753691 0 15999
0.12150000 0.12150000 13250.58328022 0 89.29752460 0 4110.53415497 0 539.62192959 0 -903.76079760 0 15670
0.12250000 0.12250700 13337.27958355 0 -135.64040796 0 4207.46128644 0 1099.37888187 0 -1180.49805519 0 16887
0.12350000 0.12352200 13531.48816087 0 -308.22916384 0 3476.38889564 0 739.93800128 0 -1023.62646439 0 16407
0.12450000 0.12449800 13589.39641967 0 -20.48202934 0 3713.96776927 0 305.75228477 0 -911.27115553 0 16306
0.12550000 0.12549900 13391.86614490 0 336.37833522 0 3590.83244496 0 -307.57257497 0 -65.94953470 0 17523
0.12650000 0.12650100 13281.03217347 0 531.60667366 0 3304.07030448 0 62.91151022 0 -9.47272820 0 17154
0.12750000 0.12750600 12922.06740285 0 47.83321828 0 3454.74250061 0 555.73659114 0 140.48012114 0 18007
0.12850000 0.12850300 12786.43142382 0 92.45424441 0 3166.34165606 0 572.64846006 0 -184.11172432 0 17496
0.12950000 0.12949900 12708.15008735 0 191.53239641 0 2747.33166795 0 314.18939629 0 -564.26228125 0 18405
0.13050000 0.13049000 12597.42683917 0 76.85765694 0 2803.57907803 0 83.05206906 0 18.13591444 0 18100
0.13150000 0.13148800 12424.47712550 0 182.12092031 0 2739.01635201 0 -308.30334841 0 -432.99101266 0 19059
0.13250000 0.13249300 12367.34392944 0 102.44845696 0 2890.78470830 0 -53.57986558 0 -232.40588348 0 18957
0.13350000 0.13349100 12351.73195144 0 249.38750805 0 3389.57079673 0 -592.54542776 0 -630.34855916 0 19468
0.13450000 0.13450700 12089.20712999 0 415.98835067 0 3858.33981258 0 -642.49157779 0 -227.65917783 0 19953
0.13550000 0.13551000 11943.16316563 0 356.20333281 0 4555.56410641 0 -715.72947030 0 -33.13160683 0 19956
0.13650000 0.13649900 11729.02440364 0 237.06290330 0 4849.23537757 0 -95.41243743 0 663.03406202 0 19723
0.13750000 0.13749600 11777.96407934 0 -94.52543349 0 4801.43615133 0 583.64881477 0 1072.60821492 0 20946
0.13850000 0.13851100 11896.99157114 0 -214.62594428 0 4873.81593867 0 859.09282482 0 801.20892513 0 20955
0.13950000 0.13949800 11943.82750512 0 45.72737282 0 4425.14319237 0 726.08873740 0 974.80415534 0 20506
0.14050000 0.14048300 11724.70619696 0 198.72054968 0 4178.03104707 0 798.98449508 0 1199.79711735 0 21447
0.14150000 0.14148400 11723.59896448 0 9.51193530 0 3675.04854753 0 385.33019048 0 1213.31642595 0 21771
0.14250000 0.14249400 11400.72997277 0 278.40032078 0 3691.91169823 0 -4.49161036 0 932.04837305 0 22470
0.14350000 0.14350900 11228.66604509 0 351.08127535 0 3526.87869681 0 -341.63547505 0 671.76348291 0 22519
0.14450000 0.14449900 10871.90466710 0 191.14597227 0 3478.52585433 0 134.60403836 0 706.75092210 0 22218
0.14550000 0.14550500 10904.52373602 0 167.79333200 0 3241.43416298 0 -277.00742231 0 236.04646388 0 23559
0.14650000 0.14650700 10786.11629441 0 115.49652742 0 3396.76780786 0 168.00481340 0 255.77181054 0 23044
0.14750000 0.14750500 10560.03049394 0 195.63247829 0 3194.79753085 0 61.77006425 0 -79.22336986 0 23649
0.14850000 0.14849900 10464.98565769 0 74.66987628 0 3393.94436504 0 168.05463886 0 75.54115752 0 23640
0.14950000 0.14949500 10269.95772834 0 181.66916946 0 3206.16880844 0 359.82509026 0 -355.10274372 0 24457
0.15050000 0.15050000 10217.77386147 0 237.29320765 0 3279.66690058 0 -209.51274468 0 -554.76333378 0 24591
0.15150000 0.15149900 10071.61917386 0 110.08470721 0 3152.47910539 0 -101.34067086 0 -522.41996576 0 25020
0.15250000 0.15250500 10097.56163091 0 147.52654865 0 3182.46296100 0 -50.35615821 0 -484.11747251 0 25297
0.15350000 0.15350100 9831.31650832 0 183.31562416 0 3148.79202123 0 -214.44767986 0 -335.37850429 0 25452
0.15450000 0.15450400 9794.50102830 0 150.86264012 0 2940.59909766 0 481.01611433 0 -750.01824580 0 26061
0.15550000 0.15549900 9674.91992026 0 46.41319262 0 2838.62298608 0 407.68964322 0 -261.78297569 0 26128
0.15650000 0.15649500 9629.20229108 0 118.39304759 0 2626.16721746 0 473.47364666 0 -662.56127375 0 26331
0.15750000 0.15749700 9433.26643109 0 138.50814009 0 2729.29485082 0 328.02426615 0 -124.49500580 0 27345
0.15850000 0.15849900 9432.76817648 0 143.39767873 0 2655.33172103 0 106.86177491 0 217.27665885 0 26980
0.15950000 0.15949700 9223.82233482 0 134.63614810 0 2489.60116315 0 -66.59051158 0 526.43921966 0 27777
0.16050000 0.16050000 9298.75982920 0 48.99415154 0 2647.99076968 0 240.15872532 0 683.29198751 0 28224
0.16150000 0.16150500 9114.49419956 0 71.57272558 0 2528.15499817 0 230.07405187 0 672.77438617 0 28075
0.16250000 0.16249700 9106.09030503 0 108.62238528 0 2583.54983923 0 169.81624574 0 478.70199844 0 28590
0.16350000 0.16349900 8960.35636576 0 108.07884485 0 2256.62837664 0 12.48316045 0 401.49135578 0 29163
0.16450000 0.16449100 8774.33023649 0 137.62346133 0 2405.05289083 0 -57.23639013 0 512.98523778 0 28996
0.16550000 0.16550500 8756.60344445 0 245.50444374 0 2359.44598490 0 -108.16476609 0 314.46398994 0 30777
0.16650000 0.16650700 8552.49620874 0 118.54806014 0 2401.56510851 0 109.37818217 0 517.85706070 0 29211
0.16750000 0.16749900 8451.42802780 0 86.38494956 0 2231.49419930 0 22.33852604 0 317.15013594 0 30922
0.16850000 0.16850800 8488.23243550 0 136.15194936 0 2344.19939363 0 170.91462037 0 259.86303456 0 30867
0.16950000 0.16949900 8417.33633968 0 51.93097497 0 2325.21035657 0 78.29429109 0 435.99936331 0 30852
0.17050000 0.17049200 8294.99822276 0 112.50035632 0 2442.88702474 0 23.49436603 0 442.20318691 0 31257
0.17150000 0.17149500 8311.44062512 0 138.39963130 0 2403.36989746 0 -37.76559621 0 683.89764368 0 32608
0.17250000 0.17250900 8166.50389324 0 145.44273712 0 2466.28284708 0 107.39833977 0 800.52133376 0 32361
0.17350000 0.17350400 8105.84969788 0 114.15899058 0 2542.48258648 0 129.08226997 0 925.91209063 0 32508
0.17450000 0.17449800 8052.02712694 0 -17.17727255 0 2380.92629505 0 227.84851458 0 599.07588494 0 32791
0.17550000 0.17549800 7921.55085128 0 150.06432550 0 2425.24881130 0 4.85200346 0 782.24313995 0 33633
0.17650000 0.17650100 7873.23122577 0 192.43036195 0 2313.98301920 0 -52.79926668 0 357.24634581 0 33984
0.17750000 0.17750300 7665.91301586 0 151.34982241 0 2175.91112871 0 127.77462841 0 482.77107781 0 34069
0.17850000 0.17849800 7530.18845824 0 197.83808539 0 2034.63933635 0 -4.38790696 0 409.03935961 0 34536
0.17950000 0.17950400 7479.43292127 0 18.12982466 0 1993.92639799 0 225.34063301 0 224.10717603 0 35343
0.18050000 0.18050100 7380.59027761 0 38.81425610 0 1938.06651928 0 174.53969951 0 184.90561001 0 34990
0.18150000 0.18150500 7348.64662051 0 79.48744481 0 1875.72933055 0 -17.96839016 0 -32.94249152 0 36243
0.18250000 0.18250200 7295.98664367 0 150.32895406 0 1981.32609235 0 -60.06680852 0 43.41026741 0 35694
0.18350000 0.18350400 7224.17154490 0 133.84226241 0 2056.14179115 0 -133.67507030 0 -17.53878396 0 37087
0.18450000 0.18450600 7170.36004628 0 33.59409784 0 2016.99005059 0 -97.62191984 0 331.29835260 0 36651
0.18550000 0.18550700 7188.77332246 0 -26.09625164 0 2149.17146427 0 156.17957050 0 188.92264945 0 37818
0.18650000 0.18651000 7158.30228455 0 -68.79722592 0 1934.54551999 0 329.65964852 0 285.75234445 0 37267
0.18750000 0.18750100 7249.13963737 0 -83.58044040 0 1791.48001101 0 354.33210992 0 179.19229040 0 38334
0.18850000 0.18850000 7323.00311623 0 23.00164758 0 1614.85428550 0 60.70247069 0 -64.47126861 0 38223
0.18950000 0.18949500 7316.61438481 0 115.86745030 0 1602.95153632 0 198.56885883 0 12.51449513 0 39064
0.19050000 0.19050000 7162.31046614 0 156.65346600 0 1597.28250601 0 -305.98480360 0 54.32846546 0 39609
0.19150000 0.19149800 7127.37728134 0 139.42271412 0 1627.54316974 0 -111.64003668 0 213.49878162 0 39576
0.19250000 0.19250400 7073.63221667 0 29.12929358 0 1739.51759063 0 -112.06632119 0 17.66157604 0 40909
0.19350000 0.19350500 7037.63608868 0 137.60353115 0 1926.29663800 0 -78.72367584 0 -58.64611853 0 40191
0.19450000 0.19450100 6968.79944528 0 196.83604000 0 2057.09401108 0 -43.59118919 0 -66.09413926 0 41232
0.19550000 0.19549800 6830.72755479 0 110.54941269 0 1952.08408250 0 -45.90585870 0 -25.94123909 0 40873
0.19650000 0.19649700 6718.09986674 0 66.24483360 0 1877.57840880 0 103.68446058 0 -38.33238852 0 42816
0.19750000 0.19750200 6729.15004691 0 7.42562142 0 1917.30591025 0 189.20388650 0 -193.17774388 0 41727
0.19850000 0.19849000 6600.67786204 0 130.54603131 0 1673.38259449 0 343.88980038 0 -7.57943816 0 42610
0.19950000 0.19949900 6527.71124148 0 60.84430717 0 1549.48327977 0 313.09434336 0 17.44489064 0 43863
0.20050000 0.20050100 6510.91452473 0 4.83210649 0 1436.51234965 0 217.42613523 0 164.19371920 0 43302
0.20150000 0.20150100 6486.16787876 0 6.68498254 0 1382.39082593 0 231.05395262 0 37.10690361 0 44487
0.20250000 0.20249700 6581.21271501 0 -4.90603640 0 1255.16981377 0 50.68102022 0 52.27565644 0 43759
0.20350000 0.20349100 6380.96972066 0 162.01247121 0 1472.56383926 0 -184.62880189 0 367.68754811 0 45282
0.20450000 0.20449700 6421.51657415 0 225.32402452 0 1369.55800147 0 -183.56585870 0 192.74260151 0 45483
0.20550000 0.20549900 6262.29654325 0 72.37480479 0 1371.04169299 0 34.30195156 0 209.41420099 0 46138
0.20650000 0.20650200 6219.39128458 0 28.22623477 0 1374.72877716 0 -37.57725597 0 96.67745054 0 46227
0.20750000 0.20749300 6208.54040626 0 82.84136272 0 1344.43489645 0 20.37518141 0 -213.71247749 0 46236
0.20850000 0.20850300 6113.98275231 0 95.09012205 0 1347.88946180 0 81.69626289 0 -176.78959591 0 48361
0.20950000 0.20950400 6104.30554042 0 86.95262765 0 1344.70063225 0 20.49653409 0 -105.74236287 0 46812
0.21050000 0.21050300 5965.07105582 0 106.00311612 0 1251.70417610 0 69.64425877 0 -149.45202594 0 48813
0.21150000 0.21149700 5947.34426379 0 127.30626907 0 1327.04027416 0 28.77885450 0 3.73263571 0 47215
0.21250000 0.21249000 5812.20653938 0 130.77079950 0 1396.84020982 0 83.47979297 0 96.21130566 0 50004
0.21350000 0.21350300 5756.11414185 0 28.95933339 0 1334.43658714 0 183.08864150 0 187.89181601 0 49509
0.21450000 0.21449800 5754.07683408 0 -17.66844088 0 1292.54998235 0 117.23045348 0 169.00575157 0 49660
0.21550000 0.21550100 5821.69552175 0 -35.43409678 0 1304.14270644 0 28.68728637 0 184.92111126 0 50841
0.21650000 0.21649800 5818.71706637 0 36.37845536 0 1249.13539674 0 56.61434692 0 452.01437393 0 50424
0.21750000 0.21750300 5876.65854215 0 52.24410032 0 1294.39906060 0 48.03938497 0 409.36710043 0 52231
0.21850000 0.21850300 5813.02589141 0 32.18946271 0 1170.71012005 0 39.61611386 0 571.41057415 0 51078
0.21950000 0.21950100 5823.05741770 0 50.14711272 0 1213.37178758 0 45.28979455 0 283.90105174 0 52791
0.22050000 0.22050700 5702.59052367 0 104.93685124 0 1165.39540414 0 101.38916764 0 406.11737309 0 52969
0.22150000 0.22150000 5673.61424962 0 115.83755502 0 1238.37309702 0 50.46278470 0 300.19287048 0 52704
0.22250000 0.22250100 5614.77591554 0 52.95605080 0 1131.24835440 0 45.75139977 0 310.39048164 0 54051
0.22350000 0.22349900 5530.15013695 0 116.48085709 0 1041.90687267 0 2.85633871 0 343.64731647 0 53938
0.22450000 0.22449800 5520.98225200 0 77.02075229 0 1034.27471917 0 -0.71524229 0 392.80511696 0 54735
0.22550000 0.22549100 5397.70298747 0 62.04687237 0 978.18453610 0 30.72846945 0 510.88703222 0 54774
0.22650000 0.22649900 5475.43070769 0 58.95503639 0 972.08147066 0 134.22093592 0 303.54114151 0 56911
0.22750000 0.22749800 5291.04328249 0 85.52972319 0 988.28581804 0 34.30460892 0 331.55190883 0 54879
0.22850000 0.22849100 5284.76527432 0 164.12839248 0 948.36344367 0 140.89311885 0 203.90682663 0 57210
0.22950000 0.22949800 5144.39034026 0 60.61333848 0 888.99474522 0 9.29252611 0 323.49679253 0 57375
0.23050000 0.23049600 5057.15149302 0 63.44220675 0 856.05014996 0 127.50114198 0 326.82402614 0 57604
0.23150000 0.23150100 5053.23189003 0 44.25674664 0 931.22680655 0 -11.77840697 0 296.60322278 0 58629
0.23250000 0.23250200 5060.74999858 0 59.33747449 0 903.45077251 0 54.79627119 0 218.63080417 0 58560
0.23350000 0.23350400 5002.57600399 0 34.10132104 0 820.17581755 0 -16.20977281 0 265.27186524 0 59305
0.23450000 0.23449700 5063.55129676 0 -10.81951043 0 861.97605820 0 -88.30356200 0 225.02285729 0 59196
0.23550000 0.23549300 5064.31528718 0 5.97912184 0 876.97020047 0 -36.79599273 0 118.56245416 0 60063
0.23650000 0.23649900 5055.49064430 0 68.90230228 0 955.89151731 0 -10.69964144 0 235.04220402 0 61537
0.23750000 0.23750400 5013.34937604 0 110.72656988 0 833.64972962 0 12.90999857 0 86.69973575 0 61224
0.23850000 0.23850100 4911.07431169 0 147.09251352 0 866.97964179 0 30.57135316 0 325.04138184 0 61221
0.23950000 0.23949400 4818.24394041 0 122.32704460 0 859.38513419 0 -3.25380195 0 260.24724423 0 62332
0.24050000 0.24050100 4757.24650298 0 45.02505526 0 790.17535345 0 157.08971560 0 302.61438792 0 63447
0.24150000 0.24150500 4723.83022668 0 46.88642378 0 852.88900122 0 -8.30254955 0 309.89444149 0 63342
0.24250000 0.24250300 4723.22124881 0 44.88100431 0 830.78421196 0 125.96208883 0 296.05071377 0 63379
0.24350000 0.24349600 4682.76297393 0 24.30751757 0 857.24485381 0 32.81803859 0 343.68274791 0 64266
0.24450000 0.24449500 4722.82264512 0 23.42748919 0 605.42918492 0 32.76367348 0 324.74132184 0 64695
0.24550000 0.24549600 4708.56149075 0 -3.29885524 0 703.88540444 0 72.94303650 0 249.88908437 0 65947
0.24650000 0.24650000 4728.60239868 0 -27.04636783 0 642.27788192 0 -38.03398937 0 221.35791777 0 66018
0.24750000 0.24750000 4701.94024051 0 37.03083674 0 679.93153693 0 -10.22718534 0 43.20919399 0 66303
0.24850000 0.24849600 4704.94084054 0 124.38428255 0 674.00452145 0 -11.40161576 0 -57.29108742 0 66958
0.24950000 0.24949200 4616.21830177 0 93.61174524 0 675.32766427 0 -107.71445464 0 62.42908902 0 66975
0.25050000 0.25048900 4587.39704026 0 57.12223446 0 729.16020030 0 4.29556378 0 18.29170205 0 68676
0.25150000 0.25150000 4573.52341727 0 12.23436531 0 734.04531001 0 79.89258118 0 107.54670892 0 69349
0.25250000 0.25249900 4561.57637879 0 60.93676109 0 734.31768921 0 103.60307899 0 119.76158694 0 68592
0.25350000 0.25349900 4535.75571731 0 78.44731062 0 733.03883569 0 32.07342475 0 235.52163568 0 70437
0.25450000 0.25450100 4466.33224070 0 76.41819637 0 686.40773971 0 45.03856350 0 327.69541810 0 70099
0.25550000 0.25550100 4405.58946674 0 77.09305457 0 623.56676021 0 66.32300422 0 109.70426213 0 71064
0.25650000 0.25650300 4359.04141320 0 52.51681168 0 620.42000549 0 92.20013455 0 216.94781080 0 71409
0.25750000 0.25750600 4310.38961795 0 32.21072158 0 457.09767826 0 64.67643879 0 96.20377648 0 72612
0.25850000 0.25850600 4282.48735941 0 -7.12188541 0 392.28361046 0 126.01302153 0 231.26211232 0 71845
0.25950000 0.25949600 4298.43150715 0 -16.58888921 0 198.26436990 0 171.52027653 0 183.93235265 0 72816
0.26050000 0.26049800 4376.34745689 0 -24.37572309 0 132.40507465 0 141.06806158 0 173.28852681 0 73743
0.26150000 0.26149900 4363.95752542 0 14.42657490 0 102.85857587 0 5.97967545 0 124.59354949 0 74662
0.26250000 0.26250300 4329.13506387 0 112.16265041 0 102.31138158 0 -142.38788270 0 160.84434094 0 74931
0.26350000 0.26350100 4285.17793434 0 113.46475581 0 181.15319913 0 -130.16735780 0 224.26772474 0 75087
0.26450000 0.26450200 4192.12611656 0 142.24837141 0 292.39684658 0 -88.94974288 0 224.80473249 0 76678
0.26550000 0.26550600 4148.73367560 0 122.20524902 0 230.51140870 0 -47.55187051 0 173.88421788 0 76035
0.26650000 0.26650100 4071.03917235 0 -5.36082107 0 366.38101378 0 13.97759213 0 125.38743518 0 77094
0.26750000 0.26750600 4030.33730631 0 64.36253838 0 368.64419698 0 -20.48623683 0 -3.01171664 0 78463
0.26850000 0.26850100 4053.38988658 0 110.94248022 0 429.75567935 0 -127.50778538 0 -82.88465551 0 77076
0.26950000 0.26949700 3912.12916655 0 113.18794769 0 459.79046765 0 -81.89202159 0 14.86238160 0 79149
0.27050000 0.27049900 3921.28597917 0 53.69612499 0 526.94743937 0 -117.90697253 0 42.09044629 0 79648
0.27150000 0.27150200 3868.17203702 0 34.55052526 0 663.23890003 0 -17.33959284 0 54.93002487 0 80241
0.27250000 0.27250500 3909.38322999 0 64.42111098 0 662.76057560 0 116.62258285 0 68.92212175 0 80835
0.27350000 0.27350000 3898.22232658 0 22.89668194 0 634.03010716 0 50.84699437 0 122.55292002 0 80680
0.27450000 0.27450400 3875.25832490 0 19.23163170 0 541.16984060 0 134.35158935 0 289.99525933 0 82617
0.27550000 0.27550800 3896.19609113 0 -1.58935472 0 523.70656990 0 160.70372242 0 160.79451548 0 82548
0.27650000 0.27649900 3854.20983542 0 12.68069072 0 418.01901504 0 88.66219460 0 98.90874544 0 81181
0.27750000 0.27748900 3865.03856909 0 57.89386478 0 407.11720402 0 -28.82425103 0 50.55922465 0 84096
0.27850000 0.27849800 3797.82955745 0 81.20376588 0 335.14487824 0 21.82764898 0 147.62619957 0 85215
0.27950000 0.27950200 3794.08711166 0 22.40861386 0 247.39338235 0 35.31241193 0 113.79028216 0 84514
0.28050000 0.28050300 3760.53796746 0 -0.33816209 0 183.73305081 0 79.65375113 0 131.15500917 0 85815
0.28150000 0.28150100 3797.82955745 0 12.30046709 0 144.72635770 0 146.42485233 0 -25.35983132 0 85485
0.28250000 0.28250000 3767.50245977 0 -5.23630171 0 78.27701826 0 80.09830497 0 -2.72619460 0 87220
0.28350000 0.28350400 3795.41579063 0 34.37580397 0 7.85833895 0 17.76045190 0 -36.75790393 0 87147
0.28450000 0.28449700 3791.77299577 0 65.00517612 0 -18.27852598 0 -10.75537952 0 -11.61254355 0 87102
0.28550000 0.28549800 3720.15719884 0 50.17213617 0 0.44089112 0 11.42287462 0 -9.28507444 0 88971
0.28650000 0.28649900 3679.47747746 0 103.24311771 0 -16.55235054 0 -50.30511480 0 10.08613499 0 89434
0.28750000 0.28750100 3650.15796134 0 55.49139174 0 4.52296718 0 -34.30305880 0 -91.81016727 0 89619
0.28850000 0.28849900 3605.86866206 0 66.22545704 0 77.81131628 0 -98.35922595 0 -32.39363638 0 90240
0.28950000 0.28950100 3558.83342623 0 86.33058444 0 115.87741539 0 -80.87325698 0 -60.57381028 0 91333
0.29050000 0.29050500 3529.33675292 0 77.33963524 0 236.00771074 0 -60.41846556 0 2.02954607 0 92139
0.29150000 0.29150600 3501.27948183 0 63.07792726 0 268.24699892 0 -27.43323486 0 46.57440567 0 92370
0.29250000 0.29250200 3481.13892298 0 48.61558875 0 255.53707726 0 101.32184791 0 -1.50255877 0 91819
0.29350000 0.29349600 3472.62430520 0 39.15174056 0 255.55700744 0 59.95099201 0 145.37851764 0 93552
0.29450000 0.29450000 3443.39336768 0 21.13784314 0 175.80415901 0 30.96663516 0 53.40647298 0 94701
0.29550000 0.29550200 3443.98020089 0 37.49897463 0 165.56779471 0 -4.08167968 0 117.19391481 0 95020
0.29650000 0.29650300 3420.19684718 0 52.18929231 0 132.98194277 0 -40.63509991 0 26.48167927 0 95151
0.29750000 0.29749800 3429.61939560 0 46.39492329 0 109.86104625 0 -51.91004828 0 48.72465115 0 95802
0.29850000 0.29850000 3390.17977460 0 59.25210686 0 191.55232660 0 -127.87206487 0 41.15738148 0 97399
0.29950000 0.29950700 3374.80031542 0 48.39292430 0 202.52500049 0 17.01528444 0 -80.46823134 0 97881
0.30050000 0.30050300 3363.49547178 0 40.29606533 0 205.69832878 0 11.49683775 0 6.05905295 0 97188
0.30150000 0.30149700 3348.89107535 0 68.27306206 0 227.00258897 0 29.23193403 0 -31.82795131 0 98263
0.30250000 0.30249700 3302.95199968 0 53.62293693 0 246.67368124 0 102.33452273 0 -21.96383857 0 100050
0.30350000 0.30350600 3269.31427688 0 43.53040213 0 204.55123593 0 12.57428568 0 38.93095840 0 100779
0.30450000 0.30450500 3272.06021343 0 47.81572401 0 129.69567676 0 102.41745445 0 33.40044288 0 99982
0.30550000 0.30550300 3243.10608403 0 28.15957937 0 170.62563269 0 15.82146638 0 117.10865791 0 101559
0.30650000 0.30649700 3273.37782009 0 10.26659174 0 51.66512845 0 2.36040928 0 37.89281723 0 100935
0.30750000 0.30749800 3234.64682787 0 14.84366938 0 162.21288029 0 48.01270066 0 12.93313973 0 103762
0.30850000 0.30850200 3246.07346708 0 74.03377122 0 83.91050641 0 -112.09178753 0 -35.06638487 0 102951
0.30950000 0.30950100 3219.99814213 0 72.92498861 0 145.22018339 0 14.10702760 0 24.30762829 0 104394
0.31050000 0.31050000 3185.90645402 0 49.09158799 0 94.55400008 0 46.81522874 0 82.36901734 0 103963
0.31150000 0.31149700 3150.78503969 0 28.59527535 0 73.81464991 0 2.94384329 0 42.02678042 0 105936
0.31250000 0.31250000 3150.84040132 0 58.40584908 0 141.16549804 0 40.83506610 0 -14.86437462 0 105717
0.31350000 0.31349800 3089.49972182 0 77.61079648 0 49.41368192 0 28.01707855 0 59.53190451 0 106776
0.31450000 0.31450400 3074.10919032 0 29.86361016 0 -54.35238169 0 71.24852791 0 97.41896413 0 108733
0.31550000 0.31549900 3081.19547821 0 -17.71217657 0 -51.59426557 0 37.38216161 0 107.65909302 0 105891
0.31650000 0.31650000 3120.66831619 0 -21.43856748 0 -68.07054924 0 110.93362236 0 30.54134716 0 111072
0.31750000 0.31750600 3115.92936116 0 37.41072820 0 -90.87699174 0 17.71715911 0 -2.20979244 0 108121
0.31850000 0.31849900 3095.57842815 0 87.59094718 0 -82.69277212 0 -122.07902452 0 77.12505359 0 110484
0.31950000 0.31950100 3044.47964911 0 112.85467071 0 14.00350137 0 -90.09163174 0 64.68784329 0 110817
0.32050000 0.32049800 2971.39123298 0 87.91016230 0 71.39069656 0 -72.07917372 0 202.41759894 0 111088
0.32150000 0.32149900 2967.32768977 0 34.21481237 0 79.74000454 0 35.08255046 0 150.05214594 0 112635
0.32250000 0.32250100 2971.24729276 0 6.99291497 0 94.75330193 0 40.14747473 0 171.46159321 0 113202
0.32350000 0.32350400 2961.28220042 0 33.69374876 0 89.25766423 0 30.17142079 0 127.80341645 0 113863
0.32450000 0.32450300 2957.78334578 0 45.79790353 0 32.15668863 0 53.91303184 0 171.40733882 0 114045
0.32550000 0.32549900 2927.87699644 0 29.84157623 0 -53.16398906 0 51.97570716 0 134.84320057 0 114828
0.32650000 0.32650300 2916.90432255 0 32.23674154 0 -60.44968952 0 78.07882365 0 163.82501078 0 116431
0.32750000 0.32750400 2921.49933735 0 29.76606298 0 -121.01940304 0 83.57457207 0 125.19809842 0 116442
0.32850000 0.32850400 2869.33761513 0 24.65197759 0 -125.33318078 0 63.35783563 0 95.44742597 0 116955
0.32950000 0.32949800 2876.82250671 0 84.40632511 0 -188.99794126 0 -39.17233508 0 107.26624693 0 117028
0.33050000 0.33049700 2816.62227667 0 106.78349357 0 -109.03582588 0 -70.77640398 0 152.52459607 0 119061
0.33150000 0.33150100 2767.88190281 0 81.25348062 0 -93.05846117 0 -129.39783123 0 231.28647144 0 120060
0.33250000 0.33250400 2748.23959859 0 42.52758167 0 -47.64642816 0 -12.06839116 0 217.06960637 0 119737
0.33350000 0.33350100 2781.33477747 0 -17.30903322 0 2.94745287 0 21.81447291 0 202.75087592 0 120531
0.33450000 0.33450000 2755.60269459 0 17.48652259 0 -23.73696067 0 96.74853486 0 210.92003717 0 121704
0.33550000 0.33550300 2817.26447151 0 6.42922291 0 -61.34588349 0 76.94678916 0 174.58509604 0 122761
0.33650000 0.33650300 2785.06615093 0 34.48641650 0 -140.27196143 0 41.74620771 0 276.52577618 0 122472
0.33750000 0.33749900 2791.78705210 0 55.09655264 0 -139.95197124 0 22.30386967 0 284.97728172 0 122985
0.33850000 0.33849800 2733.28088776 0 63.36514337 0 -169.67341275 0 19.51176152 0 308.60008672 0 125380
0.33950000 0.33950300 2714.17005512 0 64.10864998 0 -141.00716380 0 16.90887940 0 377.33375749 0 125223
0.34050000 0.34050000 2686.88784677 0 22.66250227 0 -176.03335613 0 116.07893170 0 378.65136415 0 125178
0.34150000 0.34149900 2689.17981800 0 27.91155930 0 -236.05421451 0 66.78671318 0 344.55856880 0 127059
0.34250000 0.34250300 2666.24903330 0 25.41120691 0 -214.97804421 0 38.48673673 0 279.70353341 0 127957
0.34350000 0.34349800 2687.33073976 0 31.49600301 0 -240.97586289 0 -39.24109422 0 273.19411365 0 126732
0.34450000 0.34449700 2618.36122846 0 82.34100436 0 -256.97647948 0 -61.65934100 0 241.67009765 0 129639
0.34550000 0.34550000 2599.29468513 0 82.94167798 0 -234.97577007 0 -123.36230697 0 243.72069221 0 129826
0.34650000 0.34650400 2589.96071530 0 52.35504501 0 -180.63169263 0 -120.43478428 0 162.87279085 0 130875
0.34750000 0.34750200 2562.87780880 0 24.06370497 0 -148.16320733 0 -74.18103314 0 183.48724520 0 130686
0.34850000 0.34850200 2594.30106663 0 18.77777711 0 -162.10880044 0 -42.47476668 0 126.09495673 0 132211
0.34950000 0.34950400 2601.14376337 0 5.22793103 0 -163.45630237 0 79.37384276 0 129.69567676 0 132768
0.35050000 0.35050300 2638.45749801 0 -5.28245116 0 -185.81796957 0 29.71922705 0 89.65383201 0 132957
0.35150000 0.35150100 2619.10307423 0 32.36451617 0 -159.03733753 0 62.23709491 0 125.88458256 0 133987
0.35250000 0.35249800 2629.23425144 0 67.33468254 0 -181.79539396 0 -9.43246922 0 133.89540957 0 134778
0.35350000 0.35349800 2569.17796162 0 63.36636132 0 -129.54509315 0 3.28515877 0 236.06417960 0 135699
0.35450000 0.35450100 2539.50413111 0 59.20560310 0 -85.53603441 0 17.80551626 0 257.36179639 0 137380
0.35550000 0.35550100 2512.58730947 0 53.12833618 0 -112.35087993 0 6.64579759 0 272.79108102 0 136161
0.35650000 0.35649900 2499.04585622 0 35.30455058 0 -162.23723941 0 74.33659930 0 304.02943103 0 138792
0.35750000 0.35750000 2491.48345837 0 27.31398593 0 -155.60823854 0 44.97168665 0 316.87664952 0 138097
0.35850000 0.35849800 2492.35817203 0 2.88006670 0 -216.36983544 0 73.34296888 0 280.80080080 0 140028
0.35950000 0.35950300 2491.77133881 0 44.19285933 0 -181.24177772 0 -25.36093855 0 129.56391610 0 141099
0.36050000 0.36050500 2436.45400402 0 99.89551102 0 -253.31264720 0 -74.22731546 0 198.34741234 0 140821
0.36150000 0.36150200 2399.42814982 0 69.00760009 0 -246.07909740 0 -53.20750330 0 141.37033605 0 141756
0.36250000 0.36250400 2348.55081728 0 45.24329078 0 -264.66842353 0 32.95201372 0 242.53927515 0 142971
0.36350000 0.36349900 2386.44031281 0 7.13624621 0 -298.59513401 0 38.92420428 0 197.85358665 0 142270
0.36450000 0.36450000 2374.03930902 0 44.92020034 0 -304.00617915 0 49.39209089 0 185.04733576 0 145311
0.36550000 0.36550300 2356.37895093 0 57.20129086 0 -321.45837753 0 -31.12308711 0 193.82104595 0 145434
0.36650000 0.36650100 2298.68106630 0 70.82124690 0 -316.01411542 0 19.42727968 0 258.50556754 0 144547
0.36750000 0.36749600 2321.65614030 0 36.02203723 0 -273.38455763 0 -19.33216841 0 276.18364135 0 146892
0.36850000 0.36849900 2301.75917260 0 23.43512909 0 -279.12666528 0 -1.92713813 0 260.30039139 0 148113
0.36950000 0.36949900 2302.47887371 0 29.10316289 0 -269.48820653 0 -16.11444009 0 243.62104129 0 147387
0.37050000 0.37049800 2309.72017414 0 10.26448800 0 -309.81472075 0 23.76752029 0 254.38444824 0 149758
0.37150000 0.37150100 2306.70850179 0 61.94345686 0 -285.85863877 0 -13.97017367 0 222.60023262 0 150099
0.37250000 0.37250000 2275.27417163 0 66.38788804 0 -313.85390484 0 -28.14131004 0 222.11305033 0 150468
0.37350000 0.37349800 2247.07296032 0 69.26481020 0 -287.79518838 0 -18.75153570 0 258.03277927 0 150709
0.37450000 0.37449700 2219.97898149 0 29.75000811 0 -310.01070090 0 41.13114007 0 291.71368414 0 153108
0.37550000 0.37550100 2223.28960661 0 -17.95255674 0 -312.15762468 0 42.21899598 0 149.52067435 0 153189
0.37650000 0.37649900 2219.83504127 0 52.54759274 0 -322.21572455 0 25.94278922 0 170.41415128 0 153547
0.37750000 0.37749900 2231.53848860 0 25.74038712 0 -337.60514881 0 -14.12252886 0 169.00464433 0 155424
0.37850000 0.37850200 2212.30586039 0 30.61353872 0 -343.87429913 0 -55.06543940 0 204.22903128 0 155313
0.37950000 0.37949900 2245.78857064 0 26.64388883 0 -367.17379224 0 -10.75754970 0 149.54171177 0 156100
0.38050000 0.38050000 2237.89400305 0 -1.85788074 0 -366.52163231 0 -2.11695100 0 235.46295236 0 157557
0.38150000 0.38149800 2260.51476265 0 32.85900619 0 -345.60268903 0 9.74979098 0 193.72360949 0 157692
0.38250000 0.38250100 2268.66399372 0 35.16692158 0 -388.86890549 0 70.98046693 0 210.35867030 0 159703
0.38350000 0.38350500 2225.30476973 0 57.93892914 0 -411.76979491 0 36.29685233 0 126.39501673 0 160338
0.38450000 0.38450600 2194.14724769 0 80.50510218 0 -389.17339442 0 -31.76262459 0 134.68043740 0 160167
0.38550000 0.38550000 2151.05375949 0 99.87702024 0 -352.01910126 0 -137.25807461 0 154.43789380 0 160033
0.38650000 0.38649600 2090.76495086 0 92.04478983 0 -241.65902533 0 -112.15711425 0 193.40029761 0 162444
0.38750000 0.38750200 2077.28993155 0 75.06283309 0 -225.46907198 0 -138.92003057 0 227.21849930 0 164307
0.38850000 0.38850400 2040.93948917 0 44.78179628 0 -144.07198331 0 16.25505862 0 176.99664839 0 163882
0.38950000 0.38950500 2037.13060943 0 40.90947212 0 -154.38474664 0 31.54881800 0 191.08175279 0 164595
0.39050000 0.39050100 2046.70817040 0 5.49324608 0 -170.64113394 0 86.27954102 0 267.30031514 0 165006
0.39150000 0.39150100 2045.58986560 0 8.09956062 0 -213.43788383 0 98.96787165 0 233.03700599 0 166687
0.39250000 0.39250100 2070.48045179 0 11.29211047 0 -249.47165772 0 86.01923067 0 199.88092932 0 167256
0.39350000 0.39350100 2052.55435791 0 20.88506197 0 -301.38868156 0 28.37692911 0 203.73188390 0 167937
0.39450000 0.39449600 2037.97210612 0 47.21604689 0 -322.97307157 0 -0.27166281 0 264.55216412 0 167719
0.39550000 0.39549700 2052.26647746 0 14.16781467 0 -370.83762452 0 7.15945381 0 219.98273503 0 171636
0.39650000 0.39650400 2038.42607144 0 32.53336912 0 -347.70864521 0 -23.71714121 0 179.50895889 0 171093
0.39750000 0.39750000 2041.65919028 0 60.88693562 0 -322.05185414 0 -65.52081428 0 91.95709702 0 170464
0.39850000 0.39849800 2011.74176862 0 74.24746709 0 -311.31169907 0 -57.82311262 0 190.97102954 0 172113
0.39950000 0.39949500 1985.62215438 0 56.24984599 0 -303.99289236 0 -25.83760213 0 209.40866483 0 173232
