### header ###
fiducial parameters:
Omega_m = 0.31
Omega_nu = 0
Omega_de = 0.69
Omega_k = 0
H_0 = 100
w_de = -1
zeff = 0
beta = 0
fgrowth = 0
b_1 = 2
gamma = 0.55
Lx = 3500 Ly = 3500 Lz = 3500
nx = 700 ny = 700 nz = 700
xoffset = -685.467585 yoffset = -31.7331281 zoffset = 572.489161
bins = 400 dk = 0.001
kx_ny = 0.628318531 ky_ny = 0.628318531 kz_ny = 0.628318531
############################
A(data) = 8.07831454 (not used)
A(ran) = 8.08163239 (used)
Ngal = 479850
weighted Ngal = 0
Nran = 23820508
weighted Nran = 0
SN(data) = 3486.95597
SN(ran) = 70.3939491
SN(data+ran) = 3557.34992
############################
13 columns: k_central k_mean P_0(k) sigma^{lin}_{P_0(k)} P^img_1(k) sigma^{lin}_{P_1(k)} P_2(k) sigma^{lin}_{P_2(k)} P^img_3(k) sigma^{lin}_{P_3(k)} P_4(k) sigma^{lin}_{P_4(k)} N_modes
### header ###
0.00050000 0 0 0 0 0 0 0 0 0 0 0 0
0.00150000 0.00179520 1247.44133104 0 -8338.84462904 0 2727.08038586 0 -36759.78622816 0 -30068.00527752 0 3
0.00250000 0.00253879 7586.83447201 0 -12233.47952238 0 -11146.73084143 0 19843.82053998 0 7346.56502345 0 6
0.00350000 0.00331552 18835.24247225 0 -21515.96303409 0 2348.83869773 0 -15604.89170641 0 -15380.56640558 0 7
0.00450000 0.00420575 30980.14339608 0 -21129.09600493 0 -7518.25249208 0 6348.60531522 0 8120.90805964 0 24
0.00550000 0.00557378 52192.94617663 0 -12262.71045990 0 -4525.11521316 0 -7266.04707736 0 9789.64027771 0 45
0.00650000 0.00659388 58212.19411779 0 189.55487920 0 -33255.06325332 0 13959.87640810 0 8531.09340487 0 40
0.00750000 0.00754703 60968.09576515 0 1359.36039031 0 -13129.23060021 0 2340.54552644 0 30025.59827346 0 57
0.00850000 0.00846663 59082.70029503 0 -4980.34277575 0 -31135.48811328 0 20571.71517356 0 31234.36397391 0 75
0.00950000 0.00948925 66171.09192068 0 -8923.34158389 0 -26594.83842840 0 25594.89677403 0 24443.26426964 0 112
0.01050000 0.01054430 76895.08140053 0 -10710.12692918 0 -33623.66094653 0 4584.40751256 0 11116.94628767 0 105
0.01150000 0.01145670 77840.43649355 0 -2132.50761542 0 -4673.48436573 0 -13795.56310779 0 33121.30956951 0 144
0.01250000 0.01249090 80484.28621375 0 7380.34668647 0 1913.88456188 0 -14097.17323585 0 37063.38937469 0 169
0.01350000 0.01339930 67305.89449135 0 13637.22886289 0 27351.74255301 0 -9836.06653567 0 42164.52014189 0 180
0.01450000 0.01448870 71747.66831559 0 5022.40653774 0 30626.71478786 0 4672.76466461 0 38648.06050273 0 267
0.01550000 0.01550050 65356.39026053 0 -1703.16714825 0 37978.73846745 0 14799.93369209 0 23194.30603010 0 238
0.01650000 0.01653350 78902.82605990 0 -6635.75498706 0 44262.94714152 0 9169.51258159 0 15404.26118069 0 315
0.01750000 0.01747870 76541.65279232 0 -963.99756631 0 43677.66405160 0 1800.81398083 0 16314.40628079 0 297
0.01850000 0.01844180 83704.56116400 0 740.03986667 0 32788.80765520 0 1808.14385986 0 5748.19742960 0 388
0.01950000 0.01947590 73006.37020098 0 -1998.97537811 0 26291.01383538 0 -2150.17904583 0 446.24901440 0 399
0.02050000 0.02045430 86372.32710581 0 -3049.88294362 0 23449.30167067 0 18251.17733806 0 -20674.90924087 0 462
0.02150000 0.02154770 76623.14510299 0 3784.59812929 0 20827.04298387 0 -1024.01731746 0 -21278.68311323 0 571
0.02250000 0.02255340 76735.41847665 0 11652.73608564 0 17832.20056693 0 -1211.93238535 0 -15454.75098187 0 510
0.02350000 0.02348930 64547.44620928 0 8979.98759767 0 11758.03389467 0 -13694.36205895 0 -15717.60797306 0 555
0.02450000 0.02439640 59873.15356384 0 4537.95910995 0 18301.55641599 0 3365.57706885 0 -8118.49429283 0 592
0.02550000 0.02547300 61620.03425048 0 -1634.77339785 0 21216.34592450 0 -1191.54823536 0 -19046.05953679 0 837
0.02650000 0.02652900 59142.49084905 0 -353.45407456 0 18679.89775504 0 2043.01001391 0 -18106.35132944 0 723
0.02750000 0.02749970 64419.45013437 0 1705.23767299 0 22008.12787228 0 -1220.74595591 0 -19273.04219558 0 826
0.02850000 0.02848090 61398.14486111 0 923.07425378 0 18724.96211705 0 1806.79303623 0 -4514.51899831 0 831
0.02950000 0.02946900 63317.86453817 0 905.43161142 0 22259.35892241 0 8936.13011906 0 145.93213388 0 996
0.03050000 0.03053250 62418.79176289 0 1128.41383924 0 18163.70597200 0 11531.27268238 0 -1529.71917997 0 1041
0.03150000 0.03150510 60207.64849661 0 428.69605786 0 21236.71900216 0 4816.88204445 0 -3820.42817240 0 1036
0.03250000 0.03246190 56462.32390345 0 4540.01856236 0 18376.07316202 0 3770.22625167 0 -1021.31124127 0 1059
0.03350000 0.03345080 53772.63475851 0 6390.40334141 0 18570.83535558 0 -2765.70065483 0 10003.10362788 0 1302
0.03450000 0.03451200 47493.63007710 0 2546.85615479 0 16337.10454666 0 2835.53380746 0 5686.21455527 0 1339
0.03550000 0.03553350 48163.61645188 0 -683.96850656 0 17443.89413554 0 1460.15176313 0 7672.51212146 0 1365
0.03650000 0.03647120 46099.18148944 0 -592.61739787 0 11146.62011818 0 4236.08324609 0 -3122.08557376 0 1308
0.03750000 0.03744890 50089.53663083 0 -2237.24073588 0 13172.96628324 0 1691.46370092 0 -5069.49713519 0 1579
0.03850000 0.03847530 51045.18898593 0 -2618.94806168 0 8527.87135835 0 2189.24220779 0 -902.79418365 0 1662
0.03950000 0.03950240 53738.97489106 0 -1552.25136098 0 10958.51239184 0 -2907.27139996 0 -5032.52664262 0 1683
0.04050000 0.04050350 52052.65982118 0 2290.66470313 0 12414.17986342 0 -4842.53662106 0 -5562.56990402 0 1822
0.04150000 0.04152450 50977.53708129 0 6290.95171989 0 14768.37756636 0 -4562.26286292 0 -5701.99261813 0 1887
0.04250000 0.04250150 46363.92077586 0 3890.16167411 0 16868.35469146 0 -1545.18721774 0 890.35664118 0 1920
0.04350000 0.04349210 43718.85309993 0 1171.64019533 0 17311.69057720 0 1914.59319067 0 -3325.43989138 0 2005
0.04450000 0.04448520 42320.97209157 0 1458.09231072 0 18772.13022078 0 3806.45489848 0 -4232.86119957 0 2151
0.04550000 0.04548030 42495.25048422 0 1121.11717719 0 15794.89280030 0 4441.20913568 0 -4615.53181763 0 2274
0.04650000 0.04648670 42002.97492278 0 -128.07579564 0 14709.14062858 0 1873.07197260 0 -3042.18767787 0 2311
0.04750000 0.04749250 40292.41146155 0 814.40713632 0 13878.82699043 0 -1632.18247384 0 -3295.91000109 0 2568
0.04850000 0.04851840 39884.39629198 0 2277.20075615 0 13820.91873163 0 -2295.24864561 0 -3548.11541581 0 2493
0.04950000 0.04949480 38869.06410611 0 482.70242940 0 15933.18613728 0 2371.12728759 0 3615.21370421 0 2644
0.05050000 0.05050630 38079.05373030 0 -252.36374896 0 12191.07251832 0 2988.53119180 0 -891.88572923 0 2829
0.05150000 0.05149060 39376.06585956 0 -813.46488147 0 14313.41573956 0 3730.23301443 0 -2544.97385957 0 2784
0.05250000 0.05249300 40146.03532745 0 1609.69458213 0 14982.73777485 0 165.76045316 0 867.99718844 0 3055
0.05350000 0.05348950 38206.49618897 0 2562.40169883 0 17663.01544370 0 -2111.34840269 0 4244.13282624 0 3009
0.05450000 0.05448610 36905.71946927 0 823.27496126 0 17932.62655303 0 -32.68672082 0 6162.68990919 0 3336
0.05550000 0.05550870 37503.62500948 0 -160.09806625 0 19396.27717081 0 1292.18459564 0 8450.87441156 0 3349
0.05650000 0.05647670 37751.64508542 0 -381.96531097 0 22646.55812132 0 2784.39073912 0 4963.39104645 0 3324
0.05750000 0.05747970 37587.99612460 0 1746.62602317 0 23739.72875067 0 1353.72457698 0 7625.53224725 0 3639
0.05850000 0.05849280 35574.93674932 0 2675.95946217 0 21148.02968037 0 588.11428337 0 7809.00066950 0 3846
0.05950000 0.05951020 34928.86659615 0 1161.68617532 0 19773.73272388 0 2173.16519216 0 10843.39343070 0 3787
0.06050000 0.06049470 33777.56626151 0 191.96864601 0 19482.64130439 0 3571.56659978 0 9283.28071910 0 3930
0.06150000 0.06148310 32844.50144904 0 59.91788576 0 17410.67716108 0 3853.78908708 0 8989.62052026 0 4083
0.06250000 0.06249100 32250.36049927 0 409.76681135 0 13560.49765189 0 3563.94884030 0 5077.85674043 0 4303
0.06350000 0.06350600 30848.49345398 0 1493.86699221 0 13555.73655222 0 818.34113332 0 2590.06036623 0 4470
0.06450000 0.06451750 30619.62849998 0 1015.76732824 0 14146.88797429 0 -756.12352570 0 2952.31361732 0 4479
0.06550000 0.06550280 28667.90980420 0 1286.05052769 0 14451.93052304 0 -1413.09438265 0 2621.27324989 0 4636
0.06650000 0.06648880 28891.57076553 0 56.99124886 0 13834.86986090 0 -833.85346039 0 4258.36076363 0 4653
0.06750000 0.06749660 29333.24580255 0 -429.50987374 0 15423.30557938 0 2011.39852656 0 3675.15927078 0 5220
0.06850000 0.06852730 28856.25004936 0 571.18469872 0 14018.44900639 0 712.86173817 0 1758.87201442 0 5029
0.06950000 0.06949320 29768.05599818 0 186.05602456 0 15613.74956626 0 3193.90067254 0 4360.06006709 0 5040
0.07050000 0.07048030 28394.53410443 0 614.43319946 0 13535.47419780 0 241.73320991 0 3706.58252861 0 5475
0.07150000 0.07148790 28311.60239153 0 588.51842323 0 13325.43219599 0 1314.12994343 0 4304.43270720 0 5509
0.07250000 0.07249820 28174.74845678 0 190.80383744 0 12677.47974761 0 1307.48654853 0 3190.13608210 0 5916
0.07350000 0.07351270 27279.44027194 0 169.43314330 0 11555.07818074 0 450.76541569 0 2881.45073848 0 5721
0.07450000 0.07449140 27133.17486109 0 166.18120151 0 10556.38769907 0 1447.19714310 0 2546.57934666 0 6028
0.07550000 0.07549160 27357.38943866 0 39.25515607 0 9443.28688505 0 1683.87915842 0 1236.57938040 0 6183
0.07650000 0.07648840 26411.48072941 0 543.98664004 0 8991.60246640 0 1379.23521336 0 566.42581352 0 6330
0.07750000 0.07749960 26295.44276531 0 926.05381639 0 7857.44209058 0 -361.30213839 0 -85.56172221 0 6583
0.07850000 0.07848650 25446.19545172 0 771.85729927 0 9461.05796639 0 -354.74953656 0 1833.95344901 0 6549
0.07950000 0.07947320 25270.25621035 0 -10.79102133 0 8371.92873560 0 689.37512277 0 1704.41832096 0 6828
0.08050000 0.08048110 25028.43663631 0 -34.14339587 0 8638.51710026 0 575.53058621 0 2066.20653441 0 7147
0.08150000 0.08149960 25152.11450453 0 179.42480922 0 8726.32063607 0 111.23700406 0 -819.87907924 0 7386
0.08250000 0.08250610 24610.78854415 0 694.68540975 0 9670.91173868 0 -576.47726999 0 2165.54743268 0 7227
0.08350000 0.08350160 24021.40869405 0 994.50625012 0 8670.21716622 0 1233.97738406 0 861.57856174 0 7798
0.08450000 0.08449610 23055.34835363 0 370.00609293 0 7932.04741521 0 764.93931072 0 1371.78353876 0 7371
0.08550000 0.08548940 22829.80509707 0 387.88789751 0 7451.57495203 0 1262.13430608 0 184.62326572 0 8256
0.08650000 0.08650700 22435.18744053 0 436.20530856 0 8112.70346695 0 261.47737952 0 -674.91577379 0 8037
0.08750000 0.08749060 21557.48425216 0 874.83434901 0 7304.53447843 0 -184.21469694 0 -435.34831061 0 8155
0.08850000 0.08849210 21011.28646886 0 1307.45333156 0 7789.19228040 0 -1050.79352057 0 69.03993128 0 8718
0.08950000 0.08949900 20391.56844876 0 705.05907087 0 7854.02074221 0 -839.58117402 0 -28.62052025 0 8571
0.09050000 0.09049190 19651.93715087 0 103.12453311 0 8377.46489801 0 57.70297790 0 130.14853485 0 8932
0.09150000 0.09150830 20442.27969643 0 -455.66602666 0 8244.51949391 0 1006.63266026 0 -348.06849577 0 9285
0.09250000 0.09250820 20185.62320713 0 -559.95957582 0 7129.21528726 0 1827.19933087 0 -1541.15689151 0 9204
0.09350000 0.09350330 20616.66881232 0 -157.74851892 0 6799.44823718 0 1867.76832901 0 -1003.39179079 0 9349
0.09450000 0.09448040 20452.13406551 0 218.80242521 0 5348.13218925 0 378.34687522 0 -1229.60381576 0 9564
0.09550000 0.09549270 20011.56626098 0 941.32033785 0 5554.13279250 0 655.20039221 0 -594.77650121 0 10155
0.09650000 0.09649430 19146.15335316 0 806.66425957 0 4908.74912347 0 354.82150667 0 641.47846007 0 9913
0.09750000 0.09749140 18739.02396957 0 738.19964629 0 5525.30045868 0 144.45951468 0 1255.67914071 0 10476
0.09850000 0.09850240 18096.71840684 0 642.31663505 0 5829.72295724 0 -235.70986520 0 943.80718201 0 10575
0.09950000 0.09950330 17920.33627248 0 537.89575415 0 6707.71402606 0 -396.28293419 0 759.30903355 0 10882
0.10050000 0.10051200 17238.05961716 0 405.14522297 0 7137.70776039 0 -899.20342871 0 1069.88885195 0 10875
0.10150000 0.10150300 17126.45058299 0 431.82398962 0 8195.10370825 0 -394.70955683 0 1579.79930512 0 11118
0.10250000 0.10250800 17046.17622805 0 -138.17486311 0 7385.93821050 0 417.79756854 0 1445.70237925 0 11575
0.10350000 0.10349800 16870.01554019 0 33.30843186 0 7355.47824492 0 1157.79978931 0 565.25436155 0 11364
0.10450000 0.10450100 17028.01761535 0 -119.69183129 0 6245.90950252 0 1002.39749602 0 879.26549341 0 12093
0.10550000 0.10551000 16882.41654398 0 232.46567403 0 5987.99076820 0 1104.72570753 0 -370.23307559 0 12067
0.10650000 0.10649700 16606.16203976 0 150.48285938 0 4883.05025757 0 -11.99952130 0 -780.53357300 0 12054
0.10750000 0.10749900 16492.00637088 0 108.22865340 0 4622.48523761 0 -104.88813301 0 -663.63418203 0 12807
0.10850000 0.10850100 16229.70299592 0 80.59877405 0 4467.94880012 0 -154.67705602 0 -755.16798407 0 12736
0.10950000 0.10950300 16218.96284085 0 265.97938679 0 5009.06438633 0 -202.08875089 0 -587.81643783 0 12933
0.11050000 0.11050200 16140.01716489 0 369.29635691 0 4640.11237872 0 167.50212986 0 -988.19834667 0 13428
0.11150000 0.11150900 15580.53259181 0 247.47974649 0 5000.21759880 0 406.24802653 0 -425.28467459 0 13453
0.11250000 0.11250000 15651.83836364 0 98.87763220 0 5013.12792954 0 332.75657777 0 163.12302539 0 13668
0.11350000 0.11349100 15401.71454599 0 392.41758560 0 5197.84752449 0 139.74824047 0 -295.37087302 0 13791
0.11450000 0.11448600 15233.63665524 0 451.01565023 0 5139.82854244 0 267.92368703 0 697.04824387 0 14205
0.11550000 0.11549300 14678.13811909 0 385.01795092 0 5155.08620604 0 357.81324884 0 1424.70925139 0 14776
0.11650000 0.11649800 14604.06426605 0 181.25174282 0 5191.25949122 0 401.07503637 0 1337.58112739 0 14553
0.11750000 0.11747300 14245.43166517 0 279.36582750 0 5180.91793984 0 676.55558509 0 987.66244615 0 14568
0.11850000 0.11849100 14098.61263808 0 412.31787499 0 4767.57698204 0 295.47273841 0 1659.14358477 0 16015
0.11950000 0.11950300 13632.57848646 0 168.79205570 0 4777.90746109 0 406.58351797 0 1517.60605662 0 15270
0.12050000 0.12050700 13787.25886418 0 -20.82881456 0 4227.00393974 0 137.13185011 0 932.27757017 0 15999
0.12150000 0.12150000 13639.88622084 0 -156.61582009 0 4166.61548018 0 -4.26951059 0 717.31059828 0 15670
0.12250000 0.12250700 13750.60946903 0 175.96360048 0 4304.63200904 0 -40.11769018 0 240.37242119 0 16887
0.12350000 0.12352200 13622.28122438 0 155.36132569 0 4622.11985089 0 -155.23842289 0 243.89563494 0 16407
0.12450000 0.12449800 13647.63684822 0 227.45544705 0 4548.64390340 0 -402.54654834 0 289.23016168 0 16306
0.12550000 0.12549900 13351.00926632 0 375.57547231 0 4831.87397226 0 -275.79832444 0 638.43357074 0 17523
0.12650000 0.12650100 13326.87159822 0 194.08788898 0 5173.53269919 0 429.86529536 0 427.25887010 0 17154
0.12750000 0.12750600 13029.91184658 0 104.26775065 0 5088.65225713 0 161.33263047 0 823.88504636 0 18007
0.12850000 0.12850300 13081.61960349 0 135.12443762 0 5114.59471418 0 166.40486247 0 11.02970744 0 17496
0.12950000 0.12949900 12838.58207372 0 363.38927162 0 4800.12961700 0 50.03915755 0 891.67092613 0 18405
0.13050000 0.13049000 12549.04077971 0 135.26062722 0 4433.43636366 0 505.57785247 0 470.16191431 0 18100
0.13150000 0.13148800 12710.03238257 0 -246.61056899 0 4097.09235264 0 456.71125412 0 445.76515380 0 19059
0.13250000 0.13249300 12692.42738611 0 -138.61886333 0 3616.34308134 0 1123.84096909 0 -74.36483373 0 18957
0.13350000 0.13349100 12683.23735651 0 54.09960051 0 3324.58732237 0 545.96415725 0 -294.63677789 0 19468
0.13450000 0.13450700 12521.13852117 0 130.64568223 0 2729.69345452 0 566.79009300 0 97.42217511 0 19953
0.13550000 0.13551000 12474.08114069 0 196.17945114 0 2744.75181627 0 -128.44007513 0 201.04241620 0 19956
0.13650000 0.13649900 12177.78572854 0 356.84220595 0 2939.12647846 0 17.99573880 0 764.91052268 0 19723
0.13750000 0.13749600 11936.63049399 0 322.92103164 0 3093.23109529 0 -78.92751734 0 808.55430542 0 20946
0.13850000 0.13851100 11687.72463207 0 134.08917525 0 2970.29507282 0 189.73425086 0 1079.37783432 0 20955
0.13950000 0.13949800 11675.21290502 0 94.03891553 0 2856.59336926 0 230.43168796 0 926.55207101 0 20506
0.14050000 0.14048300 11675.21290502 0 -80.75135069 0 2723.88048399 0 144.79168442 0 538.72950021 0 21447
0.14150000 0.14148400 11462.51354526 0 186.67164582 0 3167.94714316 0 55.45263860 0 353.52383020 0 21771
0.14250000 0.14249400 11457.30955259 0 499.25666224 0 3426.97310997 0 -730.79004652 0 220.30161799 0 22470
0.14350000 0.14350900 10956.48615639 0 595.76636705 0 3570.86904331 0 -575.76531950 0 244.99622403 0 22519
0.14450000 0.14449900 10612.81226635 0 360.39531499 0 4048.20803857 0 -340.61128500 0 745.46087690 0 22218
0.14550000 0.14550500 10500.68283291 0 15.82334868 0 4005.59066034 0 390.90953495 0 693.01238147 0 23559
0.14650000 0.14650700 10493.25330296 0 -59.27890189 0 4374.27693215 0 740.79057029 0 856.68459417 0 23044
0.14750000 0.14750500 10497.40542476 0 -50.22616912 0 3887.48217150 0 808.64288402 0 792.03882572 0 23649
0.14850000 0.14849900 10401.47480253 0 149.19625523 0 3544.58334419 0 518.89121584 0 1204.20390263 0 23640
0.14950000 0.14949500 10456.06136389 0 180.61619137 0 3203.25678701 0 118.47387556 0 801.54441657 0 24457
0.15050000 0.15050000 10135.69471759 0 91.09423075 0 3153.36489138 0 -115.82094653 0 604.61536905 0 24591
0.15150000 0.15149900 10035.78913075 0 267.10544223 0 2962.53337313 0 -521.32602006 0 200.92726402 0 25020
0.15250000 0.15250500 9804.97544758 0 186.49227415 0 3014.31863630 0 -174.41568947 0 31.19428216 0 25297
0.15350000 0.15350100 9655.54335183 0 193.20321023 0 2937.49884671 0 32.13122228 0 -311.83984896 0 25452
0.15450000 0.15450400 9572.14660129 0 173.92186379 0 2859.46110139 0 316.09605062 0 -368.63201742 0 26061
0.15550000 0.15549900 9405.07629210 0 81.80067491 0 2533.99011335 0 627.44539559 0 -25.10649653 0 26128
0.15650000 0.15649500 9444.36090056 0 -98.66028247 0 2485.63727086 0 569.71872292 0 228.75090906 0 26331
0.15750000 0.15749700 9421.31939261 0 59.39172888 0 2482.72524944 0 347.92787724 0 681.01994646 0 27345
0.15850000 0.15849900 9406.68177920 0 100.13411962 0 2558.28279400 0 483.51181634 0 456.77547360 0 26980
0.15950000 0.15949700 9308.72492153 0 199.25645020 0 2573.73975944 0 -250.05184754 0 1103.84545770 0 27777
0.16050000 0.16050000 9095.99234479 0 285.47885803 0 2625.12641893 0 -185.76150071 0 1377.12039932 0 28224
0.16150000 0.16150500 9027.52108811 0 60.17731033 0 2982.69607662 0 -268.27135803 0 1154.06841585 0 28075
0.16250000 0.16249700 8998.72197126 0 136.64466782 0 3159.56539327 0 -332.78979475 0 1040.06443782 0 28590
0.16350000 0.16349900 8990.82740366 0 173.39371389 0 3410.33140577 0 -269.81816181 0 667.25151055 0 29163
0.16450000 0.16449100 8863.44030663 0 105.46466896 0 3203.34536561 0 -40.60465102 0 680.46300852 0 28996
0.16550000 0.16550500 8850.52997589 0 -0.87907726 0 3101.03708428 0 -104.28291973 0 538.47483674 0 30777
0.16650000 0.16650700 8824.35500002 0 -36.46005840 0 3233.67246329 0 248.56704878 0 624.92976339 0 29211
0.16750000 0.16749900 8823.13704429 0 167.88523230 0 2992.32899921 0 187.99478863 0 410.88843786 0 30922
0.16850000 0.16850800 8729.42088702 0 32.32310567 0 2932.99241051 0 234.94476756 0 402.05382988 0 30867
0.16950000 0.16949900 8656.36568787 0 99.65214132 0 2743.58922216 0 471.78622436 0 571.66966655 0 30852
0.17050000 0.17049200 8569.33721479 0 118.19374574 0 2470.31317331 0 317.28632554 0 619.33048873 0 31257
0.17150000 0.17149500 8455.96768097 0 25.94090692 0 2330.27040901 0 286.40671885 0 383.96386560 0 32608
0.17250000 0.17250900 8420.76876038 0 29.25164277 0 2143.39171072 0 207.11669359 0 180.00057011 0 32361
0.17350000 0.17350400 8333.68492568 0 60.86368374 0 1992.91881643 0 118.27457371 0 250.17364311 0 32508
0.17450000 0.17449800 8261.23870439 0 195.51400442 0 1929.38581662 0 -26.55619601 0 130.94242054 0 32791
0.17550000 0.17549800 8113.84391640 0 105.77724069 0 1973.32080150 0 -155.70013883 0 81.59284737 0 33633
0.17650000 0.17650100 8045.88198667 0 92.24929567 0 2005.97308739 0 -1.80057039 0 152.89773342 0 33984
0.17750000 0.17750300 8051.79460812 0 176.50725163 0 2169.26773382 0 -121.02051027 0 97.49015918 0 34069
0.17850000 0.17849800 7795.47028857 0 272.88187409 0 2169.75491611 0 13.37603272 0 186.00177016 0 34536
0.17950000 0.17950400 7760.02777682 0 182.84172866 0 2014.57628378 0 56.99612068 0 382.06164019 0 35343
0.18050000 0.18050100 7612.13473422 0 -23.85654178 0 2041.88063678 0 259.03703913 0 308.67205683 0 34990
0.18150000 0.18150500 7685.56639242 0 -21.10994088 0 1996.72769617 0 218.20341243 0 16.73194365 0 36243
0.18250000 0.18250200 7577.48942986 0 60.59429408 0 1812.87174256 0 329.79694535 0 149.26047472 0 35694
0.18350000 0.18350400 7508.45348462 0 190.73186733 0 1470.96942448 0 212.97173896 0 66.83044886 0 37087
0.18450000 0.18450600 7405.94590145 0 61.29627947 0 1577.44089994 0 81.96144507 0 431.13861272 0 36651
0.18550000 0.18550700 7335.85808535 0 8.50850586 0 1265.65530537 0 182.51288061 0 182.37336932 0 37818
0.18650000 0.18651000 7379.80414255 0 22.60149376 0 1499.76854134 0 87.03068754 0 343.20553071 0 37267
0.18750000 0.18750100 7368.95326423 0 74.73154913 0 1423.61309123 0 28.05450301 0 532.04956665 0 38334
0.18850000 0.18850000 7310.51353384 0 43.63426054 0 1587.06275021 0 -17.97492283 0 475.13781708 0 38223
0.18950000 0.18949500 7272.11471136 0 173.64727013 0 1551.64238311 0 -100.99798241 0 665.03372388 0 39064
0.19050000 0.19050000 7252.58313038 0 86.46278800 0 1701.73881835 0 -94.74765505 0 679.75659420 0 39609
0.19150000 0.19149800 7133.14596257 0 15.13963262 0 1750.70063870 0 -45.28381549 0 1000.44655238 0 39576
0.19250000 0.19250400 7212.44595292 0 -19.01239967 0 1860.29450976 0 156.20503684 0 625.86869654 0 40909
0.19350000 0.19350500 7120.04740231 0 116.85177997 0 1702.53602574 0 118.67428464 0 627.66684209 0 40191
0.19450000 0.19450100 7067.92996938 0 110.61429651 0 1672.59645943 0 74.71272618 0 674.69543452 0 41232
0.19550000 0.19549800 6983.63636054 0 -12.51028764 0 1419.80421150 0 338.46436122 0 517.51160416 0 40873
0.19650000 0.19649700 7007.05432753 0 -0.57239712 0 1450.67385309 0 8.77330051 0 288.97549821 0 42816
0.19750000 0.19750200 6990.66728680 0 125.48376440 0 1322.99887561 0 10.19777724 0 133.06719967 0 41727
0.19850000 0.19849000 6857.31220668 0 139.79142253 0 1281.20084942 0 -202.23269112 0 216.28236408 0 42610
0.19950000 0.19949900 6820.87318571 0 126.17467747 0 1362.99211285 0 -175.63696690 0 269.05638586 0 43863
0.20050000 0.20050100 6737.69788167 0 115.78440786 0 1483.82439360 0 -50.24111676 0 229.10079452 0 43302
0.20150000 0.20150100 6721.44370883 0 31.34276203 0 1544.68896312 0 66.74098448 0 205.81458819 0 44487
0.20250000 0.20249700 6653.89145512 0 22.05274934 0 1587.27312438 0 -4.00012093 0 248.52165225 0 43759
0.20350000 0.20349100 6665.73884267 0 131.34988209 0 1730.00646361 0 121.75128371 0 529.51068257 0 45282
0.20450000 0.20449700 6654.17933556 0 72.51365175 0 1667.87964906 0 227.85072905 0 483.90931280 0 45483
0.20550000 0.20549900 6520.22634991 0 78.38021233 0 1672.28643433 0 65.97500105 0 807.11933212 0 46138
0.20650000 0.20650200 6440.91528723 0 179.38827055 0 1628.82755942 0 176.83609968 0 709.97075416 0 46227
0.20750000 0.20749300 6342.10586055 0 128.34817483 0 1706.01273573 0 -28.09668857 0 848.57190178 0 46236
0.20850000 0.20850300 6221.97113627 0 147.29624429 0 1659.35395895 0 11.86942148 0 890.41643173 0 48361
0.20950000 0.20950400 6124.21358044 0 91.93683467 0 1672.93970150 0 4.34155821 0 896.60364684 0 46812
0.21050000 0.21050300 6060.04945812 0 108.06500444 0 1562.81435885 0 80.45760191 0 653.06896969 0 48813
0.21150000 0.21149700 5998.64234467 0 129.91158710 0 1631.19703693 0 8.93644014 0 712.47088511 0 47215
0.21250000 0.21249000 5904.53865604 0 50.54560569 0 1399.55292940 0 71.04247195 0 505.48041602 0 50004
0.21350000 0.21350300 5878.00936577 0 7.09724949 0 1417.43473398 0 239.11239062 0 457.55164357 0 49509
0.21450000 0.21449800 5853.08556261 0 -7.36281920 0 1244.18606755 0 166.37053826 0 592.93517360 0 49660
0.21550000 0.21550100 5864.87758854 0 58.70391606 0 1162.82662478 0 229.08086434 0 347.05869974 0 50841
0.21650000 0.21649800 5911.38135278 0 -57.38719520 0 1076.57985784 0 54.80424326 0 563.87585711 0 50424
0.21750000 0.21750300 5942.01847555 0 14.08742959 0 1047.06989773 0 -79.94805352 0 186.89862847 0 52231
0.21850000 0.21850300 5837.30749974 0 158.22352166 0 1202.43233066 0 -266.72012532 0 399.27135466 0 51078
0.21950000 0.21950100 5768.49300099 0 176.04996462 0 1170.16757613 0 -74.57066825 0 363.45127664 0 52791
0.22050000 0.22050700 5641.10590395 0 83.86245252 0 1010.76374465 0 132.37075044 0 615.41642191 0 52969
0.22150000 0.22150000 5634.04176072 0 22.54779298 0 1016.51581739 0 400.54799371 0 510.96675296 0 52704
0.22250000 0.22250100 5654.87987603 0 -14.24664962 0 865.56570591 0 327.26138297 0 449.88405864 0 54051
0.22350000 0.22349900 5558.79424125 0 71.80424790 0 802.95613799 0 105.75354591 0 449.34040749 0 53938
0.22450000 0.22449800 5529.56330373 0 169.11758205 0 772.45963374 0 -153.28858649 0 515.61048599 0 54735
0.22550000 0.22549100 5354.48770370 0 147.74578068 0 866.28319256 0 -136.43650811 0 632.81325866 0 54774
0.22650000 0.22649900 5416.33771014 0 52.89205277 0 937.99531871 0 -88.58324893 0 549.71435367 0 56911
0.22750000 0.22749800 5368.05130160 0 -109.57416232 0 1015.25578683 0 -41.68852090 0 623.19140840 0 54879
0.22850000 0.22849100 5508.35980170 0 -35.22449767 0 984.27320752 0 92.88750448 0 394.78484864 0 57210
0.22950000 0.22949800 5513.70773459 0 43.31017359 0 1023.79697819 0 -78.98409692 0 125.75835806 0 57375
0.23050000 0.23049600 5465.60955558 0 137.88587543 0 976.06307867 0 -103.54184903 0 190.15389197 0 57604
0.23150000 0.23150100 5268.84327123 0 180.00278458 0 1028.19047668 0 -113.24773825 0 127.19111689 0 58629
0.23250000 0.23250200 5196.52991784 0 147.35160592 0 1040.23827332 0 -59.08059655 0 161.38467039 0 58560
0.23350000 0.23350400 5156.54775292 0 -10.72237292 0 981.89044322 0 92.65476421 0 73.76438156 0 59305
0.23450000 0.23449700 5155.04191674 0 -4.92766065 0 1018.73803298 0 129.39561676 0 202.31684078 0 59196
0.23550000 0.23549300 5215.14249586 0 42.56954578 0 976.98983226 0 41.63171987 0 34.82390096 0 60063
0.23650000 0.23649900 5113.72000052 0 100.08750514 0 951.72057255 0 84.87822759 0 276.83690851 0 61537
0.23750000 0.23750400 5142.26445390 0 52.79350907 0 928.07451567 0 15.03832085 0 370.83983899 0 61224
0.23850000 0.23850100 5061.03787903 0 54.26579611 0 1069.59986427 0 -26.15471352 0 344.83980585 0 61221
0.23950000 0.23949400 5069.24247172 0 124.42414292 0 1065.87624143 0 -139.60983641 0 390.85195887 0 62332
0.24050000 0.24050100 4947.65727289 0 126.01966492 0 1114.27448045 0 -21.60354512 0 392.26257305 0 63447
0.24150000 0.24150500 4909.49096924 0 35.20013855 0 1084.22640536 0 55.43470144 0 377.06137830 0 63342
0.24250000 0.24250300 4889.82652036 0 54.11886636 0 1008.85930478 0 119.40837977 0 259.94386253 0 63379
0.24350000 0.24349600 4878.02342210 0 32.31236552 0 926.75912348 0 136.69449328 0 438.31790813 0 64266
0.24450000 0.24449500 4829.88095379 0 22.12316933 0 841.44464629 0 200.90622660 0 411.81962037 0 64695
0.24550000 0.24549600 4847.44166095 0 12.40975093 0 777.45103777 0 139.48029021 0 560.62391531 0 65947
0.24650000 0.24650000 4857.52854886 0 20.22958034 0 773.58458194 0 99.16351963 0 380.76728542 0 66018
0.24750000 0.24750000 4806.07545543 0 124.04104048 0 798.72872437 0 38.77528151 0 535.99574322 0 66303
0.24850000 0.24849600 4742.57567260 0 126.10160013 0 792.60019259 0 -119.00645438 0 528.79541039 0 66958
0.24950000 0.24949200 4634.63157794 0 100.71198426 0 848.14340281 0 -31.53464542 0 639.99476854 0 66975
0.25050000 0.25048900 4589.48970965 0 48.94521186 0 830.82960849 0 76.31356290 0 720.59797152 0 68676
0.25150000 0.25150000 4566.79144378 0 -1.67778938 0 724.90842757 0 215.83947108 0 541.64595057 0 69349
0.25250000 0.25249900 4578.53918041 0 34.34314061 0 728.11275838 0 117.46407954 0 496.57051623 0 68592
0.25350000 0.25349900 4541.69048341 0 75.33277637 0 596.28012292 0 -43.07831911 0 306.94477416 0 70437
0.25450000 0.25450100 4477.81424153 0 31.31209169 0 599.27186509 0 -33.76693683 0 459.91337046 0 70099
0.25550000 0.25550100 4485.76417075 0 -23.77504947 0 526.37167848 0 -81.45078945 0 219.27189178 0 71064
0.25650000 0.25650300 4495.65175682 0 62.92180748 0 618.41591470 0 32.46184190 0 278.61401664 0 71409
0.25750000 0.25750600 4479.15399284 0 74.90925994 0 615.23815748 0 -42.36061101 0 81.00977875 0 72612
0.25850000 0.25850600 4360.04899476 0 133.71603790 0 558.15478688 0 -72.98776870 0 156.56710187 0 71845
0.25950000 0.25949600 4385.82536694 0 116.11436314 0 628.16288224 0 -56.59020926 0 212.91859180 0 72816
0.26050000 0.26049800 4255.85841822 0 73.96025098 0 597.90664744 0 11.49296244 0 225.64069301 0 73743
0.26150000 0.26149900 4260.67487951 0 88.76561012 0 680.73870941 0 14.98129837 0 346.63130801 0 74662
0.26250000 0.26250300 4255.71447800 0 34.54687139 0 691.33270979 0 -29.49036209 0 321.66210831 0 74931
0.26350000 0.26350100 4232.67297005 0 71.85551276 0 736.94293742 0 -54.13126736 0 344.11456857 0 75087
0.26450000 0.26450200 4169.01817467 0 79.82703301 0 790.64592726 0 51.79744273 0 382.79462810 0 76678
0.26550000 0.26550600 4114.52019191 0 35.85584163 0 791.88713487 0 27.31298942 0 295.42734188 0 76035
0.26650000 0.26650100 4141.89097886 0 27.13472499 0 756.43465803 0 105.37941206 0 417.94925939 0 77094
0.26750000 0.26750600 4085.37783299 0 21.57907529 0 696.45366002 0 140.01508349 0 294.81725678 0 78463
0.26850000 0.26850100 4063.75358261 0 50.02664583 0 627.08333057 0 98.91073845 0 377.61056562 0 77076
0.26950000 0.26949700 4031.25630927 0 73.08210490 0 607.42663232 0 108.39828142 0 392.09648818 0 79149
0.27050000 0.27049900 3987.25489044 0 55.70364821 0 511.34874817 0 66.68772660 0 457.54389295 0 79648
0.27150000 0.27150200 3906.40477462 0 63.90990175 0 445.19271461 0 154.32827779 0 513.76915837 0 80241
0.27250000 0.27250500 3952.69816468 0 3.04041611 0 439.52257707 0 60.52033095 0 531.30661366 0 80835
0.27350000 0.27350000 3931.63860288 0 12.67127925 0 396.67378726 0 80.89418368 0 502.42113267 0 80680
0.27450000 0.27450400 3900.25963434 0 98.70733985 0 392.16624382 0 -42.53821110 0 488.79774421 0 82617
0.27550000 0.27550800 3808.04931325 0 133.15688550 0 402.25866789 0 -61.41918228 0 438.57589330 0 82548
0.27650000 0.27649900 3770.42555352 0 104.46251284 0 422.89637412 0 -98.82470649 0 353.16619411 0 81181
0.27750000 0.27748900 3696.97175067 0 51.10819051 0 459.40182905 0 -42.47222005 0 321.04759428 0 84096
0.27850000 0.27849800 3707.49045925 0 -17.07385704 0 430.99356526 0 81.33619089 0 353.40535633 0 85215
0.27950000 0.27950200 3768.12250996 0 -87.07995938 0 340.65446707 0 77.00901562 0 287.48848499 0 84514
0.28050000 0.28050300 3820.92642702 0 2.69668685 0 335.63316776 0 117.45411444 0 266.87292341 0 85815
0.28150000 0.28150100 3817.02896868 0 38.53778015 0 293.93368526 0 69.69829171 0 358.89058604 0 85485
0.28250000 0.28250000 3801.31733976 0 50.21697909 0 221.55832685 0 93.64363354 0 388.43044143 0 87220
0.28350000 0.28350400 3737.17536209 0 90.78642012 0 240.07679011 0 49.76810704 0 549.53941093 0 87147
0.28450000 0.28449700 3721.81804757 0 85.30119040 0 238.00072921 0 -20.23511650 0 430.24839780 0 87102
0.28550000 0.28549800 3685.11329079 0 60.16645945 0 228.59700374 0 -18.73913469 0 592.00288385 0 88971
0.28650000 0.28649900 3678.77992100 0 47.17375061 0 234.18852777 0 -39.06703727 0 581.01249423 0 89434
0.28750000 0.28750100 3650.76693920 0 -1.56206144 0 242.97995368 0 -45.18383240 0 445.56031579 0 89619
0.28850000 0.28849900 3674.81602871 0 20.75053322 0 283.04294657 0 -0.63495022 0 452.27125187 0 90240
0.28950000 0.28950100 3679.73214093 0 40.60110788 0 263.55676212 0 -26.64101002 0 272.01158935 0 91333
0.29050000 0.29050500 3680.99438596 0 60.10301503 0 260.14648608 0 -53.23518411 0 296.86785134 0 92139
0.29150000 0.29150600 3619.42118764 0 77.67003341 0 354.93112269 0 6.42001074 0 340.71315039 0 92370
0.29250000 0.29250200 3599.92282364 0 75.19149350 0 229.34327843 0 -40.35640950 0 336.63189146 0 91819
0.29350000 0.29349600 3519.53774545 0 69.10736174 0 270.44153370 0 90.25815950 0 276.37297810 0 93552
0.29450000 0.29450000 3479.26770009 0 60.00258904 0 282.94218842 0 -7.87005347 0 192.38053649 0 94701
0.29550000 0.29550200 3421.47016453 0 79.48345877 0 230.85465077 0 -27.29582731 0 187.97707291 0 95020
0.29650000 0.29650300 3391.05448826 0 37.45435316 0 232.50221270 0 -41.07710712 0 115.37583908 0 95151
0.29750000 0.29749800 3373.07303275 0 41.46153824 0 233.17319559 0 8.21893135 0 156.98231405 0 95802
0.29850000 0.29850000 3350.31940525 0 56.90588124 0 242.23810792 0 -4.42261870 0 -25.25630508 0 97399
0.29950000 0.29950700 3322.50572531 0 103.25485437 0 276.75386607 0 -39.12162384 0 90.89946855 0 97881
0.30050000 0.30050300 3261.64115578 0 78.66731771 0 224.12599898 0 -9.56727478 0 50.68810651 0 97188
0.30150000 0.30149700 3213.80871256 0 30.45609026 0 222.77406812 0 45.91582379 0 90.25295551 0 98263
0.30250000 0.30249700 3245.09910250 0 0.27745032 0 194.18975437 0 35.85307355 0 94.07058238 0 100050
0.30350000 0.30350600 3247.88932835 0 6.03436166 0 170.80168265 0 155.52408887 0 132.41836144 0 100779
0.30450000 0.30450500 3257.33402142 0 21.41077595 0 102.15005780 0 80.90824553 0 130.17067950 0 99982
0.30550000 0.30550300 3214.89380039 0 62.79370068 0 81.43218794 0 7.87421666 0 195.93807446 0 101559
0.30650000 0.30649700 3208.68222617 0 67.44009107 0 146.70498215 0 -20.96522560 0 322.79037821 0 100935
0.30750000 0.30749800 3165.21227893 0 32.31457998 0 59.44044711 0 96.68110440 0 441.83669296 0 103762
0.30850000 0.30850200 3175.04450337 0 10.32368065 0 89.89631593 0 109.85894251 0 433.74282352 0 102951
0.30950000 0.30950100 3179.22984215 0 27.78854577 0 89.47744988 0 53.63400925 0 338.54740365 0 104394
0.31050000 0.31050000 3162.94245234 0 67.30821968 0 167.63167606 0 -95.00641528 0 378.54506983 0 103963
0.31150000 0.31149700 3114.99928588 0 75.08973884 0 219.38925842 0 -132.57115952 0 463.69346215 0 105936
0.31250000 0.31250000 3089.52186647 0 68.93784445 0 268.38651021 0 -83.73268487 0 488.93946997 0 105717
0.31350000 0.31349800 3086.56555575 0 1.43582587 0 249.98430636 0 67.79351968 0 556.35553409 0 106776
0.31450000 0.31450400 3119.91539810 0 -12.74878552 0 162.63805756 0 149.16968165 0 425.60023584 0 108733
0.31550000 0.31549900 3156.05546631 0 -36.56590982 0 56.44394384 0 235.81394506 0 469.05689629 0 105891
0.31650000 0.31650000 3168.03572176 0 -13.01064600 0 -40.92663423 0 172.25880060 0 406.99873015 0 111072
0.31750000 0.31750600 3162.01237706 0 48.55690543 0 -178.65196095 0 77.91905000 0 437.20624672 0 108121
0.31850000 0.31849900 3085.96765020 0 118.27014478 0 -234.39225855 0 -71.17688997 0 337.20875958 0 110484
0.31950000 0.31950100 3060.23556733 0 107.45425501 0 -162.45204251 0 -162.04347372 0 304.84989030 0 110817
0.32050000 0.32049800 2989.66056893 0 44.85332350 0 -126.62864279 0 -120.35395631 0 350.15120006 0 111088
0.32150000 0.32149900 2998.49628414 0 44.83749008 0 -146.54111174 0 -65.67948070 0 349.49239674 0 112635
0.32250000 0.32250100 3019.02437435 0 -10.72783158 0 -88.00460923 0 10.50346199 0 328.42951324 0 113202
0.32350000 0.32350400 3041.46797676 0 8.27871083 0 -99.42471577 0 52.09218802 0 131.19154785 0 113863
0.32450000 0.32450300 3001.64082439 0 103.83570853 0 -48.65932443 0 -30.75460014 0 208.33907825 0 114045
0.32550000 0.32549900 2939.52508215 0 127.13575527 0 -54.87842784 0 -61.91068278 0 117.85825430 0 114828
0.32650000 0.32650300 2864.07826084 0 67.80027379 0 -72.18690744 0 -78.95730190 0 211.44043643 0 116431
0.32750000 0.32750400 2851.72154634 0 50.84201183 0 -21.96173483 0 -22.67468183 0 206.26855351 0 116442
0.32850000 0.32850400 2847.13760387 0 -16.90112877 0 8.15507725 0 55.70309459 0 107.25495316 0 116955
0.32950000 0.32949800 2853.71456481 0 -10.74343248 0 -25.21998786 0 47.56670742 0 129.39008060 0 117028
0.33050000 0.33049700 2909.09833355 0 14.85263796 0 -68.93651577 0 13.38865517 0 119.53460428 0 119061
0.33150000 0.33150100 2896.17693049 0 27.98386158 0 -38.03631456 0 52.46488247 0 167.17106734 0 120060
0.33250000 0.33250400 2880.95248386 0 40.48994174 0 -62.04011825 0 26.28913154 0 137.36769063 0 119737
0.33350000 0.33350100 2885.10460567 0 71.18120818 0 -88.79218369 0 18.12661368 0 188.66466428 0 120531
0.33450000 0.33450000 2836.43066577 0 33.91608104 0 -138.25679831 0 17.49360887 0 238.00847984 0 121704
0.33550000 0.33550300 2828.58038747 0 15.02171236 0 -181.92715463 0 37.59308939 0 210.18483480 0 122761
0.33650000 0.33650300 2848.75416329 0 39.89524717 0 -208.27264430 0 41.56606099 0 169.25155718 0 122472
0.33750000 0.33749900 2814.20850986 0 54.44649645 0 -211.25109968 0 -53.54000521 0 169.26041504 0 122985
0.33850000 0.33849800 2792.17458347 0 77.12815384 0 -167.77450905 0 -19.00498121 0 223.93555499 0 125380
0.33950000 0.33950300 2710.23937981 0 74.53136150 0 -143.11644168 0 -55.37922909 0 193.43130012 0 125223
0.34050000 0.34050000 2720.09374890 0 47.79723322 0 -113.89325478 0 8.29020391 0 192.35949907 0 125178
0.34150000 0.34149900 2712.78601452 0 -5.72531093 0 -129.33250451 0 48.07160543 0 197.54577602 0 127059
0.34250000 0.34250300 2714.25863372 0 43.39819857 0 -142.84959865 0 34.26142686 0 233.92057751 0 127957
0.34350000 0.34349800 2684.76196040 0 70.54311010 0 -91.38089324 0 -2.56437257 0 138.32766119 0 126732
0.34450000 0.34449700 2662.39586427 0 69.23724011 0 -179.44695387 0 -22.22027362 0 185.05065746 0 129639
0.34550000 0.34550000 2633.69639834 0 47.73124217 0 -125.20142012 0 -7.88143582 0 217.40177612 0 129826
0.34650000 0.34650400 2625.41429937 0 26.19501678 0 -163.71207307 0 -27.57197109 0 158.16373110 0 130875
0.34750000 0.34750200 2629.28961306 0 31.02742222 0 -120.31963211 0 -17.08326852 0 184.85024838 0 130686
0.34850000 0.34850200 2615.82566608 0 55.61794841 0 -111.56363764 0 -19.76332474 0 147.75906747 0 132211
0.34950000 0.34950400 2587.17048945 0 70.10531038 0 -115.75672705 0 -16.77379704 0 209.63011133 0 132768
0.35050000 0.35050300 2559.06892906 0 58.87166178 0 -96.94174693 0 34.29143286 0 174.49541021 0 132957
0.35150000 0.35150100 2531.59849118 0 51.60954538 0 -140.00290394 0 52.51360070 0 225.26201951 0 133987
0.35250000 0.35249800 2490.46480448 0 56.82937147 0 -184.69966476 0 85.73002154 0 273.27272715 0 134778
0.35350000 0.35349800 2448.36782552 0 50.16593567 0 -248.79846037 0 97.66676276 0 251.89538962 0 135699
0.35450000 0.35450100 2462.54040129 0 39.52343850 0 -293.63141080 0 25.37677198 0 286.88061435 0 137380
0.35550000 0.35550100 2432.58976266 0 35.69008893 0 -269.67865052 0 -17.66711220 0 170.88472509 0 136161
0.35650000 0.35649900 2415.82626288 0 64.79679496 0 -232.66829758 0 -108.15978354 0 175.58492697 0 138792
0.35750000 0.35750000 2378.08070757 0 85.10388157 0 -185.60205924 0 -164.67868703 0 206.73137669 0 138097
0.35850000 0.35849800 2356.02463654 0 57.36228246 0 -135.06686153 0 -119.60103823 0 163.33229233 0 140028
0.35950000 0.35950300 2339.92547625 0 -1.93721395 0 -73.97951683 0 -25.17924170 0 184.82810373 0 141099
0.36050000 0.36050500 2379.26544633 0 -0.85210508 0 -131.48496445 0 83.59273068 0 91.10065270 0 140821
0.36150000 0.36150200 2382.02245521 0 18.98571537 0 -138.36973603 0 114.14348932 0 116.31698668 0 141756
0.36250000 0.36250400 2403.66885023 0 19.17948105 0 -198.11489352 0 106.42009987 0 84.87047697 0 142971
0.36350000 0.36349900 2384.86804269 0 12.39325317 0 -286.82746719 0 94.54636018 0 100.03480087 0 142270
0.36450000 0.36450000 2411.06516321 0 21.99096577 0 -331.19427274 0 -1.59234425 0 36.47832773 0 145311
0.36550000 0.36550300 2359.87780557 0 54.03648826 0 -366.99331335 0 -23.09531945 0 109.95593608 0 145434
0.36650000 0.36650100 2363.80848088 0 63.02644095 0 -330.28855657 0 -31.45846783 0 130.18950245 0 144547
0.36750000 0.36749600 2325.03319937 0 60.10201852 0 -365.40886366 0 43.16246878 0 158.69298823 0 146892
0.36850000 0.36849900 2274.45481960 0 71.31319029 0 -327.71202659 0 30.64476268 0 81.86323355 0 148113
0.36950000 0.36949900 2253.00772642 0 76.75867036 0 -342.23670228 0 37.35326284 0 188.36017535 0 147387
0.37050000 0.37049800 2210.33498657 0 45.60668448 0 -336.94413102 0 -25.83184453 0 234.80082734 0 149758
0.37150000 0.37150100 2216.17010175 0 23.12742919 0 -319.94700519 0 41.02861034 0 325.33369122 0 150099
0.37250000 0.37250000 2213.47952682 0 19.36461032 0 -274.94021927 0 10.87292332 0 307.33562722 0 150468
0.37350000 0.37349800 2233.91903844 0 1.87118968 0 -337.58521863 0 15.37314795 0 401.51017874 0 150709
0.37450000 0.37449700 2233.21040965 0 27.82663456 0 -319.94921966 0 19.15866508 0 335.80811049 0 153108
0.37550000 0.37550100 2249.73031828 0 31.39192316 0 -353.64451855 0 12.13759319 0 362.43040829 0 153189
0.37650000 0.37649900 2232.28033436 0 35.00437985 0 -356.21108344 0 39.40585041 0 358.83633165 0 153547
0.37750000 0.37749900 2229.82227825 0 36.66877172 0 -379.83499567 0 -37.88207707 0 341.83366966 0 155424
0.37850000 0.37850200 2257.00483568 0 6.33862915 0 -334.50932679 0 -8.30350177 0 316.12373143 0 155313
0.37950000 0.37949900 2234.17370191 0 32.18193353 0 -332.48973475 0 -59.30027148 0 338.59722912 0 156100
0.38050000 0.38050000 2252.50947181 0 59.73187070 0 -320.75749937 0 -19.98875727 0 277.81902372 0 157557
0.38150000 0.38149800 2240.87245842 0 17.65914013 0 -298.07473475 0 -55.95997253 0 334.84149654 0 157692
0.38250000 0.38250100 2260.23795453 0 26.41137001 0 -293.47639825 0 -17.26917285 0 246.70357652 0 159703
0.38350000 0.38350500 2233.02218013 0 48.28662998 0 -246.89069881 0 -14.01867045 0 234.23946047 0 160338
0.38450000 0.38450600 2209.48241756 0 84.90601913 0 -280.64689548 0 -9.47818685 0 218.17905332 0 160167
0.38550000 0.38550000 2164.48448950 0 47.82546765 0 -290.22556368 0 -2.68988845 0 248.50947269 0 160033
0.38650000 0.38649600 2145.82762218 0 51.94769418 0 -295.71522233 0 46.17746283 0 186.32508205 0 162444
0.38750000 0.38750200 2119.84087583 0 41.34815763 0 -325.13217490 0 47.89533402 0 262.42849222 0 164307
0.38850000 0.38850400 2086.59068440 0 67.58059887 0 -342.62091196 0 35.20534255 0 272.36036759 0 163882
0.38950000 0.38950500 2075.29691308 0 53.49925906 0 -367.95771284 0 35.48026837 0 313.18070750 0 164595
0.39050000 0.39050100 2038.44821609 0 41.61566500 0 -405.51725309 0 59.20826046 0 315.73730730 0 165006
0.39150000 0.39150100 2021.60721004 0 43.99931509 0 -390.33488130 0 -14.62709470 0 332.40558508 0 166687
0.39250000 0.39250100 2032.18128024 0 18.78386689 0 -403.26957115 0 -32.37979598 0 332.37126087 0 167256
0.39350000 0.39350100 2031.17369868 0 33.67725100 0 -366.46627069 0 -22.78064397 0 281.58582863 0 167937
0.39450000 0.39449600 2041.76991353 0 37.75972788 0 -373.38536646 0 -77.59385582 0 301.17277123 0 167719
0.39550000 0.39549700 2032.62417323 0 40.61406250 0 -320.39986328 0 -76.61683388 0 210.90121422 0 171636
0.39650000 0.39650400 2035.25938654 0 32.00499778 0 -324.44458353 0 -24.65662797 0 248.65009122 0 171093
0.39750000 0.39750000 2031.32871123 0 33.57948237 0 -276.30432969 0 -21.49437200 0 225.15572519 0 170464
0.39850000 0.39849800 2010.66775312 0 65.68822784 0 -285.40245899 0 -7.56032733 0 275.24249374 0 172113
0.39950000 0.39949500 2003.18286154 0 45.98369714 0 -262.01992344 0 49.89676746 0 223.46165949 0 173232
