### header ###
fiducial parameters:
Omega_m = 0.31
Omega_nu = 0
Omega_de = 0.69
Omega_k = 0
H_0 = 100
w_de = -1
zeff = 0
beta = 0
fgrowth = 0
b_1 = 2
gamma = 0.55
Lx = 3500 Ly = 3500 Lz = 3500
nx = 700 ny = 700 nz = 700
xoffset = -685.467585 yoffset = -31.7331281 zoffset = 572.489161
bins = 400 dk = 0.001
kx_ny = 0.628318531 ky_ny = 0.628318531 kz_ny = 0.628318531
############################
A(data) = 7.99953931 (not used)
A(ran) = 7.99564226 (used)
Ngal = 475575
weighted Ngal = 0
Nran = 23820508
weighted Nran = 0
SN(data) = 3489.06142
SN(ran) = 69.6449438
SN(data+ran) = 3558.70637
############################
13 columns: k_central k_mean P_0(k) sigma^{lin}_{P_0(k)} P^img_1(k) sigma^{lin}_{P_1(k)} P_2(k) sigma^{lin}_{P_2(k)} P^img_3(k) sigma^{lin}_{P_3(k)} P_4(k) sigma^{lin}_{P_4(k)} N_modes
### header ###
0.00050000 0 0 0 0 0 0 0 0 0 0 0 0
0.00150000 0.00179520 40009.29211594 0 -22722.84643932 0 92614.79311531 0 -95801.07602837 0 38427.83196209 0 3
0.00250000 0.00253879 62092.60107373 0 319.28266570 0 23806.71631582 0 63233.60414630 0 48529.99968013 0 6
0.00350000 0.00331552 76138.50944568 0 -2445.43365945 0 38001.10456358 0 44344.99306842 0 -20087.52240924 0 7
0.00450000 0.00420575 73042.68742638 0 73.10114930 0 31457.02842602 0 21279.34745272 0 -11127.24354975 0 24
0.00550000 0.00557378 89616.85044742 0 12444.07514043 0 69251.96630147 0 47701.23616745 0 -1552.11849308 0 45
0.00650000 0.00659388 75554.55503474 0 11576.11559789 0 72034.77369814 0 24013.54734343 0 18562.30966547 0 40
0.00750000 0.00754703 56862.25627590 0 31373.76454338 0 38239.27027043 0 79848.07042967 0 23056.89847910 0 57
0.00850000 0.00846663 64480.12647438 0 -11256.67902688 0 57690.68761883 0 20690.96411185 0 20387.25024208 0 75
0.00950000 0.00948925 65371.44862228 0 -6834.89074893 0 45953.58041808 0 30755.70737200 0 -6877.19810206 0 112
0.01050000 0.01054430 77463.64527997 0 -2083.44614415 0 40571.10187724 0 -14297.47159182 0 4629.73761037 0 105
0.01150000 0.01145670 77309.51851850 0 1182.10354229 0 25753.45246543 0 5248.81343563 0 26330.09914199 0 144
0.01250000 0.01249090 85294.21483822 0 -7044.04696475 0 47701.67906044 0 1172.83600642 0 12597.75900891 0 169
0.01350000 0.01339930 98628.17272432 0 -2329.59499719 0 45489.53928493 0 19586.05681820 0 -16651.78001801 0 180
0.01450000 0.01448870 88569.74068932 0 9186.19857509 0 35135.03328427 0 23666.20851387 0 -6564.80352963 0 267
0.01550000 0.01550050 85174.52300693 0 10000.39090830 0 53077.40348314 0 9464.36859151 0 11003.26672875 0 238
0.01650000 0.01653350 75682.44038640 0 7872.19042724 0 36906.16236226 0 6354.05289903 0 12059.20112973 0 315
0.01750000 0.01747870 74885.45444595 0 470.00690176 0 38410.11624238 0 18588.21890554 0 20603.93563878 0 297
0.01850000 0.01844180 70843.05937791 0 2703.45204470 0 33081.11703041 0 5620.41172887 0 3402.74686327 0 388
0.01950000 0.01947590 70621.94505128 0 -2515.57683717 0 32567.13971233 0 6352.39205030 0 4629.25042808 0 399
0.02050000 0.02045430 78969.37073206 0 -8637.80847147 0 23289.30657704 0 6167.14098376 0 -1261.65819611 0 462
0.02150000 0.02154770 82061.76033066 0 -3111.05753824 0 25593.34664856 0 4933.32968457 0 798.64678917 0 571
0.02250000 0.02255340 82279.66368309 0 1775.31441677 0 27706.83200994 0 -2206.50396218 0 -5574.91554619 0 510
0.02350000 0.02348930 79368.52804177 0 2580.68210711 0 29864.49594735 0 -1308.82629984 0 -9581.80166853 0 555
0.02450000 0.02439640 78885.33178669 0 4079.19947574 0 28651.19059372 0 -2112.22311635 0 -9199.30820767 0 592
0.02550000 0.02547300 72711.51419106 0 6852.06392472 0 34992.53246386 0 1098.02805824 0 -10908.06687996 0 837
0.02650000 0.02652900 75757.40002542 0 867.91636047 0 33360.13961584 0 2211.26506186 0 3852.93651807 0 723
0.02750000 0.02749970 74876.81803259 0 -4412.74218857 0 28363.08870194 0 8821.88587158 0 1694.92933859 0 826
0.02850000 0.02848090 73650.44733568 0 4008.95664709 0 35056.86267105 0 6723.24849778 0 -361.54794400 0 831
0.02950000 0.02946900 75045.22809308 0 4984.05200457 0 30076.08807463 0 7375.09840450 0 -6642.37623730 0 996
0.03050000 0.03053250 63187.10038206 0 7481.06055302 0 29261.94003072 0 4018.58956968 0 3912.16238352 0 1041
0.03150000 0.03150510 61002.86286508 0 4021.06977044 0 20297.67513429 0 4695.44078584 0 4776.63414374 0 1036
0.03250000 0.03246190 59672.41231488 0 -667.94242361 0 22038.90893527 0 3667.07647366 0 -1249.99903808 0 1059
0.03350000 0.03345080 59661.45071330 0 1706.64385825 0 25387.84429992 0 1876.09471727 0 6600.10210115 0 1302
0.03450000 0.03451200 56205.33524441 0 4461.08395873 0 24669.13969594 0 -1027.76640664 0 2693.79697745 0 1339
0.03550000 0.03553350 52358.80960241 0 5207.52473638 0 28552.20400984 0 -1455.93320738 0 6935.61568780 0 1365
0.03650000 0.03647120 48150.44038534 0 2349.94593021 0 22658.73767862 0 5318.11511667 0 4492.11968520 0 1308
0.03750000 0.03744890 47130.45782305 0 894.35375044 0 27341.55601417 0 5328.87741639 0 1409.94984241 0 1579
0.03850000 0.03847530 44948.76694078 0 3184.22346065 0 21055.24359839 0 -274.59476273 0 -2139.27280589 0 1662
0.03950000 0.03950240 43070.12558880 0 2444.75824763 0 20539.38398509 0 1037.06715949 0 -1811.33268941 0 1683
0.04050000 0.04050350 39910.30553206 0 2332.48487397 0 16322.37835466 0 -531.08184546 0 2105.61293844 0 1822
0.04150000 0.04152450 39721.41167065 0 -353.07540105 0 14294.37134087 0 4635.38449603 0 -7356.41939253 0 1887
0.04250000 0.04250150 40590.47844567 0 -2468.01012975 0 12451.93649105 0 4360.77976820 0 -6456.54940987 0 1920
0.04350000 0.04349210 41335.53518272 0 -258.20772200 0 11068.38307101 0 2438.24772064 0 -6064.92128104 0 2005
0.04450000 0.04448520 42326.84042373 0 -89.44312567 0 11196.00268687 0 753.87805823 0 -4087.69194887 0 2151
0.04550000 0.04548030 43030.70811245 0 -1641.26178019 0 15934.84698600 0 -1592.52140634 0 -2195.07732297 0 2274
0.04650000 0.04648670 43744.76234000 0 414.57662925 0 17663.23689019 0 597.07068692 0 408.18568337 0 2311
0.04750000 0.04749250 43002.80585391 0 3147.96159686 0 19100.97826789 0 -1231.45289401 0 1153.30442544 0 2568
0.04850000 0.04851840 40955.64371819 0 1260.31844481 0 18717.65438267 0 -200.57184239 0 4152.80829113 0 2493
0.04950000 0.04949480 40943.02126789 0 223.03426775 0 20782.31079161 0 928.52626652 0 2665.00893292 0 2644
0.05050000 0.05050630 39930.56788648 0 2037.13060943 0 19154.23615027 0 111.96667026 0 1598.55582337 0 2829
0.05150000 0.05149060 38566.23602232 0 2593.00560463 0 18505.28719265 0 190.60010666 0 -5437.05402987 0 2784
0.05250000 0.05249300 36375.46583371 0 902.54284187 0 16202.13290713 0 -227.64810550 0 -3352.93247391 0 3055
0.05350000 0.05348950 36304.16006187 0 -662.70521398 0 15702.99250430 0 5099.12667641 0 -2579.24270488 0 3009
0.05450000 0.05448610 37979.84569993 0 -1638.61549456 0 14093.74081516 0 3626.71784970 0 -4981.90397355 0 3336
0.05550000 0.05550870 38307.58651456 0 -1241.17439520 0 11705.66179827 0 4093.17274966 0 -3029.89739732 0 3349
0.05650000 0.05647670 38617.72233273 0 976.09186671 0 11780.39999080 0 2366.52120046 0 -942.45192945 0 3324
0.05750000 0.05747970 36854.89749835 0 2751.99311670 0 10605.24986850 0 471.44962569 0 969.55698060 0 3639
0.05850000 0.05849280 34693.02607751 0 1778.43681237 0 11531.38340563 0 630.34080853 0 1919.84147263 0 3846
0.05950000 0.05951020 33224.50363682 0 1673.07256940 0 11162.23209617 0 380.99426808 0 1871.11217110 0 3787
0.06050000 0.06049470 31322.05678648 0 1418.28730299 0 11249.14984600 0 -370.96938519 0 3612.02487466 0 3930
0.06150000 0.06148310 31978.09203198 0 -501.59956617 0 10668.63892808 0 743.17554906 0 761.42938376 0 4083
0.06250000 0.06249100 32781.49992082 0 -562.99892898 0 11538.24824701 0 -1108.17362947 0 319.42106976 0 4303
0.06350000 0.06350600 31495.11722339 0 748.32085840 0 11624.83382710 0 115.47659723 0 -2781.58944094 0 4470
0.06450000 0.06451750 32262.42933332 0 381.59217362 0 12300.68853403 0 -1037.47572827 0 -112.82145374 0 4479
0.06550000 0.06550280 31398.34510448 0 94.96710852 0 12980.08638490 0 110.46149843 0 -1613.61418512 0 4636
0.06650000 0.06648880 32308.71165107 0 -83.11440625 0 13150.82163360 0 299.89834664 0 -1456.02178598 0 4653
0.06750000 0.06749660 31744.68742480 0 256.27670855 0 13250.47255697 0 1418.27623067 0 -438.26697544 0 5220
0.06850000 0.06852730 32034.11799556 0 95.87802869 0 12502.75846197 0 319.03907456 0 -2156.00308869 0 5029
0.06950000 0.06949320 31184.87068197 0 942.06882701 0 11958.88586688 0 805.58249344 0 -943.69978046 0 5040
0.07050000 0.07048030 30536.36461734 0 1112.21502803 0 12137.81463594 0 162.78864118 0 -640.66353696 0 5475
0.07150000 0.07148790 29325.27372868 0 937.65096941 0 10788.48577192 0 2297.03128990 0 514.23308878 0 5509
0.07250000 0.07249820 28544.23193597 0 439.79163456 0 10837.64689412 0 1673.93621073 0 369.26092547 0 5916
0.07350000 0.07351270 27600.75913818 0 781.65630673 0 10400.60008887 0 2641.17021759 0 1244.61788821 0 5721
0.07450000 0.07449140 27023.55884538 0 1206.28549969 0 9188.50161865 0 1212.70744809 0 137.98109743 0 6028
0.07550000 0.07549160 25720.01404448 0 1604.43522785 0 9857.22574840 0 -185.42933097 0 2853.73670946 0 6183
0.07650000 0.07648840 25362.26722959 0 261.94020270 0 9493.07912976 0 683.06168315 0 2921.10073366 0 6330
0.07750000 0.07749960 24709.33223504 0 -372.10762018 0 9033.25655237 0 297.16016072 0 3041.80014650 0 6583
0.07850000 0.07848650 25469.89022683 0 168.96035504 0 9064.96769065 0 1180.60877844 0 79.95093233 0 6549
0.07950000 0.07947320 24733.46990314 0 172.19015218 0 9434.41795287 0 -735.60540058 0 916.14962184 0 6828
0.08050000 0.08048110 24572.69974677 0 883.36557529 0 8750.09291746 0 631.62409098 0 1740.19300245 0 7147
0.08150000 0.08149960 23847.57319440 0 357.45229105 0 9084.36640373 0 68.34038180 0 1894.72943994 0 7386
0.08250000 0.08250610 23893.41261915 0 387.63766297 0 8271.90135319 0 986.63382717 0 227.81308314 0 7227
0.08350000 0.08350160 23007.51591041 0 804.90265269 0 8141.43614985 0 517.83713051 0 1475.02189537 0 7798
0.08450000 0.08449610 22411.60338867 0 483.03017021 0 7775.04184928 0 -85.83443357 0 1313.66490578 0 7371
0.08550000 0.08548940 22421.23631126 0 517.42745450 0 8266.60878193 0 389.50999310 0 2056.73969669 0 8256
0.08650000 0.08650700 21617.05335968 0 203.41410817 0 7271.71610767 0 1344.83350015 0 1903.57622747 0 8037
0.08750000 0.08749060 21494.48272394 0 215.48626392 0 7663.18922396 0 1461.55794839 0 680.33456955 0 8155
0.08850000 0.08849210 21280.12251545 0 -196.91465350 0 6228.86919463 0 519.68067260 0 32.31147973 0 8718
0.08950000 0.08949900 21349.21382232 0 573.83098435 0 6644.01494138 0 390.29059200 0 565.09270561 0 8571
0.09050000 0.09049190 20582.23388213 0 901.75892128 0 6500.52868405 0 -1101.56788049 0 824.06552526 0 8932
0.09150000 0.09150830 20345.06468452 0 800.22459546 0 7079.45625952 0 -276.56452932 0 151.37196706 0 9285
0.09250000 0.09250820 19859.21107148 0 626.53414326 0 6867.43231157 0 -804.15194907 0 1283.58139925 0 9204
0.09350000 0.09350330 18975.08593471 0 600.71569625 0 7336.74387133 0 705.11775419 0 926.84880931 0 9349
0.09450000 0.09448040 18818.96615476 0 -53.48719022 0 6347.89668643 0 1198.78953579 0 863.27705637 0 9564
0.09550000 0.09549270 18531.41787922 0 51.43305252 0 6758.42527373 0 1613.17129213 0 367.03095925 0 10155
0.09650000 0.09649430 18566.07425591 0 512.71064412 0 6574.95685148 0 169.37224552 0 435.47785681 0 9913
0.09750000 0.09749140 18065.71589735 0 438.04552894 0 6357.76212784 0 388.96302025 0 1739.17434856 0 10476
0.09850000 0.09850240 17659.36157651 0 218.90761229 0 6771.42418307 0 -190.05313381 0 2374.81437175 0 10575
0.09950000 0.09950330 17788.46488389 0 203.80053231 0 6714.27991468 0 253.40786919 0 3021.26098396 0 10882
0.10050000 0.10051200 17565.68970854 0 203.07972396 0 6967.84722535 0 390.80324064 0 2921.27789085 0 10875
0.10150000 0.10150300 17145.82715142 0 441.10370506 0 6648.49923293 0 177.94554663 0 2788.94146462 0 11118
0.10250000 0.10250800 16975.42407246 0 328.47380253 0 6548.68222469 0 330.04939436 0 2518.25633978 0 11575
0.10350000 0.10349800 16294.14392637 0 431.16629353 0 5817.21123019 0 208.24496349 0 2390.75851949 0 11364
0.10450000 0.10450100 16179.87753424 0 320.19613250 0 5710.72868241 0 843.87945052 0 1788.92230397 0 12093
0.10550000 0.10551000 16053.09941507 0 93.51829482 0 5651.12635792 0 -57.58107160 0 1742.89464970 0 12067
0.10650000 0.10649700 15865.31278614 0 136.57934110 0 5105.72578200 0 44.58880566 0 812.32996818 0 12054
0.10750000 0.10749900 15827.99905150 0 -158.66641465 0 5521.32549407 0 -547.09685608 0 1360.68906929 0 12807
0.10850000 0.10850100 16193.71794026 0 83.53692617 0 6100.97277065 0 -381.74497170 0 196.81500258 0 12736
0.10950000 0.10950300 16275.98531367 0 34.70808444 0 6440.61633446 0 -549.00461765 0 147.19437891 0 12933
0.11050000 0.11050200 16071.92236726 0 138.91670887 0 5856.27439216 0 -253.94487695 0 -678.85198526 0 13428
0.11150000 0.11150900 15901.63001155 0 560.28953110 0 6344.82965245 0 -241.68116998 0 -729.00850945 0 13453
0.11250000 0.11250000 15363.84719511 0 622.47835068 0 6324.58944268 0 238.58756242 0 -1008.74968877 0 13668
0.11350000 0.11349100 14875.44694735 0 198.43931263 0 5763.48831017 0 481.78010474 0 -1462.56552994 0 13791
0.11450000 0.11448600 14546.93106999 0 231.81351410 0 5073.91499279 0 533.02836016 0 -1069.91431830 0 14205
0.11550000 0.11549300 14367.89157767 0 153.60193328 0 5289.89176071 0 348.98306980 0 -2103.53134137 0 14776
0.11650000 0.11649800 14365.67711270 0 39.03603476 0 4624.52254538 0 656.24783414 0 -1002.38863816 0 14553
0.11750000 0.11747300 14298.02520806 0 -59.73486023 0 4644.44165773 0 333.92360081 0 -1328.36895314 0 14568
0.11850000 0.11849100 14235.35584959 0 209.86595185 0 4835.36175458 0 292.75669713 0 -769.65058493 0 16015
0.11950000 0.11950300 14355.15840413 0 122.04691478 0 5041.10769436 0 102.69514835 0 128.11454878 0 15270
0.12050000 0.12050700 14038.26846782 0 154.07915048 0 4727.37337062 0 563.35213615 0 189.95569736 0 15999
0.12150000 0.12150000 13985.67492493 0 474.77575206 0 5371.24013115 0 -451.68774035 0 579.87315201 0 15670
0.12250000 0.12250700 13547.10013886 0 438.28358392 0 5127.52718957 0 346.14080402 0 322.65086691 0 16887
0.12350000 0.12352200 13346.46961315 0 138.86245448 0 5203.02937250 0 -12.74446731 0 275.97326717 0 16407
0.12450000 0.12449800 13146.72487342 0 61.54042424 0 4468.86780308 0 244.32191945 0 232.15897063 0 16306
0.12550000 0.12549900 13331.30052815 0 -147.49443891 0 5064.12705765 0 666.44101637 0 561.06016491 0 17523
0.12650000 0.12650100 13223.89897741 0 -118.23582058 0 4460.00994322 0 636.37522556 0 -106.25456861 0 17154
0.12750000 0.12750600 13210.61218762 0 161.97150361 0 4279.54212101 0 499.83131589 0 -247.63918796 0 18007
0.12850000 0.12850300 12970.45346231 0 382.65622403 0 4084.81314442 0 -6.02591348 0 253.66142543 0 17496
0.12950000 0.12949900 12570.18892011 0 416.37920374 0 3743.33157469 0 561.22735701 0 219.87533348 0 18405
0.13050000 0.13049000 12447.17539138 0 170.81718391 0 3201.91703571 0 214.87064266 0 684.13348420 0 18100
0.13150000 0.13148800 12210.33836351 0 39.83025262 0 3267.66450048 0 700.77740286 0 233.85192910 0 19059
0.13250000 0.13249300 12105.59417072 0 221.55943409 0 2796.45957317 0 310.12917478 0 429.67485138 0 18957
0.13350000 0.13349100 11876.39704698 0 96.93189256 0 2877.87437756 0 79.60702592 0 453.08174604 0 19468
0.13450000 0.13450700 11995.97815502 0 197.29886318 0 3350.52977942 0 -177.05643894 0 719.15635483 0 19953
0.13550000 0.13551000 11695.14308970 0 392.08430862 0 3753.46275190 0 -444.04230006 0 903.48841841 0 19956
0.13650000 0.13649900 11478.12552325 0 444.96462472 0 4076.12136944 0 -410.40789896 0 1194.63741398 0 19723
0.13750000 0.13749600 11358.87658495 0 226.61395037 0 4490.38133020 0 -148.04141176 0 2112.13453776 0 20946
0.13850000 0.13851100 11283.69549943 0 3.51160996 0 4766.68012373 0 268.07205618 0 1811.66485915 0 20955
0.13950000 0.13949800 11406.70902817 0 -56.11620303 0 4357.35841983 0 616.44061195 0 1713.68585683 0 20506
0.14050000 0.14048300 11300.19326341 0 -43.90719335 0 4159.11951628 0 486.19796234 0 1723.61773219 0 21447
0.14150000 0.14148400 11229.55183107 0 154.66376923 0 3669.41273420 0 535.64917945 0 1576.07900399 0 21771
0.14250000 0.14249400 11058.81658237 0 -5.30355501 0 3239.71795264 0 359.22275579 0 1189.14554087 0 22470
0.14350000 0.14350900 10979.29514552 0 130.05552732 0 3223.72951560 0 290.22334922 0 805.32782996 0 22519
0.14450000 0.14449900 10793.29116089 0 324.10909209 0 3126.59200996 0 -144.47833763 0 1063.92086887 0 22218
0.14550000 0.14550500 10512.87346253 0 367.36977239 0 3109.95030576 0 -374.45495304 0 679.63258416 0 23559
0.14650000 0.14650700 10214.21964520 0 133.80683097 0 3179.63951817 0 -15.05304704 0 1190.36349660 0 23044
0.14750000 0.14750500 10275.59354167 0 214.27605882 0 3380.53577968 0 -129.54730761 0 817.31915774 0 23649
0.14850000 0.14849900 10171.64655627 0 29.82718221 0 3315.53016067 0 402.22434369 0 936.77071958 0 23640
0.14950000 0.14949500 10256.90345738 0 -241.28367352 0 3026.43175966 0 226.99705280 0 723.42584328 0 24457
0.15050000 0.15050000 10317.91196713 0 3.89772407 0 2687.29752278 0 331.47108086 0 910.42412268 0 24591
0.15150000 0.15149900 10400.68866747 0 -7.48759322 0 2700.89433766 0 456.25728880 0 699.57162669 0 25020
0.15250000 0.15250500 10259.08470537 0 11.07064183 0 2259.11964972 0 515.10337352 0 866.84345219 0 25297
0.15350000 0.15350100 10092.45728917 0 134.34937488 0 2449.55256428 0 179.15353726 0 382.72044352 0 25452
0.15450000 0.15450400 10051.20180690 0 449.96931554 0 2352.91331326 0 -245.19109695 0 19.80584247 0 26061
0.15550000 0.15549900 9489.55813047 0 510.62018920 0 2418.82686291 0 -604.06286004 0 499.74273729 0 26128
0.15650000 0.15649500 9388.21314141 0 292.52196385 0 2855.16503936 0 -661.73195662 0 533.25866452 0 26331
0.15750000 0.15749700 9212.97145650 0 78.31001379 0 3026.81929102 0 -125.22799370 0 821.05938907 0 27345
0.15850000 0.15849900 9197.22661061 0 10.83807871 0 3059.96983153 0 39.33210873 0 175.46202417 0 26980
0.15950000 0.15949700 9241.94773055 0 77.26954743 0 3147.71800572 0 97.16086824 0 493.25989111 0 27777
0.16050000 0.16050000 9068.89836596 0 145.63539557 0 3044.01461147 0 289.79706471 0 145.46266730 0 28224
0.16150000 0.16150500 8912.81180299 0 141.67925391 0 3016.37808872 0 88.88685207 0 357.45450552 0 28075
0.16250000 0.16249700 8830.64408051 0 269.90341871 0 2979.58475335 0 287.54827554 0 260.29153353 0 28590
0.16350000 0.16349900 8648.88079629 0 80.06575234 0 2752.46922667 0 92.29657450 0 226.42461361 0 29163
0.16450000 0.16449100 8516.16791101 0 79.19092795 0 2627.10836507 0 66.44790004 0 513.82673446 0 28996
0.16550000 0.16550500 8589.16774854 0 -0.31699512 0 2494.91587906 0 263.62762500 0 330.96950455 0 30777
0.16650000 0.16650700 8474.77956084 0 -20.72085939 0 2483.90998819 0 245.18888248 0 294.39097228 0 29211
0.16750000 0.16749900 8507.08860466 0 234.88608424 0 2486.76664799 0 274.38217410 0 430.42776947 0 30922
0.16850000 0.16850800 8469.40948330 0 3.54711891 0 2572.61038231 0 95.97070404 0 709.82681394 0 30867
0.16950000 0.16949900 8363.08194807 0 64.09204149 0 2497.92755141 0 133.12477576 0 1001.07435320 0 30852
0.17050000 0.17049200 8430.55669552 0 36.47234868 0 2489.25792108 0 -98.97263275 0 774.71174461 0 31257
0.17150000 0.17149500 8263.72997747 0 140.83222107 0 2554.88359028 0 152.52348884 0 840.93531935 0 32608
0.17250000 0.17250900 8253.41057074 0 140.89422608 0 2527.75639447 0 -201.14538882 0 435.04382168 0 32361
0.17350000 0.17350400 8145.20074029 0 123.55275095 0 2181.94554574 0 66.89322895 0 614.51181297 0 32508
0.17450000 0.17449800 7966.69271956 0 92.05597288 0 2113.98361600 0 98.72882016 0 186.77240397 0 32791
0.17550000 0.17549800 7985.95856475 0 63.82597352 0 1982.83192852 0 137.31343624 0 285.20094268 0 33633
0.17650000 0.17650100 7945.55565148 0 45.87718138 0 2075.68444445 0 19.81292875 0 -197.22800030 0 33984
0.17750000 0.17750300 7855.48228909 0 94.99478934 0 2078.99506957 0 -116.20294174 0 -43.95369711 0 34069
0.17850000 0.17849800 7819.29793158 0 119.12935719 0 2265.33122395 0 12.00981856 0 117.32235378 0 34536
0.17950000 0.17950400 7807.36196542 0 -23.40368369 0 2306.89673132 0 155.03912104 0 267.41436009 0 35343
0.18050000 0.18050100 7818.13533747 0 32.99021324 0 2302.52316301 0 166.34396468 0 232.19440207 0 34990
0.18150000 0.18150500 7839.88138342 0 109.20091425 0 2137.30193207 0 296.90217555 0 518.51586402 0 36243
0.18250000 0.18250200 7746.84063796 0 -37.70868447 0 1916.50870286 0 226.70917236 0 719.61807078 0 35694
0.18350000 0.18350400 7798.41552697 0 15.35986116 0 1833.82058111 0 199.32399139 0 236.28341163 0 37087
0.18450000 0.18450600 7657.91879735 0 173.02168378 0 1842.55664540 0 -34.35565234 0 334.73963115 0 36651
0.18550000 0.18550700 7541.01719191 0 243.01427789 0 1966.43381547 0 -236.11289783 0 168.48535230 0 37818
0.18650000 0.18651000 7386.17072932 0 152.33304485 0 1886.58020887 0 -320.44415258 0 344.21421950 0 37267
0.18750000 0.18750100 7327.69778195 0 141.71025642 0 2156.09166729 0 -7.06707740 0 186.38597983 0 38334
0.18850000 0.18850000 7298.76579720 0 35.15297045 0 2242.43365622 0 -49.88790960 0 230.13052073 0 38223
0.18950000 0.18949500 7141.90417150 0 201.31922432 0 2262.89531249 0 -100.24871818 0 4.36970406 0 39064
0.19050000 0.19050000 7088.64628912 0 162.30810228 0 2397.65657785 0 -43.13246278 0 317.66610628 0 39609
0.19150000 0.19149800 6927.14535932 0 40.60465102 0 2237.52861633 0 117.56373046 0 309.83243647 0 39576
0.19250000 0.19250400 6935.41638595 0 15.32166164 0 2074.89830939 0 414.97634018 0 249.29450052 0 40909
0.19350000 0.19350500 6959.18866734 0 -98.39299655 0 1960.48797704 0 379.82170888 0 202.72319510 0 40191
0.19450000 0.19450100 6988.58568973 0 -14.60638945 0 1631.89459340 0 385.10985121 0 219.55866499 0 41232
0.19550000 0.19549800 6859.17235725 0 163.40979860 0 1586.23232584 0 120.22551735 0 137.67328680 0 40873
0.19650000 0.19649700 6773.14039341 0 191.71508977 0 1517.92715404 0 -66.64144428 0 53.64685315 0 42816
0.19750000 0.19750200 6638.11339225 0 127.08482257 0 1643.35444958 0 -153.08596294 0 315.57122242 0 41727
0.19850000 0.19849000 6586.08453793 0 86.13881178 0 1585.32439521 0 32.11494597 0 327.21266474 0 42610
0.19950000 0.19949900 6538.07493751 0 8.70934676 0 1541.16796383 0 129.93594621 0 411.25050288 0 43863
0.20050000 0.20050100 6511.86674467 0 22.24585069 0 1487.12394639 0 360.65662185 0 351.49980923 0 43302
0.20150000 0.20150100 6533.53528434 0 -11.02379482 0 1158.71879227 0 231.13145889 0 161.54189741 0 44487
0.20250000 0.20249700 6483.85376288 0 62.27219418 0 988.67888557 0 199.87317870 0 327.93015139 0 43759
0.20350000 0.20349100 6491.85905372 0 19.40048465 0 1031.82773538 0 40.11879741 0 191.12714932 0 45282
0.20450000 0.20449700 6390.07117166 0 34.18491709 0 933.64832399 0 24.93930442 0 315.87792582 0 45483
0.20550000 0.20549900 6463.15958779 0 130.88927338 0 1036.53679513 0 -57.44477128 0 50.19118057 0 46138
0.20650000 0.20650200 6293.67551179 0 144.13509556 0 905.26441931 0 -224.85123625 0 158.00428963 0 46227
0.20750000 0.20749300 6274.86363192 0 121.79003684 0 1236.94476712 0 -71.54537694 0 324.13566567 0 46236
0.20850000 0.20850300 6269.44926509 0 55.01384237 0 1178.61575997 0 -74.60753909 0 193.33386366 0 48361
0.20950000 0.20950400 6195.89581132 0 30.91315583 0 1226.38176924 0 48.06839446 0 225.25537611 0 46812
0.21050000 0.21050300 6189.11954853 0 119.13600058 0 1194.23881029 0 101.10638047 0 106.07907226 0 48813
0.21150000 0.21149700 6134.15652813 0 53.86398144 0 1150.32597006 0 -30.24405524 0 50.90789216 0 47215
0.21250000 0.21249000 6035.61283724 0 138.90895824 0 1208.88749602 0 22.25526216 0 50.63473790 0 50004
0.21350000 0.21350300 5880.57814513 0 151.31328374 0 1185.10414231 0 -12.62710067 0 38.63643456 0 49509
0.21450000 0.21449800 5827.79637272 0 94.14742432 0 1151.39998557 0 8.96079926 0 -69.85562945 0 49660
0.21550000 0.21550100 5787.18308529 0 27.71956518 0 1150.43669331 0 127.15789991 0 -12.68744484 0 50841
0.21650000 0.21649800 5827.46420298 0 -49.36130983 0 1154.52238117 0 122.14213677 0 225.82892254 0 50424
0.21750000 0.21750300 5869.58332659 0 -2.30987519 0 1021.95454334 0 209.08203125 0 88.66917017 0 52231
0.21850000 0.21850300 5858.65494199 0 8.56845143 0 1079.64246288 0 197.52806030 0 431.67451324 0 51078
0.21950000 0.21950100 5814.60923386 0 78.68005088 0 895.45876845 0 142.07675038 0 373.22038882 0 52791
0.22050000 0.22050700 5776.67544903 0 114.05712519 0 962.56591471 0 66.76855457 0 391.91490205 0 52969
0.22150000 0.22150000 5610.64593838 0 100.64621465 0 860.38275066 0 95.87382120 0 420.35306111 0 52704
0.22250000 0.22250100 5579.75415213 0 116.11989930 0 814.97182488 0 -29.75820163 0 236.65433451 0 54051
0.22350000 0.22349900 5462.14391791 0 103.74602270 0 828.02941754 0 -67.29515434 0 401.02521091 0 53938
0.22450000 0.22449800 5443.55348454 0 108.15989427 0 884.17717670 0 -56.81519890 0 161.99807719 0 54735
0.22550000 0.22549100 5341.21198624 0 96.67601114 0 742.43038160 0 -21.62092867 0 393.21590021 0 54774
0.22650000 0.22649900 5286.53684629 0 106.59714634 0 864.81610952 0 82.30745522 0 132.95758365 0 56911
0.22750000 0.22749800 5221.90768632 0 78.67362894 0 719.73543742 0 -25.17171252 0 207.27170614 0 54879
0.22850000 0.22849100 5188.12602330 0 49.64442917 0 717.84317711 0 111.43409144 0 107.85418738 0 57210
0.22950000 0.22949800 5183.47564687 0 22.28028562 0 714.43843723 0 -30.97859327 0 308.12729845 0 57375
0.23050000 0.23049600 5074.25823486 0 51.67310053 0 809.99924381 0 -60.19557966 0 321.02434240 0 57604
0.23150000 0.23150100 5273.67080485 0 48.49656126 0 841.11358378 0 -51.53502864 0 276.33311773 0 58629
0.23250000 0.23250200 5128.66763902 0 -5.33091472 0 921.16206329 0 -169.84392656 0 266.71569639 0 58560
0.23350000 0.23350400 5156.80241639 0 137.65889277 0 1051.06700699 0 -99.31177806 0 285.45117722 0 59305
0.23450000 0.23449700 5075.80836034 0 100.77310349 0 1120.59677792 0 78.02091539 0 274.65344606 0 59196
0.23550000 0.23549300 5025.66180123 0 33.69075923 0 1189.05696227 0 207.14215994 0 398.95247170 0 60063
0.23650000 0.23649900 5033.98818950 0 -37.31805285 0 920.14562387 0 248.74420598 0 355.91766683 0 61537
0.23750000 0.23750400 5055.98889891 0 16.33023971 0 898.92219166 0 110.35387543 0 215.16184481 0 61224
0.23850000 0.23850100 5008.11216640 0 68.74186430 0 888.05913378 0 -107.60616730 0 280.27043644 0 61221
0.23950000 0.23949400 4926.17696274 0 118.60895792 0 905.34414005 0 -113.08386784 0 159.13809569 0 62332
0.24050000 0.24050100 4866.44177034 0 113.85007272 0 902.03905109 0 -65.98408035 0 143.94354434 0 63447
0.24150000 0.24150500 4807.09410931 0 39.06338341 0 826.20912734 0 60.83113111 0 153.56871630 0 63342
0.24250000 0.24250300 4750.99063946 0 58.10855716 0 795.66611933 0 106.46903954 0 36.05990458 0 63379
0.24350000 0.24349600 4782.49140357 0 82.67162398 0 709.14697319 0 127.79677306 0 284.64954090 0 64266
0.24450000 0.24449500 4683.85913408 0 20.56772914 0 638.06154063 0 81.46651215 0 262.14171901 0 64695
0.24550000 0.24549600 4732.63272491 0 15.25157382 0 686.96578489 0 47.97317246 0 273.89609904 0 65947
0.24650000 0.24650000 4708.90473282 0 37.56706943 0 657.43035843 0 79.82935820 0 292.81316599 0 66018
0.24750000 0.24750000 4658.93533092 0 67.31419873 0 615.96007306 0 29.47984338 0 341.39299113 0 66303
0.24850000 0.24849600 4660.43009477 0 53.31479413 0 558.07617337 0 77.93754078 0 408.06831673 0 66958
0.24950000 0.24949200 4638.44045768 0 76.46270712 0 656.41170455 0 -40.19331415 0 360.59018790 0 66975
0.25050000 0.25048900 4578.22915531 0 84.92129894 0 690.89203127 0 -98.32224439 0 339.78086064 0 68676
0.25150000 0.25150000 4488.15579291 0 132.48479539 0 703.54326960 0 -105.37885844 0 288.78616145 0 69349
0.25250000 0.25249900 4425.55286839 0 71.48735796 0 834.64180992 0 -152.61981807 0 244.35292196 0 68592
0.25350000 0.25349900 4415.11166608 0 41.93366217 0 870.67004765 0 18.73647733 0 180.68483979 0 70437
0.25450000 0.25450100 4445.60484864 0 49.82889410 0 940.79883135 0 -114.41476128 0 207.40235957 0 70099
0.25550000 0.25550100 4360.53617705 0 80.06586306 0 938.75266573 0 31.88143064 0 294.55152099 0 71064
0.25650000 0.25650300 4347.67013561 0 62.05584096 0 1001.31905158 0 39.30830323 0 437.37454606 0 71409
0.25750000 0.25750600 4323.68748006 0 31.54317111 0 992.93508723 0 193.92734027 0 367.51924878 0 72612
0.25850000 0.25850600 4333.32040265 0 7.78450869 0 871.07861644 0 144.18381379 0 391.95586965 0 71845
0.25950000 0.25949600 4339.83092964 0 -18.95438069 0 802.23865134 0 157.90796040 0 510.37327635 0 72816
0.26050000 0.26049800 4349.15382714 0 61.78999444 0 757.16321700 0 22.31981382 0 440.20241781 0 73743
0.26150000 0.26149900 4357.23662426 0 44.03275351 0 675.13611305 0 67.79075160 0 559.00624865 0 74662
0.26250000 0.26250300 4282.95239705 0 51.59039026 0 577.08514062 0 51.15657657 0 593.04589684 0 74931
0.26350000 0.26350100 4258.64864407 0 34.34934112 0 492.43832461 0 85.73123950 0 552.81903355 0 75087
0.26450000 0.26450200 4271.93543385 0 -4.79873450 0 509.96249310 0 89.06899182 0 332.38786936 0 76678
0.26550000 0.26550600 4225.48703124 0 48.22384990 0 476.38345362 0 58.04821299 0 380.03208305 0 76035
0.26650000 0.26650100 4187.74147593 0 76.01150988 0 394.42499808 0 2.63287705 0 388.68289043 0 77094
0.26750000 0.26750600 4200.53001110 0 13.49782829 0 423.54631959 0 -6.67821735 0 357.91622146 0 78463
0.26850000 0.26850100 4156.96041294 0 38.44145092 0 451.29024389 0 -48.32737614 0 418.82175859 0 77076
0.26950000 0.26949700 4127.54124589 0 124.38428255 0 519.83347068 0 -6.21899268 0 346.75199635 0 79149
0.27050000 0.27049900 4061.33981580 0 107.22162546 0 509.71890196 0 -6.55562457 0 387.93883021 0 79648
0.27150000 0.27150200 3999.17978427 0 65.72365927 0 455.86643574 0 -112.92885529 0 375.47914309 0 80241
0.27250000 0.27250500 4002.32432452 0 41.75960522 0 495.97150346 0 36.62171434 0 249.71967780 0 80835
0.27350000 0.27350000 3981.71872803 0 20.10955634 0 461.46460316 0 -12.54239738 0 210.84806706 0 80680
0.27450000 0.27450400 3962.84041422 0 18.02220166 0 358.50526914 0 57.96804936 0 215.04226370 0 82617
0.27550000 0.27550800 3964.87772198 0 25.54795012 0 325.90502318 0 65.83925435 0 119.10167638 0 82548
0.27650000 0.27649900 3937.78374315 0 15.77972372 0 295.35869347 0 78.40745025 0 40.73065408 0 81181
0.27750000 0.27748900 3917.49924409 0 47.60335682 0 226.71470852 0 137.39315698 0 151.00104418 0 84096
0.27850000 0.27849800 3899.46242696 0 86.21886468 0 131.94003700 0 91.96185812 0 155.08783927 0 85215
0.27950000 0.27950200 3828.17879977 0 101.59544505 0 190.48495448 0 60.18982205 0 177.06640403 0 84514
0.28050000 0.28050300 3786.00431454 0 92.19260537 0 209.13739287 0 -31.22229514 0 238.40376183 0 85815
0.28150000 0.28150100 3686.88486276 0 97.70463011 0 201.53513465 0 -38.84448355 0 287.85940787 0 85485
0.28250000 0.28250000 3655.18479681 0 74.24790998 0 280.17189275 0 -37.81608602 0 236.43620971 0 87220
0.28350000 0.28350400 3620.26268433 0 56.05707682 0 237.78038995 0 -50.77491354 0 269.80708948 0 87147
0.28450000 0.28449700 3581.99672976 0 39.02230508 0 282.60891144 0 31.32094955 0 197.66757159 0 87102
0.28550000 0.28549800 3559.36489783 0 32.67586994 0 196.53930169 0 -3.39523983 0 315.16154641 0 88971
0.28650000 0.28649900 3579.71583084 0 15.23219725 0 220.02370263 0 95.07628165 0 280.05341887 0 89434
0.28750000 0.28750100 3593.75553871 0 34.74728047 0 104.18393315 0 94.99844320 0 345.17861899 0 89619
0.28850000 0.28849900 3579.31722715 0 9.73587307 0 115.54746011 0 -14.48503677 0 352.83513160 0 90240
0.28950000 0.28950100 3593.55623687 0 12.19948749 0 94.33720396 0 -8.55211975 0 280.79858633 0 91333
0.29050000 0.29050500 3576.60450757 0 41.35114716 0 163.03555402 0 -49.29875119 0 328.61884999 0 92139
0.29150000 0.29150600 3595.74855718 0 40.31953866 0 185.98405444 0 -77.61622192 0 254.78748087 0 92370
0.29250000 0.29250200 3565.13357906 0 73.94751781 0 237.51133245 0 -29.49623042 0 367.52035601 0 91819
0.29350000 0.29349600 3530.82044444 0 51.13985736 0 183.89138505 0 -27.06806959 0 287.25707340 0 93552
0.29450000 0.29450000 3490.58361605 0 70.15690741 0 262.30226772 0 66.29853438 0 254.54167526 0 94701
0.29550000 0.29550200 3452.15157661 0 75.43508465 0 254.01463259 0 90.24000089 0 324.40693763 0 95020
0.29650000 0.29650300 3469.24724613 0 24.26079236 0 210.13833104 0 46.06352860 0 329.77037177 0 95151
0.29750000 0.29749800 3393.66755692 0 39.39931774 0 96.76802215 0 37.08542330 0 289.76606220 0 95802
0.29850000 0.29850000 3417.74986340 0 27.04880375 0 200.34264527 0 -47.41767393 0 238.69053505 0 97399
0.29950000 0.29950700 3372.64121208 0 64.61664824 0 138.47824481 0 -26.06569203 0 184.00543000 0 97881
0.30050000 0.30050300 3320.32447732 0 78.40767169 0 143.87821762 0 -67.74424783 0 191.18361818 0 97188
0.30150000 0.30149700 3291.75787928 0 55.19852875 0 136.92258317 0 -10.88160402 0 163.78736488 0 98263
0.30250000 0.30249700 3300.85933029 0 37.05984623 0 239.14892929 0 11.46727464 0 127.93960605 0 100050
0.30350000 0.30350600 3250.75706048 0 68.30583615 0 212.08816744 0 -30.15370507 0 212.42033718 0 100779
0.30450000 0.30450500 3274.29682305 0 53.47346054 0 264.60309682 0 57.24181557 0 313.78857813 0 99982
0.30550000 0.30550300 3242.91785451 0 20.95171736 0 199.28191655 0 10.81887930 0 352.82627374 0 101559
0.30650000 0.30649700 3265.66040969 0 12.72586581 0 222.49615277 0 111.12406634 0 327.14955249 0 100935
0.30750000 0.30749800 3263.94419934 0 21.73973472 0 195.49075253 0 16.91408339 0 253.83526093 0 103762
0.30850000 0.30850200 3243.74827887 0 19.34434797 0 159.37504344 0 -4.68481135 0 259.95272039 0 102951
0.30950000 0.30950100 3261.70758973 0 41.80478031 0 180.53425617 0 -30.70123153 0 300.85167381 0 104394
0.31050000 0.31050000 3205.93628961 0 82.36370263 0 105.49268194 0 -11.36684866 0 261.05109502 0 103963
0.31150000 0.31149700 3214.07444836 0 50.81333450 0 104.58187250 0 -42.52846746 0 243.84470225 0 105936
0.31250000 0.31250000 3149.68887954 0 44.34222499 0 125.58784426 0 23.01105905 0 155.66581463 0 105717
0.31350000 0.31349800 3150.97326922 0 62.22823705 0 173.79674652 0 -84.10106112 0 258.54874961 0 106776
0.31450000 0.31450400 3131.56348381 0 78.62225335 0 222.71649203 0 -16.72552170 0 184.65537547 0 108733
0.31550000 0.31549900 3081.04046566 0 92.61955421 0 246.91948685 0 -30.63402252 0 262.79277171 0 105891
0.31650000 0.31650000 3012.49170271 0 45.51400912 0 229.69980729 0 -3.06898270 0 239.09467490 0 111072
0.31750000 0.31750600 3052.41850600 0 4.26508166 0 267.76092386 0 46.15786481 0 204.48701645 0 108121
0.31850000 0.31849900 3001.88441553 0 49.57755233 0 274.46743100 0 13.86775467 0 133.11813236 0 110484
0.31950000 0.31950100 2991.72002135 0 48.11534112 0 195.70112670 0 12.54084726 0 172.60093544 0 110817
0.32050000 0.32049800 2942.65855008 0 53.81183079 0 134.28515540 0 93.85223614 0 196.36103726 0 111088
0.32150000 0.32149900 2967.64878719 0 20.15838529 0 106.22865937 0 60.87785632 0 127.53878789 0 112635
0.32250000 0.32250100 2947.30892650 0 0.24155716 0 91.85035981 0 101.35373620 0 113.26656120 0 113202
0.32350000 0.32350400 2956.39930518 0 41.56273929 0 21.82609885 0 -9.92613990 0 107.30732526 0 113863
0.32450000 0.32450300 2928.45275733 0 73.62785979 0 42.48008140 0 -38.84260125 0 208.65131781 0 114045
0.32550000 0.32549900 2922.05295359 0 38.08248615 0 19.49736750 0 -22.51546180 0 267.89268452 0 114828
0.32650000 0.32650300 2909.74052839 0 4.04123247 0 87.98833291 0 -9.71066138 0 262.97657230 0 116431
0.32750000 0.32750400 2936.38054191 0 32.94824913 0 101.84634393 0 50.16084240 0 227.24507288 0 116442
0.32850000 0.32850400 2933.10313376 0 23.72965294 0 42.97711806 0 59.85842737 0 241.97458659 0 116955
0.32950000 0.32949800 2901.48057408 0 51.61840324 0 -6.14443165 0 23.09598379 0 256.90893830 0 117028
0.33050000 0.33049700 2923.28198164 0 33.57461055 0 -3.70419091 0 16.48469864 0 230.51473040 0 119061
0.33150000 0.33150100 2853.11665927 0 45.34238809 0 -43.54977870 0 -37.11653653 0 212.67057172 0 120060
0.33250000 0.33250400 2863.97860992 0 89.86276678 0 -27.29350212 0 -28.08129804 0 112.10175263 0 119737
0.33350000 0.33350100 2815.08322352 0 57.05103941 0 -43.51689390 0 -63.27280018 0 161.08128869 0 120531
0.33450000 0.33450000 2773.89417519 0 42.09542884 0 -17.50999591 0 36.91756686 0 99.41862599 0 121704
0.33550000 0.33550300 2772.99731688 0 37.90455389 0 -44.75422619 0 55.25200808 0 149.91706358 0 122761
0.33650000 0.33650300 2765.92210132 0 46.60208648 0 -44.68004162 0 23.16551799 0 70.32531747 0 122472
0.33750000 0.33749900 2725.46382643 0 46.85630706 0 -28.56161549 0 34.72912186 0 144.93673188 0 122985
0.33850000 0.33849800 2705.53364176 0 65.04647589 0 -69.07026945 0 -22.91118668 0 141.11124365 0 125380
0.33950000 0.33950300 2676.93382675 0 33.14666519 0 -12.46046218 0 -1.83090856 0 100.93597739 0 125223
0.34050000 0.34050000 2662.15227312 0 15.22057131 0 -44.41895620 0 -5.90539123 0 99.27900398 0 125178
0.34150000 0.34149900 2639.77510466 0 50.28352376 0 -4.34648540 0 -3.13015730 0 83.87673581 0 127059
0.34250000 0.34250300 2666.59227537 0 28.99199675 0 -101.83028906 0 25.12830901 0 79.03181864 0 127957
0.34350000 0.34349800 2636.42019024 0 12.38129506 0 -98.19491265 0 -9.53494359 0 66.14230388 0 126732
0.34450000 0.34449700 2657.64583692 0 28.03678729 0 -124.69098595 0 18.98903706 0 34.36384586 0 129639
0.34550000 0.34550000 2632.26806844 0 63.38296981 0 -143.32238692 0 31.41019249 0 116.66797938 0 129826
0.34650000 0.34650400 2638.75645078 0 30.96530648 0 -193.11906056 0 66.79557104 0 123.75316003 0 130875
0.34750000 0.34750200 2610.53309482 0 18.06305854 0 -197.69635964 0 58.26655923 0 74.90505246 0 130686
0.34850000 0.34850200 2635.63405518 0 35.79018274 0 -209.79619620 0 8.57303537 0 128.06693778 0 132211
0.34950000 0.34950400 2612.18287122 0 74.36095842 0 -128.89404045 0 -60.62618237 0 128.37142671 0 132768
0.35050000 0.35050300 2550.97505962 0 114.51441220 0 -115.48656232 0 -115.58178432 0 191.48810711 0 132957
0.35150000 0.35150100 2528.40966164 0 63.84911468 0 -46.95374352 0 -21.40701136 0 257.91873433 0 133987
0.35250000 0.35249800 2517.85773608 0 8.31816153 0 -41.40418360 0 -8.04093266 0 241.39107507 0 134778
0.35350000 0.35349800 2525.30941069 0 0.97866508 0 -52.10824289 0 111.76293949 0 278.37817613 0 135699
0.35450000 0.35450100 2538.72906837 0 20.37484924 0 -79.94694629 0 84.36059641 0 183.99767937 0 137380
0.35550000 0.35550100 2520.38222614 0 72.70243488 0 -107.30123548 0 35.42269228 0 241.56158887 0 136161
0.35650000 0.35649900 2467.30150096 0 68.97471529 0 -144.39529519 0 12.70837153 0 218.18569671 0 138792
0.35750000 0.35750000 2413.64501489 0 61.97999553 0 -157.24251368 0 -31.75321311 0 263.97751047 0 138097
0.35850000 0.35849800 2425.72492127 0 45.63657976 0 -109.80668114 0 -33.00272497 0 231.82015750 0 140028
0.35950000 0.35950300 2409.68112261 0 41.56207495 0 -116.44210396 0 -57.72390459 0 188.77538753 0 141099
0.36050000 0.36050500 2405.85009822 0 42.37710878 0 -95.66621511 0 -63.93558954 0 251.70494564 0 140821
0.36150000 0.36150200 2384.32549877 0 18.99678769 0 -67.69874058 0 2.56808180 0 296.01196063 0 141756
0.36250000 0.36250400 2420.81988137 0 8.27753717 0 -123.44092047 0 69.59786573 0 217.31319752 0 142971
0.36350000 0.36349900 2436.75295679 0 5.98693890 0 -88.58081301 0 84.44563186 0 268.44076460 0 142270
0.36450000 0.36450000 2415.72661196 0 50.07171019 0 -149.80412587 0 73.10535678 0 293.31584954 0 145311
0.36550000 0.36550300 2403.05987237 0 42.12842436 0 -196.82607491 0 53.34313928 0 365.64027525 0 145434
0.36650000 0.36650100 2361.89296869 0 38.09887319 0 -181.12884001 0 24.17819281 0 307.44413601 0 144547
0.36750000 0.36749600 2378.72290241 0 45.10776553 0 -185.61202433 0 -21.37180136 0 319.58383294 0 146892
0.36850000 0.36849900 2319.19808419 0 50.38693928 0 -200.69806690 0 -48.39580310 0 245.41365068 0 148113
0.36950000 0.36949900 2317.12755945 0 58.75595599 0 -206.35048872 0 -11.13731937 0 307.09646501 0 147387
0.37050000 0.37049800 2289.57961530 0 27.58725090 0 -202.19393798 0 -19.87880909 0 222.34335468 0 149758
0.37150000 0.37150100 2285.84824184 0 70.64287175 0 -187.62608021 0 -25.38540839 0 176.32566550 0 150099
0.37250000 0.37250000 2272.20713766 0 58.49653142 0 -181.20856075 0 -17.39838688 0 242.90355464 0 150468
0.37350000 0.37349800 2225.05010626 0 64.88349127 0 -198.90545751 0 19.04318073 0 290.80353904 0 150709
0.37450000 0.37449700 2237.27395286 0 -5.54710187 0 -230.07626634 0 21.29174846 0 348.12607186 0 153108
0.37550000 0.37550100 2263.08354201 0 -6.68608978 0 -178.16256419 0 48.54494732 0 222.44300561 0 153189
0.37650000 0.37649900 2287.35407801 0 8.85433886 0 -207.47765138 0 -1.53196686 0 216.73632940 0 153547
0.37750000 0.37749900 2280.28993478 0 42.64550193 0 -176.69437392 0 -24.96709596 0 230.61991749 0 155424
0.37850000 0.37850200 2235.19235579 0 79.29401130 0 -219.33721849 0 -64.68684678 0 239.26961763 0 155313
0.37950000 0.37949900 2218.29598812 0 80.44021836 0 -206.32612960 0 7.95206618 0 228.36780662 0 156100
0.38050000 0.38050000 2165.66922825 0 64.61841981 0 -218.14251465 0 37.34739451 0 216.88580578 0 157557
0.38150000 0.38149800 2128.63230174 0 49.42054677 0 -221.31584294 0 1.40339503 0 263.90554035 0 157692
0.38250000 0.38250100 2119.96267140 0 42.78789203 0 -228.59589651 0 34.06622177 0 238.79129320 0 159703
0.38350000 0.38350500 2099.15777307 0 17.49283381 0 -248.97672480 0 44.87834695 0 302.85133567 0 160338
0.38450000 0.38450600 2120.15090092 0 -3.22449351 0 -283.16363491 0 77.84442253 0 343.11473764 0 160167
0.38550000 0.38550000 2156.41276471 0 3.82833381 0 -343.60081270 0 63.41441521 0 307.15625556 0 160033
0.38650000 0.38649600 2188.85467642 0 -16.13592040 0 -361.51472703 0 68.45132649 0 279.82754344 0 162444
0.38750000 0.38750200 2166.06783195 0 44.87978636 0 -368.46039638 0 -9.62507231 0 362.28978976 0 164307
0.38850000 0.38850400 2179.56499590 0 80.06486655 0 -371.47871213 0 -62.89523390 0 274.27920148 0 163882
0.38950000 0.38950500 2119.96267140 0 74.77229529 0 -363.07813929 0 -40.76641769 0 318.89956326 0 164595
0.39050000 0.39050100 2095.59248448 0 61.60065768 0 -364.23630447 0 -75.84121752 0 303.70058299 0 165006
0.39150000 0.39150100 2088.81622169 0 21.14902619 0 -317.56424089 0 3.36929737 0 215.77525160 0 166687
0.39250000 0.39250100 2065.37611005 0 24.31648615 0 -319.15422674 0 12.24145160 0 214.78760023 0 167256
0.39350000 0.39350100 2063.80383992 0 68.87772172 0 -331.07026270 0 3.23125870 0 199.21769707 0 167937
0.39450000 0.39449600 2042.12422793 0 32.07508560 0 -383.50990028 0 -15.61640692 0 215.20502687 0 167719
0.39550000 0.39549700 2025.21678793 0 30.79246749 0 -356.54103872 0 39.50173675 0 190.58128371 0 171636
0.39650000 0.39650400 2052.45470698 0 33.37508725 0 -391.17084182 0 6.43723928 0 211.22895503 0 171093
0.39750000 0.39750000 2028.30596655 0 32.20518541 0 -365.43322278 0 -0.14952178 0 188.92486392 0 170464
0.39850000 0.39849800 2013.54655757 0 54.81653354 0 -374.15821474 0 -37.83180872 0 194.47984928 0 172113
0.39950000 0.39949500 1986.86225476 0 61.62844922 0 -362.54666770 0 -43.32800003 0 173.03497057 0 173232
