### header ###
fiducial parameters:
Omega_m = 0.31
Omega_nu = 0
Omega_de = 0.69
Omega_k = 0
H_0 = 100
w_de = -1
zeff = 0
beta = 0
fgrowth = 0
b_1 = 2
gamma = 0.55
Lx = 3500 Ly = 3500 Lz = 3500
nx = 700 ny = 700 nz = 700
xoffset = -685.467585 yoffset = -31.7331281 zoffset = 572.489161
bins = 400 dk = 0.001
kx_ny = 0.628318531 ky_ny = 0.628318531 kz_ny = 0.628318531
############################
A(data) = 8.02202345 (not used)
A(ran) = 8.02294957 (used)
Ngal = 476132
weighted Ngal = 0
Nran = 23820508
weighted Nran = 0
SN(data) = 3485.72372
SN(ran) = 69.8828004
SN(data+ran) = 3555.60652
############################
13 columns: k_central k_mean P_0(k) sigma^{lin}_{P_0(k)} P^img_1(k) sigma^{lin}_{P_1(k)} P_2(k) sigma^{lin}_{P_2(k)} P^img_3(k) sigma^{lin}_{P_3(k)} P_4(k) sigma^{lin}_{P_4(k)} N_modes
### header ###
0.00050000 0 0 0 0 0 0 0 0 0 0 0 0
0.00150000 0.00179520 10014.18702503 0 -29308.88668795 0 -25806.93179431 0 -16451.81383179 0 -9097.23244517 0 3
0.00250000 0.00253879 16998.89740107 0 -27565.77059175 0 -34276.70666433 0 12163.17025978 0 1883.81212767 0 6
0.00350000 0.00331552 37688.42211070 0 -29238.35597885 0 -12806.36160849 0 -61835.50169145 0 -67114.45399523 0 7
0.00450000 0.00420575 54116.09827438 0 -27165.50604956 0 -33086.43174633 0 -34703.65550934 0 -3162.66564422 0 24
0.00550000 0.00557378 63171.37768082 0 -969.34549920 0 -25076.71197252 0 -46742.48356140 0 12591.33706052 0 45
0.00650000 0.00659388 69422.59082693 0 3780.61209235 0 -14266.80125207 0 -40421.84693868 0 50706.70801622 0 40
0.00750000 0.00754703 67554.91107652 0 -10798.35121333 0 -21474.44181602 0 2844.13700384 0 -24913.83807444 0 57
0.00850000 0.00846663 73658.41940955 0 -3210.91883578 0 -352.03128082 0 -25481.51616789 0 9810.26801884 0 75
0.00950000 0.00948925 78367.25770842 0 15668.66829736 0 -2621.62756429 0 -13790.58056162 0 4788.51474827 0 112
0.01050000 0.01054430 59274.47296089 0 -1224.59912494 0 9559.30270450 0 18891.93277532 0 23994.50294474 0 105
0.01150000 0.01145670 72804.63244278 0 -6780.82458684 0 5108.16169346 0 21544.52963212 0 34028.35441865 0 144
0.01250000 0.01249090 80891.08342758 0 -10448.93078671 0 7873.06514090 0 33465.76959461 0 12899.25841372 0 169
0.01350000 0.01339930 81240.74744536 0 1450.82886564 0 -5408.96354181 0 32111.84571579 0 21613.06732275 0 180
0.01450000 0.01448870 80574.74710752 0 4146.71851248 0 -2475.70539550 0 4335.90025433 0 30622.50730443 0 267
0.01550000 0.01550050 82930.93782892 0 -6426.77592844 0 -1628.72790850 0 5640.02081612 0 25677.93921017 0 238
0.01650000 0.01653350 77224.92595688 0 -1794.40310476 0 6753.17699176 0 -2166.71002679 0 22562.62989920 0 315
0.01750000 0.01747870 84956.95182424 0 2236.53210709 0 3420.72831877 0 4008.19265667 0 22472.72262167 0 297
0.01850000 0.01844180 74334.71700947 0 7203.03447682 0 1351.27759319 0 1148.68726599 0 23052.69099567 0 388
0.01950000 0.01947590 69118.87695715 0 9751.71756520 0 5440.03248525 0 8097.46794800 0 31835.25904182 0 399
0.02050000 0.02045430 66013.97563151 0 3389.77009858 0 1628.49538968 0 9422.49305904 0 24362.21485197 0 462
0.02150000 0.02154770 61398.14486111 0 878.96875510 0 8554.76603533 0 7298.02395144 0 28307.72707785 0 571
0.02250000 0.02255340 64826.02590171 0 -1008.75190323 0 3734.87231853 0 5901.85915343 0 24199.56240039 0 510
0.02350000 0.02348930 60761.26473754 0 -3783.61269238 0 9270.49218393 0 -416.30391193 0 24830.90636154 0 555
0.02450000 0.02439640 66840.30323272 0 -1397.05058399 0 1110.17772027 0 -839.04084457 0 14025.42457103 0 592
0.02550000 0.02547300 63806.26478592 0 4005.08133340 0 4467.27338831 0 -9812.79250890 0 10289.91005766 0 837
0.02650000 0.02652900 62573.58286386 0 4667.81533542 0 -100.01797094 0 -8115.06187213 0 4705.81555420 0 723
0.02750000 0.02749970 56893.03733890 0 4230.08204604 0 7105.08869148 0 -8374.74110611 0 5370.38756214 0 826
0.02850000 0.02848090 54477.49895646 0 4149.15442394 0 4256.76634885 0 -2053.88303688 0 2886.49971860 0 831
0.02950000 0.02946900 56219.39709693 0 -675.17597342 0 11024.87990680 0 -3578.94076811 0 -7164.65779900 0 996
0.03050000 0.03053250 56461.10594772 0 965.04057931 0 11607.56100038 0 2242.42258390 0 -1462.32193880 0 1041
0.03150000 0.03150510 56563.19278255 0 2265.61910439 0 20029.06053419 0 -5055.70101847 0 3807.14138262 0 1036
0.03250000 0.03246190 55789.34800098 0 -1276.50618369 0 22863.79713426 0 750.51982211 0 11519.42529482 0 1059
0.03350000 0.03345080 61081.47637130 0 -1641.88183038 0 26615.43295257 0 2135.17604570 0 6967.34897073 0 1302
0.03450000 0.03451200 60228.68591376 0 247.57386125 0 25831.06946241 0 2434.40562393 0 2970.87083372 0 1339
0.03550000 0.03553350 62034.02847544 0 580.80987069 0 26788.38266623 0 4104.03470030 0 -717.21980522 0 1365
0.03650000 0.03647120 56711.34048862 0 4598.75724553 0 23162.41773462 0 -446.43724392 0 1693.35706846 0 1308
0.03750000 0.03744890 56406.74083286 0 5045.75807078 0 20708.23693857 0 1516.38810089 0 -2001.11233680 0 1579
0.03850000 0.03847530 47609.77876445 0 3093.53004806 0 16893.59959205 0 414.14259412 0 -4572.83693313 0 1662
0.03950000 0.03950240 47010.10165227 0 2153.34573073 0 18450.03629181 0 3184.54455807 0 -6848.88616750 0 1683
0.04050000 0.04050350 46412.86045155 0 -1546.98093436 0 16357.58834758 0 2787.91173841 0 -9363.74330356 0 1822
0.04150000 0.04152450 45507.80862088 0 1957.67560654 0 18177.54637802 0 182.25600268 0 -8027.75659094 0 1887
0.04250000 0.04250150 44940.01980418 0 3133.51221298 0 19120.24411308 0 -4693.39240575 0 -4359.00819623 0 1920
0.04350000 0.04349210 44156.54210001 0 1128.11488647 0 22958.02261847 0 -2867.79856198 0 -1206.79482663 0 2005
0.04450000 0.04448520 42409.77213662 0 293.24166496 0 25053.46009040 0 2004.97657816 0 1950.46752308 0 2151
0.04550000 0.04548030 43105.99992122 0 1588.07033176 0 24808.31881891 0 4355.31003974 0 -1195.95502064 0 2274
0.04650000 0.04648670 41456.22352324 0 1210.93587612 0 23781.13924549 0 5582.71046286 0 55.43835530 0 2311
0.04750000 0.04749250 40232.95307727 0 551.53242940 0 21316.66118735 0 4370.08052105 0 1971.91461625 0 2568
0.04850000 0.04851840 38879.13992170 0 1245.70297605 0 18898.90833995 0 2283.81093407 0 97.56954775 0 2493
0.04950000 0.04949480 37545.25695080 0 827.59095348 0 17073.96776335 0 2551.84977328 0 -691.25963245 0 2644
0.05050000 0.05050630 36555.39111201 0 1072.32476341 0 17496.81984817 0 -1155.44138413 0 -1292.66070560 0 2829
0.05150000 0.05149060 36395.72818812 0 388.78475582 0 16994.35774790 0 1338.27868386 0 763.99484142 0 2784
0.05250000 0.05249300 36819.68750543 0 -1090.45348083 0 15977.14326681 0 245.23095732 0 -1860.61560717 0 3055
0.05350000 0.05348950 36674.75077355 0 145.00538029 0 14696.62890153 0 3495.33364340 0 879.55669555 0 3009
0.05450000 0.05448610 38465.36714323 0 29.41219148 0 18089.18922597 0 284.85770061 0 -2991.27712836 0 3336
0.05550000 0.05550870 37191.93906583 0 -667.01234833 0 14790.30076950 0 3083.81961919 0 1743.37075967 0 3349
0.05650000 0.05647670 36536.01454358 0 1352.20766848 0 15481.21383818 0 1518.13752821 0 1996.29587550 0 3324
0.05750000 0.05747970 36900.29403011 0 809.40133827 0 14266.13691258 0 3894.53524241 0 3431.59026942 0 3639
0.05850000 0.05849280 35862.70647135 0 -71.52024276 0 11809.63092832 0 2964.89177831 0 2596.77019507 0 3846
0.05950000 0.05951020 35698.17172455 0 1767.44199383 0 10108.75575130 0 925.59210045 0 128.91286340 0 3787
0.06050000 0.06049470 34172.07319480 0 1464.66927166 0 11005.78014649 0 -2372.81028096 0 1285.72943027 0 3930
0.06150000 0.06148310 32736.65700531 0 1046.42659566 0 10411.89386019 0 -63.35329598 0 159.29642993 0 4083
0.06250000 0.06249100 31844.33834817 0 408.38719968 0 12107.14429620 0 71.69031367 0 1144.38013163 0 4303
0.06350000 0.06350600 32707.42606778 0 450.01471207 0 10864.48620948 0 1144.35798698 0 -2074.94259869 0 4470
0.06450000 0.06451750 31344.42288261 0 1102.59982116 0 10506.49580344 0 752.40543903 0 -1229.22735672 0 4479
0.06550000 0.06550280 30794.34978562 0 893.95293228 0 9935.79496531 0 -1001.33455283 0 234.86504682 0 4636
0.06650000 0.06648880 30864.43760172 0 128.72463388 0 12054.44003006 0 -1270.93680431 0 126.60981984 0 4653
0.06750000 0.06749660 30253.13454848 0 -133.60310019 0 12839.24641321 0 -309.66745883 0 -232.34941462 0 5220
0.06850000 0.06852730 30640.77664038 0 624.57877070 0 13346.69105964 0 -315.36084825 0 -1602.50864333 0 5029
0.06950000 0.06949320 30618.52126750 0 412.07871278 0 14080.12185563 0 113.51790297 0 262.71083651 0 5040
0.07050000 0.07048030 29263.37943294 0 290.22888538 0 12931.25743245 0 2236.63175802 0 -1047.03335906 0 5475
0.07150000 0.07148790 29439.20795107 0 254.64021895 0 12322.94390691 0 2457.69072302 0 118.45505261 0 5509
0.07250000 0.07249820 28863.00416750 0 346.92583185 0 11100.55924693 0 2522.93993318 0 -672.19751804 0 5916
0.07350000 0.07351270 28412.02837764 0 367.76062546 0 9965.92276114 0 2064.19137129 0 194.98253282 0 5721
0.07450000 0.07449140 27932.48598974 0 669.56009027 0 8931.36901939 0 325.31818996 0 40.33238255 0 6028
0.07550000 0.07549160 28178.73449371 0 -361.83582445 0 9367.86220839 0 -144.38422287 0 -479.13603357 0 6183
0.07650000 0.07648840 27603.08432639 0 1078.19641726 0 9339.51705685 0 -724.73791377 0 -136.85725646 0 6330
0.07750000 0.07749960 26276.28764337 0 1814.02326434 0 8989.41014609 0 -136.48744081 0 -2095.92465422 0 6583
0.07850000 0.07848650 25306.46271251 0 1461.21470632 0 9030.83171323 0 -770.77553314 0 -690.22990624 0 6549
0.07950000 0.07947320 24049.86456884 0 862.90059732 0 8974.17462714 0 1118.79198898 0 -2671.51945992 0 6828
0.08050000 0.08048110 23321.52704227 0 688.62331191 0 8192.56814586 0 1561.40817360 0 -1653.83994119 0 7147
0.08150000 0.08149960 22845.85996806 0 -302.25564460 0 7771.84194740 0 1349.00776660 0 -1861.92214150 0 7386
0.08250000 0.08250610 22907.64354055 0 -197.14606509 0 5784.82468010 0 1325.81124611 0 -1330.22910371 0 7227
0.08350000 0.08350160 23310.01182446 0 113.30974326 0 6278.71680096 0 517.29790829 0 -139.28431006 0 7798
0.08450000 0.08449610 22676.34267508 0 252.67709576 0 5773.40911321 0 1002.86585536 0 1749.56018924 0 7371
0.08550000 0.08548940 23540.31618068 0 6.47603670 0 6727.81029561 0 260.23063575 0 2367.55092667 0 8256
0.08650000 0.08650700 23218.55442145 0 179.30854981 0 7426.19718354 0 -255.80724198 0 3703.96945996 0 8037
0.08750000 0.08749060 23062.10247177 0 735.60761505 0 7996.52156262 0 171.89562834 0 2323.70452039 0 8155
0.08850000 0.08849210 22292.68662012 0 1111.76106272 0 7774.02319539 0 -973.15991510 0 3510.08198006 0 8718
0.08950000 0.08949900 21352.20335002 0 1185.60239693 0 8352.99506016 0 290.06722944 0 2154.18722742 0 8571
0.09050000 0.09049190 20227.91948794 0 402.21770029 0 6533.81209246 0 511.01325673 0 2187.33776792 0 8932
0.09150000 0.09150830 20194.03817399 0 54.78885273 0 6775.19984583 0 1019.29054199 0 431.18400925 0 9285
0.09250000 0.09250820 19837.06642184 0 -27.59666238 0 6164.55005976 0 699.29814027 0 -373.77954123 0 9204
0.09350000 0.09350330 19668.54563810 0 240.62708466 0 5595.78687847 0 158.60551686 0 -999.88961445 0 9349
0.09450000 0.09448040 19573.98798415 0 562.10539237 0 5553.39094674 0 870.02674558 0 528.51417334 0 9564
0.09550000 0.09549270 19019.04306424 0 -109.44528046 0 5452.18989790 0 159.79689902 0 512.82911800 0 10155
0.09650000 0.09649430 19251.78333192 0 257.94973684 0 5415.38549020 0 1387.08549166 0 773.19815781 0 9913
0.09750000 0.09749140 19326.18935471 0 116.50410897 0 5579.55485029 0 -357.10794175 0 1611.48829876 0 10476
0.09850000 0.09850240 18485.57845447 0 735.60982951 0 5839.09014404 0 -63.79098498 0 894.64605981 0 10575
0.09950000 0.09950330 18250.62372182 0 980.64923561 0 5984.31475636 0 -964.67076366 0 1135.99838174 0 10882
0.10050000 0.10051200 17306.59730779 0 680.77081915 0 6753.69739103 0 -372.23827361 0 617.29539543 0 10875
0.10150000 0.10150300 16882.52726723 0 508.40683147 0 6598.82878379 0 121.23199167 0 666.04573437 0 11118
0.10250000 0.10250800 16848.97812303 0 -22.11098977 0 6498.38065304 0 527.80665178 0 -360.92900104 0 11575
0.10350000 0.10349800 16436.97691653 0 259.58511921 0 6017.39886292 0 743.48446692 0 291.70371904 0 11364
0.10450000 0.10450100 16497.32108679 0 237.74274404 0 5791.25770082 0 501.58074321 0 -193.67267680 0 12093
0.10550000 0.10551000 15952.00908947 0 271.29299547 0 5640.34191354 0 208.35679397 0 1032.98590056 0 12067
0.10650000 0.10649700 16010.36024127 0 337.93067516 0 5885.98143964 0 142.01917429 0 294.34003958 0 12054
0.10750000 0.10749900 15706.64637149 0 28.84019518 0 5569.83334910 0 136.31803424 0 1274.33600803 0 12807
0.10850000 0.10850100 15662.46779546 0 321.06973893 0 6468.49644835 0 -451.22713164 0 630.92985621 0 12736
0.10950000 0.10950300 15229.87206480 0 303.59318143 0 6279.51400835 0 -87.11871252 0 968.09321926 0 12933
0.11050000 0.11050200 15536.90763202 0 193.80665193 0 6512.77467530 0 80.41054453 0 1857.22747578 0 13428
0.11150000 0.11150900 15281.69054495 0 -83.58896609 0 6130.73517976 0 589.22926648 0 1687.04584332 0 13453
0.11250000 0.11250000 15429.72752778 0 -91.26374804 0 6068.63050985 0 876.62363670 0 1242.73559300 0 13668
0.11350000 0.11349100 15176.72490567 0 256.92111786 0 5933.48171312 0 399.09641193 0 635.47836725 0 13791
0.11450000 0.11448600 14984.84151656 0 565.32854613 0 5953.24581292 0 67.89283843 0 629.82373096 0 14205
0.11550000 0.11549300 14403.10157059 0 488.53200842 0 5381.85849065 0 -451.96454847 0 829.06357268 0 14776
0.11650000 0.11649800 14166.04309622 0 222.95454701 0 5726.40709436 0 -191.65862091 0 354.80268372 0 14553
0.11750000 0.11747300 14071.59616552 0 -103.05533108 0 5954.98416791 0 252.94615325 0 81.18881824 0 14568
0.11850000 0.11849100 14427.90357819 0 -176.55486263 0 5612.31785943 0 294.66778040 0 -561.15538690 0 16015
0.11950000 0.11950300 14477.83976312 0 -79.74044743 0 5328.54524665 0 290.23109984 0 -583.56355787 0 15270
0.12050000 0.12050700 14426.68562246 0 100.68541068 0 4976.78855949 0 266.79652437 0 -173.52990349 0 15999
0.12150000 0.12150000 14374.64569581 0 129.79532769 0 5206.48393785 0 19.53025230 0 29.74624352 0 15670
0.12250000 0.12250700 14391.36490628 0 174.30164453 0 5127.22823680 0 631.82892899 0 -327.72974231 0 16887
0.12350000 0.12352200 13903.40755153 0 206.38149122 0 5173.08980619 0 158.30988579 0 -117.23488241 0 16407
0.12450000 0.12449800 13939.17116069 0 515.30599706 0 5210.00493714 0 95.49736216 0 -2.42394228 0 16306
0.12550000 0.12549900 13520.74800579 0 151.11841082 0 4831.51965786 0 272.30722043 0 639.64266861 0 17523
0.12650000 0.12650100 13566.47670729 0 15.61109221 0 4815.09940016 0 901.33595847 0 586.30838719 0 17154
0.12750000 0.12750600 13303.17682311 0 -78.64063341 0 3968.86375892 0 765.03896165 0 198.75708835 0 18007
0.12850000 0.12850300 13553.07919426 0 21.41487271 0 3759.12070988 0 736.96729653 0 -40.97158787 0 17496
0.12950000 0.12949900 13252.35485219 0 207.73010039 0 3574.55612748 0 -3.55374016 0 -148.96705811 0 18405
0.13050000 0.13049000 13105.42510185 0 341.96764479 0 3057.10209940 0 253.76882698 0 179.91531321 0 18100
0.13150000 0.13148800 12798.72170437 0 163.47180362 0 3133.40148973 0 48.08013112 0 626.22854709 0 19059
0.13250000 0.13249300 12828.83842788 0 -57.68537290 0 3324.38802052 0 273.41002398 0 747.23687780 0 18957
0.13350000 0.13349100 12819.98056802 0 190.17382216 0 3520.42353144 0 293.40442814 0 764.33476179 0 19468
0.13450000 0.13450700 12513.49861704 0 473.72277397 0 3864.16385543 0 102.45687192 0 1321.69234128 0 19953
0.13550000 0.13551000 12272.01121275 0 537.10076123 0 3797.72990652 0 38.05491606 0 1861.32423596 0 19956
0.13650000 0.13649900 11735.00345904 0 305.09901761 0 4068.81363506 0 -124.21487598 0 2624.76103221 0 19723
0.13750000 0.13749600 11680.52762093 0 181.24731389 0 3835.85192087 0 427.15368302 0 2147.05665023 0 20946
0.13850000 0.13851100 11549.65274158 0 65.67195152 0 3791.11972861 0 369.23767359 0 2085.58310284 0 20955
0.13950000 0.13949800 11562.38591512 0 14.20213888 0 3445.28673522 0 514.48332333 0 2072.42918096 0 20506
0.14050000 0.14048300 11376.81375116 0 -34.81448948 0 3172.95183398 0 310.57760393 0 1427.14516285 0 21447
0.14150000 0.14148400 11619.62983443 0 -28.79568443 0 3142.94583372 0 222.16398302 0 1231.45289401 0 21771
0.14250000 0.14249400 11397.40827532 0 9.60934961 0 3163.32998371 0 17.85456666 0 1199.81926200 0 22470
0.14350000 0.14350900 11519.86818782 0 230.68635143 0 3132.90323511 0 -441.12695694 0 715.90219857 0 22519
0.14450000 0.14449900 11389.21475496 0 215.46744097 0 3202.42636265 0 -260.30592756 0 910.38758401 0 22218
0.14550000 0.14550500 11194.89545439 0 104.76312646 0 3383.17099299 0 -348.06960300 0 572.10370168 0 23559
0.14650000 0.14650700 11029.81816367 0 321.16717539 0 3561.44649489 0 -201.04684513 0 661.39867965 0 23044
0.14750000 0.14750500 10954.74780140 0 194.96924603 0 3425.66657564 0 93.09289610 0 315.61994065 0 23649
0.14850000 0.14849900 10609.26912241 0 183.94674668 0 3225.96612521 0 498.50152968 0 246.12338670 0 23640
0.14950000 0.14949500 10454.68839561 0 105.39757067 0 2760.58524076 0 368.55672561 0 219.94066020 0 24457
0.15050000 0.15050000 10435.40040578 0 239.12678464 0 2768.55731463 0 556.95011794 0 31.47906235 0 24591
0.15150000 0.15149900 10045.05666662 0 369.09816229 0 2707.18341816 0 -116.05789428 0 25.95563312 0 25020
0.15250000 0.15250500 9788.17873083 0 337.72915885 0 2851.88763121 0 -188.62480391 0 678.67593529 0 25297
0.15350000 0.15350100 9613.78961494 0 187.02263851 0 2751.73845323 0 169.24934271 0 1273.49451134 0 25452
0.15450000 0.15450400 9645.29037904 0 -163.41312030 0 2761.70354557 0 406.80717893 0 822.69698591 0 26061
0.15550000 0.15549900 9719.38637673 0 -157.73633937 0 2812.66945671 0 228.88931312 0 498.85030791 0 26128
0.15650000 0.15649500 9684.10994986 0 266.46767632 0 2817.53020730 0 15.09357175 0 430.70014866 0 26331
0.15750000 0.15749700 9521.29141340 0 229.31670485 0 2618.73768751 0 -135.11004360 0 708.83584087 0 27345
0.15850000 0.15849900 9270.31502674 0 93.55062601 0 2484.20894096 0 -126.31418876 0 519.23999407 0 26980
0.15950000 0.15949700 9301.77150155 0 64.37803964 0 2482.30450109 0 175.22507642 0 300.32241668 0 27777
0.16050000 0.16050000 9194.85713310 0 57.33681612 0 2168.54803271 0 202.71433724 0 -218.14694358 0 28224
0.16150000 0.16150500 9163.33422434 0 160.07370714 0 2277.34469637 0 -101.59345203 0 -20.01953833 0 28075
0.16250000 0.16249700 9020.52337883 0 163.22378355 0 2388.96480287 0 90.47949527 0 -51.51842015 0 28590
0.16350000 0.16349900 8873.87043660 0 249.82154319 0 2580.33886504 0 139.39060437 0 -17.58971665 0 29163
0.16450000 0.16449100 8660.14135063 0 177.72520736 0 2317.89154986 0 167.46780565 0 288.86920389 0 28996
0.16550000 0.16550500 8622.71689274 0 -11.64985728 0 2354.82882546 0 181.84189773 0 179.71047520 0 30777
0.16650000 0.16650700 8601.41373979 0 161.42563800 0 2496.52136616 0 78.64218353 0 190.77615663 0 29211
0.16750000 0.16749900 8449.82254070 0 229.88028619 0 2426.25639286 0 -197.98866901 0 239.82434111 0 30922
0.16850000 0.16850800 8338.51245930 0 258.55096407 0 2507.54940168 0 -242.84930025 0 225.75805966 0 30867
0.16950000 0.16949900 8134.40522359 0 111.79504923 0 2302.97712833 0 -60.08452424 0 232.42802813 0 30852
0.17050000 0.17049200 8200.34091789 0 -43.53073430 0 2642.53211354 0 68.67122286 0 183.73305081 0 31257
0.17150000 0.17149500 8090.06056269 0 -2.97050545 0 2453.45002261 0 245.81114714 0 154.28066679 0 32608
0.17250000 0.17250900 8159.62797953 0 181.76660592 0 2466.07247291 0 257.97631041 0 -10.39704587 0 32361
0.17350000 0.17350400 7960.30398814 0 107.13149674 0 2431.26108368 0 226.38696771 0 424.04457421 0 32508
0.17450000 0.17449800 7978.69511967 0 75.51901287 0 2308.14790402 0 293.53840327 0 394.90332252 0 32791
0.17550000 0.17549800 7823.77115080 0 127.23540619 0 2238.68013811 0 29.72509538 0 745.96245322 0 33633
0.17650000 0.17650100 7747.68213465 0 172.49021219 0 2273.02648970 0 32.78681464 0 722.67624689 0 33984
0.17750000 0.17750300 7605.83458140 0 109.30942303 0 2259.89471246 0 158.52136720 0 796.85750148 0 34069
0.17850000 0.17849800 7491.74534647 0 40.23173512 0 2052.58757488 0 136.99233882 0 842.38579390 0 34536
0.17950000 0.17950400 7476.32159800 0 4.82670320 0 2175.55681432 0 150.78070492 0 722.04069545 0 35343
0.18050000 0.18050100 7538.45948488 0 -38.02491006 0 1858.99904775 0 160.46898913 0 443.44439452 0 34990
0.18150000 0.18150500 7516.87952381 0 72.39119183 0 1947.32298283 0 -111.71200679 0 552.77474425 0 36243
0.18250000 0.18250200 7566.17351390 0 32.98368057 0 1819.37119723 0 -51.51255182 0 667.60803941 0 35694
0.18350000 0.18350400 7489.53088150 0 -36.61839264 0 1806.91483180 0 -88.56841201 0 185.72385481 0 37087
0.18450000 0.18450600 7419.95239234 0 124.46511052 0 1622.61598520 0 91.97603070 0 156.47630880 0 36651
0.18550000 0.18550700 7422.63189495 0 138.97317773 0 1697.19916518 0 69.77535510 0 13.74529475 0 37818
0.18650000 0.18651000 7249.50502409 0 32.28734206 0 1435.79264853 0 283.13484687 0 48.84622528 0 37267
0.18750000 0.18750100 7282.74414319 0 112.14272023 0 1315.07109104 0 193.87640757 0 -21.75113921 0 38334
0.18850000 0.18850000 7197.66439928 0 145.63650280 0 1443.13359989 0 -87.11273347 0 35.67436623 0 38223
0.18950000 0.18949500 7042.38611603 0 113.04290024 0 1340.54851044 0 50.30146093 0 133.88544447 0 39064
0.19050000 0.19050000 7027.17274173 0 59.09665142 0 1589.96369931 0 -20.53816603 0 -165.54011390 0 39609
0.19150000 0.19149800 6944.85000670 0 137.69321698 0 1638.91444733 0 -63.69842034 0 96.54369685 0 39576
0.19250000 0.19250400 6937.69728487 0 147.86204009 0 1672.72932733 0 -183.72087125 0 151.97319430 0 40909
0.19350000 0.19350500 6808.72684538 0 144.34768420 0 1751.86323281 0 46.41385696 0 445.42080450 0 40191
0.19450000 0.19450100 6847.94501989 0 19.73331874 0 1746.20527482 0 35.26723684 0 307.35887911 0 41232
0.19550000 0.19549800 6804.14290290 0 -35.25959694 0 1707.77323538 0 27.14302923 0 187.17100766 0 40873
0.19650000 0.19649700 6825.72286398 0 33.79129594 0 1830.13349695 0 -16.63572515 0 104.41600908 0 42816
0.19750000 0.19750200 6829.80855183 0 -0.75003818 0 1670.23805424 0 -51.86288017 0 12.18930095 0 41727
0.19850000 0.19849000 6797.83167776 0 79.93908494 0 1731.99948208 0 7.98490669 0 11.10122359 0 42610
0.19950000 0.19949900 6775.64273882 0 64.42232894 0 1600.49348021 0 64.27196677 0 58.80832809 0 43863
0.20050000 0.20050100 6730.56730448 0 69.46211903 0 1608.41019246 0 352.46420872 0 289.66973298 0 43302
0.20150000 0.20150100 6739.27015179 0 75.03625951 0 1553.22572556 0 91.80839570 0 157.96996542 0 44487
0.20250000 0.20249700 6557.73938639 0 95.34389974 0 1582.46773541 0 151.47161798 0 466.52797730 0 43759
0.20350000 0.20349100 6574.37001827 0 132.60659096 0 1570.88608365 0 39.84796834 0 445.16392657 0 45282
0.20450000 0.20449700 6414.29741837 0 69.26359224 0 1583.08778560 0 -129.12323757 0 669.43054407 0 45483
0.20550000 0.20549900 6424.24036605 0 60.48943916 0 1835.44821286 0 125.99087688 0 615.85931490 0 46138
0.20650000 0.20650200 6386.81590817 0 115.51313590 0 1649.31136034 0 -62.81717401 0 589.88364088 0 46227
0.20750000 0.20749300 6204.73152652 0 150.66776720 0 1619.16141985 0 117.71431408 0 516.35897515 0 46236
0.20850000 0.20850300 6187.72443560 0 97.40146986 0 1590.92699157 0 -74.15158076 0 573.04927822 0 48361
0.20950000 0.20950400 6166.19983615 0 41.74233240 0 1625.32870478 0 201.88169842 0 774.71617354 0 46812
0.21050000 0.21050300 6070.74532389 0 86.70161805 0 1425.00820416 0 168.96699843 0 527.44901569 0 48813
0.21150000 0.21149700 6096.63241932 0 -42.20006230 0 1328.46860407 0 287.64792646 0 735.14700633 0 47215
0.21250000 0.21249000 6053.43928020 0 -15.78105239 0 1323.12067118 0 312.73781450 0 779.77733321 0 50004
0.21350000 0.21350300 6058.17823522 0 90.46620848 0 1281.68803171 0 296.48474890 0 930.72523023 0 49509
0.21450000 0.21449800 5953.24581292 0 127.24426405 0 1134.39289464 0 211.94311998 0 827.68174654 0 49660
0.21550000 0.21550100 5827.14310556 0 169.53279423 0 1084.24744277 0 -49.05770668 0 948.75208227 0 50841
0.21650000 0.21649800 5731.46714680 0 155.32589425 0 1124.05134326 0 16.62265980 0 1036.84239130 0 50424
0.21750000 0.21750300 5625.84824035 0 59.03586436 0 1061.78169572 0 -79.97805952 0 1068.87905593 0 52231
0.21850000 0.21850300 5635.71368177 0 -3.95667313 0 1211.21268424 0 -33.09274297 0 963.32104727 0 51078
0.21950000 0.21950100 5699.65635760 0 30.70089936 0 1097.21977853 0 -16.07048297 0 810.29266041 0 52791
0.22050000 0.22050700 5591.54617807 0 103.88730557 0 1248.24961075 0 44.73606758 0 667.80623402 0 52969
0.22150000 0.22150000 5495.44947096 0 105.83393099 0 912.58433325 0 -5.56952332 0 648.35548101 0 52704
0.22250000 0.22250100 5476.18362578 0 51.35897867 0 1076.18568307 0 -24.86910588 0 635.39643204 0 54051
0.22350000 0.22349900 5421.59706442 0 5.47920637 0 831.74086082 0 147.79006998 0 655.68646727 0 53938
0.22450000 0.22449800 5506.55501276 0 24.38646324 0 926.50446001 0 47.79878335 0 440.68960011 0 54735
0.22550000 0.22549100 5483.91210850 0 58.32945004 0 773.92228785 0 -77.84608338 0 532.02410030 0 54774
0.22650000 0.22649900 5411.79805696 0 64.19025301 0 886.63855450 0 -30.14971903 0 353.98776061 0 56911
0.22750000 0.22749800 5444.89323584 0 85.96785508 0 1014.84389635 0 -141.78001207 0 497.88258673 0 54879
0.22850000 0.22849100 5359.96850448 0 86.42292763 0 1092.55500809 0 13.96109436 0 483.63250468 0 57210
0.22950000 0.22949800 5411.54339349 0 32.14207316 0 943.48054842 0 58.16347589 0 599.53981535 0 57375
0.23050000 0.23049600 5245.25921936 0 -7.00394300 0 1005.06149737 0 218.28534764 0 623.47153821 0 57604
0.23150000 0.23150100 5356.38107124 0 78.92962109 0 885.96757162 0 238.65510361 0 668.17051351 0 58629
0.23250000 0.23250200 5212.99446484 0 59.79132908 0 562.93470950 0 266.15432953 0 677.79900717 0 58560
0.23350000 0.23350400 5210.15994969 0 46.00373805 0 590.40404014 0 173.84103582 0 575.79964371 0 59305
0.23450000 0.23449700 5139.91712104 0 77.53295803 0 561.56395569 0 -9.18815838 0 560.80107251 0 59196
0.23550000 0.23549300 5066.92835583 0 115.91063236 0 596.16275628 0 -131.20262017 0 502.94042470 0 60063
0.23650000 0.23649900 5013.60403951 0 91.19133504 0 688.59895280 0 -147.56308732 0 570.34763097 0 61537
0.23750000 0.23750400 4991.89121054 0 70.58839591 0 780.39295447 0 -195.62362043 0 559.49785988 0 61224
0.23850000 0.23850100 5004.34757596 0 7.86659890 0 888.78104936 0 -6.42749563 0 545.01968794 0 61221
0.23950000 0.23949400 4987.75016106 0 -26.14120528 0 877.52270948 0 -44.60995380 0 498.62000356 0 62332
0.24050000 0.24050100 5061.02680671 0 65.85685934 0 974.21732212 0 63.25796326 0 553.08587657 0 63447
0.24150000 0.24150500 4981.09569384 0 89.78094230 0 890.62791313 0 26.04675835 0 558.14371455 0 63342
0.24250000 0.24250300 4928.49107863 0 79.06481417 0 908.86292488 0 89.49450126 0 547.90624302 0 63379
0.24350000 0.24349600 4831.46429624 0 139.91211087 0 851.66883103 0 3.60668801 0 507.65059168 0 64266
0.24450000 0.24449500 4754.48949410 0 53.12025338 0 872.07512567 0 89.79179318 0 527.16113524 0 64695
0.24550000 0.24549600 4756.16141515 0 53.58562319 0 682.69297474 0 32.71705899 0 362.61420888 0 65947
0.24650000 0.24650000 4710.39949667 0 38.55881756 0 755.33406894 0 -45.10433310 0 333.25483239 0 66018
0.24750000 0.24750000 4644.04305404 0 81.26466367 0 748.16030969 0 -24.42455204 0 500.11366018 0 66303
0.24850000 0.24849600 4650.78609985 0 75.60061591 0 727.95885306 0 -42.24091918 0 397.87402727 0 66958
0.24950000 0.24949200 4627.67815795 0 50.21443245 0 617.43933565 0 133.90980359 0 531.91226982 0 66975
0.25050000 0.25048900 4564.87593158 0 73.26335886 0 751.27163297 0 22.81762554 0 402.27970531 0 68676
0.25150000 0.25150000 4494.32307784 0 103.32804244 0 633.93820686 0 114.61517036 0 415.80122838 0 69349
0.25250000 0.25249900 4452.54719630 0 36.23141489 0 662.80265043 0 54.41206152 0 486.97856124 0 68592
0.25350000 0.25349900 4387.04332267 0 46.47165450 0 707.88251370 0 55.81747171 0 443.98472397 0 70437
0.25450000 0.25450100 4407.08423059 0 37.63217470 0 578.60869251 0 83.45255505 0 379.08539928 0 70099
0.25550000 0.25550100 4374.17728123 0 43.87785168 0 564.77271542 0 -60.70656745 0 343.23542598 0 71064
0.25650000 0.25650300 4335.26913182 0 82.85708542 0 553.23535296 0 -62.21948992 0 333.11421387 0 71409
0.25750000 0.25750600 4320.89725420 0 75.16491992 0 635.78507064 0 -130.17067950 0 297.76470965 0 72612
0.25850000 0.25850600 4280.46112397 0 64.27185604 0 604.91321458 0 -17.85644896 0 272.96159482 0 71845
0.25950000 0.25949600 4267.04146629 0 21.35785024 0 648.94452869 0 -58.19901805 0 253.12331045 0 72816
0.26050000 0.26049800 4291.40058089 0 14.93590184 0 670.99949250 0 80.57784736 0 162.78199779 0 73743
0.26150000 0.26149900 4204.33889084 0 64.78483685 0 643.06401698 0 41.91993249 0 227.82858440 0 74662
0.26250000 0.26250300 4217.22707693 0 57.27935075 0 575.25599256 0 124.01889583 0 248.59805129 0 74931
0.26350000 0.26350100 4168.27632890 0 44.98109813 0 526.21777317 0 151.29999695 0 382.53110676 0 75087
0.26450000 0.26450200 4172.59453558 0 20.48014705 0 437.00140871 0 133.76807783 0 253.27610853 0 76678
0.26550000 0.26550600 4158.39981516 0 25.15543620 0 449.75672690 0 -80.60342443 0 178.93873416 0 76035
0.26650000 0.26650100 4184.18725967 0 82.58282394 0 454.00407070 0 -108.91624478 0 234.09330578 0 77094
0.26750000 0.26750600 4071.01702770 0 92.03438185 0 555.73880560 0 -130.12528297 0 263.51247282 0 78463
0.26850000 0.26850100 4068.22680184 0 90.41627230 0 591.39833491 0 -64.75095554 0 329.45370328 0 77076
0.26950000 0.26949700 4019.94039331 0 26.29920736 0 538.92437313 0 31.15110009 0 202.18729458 0 79149
0.27050000 0.27049900 4005.55744337 0 23.68049181 0 576.13402792 0 135.14990397 0 223.51480665 0 79648
0.27150000 0.27150200 4039.73771008 0 49.54001715 0 550.47612961 0 35.81863862 0 198.22561676 0 80241
0.27250000 0.27250500 3997.93968389 0 5.66577504 0 499.19797891 0 78.32606866 0 301.37760924 0 80835
0.27350000 0.27350000 3991.03055321 0 16.45026371 0 544.83367289 0 104.19533764 0 321.80604853 0 80680
0.27450000 0.27450400 3992.96821005 0 55.87814805 0 492.54904786 0 114.32396822 0 417.35246109 0 82617
0.27550000 0.27550800 3958.26754407 0 46.39846643 0 447.38724939 0 49.06601092 0 357.38364264 0 82548
0.27650000 0.27649900 3888.04686007 0 54.62188207 0 361.24677677 0 48.50874082 0 427.81802251 0 81181
0.27750000 0.27748900 3896.69434575 0 26.80144801 0 320.98891096 0 15.52616748 0 404.16200053 0 84096
0.27850000 0.27849800 3927.80757849 0 2.64912015 0 225.81120682 0 58.25515474 0 280.75761873 0 85215
0.27950000 0.27950200 3876.55378691 0 24.14951549 0 257.39169166 0 -103.30656213 0 170.96001690 0 84514
0.28050000 0.28050300 3878.85683047 0 74.92177167 0 209.25586675 0 -121.64720385 0 79.28869658 0 85815
0.28150000 0.28150100 3855.99247972 0 98.86899579 0 367.81155815 0 -105.35737813 0 190.09520865 0 85485
0.28250000 0.28250000 3806.67634498 0 70.43969458 0 302.37079677 0 31.16117591 0 69.89250029 0 87220
0.28350000 0.28350400 3787.25548724 0 14.55667472 0 379.03335935 0 65.15786348 0 244.25548550 0 87147
0.28450000 0.28449700 3779.08411153 0 39.04002080 0 400.57124559 0 70.15580018 0 129.29485860 0 87102
0.28550000 0.28549800 3768.27752250 0 124.14622756 0 385.41655461 0 -15.81648383 0 106.17506932 0 88971
0.28650000 0.28649900 3656.07058279 0 159.37725790 0 390.26180395 0 -141.73572277 0 235.20496719 0 89434
0.28750000 0.28750100 3561.05896352 0 95.85134438 0 297.87875460 0 19.74261949 0 352.53174990 0 89619
0.28850000 0.28849900 3507.15888631 0 35.92814391 0 325.25839941 0 44.82674992 0 280.65021718 0 90240
0.28950000 0.28950100 3491.95658433 0 -13.19643961 0 194.81201902 0 196.47397498 0 60.57358883 0 91333
0.29050000 0.29050500 3508.16646786 0 1.37084239 0 151.87354337 0 138.25458385 0 112.68858584 0 92139
0.29150000 0.29150600 3485.68964848 0 19.92221260 0 16.10923610 0 121.55198186 0 20.10623464 0 92370
0.29250000 0.29250200 3511.02312767 0 16.68754363 0 21.77616267 0 95.26229670 0 164.07856702 0 91819
0.29350000 0.29349600 3457.02339953 0 24.49231467 0 -34.64785099 0 32.24836748 0 233.98368977 0 93552
0.29450000 0.29450000 3484.80386250 0 27.84767198 0 -42.16706678 0 86.94144460 0 320.47736955 0 94701
0.29550000 0.29550200 3476.98680118 0 46.67682468 0 -84.36834704 0 50.42347795 0 275.50380060 0 95020
0.29650000 0.29650300 3482.36795104 0 40.30536608 0 -41.31981248 0 -22.94052835 0 373.83268839 0 95151
0.29750000 0.29749800 3405.91354816 0 90.25384129 0 1.86020593 0 -107.11112366 0 328.44501449 0 95802
0.29850000 0.29850000 3399.09299608 0 107.49289742 0 88.75531285 0 -106.87594748 0 429.17548953 0 97399
0.29950000 0.29950700 3352.13526652 0 78.16618429 0 186.18335629 0 -100.63226352 0 428.60526480 0 97881
0.30050000 0.30050300 3347.63990264 0 -4.68442382 0 128.49875845 0 43.67633537 0 430.19857234 0 97188
0.30150000 0.30149700 3348.79142443 0 -11.93962002 0 170.44515379 0 52.96922687 0 391.36350027 0 98263
0.30250000 0.30249700 3379.96001879 0 21.18047159 0 156.80958578 0 72.12922063 0 300.79741942 0 100050
0.30350000 0.30350600 3363.75013526 0 69.10127196 0 130.11974680 0 -28.89843561 0 227.33475871 0 100779
0.30450000 0.30450500 3301.06970446 0 86.30312508 0 105.17036657 0 -57.56645613 0 206.77345152 0 99982
0.30550000 0.30550300 3253.44763541 0 97.09653803 0 75.72285437 0 -113.09161847 0 186.14128146 0 101559
0.30650000 0.30649700 3186.00610494 0 68.45863423 0 61.45848903 0 -48.84091056 0 149.20400586 0 100935
0.30750000 0.30749800 3183.94665253 0 25.59755413 0 56.90510617 0 6.64269733 0 112.54907455 0 103762
0.30850000 0.30850200 3155.36898217 0 31.11334346 0 55.22078412 0 -19.11448650 0 68.20972837 0 102951
0.30950000 0.30950100 3185.52999497 0 38.79100422 0 47.32522002 0 58.46718976 0 -28.55962247 0 104394
0.31050000 0.31050000 3140.78673038 0 42.32374017 0 22.14309951 0 41.91273548 0 89.16100283 0 103963
0.31150000 0.31149700 3146.54433929 0 43.54158518 0 43.21284786 0 9.10336651 0 116.85288721 0 105936
0.31250000 0.31250000 3114.06921059 0 68.34857532 0 23.03575034 0 89.67210135 0 162.65023712 0 105717
0.31350000 0.31349800 3090.96126870 0 31.40033812 0 -35.18541236 0 129.84183145 0 301.44182872 0 106776
0.31450000 0.31450400 3068.56195559 0 20.87100011 0 -46.61371242 0 62.81163785 0 194.54406876 0 108733
0.31550000 0.31549900 3122.00806749 0 37.25128673 0 -79.19845713 0 -39.26523189 0 191.32202224 0 105891
0.31650000 0.31650000 3074.14240730 0 35.54792028 0 1.76255910 0 -68.09623704 0 212.06934448 0 111072
0.31750000 0.31750600 3029.14447924 0 79.69527235 0 -20.08098974 0 -59.24324900 0 249.80604193 0 108121
0.31850000 0.31849900 3053.32643664 0 50.82462828 0 -37.22914208 0 -70.36728158 0 212.34615260 0 110484
0.31950000 0.31950100 3035.57749996 0 47.65661470 0 85.21405121 0 -30.47834564 0 105.23569328 0 110817
0.32050000 0.32049800 3004.73000301 0 39.01909411 0 79.04311242 0 -6.66712288 0 175.17414372 0 111088
0.32150000 0.32149900 2998.07553579 0 50.75487263 0 114.28632231 0 -12.27511146 0 169.87271460 0 112635
0.32250000 0.32250100 2973.39532377 0 50.42879266 0 95.51419209 0 5.91617567 0 245.99716219 0 113202
0.32350000 0.32350400 2952.63471474 0 21.88245699 0 58.36322063 0 108.95887323 0 200.66927885 0 113863
0.32450000 0.32450300 2940.05655374 0 53.10143043 0 57.43547053 0 71.28085910 0 215.05001433 0 114045
0.32550000 0.32549900 2913.99230112 0 54.46908399 0 -22.93764954 0 42.81070102 0 239.64275498 0 114828
0.32650000 0.32650300 2881.77183590 0 67.40499180 0 -37.80811394 0 -25.25054747 0 205.39383985 0 116431
0.32750000 0.32750400 2847.48084594 0 51.50424757 0 17.05370541 0 -18.32381179 0 255.51714707 0 116442
0.32850000 0.32850400 2841.05889754 0 42.75622518 0 -19.86972978 0 -51.34070934 0 253.77657761 0 116955
0.32950000 0.32949800 2837.09500526 0 35.22184031 0 65.36458378 0 -47.86610308 0 216.20817950 0 117028
0.33050000 0.33049700 2811.66187515 0 37.75308449 0 28.91537626 0 11.47114996 0 202.00792292 0 119061
0.33150000 0.33150100 2818.22776377 0 53.17461850 0 119.54789107 0 -16.74124440 0 249.00994178 0 120060
0.33250000 0.33250400 2768.67911020 0 80.92053581 0 50.91209964 0 49.43416572 0 249.20481469 0 119737
0.33350000 0.33350100 2723.59260354 0 38.02324921 0 59.31200814 0 60.61964970 0 295.46277332 0 120531
0.33450000 0.33450000 2739.06064131 0 24.78971731 0 -17.20528554 0 77.38292803 0 291.45348450 0 121704
0.33550000 0.33550300 2729.05125968 0 -13.16886952 0 -40.71426704 0 60.30884955 0 222.52604804 0 122761
0.33650000 0.33650300 2759.28977876 0 -2.74425356 0 -49.25302249 0 -44.10826676 0 227.34915273 0 122472
0.33750000 0.33749900 2742.01695204 0 57.63610106 0 -61.73120039 0 -66.29421617 0 198.31640983 0 122985
0.33850000 0.33849800 2742.12767529 0 52.44450940 0 -53.52217877 0 -22.15461473 0 171.15710428 0 125380
0.33950000 0.33950300 2712.14381968 0 33.20712009 0 -88.32293857 0 -12.45415096 0 192.30081575 0 125223
0.34050000 0.34050000 2692.93333612 0 71.11300266 0 -57.20372677 0 48.07902389 0 174.81982933 0 125178
0.34150000 0.34149900 2664.90928200 0 46.82873697 0 -89.41666281 0 41.06448467 0 125.63434802 0 127059
0.34250000 0.34250300 2627.99415106 0 59.75368318 0 -116.67351554 0 34.68450039 0 200.08466010 0 127957
0.34350000 0.34349800 2596.46016997 0 67.76074559 0 -85.82170039 0 16.25882321 0 132.66748874 0 126732
0.34450000 0.34449700 2571.74674098 0 1.74468837 0 -181.00925890 0 86.04004664 0 206.72694776 0 129639
0.34550000 0.34550000 2610.97598781 0 -2.00578486 0 -180.84095957 0 65.24987450 0 179.91531321 0 129826
0.34650000 0.34650400 2597.47882386 0 28.84263109 0 -249.05423108 0 52.72032101 0 93.48729231 0 130875
0.34750000 0.34750200 2595.54116701 0 75.48457794 0 -228.54607105 0 -8.78195907 0 197.86465897 0 130686
0.34850000 0.34850200 2545.33924628 0 95.39693617 0 -221.97353903 0 -44.16384983 0 144.07530501 0 132211
0.34950000 0.34950400 2499.11229017 0 59.70784375 0 -240.40231646 0 -23.37555999 0 280.40108987 0 132768
0.35050000 0.35050300 2466.34928103 0 30.85901216 0 -189.10312835 0 -26.40605529 0 149.18518291 0 132957
0.35150000 0.35150100 2480.56614610 0 33.78022362 0 -173.59523020 0 21.53855058 0 255.91685800 0 133987
0.35250000 0.35249800 2469.32773640 0 18.23899778 0 -210.11729362 0 -15.75381448 0 172.54889551 0 134778
0.35350000 0.35349800 2465.50778434 0 42.28864090 0 -195.73545091 0 33.11112303 0 246.61278345 0 135699
0.35450000 0.35450100 2479.43676896 0 27.20979535 0 -193.57745480 0 -45.15294061 0 227.28050432 0 137380
0.35550000 0.35550100 2473.14768847 0 28.34847323 0 -200.67702948 0 -17.22743019 0 184.72402388 0 136161
0.35650000 0.35649900 2452.08812666 0 44.31520851 0 -169.17515814 0 -14.33312448 0 200.90511937 0 138792
0.35750000 0.35750000 2445.84333546 0 25.72078911 0 -147.81221463 0 -34.09977091 0 160.24311371 0 138097
0.35850000 0.35849800 2444.63645206 0 36.37159052 0 -150.10972203 0 35.21907223 0 194.07238772 0 140028
0.35950000 0.35950300 2458.83117248 0 6.94554756 0 -215.17180990 0 35.28085580 0 181.35028651 0 141099
0.36050000 0.36050500 2433.96273093 0 17.38952902 0 -237.22788094 0 56.39179319 0 135.19308604 0 140821
0.36150000 0.36150200 2462.52932897 0 45.48621759 0 -286.33031981 0 -11.82103542 0 33.31839695 0 141756
0.36250000 0.36250400 2426.93180467 0 60.85482588 0 -285.97600542 0 -30.15957340 0 62.77842087 0 142971
0.36350000 0.36349900 2401.49867457 0 72.09323557 0 -247.96139262 0 -42.68192988 0 81.27883624 0 142270
0.36450000 0.36450000 2365.13715986 0 60.30054530 0 -294.80507723 0 -48.24953769 0 111.42855528 0 145311
0.36550000 0.36550300 2359.74493767 0 45.49230737 0 -221.89160383 0 -2.43710727 0 84.03839176 0 145434
0.36650000 0.36650100 2338.89575004 0 50.48647948 0 -192.35285568 0 -8.30717778 0 122.53852600 0 144547
0.36750000 0.36749600 2334.89864078 0 56.23611631 0 -195.75095217 0 20.17001123 0 130.86159257 0 146892
0.36850000 0.36849900 2290.46540128 0 33.89260772 0 -192.45361384 0 32.87605757 0 199.31402629 0 148113
0.36950000 0.36949900 2308.07039775 0 31.73472233 0 -221.57161364 0 48.74391700 0 298.64938840 0 147387
0.37050000 0.37049800 2312.18930258 0 10.74106300 0 -207.87957677 0 10.10000861 0 232.30180363 0 149758
0.37150000 0.37150100 2307.35069663 0 28.81273581 0 -224.14150023 0 12.63020092 0 277.34844992 0 150099
0.37250000 0.37250000 2284.78529865 0 53.28888489 0 -234.95362542 0 -14.69231069 0 302.16152984 0 150468
0.37350000 0.37349800 2283.01372668 0 31.96679826 0 -225.36720659 0 16.70813815 0 272.44783895 0 150709
0.37450000 0.37449700 2258.79855230 0 46.23459602 0 -244.61422882 0 38.40601948 0 310.98727995 0 153108
0.37550000 0.37550100 2256.97161871 0 31.68323602 0 -248.88261004 0 14.67946680 0 301.09194326 0 153189
0.37650000 0.37649900 2242.56652412 0 27.07415937 0 -253.16095635 0 14.23579874 0 284.06049322 0 153547
0.37750000 0.37749900 2252.95236480 0 55.34446199 0 -250.12713935 0 -21.36216844 0 271.12137444 0 155424
0.37850000 0.37850200 2217.84202280 0 45.85647613 0 -264.12255792 0 -0.94761606 0 248.47071956 0 155313
0.37950000 0.37949900 2195.84131338 0 32.50912073 0 -277.00742231 0 -6.18688294 0 323.49679253 0 156100
0.38050000 0.38050000 2224.51863466 0 37.85439626 0 -270.54561355 0 -7.05941535 0 236.12286292 0 157557
0.38150000 0.38149800 2176.54225123 0 28.69038662 0 -249.91676518 0 -17.14460920 0 241.18955876 0 157692
0.38250000 0.38250100 2199.30695105 0 58.37750393 0 -273.49528088 0 -22.54790371 0 202.85938470 0 159703
0.38350000 0.38350500 2161.30673227 0 45.55630540 0 -276.79483368 0 18.40973303 0 254.40105673 0 160338
0.38450000 0.38450600 2174.44958183 0 25.99305757 0 -271.00954396 0 3.43090379 0 138.03313735 0 160167
0.38550000 0.38550000 2159.94483632 0 34.34546580 0 -330.15901037 0 14.73593565 0 194.99581961 0 160033
0.38650000 0.38649600 2154.39760159 0 32.87373239 0 -352.44317130 0 43.59528595 0 166.55987501 0 162444
0.38750000 0.38750200 2136.88118373 0 29.64592826 0 -404.83741234 0 33.48957509 0 201.12988756 0 164307
0.38850000 0.38850400 2126.40676445 0 34.13630959 0 -467.91755407 0 89.27670863 0 143.03672094 0 163882
0.38950000 0.38950500 2121.65673710 0 19.45662134 0 -511.11401488 0 63.70074553 0 186.12024404 0 164595
0.39050000 0.39050100 2124.28087808 0 35.71533383 0 -551.91663907 0 35.16160686 0 146.11261277 0 165006
0.39150000 0.39150100 2103.27667790 0 37.35027331 0 -539.82566037 0 -17.64242092 0 140.74032077 0 166687
0.39250000 0.39250100 2100.64146459 0 58.28582508 0 -548.97029344 0 -105.78321975 0 185.72385481 0 167256
0.39350000 0.39350100 2071.02299570 0 78.69223044 0 -486.83904995 0 -66.22401763 0 141.04813140 0 167937
0.39450000 0.39449600 2054.28164058 0 39.53893976 0 -448.22210268 0 -124.90136012 0 113.75927965 0 167719
0.39550000 0.39549700 2041.93599841 0 56.49985908 0 -402.31513675 0 -62.94660949 0 99.61028794 0 171636
0.39650000 0.39650400 2014.08910149 0 67.66751662 0 -378.17968311 0 -21.76564396 0 77.62308676 0 171093
0.39750000 0.39750000 1993.81567474 0 42.83860328 0 -390.81874189 0 29.68744947 0 89.58296913 0 170464
0.39850000 0.39849800 1988.42345256 0 2.16508240 0 -424.57161687 0 91.68460711 0 69.34829553 0 172113
0.39950000 0.39949500 2009.17298927 0 -1.55352468 0 -426.09849046 0 67.73749371 0 18.22548954 0 173232
