### header ###
fiducial parameters:
Omega_m = 0.31
Omega_nu = 0
Omega_de = 0.69
Omega_k = 0
H_0 = 100
w_de = -1
zeff = 0
beta = 0
fgrowth = 0
b_1 = 2
gamma = 0.55
Lx = 3500 Ly = 3500 Lz = 3500
nx = 700 ny = 700 nz = 700
xoffset = -685.467585 yoffset = -31.7331281 zoffset = 572.489161
bins = 400 dk = 0.001
kx_ny = 0.628318531 ky_ny = 0.628318531 kz_ny = 0.628318531
############################
A(data) = 8.06449432 (not used)
A(ran) = 8.0589693 (used)
Ngal = 478953
weighted Ngal = 0
Nran = 23820508
weighted Nran = 0
SN(data) = 3493.32895
SN(ran) = 70.1965454
SN(data+ran) = 3563.5255
############################
13 columns: k_central k_mean P_0(k) sigma^{lin}_{P_0(k)} P^img_1(k) sigma^{lin}_{P_1(k)} P_2(k) sigma^{lin}_{P_2(k)} P^img_3(k) sigma^{lin}_{P_3(k)} P_4(k) sigma^{lin}_{P_4(k)} N_modes
### header ###
0.00050000 0 0 0 0 0 0 0 0 0 0 0 0
0.00150000 0.00179520 5947.79822911 0 -7027.16166940 0 3168.36789151 0 -19375.23975365 0 -45139.87526715 0 3
0.00250000 0.00253879 9243.49785603 0 -3466.20235680 0 5069.05424220 0 12697.40993228 0 10726.65791013 0 6
0.00350000 0.00331552 29855.19519450 0 -28280.93205179 0 -30652.95619769 0 14280.97382784 0 -32680.96321147 0 7
0.00450000 0.00420575 38458.17013209 0 -26225.90856545 0 -20751.75117511 0 22148.74639748 0 919.90535442 0 24
0.00550000 0.00557378 69470.31254690 0 -15606.77400163 0 -29405.99097661 0 1693.87746773 0 -17180.92642109 0 45
0.00650000 0.00659388 56876.87174466 0 -1584.81506827 0 -227.10445436 0 5615.53990595 0 37254.71914755 0 40
0.00750000 0.00754703 74272.49054399 0 -614.72661607 0 -10855.99373634 0 -24654.63495043 0 -4825.96135081 0 57
0.00850000 0.00846663 59115.91726949 0 2279.32664252 0 -17669.76956184 0 8159.58369023 0 32846.71591400 0 75
0.00950000 0.00948925 71834.58606542 0 -5832.24744730 0 -2690.07667631 0 -17554.39593723 0 29610.05392302 0 112
0.01050000 0.01054430 73070.03606869 0 -16683.00397400 0 -18300.22773701 0 10063.03812213 0 8743.38308862 0 105
0.01150000 0.01145670 87417.77601518 0 -11580.76597432 0 3834.30179540 0 2371.45945733 0 22134.35237521 0 144
0.01250000 0.01249090 103607.28647202 0 -6388.99715615 0 -10158.41512812 0 -23423.50315385 0 -9535.89580984 0 169
0.01350000 0.01339930 108757.57836141 0 6468.61824393 0 20270.21576874 0 -15593.93010484 0 548.05793387 0 180
0.01450000 0.01448870 87212.05222005 0 22533.39896168 0 14131.05454980 0 -23597.56010000 0 -4195.31494611 0 267
0.01550000 0.01550050 80095.97978236 0 14210.66456524 0 4547.68061114 0 -5935.13148951 0 -5675.56297879 0 238
0.01650000 0.01653350 75015.00064633 0 -5872.83859008 0 11370.28107952 0 11921.79357873 0 -30351.67823937 0 315
0.01750000 0.01747870 75020.53680874 0 -7894.52330640 0 16407.30308601 0 6624.28405855 0 -18117.64510075 0 297
0.01850000 0.01844180 85139.75590700 0 -4745.25517520 0 313.81293724 0 4668.82291698 0 -39247.84833816 0 388
0.01950000 0.01947590 81372.95100369 0 -855.89070848 0 3431.49061850 0 3623.60652642 0 -6840.63728551 0 399
0.02050000 0.02045430 85477.01892097 0 7724.26416766 0 12158.18771361 0 -12027.75572725 0 -2512.76446667 0 462
0.02150000 0.02154770 78177.14589129 0 7395.26110800 0 22046.88100914 0 -4594.19544770 0 -5657.29364284 0 571
0.02250000 0.02255340 73812.10327803 0 10319.38458633 0 32703.66147735 0 -7265.55989507 0 13754.48478272 0 510
0.02350000 0.02348930 67720.55305580 0 8686.36061580 0 38572.43652422 0 -7832.00896047 0 13370.16438826 0 555
0.02450000 0.02439640 66762.24334275 0 3177.05966649 0 54754.41780018 0 12246.21269592 0 32899.30945689 0 592
0.02550000 0.02547300 66087.82803805 0 -528.30712086 0 52318.17417033 0 14424.80332724 0 18190.83316780 0 837
0.02650000 0.02652900 69394.91001488 0 -1740.08227920 0 47548.88097795 0 15415.33350551 0 14656.43636244 0 723
0.02750000 0.02749970 67473.75093560 0 -1918.14740693 0 36949.67659880 0 6898.00300039 0 905.56115762 0 826
0.02850000 0.02848090 65256.62861391 0 2340.15799507 0 38531.46892239 0 9285.04121875 0 13601.24380723 0 831
0.02950000 0.02946900 67849.76708644 0 3052.23027648 0 33194.38691331 0 2016.50286830 0 13018.06445903 0 996
0.03050000 0.03053250 62519.43919549 0 2497.50680307 0 33545.82250305 0 7757.35934654 0 8330.91684447 0 1041
0.03150000 0.03150510 60265.11386242 0 2373.93965809 0 27197.61579153 0 3079.02530254 0 8452.19201821 0 1036
0.03250000 0.03246190 59661.00782031 0 1252.97749345 0 35898.13791077 0 1341.14641598 0 11919.57911377 0 1059
0.03350000 0.03345080 59680.16294225 0 -567.41457212 0 27556.35911565 0 4203.23165836 0 7241.80975834 0 1302
0.03450000 0.03451200 60064.92622970 0 -94.75762014 0 30961.09899739 0 2147.64348345 0 8823.11489964 0 1339
0.03550000 0.03553350 60469.28753207 0 1342.44187799 0 25054.89949263 0 -2896.21014746 0 3293.52945126 0 1365
0.03650000 0.03647120 58725.83926613 0 2601.76381356 0 26899.65953066 0 1482.59536554 0 5536.80460416 0 1308
0.03750000 0.03744890 56189.61254317 0 3498.68855782 0 25519.38351877 0 3223.79594955 0 -578.99622388 0 1579
0.03850000 0.03847530 52205.56862692 0 2635.06936662 0 19365.93900081 0 6160.71903537 0 984.38946693 0 1662
0.03950000 0.03950240 49146.28527953 0 3782.81548499 0 18061.61913717 0 8454.34004923 0 -3114.22422314 0 1683
0.04050000 0.04050350 46867.71155510 0 1419.18416131 0 11918.91477428 0 4491.52177966 0 -3545.90095085 0 1822
0.04150000 0.04152450 44681.37029641 0 -177.00993518 0 10488.41469701 0 2818.13918517 0 224.22786437 0 1887
0.04250000 0.04250150 44264.27582050 0 216.04763079 0 10443.01816525 0 590.43393542 0 203.69645246 0 1920
0.04350000 0.04349210 45303.19205823 0 -235.75858343 0 15317.01126112 0 -1745.30841651 0 -244.62640838 0 2005
0.04450000 0.04448520 45229.33965169 0 1398.67821574 0 15847.37561994 0 -3362.55432417 0 963.07302719 0 2151
0.04550000 0.04548030 43634.70343131 0 2296.00156369 0 19645.51520248 0 -2289.47996438 0 1641.91504736 0 2274
0.04650000 0.04648670 42114.14106396 0 914.64710736 0 18055.08646553 0 -2230.24302660 0 -3337.46443614 0 2311
0.04750000 0.04749250 42777.59476710 0 709.11929238 0 21748.81402503 0 -1021.46071766 0 -650.69617048 0 2568
0.04850000 0.04851840 43741.55136581 0 -915.17857896 0 22540.04235657 0 -300.95907536 0 -4635.93811227 0 2493
0.04950000 0.04949480 42286.75860788 0 1079.35679690 0 19155.67555250 0 1079.03569948 0 -1704.40724863 0 2644
0.05050000 0.05050630 42617.82111996 0 1699.14789434 0 20663.50474630 0 2463.64763377 0 -3113.85883642 0 2829
0.05150000 0.05149060 40366.92820758 0 1712.40146715 0 17962.18966030 0 1728.62242301 0 -2463.23795775 0 2784
0.05250000 0.05249300 39797.03564916 0 1552.91570046 0 20560.75357199 0 4037.63396837 0 -597.57890662 0 3055
0.05350000 0.05348950 38345.01097245 0 304.62844381 0 19544.53560013 0 3202.02775895 0 3335.54892394 0 3009
0.05450000 0.05448610 37872.99776543 0 1981.41467095 0 19753.35964621 0 1875.80683683 0 3052.06419161 0 3336
0.05550000 0.05550870 36959.53096789 0 1919.46501359 0 20380.05323094 0 377.59174266 0 4879.65105385 0 3349
0.05650000 0.05647670 35033.05717269 0 1257.35106176 0 19422.29713413 0 1629.92371958 0 6604.44245248 0 3324
0.05750000 0.05747970 34189.56746801 0 928.25056564 0 18476.49914812 0 1144.18082978 0 5025.11925732 0 3639
0.05850000 0.05849280 33276.76500996 0 1428.69528832 0 19822.89384607 0 918.16699942 0 3269.41392780 0 3846
0.05950000 0.05951020 32391.86481045 0 817.85948719 0 17194.87755036 0 -1.85086089 0 -32.27228370 0 3787
0.06050000 0.06049470 31104.15343404 0 -190.84037611 0 16627.64234991 0 1134.30431605 0 1958.01884860 0 3930
0.06150000 0.06148310 32159.01381952 0 -879.63973798 0 15167.42415282 0 2427.07574490 0 -842.64267184 0 4083
0.06250000 0.06249100 33171.79937068 0 -562.56378662 0 16399.77390514 0 732.82181812 0 -672.47986233 0 4303
0.06350000 0.06350600 32080.17886681 0 960.49760444 0 14986.61308853 0 441.01844815 0 -551.87899317 0 4470
0.06450000 0.06451750 32059.36289615 0 1368.70543246 0 15667.33961838 0 -747.05086275 0 1241.81659004 0 4479
0.06550000 0.06550280 30594.05142965 0 906.42922788 0 16247.30799239 0 518.39960461 0 1041.21485237 0 4636
0.06650000 0.06648880 30328.20491075 0 -14.31164417 0 15813.93719898 0 1842.82238119 0 3916.38093928 0 4653
0.06750000 0.06749660 30895.55083446 0 -373.67656861 0 15445.78239876 0 2424.81699063 0 1938.56477390 0 5220
0.06850000 0.06852730 30480.67082351 0 -339.37672078 0 13782.05487151 0 3740.65207208 0 2537.15679824 0 5029
0.06950000 0.06949320 29942.44511407 0 936.79729316 0 11198.21715183 0 3338.88169371 0 3429.64154025 0 5040
0.07050000 0.07048030 29474.30722074 0 712.66907972 0 10493.70726827 0 3673.67557925 0 3598.94845905 0 5475
0.07150000 0.07148790 28497.06383225 0 782.85765398 0 9728.25530891 0 1254.97051192 0 4104.77654607 0 5509
0.07250000 0.07249820 27893.84357613 0 1031.51992475 0 8149.18677722 0 303.05395922 0 4284.39179928 0 5916
0.07350000 0.07351270 26887.70141986 0 1197.71552028 0 9436.10094625 0 -199.69159257 0 4962.42775420 0 5721
0.07450000 0.07449140 26140.76238759 0 885.17922209 0 9320.51694746 0 -514.81770754 0 4843.46669634 0 6028
0.07550000 0.07549160 25694.99059039 0 608.20612399 0 9221.70752078 0 308.75399203 0 5318.30334619 0 6183
0.07650000 0.07648840 25415.08221898 0 -85.23398139 0 8615.51988161 0 929.52056129 0 4465.64575656 0 6330
0.07750000 0.07749960 24910.84854674 0 152.04737887 0 7820.21693454 0 1645.76821639 0 2744.08747678 0 6583
0.07850000 0.07848650 25358.72408565 0 -93.66754976 0 8771.32963646 0 92.28040891 0 3759.89577262 0 6549
0.07950000 0.07947320 25005.62764718 0 1097.46336968 0 8052.80218968 0 -962.47622888 0 1350.97864042 0 6828
0.08050000 0.08048110 24513.24136250 0 349.26430685 0 10057.47981507 0 -1096.73370347 0 3848.14220142 0 7147
0.08150000 0.08149960 23965.05056073 0 44.89329459 0 8584.84954186 0 -236.15165096 0 1088.40952967 0 7386
0.08250000 0.08250610 24117.73791998 0 134.62950470 0 10717.57860378 0 -701.41738324 0 2308.98940071 0 7227
0.08350000 0.08350160 23950.87798496 0 731.57728881 0 10414.71730302 0 299.82748376 0 1096.20555358 0 7798
0.08450000 0.08449610 23284.10258438 0 374.67529231 0 10166.17682781 0 335.87343721 0 1266.93969505 0 7371
0.08550000 0.08548940 22811.64648437 0 736.85878775 0 9111.23893607 0 1389.82035589 0 1995.59831904 0 8256
0.08650000 0.08650700 22908.52932653 0 40.41830379 0 8413.69354482 0 515.10115905 0 390.28505584 0 8037
0.08750000 0.08749060 22276.41030263 0 -205.97624414 0 8061.19501189 0 1024.84331289 0 446.66422658 0 8155
0.08850000 0.08849210 22714.98508870 0 322.74719614 0 8512.46975452 0 -120.86881942 0 -882.46207358 0 8718
0.08950000 0.08949900 22244.85417690 0 418.29803763 0 7738.75784085 0 -207.61162651 0 -1577.73985271 0 8571
0.09050000 0.09049190 21438.56748361 0 834.61634357 0 7545.59006206 0 -193.85537016 0 -950.94329535 0 8932
0.09150000 0.09150830 21059.11891207 0 815.95836902 0 7734.91574413 0 634.15079550 0 -905.09722721 0 9285
0.09250000 0.09250820 20113.32092606 0 334.53811484 0 7050.69035964 0 1205.14505024 0 -365.95472928 0 9204
0.09350000 0.09350330 19698.77308485 0 258.02724311 0 6319.70654744 0 2391.73288408 0 107.78365667 0 9349
0.09450000 0.09448040 19584.06379973 0 369.69828230 0 6321.07951572 0 716.56543082 0 -940.12341954 0 9564
0.09550000 0.09549270 18714.11123873 0 774.44711605 0 6183.87126656 0 465.73187715 0 -402.61519675 0 10155
0.09650000 0.09649430 18046.56077542 0 738.05127713 0 6265.51858978 0 -1031.62511184 0 -453.79923269 0 9913
0.09750000 0.09749140 17807.39855933 0 546.99720516 0 6028.24974124 0 -725.43768470 0 314.81830434 0 10476
0.09850000 0.09850240 17750.59753301 0 -84.61127384 0 6822.31258793 0 -130.24375684 0 -196.95119218 0 10575
0.09950000 0.09950330 17686.82094206 0 104.58740866 0 6411.21931207 0 477.70438198 0 -214.32699151 0 10882
0.10050000 0.10051200 17713.61596812 0 343.40151086 0 6525.85109091 0 592.84327330 0 771.00583749 0 10875
0.10150000 0.10150300 17228.53741781 0 452.22031917 0 6718.74206158 0 646.59165967 0 925.37729735 0 11118
0.10250000 0.10250800 17129.55083393 0 241.51508511 0 6879.96618326 0 1089.17241285 0 1562.82543118 0 11575
0.10350000 0.10349800 16534.30265168 0 12.38760628 0 6439.84127172 0 587.25396373 0 2710.35010306 0 11364
0.10450000 0.10450100 16628.41741264 0 245.16673783 0 6215.92564691 0 1032.55740159 0 2298.34889656 0 12093
0.10550000 0.10551000 16302.55889323 0 219.35714868 0 6188.21161789 0 674.93570397 0 3133.54542995 0 12067
0.10650000 0.10649700 16291.70801491 0 330.38931473 0 5392.06717413 0 -166.50672786 0 2821.40552099 0 12054
0.10750000 0.10749900 15895.31878640 0 357.36371245 0 6183.37301195 0 -76.41454250 0 3414.42816595 0 12807
0.10850000 0.10850100 15553.51611925 0 259.45668024 0 5445.03717607 0 396.24528828 0 2923.16018607 0 12736
0.10950000 0.10950300 15681.84436390 0 116.64472750 0 5793.01820047 0 575.71217234 0 1925.12297157 0 12933
0.11050000 0.11050200 15384.99533551 0 111.22261004 0 5453.98361452 0 -348.48924411 0 2129.73953422 0 13428
0.11150000 0.11150900 14949.63152364 0 502.10003525 0 5597.38129325 0 -117.94240397 0 1656.32014195 0 13453
0.11250000 0.11250000 15061.79417405 0 351.14217314 0 5365.79254734 0 -198.72940754 0 1971.31671071 0 13668
0.11350000 0.11349100 14726.96707154 0 288.24693924 0 5814.65352316 0 -3.89627360 0 1675.69671038 0 13791
0.11450000 0.11448600 14404.65169607 0 290.38611239 0 5630.63148468 0 56.75895149 0 1251.18377683 0 14205
0.11550000 0.11549300 14362.90903150 0 93.90029003 0 5816.13721469 0 69.96823499 0 699.68124271 0 14776
0.11650000 0.11649800 14400.11204289 0 85.54987482 0 5731.06854311 0 183.36655686 0 967.64146841 0 14553
0.11750000 0.11747300 14249.52842536 0 21.00885056 0 5856.05294566 0 0.21315000 0 1084.52314366 0 14568
0.11850000 0.11849100 14432.77540111 0 -230.76496494 0 5460.17304409 0 204.19802877 0 836.98471385 0 16015
0.11950000 0.11950300 14493.00884812 0 -101.51959963 0 5685.01874419 0 637.89434852 0 879.72499489 0 15270
0.12050000 0.12050700 14589.00590430 0 340.26139954 0 5488.38532773 0 92.67225848 0 279.72567806 0 15999
0.12150000 0.12150000 14247.97829988 0 273.77541070 0 5291.70762198 0 190.64661042 0 1198.98883764 0 15670
0.12250000 0.12250700 14086.21163428 0 361.85464740 0 5678.75180834 0 -42.04792856 0 401.75266265 0 16887
0.12350000 0.12352200 13797.44540301 0 107.18298305 0 5503.64299133 0 70.91746540 0 991.10372470 0 16407
0.12450000 0.12449800 13620.62037566 0 209.67882956 0 5558.57279476 0 130.14742762 0 462.87853904 0 16306
0.12550000 0.12549900 13565.03730507 0 237.45597083 0 5107.54164327 0 252.40693103 0 573.70475985 0 17523
0.12650000 0.12650100 13269.18478591 0 408.07828182 0 5005.42159147 0 331.16769916 0 328.47933870 0 17154
0.12750000 0.12750600 13075.75127133 0 32.77330640 0 3945.53437053 0 708.71293806 0 287.75200632 0 18007
0.12850000 0.12850300 12950.08038464 0 -225.18008430 0 4127.34194405 0 676.24556000 0 -44.69089250 0 17496
0.12950000 0.12949900 13059.36423060 0 -102.81561525 0 3585.75024787 0 756.60960076 0 -244.27984461 0 18405
0.13050000 0.13049000 12950.52327763 0 173.05157906 0 3482.19079384 0 314.20157584 0 -892.26772444 0 18100
0.13150000 0.13148800 12785.21346809 0 352.48303167 0 3094.32725544 0 -66.39652445 0 -499.14926068 0 19059
0.13250000 0.13249300 12650.02038206 0 141.86969790 0 3215.29240409 0 -46.14269573 0 -86.72475920 0 18957
0.13350000 0.13349100 12470.09510375 0 48.90125473 0 3506.80457191 0 -100.72626755 0 -307.63236553 0 19468
0.13450000 0.13450700 12490.68962791 0 290.07165837 0 3576.60450757 0 -277.77362719 0 -574.53407698 0 19953
0.13550000 0.13551000 12131.50341080 0 558.85234334 0 3680.39648042 0 -316.49243985 0 -397.04028121 0 19956
0.13650000 0.13649900 11706.99047725 0 351.61828310 0 3645.66259746 0 -83.91814631 0 -196.15619925 0 19723
0.13750000 0.13749600 11569.36147976 0 134.76790876 0 3662.97971348 0 478.26021268 0 235.82501738 0 20946
0.13850000 0.13851100 11478.78986274 0 100.94826767 0 3716.56976560 0 589.54372050 0 -372.31910158 0 20955
0.13950000 0.13949800 11376.70302791 0 -61.61759834 0 3497.68097626 0 444.64352730 0 66.30307403 0 20506
0.14050000 0.14048300 11321.89502006 0 170.92347823 0 3334.41954681 0 328.16488467 0 123.25601265 0 21447
0.14150000 0.14148400 11345.25762543 0 -11.34415039 0 3286.43209105 0 22.64290425 0 631.56097873 0 21771
0.14250000 0.14249400 11408.81276988 0 85.96287253 0 3576.28341015 0 -159.36064942 0 614.59596264 0 22470
0.14350000 0.14350900 11302.51845163 0 242.81497604 0 3668.46051426 0 -200.23967265 0 716.66729621 0 22519
0.14450000 0.14449900 11044.54435568 0 294.13852327 0 3558.81128159 0 -256.27670855 0 482.26175087 0 22218
0.14550000 0.14550500 10917.14618631 0 310.02177322 0 3833.68174521 0 61.49303468 0 943.54144621 0 23559
0.14650000 0.14650700 10625.10254690 0 61.07660455 0 3383.31493321 0 610.13492297 0 816.14327685 0 23044
0.14750000 0.14750500 10487.20781360 0 78.83318114 0 3127.48886827 0 556.15180332 0 -88.48038703 0 23649
0.14850000 0.14849900 10401.92876785 0 244.10379465 0 2929.75929166 0 88.82739369 0 -172.71719485 0 23640
0.14950000 0.14949500 10084.80631272 0 291.46566406 0 3039.48603062 0 -87.53204241 0 163.15734960 0 24457
0.15050000 0.15050000 9910.62757100 0 230.42947350 0 3069.21522275 0 -264.81125653 0 398.19069576 0 24591
0.15150000 0.15149900 9857.40290560 0 24.01332590 0 3328.80587813 0 189.16181167 0 707.78175554 0 25020
0.15250000 0.15250500 9919.87296222 0 119.51024516 0 3570.35971637 0 21.63609776 0 586.36042712 0 25297
0.15350000 0.15350100 9890.34307193 0 101.54451236 0 3677.58410991 0 202.95682116 0 786.36204478 0 25452
0.15450000 0.15450400 9711.39215821 0 65.35007904 0 3810.29699519 0 -47.94172706 0 1240.22217526 0 26061
0.15550000 0.15549900 9883.98755749 0 45.02416947 0 3313.80287800 0 128.99922753 0 752.48958870 0 26128
0.15650000 0.15649500 9709.91953901 0 -37.52787340 0 3460.19008443 0 270.43267584 0 761.43270545 0 26331
0.15750000 0.15749700 9899.77669268 0 67.00074122 0 3105.63209908 0 130.58589168 0 388.03626666 0 27345
0.15850000 0.15849900 9617.94173674 0 96.45578259 0 3025.15844230 0 198.83127293 0 407.58445613 0 26980
0.15950000 0.15949700 9472.66176280 0 204.66417365 0 2752.13705692 0 224.03742038 0 356.25315827 0 27777
0.16050000 0.16050000 9360.32195519 0 318.31937344 0 2679.82370353 0 257.66517809 0 395.83339780 0 28224
0.16150000 0.16150500 9137.23675474 0 95.08037841 0 2415.15085107 0 382.82341614 0 485.62220145 0 28075
0.16250000 0.16249700 8983.75218811 0 32.53181900 0 2441.52512879 0 355.14149686 0 500.94408454 0 28590
0.16350000 0.16349900 9051.23800787 0 8.11735384 0 2438.23664831 0 36.57044947 0 473.34188600 0 29163
0.16450000 0.16449100 9097.93000163 0 86.42314908 0 2591.42226218 0 -237.02193570 0 165.41056770 0 28996
0.16550000 0.16550500 8997.33793066 0 121.21649042 0 2540.72208684 0 -331.11565924 0 242.89026785 0 30777
0.16650000 0.16650700 8818.70811436 0 136.05229844 0 2865.15227635 0 -395.16130769 0 346.53387155 0 29211
0.16750000 0.16749900 8745.08822664 0 218.47579162 0 2751.51700673 0 -87.71838963 0 -112.18700953 0 30922
0.16850000 0.16850800 8583.86410495 0 205.89652340 0 3085.81263766 0 140.30074947 0 -69.84522147 0 30867
0.16950000 0.16949900 8455.58014961 0 204.12495143 0 2750.45406355 0 112.93771315 0 -276.44384098 0 30852
0.17050000 0.17049200 8234.90871597 0 205.67839860 0 2913.73763765 0 190.86473522 0 0.63021237 0 31257
0.17150000 0.17149500 8196.13343446 0 37.40530277 0 2678.46180758 0 148.35365132 0 -150.07650506 0 32608
0.17250000 0.17250900 8249.63490798 0 -27.97489299 0 2750.43191890 0 -22.18849604 0 -204.39843785 0 32361
0.17350000 0.17350400 8198.53612894 0 29.02776036 0 2575.40060817 0 34.55229683 0 -80.46125578 0 32508
0.17450000 0.17449800 8266.15481661 0 17.67176258 0 2516.83908220 0 101.10494106 0 -141.58181746 0 32791
0.17550000 0.17549800 8125.00481982 0 92.78619270 0 2582.69727022 0 68.10675575 0 -179.97288930 0 33633
0.17650000 0.17650100 8184.85073547 0 85.58397758 0 2445.21221295 0 110.78968214 0 -97.55925049 0 33984
0.17750000 0.17750300 8007.58281512 0 107.67869103 0 2469.17272386 0 433.12941672 0 362.69392962 0 34069
0.17850000 0.17849800 8004.85902321 0 -46.09851715 0 2256.86089546 0 386.65333329 0 -4.31866064 0 34536
0.17950000 0.17950400 7989.37991312 0 28.79014827 0 2306.81922504 0 264.82122162 0 149.40109324 0 35343
0.18050000 0.18050100 8020.42671191 0 154.10129513 0 2146.94592699 0 106.15524986 0 51.25368086 0 34990
0.18150000 0.18150500 7785.50519623 0 177.80271364 0 2069.88254625 0 -306.34354692 0 101.85686264 0 36243
0.18250000 0.18250200 7730.40930793 0 119.98967683 0 1973.46474173 0 -91.80651340 0 40.65968048 0 35694
0.18350000 0.18350400 7593.92075989 0 124.50386366 0 2066.62728275 0 -86.36479792 0 -47.35245794 0 37087
0.18450000 0.18450600 7560.33839872 0 84.65445591 0 1906.57682750 0 42.66111391 0 -229.07532817 0 36651
0.18550000 0.18550700 7475.11471459 0 22.96333733 0 2046.58637483 0 150.64008639 0 -614.11985267 0 37818
0.18650000 0.18651000 7469.25745476 0 117.48843865 0 1945.07530089 0 103.18698102 0 -296.40170647 0 37267
0.18750000 0.18750100 7383.44693742 0 156.04448813 0 1942.06362854 0 -10.09972073 0 -219.75243068 0 38334
0.18850000 0.18850000 7277.96089887 0 172.00856606 0 1971.99212253 0 10.80496139 0 -78.21589903 0 38223
0.18950000 0.18949500 7251.32088536 0 30.75338218 0 1997.00450429 0 86.09795490 0 109.90666423 0 39064
0.19050000 0.19050000 7149.73230514 0 11.56725774 0 1971.26134909 0 301.99101603 0 138.16379078 0 39609
0.19150000 0.19149800 7103.60499995 0 61.30602312 0 1892.79178310 0 254.41102182 0 94.42312520 0 39576
0.19250000 0.19250400 7074.24119453 0 123.61364874 0 1789.48699254 0 148.28278844 0 -106.70100475 0 40909
0.19350000 0.19350500 6962.15605039 0 98.53549737 0 1719.48775504 0 -181.77878548 0 94.71499169 0 40191
0.19450000 0.19450100 6911.27871785 0 175.29926099 0 1737.90103121 0 -101.78599976 0 204.20577940 0 41232
0.19550000 0.19549800 6840.78122573 0 31.07503322 0 1706.78779847 0 -84.93923610 0 230.70849608 0 40873
0.19650000 0.19649700 6938.72701108 0 -78.30934945 0 1773.47641085 0 -21.80406493 0 248.23598627 0 42816
0.19750000 0.19750200 7006.70001314 0 55.31202008 0 1909.77672937 0 165.33416866 0 -66.17031686 0 41727
0.19850000 0.19849000 6849.83838743 0 234.38782962 0 1845.96692144 0 -8.97000036 0 114.23428239 0 42610
0.19950000 0.19949900 6676.74473354 0 255.56807977 0 1828.31763568 0 43.84385965 0 251.79020254 0 43863
0.20050000 0.20050100 6479.69056874 0 106.92156546 0 1865.54279172 0 230.07958803 0 614.13203223 0 43302
0.20150000 0.20150100 6470.23480335 0 49.46782559 0 1720.57284287 0 247.74991121 0 373.27242875 0 44487
0.20250000 0.20249700 6466.24876641 0 5.73560820 0 1551.85275728 0 274.46189484 0 462.16880302 0 43759
0.20350000 0.20349100 6417.55268186 0 -3.58793150 0 1517.67249057 0 261.67335967 0 750.60175732 0 45282
0.20450000 0.20449700 6436.75209310 0 -1.52413873 0 1448.41509883 0 85.62915266 0 752.74203770 0 45483
0.20550000 0.20549900 6412.10509805 0 8.34152413 0 1539.10851142 0 120.78024082 0 522.47200568 0 46138
0.20650000 0.20650200 6352.67993075 0 134.48999341 0 1554.46582594 0 -65.55369909 0 807.43046445 0 46227
0.20750000 0.20749300 6309.55322558 0 107.34253525 0 1428.83922855 0 46.37477165 0 702.09611675 0 46236
0.20850000 0.20850300 6226.05682412 0 36.09179287 0 1453.69659776 0 62.03447137 0 640.18078360 0 48361
0.20950000 0.20950400 6218.64943882 0 34.89398877 0 1295.89382445 0 143.41871614 0 576.11741943 0 46812
0.21050000 0.21050300 6215.33881370 0 59.24236322 0 1342.82940936 0 16.60516553 0 376.02722317 0 48813
0.21150000 0.21149700 6118.40060991 0 88.24321783 0 1138.21284671 0 -61.28454281 0 314.54371068 0 47215
0.21250000 0.21249000 6043.35239229 0 134.41802330 0 1273.36164344 0 -63.64017991 0 250.00534378 0 50004
0.21350000 0.21350300 5974.68183377 0 148.14770607 0 1204.58036167 0 -127.95732177 0 489.63259750 0 49509
0.21450000 0.21449800 5952.13858043 0 87.72038265 0 1406.01916710 0 -61.46889702 0 597.42610854 0 49660
0.21550000 0.21550100 5896.79910099 0 69.76483639 0 1491.14320030 0 -8.69534027 0 742.11592757 0 50841
0.21650000 0.21649800 5850.42820465 0 68.96242501 0 1690.33432379 0 63.31099970 0 710.70484930 0 50424
0.21750000 0.21750300 5846.03249170 0 95.38686036 0 1705.48126414 0 29.86405305 0 715.03523553 0 52231
0.21850000 0.21850300 5749.14964953 0 130.43862976 0 1753.31370736 0 17.75967684 0 864.17059298 0 51078
0.21950000 0.21950100 5681.65275744 0 73.97187693 0 1726.83977872 0 38.84127257 0 740.09190660 0 52791
0.22050000 0.22050700 5582.15684662 0 49.65040823 0 1680.25850820 0 146.19897691 0 884.46837884 0 52969
0.22150000 0.22150000 5679.13933971 0 6.99746569 0 1515.05942191 0 123.03124445 0 496.82407247 0 52704
0.22250000 0.22250100 5568.40501920 0 -34.92122669 0 1460.35106498 0 96.58078914 0 713.73866630 0 54051
0.22350000 0.22349900 5591.61261201 0 36.82655235 0 1311.98191241 0 215.12973506 0 464.05663440 0 53938
0.22450000 0.22449800 5639.03537921 0 13.64309720 0 1171.35231489 0 126.83680250 0 515.11776754 0 54735
0.22550000 0.22549100 5605.54159664 0 15.51885974 0 1060.69771512 0 80.77427040 0 441.85440868 0 54774
0.22650000 0.22649900 5508.10513823 0 105.74856337 0 985.16452967 0 224.90549065 0 522.63144716 0 56911
0.22750000 0.22749800 5506.98683343 0 41.17996902 0 894.22309700 0 101.06862384 0 498.61225293 0 54879
0.22850000 0.22849100 5431.56215676 0 36.44046038 0 848.74795174 0 123.88381347 0 289.37963807 0 57210
0.22950000 0.22949800 5387.58288258 0 89.91879275 0 873.30858265 0 -42.42527339 0 218.77806609 0 57375
0.23050000 0.23049600 5305.12727966 0 137.81833425 0 928.96915952 0 -116.92042839 0 283.11270222 0 57604
0.23150000 0.23150100 5233.67756760 0 128.48325720 0 780.45938842 0 -63.91964539 0 452.13616950 0 58629
0.23250000 0.23250200 5245.71318468 0 32.05116938 0 855.75894782 0 96.43585241 0 501.53423945 0 58560
0.23350000 0.23350400 5214.34528847 0 -1.60086994 0 806.96321234 0 131.03321360 0 458.46843207 0 59305
0.23450000 0.23449700 5215.35287003 0 41.39654369 0 831.03776819 0 -14.68633164 0 410.95487181 0 59196
0.23550000 0.23549300 5202.05500792 0 86.06252346 0 866.31751676 0 -63.91842744 0 336.05170164 0 60063
0.23650000 0.23649900 5074.43539206 0 136.08551542 0 864.95008465 0 -103.12386877 0 378.69897514 0 61537
0.23750000 0.23750400 5068.45633666 0 64.08960558 0 915.47863896 0 -143.47518500 0 210.65540860 0 61224
0.23850000 0.23850100 4992.56662235 0 85.03855486 0 944.96534718 0 62.60292452 0 357.61837592 0 61221
0.23950000 0.23949400 4967.15563689 0 75.65254511 0 946.15340764 0 -29.16040681 0 102.50326496 0 62332
0.24050000 0.24050100 4860.99418653 0 94.64058566 0 846.89444457 0 -31.21664825 0 145.15928560 0 63447
0.24150000 0.24150500 4874.96746045 0 86.03960375 0 868.21309877 0 49.45077421 0 116.86728123 0 63342
0.24250000 0.24250300 4764.13348902 0 31.54339256 0 871.01328972 0 2.27496415 0 333.04777992 0 63379
0.24350000 0.24349600 4839.49173173 0 -20.79238661 0 861.03269613 0 184.76499148 0 271.27306529 0 64266
0.24450000 0.24449500 4765.05249198 0 40.45606042 0 874.00281742 0 171.17371277 0 365.46643975 0 64695
0.24550000 0.24549600 4801.23684949 0 92.55267737 0 736.04497188 0 221.88828213 0 432.78506742 0 65947
0.24650000 0.24650000 4680.10561597 0 79.62496308 0 724.43121037 0 23.84801609 0 452.31443393 0 66018
0.24750000 0.24750000 4658.18241283 0 77.17565411 0 610.35636947 0 70.92687688 0 485.80710928 0 66303
0.24850000 0.24849600 4595.38018646 0 17.46459938 0 716.22329599 0 -113.26656120 0 273.55507143 0 66958
0.24950000 0.24949200 4584.91683950 0 86.25075298 0 753.22589830 0 -169.97236552 0 241.07219211 0 66975
0.25050000 0.25048900 4530.45207372 0 128.09018966 0 769.46235541 0 -170.44515379 0 81.61012020 0 68676
0.25150000 0.25150000 4479.46401793 0 89.07807112 0 839.61549823 0 -218.45918314 0 63.63874051 0 69349
0.25250000 0.25249900 4478.65573822 0 38.17859393 0 806.01542134 0 -16.11189346 0 174.34482659 0 68592
0.25350000 0.25349900 4461.42720080 0 -4.25386540 0 921.98695149 0 39.59297270 0 -20.50926726 0 70437
0.25450000 0.25450100 4478.13533895 0 25.59511822 0 868.30610630 0 120.19672930 0 -26.38258196 0 70099
0.25550000 0.25550100 4447.45392688 0 106.83077240 0 845.66541651 0 61.17293377 0 22.56218701 0 71064
0.25650000 0.25650300 4335.92239898 0 74.90206293 0 685.09234753 0 76.18102717 0 204.06848257 0 71409
0.25750000 0.25750600 4378.61728348 0 9.64123791 0 730.69261006 0 188.02025498 0 216.50823950 0 72612
0.25850000 0.25850600 4336.27671338 0 -1.79702725 0 642.48271993 0 87.03766310 0 291.60074642 0 71845
0.25950000 0.25949600 4390.97399798 0 6.22013313 0 687.41421404 0 153.43474117 0 294.49948106 0 72816
0.26050000 0.26049800 4318.89316341 0 50.85408066 0 602.43412106 0 35.88695486 0 355.37844461 0 73743
0.26150000 0.26149900 4364.75473281 0 76.00276274 0 609.77950134 0 42.91168062 0 353.17615921 0 74662
0.26250000 0.26250300 4305.04168506 0 42.00153552 0 625.07259638 0 -36.86464114 0 386.55146791 0 74931
0.26350000 0.26350100 4268.93483383 0 105.48515276 0 669.72285345 0 -9.92098019 0 439.46389375 0 75087
0.26450000 0.26450200 4207.87096245 0 94.45501350 0 679.57611530 0 -84.76617567 0 447.38946385 0 76678
0.26550000 0.26550600 4128.00628354 0 105.19240049 0 720.61347278 0 -69.62908968 0 431.65015412 0 76035
0.26650000 0.26650100 4127.49695660 0 32.05648409 0 682.19914905 0 27.38197000 0 285.85531708 0 77094
0.26750000 0.26750600 4087.18262193 0 -29.53985538 0 641.99996656 0 57.39284208 0 222.36660657 0 78463
0.26850000 0.26850100 4084.33703445 0 2.99258366 0 576.74189855 0 18.28583371 0 38.18778396 0 77076
0.26950000 0.26949700 4163.72560340 0 10.09112861 0 539.55106672 0 27.79518916 0 54.21486341 0 79149
0.27050000 0.27049900 4133.89676034 0 55.40392037 0 475.87080499 0 -44.35584395 0 56.63062324 0 79648
0.27150000 0.27150200 4113.43510408 0 77.49542285 0 505.50034620 0 9.14781082 0 131.29784216 0 80241
0.27250000 0.27250500 4051.83976111 0 61.89850322 0 479.49145520 0 82.66010876 0 107.83414647 0 80835
0.27350000 0.27350000 4039.61591451 0 52.12363342 0 510.30684240 0 99.45438960 0 175.46756033 0 80680
0.27450000 0.27450400 3997.02068093 0 52.42081462 0 427.48031660 0 119.19468391 0 211.88000773 0 82617
0.27550000 0.27550800 3985.73798194 0 50.66241872 0 517.46067147 0 92.52145342 0 242.02884098 0 82548
0.27650000 0.27649900 3896.43968228 0 77.46619191 0 449.61278668 0 -35.20855352 0 210.77166802 0 81181
0.27750000 0.27748900 3877.17383710 0 97.38452920 0 502.77212537 0 -2.74124189 0 225.21994467 0 84096
0.27850000 0.27849800 3805.10407485 0 61.47443318 0 430.63814364 0 1.40929658 0 213.23636752 0 85215
0.27950000 0.27950200 3742.19112523 0 67.52468363 0 352.90488725 0 -55.77694700 0 209.29351265 0 84514
0.28050000 0.28050300 3738.01685877 0 63.43622769 0 410.48872693 0 33.15729463 0 8.92003096 0 85815
0.28150000 0.28150100 3675.50251285 0 44.98918093 0 358.68685527 0 17.44455848 0 158.85685864 0 85485
0.28250000 0.28250000 3700.01664000 0 25.35263431 0 325.24843432 0 5.04013333 0 71.13038621 0 87220
0.28350000 0.28350400 3704.36806365 0 -13.45077091 0 289.21133873 0 39.58942956 0 160.86980729 0 87147
0.28450000 0.28449700 3769.75014171 0 30.11616989 0 320.40429221 0 17.72291672 0 49.09490969 0 87102
0.28550000 0.28549800 3730.63161812 0 71.02951733 0 308.14612140 0 6.24331858 0 204.14488161 0 88971
0.28650000 0.28649900 3696.99389532 0 54.82273404 0 363.16339619 0 51.11461246 0 206.46674813 0 89434
0.28750000 0.28750100 3668.29442939 0 56.73846768 0 351.80097646 0 8.20798082 0 267.47525788 0 89619
0.28850000 0.28849900 3604.80571888 0 132.65198749 0 319.65691028 0 64.61144425 0 221.45203254 0 90240
0.28950000 0.28950100 3530.69864887 0 88.82462561 0 254.55053312 0 16.28019280 0 329.35183789 0 91333
0.29050000 0.29050500 3478.16046761 0 35.24309917 0 224.74494194 0 28.09137385 0 341.70744516 0 92139
0.29150000 0.29150600 3530.00109241 0 -31.22727769 0 278.71034587 0 56.17588286 0 200.16327361 0 92370
0.29250000 0.29250200 3492.77593637 0 -16.20002917 0 218.73377679 0 -22.23710355 0 220.24072020 0 91819
0.29350000 0.29349600 3562.37657018 0 51.01352214 0 252.41025273 0 -11.18581615 0 124.27466653 0 93552
0.29450000 0.29450000 3512.58432547 0 38.37103094 0 197.33429462 0 -64.72294256 0 163.67885610 0 94701
0.29550000 0.29550200 3527.64268722 0 48.37011531 0 184.68859244 0 -13.38876589 0 76.08381216 0 95020
0.29650000 0.29650300 3517.52258234 0 -2.18613088 0 202.67004795 0 22.01012089 0 122.05023648 0 95151
0.29750000 0.29749800 3458.69532058 0 63.92573517 0 143.29802780 0 46.40012728 0 112.41952835 0 95802
0.29850000 0.29850000 3466.47916492 0 75.99534429 0 105.88309212 0 141.84976772 0 135.52636301 0 97399
0.29950000 0.29950700 3418.83495123 0 39.37307633 0 19.22997085 0 61.59102476 0 86.95318127 0 97881
0.30050000 0.30050300 3352.91032926 0 88.82916526 0 14.30356137 0 65.09043302 0 41.53350835 0 97188
0.30150000 0.30149700 3312.14202928 0 97.75301617 0 31.81333584 0 -75.28737984 0 122.88066084 0 98263
0.30250000 0.30249700 3263.84454842 0 72.39097039 0 126.55224375 0 -115.48766956 0 160.88530854 0 100050
0.30350000 0.30350600 3264.45352628 0 23.77682104 0 125.81593415 0 9.63913417 0 215.21831366 0 100779
0.30450000 0.30450500 3288.08186744 0 -20.28649209 0 200.22417139 0 43.03015450 0 276.00426968 0 99982
0.30550000 0.30550300 3303.05165060 0 34.94735738 0 89.91447454 0 84.71845395 0 234.06451774 0 101559
0.30650000 0.30649700 3322.21784486 0 19.94646099 0 150.22155251 0 110.98123335 0 267.53172673 0 100935
0.30750000 0.30749800 3312.57384994 0 18.32657987 0 70.59813955 0 -10.95209044 0 209.80616129 0 103762
0.30850000 0.30850200 3286.90820101 0 69.64901987 0 137.82387041 0 -54.33499814 0 204.39954508 0 102951
0.30950000 0.30950100 3251.15566417 0 110.36096172 0 124.27577376 0 -105.16372317 0 235.98999502 0 104394
0.31050000 0.31050000 3187.75553226 0 37.92902373 0 89.58219407 0 -24.78628489 0 294.48397981 0 103963
0.31150000 0.31149700 3200.23404233 0 8.97205981 0 109.46266401 0 58.18639560 0 149.60703848 0 105936
0.31250000 0.31250000 3205.49339662 0 20.93422309 0 112.48706953 0 85.99453938 0 79.54336005 0 105717
0.31350000 0.31349800 3203.92112650 0 42.78855637 0 67.31231644 0 -4.37614816 0 150.03775192 0 106776
0.31450000 0.31450400 3138.36189125 0 81.77554073 0 94.28948224 0 3.61790428 0 142.14429156 0 108733
0.31550000 0.31549900 3149.27920352 0 49.44258069 0 84.89671838 0 23.41021636 0 223.03869668 0 105891
0.31650000 0.31650000 3141.87181821 0 2.76917736 0 5.19650777 0 2.10263448 0 129.07784104 0 111072
0.31750000 0.31750600 3124.80936567 0 50.88718691 0 43.27518504 0 11.28989600 0 91.39716956 0 108121
0.31850000 0.31849900 3132.34961887 0 48.41684052 0 -5.05580067 0 -2.27321472 0 43.11175753 0 110484
0.31950000 0.31950100 3079.25782136 0 56.78142830 0 -91.85146704 0 -5.18691914 0 73.86026789 0 110817
0.32050000 0.32049800 3020.25340241 0 75.31926813 0 -26.67566640 0 47.58165506 0 115.87187923 0 111088
0.32150000 0.32149900 3038.96563135 0 22.37373604 0 -53.40149043 0 36.31899698 0 94.89846011 0 112635
0.32250000 0.32250100 2965.20180341 0 45.99543381 0 -11.96198612 0 92.02375242 0 85.65240455 0 113202
0.32350000 0.32350400 2993.97877561 0 62.88582242 0 -57.48640323 0 -11.31646958 0 122.38462069 0 113863
0.32450000 0.32450300 2934.38752344 0 50.64215636 0 -17.16309998 0 -12.36679031 0 239.07585195 0 114045
0.32550000 0.32549900 2945.91381357 0 34.83818426 0 -52.66329853 0 20.12317530 0 238.27089393 0 114828
0.32650000 0.32650300 2920.46961114 0 25.21157289 0 -82.94344956 0 24.20066963 0 316.48911815 0 116431
0.32750000 0.32750400 2925.91719495 0 25.60131872 0 -125.78493164 0 75.44516047 0 223.28118060 0 116442
0.32850000 0.32850400 2919.63918678 0 49.76921427 0 -171.14381749 0 79.20056087 0 303.24440320 0 116955
0.32950000 0.32949800 2887.61802340 0 -1.20407103 0 -242.54038238 0 86.96181768 0 270.09829163 0 117028
0.33050000 0.33049700 2906.56277117 0 43.63780368 0 -236.16050882 0 64.45931050 0 233.02150474 0 119061
0.33150000 0.33150100 2851.88763121 0 72.84438209 0 -274.96457838 0 -42.08136698 0 191.96643154 0 120060
0.33250000 0.33250400 2822.46846417 0 69.54073253 0 -206.69040909 0 -112.07628628 0 246.71797054 0 119737
0.33350000 0.33350100 2792.08600487 0 61.71614203 0 -141.60949827 0 -50.68888157 0 420.03307093 0 120531
0.33450000 0.33450000 2801.04351565 0 35.50883497 0 -96.59164002 0 -8.74502179 0 395.43257964 0 121704
0.33550000 0.33550300 2794.24510821 0 47.91316046 0 -81.43539892 0 80.68735265 0 469.50864714 0 122761
0.33650000 0.33650300 2783.52709778 0 19.29164370 0 -69.46654796 0 54.57061721 0 471.81833410 0 122472
0.33750000 0.33749900 2765.21347253 0 43.37649682 0 -135.45439290 0 -1.97287791 0 488.56633262 0 122985
0.33850000 0.33849800 2766.97397218 0 34.48829879 0 -53.12058555 0 7.36263097 0 440.88004409 0 125380
0.33950000 0.33950300 2728.24297996 0 83.85769142 0 -164.86138039 0 -50.55678874 0 418.25817726 0 125223
0.34050000 0.34050000 2667.78808645 0 104.34348535 0 -100.69570794 0 -110.49006503 0 379.86046202 0 125178
0.34150000 0.34149900 2633.46387952 0 68.71839097 0 -138.52364134 0 -54.43830293 0 303.02849287 0 127059
0.34250000 0.34250300 2610.75454131 0 18.83734621 0 -120.47685912 0 18.65852817 0 255.56807977 0 127957
0.34350000 0.34349800 2630.82866621 0 -21.57276406 0 -160.17114359 0 15.22610747 0 159.27649975 0 126732
0.34450000 0.34449700 2657.40224577 0 23.13274390 0 -157.73191044 0 36.66345700 0 156.94798984 0 129639
0.34550000 0.34550000 2661.97511592 0 32.72691336 0 -161.42342353 0 29.29559990 0 160.88309408 0 129826
0.34650000 0.34650400 2653.72623393 0 32.32731316 0 -138.32433949 0 -1.59493517 0 201.97802764 0 130875
0.34750000 0.34750200 2610.27843135 0 88.55412871 0 -121.36264510 0 -52.64713294 0 150.52714868 0 130686
0.34850000 0.34850200 2573.68439782 0 97.80926358 0 -105.90833702 0 -54.00072465 0 138.29222975 0 132211
0.34950000 0.34950400 2494.81622814 0 59.56036039 0 -81.08130597 0 -61.34776578 0 189.20831543 0 132768
0.35050000 0.35050300 2492.40246133 0 28.61099805 0 -123.27926453 0 -1.31685374 0 108.82246218 0 132957
0.35150000 0.35150100 2493.29931964 0 6.87087580 0 -72.03089838 0 27.33801287 0 55.96285133 0 133987
0.35250000 0.35249800 2524.35719075 0 6.62056376 0 -103.64415731 0 16.73437956 0 60.50040076 0 134778
0.35350000 0.35349800 2512.94162387 0 25.96072639 0 -180.15336819 0 28.31193456 0 99.35728531 0 135699
0.35450000 0.35450100 2516.11938109 0 33.32260443 0 -146.81238370 0 41.08386124 0 80.80460857 0 137380
0.35550000 0.35550100 2529.90442549 0 46.71148105 0 -132.09394232 0 -6.89346335 0 172.61643669 0 136161
0.35650000 0.35649900 2500.52954774 0 74.28345215 0 -86.07747110 0 -32.10165918 0 152.66300013 0 138792
0.35750000 0.35750000 2474.49851210 0 58.00514164 0 -99.88731750 0 -73.01090985 0 222.58030243 0 138097
0.35850000 0.35849800 2451.58987205 0 52.17965939 0 -48.54660817 0 -20.20942871 0 207.08126215 0 140028
0.35950000 0.35950300 2444.73610298 0 15.30206362 0 -120.89650023 0 30.81450142 0 235.45188004 0 141099
0.36050000 0.36050500 2445.97620336 0 1.13730492 0 -131.54696947 0 91.30693011 0 168.52742713 0 140821
0.36150000 0.36150200 2472.37262573 0 1.96209346 0 -237.64087865 0 73.98616022 0 98.79791146 0 141756
0.36250000 0.36250400 2438.77919223 0 32.69790387 0 -181.31485507 0 41.90420979 0 83.91936427 0 142971
0.36350000 0.36349900 2431.61539807 0 73.44494499 0 -289.74170309 0 -22.23610704 0 126.20678721 0 142270
0.36450000 0.36450000 2411.70735805 0 60.63437590 0 -260.25610209 0 1.16147580 0 107.54504807 0 145311
0.36550000 0.36550300 2399.89318747 0 24.16080926 0 -237.16476869 0 -40.23096006 0 102.70367404 0 145434
0.36650000 0.36650100 2373.41925883 0 43.12714806 0 -246.16767600 0 -8.13816981 0 110.57786856 0 144547
0.36750000 0.36749600 2372.81028096 0 55.97469872 0 -228.19397112 0 -18.39622479 0 81.82647343 0 146892
0.36850000 0.36849900 2330.65794038 0 49.29620456 0 -308.22030598 0 74.64894959 0 126.70393460 0 148113
0.36950000 0.36949900 2329.53963557 0 19.86707242 0 -292.07021300 0 72.75680000 0 120.65401632 0 147387
0.37050000 0.37049800 2312.96436532 0 37.26612364 0 -360.24473137 0 24.50693014 0 79.75594869 0 149758
0.37150000 0.37150100 2316.49643693 0 38.17693308 0 -319.14315441 0 27.70550333 0 111.37762258 0 150099
0.37250000 0.37250000 2289.19208393 0 63.95009429 0 -358.91605239 0 -53.29442105 0 164.88352504 0 150468
0.37350000 0.37349800 2272.47287345 0 49.29697962 0 -290.25767342 0 -1.57418564 0 218.45364697 0 150709
0.37450000 0.37449700 2274.76484469 0 27.19075095 0 -269.96542373 0 -69.24388350 0 191.23122918 0 153108
0.37550000 0.37550100 2241.97969090 0 49.02969370 0 -263.88450294 0 3.05266210 0 177.13505245 0 153189
0.37650000 0.37649900 2264.88833095 0 29.55303145 0 -245.90858359 0 -23.92740466 0 206.18551108 0 153547
0.37750000 0.37749900 2261.21231911 0 40.00076643 0 -230.01204685 0 -11.77154213 0 164.28894119 0 155424
0.37850000 0.37850200 2258.64353976 0 21.70231026 0 -259.96047102 0 32.00488706 0 180.02825092 0 155313
0.37950000 0.37949900 2223.67713798 0 58.40385606 0 -270.59543901 0 -24.18793646 0 185.45258285 0 156100
0.38050000 0.38050000 2209.94745520 0 89.80596576 0 -267.44868430 0 -35.43442895 0 159.20010071 0 157557
0.38150000 0.38149800 2145.06363177 0 68.55285971 0 -259.12561773 0 25.23216741 0 209.18832557 0 157692
0.38250000 0.38250100 2124.67948177 0 35.10668813 0 -297.78131814 0 60.76104329 0 198.42934754 0 159703
0.38350000 0.38350500 2112.11239311 0 18.80390779 0 -319.17969308 0 40.30591970 0 158.07736697 0 160338
0.38450000 0.38450600 2121.47957990 0 23.22198684 0 -284.15350075 0 2.76940988 0 94.57448388 0 160167
0.38550000 0.38550000 2108.63568311 0 44.28243443 0 -304.47121679 0 -17.41909213 0 198.97853485 0 160033
0.38650000 0.38649600 2095.91358190 0 64.74973758 0 -309.79257610 0 -53.18436214 0 242.94452224 0 162444
0.38750000 0.38750200 2087.76435083 0 19.13884562 0 -321.56245738 0 24.13257484 0 264.15134597 0 164307
0.38850000 0.38850400 2087.31038551 0 34.90384314 0 -307.72980199 0 30.72636571 0 283.68514141 0 163882
0.38950000 0.38950500 2123.83798509 0 23.45472711 0 -309.09169794 0 24.51888825 0 257.42158694 0 164595
0.39050000 0.39050100 2088.97123423 0 31.66374873 0 -342.34964000 0 41.41625243 0 353.16951581 0 165006
0.39150000 0.39150100 2088.79407704 0 44.44198663 0 -300.99893573 0 31.58624246 0 336.42816068 0 166687
0.39250000 0.39250100 2062.55266722 0 54.53507505 0 -331.04258189 0 -4.03932803 0 392.83501224 0 167256
0.39350000 0.39350100 2048.85620142 0 56.31162956 0 -293.39667751 0 12.33999529 0 383.26188020 0 167937
0.39450000 0.39449600 2042.65569952 0 29.67128388 0 -341.05417799 0 1.05503754 0 422.07591485 0 167719
0.39550000 0.39549700 2040.64053640 0 -0.29361370 0 -333.45856317 0 42.69577029 0 352.07557012 0 171636
0.39650000 0.39650400 2053.86089223 0 35.47152124 0 -343.08705683 0 -8.61216497 0 381.52463244 0 171093
0.39750000 0.39750000 2029.61250088 0 62.00247235 0 -371.23954991 0 -28.98956084 0 375.20233497 0 170464
0.39850000 0.39849800 2018.47374211 0 59.30890789 0 -371.38459737 0 -7.36057151 0 330.42474617 0 172113
0.39950000 0.39949500 1974.39481701 0 47.40981258 0 -393.98764125 0 -2.80337978 0 374.61993068 0 173232
