### header ###
fiducial parameters:
Omega_m = 0.31
Omega_nu = 0
Omega_de = 0.69
Omega_k = 0
H_0 = 100
w_de = -1
zeff = 0
beta = 0
fgrowth = 0
b_1 = 2
gamma = 0.55
Lx = 3500 Ly = 3500 Lz = 3500
nx = 700 ny = 700 nz = 700
xoffset = -685.467585 yoffset = -31.7331281 zoffset = 572.489161
bins = 400 dk = 0.001
kx_ny = 0.628318531 ky_ny = 0.628318531 kz_ny = 0.628318531
############################
A(data) = 8.07370689 (not used)
A(ran) = 8.0776722 (used)
Ngal = 480360
weighted Ngal = 0
Nran = 23820508
weighted Nran = 0
SN(data) = 3475.54101
SN(ran) = 70.3594544
SN(data+ran) = 3545.90046
############################
13 columns: k_central k_mean P_0(k) sigma^{lin}_{P_0(k)} P^img_1(k) sigma^{lin}_{P_1(k)} P_2(k) sigma^{lin}_{P_2(k)} P^img_3(k) sigma^{lin}_{P_3(k)} P_4(k) sigma^{lin}_{P_4(k)} N_modes
### header ###
0.00050000 0 0 0 0 0 0 0 0 0 0 0 0
0.00150000 0.00179520 9920.22727662 0 -14837.69031972 0 -9066.26315265 0 -9479.18336212 0 -11623.94804111 0 3
0.00250000 0.00253879 17937.38765270 0 -9098.08501418 0 6602.26120449 0 -3850.19058151 0 -2336.72557438 0 6
0.00350000 0.00331552 31178.89162657 0 -6982.65092363 0 31033.40127845 0 -49682.96086349 0 21446.42883423 0 7
0.00450000 0.00420575 38370.25587303 0 1554.68727244 0 30827.12386708 0 -29476.18951596 0 19145.82118341 0 24
0.00550000 0.00557378 44133.95455738 0 -5562.76920586 0 45502.60462821 0 -8728.98906635 0 17638.98849884 0 45
0.00650000 0.00659388 47362.31230475 0 -3238.33391203 0 29199.82428849 0 38815.80622374 0 14168.70045418 0 40
0.00750000 0.00754703 76852.01005699 0 -19397.71657303 0 42611.06700182 0 20950.38868235 0 -31521.69080296 0 57
0.00850000 0.00846663 70789.80149553 0 -10118.10079345 0 23786.12179166 0 23405.78743414 0 -30061.80477562 0 75
0.00950000 0.00948925 79430.42233751 0 15436.81381566 0 25897.28196483 0 -8825.55081110 0 -32935.29451255 0 112
0.01050000 0.01054430 63325.50444229 0 14664.29771306 0 17735.98206425 0 -15936.61855797 0 -9189.98531018 0 105
0.01150000 0.01145670 53474.12488140 0 -3129.94692438 0 16142.01018336 0 557.08741476 0 -15221.01420494 0 144
0.01250000 0.01249090 67835.59451067 0 -16155.51841964 0 13720.93563851 0 4953.22665227 0 -18337.76291815 0 169
0.01350000 0.01339930 71861.49181473 0 -2075.30798541 0 14874.22899162 0 2679.98978840 0 -23073.94985932 0 180
0.01450000 0.01448870 84218.64920533 0 -2493.31039196 0 21796.64646824 0 -13182.93137558 0 -11462.62426850 0 267
0.01550000 0.01550050 85578.10924657 0 7386.91257508 0 30677.31531229 0 -4104.61046120 0 18634.94411628 0 238
0.01650000 0.01653350 78571.98499432 0 9114.37240399 0 40452.29583193 0 6384.03675464 0 -4390.12142897 0 315
0.01750000 0.01747870 71426.23872611 0 3080.12146270 0 45014.97944320 0 5398.03515721 0 15664.23936744 0 297
0.01850000 0.01844180 70020.05347414 0 6533.52421201 0 32948.91347208 0 13334.73294884 0 3930.58673202 0 388
0.01950000 0.01947590 66604.90560708 0 3289.38840177 0 41831.90750433 0 6307.50484549 0 11286.68502714 0 399
0.02050000 0.02045430 64244.06450925 0 1417.33508306 0 32969.17582650 0 11982.58064199 0 9550.98738856 0 462
0.02150000 0.02154770 63272.57872966 0 458.81388860 0 27936.13985693 0 8558.60813204 0 4860.56236586 0 571
0.02250000 0.02255340 60777.31960853 0 1354.22283159 0 21542.75806015 0 3488.59059759 0 4355.75293273 0 510
0.02350000 0.02348930 64648.86870462 0 -1570.54284158 0 23634.98455788 0 10048.96519728 0 9071.73288111 0 555
0.02450000 0.02439640 63524.69556578 0 -6119.72928889 0 19344.01579766 0 430.43552009 0 13568.02683277 0 592
0.02550000 0.02547300 69205.79470698 0 -2827.69460149 0 16455.79986872 0 12969.12478333 0 16291.59729166 0 837
0.02650000 0.02652900 70234.19223613 0 -1538.88706492 0 16655.98750144 0 5238.41652262 0 15352.55342379 0 723
0.02750000 0.02749970 70278.48153541 0 1320.43009625 0 12953.40208209 0 8297.29019400 0 17004.10139374 0 826
0.02850000 0.02848090 68326.65211638 0 3927.70792757 0 8520.98437231 0 538.43386914 0 18165.14537422 0 831
0.02950000 0.02946900 61611.95145336 0 6000.95646056 0 12783.10972638 0 -1255.75664698 0 14270.89801226 0 996
0.03050000 0.03053250 59994.17407411 0 5446.06690227 0 13534.25624207 0 -7220.26301424 0 12115.33781656 0 1041
0.03150000 0.03150510 52783.32253596 0 3224.82567576 0 18179.98228948 0 1249.16861371 0 9441.57067471 0 1036
0.03250000 0.03246190 54812.65822872 0 -454.63962215 0 14796.50127140 0 633.97253107 0 5604.62259368 0 1059
0.03350000 0.03345080 51889.45375335 0 -1071.49876798 0 14341.42872135 0 2156.75600677 0 3607.26377499 0 1302
0.03450000 0.03451200 56648.78185340 0 -1945.65106178 0 15623.71465860 0 -1508.44924399 0 -7388.81701495 0 1339
0.03550000 0.03553350 56434.31092166 0 983.94657394 0 19873.60509374 0 -1607.45797252 0 981.67785458 0 1365
0.03650000 0.03647120 53869.18543093 0 3090.95019637 0 15936.95072772 0 -6533.82316478 0 -8384.46260730 0 1308
0.03750000 0.03744890 53744.84322321 0 2813.78776151 0 20323.69509762 0 -1178.95900204 0 -7361.13620291 0 1579
0.03850000 0.03847530 51796.22477838 0 -97.56489737 0 22068.25059604 0 -4517.66353856 0 -8775.22709480 0 1662
0.03950000 0.03950240 52439.96974334 0 2513.99349472 0 22679.44292603 0 -2448.93251409 0 -7396.44584675 0 1683
0.04050000 0.04050350 50427.24253780 0 2730.05884123 0 20964.78270462 0 3360.02983412 0 -6089.76757793 0 1822
0.04150000 0.04152450 47014.64130545 0 2101.08435759 0 16720.20698539 0 5966.14507133 0 -4646.29073597 0 1887
0.04250000 0.04250150 46445.30236327 0 1943.71340494 0 18550.68372441 0 3273.78749610 0 -3697.15998019 0 1920
0.04350000 0.04349210 42206.70569945 0 2408.87284290 0 17163.09997814 0 4684.41275032 0 -6716.06255897 0 2005
0.04450000 0.04448520 41584.88393763 0 345.77984623 0 17886.67640503 0 3062.41681532 0 -2874.74090964 0 2151
0.04550000 0.04548030 41386.68932338 0 -339.51180315 0 14186.74834364 0 1394.40429836 0 1823.58975298 0 2274
0.04650000 0.04648670 41206.87476832 0 918.88337884 0 16593.31814297 0 631.54437024 0 2433.76342909 0 2311
0.04750000 0.04749250 41561.52133226 0 1046.48417175 0 18645.79499460 0 -74.81758109 0 2201.64321159 0 2568
0.04850000 0.04851840 40632.77472648 0 1662.54278849 0 18771.24443480 0 824.46966511 0 2115.25693335 0 2493
0.04950000 0.04949480 40452.29583193 0 928.08226630 0 19460.71810125 0 -1474.78937654 0 3554.38235166 0 2644
0.05050000 0.05050630 39773.00870431 0 -315.72955667 0 21859.42654996 0 -419.47391852 0 3356.49776250 0 2829
0.05150000 0.05149060 39800.13590011 0 35.69529292 0 22268.77039851 0 1525.79957698 0 -1003.24120717 0 2784
0.05250000 0.05249300 39872.32745793 0 1457.89300887 0 19263.63071948 0 556.26695549 0 955.73982646 0 3055
0.05350000 0.05348950 37289.70769398 0 1631.66207457 0 18468.19490451 0 2029.32462044 0 118.63996043 0 3009
0.05450000 0.05448610 36461.49779755 0 1332.64287052 0 17377.23874013 0 2185.40011108 0 -1498.86061070 0 3336
0.05550000 0.05550870 35033.94295868 0 388.23446128 0 13953.12228996 0 4906.19141644 0 -2179.33247708 0 3349
0.05650000 0.05647670 34463.60750727 0 -675.94992892 0 12162.17375055 0 2467.23506701 0 -2593.27134042 0 3324
0.05750000 0.05747970 35723.30590189 0 326.43870923 0 10674.08651189 0 2245.77749832 0 -5479.58282950 0 3639
0.05850000 0.05849280 33607.16318255 0 1917.05124678 0 10532.91437046 0 -1639.03624290 0 -2751.11840304 0 3846
0.05950000 0.05951020 33825.84159772 0 1606.26216144 0 11699.23984988 0 -1148.31080694 0 -2916.94861185 0 3787
0.06050000 0.06049470 31794.51288649 0 1251.17270451 0 13581.20289930 0 -451.01565023 0 -713.20830194 0 3930
0.06150000 0.06148310 31102.27113883 0 1036.62205203 0 14053.65899932 0 410.51530051 0 -619.02599980 0 4083
0.06250000 0.06249100 30273.95051914 0 1187.59541540 0 13781.61197852 0 1381.87042667 0 195.06003910 0 4303
0.06350000 0.06350600 31094.52051145 0 -975.64786649 0 14200.36730316 0 1445.82417482 0 164.22915064 0 4470
0.06450000 0.06451750 29976.21570477 0 -236.92671370 0 13387.21576848 0 1653.70707329 0 451.09979990 0 4479
0.06550000 0.06550280 30696.13826448 0 196.03661815 0 12013.14025849 0 2802.38326695 0 1202.34375206 0 4636
0.06650000 0.06648880 30894.00070899 0 -435.39481438 0 11208.29296742 0 2352.04967193 0 405.68776689 0 4653
0.06750000 0.06749660 30244.05524213 0 10.76967389 0 9052.36738501 0 2061.44543474 0 465.23362253 0 5220
0.06850000 0.06852730 30475.35610759 0 716.33291200 0 7759.57381151 0 865.34315218 0 -135.05136028 0 5029
0.06950000 0.06949320 30266.53206151 0 963.51370572 0 8448.16169198 0 -871.29674123 0 2284.14310381 0 5040
0.07050000 0.07048030 29918.86106221 0 183.14068143 0 9212.89395023 0 -1350.76826625 0 -19.21712696 0 5475
0.07150000 0.07148790 29265.37245141 0 667.30687217 0 11123.36823606 0 -1252.54567278 0 1594.72479898 0 5509
0.07250000 0.07249820 28926.89148171 0 858.66875478 0 10697.93629955 0 -852.95432794 0 1290.20264949 0 5916
0.07350000 0.07351270 28146.29258199 0 906.18563674 0 11769.99200547 0 959.88973381 0 1783.16469507 0 5721
0.07450000 0.07449140 28101.78183622 0 681.46837561 0 12174.02113810 0 130.25372193 0 1773.87501455 0 6028
0.07550000 0.07549160 26906.63509530 0 425.35664470 0 12275.88652643 0 1934.74482184 0 1538.30023170 0 6183
0.07650000 0.07648840 26578.56211092 0 656.41724071 0 11507.46718402 0 267.82625057 0 -403.24299757 0 6330
0.07750000 0.07749960 26175.86165727 0 1048.59012793 0 11117.72135040 0 -433.71403547 0 -1484.80983051 0 6583
0.07850000 0.07848650 24746.97813942 0 1288.43107752 0 10042.28858542 0 292.37691639 0 -1293.96723993 0 6549
0.07950000 0.07947320 23979.00169000 0 399.89915548 0 9669.14016670 0 599.22314686 0 -1290.16943252 0 6828
0.08050000 0.08048110 23747.36865479 0 -32.40238352 0 9326.50707519 0 583.40522362 0 -2592.31912049 0 7147
0.08150000 0.08149960 23656.57559128 0 -47.50890989 0 8127.57359918 0 1466.29690341 0 -3566.94944033 0 7386
0.08250000 0.08250610 23335.69961803 0 315.12943666 0 7994.60605043 0 1482.24105115 0 -2786.01837087 0 7227
0.08350000 0.08350160 23403.13007618 0 -177.93447430 0 6841.13554012 0 841.06043662 0 -1502.78021369 0 7798
0.08450000 0.08449610 23225.86215583 0 15.07308795 0 6571.44692452 0 2555.47042349 0 -518.68194890 0 7371
0.08550000 0.08548940 23645.83543620 0 322.27219340 0 6815.62490374 0 851.07646165 0 317.97280968 0 8256
0.08650000 0.08650700 22726.50030651 0 486.03077024 0 6707.52579654 0 604.65412218 0 50.90147021 0 8037
0.08750000 0.08749060 22647.88680030 0 788.52668428 0 6801.40803867 0 -198.11932245 0 1152.09754203 0 8155
0.08850000 0.08849210 21519.28473154 0 1069.88110132 0 6443.70551308 0 173.89529021 0 2350.32238925 0 8718
0.08950000 0.08949900 20841.21555964 0 530.00007933 0 6422.11447969 0 350.83546974 0 1892.88036170 0 8571
0.09050000 0.09049190 20337.09261065 0 621.51173672 0 6486.40039758 0 652.56850060 0 1524.83628472 0 8932
0.09150000 0.09150830 20131.81170851 0 388.28317951 0 5945.24052207 0 26.51943590 0 1402.08849179 0 9285
0.09250000 0.09250820 18964.89939587 0 836.51635451 0 6279.09326000 0 -224.45816872 0 1071.80990030 0 9204
0.09350000 0.09350330 19240.15739087 0 241.25045654 0 5733.39373132 0 -630.81138234 0 1663.56144238 0 9349
0.09450000 0.09448040 18610.80644817 0 -277.29087383 0 6739.62446619 0 1215.02156397 0 605.89200810 0 9564
0.09550000 0.09549270 19063.99670300 0 186.82444390 0 6373.00871912 0 434.10156684 0 506.87663618 0 10155
0.09650000 0.09649430 18796.71078188 0 654.99998313 0 7059.74752134 0 262.43513562 0 232.57750451 0 9913
0.09750000 0.09749140 18294.47012810 0 853.80911142 0 7036.92745989 0 -666.50080692 0 727.59900251 0 10476
0.09850000 0.09850240 17675.97006374 0 439.31109567 0 7167.83555622 0 195.31580980 0 2580.22814179 0 10575
0.09950000 0.09950330 17226.32295285 0 284.51888747 0 6985.41900484 0 157.10300239 0 2129.37414750 0 10882
0.10050000 0.10051200 17593.14907409 0 53.05503739 0 7675.51272148 0 665.83314574 0 1650.30786957 0 10875
0.10150000 0.10150300 17145.82715142 0 122.37797729 0 7725.71464221 0 411.43319624 0 1529.30950395 0 11118
0.10250000 0.10250800 16954.38665530 0 365.48747717 0 7274.25167005 0 332.17749519 0 1714.90381256 0 11575
0.10350000 0.10349800 16632.18200308 0 345.08450423 0 7194.67487158 0 617.18910111 0 2834.19405615 0 11364
0.10450000 0.10450100 16386.81928510 0 485.12616130 0 7279.32279482 0 555.18629659 0 2270.41342104 0 12093
0.10550000 0.10551000 15992.09090532 0 532.40720274 0 6879.00289100 0 486.34411703 0 2133.33803978 0 12067
0.10650000 0.10649700 15546.65127786 0 305.04144152 0 7165.33321081 0 416.52978735 0 2032.70167951 0 12054
0.10750000 0.10749900 15387.87413996 0 233.78217345 0 6466.59200848 0 302.70960991 0 2367.05267206 0 12807
0.10850000 0.10850100 14961.03601820 0 83.63735215 0 6305.68898422 0 851.01113493 0 2531.68706978 0 12736
0.10950000 0.10950300 15082.16725172 0 -104.67211195 0 5784.13819596 0 661.17058976 0 1833.57698997 0 12933
0.11050000 0.11050200 14966.46145736 0 53.52417179 0 5347.68929626 0 155.60270237 0 1387.73875882 0 13428
0.11150000 0.11150900 14785.42894658 0 316.04179623 0 5033.14669281 0 237.61651954 0 473.44818032 0 13453
0.11250000 0.11250000 14616.13310010 0 305.88515267 0 4801.14827089 0 -620.49086837 0 575.20395263 0 13668
0.11350000 0.11349100 14491.23727615 0 253.45880189 0 5004.92333685 0 -823.84740046 0 -65.49601228 0 13791
0.11450000 0.11448600 14361.58035252 0 -251.64072615 0 5426.43567037 0 -205.71604450 0 268.64338814 0 14205
0.11550000 0.11549300 14459.68115041 0 187.29833940 0 5325.89896102 0 86.54273018 0 -57.07296262 0 14776
0.11650000 0.11649800 14552.24578590 0 158.19030468 0 5717.88140425 0 134.08806802 0 -165.13708128 0 14553
0.11750000 0.11747300 14123.52536892 0 402.21880752 0 5778.53559960 0 157.20043885 0 -408.63743422 0 14568
0.11850000 0.11849100 13840.84891630 0 471.66442879 0 5547.64441016 0 462.74013498 0 395.09930267 0 16015
0.11950000 0.11950300 13448.00283174 0 386.70869492 0 5593.01879727 0 487.91638716 0 955.12531244 0 15270
0.12050000 0.12050700 13495.17093546 0 3.98447574 0 5500.87491013 0 502.37352167 0 848.72469986 0 15999
0.12150000 0.12150000 13435.49110469 0 -255.40310213 0 5130.36170472 0 765.29583958 0 934.56400525 0 15670
0.12250000 0.12250700 13488.63826382 0 -133.02844653 0 4620.41471287 0 324.94948155 0 375.67955217 0 16887
0.12350000 0.12352200 13524.51259623 0 41.84242621 0 4264.06301091 0 625.85208805 0 619.58847390 0 16407
0.12450000 0.12449800 13492.07068451 0 158.59333731 0 4408.45719887 0 249.60674008 0 226.98265878 0 16306
0.12550000 0.12549900 13224.45259365 0 157.76734188 0 3775.65169083 0 108.39340960 0 566.64836724 0 17523
0.12650000 0.12650100 13303.61971610 0 338.56733384 0 4319.88967264 0 -84.16040878 0 122.18531884 0 17154
0.12750000 0.12750600 12917.19557993 0 268.29350268 0 3888.53404236 0 -237.35189097 0 476.62261584 0 18007
0.12850000 0.12850300 13057.59265863 0 -31.38428325 0 4270.89463532 0 466.54237133 0 653.52847117 0 17496
0.12950000 0.12949900 12938.23299708 0 -49.98113857 0 4455.54779632 0 -235.46405959 0 707.65331658 0 18405
0.13050000 0.13049000 13169.64458579 0 102.41546143 0 4498.13195758 0 370.67153965 0 -125.30107104 0 18100
0.13150000 0.13148800 12724.98002108 0 85.89555280 0 4125.59251673 0 171.37744354 0 -145.63761004 0 19059
0.13250000 0.13249300 12705.60345264 0 516.44201759 0 4003.71943745 0 -160.96060035 0 79.63182793 0 18957
0.13350000 0.13349100 12481.83176806 0 133.38940432 0 3642.01980260 0 62.75472610 0 -320.18284571 0 19468
0.13450000 0.13450700 12162.72736679 0 213.75344509 0 3813.68512659 0 112.81038141 0 -369.46797794 0 19953
0.13550000 0.13551000 12015.90833969 0 256.28778088 0 3436.30707979 0 199.61630076 0 -371.07457227 0 19956
0.13650000 0.13649900 11838.86186584 0 9.99434542 0 3048.57640929 0 538.53684176 0 -67.37509652 0 19723
0.13750000 0.13749600 11937.95917297 0 -231.28757867 0 3020.24233008 0 583.89351315 0 23.73806790 0 20946
0.13850000 0.13851100 12019.34076039 0 50.52013934 0 2818.22776377 0 485.49044079 0 -234.60373995 0 20955
0.13950000 0.13949800 12120.98470222 0 59.34411788 0 2778.24559885 0 237.50026013 0 256.87239963 0 20506
0.14050000 0.14048300 11792.35810160 0 272.12563430 0 2505.97713155 0 -341.09071667 0 206.94175086 0 21447
0.14150000 0.14148400 11750.17254404 0 332.47755519 0 2935.29545407 0 -1.20117009 0 336.00187618 0 21771
0.14250000 0.14249400 11272.40172812 0 316.11930250 0 2893.95139320 0 -87.72735822 0 -110.23052973 0 22470
0.14350000 0.14350900 10951.89114159 0 384.57284346 0 2938.39570502 0 -73.46653602 0 -232.19550931 0 22519
0.14450000 0.14449900 10845.86255913 0 261.14078085 0 2701.14900113 0 -25.72101055 0 -910.89580372 0 22218
0.14550000 0.14550500 10616.20039774 0 79.45954255 0 2899.74221908 0 -247.53953704 0 -691.64494935 0 23559
0.14650000 0.14650700 10575.02242174 0 30.57855017 0 2835.05769749 0 -72.17240270 0 -667.98117675 0 23044
0.14750000 0.14750500 10598.89435405 0 -9.92151167 0 3000.10177124 0 67.66275552 0 -614.75540412 0 23649
0.14850000 0.14849900 10455.90635134 0 181.38018178 0 2834.06118826 0 361.20580916 0 -594.24281516 0 23640
0.14950000 0.14949500 10530.47845900 0 234.04015862 0 2966.04330009 0 91.48951274 0 -2.04607705 0 24457
0.15050000 0.15050000 10122.27505991 0 242.67435752 0 2965.11322481 0 482.21524711 0 308.97654576 0 24591
0.15150000 0.15149900 10143.93252725 0 145.23900634 0 2907.52606343 0 158.76938727 0 557.09516539 0 25020
0.15250000 0.15250500 9940.20175059 0 84.71037115 0 2904.18222133 0 183.54925022 0 357.00054020 0 25297
0.15350000 0.15350100 9885.74805713 0 69.58103580 0 2900.08546115 0 348.02531370 0 577.03642239 0 25452
0.15450000 0.15450400 9691.63913074 0 39.56053079 0 2748.29496021 0 66.58431108 0 933.48666804 0 26061
0.15550000 0.15549900 9875.09648066 0 -44.77116685 0 2760.74025331 0 481.98937168 0 618.69383005 0 26128
0.15650000 0.15649500 9829.53386403 0 60.84862538 0 2674.49791529 0 229.43296426 0 529.69448316 0 26331
0.15750000 0.15749700 9787.52546367 0 142.98578824 0 2546.84508246 0 105.50308993 0 712.52513950 0 27345
0.15850000 0.15849900 9601.38861114 0 203.94225807 0 2509.67528804 0 -3.49475788 0 547.63497107 0 26980
0.15950000 0.15949700 9476.65887206 0 222.39428738 0 2565.13656306 0 -33.86614486 0 938.15033126 0 27777
0.16050000 0.16050000 9293.20152214 0 233.72791906 0 2514.21494122 0 -140.88536822 0 787.64754169 0 28224
0.16150000 0.16150500 9108.28262534 0 309.92655123 0 2606.25917744 0 71.22095782 0 1201.53547235 0 28075
0.16250000 0.16249700 8956.27067791 0 154.33935011 0 2595.84011978 0 31.61602701 0 939.78460640 0 28590
0.16350000 0.16349900 8838.66044368 0 -21.26871802 0 2500.91707911 0 99.00850708 0 765.83838350 0 29163
0.16450000 0.16449100 8797.68176953 0 -15.68250870 0 2325.33215214 0 329.39280549 0 753.35101557 0 28996
0.16550000 0.16550500 8888.71842419 0 74.72977756 0 2400.76790113 0 2.34095520 0 565.74929447 0 30777
0.16650000 0.16650700 8735.74318449 0 74.45130859 0 2157.13246582 0 285.13007980 0 694.44292584 0 29211
0.16750000 0.16749900 8675.63153305 0 257.38394104 0 2258.10099584 0 -24.93841864 0 482.69689324 0 30922
0.16850000 0.16850800 8524.06247861 0 267.29477898 0 2065.95187094 0 -67.65279043 0 578.14144041 0 30867
0.16950000 0.16949900 8312.31533878 0 82.42515403 0 2371.41516803 0 -225.08375508 0 431.16075737 0 30852
0.17050000 0.17049200 8286.59432822 0 -4.69311560 0 2067.56843036 0 39.68885904 0 668.57243890 0 31257
0.17150000 0.17149500 8320.82995656 0 -12.38184867 0 2359.63421443 0 24.58897606 0 228.62025562 0 32608
0.17250000 0.17250900 8284.37986326 0 120.11922303 0 2180.32898631 0 98.92701477 0 -33.93202519 0 32361
0.17350000 0.17350400 8260.04289331 0 87.85369344 0 2117.47139832 0 91.13564124 0 102.05727172 0 32508
0.17450000 0.17449800 8149.24213885 0 100.05140936 0 2069.20713443 0 -4.37241678 0 264.50566036 0 32791
0.17550000 0.17549800 8136.92971365 0 82.30524075 0 2353.43371253 0 131.22587205 0 185.63084728 0 33633
0.17650000 0.17650100 8121.86027957 0 78.20050850 0 2255.42149323 0 -55.31877420 0 451.28360049 0 33984
0.17750000 0.17750300 8071.47012932 0 126.57771009 0 2328.02272707 0 29.37808872 0 674.67107541 0 34069
0.17850000 0.17849800 8041.65235859 0 113.19237662 0 2397.34655276 0 21.77084795 0 856.48086339 0 34536
0.17950000 0.17950400 7988.33911458 0 41.65353235 0 2527.74532215 0 35.90157033 0 758.52179126 0 35343
0.18050000 0.18050100 7991.86011388 0 106.93164128 0 2629.02387726 0 -18.95792383 0 1071.54084281 0 34990
0.18150000 0.18150500 7887.06055947 0 152.59656619 0 2773.65058405 0 -79.92325152 0 674.99770899 0 36243
0.18250000 0.18250200 7744.12791838 0 168.99800094 0 2685.47058919 0 28.47192965 0 995.11190629 0 35694
0.18350000 0.18350400 7630.75838457 0 64.54379234 0 2565.38015421 0 171.37190738 0 667.53939099 0 37087
0.18450000 0.18450600 7475.97835593 0 115.33487147 0 2391.28999108 0 358.27275032 0 650.59319786 0 36651
0.18550000 0.18550700 7474.00748211 0 27.19163674 0 1998.43283419 0 272.46001851 0 265.08142125 0 37818
0.18650000 0.18651000 7323.85568524 0 29.80791637 0 1993.52779430 0 318.77333876 0 305.69027976 0 37267
0.18750000 0.18750100 7381.58678685 0 101.43888238 0 1756.63540480 0 65.20049193 0 61.41818577 0 38334
0.18850000 0.18850000 7175.59725592 0 191.21683515 0 1784.92519471 0 -186.93295268 0 214.48754022 0 38223
0.18950000 0.18949500 7209.54500381 0 155.59938068 0 1720.91608494 0 -114.35164903 0 297.65620087 0 39064
0.19050000 0.19050000 7015.89004274 0 28.76722856 0 1783.29756297 0 111.03216605 0 466.46929398 0 39609
0.19150000 0.19149800 7082.40149792 0 23.29240683 0 1662.12204015 0 250.90220209 0 388.77700519 0 39576
0.19250000 0.19250400 7003.35617104 0 -9.12217839 0 1548.47569821 0 400.58896131 0 380.90347502 0 40909
0.19350000 0.19350500 7058.13096192 0 6.50741567 0 1379.81097425 0 362.95966542 0 196.35328664 0 40191
0.19450000 0.19450100 6991.28733699 0 21.79863949 0 1095.66522413 0 234.23170984 0 347.57467008 0 41232
0.19550000 0.19549800 6936.90007748 0 85.97239473 0 1119.68884729 0 -46.73650451 0 240.64258591 0 40873
0.19650000 0.19649700 6892.32289776 0 109.92703731 0 945.81680896 0 -125.92997909 0 271.06712005 0 42816
0.19750000 0.19750200 6737.44321820 0 219.02940787 0 1233.85558849 0 -138.52142688 0 73.95958664 0 41727
0.19850000 0.19849000 6548.53828447 0 267.39221544 0 1189.45556597 0 -219.20545783 0 317.83662008 0 42610
0.19950000 0.19949900 6437.87039790 0 142.13543370 0 1432.68132526 0 -75.96987794 0 102.83144867 0 43863
0.20050000 0.20050100 6326.83712462 0 69.24022964 0 1499.33672067 0 12.02487692 0 315.71737711 0 43302
0.20150000 0.20150100 6357.79534482 0 -26.86544605 0 1539.44068116 0 108.86553353 0 265.37815956 0 44487
0.20250000 0.20249700 6417.76305603 0 -97.41387086 0 1329.11079891 0 212.22657150 0 384.04469357 0 43759
0.20350000 0.20349100 6572.91954372 0 -67.13205899 0 1168.15241302 0 319.55283043 0 103.94886769 0 45282
0.20450000 0.20449700 6536.28122089 0 -30.36352563 0 1068.08959917 0 158.45161155 0 234.43322615 0 45483
0.20550000 0.20549900 6615.55906659 0 71.90578111 0 1001.24043807 0 33.24565178 0 283.24003395 0 46138
0.20650000 0.20650200 6489.25705739 0 19.65880199 0 989.36536971 0 97.58205948 0 334.33770576 0 46227
0.20750000 0.20749300 6519.55093809 0 4.32656628 0 859.40063545 0 82.99205706 0 386.59132828 0 46236
0.20850000 0.20850300 6575.43296145 0 95.94889156 0 932.50455283 0 -40.00652403 0 253.29382425 0 48361
0.20950000 0.20950400 6495.55721021 0 125.44279680 0 1038.74461670 0 -103.11445729 0 329.41605738 0 46812
0.21050000 0.21050300 6297.81656127 0 198.47031514 0 1097.81989854 0 -103.59754283 0 538.01865696 0 48813
0.21150000 0.21149700 6226.16754737 0 256.46383084 0 1102.72383120 0 -143.28252655 0 417.57833651 0 47215
0.21250000 0.21249000 6023.63258179 0 158.57783605 0 1230.56710802 0 42.97047467 0 585.13804246 0 50004
0.21350000 0.21350300 5951.09778190 0 149.71333280 0 1268.64483307 0 106.34159709 0 542.03348194 0 49509
0.21450000 0.21449800 5883.85555328 0 67.69741190 0 1176.84418800 0 88.56641899 0 673.95137429 0 49660
0.21550000 0.21550100 5837.45143996 0 -22.97717774 0 1239.25888300 0 -44.81933146 0 522.49415033 0 50841
0.21650000 0.21649800 5861.71090364 0 47.87872553 0 1202.02265464 0 -6.92681319 0 391.80307157 0 50424
0.21750000 0.21750300 5890.42144190 0 -31.14921780 0 1239.61319740 0 -157.17829420 0 566.51439211 0 52231
0.21850000 0.21850300 5870.57983582 0 33.47783843 0 1287.62279781 0 -106.33406791 0 432.52597502 0 51078
0.21950000 0.21950100 5867.30242767 0 77.14830547 0 1305.72604889 0 76.01638170 0 317.66167735 0 52791
0.22050000 0.22050700 5798.08932523 0 117.86157600 0 1225.78386370 0 61.00308431 0 240.32813189 0 52969
0.22150000 0.22150000 5789.51934582 0 63.85210421 0 1146.90462169 0 22.24407911 0 140.82336321 0 52704
0.22250000 0.22250100 5629.11457618 0 124.91243244 0 1303.27906510 0 -77.88638664 0 124.05432727 0 54051
0.22350000 0.22349900 5556.79015046 0 140.32732305 0 1199.78604502 0 17.29430703 0 11.21349696 0 53938
0.22450000 0.22449800 5496.53455880 0 33.20667719 0 1125.61254106 0 14.88995169 0 151.75617673 0 54735
0.22550000 0.22549100 5521.40300034 0 -2.06290698 0 1005.48556741 0 232.40145455 0 6.73866117 0 54774
0.22650000 0.22649900 5488.85036537 0 -9.43408578 0 992.56748604 0 198.27544222 0 -8.35019376 0 56911
0.22750000 0.22749800 5463.20686109 0 130.32015588 0 845.94111740 0 127.97614472 0 -104.21327481 0 54879
0.22850000 0.22849100 5338.68749618 0 140.53880446 0 899.66293019 0 -47.78317137 0 84.39458845 0 57210
0.22950000 0.22949800 5308.84758080 0 119.05185092 0 838.79503896 0 -107.70216436 0 5.34957159 0 57375
0.23050000 0.23049600 5192.16742186 0 103.88509110 0 1039.37241752 0 -108.70443120 0 198.73051477 0 57604
0.23150000 0.23150100 5150.69049309 0 32.21116447 0 913.87204463 0 48.51638072 0 133.14249148 0 58629
0.23250000 0.23250200 5166.66785780 0 19.73974069 0 971.56217863 0 147.39700245 0 238.22439017 0 58560
0.23350000 0.23350400 5157.83214259 0 6.02943448 0 990.07732019 0 100.24362492 0 73.21774088 0 59305
0.23450000 0.23449700 5182.27983579 0 56.98792716 0 943.87361596 0 107.85474100 0 273.40780951 0 59196
0.23550000 0.23549300 5105.00608089 0 103.86416441 0 845.86693282 0 74.47522481 0 359.01791778 0 60063
0.23650000 0.23649900 5052.33503172 0 23.42051363 0 870.86824226 0 110.99009121 0 470.03236811 0 61537
0.23750000 0.23750400 5049.45622727 0 -15.63633711 0 791.38112962 0 35.67292682 0 264.54441350 0 61224
0.23850000 0.23850100 5049.89912026 0 47.78328209 0 826.15708741 0 48.92771759 0 363.28076283 0 61221
0.23950000 0.23949400 5016.31675909 0 122.78654608 0 714.99537516 0 20.57691917 0 238.22992633 0 62332
0.24050000 0.24050100 4938.58903886 0 130.13414083 0 703.12805742 0 -62.36032989 0 375.23665917 0 63447
0.24150000 0.24150500 4861.37064558 0 64.86699350 0 764.94484689 0 -16.00725999 0 356.83999149 0 63342
0.24250000 0.24250300 4820.81271976 0 54.78984924 0 760.97320397 0 1.99600800 0 228.57596632 0 63379
0.24350000 0.24349600 4806.61799935 0 64.55575045 0 784.07671694 0 -10.16381842 0 102.31359604 0 64266
0.24450000 0.24449500 4771.87304407 0 68.59105923 0 807.58436976 0 -52.89836399 0 218.97847517 0 64695
0.24550000 0.24549600 4691.96407585 0 105.17667779 0 895.81197561 0 -9.31646448 0 115.35812336 0 65947
0.24650000 0.24650000 4666.75239224 0 95.47599257 0 917.26128325 0 9.40293933 0 167.07805982 0 66018
0.24750000 0.24750000 4582.18197527 0 77.85638064 0 942.34120620 0 28.11661875 0 244.30641819 0 66303
0.24850000 0.24849600 4567.06825190 0 43.16435107 0 883.87379500 0 11.18625904 0 237.64973651 0 66958
0.24950000 0.24949200 4588.71464692 0 6.10597746 0 944.08841906 0 72.34579530 0 427.57664582 0 66975
0.25050000 0.25048900 4590.98447350 0 -19.11825109 0 862.26504588 0 122.47873545 0 397.41452579 0 68676
0.25150000 0.25150000 4646.27966365 0 6.64516646 0 797.97802075 0 98.68497375 0 306.75100847 0 69349
0.25250000 0.25249900 4603.73979170 0 40.73153986 0 668.60344141 0 154.73131041 0 385.72879417 0 68592
0.25350000 0.25349900 4543.65028490 0 49.67055986 0 531.88791071 0 176.95568079 0 445.03438037 0 70437
0.25450000 0.25450100 4508.89425730 0 54.24409435 0 479.14932036 0 168.07567628 0 466.82028668 0 70099
0.25550000 0.25550100 4516.23520865 0 50.62466209 0 372.07329597 0 191.74609228 0 244.94418410 0 71064
0.25650000 0.25650300 4408.08073983 0 80.66886187 0 287.60585163 0 22.78728737 0 308.36756790 0 71409
0.25750000 0.25750600 4336.83032962 0 89.92432891 0 321.66432277 0 -101.93038288 0 243.24901117 0 72612
0.25850000 0.25850600 4342.65437247 0 82.68059256 0 421.19566503 0 -122.51195242 0 328.02980231 0 71845
0.25950000 0.25949600 4328.14962696 0 13.93961405 0 443.07568611 0 -108.86686221 0 322.28215850 0 72816
0.26050000 0.26049800 4319.93396194 0 15.07474879 0 444.75646501 0 -59.97258304 0 342.69177483 0 73743
0.26150000 0.26149900 4351.54544930 0 102.92323824 0 579.55094736 0 -73.30344068 0 310.75365390 0 74662
0.26250000 0.26250300 4307.10113748 0 83.52740397 0 548.67909130 0 2.28372236 0 318.70690481 0 74931
0.26350000 0.26350100 4172.87134370 0 116.94146580 0 613.26728366 0 40.49780309 0 317.28189661 0 75087
0.26450000 0.26450200 4172.51702931 0 62.15139512 0 416.22197672 0 100.70799822 0 382.65290234 0 76678
0.26550000 0.26550600 4118.59480744 0 -2.47073392 0 483.80301849 0 187.76559151 0 279.65813687 0 76035
0.26650000 0.26650100 4133.97426661 0 -0.57381659 0 407.12384742 0 -12.51471657 0 231.77918989 0 77094
0.26750000 0.26750600 4113.92228637 0 51.46660167 0 399.34996816 0 65.16915725 0 350.81996848 0 78463
0.26850000 0.26850100 4137.67242310 0 60.59097238 0 355.59767664 0 -27.33900938 0 284.17232370 0 77076
0.26950000 0.26949700 4052.72554710 0 35.67857371 0 328.08405670 0 -46.51461512 0 289.94543386 0 79149
0.27050000 0.27049900 4097.26950984 0 42.06254403 0 356.01288882 0 60.49309303 0 318.10346311 0 79648
0.27150000 0.27150200 4050.44464818 0 59.10462350 0 405.14854467 0 -6.36058557 0 300.95132473 0 80241
0.27250000 0.27250500 4027.55815278 0 96.23998298 0 339.35236167 0 3.19318097 0 301.09526496 0 80835
0.27350000 0.27350000 3931.90433867 0 76.79642699 0 375.16136737 0 -53.78326419 0 301.83489625 0 80680
0.27450000 0.27450400 3920.87630315 0 59.12543947 0 379.41535456 0 7.28764918 0 322.01310100 0 82617
0.27550000 0.27550800 3869.63358389 0 39.74211692 0 335.99301832 0 -64.54866417 0 134.51545976 0 82548
0.27650000 0.27649900 3874.35039427 0 48.47829192 0 379.16179832 0 10.31146787 0 131.27901921 0 81181
0.27750000 0.27748900 3844.33332168 0 23.48761191 0 385.40769675 0 -53.14771275 0 45.54722610 0 84096
0.27850000 0.27849800 3844.65441910 0 33.02077286 0 375.96632538 0 -14.11965006 0 14.60461788 0 85215
0.27950000 0.27950200 3822.26617832 0 78.24424418 0 315.42285327 0 150.73198669 0 215.00683226 0 84514
0.28050000 0.28050300 3776.26066870 0 48.63230796 0 300.45196288 0 101.93503325 0 214.83964015 0 85815
0.28150000 0.28150100 3811.92462694 0 -2.88653294 0 203.15612301 0 164.78498135 0 243.46824320 0 85485
0.28250000 0.28250000 3775.65169083 0 37.56230833 0 278.98051060 0 62.79624732 0 360.48167912 0 87220
0.28350000 0.28350400 3763.54963981 0 103.38318262 0 214.31591919 0 -4.38188362 0 351.74782930 0 87147
0.28450000 0.28449700 3665.19417844 0 106.83176891 0 336.53334777 0 -47.10421641 0 354.33986054 0 87102
0.28550000 0.28549800 3624.72483123 0 47.85658088 0 247.49746221 0 -66.41036486 0 423.97481856 0 88971
0.28650000 0.28649900 3610.81799126 0 47.97140089 0 263.46818352 0 15.55794505 0 341.03424781 0 89434
0.28750000 0.28750100 3583.69079545 0 22.88073779 0 284.65950600 0 -11.21438275 0 288.71529858 0 89619
0.28850000 0.28849900 3566.01936504 0 23.66576562 0 183.66329516 0 -22.60481546 0 190.13396179 0 90240
0.28950000 0.28950100 3563.68310451 0 66.33152991 0 228.72765717 0 -18.70691423 0 98.42986739 0 91333
0.29050000 0.29050500 3507.60177930 0 107.89083677 0 268.54152276 0 -107.70194291 0 192.18566357 0 92139
0.29150000 0.29150600 3436.99356393 0 86.37908122 0 236.20369089 0 -44.77947109 0 216.30007980 0 92370
0.29250000 0.29250200 3448.43127547 0 12.40532200 0 290.75371358 0 66.13643554 0 196.33667815 0 91819
0.29350000 0.29349600 3457.80953459 0 -29.96248602 0 209.22597147 0 105.63872591 0 123.12093029 0 93552
0.29450000 0.29450000 3489.14421383 0 -12.64415205 0 219.33611126 0 115.24407841 0 23.15256337 0 94701
0.29550000 0.29550200 3480.09812445 0 48.20115163 0 41.41215567 0 113.56219227 0 120.43921321 0 95020
0.29650000 0.29650300 3489.55388984 0 29.14889159 0 -8.13030846 0 84.58470026 0 112.69522924 0 95151
0.29750000 0.29749800 3450.49072788 0 31.51991923 0 -57.88102088 0 69.43410604 0 66.35267805 0 95802
0.29850000 0.29850000 3431.11415945 0 81.24794446 0 -65.39625063 0 3.83037112 0 9.96752825 0 97399
0.29950000 0.29950700 3387.28989782 0 72.29785214 0 -58.96123689 0 -128.22527203 0 46.97633106 0 97881
0.30050000 0.30050300 3344.82753214 0 71.61136800 0 67.66065178 0 -92.46099852 0 120.17458465 0 97188
0.30150000 0.30149700 3340.17715572 0 19.68482196 0 81.56029474 0 -65.77525631 0 165.98079243 0 98263
0.30250000 0.30249700 3307.49165285 0 29.80536973 0 114.84436748 0 36.92421025 0 194.97256773 0 100050
0.30350000 0.30350600 3350.08688643 0 12.84600053 0 136.76978509 0 34.71417422 0 113.77478091 0 100779
0.30450000 0.30450500 3298.77773322 0 63.85110770 0 121.27628097 0 26.81274178 0 166.30521154 0 99982
0.30550000 0.30550300 3294.19379074 0 71.10724505 0 79.32634248 0 71.76449825 0 222.46072133 0 101559
0.30650000 0.30649700 3222.54477684 0 49.26852375 0 45.82458783 0 49.63468553 0 291.42691092 0 100935
0.30750000 0.30749800 3245.75236966 0 27.70716418 0 29.80116225 0 64.50470704 0 227.49641465 0 103762
0.30850000 0.30850200 3202.78067704 0 81.16722721 0 -22.56429075 0 2.87296934 0 275.18048872 0 102951
0.30950000 0.30950100 3150.53037622 0 91.07861877 0 28.62937811 0 -59.06930278 0 245.04272779 0 104394
0.31050000 0.31050000 3135.21735100 0 74.26429702 0 31.11987614 0 9.34466569 0 350.35714531 0 103963
0.31150000 0.31149700 3099.78591158 0 27.49092168 0 62.97085788 0 1.21353787 0 408.15910979 0 105936
0.31250000 0.31250000 3073.81023755 0 53.65914343 0 65.27755531 0 39.30232418 0 313.61142093 0 105717
0.31350000 0.31349800 3120.93405198 0 -6.52103463 0 59.61195742 0 26.88039369 0 366.20717828 0 106776
0.31450000 0.31450400 3072.45941393 0 20.21186462 0 18.38349162 0 53.30493976 0 315.25012500 0 108733
0.31550000 0.31549900 3094.79229309 0 45.99488019 0 -32.29952162 0 -59.98509477 0 383.93507755 0 105891
0.31650000 0.31650000 3077.91807006 0 35.63771683 0 -36.62857918 0 16.55954755 0 175.23725597 0 111072
0.31750000 0.31750600 3061.64175258 0 39.90510154 0 -51.46283708 0 -102.76789353 0 204.97973490 0 108121
0.31850000 0.31849900 3028.07046373 0 86.50884887 0 -0.34840288 0 -45.78882422 0 140.25313848 0 110484
0.31950000 0.31950100 3004.81858161 0 58.69550110 0 -75.91152679 0 -2.53941555 0 162.39557365 0 110817
0.32050000 0.32049800 2974.53577323 0 13.08693432 0 -70.20739721 0 86.63850579 0 215.05665772 0 111088
0.32150000 0.32149900 2980.97986627 0 0.56585670 0 -77.57436853 0 69.31463566 0 207.76553183 0 112635
0.32250000 0.32250100 2997.46655793 0 35.14322680 0 -58.66604871 0 104.79944369 0 193.09802314 0 113202
0.32350000 0.32350400 2957.49546533 0 83.42011314 0 -151.36532367 0 102.05538943 0 220.30604692 0 113863
0.32450000 0.32450300 2917.53544506 0 58.38957276 0 -137.85598015 0 3.01714208 0 362.18570991 0 114045
0.32550000 0.32549900 2902.73174678 0 40.81469302 0 -104.81051601 0 -33.61901057 0 292.66701130 0 114828
0.32650000 0.32650300 2871.62958637 0 36.35011021 0 -46.77381824 0 -83.19224469 0 343.10698702 0 116431
0.32750000 0.32750400 2887.62909573 0 54.72441180 0 -29.60717512 0 -82.64449679 0 279.03144329 0 116442
0.32850000 0.32850400 2886.49971860 0 16.26358431 0 -19.47588719 0 -30.77098718 0 260.86065103 0 116955
0.32950000 0.32949800 2863.70180180 0 31.24477196 0 -50.81145221 0 16.52954155 0 177.26902758 0 117028
0.33050000 0.33049700 2872.42679375 0 33.14766170 0 -82.16030402 0 32.56835767 0 124.46621775 0 119061
0.33150000 0.33150100 2838.42368423 0 36.19664779 0 -170.72528361 0 55.93461690 0 105.31618908 0 120060
0.33250000 0.33250400 2838.02508054 0 63.97866088 0 -216.80719227 0 20.12970797 0 86.21133550 0 119737
0.33350000 0.33350100 2788.14425723 0 59.43291793 0 -236.78055901 0 6.76768174 0 132.09947848 0 120531
0.33450000 0.33450000 2781.61158559 0 25.38662634 0 -242.14842209 0 33.66850386 0 215.08544576 0 121704
0.33550000 0.33550300 2766.50893454 0 53.49161915 0 -206.85427949 0 70.73543638 0 203.43293113 0 122761
0.33650000 0.33650300 2745.31650483 0 37.78929099 0 -212.20996301 0 27.06895538 0 193.94616322 0 122472
0.33750000 0.33749900 2710.08436726 0 67.11932582 0 -179.51892398 0 -34.57189484 0 248.38767712 0 122985
0.33850000 0.33849800 2681.15238251 0 87.00466758 0 -142.01031643 0 -39.92868559 0 251.49346423 0 125380
0.33950000 0.33950300 2644.17081762 0 41.23289473 0 -106.74595839 0 -68.43925766 0 331.26513562 0 125223
0.34050000 0.34050000 2654.18019925 0 0.71491012 0 -137.33890259 0 4.28386033 0 239.63721882 0 125178
0.34150000 0.34149900 2694.00735162 0 -5.63393104 0 -139.20126762 0 7.48581058 0 172.39609743 0 127059
0.34250000 0.34250300 2690.85173905 0 23.13307607 0 -190.48716895 0 -22.21927711 0 127.50003475 0 127957
0.34350000 0.34349800 2667.58878461 0 57.35752137 0 -169.43646500 0 39.92403521 0 50.18907683 0 126732
0.34450000 0.34449700 2682.61392939 0 13.85701451 0 -227.88837495 0 27.19086167 0 103.68291045 0 129639
0.34550000 0.34550000 2655.38708266 0 34.86885460 0 -238.56320331 0 12.61071363 0 76.06842163 0 129826
0.34650000 0.34650400 2635.44582566 0 80.53056853 0 -269.10953302 0 55.97624884 0 88.87323311 0 130875
0.34750000 0.34750200 2608.38506380 0 74.33803871 0 -272.76893637 0 -24.71121453 0 155.86511647 0 130686
0.34850000 0.34850200 2572.63252696 0 65.08899362 0 -241.58484075 0 -70.86819356 0 126.39169504 0 132211
0.34950000 0.34950400 2553.61027292 0 55.64662573 0 -194.00373931 0 -83.85315176 0 181.10226643 0 132768
0.35050000 0.35050300 2498.55867393 0 83.92434681 0 -139.13594090 0 -41.39920105 0 170.18827586 0 132957
0.35150000 0.35150100 2495.52485693 0 29.04625114 0 -119.14818014 0 -79.35158738 0 210.23466026 0 133987
0.35250000 0.35249800 2471.79686484 0 59.40235831 0 -91.91823316 0 36.01251503 0 160.73361769 0 134778
0.35350000 0.35349800 2470.51247516 0 33.55966291 0 -124.63894602 0 56.88074706 0 168.93156699 0 135699
0.35450000 0.35450100 2428.62587037 0 28.21981282 0 -220.82644618 0 94.83634437 0 183.71422786 0 137380
0.35550000 0.35550100 2451.56772740 0 11.46627814 0 -204.61324095 0 88.65067938 0 141.14224616 0 136161
0.35650000 0.35649900 2460.27057470 0 -16.23756435 0 -271.99498087 0 4.98278976 0 121.15005647 0 138792
0.35750000 0.35750000 2466.67037845 0 56.71521580 0 -301.52708562 0 4.89121056 0 96.90554043 0 138097
0.35850000 0.35849800 2429.66666890 0 58.07578308 0 -323.81899718 0 -53.50867053 0 225.71044866 0 140028
0.35950000 0.35950300 2432.02507409 0 44.61770443 0 -250.94759862 0 -12.57627870 0 186.19775031 0 141099
0.36050000 0.36050500 2421.20741274 0 23.51684285 0 -260.48529922 0 3.18050316 0 189.19613587 0 140821
0.36150000 0.36150200 2416.92242304 0 67.92528034 0 -245.71924684 0 15.47457044 0 163.79511551 0 141756
0.36250000 0.36250400 2390.31562650 0 60.64843775 0 -170.96444583 0 -92.26213957 0 210.20587222 0 142971
0.36350000 0.36349900 2353.89875017 0 35.48602598 0 -164.82484172 0 3.20808432 0 307.16068449 0 142270
0.36450000 0.36450000 2373.00958281 0 34.65061907 0 -161.95378789 0 -4.86459269 0 304.18555081 0 145311
0.36550000 0.36550300 2365.81257168 0 30.98401871 0 -125.56348514 0 47.49828045 0 383.50104242 0 145434
0.36650000 0.36650100 2380.91522273 0 15.53624329 0 -144.55030774 0 42.64350891 0 330.81670647 0 144547
0.36750000 0.36749600 2356.83291625 0 47.30960804 0 -178.66746220 0 13.87860554 0 333.33566036 0 146892
0.36850000 0.36849900 2375.98803818 0 58.24142506 0 -148.08570105 0 -39.79880722 0 314.24475791 0 148113
0.36950000 0.36949900 2296.54410761 0 60.08242050 0 -127.21879770 0 -35.95582472 0 391.45761503 0 147387
0.37050000 0.37049800 2314.44805684 0 54.23435070 0 -128.87189580 0 -36.15911261 0 298.75014656 0 149758
0.37150000 0.37150100 2243.10906804 0 38.78048551 0 -158.63098321 0 11.89975965 0 282.55244258 0 150099
0.37250000 0.37250000 2268.98509114 0 44.53765152 0 -173.12908533 0 54.22936816 0 243.13275176 0 150468
0.37350000 0.37349800 2232.92252920 0 33.36855458 0 -197.79158163 0 3.63508853 0 258.99828600 0 150709
0.37450000 0.37449700 2206.48181754 0 39.03227017 0 -216.87030453 0 81.24982675 0 254.65129127 0 153108
0.37550000 0.37550100 2192.43103734 0 45.14984036 0 -260.48419199 0 28.98579625 0 252.49993856 0 153189
0.37650000 0.37649900 2198.49867134 0 53.68715641 0 -277.72712343 0 5.51423921 0 288.16278957 0 153547
0.37750000 0.37749900 2186.75093471 0 50.85275198 0 -259.15883471 0 -30.26188169 0 259.05807655 0 155424
0.37850000 0.37850200 2135.51928777 0 39.31550024 0 -261.07434690 0 -53.19687387 0 248.74088428 0 155313
0.37950000 0.37949900 2148.01994249 0 45.14308624 0 -218.06279391 0 -57.66688212 0 175.29483206 0 156100
0.38050000 0.38050000 2128.84267591 0 47.89932006 0 -213.11125025 0 -43.83754842 0 118.86915756 0 157557
0.38150000 0.38149800 2126.61713862 0 39.41326887 0 -248.84164244 0 -60.98570076 0 85.73223601 0 157692
0.38250000 0.38250100 2112.74351562 0 36.09555746 0 -225.58865309 0 -5.96366487 0 135.92053778 0 159703
0.38350000 0.38350500 2123.68297254 0 13.54300338 0 -211.50354869 0 5.76537061 0 67.49002725 0 160338
0.38450000 0.38450600 2113.97254368 0 19.87482305 0 -218.27095361 0 52.24498610 0 86.86892087 0 160167
0.38550000 0.38550000 2137.63410181 0 17.81215966 0 -260.20295494 0 116.03574963 0 125.87018854 0 160033
0.38650000 0.38649600 2123.57224929 0 5.71194664 0 -330.99386366 0 65.20337073 0 147.83989544 0 162444
0.38750000 0.38750200 2132.88407447 0 23.78102852 0 -305.81539703 0 55.21336566 0 204.25339039 0 164307
0.38850000 0.38850400 2146.82413141 0 19.84991032 0 -368.20130398 0 53.85623081 0 192.92308041 0 163882
0.38950000 0.38950500 2141.21046273 0 33.72774080 0 -361.24013337 0 23.20781427 0 250.46816696 0 164595
0.39050000 0.39050100 2126.92716371 0 32.42851421 0 -427.44931409 0 29.66984448 0 234.00583441 0 165006
0.39150000 0.39150100 2131.04606855 0 33.02863421 0 -401.84234848 0 -9.96311039 0 249.88797713 0 166687
0.39250000 0.39250100 2111.44805362 0 49.49351339 0 -434.30308315 0 13.64531166 0 292.38134532 0 167256
0.39350000 0.39350100 2109.41074585 0 41.22381543 0 -401.12154014 0 31.15552902 0 280.98460139 0 167937
0.39450000 0.39449600 2092.35936563 0 58.78729067 0 -393.55028442 0 -9.67788730 0 245.09808942 0 167719
0.39550000 0.39549700 2061.98797865 0 79.19557833 0 -386.79173735 0 -98.84120425 0 270.91321473 0 171636
0.39650000 0.39650400 2032.90098135 0 77.12760022 0 -356.97175215 0 -49.36684599 0 331.82096633 0 171093
0.39750000 0.39750000 1988.20200606 0 39.85693693 0 -330.89310551 0 -55.48153737 0 336.52559714 0 170464
0.39850000 0.39849800 2016.79074874 0 13.79412371 0 -294.03222895 0 -3.70358193 0 311.28623272 0 172113
0.39950000 0.39949500 2004.76620399 0 18.31285019 0 -304.04161059 0 -2.45571985 0 239.56635594 0 173232
