### header ###
fiducial parameters:
Omega_m = 0.31
Omega_nu = 0
Omega_de = 0.69
Omega_k = 0
H_0 = 100
w_de = -1
zeff = 0
beta = 0
fgrowth = 0
b_1 = 2
gamma = 0.55
Lx = 3500 Ly = 3500 Lz = 3500
nx = 700 ny = 700 nz = 700
xoffset = -685.467585 yoffset = -31.7331281 zoffset = 572.489161
bins = 400 dk = 0.001
kx_ny = 0.628318531 ky_ny = 0.628318531 kz_ny = 0.628318531
############################
A(data) = 8.02598672 (not used)
A(ran) = 8.03353408 (used)
Ngal = 477368
weighted Ngal = 0
Nran = 23820508
weighted Nran = 0
SN(data) = 3477.63418
SN(ran) = 69.9749954
SN(data+ran) = 3547.60917
############################
13 columns: k_central k_mean P_0(k) sigma^{lin}_{P_0(k)} P^img_1(k) sigma^{lin}_{P_1(k)} P_2(k) sigma^{lin}_{P_2(k)} P^img_3(k) sigma^{lin}_{P_3(k)} P_4(k) sigma^{lin}_{P_4(k)} N_modes
### header ###
0.00050000 0 0 0 0 0 0 0 0 0 0 0 0
0.00150000 0.00179520 54619.11399089 0 -37428.00103097 0 45440.93177897 0 -12752.10721688 0 -99647.82311687 0 3
0.00250000 0.00253879 92397.66482562 0 -29967.80073791 0 -6610.93083482 0 16878.76267679 0 67541.84573323 0 6
0.00350000 0.00331552 90959.70200142 0 -1078.51308575 0 34077.40481760 0 -80951.20615135 0 85259.55846153 0 7
0.00450000 0.00420575 83700.68585032 0 23278.12352898 0 11701.12214510 0 -36988.65118216 0 36214.47423084 0 24
0.00550000 0.00557378 59041.84341645 0 17492.94453448 0 19469.79740760 0 10308.62228661 0 15706.97854124 0 45
0.00650000 0.00659388 48614.03862550 0 10893.83894257 0 26061.92743488 0 20857.60260037 0 5184.37250519 0 40
0.00750000 0.00754703 44116.90317716 0 -5252.11298843 0 19081.93386921 0 17067.65653820 0 -18437.74601126 0 57
0.00850000 0.00846663 53110.50973435 0 -3695.65414402 0 8304.79723023 0 16586.34257833 0 -29891.18025016 0 75
0.00950000 0.00948925 60666.37491385 0 -5806.06139910 0 4523.77546186 0 -4540.29537048 0 -18900.34774218 0 112
0.01050000 0.01054430 62569.04321068 0 -1479.14080020 0 38954.76390021 0 55.78270461 0 10108.23535204 0 105
0.01150000 0.01145670 76820.34320801 0 -3990.18905652 0 35868.35335701 0 -665.19648706 0 -10942.69003967 0 144
0.01250000 0.01249090 73628.85630228 0 -475.02377214 0 49652.17980050 0 2897.31737994 0 -1818.77329169 0 169
0.01350000 0.01339930 79371.18539973 0 7437.55738881 0 50538.74084873 0 1589.90833768 0 -17809.28085455 0 180
0.01450000 0.01448870 72411.89708147 0 7599.27976511 0 46234.48529873 0 6322.60749654 0 -13367.50703030 0 267
0.01550000 0.01550050 68881.04342005 0 2320.27209970 0 38449.42299549 0 9169.74510041 0 8175.19566822 0 238
0.01650000 0.01653350 74070.19916955 0 -8247.15470722 0 31319.84232151 0 3521.18752185 0 -26107.10252014 0 315
0.01750000 0.01747870 74937.71581909 0 -2561.74843167 0 32336.17101662 0 12649.46676581 0 -13131.44506517 0 297
0.01850000 0.01844180 81471.71614107 0 1535.68716305 0 37162.70812831 0 -12449.83274933 0 -31071.49007583 0 388
0.01950000 0.01947590 77851.84098811 0 4518.91471126 0 41746.87204973 0 1329.67548747 0 -6476.77854732 0 399
0.02050000 0.02045430 82271.58088597 0 4880.01644057 0 64536.81677745 0 -3034.58099072 0 -6893.92838486 0 462
0.02150000 0.02154770 74852.68036449 0 6369.19983938 0 56804.90163334 0 11883.48333486 0 17937.16620621 0 571
0.02250000 0.02255340 80168.94640291 0 3498.11279693 0 67398.56985008 0 16950.84351136 0 30085.94244372 0 510
0.02350000 0.02348930 71552.02033605 0 4098.53175487 0 52268.12726215 0 30983.90798651 0 28526.73766276 0 555
0.02450000 0.02439640 75184.62866255 0 1323.50820255 0 60832.45978612 0 25739.94422916 0 37396.44490523 0 592
0.02550000 0.02547300 68978.25843195 0 -2273.62439524 0 36732.88047885 0 20074.67851245 0 21822.44498507 0 837
0.02650000 0.02652900 70221.34833934 0 1401.18056115 0 37996.67563365 0 12103.71187550 0 14709.02990533 0 723
0.02750000 0.02749970 63287.08347517 0 2756.24488943 0 25484.61641884 0 -289.38517423 0 11147.28445767 0 826
0.02850000 0.02848090 66785.38450162 0 4233.78020253 0 32955.55686697 0 1935.87419897 0 14784.54316059 0 831
0.02950000 0.02946900 60903.54411146 0 825.94560601 0 25774.26843609 0 -1759.45884763 0 11436.60430518 0 996
0.03050000 0.03053250 63350.74934288 0 1871.35576225 0 31999.01872589 0 -2733.31410473 0 1729.91788502 0 1041
0.03150000 0.03150510 62633.92703412 0 1423.54665728 0 32064.78833531 0 -3087.62849893 0 5284.18951343 0 1036
0.03250000 0.03246190 61956.52220171 0 4599.75375476 0 37922.38033412 0 -2133.18302724 0 -1612.80590541 0 1059
0.03350000 0.03345080 56128.93620316 0 3971.12251318 0 36943.36537365 0 4275.36785455 0 8589.10131459 0 1302
0.03450000 0.03451200 54979.51816374 0 -620.65363155 0 29803.48743760 0 11277.38427429 0 177.51483319 0 1339
0.03550000 0.03553350 53125.23592636 0 -2660.43606277 0 24161.69504951 0 11908.17461921 0 -6083.77745020 0 1365
0.03650000 0.03647120 55244.81106639 0 651.08702354 0 19464.26124519 0 12471.53450598 0 -7641.49853964 0 1308
0.03750000 0.03744890 52383.16871702 0 2603.45787926 0 12469.09859452 0 3403.74337250 0 -7267.48647959 0 1579
0.03850000 0.03847530 50456.58419857 0 1916.30940101 0 10885.28003548 0 -431.38995449 0 -3357.02923409 0 1662
0.03950000 0.03950240 47245.38855467 0 2434.42776858 0 8950.97810664 0 -1612.39622939 0 -5895.38184341 0 1683
0.04050000 0.04050350 46788.32298615 0 3221.84722038 0 15431.94199274 0 -3534.75111975 0 -1920.82690954 0 1822
0.04150000 0.04152450 44167.83587132 0 1757.04508082 0 14411.62726070 0 84.02366557 0 -629.65100269 0 1887
0.04250000 0.04250150 44511.74228019 0 556.47400797 0 14373.20629358 0 2903.76147299 0 1520.92775406 0 1920
0.04350000 0.04349210 42660.89246351 0 770.49429609 0 17058.68795510 0 2506.09892713 0 1332.60965355 0 2005
0.04450000 0.04448520 41957.68911427 0 1664.41401139 0 15657.37452605 0 1082.36404032 0 4845.28255761 0 2151
0.04550000 0.04548030 41699.48249950 0 1043.28316264 0 18382.16294067 0 1421.46506022 0 -655.63664181 0 2274
0.04650000 0.04648670 39229.35755571 0 383.57633423 0 18193.37980251 0 -1817.43354038 0 3801.27305046 0 2311
0.04750000 0.04749250 39427.44144672 0 1629.24830776 0 17754.14067695 0 -779.99324355 0 2114.92476361 0 2568
0.04850000 0.04851840 38701.31838511 0 938.34409694 0 19483.19492063 0 687.10751064 0 4779.21399542 0 2493
0.04950000 0.04949480 39579.79663622 0 -625.07259638 0 19377.01132562 0 2393.99163834 0 2014.27733101 0 2644
0.05050000 0.05050630 40155.66825004 0 -316.92868945 0 17790.23645586 0 3184.99852338 0 2570.86095499 0 2829
0.05150000 0.05149060 38868.73193637 0 -461.98389520 0 16849.42101602 0 623.13161784 0 139.77924298 0 2784
0.05250000 0.05249300 40851.78531139 0 2040.67375338 0 16997.12582910 0 1291.70848567 0 213.72465704 0 3055
0.05350000 0.05348950 38348.99700938 0 2204.30056955 0 17846.04097295 0 897.73745290 0 2808.67234745 0 3009
0.05450000 0.05448610 35482.03994409 0 2308.11468705 0 17392.73999487 0 85.91459720 0 1580.30863207 0 3336
0.05550000 0.05550870 34707.42009978 0 1095.59103955 0 15052.05052821 0 1505.52615024 0 2314.64735869 0 3349
0.05650000 0.05647670 33636.94773631 0 895.39344174 0 14847.32324232 0 3298.86631182 0 -418.43201276 0 3324
0.05750000 0.05747970 32090.80829863 0 722.28428659 0 16240.99676724 0 1437.44242493 0 2508.70092346 0 3639
0.05850000 0.05849280 31375.53611535 0 1662.23276340 0 13837.97011185 0 2815.65898441 0 3333.47839920 0 3846
0.05950000 0.05951020 29422.26729409 0 876.88605080 0 12898.59407423 0 2863.10389626 0 5648.38042136 0 3787
0.06050000 0.06049470 29924.17577812 0 -397.04471014 0 10836.22963654 0 3971.41039363 0 7110.97916828 0 3930
0.06150000 0.06148310 30581.65042585 0 -1912.63338917 0 10391.88616924 0 3063.19187805 0 5132.57616968 0 4083
0.06250000 0.06249100 32498.38057521 0 -1182.35820576 0 10943.44295776 0 482.48098290 0 5870.57983582 0 4303
0.06350000 0.06350600 32640.88139562 0 113.95415257 0 9536.49371538 0 -1437.48671423 0 4677.58112591 0 4470
0.06450000 0.06451750 32215.37195284 0 1004.24103810 0 11982.24847224 0 -838.89468988 0 7327.11094874 0 4479
0.06550000 0.06550280 32588.73074573 0 1098.49088142 0 12195.61217150 0 -1650.13071237 0 4454.19697269 0 4636
0.06650000 0.06648880 31218.64127267 0 -168.20522248 0 12642.04830819 0 56.69672502 0 4031.11236905 0 4653
0.06750000 0.06749660 31175.12703613 0 860.69277576 0 12932.14321843 0 1143.93723864 0 1972.78932991 0 5220
0.06850000 0.06852730 30937.40422228 0 -69.41428658 0 11904.74219851 0 856.77317277 0 2670.98798833 0 5029
0.06950000 0.06949320 30477.01695632 0 399.42083104 0 11301.30049590 0 -313.74207436 0 1.91360775 0 5040
0.07050000 0.07048030 30535.81100110 0 856.92929255 0 10591.77484919 0 17.05802362 0 -438.39762887 0 5475
0.07150000 0.07148790 29349.96501303 0 500.78132136 0 10637.04958538 0 -80.85388042 0 398.53172336 0 5509
0.07250000 0.07249820 29187.53400794 0 900.13461122 0 11427.30355233 0 352.09771477 0 -1839.91035976 0 5916
0.07350000 0.07351270 27918.42413722 0 772.82391323 0 11230.65906355 0 527.50880624 0 -703.74810761 0 5721
0.07450000 0.07449140 27685.79459278 0 809.20314365 0 11973.61205888 0 262.37645230 0 -137.50609469 0 6028
0.07550000 0.07549160 27546.94763956 0 169.25266441 0 11104.54528387 0 1777.82783451 0 1242.19304908 0 6183
0.07650000 0.07648840 27029.75934728 0 51.61220274 0 10296.97420090 0 2164.65057437 0 2410.23473885 0 6330
0.07750000 0.07749960 27094.42172422 0 268.55591678 0 9378.19268744 0 604.01635627 0 1431.52980348 0 6583
0.07850000 0.07848650 26827.02507985 0 662.50148320 0 10396.41475009 0 -4.41307436 0 1129.62072265 0 6549
0.07950000 0.07947320 26496.73763051 0 815.99601493 0 9954.48504961 0 -294.38654335 0 -516.87273102 0 6828
0.08050000 0.08048110 24987.35831123 0 805.10416900 0 9464.99971402 0 -774.95533575 0 92.12750010 0 7147
0.08150000 0.08149960 25207.14395888 0 603.29886963 0 9750.17851205 0 -995.33335278 0 29.40477302 0 7386
0.08250000 0.08250610 24865.23056848 0 127.68826427 0 9714.24881802 0 867.16676408 0 -872.24010331 0 7227
0.08350000 0.08350160 24669.25041919 0 -247.11325254 0 9733.70289272 0 1560.12378392 0 -545.60541393 0 7798
0.08450000 0.08449610 24157.48756607 0 413.58122725 0 9238.98034750 0 1800.12749669 0 -1310.99647550 0 7371
0.08550000 0.08548940 23836.27942309 0 846.51798552 0 7820.80376775 0 1089.64298666 0 -727.36426922 0 8256
0.08650000 0.08650700 22790.16617422 0 831.50169860 0 7593.73253037 0 1257.80502707 0 -951.89219359 0 8037
0.08750000 0.08749060 21844.14674171 0 1090.48116165 0 6875.05007104 0 -483.20954188 0 -830.39557335 0 8155
0.08850000 0.08849210 21084.36381266 0 649.60665372 0 6915.53049058 0 -369.36611256 0 -1835.66965936 0 8718
0.08950000 0.08949900 20677.45587557 0 1061.54474797 0 7094.92429729 0 -978.15464083 0 -1178.21715628 0 8571
0.09050000 0.09049190 19938.59964043 0 441.97288255 0 6977.42478632 0 302.64317597 0 -318.07356783 0 8932
0.09150000 0.09150830 20032.49295489 0 -150.51939805 0 6958.03714556 0 729.52115809 0 135.75666737 0 9285
0.09250000 0.09250820 19678.62145368 0 48.40665398 0 7500.00530078 0 1399.80759287 0 486.25553843 0 9204
0.09350000 0.09350330 19837.50931483 0 146.14472251 0 6904.83462481 0 1484.76554121 0 187.42013497 0 9349
0.09450000 0.09448040 19648.61545343 0 331.98040780 0 7609.10091722 0 1095.81691498 0 2758.80259646 0 9564
0.09550000 0.09549270 19156.56133848 0 293.08997411 0 6298.68020261 0 921.75664713 0 1422.48371410 0 10155
0.09650000 0.09649430 19050.70991322 0 491.97993036 0 6971.68932206 0 -162.10437151 0 2946.53386376 0 9913
0.09750000 0.09749140 18546.80841072 0 800.65309443 0 6711.79971392 0 -982.95560087 0 1419.06236573 0 10476
0.09850000 0.09850240 17830.20754846 0 605.67941946 0 7000.73203006 0 -415.67278941 0 2335.07579798 0 10575
0.09950000 0.09950330 17495.60189244 0 403.38029440 0 7207.19767095 0 221.75984317 0 1513.27677761 0 10882
0.10050000 0.10051200 17167.52890806 0 394.05075351 0 7475.86763268 0 303.64300690 0 1740.10442385 0 10875
0.10150000 0.10150300 16852.85343672 0 231.21450133 0 7046.26142971 0 1215.74126509 0 1721.41433955 0 11118
0.10250000 0.10250800 16554.56500610 0 110.65792147 0 6410.70998512 0 792.36988823 0 2495.39198903 0 11575
0.10350000 0.10349800 16581.36003216 0 4.54495682 0 5958.19514211 0 1787.43861245 0 2650.47097044 0 11364
0.10450000 0.10450100 16703.15560517 0 73.86226091 0 5939.33897294 0 252.82325044 0 2259.73969991 0 12093
0.10550000 0.10551000 16254.17283377 0 477.13194278 0 5612.55037825 0 -20.25327511 0 2103.56455835 0 12067
0.10650000 0.10649700 16033.27995364 0 359.97678111 0 5503.55441273 0 -619.42238903 0 2092.51437818 0 12054
0.10750000 0.10749900 15137.86104556 0 796.25516701 0 5719.88549504 0 27.22684673 0 1884.10000812 0 12807
0.10850000 0.10850100 15675.97603174 0 58.52830899 0 6086.04727679 0 -309.11494982 0 984.11819497 0 12736
0.10950000 0.10950300 14957.27142776 0 -115.54081672 0 5468.73195118 0 247.64029520 0 805.34443845 0 12933
0.11050000 0.11050200 15261.64963703 0 68.25844660 0 5257.21733017 0 -170.49830095 0 -432.61898255 0 13428
0.11150000 0.11150900 15325.53695123 0 40.66898123 0 5150.39154032 0 -45.68308352 0 -831.93905543 0 13453
0.11250000 0.11250000 14998.68192259 0 290.44479571 0 5255.32396262 0 -469.18976419 0 -1333.32935466 0 13668
0.11350000 0.11349100 14637.05979401 0 576.96888121 0 5601.90987410 0 -408.71051157 0 -634.49514480 0 13791
0.11450000 0.11448600 14401.32999862 0 203.15612301 0 5836.89782372 0 312.60051767 0 -586.95943989 0 14205
0.11550000 0.11549300 14142.23759786 0 146.50900200 0 5987.02747594 0 639.50869348 0 -173.77349463 0 14776
0.11650000 0.11649800 14299.68605679 0 41.64976776 0 5914.17157863 0 256.60666383 0 -167.37036919 0 14553
0.11750000 0.11747300 14169.91840991 0 91.09290207 0 5973.31993781 0 464.67668459 0 141.19317885 0 14568
0.11850000 0.11849100 13950.13276226 0 396.87641080 0 5633.28884263 0 -106.79921627 0 696.46694681 0 16015
0.11950000 0.11950300 13742.41594866 0 131.72523390 0 5785.01290962 0 283.00751513 0 406.54808653 0 15270
0.12050000 0.12050700 13557.17595445 0 163.09091565 0 5355.32920039 0 880.71153903 0 282.21695114 0 15999
0.12150000 0.12150000 13297.08704446 0 219.73139326 0 4496.00607121 0 454.09597100 0 363.06817420 0 15670
0.12250000 0.12250700 13446.12053652 0 18.81176914 0 4330.24229635 0 1027.92141919 0 -29.96292891 0 16887
0.12350000 0.12352200 13083.94479170 0 -3.36898734 0 3909.05106025 0 644.47020223 0 377.82426148 0 16407
0.12450000 0.12449800 13239.17878566 0 124.76849222 0 3860.12245688 0 4.63466479 0 97.18113059 0 16306
0.12550000 0.12549900 12957.94173526 0 352.31583957 0 4063.95288446 0 198.75376666 0 731.40566778 0 17523
0.12650000 0.12650100 12906.45542486 0 128.66484332 0 4010.14138584 0 191.10389744 0 1092.83292344 0 17154
0.12750000 0.12750600 12657.88173268 0 70.92388735 0 4064.17433096 0 369.90312031 0 1219.53907250 0 18007
0.12850000 0.12850300 12744.68875925 0 144.12070154 0 4152.26574722 0 71.07723905 0 936.30568194 0 17496
0.12950000 0.12949900 12639.72311997 0 166.87211457 0 4010.52891721 0 41.70424360 0 1051.77120685 0 18405
0.13050000 0.13049000 12259.94237869 0 182.92366386 0 3993.01249935 0 -167.28843399 0 1402.34315526 0 18100
0.13150000 0.13148800 12360.92198104 0 199.44357249 0 3550.81706307 0 101.36801950 0 636.44387397 0 19059
0.13250000 0.13249300 12055.76870904 0 -19.20594391 0 3758.51173201 0 87.56492721 0 520.22321651 0 18957
0.13350000 0.13349100 12091.64304145 0 67.71501689 0 3449.87067769 0 150.93682470 0 -149.41327280 0 19468
0.13450000 0.13450700 12173.91041485 0 -68.88669031 0 3418.20382871 0 -81.21129506 0 -44.73219227 0 19953
0.13550000 0.13551000 12266.58577359 0 -63.32295781 0 3467.32066161 0 -312.41007369 0 -666.55949024 0 19956
0.13650000 0.13649900 12300.68853403 0 225.78463324 0 3733.21146980 0 -43.46108938 0 -214.72338074 0 19723
0.13750000 0.13749600 12210.78125650 0 212.50005792 0 3836.59376664 0 -216.52374076 0 17.77872124 0 20946
0.13850000 0.13851100 11960.10382261 0 262.49935510 0 3905.93973697 0 -64.59062828 0 32.79921564 0 20955
0.13950000 0.13949800 12019.67293013 0 242.97995368 0 4037.15785840 0 126.35404913 0 407.25007192 0 20506
0.14050000 0.14048300 11709.53711196 0 -46.41241756 0 3926.40139324 0 384.38350671 0 517.80059184 0 21447
0.14150000 0.14148400 11842.62645628 0 39.64844505 0 4287.13773583 0 399.66552942 0 546.51998796 0 21771
0.14250000 0.14249400 11815.94215347 0 103.97743429 0 3834.21321680 0 362.87330128 0 -77.01466251 0 22470
0.14350000 0.14350900 11340.05363276 0 388.31971818 0 3709.88208141 0 90.96855986 0 341.12504087 0 22519
0.14450000 0.14449900 11341.93592798 0 251.33845169 0 3689.53114839 0 -126.37951548 0 -203.53701098 0 22218
0.14550000 0.14550500 10961.47977489 0 118.50266360 0 3454.46569249 0 361.88011375 0 -213.37255712 0 23559
0.14650000 0.14650700 10846.46046467 0 232.73030260 0 3304.46890818 0 -79.67921748 0 -453.38955667 0 23044
0.14750000 0.14750500 10673.85399307 0 286.96587125 0 3094.60406356 0 178.19799563 0 -300.25376827 0 23649
0.14850000 0.14849900 10484.39544310 0 98.85006211 0 3161.33696525 0 263.80478220 0 -450.69566005 0 23640
0.14950000 0.14949500 10354.64994088 0 143.54494065 0 3120.54652061 0 140.18116837 0 -476.82745385 0 24457
0.15050000 0.15050000 10222.92249251 0 224.10496156 0 3106.08606440 0 161.67587254 0 -547.09021268 0 24591
0.15150000 0.15149900 10046.06424818 0 172.05949875 0 2962.38943290 0 -111.09306384 0 -359.05002752 0 25020
0.15250000 0.15250500 9928.97441322 0 179.93745786 0 3057.34569055 0 -203.54033268 0 -356.12029037 0 25297
0.15350000 0.15350100 9716.16433021 0 166.74589007 0 3060.81132822 0 -237.04629481 0 -434.19568160 0 25452
0.15450000 0.15450400 9720.28323504 0 -3.58235104 0 2889.77712674 0 247.93039011 0 -785.03890197 0 26061
0.15550000 0.15549900 9700.15374852 0 30.65727440 0 2789.35114064 0 144.00997829 0 -736.25977498 0 26128
0.15650000 0.15649500 9676.83543245 0 -29.10083770 0 2391.75502873 0 236.27123207 0 -1020.87831337 0 26331
0.15750000 0.15749700 9523.86019276 0 101.84534742 0 2456.35097172 0 441.18564026 0 -693.62025210 0 27345
0.15850000 0.15849900 9485.50565959 0 166.06826379 0 1931.42312439 0 519.46254780 0 -681.12513354 0 26980
0.15950000 0.15949700 9433.68717944 0 -3.28448336 0 1952.23909505 0 721.33206666 0 -101.83150702 0 27777
0.16050000 0.16050000 9379.26670295 0 -35.09661232 0 1735.44297510 0 489.82747042 0 186.02502205 0 28224
0.16150000 0.16150500 9372.34649994 0 250.87119958 0 2148.49605246 0 -50.85983827 0 266.76773632 0 28075
0.16250000 0.16249700 9177.85004218 0 323.16794448 0 2066.72693367 0 -479.52577941 0 753.63778878 0 28590
0.16350000 0.16349900 8896.09259252 0 278.98826122 0 2388.17866781 0 -449.85305613 0 987.18301448 0 29163
0.16450000 0.16449100 8878.10006469 0 124.00118011 0 2831.52562587 0 -234.77646822 0 1026.72117918 0 28996
0.16550000 0.16550500 8782.29123803 0 -3.69673923 0 2968.13596948 0 72.60433409 0 847.47463439 0 30777
0.16650000 0.16650700 8772.16006082 0 126.72165032 0 3092.42281557 0 76.21047956 0 490.06441817 0 29211
0.16750000 0.16749900 8572.43746574 0 251.78798807 0 2833.68472921 0 146.96739625 0 628.92022926 0 30922
0.16850000 0.16850800 8477.32619555 0 145.73615373 0 2722.81754080 0 188.46757690 0 768.20121762 0 30867
0.16950000 0.16949900 8327.50656843 0 77.08751841 0 2753.72039937 0 127.26640870 0 859.26223139 0 30852
0.17050000 0.17049200 8363.42519014 0 61.83671965 0 2751.70523625 0 138.89567146 0 796.63384052 0 31257
0.17150000 0.17149500 8311.19703397 0 52.96081190 0 2552.07121977 0 273.45652774 0 838.79061003 0 32608
0.17250000 0.17250900 8217.07120069 0 78.30248461 0 2391.86575197 0 200.84532882 0 560.90958129 0 32361
0.17350000 0.17350400 8133.47514831 0 106.59880719 0 2272.53930740 0 125.62438293 0 522.55726258 0 32508
0.17450000 0.17449800 8009.74191846 0 46.20204339 0 2178.60170364 0 145.53020849 0 352.05563993 0 32791
0.17550000 0.17549800 7974.74229971 0 104.14019747 0 2138.50881547 0 9.65281956 0 489.23510104 0 33633
0.17650000 0.17650100 7861.28418729 0 163.60577875 0 1991.04759354 0 126.50573998 0 234.18631331 0 33984
0.17750000 0.17750300 7708.13179040 0 180.30727351 0 1874.13491578 0 228.04892366 0 666.05791393 0 34069
0.17850000 0.17849800 7565.63096998 0 164.58346503 0 1845.56831775 0 139.08390098 0 291.43133985 0 34536
0.17950000 0.17950400 7545.42397719 0 56.70790807 0 1978.09297350 0 116.97800448 0 475.25186203 0 35343
0.18050000 0.18050100 7524.59693420 0 81.20719830 0 2141.02223321 0 -260.38232660 0 279.08901938 0 34990
0.18150000 0.18150500 7495.07811624 0 131.01771235 0 2142.60557566 0 -261.68111030 0 651.81115359 0 36243
0.18250000 0.18250200 7496.57288009 0 27.60817760 0 2479.32604572 0 -292.17318562 0 656.92435319 0 35694
0.18350000 0.18350400 7564.22478473 0 -33.70548543 0 2360.06603509 0 100.11762186 0 745.98570510 0 37087
0.18450000 0.18450600 7546.92981336 0 -59.04117908 0 2196.00739826 0 276.41173124 0 522.94147225 0 36651
0.18550000 0.18550700 7636.91459716 0 12.93668287 0 2195.71951781 0 178.15924249 0 209.33226579 0 37818
0.18650000 0.18651000 7527.23214751 0 151.93111946 0 2074.51077802 0 -29.36989520 0 -52.41660714 0 37267
0.18750000 0.18750100 7445.88377707 0 218.53115325 0 2044.36083754 0 -69.45569708 0 15.99452682 0 38334
0.18850000 0.18850000 7184.55476670 0 175.35572985 0 1811.76451008 0 -82.28531057 0 79.78241154 0 38223
0.18950000 0.18949500 7136.73339581 0 41.63758820 0 1880.65651510 0 238.79350767 0 274.20058797 0 39064
0.19050000 0.19050000 7179.53900356 0 -38.12301086 0 1725.90970343 0 378.72001256 0 44.30125739 0 39609
0.19150000 0.19149800 7130.96471458 0 -6.41474031 0 1668.71007342 0 314.31229909 0 190.32329854 0 39576
0.19250000 0.19250400 7127.14476251 0 91.88556980 0 1470.88084588 0 81.86024402 0 -73.97674875 0 40909
0.19350000 0.19350500 7140.99624086 0 67.68224281 0 1579.95431767 0 -112.36638119 0 300.52946916 0 40191
0.19450000 0.19450100 7026.50840224 0 84.25740234 0 1620.03613352 0 -74.04772235 0 285.09243390 0 41232
0.19550000 0.19549800 6913.84749721 0 153.83555933 0 1610.39213860 0 -89.09988360 0 165.62758526 0 40873
0.19650000 0.19649700 6918.34286108 0 107.36921955 0 1565.71530796 0 182.26596777 0 -158.91775642 0 42816
0.19750000 0.19750200 6695.55661341 0 126.63971511 0 1434.89579022 0 106.16410772 0 7.28291023 0 41727
0.19850000 0.19849000 6578.83216517 0 124.95893621 0 1389.14494407 0 205.93638377 0 93.37701196 0 42610
0.19950000 0.19949900 6512.92968785 0 35.56873625 0 1227.13468733 0 333.95681779 0 -9.72273022 0 43863
0.20050000 0.20050100 6553.65369853 0 52.04335907 0 1298.47367613 0 181.89393766 0 243.35419826 0 43302
0.20150000 0.20150100 6442.04466436 0 113.67291552 0 1207.30415358 0 -114.86097597 0 215.29914163 0 44487
0.20250000 0.20249700 6460.97833980 0 79.94439966 0 1381.59361855 0 -90.49842895 0 513.67836531 0 43759
0.20350000 0.20349100 6383.05131773 0 91.26109068 0 1406.81637448 0 -181.30267551 0 645.64276143 0 45282
0.20450000 0.20449700 6407.41043233 0 75.28405814 0 1584.15072878 0 -4.08277584 0 701.39966752 0 45483
0.20550000 0.20549900 6347.60880598 0 31.36822838 0 1542.51878746 0 62.86046680 0 581.49303313 0 46138
0.20650000 0.20650200 6285.22732795 0 56.98515908 0 1475.69730718 0 81.76812228 0 587.60274196 0 46227
0.20750000 0.20749300 6272.17305699 0 76.21535138 0 1337.61434437 0 276.11277847 0 527.59959931 0 46236
0.20850000 0.20850300 6234.53822493 0 -34.56215120 0 1225.61777883 0 230.84247121 0 504.45290427 0 48361
0.20950000 0.20950400 6157.59663977 0 88.64768986 0 1175.02832673 0 55.21314422 0 502.70015525 0 46812
0.21050000 0.21050300 6149.84601240 0 160.62953784 0 1123.79667979 0 71.75630473 0 553.61181200 0 48813
0.21150000 0.21149700 5987.14927151 0 59.89873063 0 904.08300225 0 101.39857912 0 642.66209159 0 47215
0.21250000 0.21249000 5969.90966177 0 110.94690915 0 972.66608941 0 49.31978861 0 395.99394651 0 50004
0.21350000 0.21350300 5897.49665745 0 104.93773702 0 1113.78729816 0 -126.80026382 0 269.14496446 0 49509
0.21450000 0.21449800 5774.66028592 0 206.71476820 0 1168.06383442 0 -246.89734220 0 277.23440497 0 49660
0.21550000 0.21550100 5745.32969747 0 37.62674926 0 1198.94454834 0 -142.87395776 0 340.91577393 0 50841
0.21650000 0.21649800 5692.62543134 0 -48.50309393 0 1294.90838754 0 -33.39590323 0 266.66144200 0 50424
0.21750000 0.21750300 5825.18330406 0 48.33213724 0 1389.26673965 0 -33.96933893 0 103.58912786 0 52231
0.21850000 0.21850300 5754.61937800 0 30.70056719 0 1315.70221355 0 177.67538190 0 263.33088670 0 51078
0.21950000 0.21950100 5700.79680705 0 52.21176913 0 1223.76870058 0 194.27722573 0 260.56723442 0 52791
0.22050000 0.22050700 5675.85085924 0 46.55203957 0 1110.55417931 0 247.90160206 0 325.53299306 0 52969
0.22150000 0.22150000 5673.90213007 0 -10.97119020 0 1052.74335697 0 264.36725630 0 370.47113057 0 52704
0.22250000 0.22250100 5654.41483839 0 61.37633238 0 785.97340618 0 280.37008736 0 441.91752093 0 54051
0.22350000 0.22349900 5595.85331242 0 71.75298303 0 784.78756019 0 170.92015653 0 544.22026609 0 53938
0.22450000 0.22449800 5576.74247978 0 93.26418497 0 690.80788160 0 53.59592045 0 492.45714756 0 54735
0.22550000 0.22549100 5476.00646858 0 100.73789350 0 700.97338301 0 -122.93823693 0 507.07483079 0 54774
0.22650000 0.22649900 5406.30618385 0 65.36956633 0 831.86376362 0 -151.57459060 0 672.07129354 0 56911
0.22750000 0.22749800 5394.48094094 0 74.01494827 0 882.48421823 0 -88.78266150 0 422.89748136 0 54879
0.22850000 0.22849100 5385.91096153 0 25.01957878 0 941.09778412 0 -108.20894467 0 353.01450326 0 57210
0.22950000 0.22949800 5321.52539271 0 179.48792147 0 854.59303201 0 -139.21676887 0 188.85400104 0 57375
0.23050000 0.23049600 5229.63616904 0 165.77041825 0 988.52608748 0 -189.56705876 0 126.96634870 0 57604
0.23150000 0.23150100 5036.59018583 0 125.86354514 0 967.29711911 0 -133.41154897 0 199.14129803 0 58629
0.23250000 0.23250200 5043.90899254 0 36.61972132 0 1073.97786150 0 -8.35336045 0 40.10396049 0 58560
0.23350000 0.23350400 5032.69272749 0 -23.97313336 0 1004.58870910 0 119.41391594 0 103.88343025 0 59305
0.23450000 0.23449700 5090.00308076 0 37.60903354 0 1049.72725569 0 69.05919713 0 145.70625845 0 59196
0.23550000 0.23549300 5121.45955557 0 2.48822819 0 965.82007098 0 79.61311570 0 241.13087544 0 60063
0.23650000 0.23649900 5077.35848581 0 22.71498509 0 1040.08326077 0 139.33413552 0 320.89811789 0 61537
0.23750000 0.23750400 5036.64554745 0 69.97620707 0 866.98296348 0 60.33154781 0 326.73766200 0 61224
0.23850000 0.23850100 5060.41782884 0 107.42834577 0 975.07432006 0 101.55735626 0 344.97488821 0 61221
0.23950000 0.23949400 4932.06743954 0 110.71660479 0 969.62230732 0 -42.58814729 0 281.52050191 0 62332
0.24050000 0.24050100 4798.54627455 0 133.17460122 0 943.10408938 0 71.37264867 0 410.16320058 0 63447
0.24150000 0.24150500 4772.83633633 0 66.08417417 0 823.08008835 0 68.55496345 0 330.88756935 0 63342
0.24250000 0.24250300 4694.75430170 0 42.97556793 0 782.58859648 0 97.37888232 0 402.06822391 0 63379
0.24350000 0.24349600 4740.63801575 0 -18.68764838 0 710.59855498 0 145.94763513 0 289.25673526 0 64266
0.24450000 0.24449500 4727.90484221 0 -47.35566891 0 628.97337642 0 136.45975999 0 369.12584311 0 64695
0.24550000 0.24549600 4776.45698654 0 30.58153970 0 624.19123933 0 24.92479968 0 301.39200326 0 65947
0.24650000 0.24650000 4792.57829148 0 92.43741447 0 595.66117997 0 -26.60137110 0 280.12538898 0 66018
0.24750000 0.24750000 4645.37173301 0 147.94286806 0 646.33035280 0 -170.54259025 0 272.64935526 0 66303
0.24850000 0.24849600 4549.68470193 0 148.93716283 0 716.06828344 0 -26.23221979 0 477.14301511 0 66958
0.24950000 0.24949200 4495.12028522 0 52.48459121 0 708.40623466 0 83.78782505 0 366.93684449 0 66975
0.25050000 0.25048900 4492.51828889 0 -6.44919739 0 738.42330725 0 32.67863802 0 289.76716943 0 68676
0.25150000 0.25150000 4511.25266249 0 53.13874416 0 746.07428370 0 58.18318463 0 246.61721238 0 69349
0.25250000 0.25249900 4457.20864505 0 32.91425710 0 698.15769081 0 108.00698546 0 450.77316632 0 68592
0.25350000 0.25349900 4477.39349319 0 18.66793964 0 569.56481760 0 82.74525494 0 281.03442685 0 70437
0.25450000 0.25450100 4450.12235716 0 64.60048265 0 625.98717041 0 65.88166135 0 325.78544207 0 70099
0.25550000 0.25550100 4405.19086305 0 88.98074539 0 624.64631188 0 -68.90418458 0 289.26670035 0 71064
0.25650000 0.25650300 4330.69626167 0 123.14418217 0 550.55031419 0 -55.58295987 0 424.81520801 0 71409
0.25750000 0.25750600 4303.30333007 0 44.16883238 0 559.97950601 0 65.25607500 0 420.73173462 0 72612
0.25850000 0.25850600 4336.91890822 0 -63.28154731 0 614.71222205 0 -25.92396627 0 264.06055290 0 71845
0.25950000 0.25949600 4340.16309939 0 32.25633955 0 559.19779987 0 127.27526656 0 282.27563446 0 72816
0.26050000 0.26049800 4323.59890146 0 87.50469377 0 510.67333636 0 29.86936777 0 357.32938824 0 73743
0.26150000 0.26149900 4276.16506194 0 61.40788851 0 490.29029360 0 58.11232175 0 515.78321426 0 74662
0.26250000 0.26250300 4245.46150521 0 19.89220660 0 498.77612334 0 79.17420874 0 501.72246897 0 74931
0.26350000 0.26350100 4246.14798935 0 42.94235096 0 582.51279424 0 -29.36546627 0 411.00359004 0 75087
0.26450000 0.26450200 4224.32443713 0 79.31061978 0 581.43988597 0 -85.11772198 0 438.05881573 0 76678
0.26550000 0.26550600 4162.05368235 0 102.35323496 0 640.37676375 0 -48.07902389 0 480.87217411 0 76035
0.26650000 0.26650100 4106.72527524 0 30.48986085 0 682.36191223 0 -70.07508293 0 527.64056691 0 77094
0.26750000 0.26750600 4109.21654832 0 1.98089427 0 575.71327957 0 102.34249481 0 460.82683725 0 78463
0.26850000 0.26850100 4126.32329016 0 4.63029123 0 576.15949426 0 148.97813043 0 397.71680025 0 77076
0.26950000 0.26949700 4126.42294109 0 10.36411678 0 378.71115470 0 130.98781707 0 275.08748119 0 79149
0.27050000 0.27049900 4092.22052972 0 35.64856771 0 377.14331351 0 0.76145928 0 218.35067435 0 79648
0.27150000 0.27150200 4057.69702094 0 95.63045150 0 326.88824562 0 -104.21349626 0 132.20909450 0 80241
0.27250000 0.27250500 4054.29781722 0 76.50345327 0 373.12848853 0 -144.75846745 0 171.63321425 0 80835
0.27350000 0.27350000 4028.46608342 0 59.61350755 0 448.48340955 0 -114.36050689 0 132.59108970 0 80680
0.27450000 0.27450400 4005.10347805 0 78.21689554 0 465.59679479 0 -45.98657595 0 132.66748874 0 82617
0.27550000 0.27550800 3963.41617511 0 50.47230690 0 473.86007080 0 9.75100894 0 118.36979571 0 82548
0.27650000 0.27649900 3940.27501624 0 38.95166365 0 467.91423237 0 88.81333184 0 152.90991298 0 81181
0.27750000 0.27748900 3901.89833842 0 40.77250747 0 540.48999986 0 160.63396677 0 247.56278892 0 84096
0.27850000 0.27849800 3885.52237001 0 37.85074239 0 374.94324257 0 148.47433966 0 196.55923188 0 85215
0.27950000 0.27950200 3828.15665512 0 35.43531473 0 413.22359116 0 114.16231228 0 311.30394844 0 84514
0.28050000 0.28050300 3815.21310741 0 57.09366786 0 222.10862140 0 20.80589484 0 236.74402034 0 85815
0.28150000 0.28150100 3798.58247553 0 33.06926964 0 240.07125395 0 97.49768836 0 249.75400200 0 85485
0.28250000 0.28250000 3773.53687679 0 11.30163267 0 165.15036807 0 -50.30943300 0 301.54590858 0 87220
0.28350000 0.28350400 3812.92113617 0 14.65532913 0 139.33524275 0 59.54574492 0 247.09000065 0 87147
0.28450000 0.28449700 3787.42157212 0 60.12449534 0 164.69197382 0 -52.75741330 0 144.66545992 0 87102
0.28550000 0.28549800 3744.61596437 0 121.82768275 0 202.84609791 0 -75.63560445 0 179.78133808 0 88971
0.28650000 0.28649900 3702.99509537 0 97.50101006 0 185.76260795 0 -54.09129627 0 422.45680283 0 89434
0.28750000 0.28750100 3636.08503649 0 45.45388640 0 217.79927258 0 115.74565472 0 349.04396758 0 89619
0.28850000 0.28849900 3611.50447540 0 63.88476757 0 220.66368301 0 90.75076723 0 415.06159708 0 90240
0.28950000 0.28950100 3579.73797549 0 77.57691516 0 177.18598514 0 106.42818267 0 302.30325559 0 91333
0.29050000 0.29050500 3482.95478425 0 101.37410928 0 213.98374945 0 35.12296445 0 446.45495964 0 92139
0.29150000 0.29150600 3459.53681726 0 67.65046524 0 66.17064903 0 -15.89908338 0 354.53362623 0 92370
0.29250000 0.29250200 3429.46438305 0 -3.03940852 0 168.16204042 0 -14.91497515 0 421.42596939 0 91819
0.29350000 0.29349600 3446.20573818 0 41.27452667 0 131.65215656 0 -48.88951807 0 371.68687184 0 93552
0.29450000 0.29450000 3425.78837121 0 3.19945898 0 190.91898962 0 -39.06681583 0 357.17437570 0 94701
0.29550000 0.29550200 3419.51036304 0 62.03845741 0 202.93578374 0 -59.37080219 0 333.86159579 0 95020
0.29650000 0.29650300 3424.08323319 0 63.88166732 0 227.77100831 0 10.98198572 0 237.88779150 0 95151
0.29750000 0.29749800 3366.04210649 0 34.04972401 0 218.72934786 0 -21.12710299 0 333.79294738 0 95802
0.29850000 0.29850000 3341.83800444 0 70.44589509 0 255.19494242 0 -14.92394373 0 244.64190964 0 97399
0.29950000 0.29950700 3350.45227315 0 49.32144946 0 193.29289606 0 -2.84752514 0 334.67873336 0 97881
0.30050000 0.30050300 3357.66035660 0 -16.09008098 0 201.18082026 0 74.47998591 0 245.27303215 0 97188
0.30150000 0.30149700 3340.01107084 0 24.43241339 0 133.20781820 0 37.77157527 0 195.67898205 0 98263
0.30250000 0.30249700 3338.74882581 0 48.70084565 0 171.00873513 0 7.89203203 0 133.84336964 0 100050
0.30350000 0.30350600 3304.64606537 0 80.09564761 0 112.18590230 0 -30.32311164 0 160.73804662 0 100779
0.30450000 0.30450500 3232.97490682 0 93.16497694 0 164.92338541 0 -76.76642099 0 142.94260618 0 99982
0.30550000 0.30550300 3205.49339662 0 45.80775790 0 136.07997925 0 6.25978313 0 98.47227439 0 101559
0.30650000 0.30649700 3228.55704922 0 -1.31507109 0 230.17370279 0 -1.49368984 0 149.26711811 0 100935
0.30750000 0.30749800 3225.30178572 0 1.16363490 0 142.49085532 0 38.91346413 0 101.53476871 0 103762
0.30850000 0.30850200 3222.31225802 0 78.13296732 0 200.06030099 0 10.85864002 0 108.26707437 0 102951
0.30950000 0.30950100 3181.17857132 0 47.77331700 0 65.30036430 0 73.51303978 0 178.49694840 0 104394
0.31050000 0.31050000 3187.52301344 0 20.65575412 0 139.42271412 0 90.58025343 0 244.12593930 0 103963
0.31150000 0.31149700 3180.38136393 0 -11.18127649 0 34.60743701 0 134.22093592 0 129.87504843 0 105936
0.31250000 0.31250000 3198.50675966 0 45.22823242 0 71.57870464 0 -19.31157389 0 65.00606190 0 105717
0.31350000 0.31349800 3165.67731657 0 106.32233124 0 26.13002223 0 -107.28850230 0 121.65938341 0 106776
0.31450000 0.31450400 3055.55197393 0 88.95007505 0 48.98064330 0 -108.03743436 0 227.10334712 0 108733
0.31550000 0.31549900 3071.95008698 0 55.11061449 0 126.40055290 0 -1.95560508 0 279.67806706 0 105891
0.31650000 0.31650000 3051.87596209 0 13.00057019 0 68.98390532 0 64.18848144 0 170.41747298 0 111072
0.31750000 0.31750600 3048.22209490 0 9.76408535 0 80.05213338 0 61.41098876 0 229.11297408 0 108121
0.31850000 0.31849900 3051.97561301 0 33.40575759 0 32.78316077 0 10.75818082 0 189.97119861 0 110484
0.31950000 0.31950100 3062.10679022 0 25.61670925 0 51.80840434 0 33.67415075 0 205.78358568 0 110817
0.32050000 0.32049800 3054.48903075 0 29.29460339 0 75.88727840 0 20.71565540 0 281.67108553 0 111088
0.32150000 0.32149900 3069.49203087 0 19.32574646 0 -0.45819716 0 4.20521360 0 298.80329372 0 112635
0.32250000 0.32250100 3065.69422346 0 38.26739398 0 24.38668469 0 31.36402090 0 257.51238000 0 113202
0.32350000 0.32350400 3027.19575007 0 50.27998062 0 2.78627303 0 48.95794503 0 226.48329693 0 113863
0.32450000 0.32450300 2989.89308775 0 85.77408940 0 32.82268897 0 22.67678557 0 311.29287611 0 114045
0.32550000 0.32549900 2941.72847479 0 92.38548527 0 10.82494694 0 -33.25827423 0 276.55124253 0 114828
0.32650000 0.32650300 2865.79447119 0 80.44675103 0 18.90067991 0 44.25453217 0 392.96566567 0 116431
0.32750000 0.32750400 2834.50408125 0 51.06467628 0 32.73721062 0 62.10345195 0 336.15135256 0 116442
0.32850000 0.32850400 2827.86068636 0 23.16418931 0 -32.28889219 0 61.94423192 0 366.80397659 0 116955
0.32950000 0.32949800 2819.64502134 0 12.12408495 0 -44.78223918 0 83.50226979 0 371.15429301 0 117028
0.33050000 0.33049700 2800.15772966 0 39.15628021 0 -88.76217769 0 -2.91676038 0 345.91714305 0 119061
0.33150000 0.33150100 2834.05011593 0 14.31895190 0 -95.29739597 0 -2.76338654 0 346.42314830 0 120060
0.33250000 0.33250400 2819.52322577 0 29.85242711 0 -112.23462052 0 -119.06735217 0 239.40137830 0 119737
0.33350000 0.33350100 2845.27745330 0 35.43763992 0 -99.06298292 0 -81.73855917 0 253.75996912 0 120531
0.33450000 0.33450000 2820.06576969 0 39.58068242 0 -34.58894622 0 -40.16120441 0 221.54393283 0 121704
0.33550000 0.33550300 2811.05289728 0 65.05134771 0 -7.47386354 0 -72.74517406 0 217.15375604 0 122761
0.33650000 0.33650300 2789.06326019 0 67.79872367 0 40.67064208 0 51.03245581 0 201.07674040 0 122472
0.33750000 0.33749900 2743.17954614 0 70.31269502 0 -3.91860648 0 66.32798676 0 279.61495481 0 122985
0.33850000 0.33849800 2709.94042704 0 45.96420985 0 -66.02283349 0 63.17481010 0 284.72593994 0 125380
0.33950000 0.33950300 2695.11458411 0 30.14418287 0 14.96790086 0 14.38084620 0 303.38945066 0 125223
0.34050000 0.34050000 2704.60356648 0 38.12699690 0 -50.14910574 0 20.30719733 0 352.32469743 0 125178
0.34150000 0.34149900 2674.61971087 0 30.42508775 0 -90.41571868 0 -13.31579927 0 291.72143476 0 127059
0.34250000 0.34250300 2668.15347317 0 42.61472087 0 -110.23362998 0 -5.94365718 0 393.29562095 0 127957
0.34350000 0.34349800 2665.90579124 0 12.78787083 0 -88.13481977 0 45.24284789 0 333.14189468 0 126732
0.34450000 0.34449700 2702.13443804 0 16.93844251 0 -123.36895036 0 57.42860569 0 247.00031482 0 129639
0.34550000 0.34550000 2634.48253340 0 64.58210259 0 -127.55096745 0 -37.50672526 0 261.65785842 0 129826
0.34650000 0.34650400 2642.75356004 0 68.66136850 0 -164.31219308 0 -39.94551552 0 162.91265122 0 130875
0.34750000 0.34750200 2598.28710357 0 43.08385527 0 -110.52859672 0 -63.39238128 0 257.50352214 0 130686
0.34850000 0.34850200 2588.84241050 0 30.16145570 0 -151.07965769 0 -0.75679894 0 282.02429269 0 132211
0.34950000 0.34950400 2584.19203407 0 19.19575737 0 -166.25095715 0 58.18861007 0 249.01990687 0 132768
0.35050000 0.35050300 2604.27723129 0 8.86593158 0 -205.66954074 0 144.86919069 0 262.58239754 0 132957
0.35150000 0.35150100 2621.53898569 0 5.01157780 0 -237.86232515 0 60.22536422 0 230.86904479 0 133987
0.35250000 0.35249800 2598.63034564 0 37.83845211 0 -255.40531659 0 37.61733779 0 200.36036099 0 134778
0.35350000 0.35349800 2575.64419931 0 74.46072007 0 -264.25099689 0 -34.72269991 0 334.45507240 0 135699
0.35450000 0.35450100 2521.22372283 0 112.77605721 0 -262.03099576 0 -65.25541066 0 271.80675135 0 137380
0.35550000 0.35550100 2461.18957766 0 74.99949939 0 -245.70928175 0 -56.07091722 0 342.65523616 0 136161
0.35650000 0.35649900 2454.90049717 0 24.49198250 0 -250.01087994 0 -15.76189727 0 297.74920840 0 138792
0.35750000 0.35750000 2470.83357258 0 9.62684389 0 -259.50207677 0 29.23370560 0 175.43987952 0 138097
0.35850000 0.35849800 2450.32762702 0 47.18504438 0 -266.49424990 0 6.55345440 0 168.81198588 0 140028
0.35950000 0.35950300 2413.12461563 0 63.54584371 0 -282.10844236 0 -51.20130877 0 70.37137834 0 141099
0.36050000 0.36050500 2410.62227022 0 59.85311266 0 -247.79641498 0 -54.34285949 0 130.59807124 0 140821
0.36150000 0.36150200 2387.62505157 0 35.91330700 0 -213.64493631 0 -38.18988770 0 57.07750227 0 141756
0.36250000 0.36250400 2362.03690891 0 64.70566973 0 -196.18055837 0 -12.46577690 0 150.45296410 0 142971
0.36350000 0.36349900 2359.36847863 0 21.61849276 0 -188.51850959 0 -19.48729168 0 145.46488177 0 142270
0.36450000 0.36450000 2356.92149485 0 25.37821138 0 -179.75255004 0 21.22044268 0 186.64064331 0 145311
0.36550000 0.36550300 2357.27580924 0 44.80549106 0 -156.83062320 0 28.55785090 0 128.44339683 0 145434
0.36650000 0.36650100 2327.72377430 0 76.73984741 0 -169.47964707 0 -31.20214351 0 114.50887604 0 144547
0.36750000 0.36749600 2297.83956961 0 70.80408479 0 -156.56599463 0 -33.59520507 0 198.12596584 0 146892
0.36850000 0.36849900 2279.04983440 0 18.68709477 0 -195.72327135 0 36.77418025 0 171.01980745 0 148113
0.36950000 0.36949900 2264.56723353 0 8.24788548 0 -204.70514125 0 92.03825716 0 177.33878323 0 147387
0.37050000 0.37049800 2289.42460275 0 -12.08079216 0 -274.24819897 0 139.12819028 0 178.36518774 0 149758
0.37150000 0.37150100 2294.91647586 0 42.16662388 0 -359.17957372 0 127.60190014 0 217.74169649 0 150099
0.37250000 0.37250000 2267.35745939 0 39.87764217 0 -380.91122564 0 62.62196892 0 244.03846793 0 150468
0.37350000 0.37349800 2279.30449787 0 24.07079126 0 -430.79979958 0 22.87154776 0 297.60194648 0 150709
0.37450000 0.37449700 2261.23446376 0 37.26280194 0 -425.29353245 0 -33.61579960 0 255.91132184 0 153108
0.37550000 0.37550100 2248.08054188 0 60.12316666 0 -410.33260715 0 -116.31034329 0 215.89040378 0 153189
0.37650000 0.37649900 2223.06816011 0 47.29554619 0 -388.33632667 0 -77.71686935 0 243.26561966 0 153547
0.37750000 0.37749900 2229.15793876 0 47.28392025 0 -375.27762678 0 -16.93047043 0 207.83307301 0 155424
0.37850000 0.37850200 2208.64092087 0 21.48872512 0 -378.90381315 0 -14.52035749 0 216.87141176 0 155313
0.37950000 0.37949900 2207.85478581 0 45.84396440 0 -340.20935961 0 11.89178758 0 127.50557091 0 156100
0.38050000 0.38050000 2184.18215535 0 26.84706599 0 -361.93658260 0 45.95003727 0 154.53975919 0 157557
0.38150000 0.38149800 2176.87442097 0 51.53148549 0 -330.82888602 0 5.80180963 0 143.94132987 0 157692
0.38250000 0.38250100 2167.91691019 0 57.28787644 0 -319.28820187 0 -38.11193854 0 133.62413761 0 159703
0.38350000 0.38350500 2131.76576966 0 65.06906343 0 -303.36509154 0 -46.46921858 0 215.69553086 0 160338
0.38450000 0.38450600 2099.50101514 0 60.50870501 0 -326.09989609 0 -6.50224489 0 242.38758430 0 160167
0.38550000 0.38550000 2092.18220843 0 42.84159280 0 -325.30490317 0 22.51169721 0 237.97194116 0 160033
0.38650000 0.38649600 2113.91718205 0 2.66785452 0 -321.86251739 0 30.52053119 0 139.90103855 0 162444
0.38750000 0.38750200 2095.44854425 0 4.52231391 0 -352.71887219 0 32.26641537 0 239.62614649 0 164307
0.38850000 0.38850400 2111.84665731 0 47.24882098 0 -388.86447656 0 64.62794201 0 262.49160448 0 163882
0.38950000 0.38950500 2107.37343808 0 31.28518594 0 -420.42503122 0 18.74068482 0 274.72652340 0 164595
0.39050000 0.39050100 2092.43687190 0 46.97633106 0 -451.67998972 0 11.11993582 0 299.08785247 0 165006
0.39150000 0.39150100 2077.17920830 0 93.22177796 0 -389.53324498 0 -26.37217398 0 264.83340117 0 166687
0.39250000 0.39250100 2030.64222709 0 66.78040196 0 -413.92336209 0 -38.33338503 0 364.68141192 0 167256
0.39350000 0.39350100 2010.09199223 0 18.25505265 0 -395.20670422 0 -16.08687001 0 280.89159386 0 167937
0.39450000 0.39449600 2011.07742914 0 9.89130636 0 -385.29033011 0 -9.85177816 0 244.42267760 0 167719
0.39550000 0.39549700 2015.47314209 0 49.71728507 0 -340.83716043 0 -9.09571554 0 154.58072679 0 171636
0.39650000 0.39650400 1993.67173452 0 63.67273255 0 -374.26118736 0 -76.90427143 0 227.08673864 0 171093
0.39750000 0.39750000 1981.38145397 0 26.57380101 0 -342.09829822 0 -29.77348144 0 117.00236359 0 170464
0.39850000 0.39849800 1967.28638448 0 24.22613598 0 -342.17912620 0 -31.49079902 0 152.61428191 0 172113
0.39950000 0.39949500 1984.74744072 0 61.52846612 0 -315.02424958 0 -13.46438987 0 45.67145758 0 173232
