### header ###
fiducial parameters:
Omega_m = 0.31
Omega_nu = 0
Omega_de = 0.69
Omega_k = 0
H_0 = 100
w_de = -1
zeff = 0
beta = 0
fgrowth = 0
b_1 = 2
gamma = 0.55
Lx = 3500 Ly = 3500 Lz = 3500
nx = 700 ny = 700 nz = 700
xoffset = -685.467585 yoffset = -31.7331281 zoffset = 572.489161
bins = 400 dk = 0.001
kx_ny = 0.628318531 ky_ny = 0.628318531 kz_ny = 0.628318531
############################
A(data) = 8.04865113 (not used)
A(ran) = 8.04298454 (used)
Ngal = 477970
weighted Ngal = 0
Nran = 23820508
weighted Nran = 0
SN(data) = 3493.30807
SN(ran) = 70.0573122
SN(data+ran) = 3563.36539
############################
13 columns: k_central k_mean P_0(k) sigma^{lin}_{P_0(k)} P^img_1(k) sigma^{lin}_{P_1(k)} P_2(k) sigma^{lin}_{P_2(k)} P^img_3(k) sigma^{lin}_{P_3(k)} P_4(k) sigma^{lin}_{P_4(k)} N_modes
### header ###
0.00050000 0 0 0 0 0 0 0 0 0 0 0 0
0.00150000 0.00179520 2982.81787219 0 -745.83622871 0 13291.44015880 0 477.63684079 0 -11223.57277567 0 3
0.00250000 0.00253879 21885.44651329 0 -19174.38778144 0 376.54651520 0 -11201.98174227 0 10.50719336 0 6
0.00350000 0.00331552 28625.28135365 0 -16854.29283894 0 -7809.03388647 0 16353.04869440 0 -3542.95571244 0 7
0.00450000 0.00420575 44763.30550007 0 -7457.32148861 0 9452.62085488 0 -32056.15192195 0 9209.05185351 0 24
0.00550000 0.00557378 53073.08527647 0 466.02086483 0 13369.83221852 0 -11237.08101195 0 14139.46951666 0 45
0.00650000 0.00659388 57276.25050087 0 -478.27349947 0 20330.11704601 0 6814.13013989 0 19981.78170722 0 40
0.00750000 0.00754703 59196.41307092 0 -10845.57467869 0 -3224.86996505 0 35548.80606275 0 -6936.52361844 0 57
0.00850000 0.00846663 71190.95182371 0 -20835.23650424 0 3529.96787543 0 26636.47036972 0 4551.38983995 0 75
0.00950000 0.00948925 80995.71689712 0 -10755.39059304 0 -5081.93135596 0 18176.77131528 0 13255.12293339 0 112
0.01050000 0.01054430 82035.07602785 0 -3430.33909671 0 -13660.48074500 0 6032.99976859 0 -8596.67478477 0 105
0.01150000 0.01145670 87284.35450112 0 5436.01323134 0 6316.99382786 0 -18568.28872087 0 42584.71486875 0 144
0.01250000 0.01249090 79549.00693632 0 -459.99862736 0 6962.88682383 0 -6031.59358333 0 24351.80686664 0 169
0.01350000 0.01339930 94483.24792846 0 -2823.89679407 0 49807.96741069 0 -9640.91681074 0 53761.78388019 0 180
0.01450000 0.01448870 101459.91979669 0 -1388.50274923 0 56459.77726874 0 -5494.28687686 0 20151.52044669 0 267
0.01550000 0.01550050 100514.12181068 0 4412.83076717 0 66824.69125473 0 -6395.65162337 0 51211.49530471 0 238
0.01650000 0.01653350 101630.32287565 0 13754.48478272 0 88410.18848868 0 -2228.95863692 0 19287.21477134 0 315
0.01750000 0.01747870 93296.84832414 0 9663.02824340 0 98324.56957779 0 -2896.97413788 0 29869.47849352 0 297
0.01850000 0.01844180 88361.47025948 0 7988.60485038 0 82511.96105779 0 30438.92815894 0 4800.33999118 0 388
0.01950000 0.01947590 79950.15726450 0 5597.39236557 0 76057.90292100 0 13886.24544806 0 20931.89789991 0 399
0.02050000 0.02045430 78482.07771679 0 -1316.13403422 0 56374.96326063 0 23295.39635569 0 -14776.46036348 0 462
0.02150000 0.02154770 78349.09909572 0 -475.29947303 0 45573.91040004 0 15835.52823238 0 -8751.93092338 0 571
0.02250000 0.02255340 71085.65401469 0 5968.20452375 0 23394.93655581 0 12930.48236971 0 -22217.50553460 0 510
0.02350000 0.02348930 75500.18991988 0 702.95200746 0 30734.66995485 0 7689.12060868 0 -19007.08495343 0 555
0.02450000 0.02439640 69966.02052903 0 2699.37742916 0 14250.96782758 0 3354.60439495 0 -15078.95627752 0 592
0.02550000 0.02547300 67149.88543465 0 4829.10589105 0 25193.74644585 0 -1534.03738665 0 -16997.45799885 0 837
0.02650000 0.02652900 63292.61963758 0 2554.73965006 0 24097.03267256 0 3982.31663357 0 -6660.14731864 0 723
0.02750000 0.02749970 62150.62005578 0 -771.08777270 0 22166.46211719 0 9586.78421470 0 -8318.12830931 0 826
0.02850000 0.02848090 63940.90425571 0 -1841.85908893 0 17824.22849306 0 10565.99847701 0 -4952.41837256 0 831
0.02950000 0.02946900 65098.51581550 0 -2171.69257295 0 14498.10211754 0 5150.11473220 0 -10075.22875175 0 996
0.03050000 0.03053250 65237.25204548 0 -138.27229957 0 6258.12227680 0 1225.35204303 0 -12481.72104481 0 1041
0.03150000 0.03150510 60862.02289339 0 5820.78759111 0 8795.98770383 0 -5060.53962441 0 1574.97177150 0 1036
0.03250000 0.03246190 55946.46429015 0 6384.66787715 0 9351.90698833 0 -3459.00534567 0 -5232.60355210 0 1059
0.03350000 0.03345080 52369.66048074 0 7403.69821951 0 12552.25175391 0 -2927.25694625 0 -2710.88157465 0 1302
0.03450000 0.03451200 48770.15840544 0 1992.19911532 0 19477.10514198 0 -3229.69749868 0 -3358.14753890 0 1339
0.03550000 0.03553350 48201.37307951 0 -949.47510508 0 18924.81758003 0 2560.85157336 0 5932.21946809 0 1365
0.03650000 0.03647120 50611.04312979 0 -283.63531595 0 23336.36395752 0 4346.12001014 0 7199.35846498 0 1308
0.03750000 0.03744890 51389.87045753 0 -1596.34135840 0 20415.81684011 0 4537.05117931 0 9788.80985334 0 1579
0.03850000 0.03847530 51186.80402036 0 494.14899880 0 21520.83485701 0 6130.93448161 0 13745.18402987 0 1662
0.03950000 0.03950240 50116.55310339 0 1359.10572684 0 19542.87475141 0 4659.82111690 0 9606.12756616 0 1683
0.04050000 0.04050350 49052.94558131 0 1375.73635872 0 17995.96025099 0 2597.41238991 0 11559.72855716 0 1822
0.04150000 0.04152450 48240.79055586 0 1335.08985431 0 17872.39310602 0 70.88148035 0 6620.43088951 0 1887
0.04250000 0.04250150 46521.03706503 0 1415.92889781 0 14576.71562375 0 380.73517568 0 12473.19535470 0 1920
0.04350000 0.04349210 46674.61021027 0 -167.85533702 0 12912.54520351 0 2695.81214057 0 4837.62050884 0 2005
0.04450000 0.04448520 46221.97357168 0 478.36318530 0 15092.13234406 0 1525.78850466 0 1650.31894189 0 2151
0.04550000 0.04548030 44675.61268751 0 2624.81639383 0 11655.72561334 0 1048.33767892 0 997.89216705 0 2274
0.04650000 0.04648670 42785.34539447 0 2320.28317202 0 11386.33595050 0 -496.31253107 0 3358.65686584 0 2311
0.04750000 0.04749250 41363.76961100 0 137.01448347 0 11802.65536368 0 4634.48763772 0 5721.16988472 0 2568
0.04850000 0.04851840 41513.13527281 0 -381.33972461 0 10626.19870705 0 1634.59624065 0 6401.27636438 0 2493
0.04950000 0.04949480 41851.39479602 0 -73.17500171 0 10277.95194686 0 4570.68890211 0 7267.92937258 0 2644
0.05050000 0.05050630 42025.00884917 0 -520.23871777 0 9402.30821090 0 945.20118770 0 5122.44499247 0 2829
0.05150000 0.05149060 41290.24937421 0 2117.55997692 0 8748.04453737 0 -1559.10513004 0 2245.60034112 0 2784
0.05250000 0.05249300 38696.66800869 0 3185.54106730 0 11860.45289924 0 -2119.53085073 0 4070.98381072 0 3055
0.05350000 0.05348950 36086.47815594 0 3119.98183205 0 12629.09368815 0 -3128.14213544 0 4392.72342530 0 3009
0.05450000 0.05448610 33880.64960557 0 2030.93010754 0 11044.30076453 0 1641.28392484 0 4506.18153772 0 3336
0.05550000 0.05550870 33931.25012999 0 -369.67835212 0 13379.13297136 0 687.40203448 0 4280.93723393 0 3349
0.05650000 0.05647670 34999.50802849 0 -2066.72693367 0 10566.43029768 0 3376.50545345 0 1000.81193910 0 3324
0.05750000 0.05747970 35847.98027935 0 -420.78156008 0 11052.36141700 0 930.33769886 0 96.90797634 0 3639
0.05850000 0.05849280 35250.62835538 0 423.70576107 0 9828.34912527 0 -611.72269435 0 1900.05522818 0 3846
0.05950000 0.05951020 35396.56159649 0 562.15964676 0 10997.75271099 0 -663.36955346 0 -192.96072631 0 3787
0.06050000 0.06049470 34561.92975166 0 492.55790572 0 10079.27015031 0 439.32438246 0 -922.10210366 0 3930
0.06150000 0.06148310 33875.66705940 0 1758.28518120 0 11652.29319265 0 -744.56734029 0 -3222.69978939 0 4083
0.06250000 0.06249100 32021.49554527 0 1990.63791752 0 10513.80353782 0 -1842.64522399 0 -70.93927788 0 4303
0.06350000 0.06350600 31045.69155900 0 1956.38014453 0 11956.11778567 0 1192.78833574 0 320.90586852 0 4470
0.06450000 0.06451750 29481.72567837 0 -47.12636106 0 11499.16294041 0 842.88626298 0 1975.02593953 0 4479
0.06550000 0.06550280 30113.18036278 0 375.92757224 0 12211.11342624 0 3700.79170273 0 2477.51018445 0 4636
0.06650000 0.06648880 30651.40607221 0 -346.95240542 0 12773.69825028 0 2645.12303755 0 5302.45884938 0 4653
0.06750000 0.06749660 29721.44151069 0 709.99732774 0 11376.26013492 0 2597.75563198 0 6997.94180421 0 5220
0.06850000 0.06852730 29856.74531998 0 420.08511085 0 11358.65513846 0 1339.00945729 0 7311.93079141 0 5029
0.06950000 0.06949320 29228.61233301 0 65.42182770 0 11476.46467453 0 966.94723364 0 7414.83697828 0 5040
0.07050000 0.07048030 28172.09109882 0 1308.33911755 0 9062.56499616 0 206.63836916 0 6068.49764195 0 5475
0.07150000 0.07148790 27974.67154730 0 929.98559894 0 9833.36488841 0 576.29346939 0 4774.08750903 0 5509
0.07250000 0.07249820 26713.20158071 0 -36.23030766 0 8767.69791392 0 53.42618171 0 3944.28319782 0 5916
0.07350000 0.07351270 26396.86526065 0 228.31023053 0 7982.54828870 0 1629.86835795 0 1984.31562005 0 5721
0.07450000 0.07449140 26589.41298924 0 189.92690931 0 7194.22090627 0 373.32446868 0 1221.34386145 0 6028
0.07550000 0.07549160 26125.48257934 0 531.72957646 0 6815.19308307 0 -9.07704760 0 142.55396758 0 6183
0.07650000 0.07648840 25821.43653982 0 255.85042405 0 7294.31472263 0 -266.11114746 0 972.65944602 0 6330
0.07750000 0.07749960 25761.42453930 0 180.71916399 0 7117.14645320 0 -175.76651310 0 1189.45556597 0 6583
0.07850000 0.07848650 25208.25119136 0 726.64235364 0 8088.42185862 0 459.31435768 0 1957.88598071 0 6549
0.07950000 0.07947320 24951.48397882 0 398.75538432 0 6797.01232572 0 245.71149621 0 -299.09449586 0 6828
0.08050000 0.08048110 24697.26340098 0 620.95812048 0 7628.08995428 0 229.47946803 0 998.18669089 0 7147
0.08150000 0.08149960 23840.26546002 0 535.40005214 0 8160.35875297 0 -462.43786052 0 -1002.76066827 0 7386
0.08250000 0.08250610 23826.31433075 0 613.26617643 0 7974.62050413 0 -484.59579694 0 -289.70294995 0 7227
0.08350000 0.08350160 22924.58419752 0 650.86557705 0 8060.27600893 0 -1027.26704479 0 -1011.75250326 0 7798
0.08450000 0.08449610 22866.56521547 0 527.21206794 0 7892.02096099 0 566.85763418 0 -1696.77841683 0 7371
0.08550000 0.08548940 22564.62291766 0 206.33720193 0 8527.11844026 0 492.43278845 0 -1577.52947854 0 8256
0.08650000 0.08650700 22307.52353537 0 296.59325768 0 7730.44252491 0 1062.05518214 0 -1566.31321350 0 8037
0.08750000 0.08749060 21315.88612462 0 791.04010202 0 7498.53268158 0 729.68170680 0 -2094.23058852 0 8155
0.08850000 0.08849210 20743.66837799 0 884.35211943 0 6051.36875546 0 731.94710446 0 -2337.11310575 0 8718
0.08950000 0.08949900 19911.14027488 0 170.42522361 0 6049.66361744 0 748.44708291 0 -2105.31398567 0 8571
0.09050000 0.09049190 19915.12631181 0 210.94218182 0 5823.58888929 0 702.08615166 0 -2402.99343842 0 8932
0.09150000 0.09150830 19642.96856777 0 552.02404062 0 5132.74225456 0 -143.88707548 0 -2576.49676832 0 9285
0.09250000 0.09250820 19099.20669592 0 144.46726530 0 5906.80848263 0 -548.27495144 0 -1562.83650350 0 9204
0.09350000 0.09350330 19323.08910376 0 156.65568046 0 6297.34045131 0 -177.13948138 0 -1342.94013260 0 9349
0.09450000 0.09448040 19200.96136101 0 145.83801912 0 7305.36490280 0 -463.34579115 0 115.44227302 0 9564
0.09550000 0.09549270 19077.94783227 0 306.66353711 0 6973.64912355 0 73.04279815 0 -606.18985364 0 10155
0.09650000 0.09649430 18905.66245809 0 391.55505149 0 7475.26972714 0 992.86533158 0 845.83703755 0 9913
0.09750000 0.09749140 18268.22871828 0 483.71333265 0 7100.70405085 0 508.02262179 0 380.12951951 0 10476
0.09850000 0.09850240 18288.49107270 0 363.27633390 0 7999.52216265 0 609.30117691 0 904.09407458 0 10575
0.09950000 0.09950330 17706.30823374 0 359.60253653 0 6882.47960100 0 898.41175748 0 520.38044352 0 10882
0.10050000 0.10051200 17470.02482211 0 652.30055034 0 7096.54085672 0 247.78866435 0 1043.23001548 0 10875
0.10150000 0.10150300 16826.39058040 0 205.26761535 0 6964.27086443 0 -694.74962923 0 794.61535570 0 11118
0.10250000 0.10250800 16682.89325075 0 271.16344927 0 7236.79399519 0 572.57981165 0 -36.20506275 0 11575
0.10350000 0.10349800 16734.82245415 0 -129.71782141 0 7009.14699692 0 -506.83899027 0 258.86098917 0 11364
0.10450000 0.10450100 17054.81264141 0 39.76824760 0 7093.03092975 0 217.00095796 0 -138.26233448 0 12093
0.10550000 0.10551000 16705.70223988 0 308.46832605 0 6642.58661148 0 -70.37923969 0 -530.99658856 0 12067
0.10650000 0.10649700 16369.65718163 0 490.93470290 0 5928.00091233 0 510.82613444 0 -1144.07010654 0 12054
0.10750000 0.10749900 15877.16017370 0 336.11038496 0 5612.10748525 0 813.00427276 0 -292.69912105 0 12807
0.10850000 0.10850100 15687.15907981 0 169.32020559 0 4985.18138170 0 819.44061518 0 -1140.19479285 0 12736
0.10950000 0.10950300 15499.81534388 0 82.42803284 0 4691.03400057 0 751.01807673 0 -833.91546541 0 12933
0.11050000 0.11050200 15406.80781540 0 145.34640789 0 4275.04675713 0 282.84585919 0 -891.38415292 0 13428
0.11150000 0.11150900 15127.23161373 0 389.65946948 0 4880.97973283 0 -175.20403900 0 -460.04956005 0 13453
0.11250000 0.11250000 14944.09536123 0 257.97188148 0 4787.50716671 0 -29.25983629 0 -488.74570428 0 13668
0.11350000 0.11349100 14686.88525569 0 297.55765718 0 5310.33127232 0 -198.45149219 0 -407.16592225 0 13791
0.11450000 0.11448600 14764.28080618 0 -54.31683952 0 5384.98088625 0 86.76417668 0 653.21290991 0 14205
0.11550000 0.11549300 15122.80268380 0 -361.33424813 0 5750.21259272 0 435.61404641 0 -251.59311516 0 14776
0.11650000 0.11649800 15171.29946651 0 -15.65449572 0 5857.19339511 0 -136.34682228 0 671.31283929 0 14553
0.11750000 0.11747300 15411.45819183 0 277.79245014 0 5776.06647117 0 -9.31425001 0 401.27101652 0 14568
0.11850000 0.11849100 15021.93380471 0 325.29604531 0 5961.19574214 0 -128.80324738 0 1353.07130981 0 16015
0.11950000 0.11950300 14829.16462961 0 314.01223909 0 6277.77565335 0 -61.71647420 0 1246.52232808 0 15270
0.12050000 0.12050700 14716.78053270 0 215.76196481 0 5916.35282662 0 932.12034316 0 1278.24453869 0 15999
0.12150000 0.12150000 14526.11509933 0 4.22131276 0 5772.74477372 0 491.06646357 0 1183.56508916 0 15670
0.12250000 0.12250700 14263.70100112 0 196.14069800 0 5385.29091134 0 453.31537210 0 1149.50661802 0 16887
0.12350000 0.12352200 14154.52787841 0 352.85174009 0 4833.05871101 0 222.92022281 0 965.99722818 0 16407
0.12450000 0.12449800 13643.09719504 0 288.99764286 0 4670.39518710 0 391.58051784 0 451.18616404 0 16306
0.12550000 0.12549900 13517.42630835 0 156.91034393 0 3940.34145019 0 274.02121631 0 244.05729089 0 17523
0.12650000 0.12650100 13316.13144314 0 59.72434152 0 3943.51920741 0 384.51526737 0 -209.66222107 0 17154
0.12750000 0.12750600 13188.02464499 0 237.55894345 0 3865.72505323 0 209.81391192 0 195.39995947 0 18007
0.12850000 0.12850300 13127.45902824 0 132.26002719 0 3753.58454747 0 220.44555821 0 -78.26029905 0 17496
0.12950000 0.12949900 13029.24750709 0 122.04470031 0 3860.04495060 0 253.46765975 0 344.16993020 0 18405
0.13050000 0.13049000 13040.09838542 0 300.72212761 0 4170.85618059 0 -177.20259363 0 82.34797993 0 18100
0.13150000 0.13148800 12642.71264767 0 291.51327506 0 4206.66407905 0 -233.38356976 0 503.94357733 0 19059
0.13250000 0.13249300 12598.97696464 0 389.81891096 0 4784.17439694 0 -494.40144780 0 767.67196049 0 18957
0.13350000 0.13349100 12175.23909383 0 334.85921226 0 4817.50209464 0 -394.51911285 0 559.46575013 0 19468
0.13450000 0.13450700 12303.23516874 0 134.33719533 0 5129.05517039 0 -221.01689017 0 385.37780148 0 19953
0.13550000 0.13551000 11976.49086334 0 26.40815903 0 5048.69223686 0 246.03259363 0 345.66247958 0 19956
0.13650000 0.13649900 11917.25392556 0 123.19843656 0 4854.81582928 0 475.57406668 0 -133.47023229 0 19723
0.13750000 0.13749600 11880.82597690 0 65.76086229 0 4730.08609020 0 357.27624109 0 -299.58832155 0 20946
0.13850000 0.13851100 11817.38155569 0 95.00331503 0 4227.29182019 0 535.72668572 0 -826.88343192 0 20955
0.13950000 0.13949800 11482.44372993 0 264.41486730 0 4114.24338379 0 119.87120295 0 -767.82032964 0 20506
0.14050000 0.14048300 11483.77240891 0 160.78787209 0 3870.22041711 0 -72.57764978 0 -859.46596217 0 21447
0.14150000 0.14148400 11147.39518092 0 81.48766029 0 4119.66882295 0 -104.71396534 0 -602.59799147 0 21771
0.14250000 0.14249400 11205.74633271 0 314.10746108 0 3909.13963885 0 172.95082090 0 -872.78264722 0 22470
0.14350000 0.14350900 10904.68982089 0 150.03553746 0 4067.46281143 0 319.56943892 0 -266.86738724 0 22519
0.14450000 0.14449900 10788.97295421 0 143.32792308 0 3595.13957932 0 999.07358411 0 6.33449917 0 22218
0.14550000 0.14550500 10675.90237316 0 -11.70665831 0 3094.20545987 0 988.30574822 0 -49.26188035 0 23559
0.14650000 0.14650700 10742.03736931 0 111.97109919 0 2906.04237190 0 314.59353614 0 -163.02226723 0 23044
0.14750000 0.14750500 10480.77479289 0 131.08414630 0 2780.30505126 0 7.71260501 0 57.86219793 0 23649
0.14850000 0.14849900 10392.84946150 0 281.46292582 0 2774.72459955 0 -306.40112301 0 553.93069496 0 23640
0.14950000 0.14949500 10205.80467834 0 79.81429984 0 2480.76544794 0 -44.38629284 0 615.15068611 0 24457
0.15050000 0.15050000 10150.00016125 0 109.40829889 0 2923.55878977 0 403.41461860 0 275.62448894 0 24591
0.15150000 0.15149900 10316.27326305 0 74.23340524 0 2745.31650483 0 108.39495972 0 356.01288882 0 25020
0.15250000 0.15250500 9979.71887787 0 209.86705908 0 2963.27521889 0 106.83165818 0 553.59741798 0 25297
0.15350000 0.15350100 9856.63891518 0 207.82421515 0 2989.76021986 0 -252.35267664 0 728.60547683 0 25452
0.15450000 0.15450400 9770.07547975 0 261.44194808 0 3226.19864403 0 -119.38623512 0 715.18471192 0 26061
0.15550000 0.15549900 9524.48024295 0 255.48282287 0 3483.17623075 0 -197.48155654 0 794.74158021 0 26128
0.15650000 0.15649500 9327.11605306 0 166.20002446 0 3466.52345422 0 -142.31812706 0 614.57049629 0 26331
0.15750000 0.15749700 9232.40338656 0 73.29070750 0 3380.59114130 0 252.97383406 0 492.26006018 0 27345
0.15850000 0.15849900 9323.63934306 0 21.23893347 0 3338.61595792 0 165.40503154 0 219.31175215 0 26980
0.15950000 0.15949700 9075.28709738 0 120.28420067 0 3097.32785547 0 127.10364552 0 -135.51861239 0 27777
0.16050000 0.16050000 9004.39100157 0 236.25794528 0 3006.05868199 0 -121.14562754 0 117.29245850 0 28224
0.16150000 0.16150500 8973.00096071 0 127.02946095 0 2967.87023369 0 -37.90411100 0 -6.04143688 0 28075
0.16250000 0.16249700 8891.92939838 0 -35.56707540 0 2947.64109625 0 354.84254409 0 451.85825415 0 28590
0.16350000 0.16349900 8910.26516828 0 -36.83529948 0 2896.86341463 0 275.63445404 0 149.57160705 0 29163
0.16450000 0.16449100 8978.57034009 0 -88.98140973 0 2895.02540871 0 303.67179494 0 92.66018965 0 28996
0.16550000 0.16550500 8988.90081915 0 83.53559749 0 2899.90830395 0 214.99133100 0 154.95718584 0 30777
0.16650000 0.16650700 8902.35952836 0 118.92673364 0 2634.99186034 0 121.03158259 0 544.26787709 0 29211
0.16750000 0.16749900 8737.21580369 0 181.90279552 0 2719.51798801 0 87.89742913 0 723.81226742 0 30922
0.16850000 0.16850800 8670.62684223 0 199.57422593 0 2690.60814791 0 162.67791793 0 825.23476276 0 30867
0.16950000 0.16949900 8543.37261309 0 105.74590601 0 2765.80030575 0 168.44438470 0 758.84510314 0 30852
0.17050000 0.17049200 8392.82221253 0 227.16645937 0 2703.90601001 0 36.91114491 0 723.52549420 0 31257
0.17150000 0.17149500 8221.45584132 0 196.78289284 0 2646.29670398 0 -30.07653097 0 881.73019291 0 32608
0.17250000 0.17250900 8131.55963611 0 164.87245271 0 2698.21483506 0 -122.79097501 0 848.09247011 0 32361
0.17350000 0.17350400 8085.33268000 0 4.72182614 0 2839.36483184 0 -11.76855260 0 845.70306242 0 32508
0.17450000 0.17449800 8098.38695096 0 20.78961853 0 2640.32872090 0 79.06282115 0 637.04288674 0 32791
0.17550000 0.17549800 8020.23848239 0 48.39812829 0 2756.64349312 0 138.67865389 0 765.87713664 0 33633
0.17650000 0.17650100 8001.64804902 0 119.14264398 0 2629.56642118 0 200.59287981 0 502.38902293 0 33984
0.17750000 0.17750300 7823.14002829 0 230.20027637 0 2621.86008311 0 40.60121860 0 425.02115326 0 34069
0.17850000 0.17849800 7705.41907082 0 206.69262355 0 2536.79141152 0 112.95653610 0 457.92920985 0 34536
0.17950000 0.17950400 7472.61236918 0 10.80799521 0 2383.55043603 0 199.59526334 0 601.85725293 0 35343
0.18050000 0.18050100 7659.98932209 0 -78.41608666 0 2590.25966807 0 132.36410704 0 344.53974585 0 34990
0.18150000 0.18150500 7652.38263494 0 -56.03050324 0 2230.15444800 0 115.11785391 0 171.89009218 0 36243
0.18250000 0.18250200 7627.50312107 0 81.31072454 0 2244.59275956 0 68.72890968 0 126.64414404 0 35694
0.18350000 0.18350400 7518.90575925 0 218.83010602 0 1967.92857932 0 -171.75390259 0 192.12808749 0 37087
0.18450000 0.18450600 7458.34014249 0 63.77382287 0 2052.82009370 0 -99.78201969 0 265.92956133 0 36651
0.18550000 0.18550700 7504.89926835 0 63.89583989 0 2063.67097202 0 -31.62787440 0 -17.51564280 0 37818
0.18650000 0.18651000 7390.93182899 0 1.32574481 0 1942.59510013 0 263.25891659 0 123.58375346 0 37267
0.18750000 0.18750100 7364.21430921 0 25.55758304 0 1949.08348248 0 268.23149766 0 18.10790145 0 38334
0.18850000 0.18850000 7353.76203458 0 140.86765251 0 1815.72840236 0 273.59493180 0 223.25017809 0 38223
0.18950000 0.18949500 7247.95489861 0 93.95631599 0 1573.28877813 0 430.71011375 0 357.18766249 0 39064
0.19050000 0.19050000 7184.11187371 0 14.14456279 0 1524.60376590 0 371.86070734 0 651.71371713 0 39609
0.19150000 0.19149800 7201.04145835 0 5.90502584 0 1330.98202180 0 88.51360400 0 613.55848580 0 39576
0.19250000 0.19250400 7162.44333404 0 126.40498183 0 1493.59018409 0 -9.03388767 0 387.44279005 0 40909
0.19350000 0.19350500 7064.47540404 0 199.45132312 0 1361.27590250 0 -191.99632682 0 788.97400621 0 40191
0.19450000 0.19450100 6867.47660087 0 104.26431823 0 1530.48317038 0 -153.58643202 0 462.57405011 0 41232
0.19550000 0.19549800 6846.69384718 0 126.92095216 0 1490.09132944 0 -19.27813546 0 675.30551962 0 40873
0.19650000 0.19649700 6803.84395013 0 23.24656740 0 1605.94106402 0 23.38220338 0 241.16630687 0 42816
0.19750000 0.19750200 6714.43492722 0 79.77997563 0 1503.45562550 0 50.13869775 0 194.77437312 0 41727
0.19850000 0.19849000 6685.53615945 0 196.27024420 0 1617.72201763 0 -132.15484011 0 61.94888230 0 42610
0.19950000 0.19949900 6560.70676944 0 128.47772103 0 1526.33104858 0 -160.30290426 0 -148.81758173 0 43863
0.20050000 0.20050100 6438.35758020 0 51.65704566 0 1490.31277594 0 -7.24984827 0 -99.91654844 0 43302
0.20150000 0.20150100 6446.44037731 0 84.28408665 0 1484.62160098 0 81.72516166 0 -345.87285375 0 44487
0.20250000 0.20249700 6392.89461449 0 -16.76516062 0 1328.56825499 0 32.66468689 0 -358.08673526 0 43759
0.20350000 0.20349100 6329.93737557 0 141.67925391 0 1360.68906929 0 148.83086851 0 -468.40916529 0 45282
0.20450000 0.20449700 6246.60705899 0 81.07045509 0 1291.48703917 0 138.45056400 0 -436.34260538 0 45483
0.20550000 0.20549900 6147.68690906 0 104.35810082 0 1325.86660773 0 41.53184750 0 -501.30836402 0 46138
0.20650000 0.20650200 6096.46633445 0 105.45082855 0 1335.73204915 0 -33.41627630 0 -314.09971046 0 46227
0.20750000 0.20749300 6077.27799554 0 112.46049595 0 1514.92655401 0 -72.96263452 0 -50.49987699 0 46236
0.20850000 0.20850300 6109.78634120 0 4.78503804 0 1486.48175155 0 64.63314600 0 48.46157271 0 48361
0.20950000 0.20950400 6111.79043199 0 -16.50385376 0 1459.14418158 0 -40.64871887 0 94.06017440 0 46812
0.21050000 0.21050300 6105.91102752 0 18.34806018 0 1486.63676410 0 13.04319864 0 54.32292930 0 48813
0.21150000 0.21149700 6158.48242576 0 11.23785607 0 1401.26913975 0 125.67199392 0 115.76890661 0 47215
0.21250000 0.21249000 6012.63776324 0 97.85654241 0 1383.24339494 0 270.11047118 0 197.35311757 0 50004
0.21350000 0.21350300 6018.61681865 0 116.84956551 0 1139.99549100 0 233.92279198 0 146.03067757 0 49509
0.21450000 0.21449800 5864.86651621 0 122.62046120 0 1129.65393962 0 210.60669038 0 201.20739384 0 49660
0.21550000 0.21550100 5733.34944202 0 92.56297464 0 1035.59232582 0 146.46471270 0 398.97129466 0 50841
0.21650000 0.21649800 5711.91342117 0 65.96990778 0 1116.63288564 0 156.82951596 0 624.42486538 0 50424
0.21750000 0.21750300 5737.87802287 0 28.67366741 0 1127.60555953 0 40.99074299 0 693.69997284 0 52231
0.21850000 0.21850300 5691.69535605 0 45.68662667 0 1311.86011684 0 -13.90683997 0 1001.95681749 0 51078
0.21950000 0.21950100 5715.76659021 0 102.13045979 0 1326.63059815 0 -147.64391529 0 794.95859777 0 52791
0.22050000 0.22050700 5701.45007422 0 80.27690157 0 1500.89791847 0 -119.46595586 0 983.03975054 0 52969
0.22150000 0.22150000 5623.29053332 0 55.21513724 0 1502.54769486 0 -90.61335968 0 887.85318854 0 52704
0.22250000 0.22250100 5693.59979592 0 5.70281197 0 1439.83404709 0 78.91334477 0 883.90701197 0 54051
0.22350000 0.22349900 5640.99518071 0 17.52162186 0 1284.29002804 0 20.25560030 0 582.90918347 0 53938
0.22450000 0.22449800 5620.83247721 0 84.90856576 0 1220.00411014 0 126.18796426 0 391.05568964 0 54735
0.22550000 0.22549100 5520.20718926 0 121.01386687 0 1103.34277416 0 8.94110159 0 464.26590134 0 54774
0.22650000 0.22649900 5428.71656928 0 106.16975460 0 1086.09098486 0 69.01501855 0 467.55991798 0 56911
0.22750000 0.22749800 5373.25529427 0 25.57031621 0 1007.65795754 0 206.42799499 0 513.53442509 0 54879
0.22850000 0.22849100 5365.21678645 0 19.70729877 0 1083.99610100 0 57.55715538 0 375.74709335 0 57210
0.22950000 0.22949800 5324.06095510 0 109.48956976 0 1062.78927728 0 -37.79228052 0 458.55590343 0 57375
0.23050000 0.23049600 5242.55757211 0 138.96099817 0 1173.32318871 0 -14.15242414 0 610.97531242 0 57604
0.23150000 0.23150100 5210.79107220 0 49.38865847 0 1198.65666789 0 -134.41248714 0 737.06805469 0 58629
0.23250000 0.23250200 5216.58189808 0 23.76010183 0 1252.91105950 0 -14.12773285 0 519.39500662 0 58560
0.23350000 0.23350400 5169.76810875 0 81.31072454 0 1214.76690050 0 69.31574289 0 595.94573871 0 59305
0.23450000 0.23449700 5197.90288611 0 -1.87122289 0 1234.40920473 0 -34.51487237 0 511.90679334 0 59196
0.23550000 0.23549300 5177.66267635 0 -40.24037153 0 1132.44416548 0 82.35395898 0 483.02795575 0 60063
0.23650000 0.23649900 5199.05440789 0 43.64466852 0 1038.52981360 0 125.75835806 0 317.69932325 0 61537
0.23750000 0.23750400 5137.84659630 0 105.71601073 0 944.60771109 0 135.97922110 0 239.07142302 0 61224
0.23850000 0.23850100 5121.04987955 0 66.25203062 0 959.54427727 0 57.24048689 0 248.98558266 0 61221
0.23950000 0.23949400 5023.82379531 0 54.65410254 0 759.82832559 0 32.79733335 0 160.69929349 0 62332
0.24050000 0.24050100 5004.65760105 0 82.15310701 0 901.36585374 0 -93.45053219 0 87.41921542 0 63447
0.24150000 0.24150500 4929.42115391 0 143.41428721 0 844.81727643 0 6.84201025 0 108.90937993 0 63342
0.24250000 0.24250300 4860.14161752 0 80.89374079 0 906.61081401 0 -33.31695755 0 44.80715191 0 63379
0.24350000 0.24349600 4811.26837577 0 -0.39102358 0 823.90386931 0 66.09568939 0 183.39534490 0 64266
0.24450000 0.24449500 4831.89611691 0 48.21322047 0 951.05069690 0 -81.87939914 0 23.40988419 0 64695
0.24550000 0.24549600 4821.46598693 0 83.71995170 0 942.18619365 0 44.45350185 0 142.38898994 0 65947
0.24650000 0.24650000 4765.07463663 0 68.82069925 0 956.54146278 0 -20.14952743 0 200.78775273 0 66018
0.24750000 0.24750000 4685.97394812 0 57.22000309 0 872.64977933 0 127.98389535 0 286.27938712 0 66303
0.24850000 0.24849600 4700.68906781 0 72.71007479 0 979.90406815 0 87.26054900 0 261.84498071 0 66958
0.24950000 0.24949200 4639.17123111 0 59.19918115 0 964.48474861 0 58.82050764 0 116.95585983 0 66975
0.25050000 0.25048900 4585.85798711 0 127.60190014 0 924.50811985 0 27.63010080 0 316.24441977 0 68676
0.25150000 0.25150000 4513.66642930 0 97.12122932 0 688.69528202 0 10.18239778 0 329.62421708 0 69349
0.25250000 0.25249900 4493.52587045 0 -66.28535831 0 780.46824628 0 53.35598318 0 401.53564508 0 68592
0.25350000 0.25349900 4575.41678481 0 -52.70149806 0 707.03326639 0 116.07339554 0 179.84445033 0 70437
0.25450000 0.25450100 4585.23793692 0 60.09504295 0 689.11713760 0 34.81648250 0 94.93333793 0 70099
0.25550000 0.25550100 4469.67608279 0 110.93472959 0 664.34281082 0 -63.21732783 0 45.91947766 0 71064
0.25650000 0.25650300 4426.32793113 0 148.98920276 0 687.03554053 0 -56.97010072 0 143.54604788 0 71409
0.25750000 0.25750600 4390.79684078 0 53.19798110 0 748.12819995 0 -136.69006435 0 45.62672539 0 72612
0.25850000 0.25850600 4331.90314507 0 27.49147529 0 849.08787211 0 -19.99506850 0 -32.72215226 0 71845
0.25950000 0.25949600 4381.13070122 0 18.43586372 0 726.96787999 0 38.41055914 0 -30.48299601 0 72816
0.26050000 0.26049800 4331.85885577 0 8.15104693 0 703.71267617 0 53.27947341 0 -54.62941125 0 73743
0.26150000 0.26149900 4340.21846101 0 21.41354403 0 592.72812112 0 173.30624253 0 0.47610886 0 74662
0.26250000 0.26250300 4410.41700036 0 -48.78610255 0 584.19800208 0 217.69851442 0 -113.87332460 0 74931
0.26350000 0.26350100 4363.27104128 0 51.38998118 0 434.25657939 0 127.65836900 0 98.55454176 0 75087
0.26450000 0.26450200 4331.53775835 0 84.56953118 0 494.91409644 0 49.80841030 0 -26.55575312 0 76678
0.26550000 0.26550600 4285.97514172 0 82.10549601 0 484.88146292 0 -54.90666227 0 180.82435108 0 76035
0.26650000 0.26650100 4251.05302925 0 79.49320242 0 489.29710606 0 -51.52694584 0 272.27843238 0 77094
0.26750000 0.26750600 4243.68993324 0 91.79256227 0 626.80873691 0 -126.36622869 0 247.29926759 0 78463
0.26850000 0.26850100 4142.84319879 0 87.29952359 0 645.72358940 0 -31.66374873 0 287.55602617 0 77076
0.26950000 0.26949700 4130.01037433 0 60.41724761 0 609.41079293 0 132.20023664 0 344.37144651 0 79149
0.27050000 0.27049900 4056.93303053 0 43.34649082 0 572.67503364 0 163.51498569 0 398.08107974 0 79648
0.27150000 0.27150200 4076.65284103 0 3.92788508 0 454.23216059 0 270.21676550 0 415.18671435 0 80241
0.27250000 0.27250500 4043.72374702 0 17.65393614 0 343.43583506 0 105.20380499 0 302.60774453 0 80835
0.27350000 0.27350000 4013.14198587 0 96.30165583 0 318.87077522 0 -66.62937544 0 246.49652404 0 80680
0.27450000 0.27450400 3985.90406681 0 89.61275369 0 272.86194390 0 -120.23326797 0 312.44107620 0 82617
0.27550000 0.27550800 3919.51440720 0 40.80483865 0 366.60467475 0 -149.41438003 0 346.83725325 0 82548
0.27650000 0.27649900 3921.88388471 0 41.49541955 0 419.76179897 0 -100.13212660 0 215.72653337 0 81181
0.27750000 0.27748900 3956.34095955 0 47.09369770 0 455.54976725 0 70.05028092 0 158.78821022 0 84096
0.27850000 0.27849800 3918.87221236 0 28.54190675 0 389.83441221 0 66.63225425 0 137.20271299 0 85215
0.27950000 0.27950200 3867.41911893 0 78.09764660 0 377.85083506 0 28.87429794 0 213.08246220 0 84514
0.28050000 0.28050300 3844.39975563 0 94.70823757 0 328.76168298 0 94.39721596 0 181.14101957 0 85815
0.28150000 0.28150100 3776.59283844 0 63.50531900 0 363.16007449 0 -17.92797618 0 206.41249373 0 85485
0.28250000 0.28250000 3726.92238931 0 95.76431591 0 349.64962375 0 -10.78059120 0 130.84830578 0 87220
0.28350000 0.28350400 3673.52056671 0 26.07122819 0 386.93014141 0 -11.00554763 0 147.13458835 0 87147
0.28450000 0.28449700 3652.26170305 0 56.61279680 0 389.10585324 0 -117.57701725 0 103.72664613 0 87102
0.28550000 0.28549800 3660.76524852 0 94.12018640 0 502.62818514 0 -70.30239776 0 88.36733859 0 88971
0.28650000 0.28649900 3574.61148910 0 72.74140947 0 484.20494388 0 -75.53008520 0 116.35463259 0 89434
0.28750000 0.28750100 3565.22215766 0 47.56482513 0 440.98080225 0 93.05513947 0 206.99711248 0 89619
0.28850000 0.28849900 3554.19412214 0 24.40905079 0 378.69233175 0 152.51684545 0 61.19784651 0 90240
0.28950000 0.28950100 3553.49656567 0 8.08980590 0 302.14713581 0 89.03887509 0 -30.32532611 0 91333
0.29050000 0.29050500 3540.54194563 0 11.23187702 0 207.70574127 0 95.24956353 0 25.45283885 0 92139
0.29150000 0.29150600 3542.08099878 0 3.82789092 0 219.25085436 0 46.47962657 0 5.34577378 0 92370
0.29250000 0.29250200 3519.05056316 0 37.98504969 0 132.49476048 0 44.82232099 0 -47.30141452 0 91819
0.29350000 0.29349600 3554.67023210 0 30.35001739 0 45.63370095 0 21.85001507 0 9.06400440 0 93552
0.29450000 0.29450000 3523.12517869 0 33.30643884 0 83.18028658 0 22.71421003 0 -14.56597547 0 94701
0.29550000 0.29550200 3541.57167184 0 97.92640878 0 71.99447044 0 -26.86444954 0 59.87326429 0 95020
0.29650000 0.29650300 3421.70268336 0 54.23822602 0 80.05999473 0 -41.02451358 0 102.82259081 0 95151
0.29750000 0.29749800 3416.31046117 0 72.43382028 0 179.10703350 0 4.72833666 0 145.49477705 0 95802
0.29850000 0.29850000 3391.40880265 0 40.96516592 0 171.69964820 0 44.48129339 0 112.79709462 0 97399
0.29950000 0.29950700 3380.12610366 0 25.80693179 0 148.87626505 0 17.23086261 0 131.10186202 0 97881
0.30050000 0.30050300 3332.86942134 0 54.82428417 0 167.01826926 0 66.06258314 0 101.82464218 0 97188
0.30150000 0.30149700 3348.02743401 0 39.99057989 0 129.17417026 0 96.31427828 0 206.93400023 0 98263
0.30250000 0.30249700 3329.29306042 0 16.13448100 0 62.73058843 0 53.31612281 0 176.75305724 0 100050
0.30350000 0.30350600 3319.70442713 0 51.54233637 0 25.29062929 0 45.35146739 0 205.15578487 0 100779
0.30450000 0.30450500 3304.91180117 0 34.26685230 0 24.42964531 0 -30.22235349 0 277.37502350 0 99982
0.30550000 0.30550300 3252.88294685 0 77.19314838 0 56.80877695 0 4.67066092 0 254.45309666 0 101559
0.30650000 0.30649700 3237.80244044 0 75.14808999 0 57.95232665 0 -74.58484083 0 321.42848225 0 100935
0.30750000 0.30749800 3183.10515584 0 92.04855442 0 135.60276205 0 12.27278628 0 295.05420453 0 103762
0.30850000 0.30850200 3150.94005224 0 70.71916006 0 157.26576556 0 -29.11080280 0 315.41399541 0 102951
0.30950000 0.30950100 3109.45205115 0 43.07676898 0 216.80719227 0 25.19330355 0 263.12604869 0 104394
0.31050000 0.31050000 3112.53015744 0 25.42925479 0 242.63006822 0 -82.13184815 0 293.92261294 0 103963
0.31150000 0.31149700 3116.33903718 0 28.27916048 0 156.72875781 0 -28.21438738 0 206.57968584 0 105936
0.31250000 0.31250000 3109.98352274 0 1.40167882 0 162.88939934 0 -66.29742715 0 110.10275510 0 105717
0.31350000 0.31349800 3141.45106987 0 26.54301995 0 128.57072856 0 -47.84694796 0 124.02886092 0 106776
0.31450000 0.31450400 3122.18522469 0 33.36279697 0 158.09065376 0 28.02649003 0 35.81852790 0 108733
0.31550000 0.31549900 3136.46852370 0 12.58225775 0 4.79316512 0 140.49008623 0 47.58553037 0 105891
0.31650000 0.31650000 3117.42412501 0 8.52814817 0 -63.41530100 0 121.60845072 0 -37.17001586 0 111072
0.31750000 0.31750600 3134.99590450 0 12.16892787 0 -25.96449098 0 81.67721849 0 -38.81259525 0 108121
0.31850000 0.31849900 3110.86930872 0 61.51960826 0 -113.54447655 0 -16.61147676 0 -42.06841236 0 110484
0.31950000 0.31950100 3096.57493738 0 103.87678686 0 -19.63510722 0 -81.36929714 0 30.63955868 0 110817
0.32050000 0.32049800 3032.02328369 0 95.39760051 0 6.17540094 0 -170.13402147 0 82.95806502 0 111088
0.32150000 0.32149900 2997.28940073 0 92.21729665 0 54.19670480 0 -60.83567076 0 97.44110878 0 112635
0.32250000 0.32250100 2981.01308325 0 8.08488979 0 44.10671664 0 56.37972436 0 143.04004263 0 113202
0.32350000 0.32350400 2956.98613839 0 -25.15122872 0 13.62859245 0 90.79970691 0 -4.82183137 0 113863
0.32450000 0.32450300 3034.02737448 0 -1.72234441 0 41.12859343 0 111.35769240 0 21.21590303 0 114045
0.32550000 0.32549900 2995.40710551 0 38.46093821 0 -37.79106256 0 20.87553977 0 37.25438698 0 114828
0.32650000 0.32650300 3006.18047756 0 60.33907699 0 -59.72932406 0 32.39950471 0 125.26674684 0 116431
0.32750000 0.32750400 2939.73545633 0 61.79099095 0 -44.68590995 0 -10.88242338 0 188.20073387 0 116442
0.32850000 0.32850400 2970.98155696 0 65.95484942 0 -28.23387467 0 -18.08354234 0 260.05458578 0 116955
0.32950000 0.32949800 2920.01564582 0 36.08836045 0 58.74809464 0 1.43306886 0 218.71273938 0 117028
0.33050000 0.33049700 2879.42450304 0 72.89143947 0 55.67120630 0 -25.87247996 0 306.31254441 0 119061
0.33150000 0.33150100 2875.18380263 0 62.39875085 0 96.41614367 0 4.59412901 0 327.69652533 0 120060
0.33250000 0.33250400 2829.72083693 0 53.47512139 0 57.86684831 0 20.69650027 0 336.78911847 0 119737
0.33350000 0.33350100 2798.64082116 0 52.56065808 0 71.62686925 0 77.17975087 0 386.28462488 0 120531
0.33450000 0.33450000 2783.17278339 0 69.12131287 0 2.01200750 0 59.52559329 0 296.94535761 0 121704
0.33550000 0.33550300 2747.12129378 0 78.31300332 0 -7.40181592 0 54.17168134 0 414.88776158 0 122761
0.33650000 0.33650300 2698.60236642 0 44.47586795 0 -96.32501844 0 11.53393004 0 346.94133310 0 122472
0.33750000 0.33749900 2675.25083338 0 14.99624601 0 -67.93590977 0 10.61617825 0 363.89749133 0 122985
0.33850000 0.33849800 2718.78721457 0 -7.84702303 0 -92.21962184 0 20.84475870 0 320.20720483 0 125380
0.33950000 0.33950300 2719.54013266 0 8.72432762 0 -93.83230595 0 -74.28710601 0 244.38060277 0 125223
0.34050000 0.34050000 2738.72847157 0 26.37505278 0 -139.33302829 0 1.53551001 0 229.30009637 0 125178
0.34150000 0.34149900 2713.33963076 0 52.72120679 0 -102.14939346 0 14.69242142 0 250.58553360 0 127059
0.34250000 0.34250300 2729.68238219 0 19.87581956 0 -168.61268404 0 33.95428057 0 218.86664469 0 127957
0.34350000 0.34349800 2708.01384252 0 25.67661053 0 -164.05088621 0 31.30821638 0 224.55006902 0 126732
0.34450000 0.34449700 2690.84066673 0 56.12151775 0 -202.28140934 0 -12.67692613 0 204.44937054 0 129639
0.34550000 0.34550000 2678.00784226 0 59.41044111 0 -167.20649878 0 -36.95432698 0 211.01968809 0 129826
0.34650000 0.34650400 2650.07236674 0 69.53530709 0 -183.68101088 0 -35.43808281 0 261.11199280 0 130875
0.34750000 0.34750200 2625.73539679 0 44.86528161 0 -115.28504601 0 12.43499583 0 252.81328535 0 130686
0.34850000 0.34850200 2585.23283261 0 34.72114978 0 -183.07535471 0 60.44293540 0 178.86787128 0 132211
0.34950000 0.34950400 2596.27194045 0 40.00807416 0 -165.92432357 0 20.84298713 0 179.45581173 0 132768
0.35050000 0.35050300 2585.19961563 0 47.73722122 0 -170.30010634 0 28.34404430 0 94.12118291 0 132957
0.35150000 0.35150100 2542.96976877 0 64.12437268 0 -218.65627052 0 -39.47494172 0 125.08183901 0 133987
0.35250000 0.35249800 2514.50282166 0 56.38459618 0 -203.74517069 0 -49.76168509 0 149.61478911 0 134778
0.35350000 0.35349800 2495.86809900 0 28.34913757 0 -216.46395020 0 -9.41960318 0 57.48573889 0 135699
0.35450000 0.35450100 2497.08605473 0 37.72927899 0 -161.18869024 0 25.93736378 0 70.55706123 0 137380
0.35550000 0.35550100 2479.61392616 0 26.10134491 0 -157.19268822 0 12.62787573 0 88.67060957 0 136161
0.35650000 0.35649900 2470.32424564 0 36.79200669 0 -181.23402710 0 82.94710342 0 141.09020623 0 138792
0.35750000 0.35750000 2482.23806714 0 1.99690485 0 -238.63295896 0 64.94760003 0 103.81323171 0 138097
0.35850000 0.35849800 2504.00625774 0 18.51215203 0 -207.44664887 0 -9.87570546 0 191.78484542 0 140028
0.35950000 0.35950300 2514.46960469 0 39.51070533 0 -204.48258752 0 -54.25638463 0 205.18568014 0 141099
0.36050000 0.36050500 2501.13852561 0 45.91405222 0 -206.62397514 0 -8.51489459 0 206.30398495 0 140821
0.36150000 0.36150200 2460.66917840 0 86.78255674 0 -189.09205602 0 -61.68901483 0 188.07340214 0 141756
0.36250000 0.36250400 2438.31415459 0 80.50233410 0 -187.38691800 0 -14.44584074 0 195.65240848 0 142971
0.36350000 0.36349900 2358.79271774 0 92.36345134 0 -235.07431376 0 15.59149419 0 181.02365293 0 142270
0.36450000 0.36450000 2357.06543507 0 19.53512412 0 -220.83198235 0 44.48505798 0 207.25620489 0 145311
0.36550000 0.36550300 2334.05714410 0 25.11313992 0 -234.38561516 0 19.30404471 0 165.78591951 0 145434
0.36650000 0.36650100 2336.71450205 0 45.13555706 0 -205.20339586 0 -40.52360160 0 118.95552169 0 144547
0.36750000 0.36749600 2333.90213155 0 15.26995388 0 -272.79550995 0 -2.37763781 0 229.34549290 0 146892
0.36850000 0.36849900 2334.84327916 0 29.21754001 0 -245.72478300 0 15.27870102 0 260.37679044 0 148113
0.36950000 0.36949900 2353.37835090 0 5.17667724 0 -296.27216026 0 57.02922693 0 183.96667686 0 147387
0.37050000 0.37049800 2347.82004385 0 33.47994217 0 -283.27989432 0 29.48549027 0 120.68612606 0 149758
0.37150000 0.37150100 2358.07301663 0 31.01823219 0 -336.44698364 0 -24.38247721 0 184.11393878 0 150099
0.37250000 0.37250000 2340.20228437 0 20.01455579 0 -344.09463839 0 -2.91420268 0 147.10137138 0 150468
0.37350000 0.37349800 2344.39869548 0 23.59888878 0 -360.91128532 0 -17.40126568 0 90.17301332 0 150709
0.37450000 0.37449700 2350.36667855 0 61.89717454 0 -327.93458032 0 -26.15582075 0 81.76934023 0 153108
0.37550000 0.37550100 2291.81622491 0 89.68129138 0 -323.17569511 0 -39.32258653 0 42.69875981 0 153189
0.37650000 0.37649900 2254.22568215 0 64.08174423 0 -367.97764302 0 3.94594405 0 88.21454051 0 153547
0.37750000 0.37749900 2230.79664284 0 36.36849027 0 -359.67339941 0 -15.63799796 0 7.52613599 0 155424
0.37850000 0.37850200 2241.59215953 0 13.37990803 0 -345.69237486 0 38.83130748 0 79.70435165 0 155313
0.37950000 0.37949900 2243.59625033 0 4.34993996 0 -370.97713582 0 20.26789058 0 0.18860044 0 156100
0.38050000 0.38050000 2265.75197229 0 37.56363701 0 -313.17406410 0 -50.70006462 0 -4.98455026 0 157557
0.38150000 0.38149800 2209.93638288 0 92.02928858 0 -292.79212857 0 -81.10821172 0 -14.07403208 0 157692
0.38250000 0.38250100 2178.49098039 0 94.72706052 0 -260.66024195 0 -76.19165660 0 30.95246258 0 159703
0.38350000 0.38350500 2153.29036911 0 32.86487453 0 -240.03028635 0 -5.12070664 0 130.10646001 0 160338
0.38450000 0.38450600 2154.95121783 0 10.57971709 0 -194.73229828 0 52.93545628 0 32.49361948 0 160167
0.38550000 0.38550000 2163.75371606 0 43.85017087 0 -221.75541424 0 28.36187075 0 73.97962755 0 160033
0.38650000 0.38649600 2151.46343551 0 38.74239671 0 -249.07526849 0 24.47172014 0 61.04172673 0 162444
0.38750000 0.38750200 2111.12695620 0 35.04711903 0 -271.89643718 0 30.20264475 0 154.51540008 0 164307
0.38850000 0.38850400 2139.05135939 0 27.62987935 0 -335.77046459 0 66.18360365 0 125.50923075 0 163882
0.38950000 0.38950500 2132.59619402 0 12.92217813 0 -330.61408292 0 56.73282080 0 110.41787347 0 164595
0.39050000 0.39050100 2129.11948403 0 25.43014058 0 -350.19770383 0 -17.06765654 0 106.94769615 0 165006
0.39150000 0.39150100 2127.77973272 0 54.11731623 0 -353.23041360 0 -24.17354244 0 111.58356782 0 166687
0.39250000 0.39250100 2093.97592505 0 66.27262514 0 -359.15632184 0 -32.15469561 0 166.72928158 0 167256
0.39350000 0.39350100 2052.58757488 0 70.39319082 0 -368.68627181 0 11.53669812 0 164.50042260 0 167937
0.39450000 0.39449600 2058.37840076 0 27.50365485 0 -352.44538577 0 51.49992937 0 129.55284377 0 167719
0.39550000 0.39549700 2018.69518861 0 35.88274738 0 -391.85511149 0 47.26487585 0 87.82158370 0 171636
0.39650000 0.39650400 2033.96392454 0 24.77809137 0 -438.87263160 0 51.02359795 0 107.25307087 0 171093
0.39750000 0.39750000 1997.64669913 0 47.46229540 0 -440.84461265 0 -29.29792509 0 120.81124333 0 170464
0.39850000 0.39849800 2014.84201957 0 57.84647523 0 -445.08420583 0 -73.23811396 0 115.50759974 0 172113
0.39950000 0.39949500 1972.15820740 0 49.41390337 0 -412.67994001 0 -30.82944906 0 121.28292437 0 173232
