### header ###
fiducial parameters:
Omega_m = 0.31
Omega_nu = 0
Omega_de = 0.69
Omega_k = 0
H_0 = 100
w_de = -1
zeff = 0
beta = 0
fgrowth = 0
b_1 = 2
gamma = 0.55
Lx = 3500 Ly = 3500 Lz = 3500
nx = 700 ny = 700 nz = 700
xoffset = -685.467585 yoffset = -31.7331281 zoffset = 572.489161
bins = 400 dk = 0.001
kx_ny = 0.628318531 ky_ny = 0.628318531 kz_ny = 0.628318531
############################
A(data) = 8.06007277 (not used)
A(ran) = 8.05580115 (used)
Ngal = 478708
weighted Ngal = 0
Nran = 23820508
weighted Nran = 0
SN(data) = 3491.53823
SN(ran) = 70.1689496
SN(data+ran) = 3561.70718
############################
13 columns: k_central k_mean P_0(k) sigma^{lin}_{P_0(k)} P^img_1(k) sigma^{lin}_{P_1(k)} P_2(k) sigma^{lin}_{P_2(k)} P^img_3(k) sigma^{lin}_{P_3(k)} P_4(k) sigma^{lin}_{P_4(k)} N_modes
### header ###
0.00050000 0 0 0 0 0 0 0 0 0 0 0 0
0.00150000 0.00179520 13721.37853151 0 -1909.86530797 0 5776.28791767 0 -22402.74552882 0 -66070.99810432 0 3
0.00250000 0.00253879 30346.36352346 0 -456.66364312 0 21570.88176519 0 -4996.90697368 0 27990.83714154 0 6
0.00350000 0.00331552 38683.38121890 0 -11361.09104992 0 28186.70656758 0 -43623.96327623 0 -17774.95664761 0 7
0.00450000 0.00420575 52390.69789789 0 -16653.33014348 0 46589.35330916 0 9532.12014707 0 62175.97567962 0 24
0.00550000 0.00557378 75611.90967730 0 -3381.29977009 0 71576.71162039 0 23842.81209473 0 3512.58432547 0 45
0.00650000 0.00659388 94671.47745038 0 10428.75701089 0 115357.01612307 0 63151.55821939 0 58900.44982852 0 40
0.00750000 0.00754703 92474.39603661 0 7566.80463641 0 82984.30643455 0 45642.89098366 0 26073.22120620 0 57
0.00850000 0.00846663 90508.28331856 0 3578.45358581 0 73395.56241835 0 74319.10503148 0 44811.91300603 0 75
0.00950000 0.00948925 80840.81507291 0 10148.19537231 0 50567.30744676 0 68599.91709290 0 12479.39585660 0 112
0.01050000 0.01054430 89756.36174013 0 -3732.76857681 0 49348.13376098 0 60646.99834541 0 14549.47770469 0 105
0.01150000 0.01145670 77377.50259288 0 12235.25109435 0 26100.45912525 0 31206.90460836 0 13055.04602392 0 144
0.01250000 0.01249090 69523.79187577 0 12155.64107890 0 26877.29343453 0 -6868.56168870 0 20624.30871644 0 169
0.01350000 0.01339930 57698.32752296 0 4862.36715481 0 30581.98259560 0 -14151.20618097 0 16952.50436008 0 180
0.01450000 0.01448870 58783.74752493 0 226.12123191 0 35085.42926909 0 -10490.13090736 0 -36.65736722 0 267
0.01550000 0.01550050 63504.54393461 0 1458.41340814 0 44298.37858094 0 -6581.67775265 0 11171.08995603 0 238
0.01650000 0.01653350 65702.62185761 0 -2691.64894644 0 36863.42318846 0 4112.66004134 0 -8995.27847824 0 315
0.01750000 0.01747870 68075.97468248 0 -6488.40448838 0 45702.79226093 0 7419.49842703 0 11483.55096241 0 297
0.01850000 0.01844180 79865.01108664 0 -5317.66115135 0 36016.61178633 0 23534.22640203 0 -9133.10677758 0 388
0.01950000 0.01947590 75391.34896691 0 1236.47972947 0 25633.42846440 0 19237.94292590 0 5927.29228354 0 399
0.02050000 0.02045430 77017.98420602 0 5157.43353890 0 18560.98098649 0 15794.00701431 0 5227.25561921 0 462
0.02150000 0.02154770 68885.47234997 0 2604.77548591 0 15474.45972004 0 2715.28835993 0 -3551.75821068 0 571
0.02250000 0.02255340 65747.68621962 0 -631.01289865 0 10226.99710804 0 4068.29323579 0 9221.16497687 0 510
0.02350000 0.02348930 69925.05292720 0 -6063.42651719 0 5348.99583059 0 3258.57412180 0 1842.12482473 0 555
0.02450000 0.02439640 71933.35120280 0 -9373.66410659 0 5853.91598697 0 3859.65741923 0 -849.39678998 0 592
0.02550000 0.02547300 83230.11204552 0 -8586.25572712 0 10350.26530025 0 -1822.02855518 0 -19870.06194980 0 837
0.02650000 0.02652900 84027.09798597 0 8915.22556980 0 13175.95581094 0 -9960.87378103 0 -14953.50683733 0 723
0.02750000 0.02749970 76665.88427679 0 13350.56637333 0 18856.50133590 0 -14177.00469779 0 -1354.62143529 0 826
0.02850000 0.02848090 71271.33690190 0 7393.12414931 0 20819.73524949 0 -9445.73386884 0 7831.13424681 0 831
0.02950000 0.02946900 65885.53666361 0 4657.57343496 0 25934.70642272 0 349.20894522 0 5204.35805148 0 996
0.03050000 0.03053250 61342.22962078 0 4607.88084118 0 32107.41678586 0 5577.73898902 0 1533.04087742 0 1041
0.03150000 0.03150510 58301.21560933 0 3962.20929170 0 24855.26547615 0 10283.38845834 0 3003.42346868 0 1036
0.03250000 0.03246190 53497.81965651 0 -790.07680976 0 17711.73367290 0 9177.88325915 0 3005.71543992 0 1059
0.03350000 0.03345080 55248.68638008 0 -1861.57889943 0 17761.55913458 0 7015.41393277 0 -4610.77071796 0 1302
0.03450000 0.03451200 56814.75600243 0 -261.17289059 0 13517.42630835 0 906.76029040 0 -5142.47482807 0 1339
0.03550000 0.03553350 54238.55818688 0 3249.40623685 0 16365.33897495 0 -1032.89178580 0 4482.49783493 0 1365
0.03650000 0.03647120 53208.05691600 0 4459.47847163 0 11523.63277825 0 -3304.71249932 0 8640.14473201 0 1308
0.03750000 0.03744890 50319.06592432 0 1497.31048523 0 15512.54851742 0 1682.03008018 0 11456.53448985 0 1579
0.03850000 0.03847530 51156.02295737 0 -980.30488631 0 19714.27433960 0 5640.24226262 0 7468.73705549 0 1662
0.03950000 0.03950240 50382.73179203 0 1973.79691147 0 15595.92312330 0 6217.81901446 0 7040.13843409 0 1683
0.04050000 0.04050350 48243.89080681 0 1975.41347089 0 13887.35268054 0 4623.30458965 0 8642.28169070 0 1822
0.04150000 0.04152450 46237.80699617 0 360.85592370 0 11557.29264570 0 1486.94678920 0 2869.83586974 0 1887
0.04250000 0.04250150 46147.89971864 0 2183.96070885 0 12728.63388827 0 518.30216816 0 4424.78887798 0 1920
0.04350000 0.04349210 43538.26348214 0 1130.08576029 0 10186.19559109 0 1513.16605437 0 1031.64614926 0 2005
0.04450000 0.04448520 43058.27820125 0 201.11992247 0 11911.16414691 0 -4039.64913148 0 2897.25094600 0 2151
0.04550000 0.04548030 42991.84425234 0 -536.88595813 0 12247.76282139 0 110.02093062 0 -1136.71808286 0 2274
0.04650000 0.04648670 44637.08099714 0 1304.72953965 0 16011.68892024 0 -1845.15864173 0 142.47535407 0 2311
0.04750000 0.04749250 42495.25048422 0 2755.34803112 0 16901.46094267 0 411.21396421 0 3784.95244368 0 2568
0.04850000 0.04851840 40627.01711757 0 2061.19077126 0 18737.91673709 0 694.47060665 0 1325.74481216 0 2493
0.04950000 0.04949480 38779.26755183 0 871.40857171 0 17625.25881607 0 1679.43915617 0 1989.16529832 0 2644
0.05050000 0.05050630 38115.59240220 0 2003.13857224 0 19622.59549010 0 657.32184965 0 -462.13780051 0 2829
0.05150000 0.05149060 36200.41237832 0 1442.39175413 0 16064.50390963 0 1270.00672902 0 1131.08226952 0 2784
0.05250000 0.05249300 35372.53465163 0 953.92064350 0 16932.35272891 0 -98.59163405 0 232.00838702 0 3055
0.05350000 0.05348950 35165.15000778 0 -170.46729844 0 15065.89093424 0 634.90039189 0 1352.03051128 0 3009
0.05450000 0.05448610 36107.07268010 0 -737.14334650 0 16973.20960750 0 3906.95839086 0 -464.85494902 0 3336
0.05550000 0.05550870 35369.21295419 0 -255.34220434 0 12663.41789509 0 2387.31502647 0 267.62805596 0 3349
0.05650000 0.05647670 36874.60623653 0 427.50356848 0 13760.90673111 0 2968.40170528 0 741.19028122 0 3324
0.05750000 0.05747970 35258.37898275 0 384.19527718 0 11078.63604379 0 2972.66455034 0 3244.40154603 0 3639
0.05850000 0.05849280 35117.31756456 0 1299.83557208 0 12102.27247328 0 1936.75998495 0 2796.29348830 0 3846
0.05950000 0.05951020 34342.25482726 0 545.16362817 0 11128.35078223 0 1434.01000424 0 3991.97170082 0 3787
0.06050000 0.06049470 33287.72661153 0 -105.65101619 0 10825.37875822 0 1204.35891517 0 2362.09227054 0 3930
0.06150000 0.06148310 33575.71778006 0 -22.45910366 0 8375.39437327 0 1151.71001066 0 4435.66190095 0 4083
0.06250000 0.06249100 34319.00294514 0 -70.57178742 0 10054.54564899 0 1508.16136355 0 1593.71721742 0 4303
0.06350000 0.06350600 33176.33902385 0 403.70803521 0 8010.91558489 0 -586.80221288 0 3176.56141187 0 4470
0.06450000 0.06451750 33560.65941831 0 1080.84381012 0 9708.48013678 0 139.82685397 0 2710.60476653 0 4479
0.06550000 0.06550280 32463.94564502 0 871.53147452 0 7869.62164788 0 390.70137525 0 2871.04275315 0 4636
0.06650000 0.06648880 31642.15769698 0 901.93054231 0 10921.97371993 0 1448.08292908 0 4557.11423188 0 4653
0.06750000 0.06749660 30514.88430720 0 868.34707390 0 8122.67963161 0 1309.37991608 0 4634.59836096 0 5220
0.06850000 0.06852730 30128.23872453 0 967.03138331 0 10002.94861534 0 1110.55417931 0 4386.47863410 0 5029
0.06950000 0.06949320 30003.78579357 0 1260.06378134 0 8808.64337110 0 -466.42168299 0 4434.57681312 0 5040
0.07050000 0.07048030 28715.63152417 0 992.94948125 0 10507.32622780 0 -1260.50667433 0 5653.65084797 0 5475
0.07150000 0.07148790 28359.87772774 0 -376.24866966 0 10535.41671587 0 -1178.62683230 0 4897.87610050 0 5509
0.07250000 0.07249820 28647.09383354 0 -247.15089844 0 12429.01677868 0 716.08157023 0 2884.69492965 0 5916
0.07350000 0.07351270 28328.76449500 0 -108.67675039 0 11201.31740278 0 138.60668378 0 2853.01700835 0 5721
0.07450000 0.07449140 29133.16889308 0 542.58045479 0 11626.49467582 0 993.55292295 0 1619.95862724 0 6028
0.07550000 0.07549160 27826.63456448 0 997.82241140 0 11142.41263475 0 -619.05810954 0 3229.73071565 0 6183
0.07650000 0.07648840 28294.88318106 0 582.52054487 0 12325.93343461 0 986.02042038 0 3469.23617380 0 6330
0.07750000 0.07749960 26617.53669428 0 650.27542213 0 10934.41901303 0 571.53126249 0 4119.44737645 0 6583
0.07850000 0.07848650 26846.95526452 0 670.63742748 0 11526.84375245 0 1689.35995920 0 3058.22040421 0 6549
0.07950000 0.07947320 26157.70304456 0 -201.05570299 0 10660.25717820 0 2195.71951781 0 2392.29757264 0 6828
0.08050000 0.08048110 25760.31730682 0 160.61514382 0 9275.56330870 0 1210.08330711 0 1823.80012715 0 7147
0.08150000 0.08149960 25803.27792712 0 752.45637172 0 8736.79505535 0 372.69998956 0 189.27253491 0 7386
0.08250000 0.08250610 24836.33180071 0 540.77788031 0 8520.09858632 0 415.09481406 0 475.20646550 0 7227
0.08350000 0.08350160 24020.63363132 0 878.09182698 0 7702.54026637 0 -408.21336418 0 -351.20749985 0 7798
0.08450000 0.08449610 23198.95640652 0 964.70398064 0 7163.73879604 0 149.99235539 0 -746.42527639 0 7371
0.08550000 0.08548940 22797.80607834 0 492.00982564 0 7594.64046101 0 533.83331818 0 -265.21096745 0 8256
0.08650000 0.08650700 21648.49876217 0 919.62079567 0 7090.62823526 0 20.39090411 0 -653.55504475 0 8037
0.08750000 0.08749060 21585.49723395 0 310.30301028 0 7018.48096674 0 778.45861933 0 -90.98251099 0 8155
0.08850000 0.08849210 20929.90488144 0 413.34427950 0 7110.34804576 0 1291.97422146 0 6.01149731 0 8718
0.08950000 0.08949900 21034.75979747 0 386.49832075 0 7100.56011062 0 -360.96996865 0 277.46138763 0 8571
0.09050000 0.09049190 20466.97098077 0 690.53771687 0 6953.29819054 0 -131.41520881 0 850.67896519 0 8932
0.09150000 0.09150830 20509.59943132 0 526.63962874 0 7720.27813072 0 -591.86226532 0 960.17872148 0 9285
0.09250000 0.09250820 19495.81737093 0 430.09781419 0 7691.80011129 0 -457.57710992 0 1671.38957602 0 9204
0.09350000 0.09350330 19709.07034694 0 571.25445437 0 8558.79636157 0 515.29824643 0 792.86371392 0 9349
0.09450000 0.09448040 19049.82412723 0 75.18219275 0 7282.34553950 0 1193.19801176 0 1582.08020404 0 9564
0.09550000 0.09549270 18945.74427394 0 -211.85343415 0 7225.63309178 0 1547.57883990 0 -130.71654511 0 10155
0.09650000 0.09649430 19162.87256363 0 102.29266935 0 6425.30330923 0 748.96305324 0 202.33677097 0 9913
0.09750000 0.09749140 18422.02331002 0 643.30317920 0 6314.94544777 0 164.24465189 0 -212.13910013 0 10476
0.09850000 0.09850240 18102.69746225 0 683.81127954 0 5613.21471774 0 -753.67432745 0 509.85066262 0 10575
0.09950000 0.09950330 17857.22402102 0 384.97587608 0 6511.63422585 0 -468.64943474 0 568.52844800 0 10882
0.10050000 0.10051200 17713.39452162 0 47.73622471 0 6713.75951541 0 -166.50340616 0 735.33302139 0 10875
0.10150000 0.10150300 17605.77152438 0 215.77746607 0 7173.50458653 0 513.35948236 0 767.90558654 0 11118
0.10250000 0.10250800 17503.35251981 0 210.99090005 0 6823.96236433 0 767.70960639 0 1018.13791298 0 11575
0.10350000 0.10349800 17158.00670872 0 461.15236360 0 7460.33316096 0 819.91340345 0 1015.10409598 0 11364
0.10450000 0.10450100 16739.69427707 0 613.85965304 0 6586.19526117 0 756.81111707 0 856.81635484 0 12093
0.10550000 0.10551000 16274.32446494 0 151.14276994 0 6582.66318956 0 263.99965512 0 1176.72239243 0 12067
0.10650000 0.10649700 16129.38773307 0 -93.86818028 0 6314.80150754 0 598.22995932 0 1277.49162060 0 12054
0.10750000 0.10749900 16242.65761596 0 -153.91085114 0 5765.41489469 0 309.78703994 0 411.85948074 0 12807
0.10850000 0.10850100 16287.50053148 0 95.83373939 0 5730.50385454 0 -37.48757014 0 481.22095234 0 12736
0.10950000 0.10950300 15973.26795312 0 731.43445582 0 5997.22508710 0 -409.43242714 0 738.77319271 0 12933
0.11050000 0.11050200 15383.22376354 0 782.21878084 0 6252.22072767 0 252.83432277 0 1734.24716402 0 13428
0.11150000 0.11150900 14743.02194252 0 429.63499101 0 6167.27385166 0 386.84377728 0 1635.57060524 0 13453
0.11250000 0.11250000 14611.59344693 0 49.98058495 0 6264.44457427 0 571.43714773 0 2053.93839851 0 13668
0.11350000 0.11349100 14676.80944011 0 41.88926215 0 6069.97026115 0 455.90075994 0 876.16302799 0 13791
0.11450000 0.11448600 14610.92910744 0 19.28909707 0 5967.93878795 0 307.55264479 0 1636.79963329 0 14205
0.11550000 0.11549300 14575.49766802 0 -85.48543389 0 5382.66677036 0 400.97759991 0 1083.38047974 0 14776
0.11650000 0.11649800 14612.58995616 0 -147.08808459 0 5108.02882556 0 590.38410996 0 1262.40004187 0 14553
0.11750000 0.11747300 14763.72718993 0 -48.67859028 0 4514.99510827 0 581.35573630 0 -95.67939118 0 14568
0.11850000 0.11849100 14504.85623567 0 104.18913714 0 4057.05482610 0 579.57087754 0 -111.09195660 0 16015
0.11950000 0.11950300 14519.80387418 0 347.19710380 0 4012.53300800 0 7.64281615 0 58.39090144 0 15270
0.12050000 0.12050700 13971.94524215 0 388.04955345 0 3604.36282589 0 53.28943850 0 671.90520867 0 15999
0.12150000 0.12150000 13825.79055455 0 220.60389245 0 3722.27201288 0 100.83289404 0 804.74764014 0 15670
0.12250000 0.12250700 13960.43002434 0 -15.91901356 0 3492.32197105 0 286.97030018 0 766.26134631 0 16887
0.12350000 0.12352200 13752.93465724 0 74.51818543 0 3933.39910252 0 381.61321104 0 9.79278482 0 16407
0.12450000 0.12449800 13742.63739516 0 281.93128516 0 3786.36970126 0 -441.86215931 0 593.43785714 0 16306
0.12550000 0.12549900 13488.63826382 0 438.50392319 0 4098.48746557 0 212.37936958 0 863.22944537 0 17523
0.12650000 0.12650100 13238.95733916 0 178.08948685 0 3791.11972861 0 -118.05312722 0 1286.23875721 0 17154
0.12750000 0.12750600 13111.07198750 0 135.55182936 0 3835.54189578 0 682.17921887 0 1361.82951874 0 18007
0.12850000 0.12850300 12905.01602263 0 49.43970189 0 3470.21053839 0 542.36675892 0 1294.76444732 0 17496
0.12950000 0.12949900 13075.19765509 0 173.47343463 0 3585.69488624 0 577.16929029 0 877.05877907 0 18405
0.13050000 0.13049000 12771.15161557 0 183.62897095 0 3510.94562139 0 -74.39306816 0 874.66826414 0 18100
0.13150000 0.13148800 12429.57039492 0 521.69583571 0 3586.13777924 0 -409.51768405 0 1210.02794548 0 19059
0.13250000 0.13249300 12133.60715251 0 372.29142077 0 3594.97349444 0 -226.50876328 0 1533.88237410 0 18957
0.13350000 0.13349100 11973.94422863 0 -107.00759742 0 3637.43586012 0 453.06735202 0 1505.52615024 0 19468
0.13450000 0.13450700 11942.38810290 0 -82.77891481 0 3442.54079866 0 596.07860661 0 1159.64886756 0 19953
0.13550000 0.13551000 11982.58064199 0 68.33861023 0 3172.17677124 0 278.75795687 0 642.23912878 0 19956
0.13650000 0.13649900 11741.31468419 0 286.19413021 0 3135.47201447 0 -34.20462583 0 1141.05843419 0 19723
0.13750000 0.13749600 11735.66779853 0 229.42299917 0 3120.69046084 0 -174.52973442 0 1165.42862111 0 20946
0.13850000 0.13851100 11315.36234842 0 288.68208160 0 2971.43552228 0 105.85939734 0 1473.42748059 0 20955
0.13950000 0.13949800 11286.68502714 0 96.85715437 0 3072.35976300 0 485.42511407 0 1003.45158134 0 20506
0.14050000 0.14048300 11287.34936662 0 -69.83625288 0 2628.31524848 0 125.87129577 0 1179.91122197 0 21447
0.14150000 0.14148400 11303.62568411 0 137.72643395 0 2838.23545471 0 386.83381219 0 802.02938440 0 21771
0.14250000 0.14249400 11241.73138837 0 97.95364670 0 2726.42711869 0 34.73410440 0 1168.92747575 0 22470
0.14350000 0.14350900 10907.80114417 0 195.41213903 0 2802.74865367 0 282.45168443 0 1276.07436302 0 22519
0.14450000 0.14449900 10929.60255173 0 211.15477045 0 2543.37944479 0 97.69322562 0 1189.78773571 0 22218
0.14550000 0.14550500 10739.88933829 0 139.65412571 0 2678.34001201 0 191.90996269 0 1235.35035234 0 23559
0.14650000 0.14650700 10721.97431673 0 76.09964559 0 2634.94757104 0 -80.60508528 0 1249.10217977 0 23044
0.14750000 0.14750500 10523.40324344 0 146.74816422 0 2778.64420254 0 -108.06943337 0 1062.03968088 0 23649
0.14850000 0.14849900 10521.60952682 0 225.75473796 0 2625.22606985 0 -254.68561548 0 999.88407828 0 23640
0.14950000 0.14949500 10312.94049328 0 239.36483963 0 2916.08497051 0 -249.72189226 0 1030.04619832 0 24457
0.15050000 0.15050000 10213.74353523 0 189.88040555 0 2787.57956867 0 52.24210730 0 720.51382185 0 24591
0.15150000 0.15149900 10050.40459951 0 93.62458914 0 2935.19580315 0 -11.82922894 0 423.26729700 0 25020
0.15250000 0.15250500 9933.81301917 0 172.24219211 0 3053.57002779 0 66.78571667 0 195.75316663 0 25297
0.15350000 0.15350100 9890.86347120 0 159.05283879 0 3110.30462016 0 -135.82310132 0 68.94205193 0 25452
0.15450000 0.15450400 9671.56500584 0 209.71868993 0 3017.04242821 0 -168.40120263 0 81.45865080 0 26061
0.15550000 0.15549900 9527.54727692 0 197.68418008 0 3208.70437082 0 -183.00227737 0 134.24308057 0 26128
0.15650000 0.15649500 9397.31459241 0 167.57742167 0 3237.27096885 0 162.21620199 0 -252.89854225 0 26331
0.15750000 0.15749700 9286.38097005 0 120.45914340 0 3139.86772742 0 125.25235281 0 55.82699391 0 27345
0.15850000 0.15849900 9266.04110936 0 54.35780713 0 3168.72220590 0 196.79728686 0 -196.66220450 0 26980
0.15950000 0.15949700 9196.28546300 0 4.31376668 0 2807.15543895 0 192.12255132 0 -7.30909628 0 27777
0.16050000 0.16050000 9225.77106399 0 89.28313058 0 2796.88032151 0 338.38131878 0 104.37493075 0 28224
0.16150000 0.16150500 9128.13530374 0 -129.03465897 0 2397.28011881 0 480.21890694 0 363.14789494 0 28075
0.16250000 0.16249700 9260.63781484 0 -66.71872911 0 2373.65177765 0 481.18552090 0 -108.02957300 0 28590
0.16350000 0.16349900 9230.31071717 0 43.20542940 0 2236.62068569 0 160.11135304 0 -62.75804780 0 29163
0.16450000 0.16449100 9147.76653564 0 284.37605448 0 2366.97516578 0 -57.90526927 0 54.25693825 0 28996
0.16550000 0.16550500 8862.23342322 0 320.02451147 0 2236.43245617 0 -270.13704476 0 181.08012178 0 30777
0.16650000 0.16650700 8661.80219935 0 271.88868655 0 2461.80962785 0 -58.64025020 0 117.35889245 0 29211
0.16750000 0.16749900 8499.49298984 0 253.58502639 0 2336.08337954 0 -224.50688695 0 -117.16623400 0 30922
0.16850000 0.16850800 8427.65574641 0 48.18476459 0 2642.48782424 0 -237.33749695 0 -237.78592611 0 30867
0.16950000 0.16949900 8349.58478412 0 80.50820244 0 2611.50745940 0 -138.75616016 0 -444.61031033 0 30852
0.17050000 0.17049200 8264.53825719 0 128.37585564 0 2414.44222228 0 93.03144470 0 -418.38550899 0 31257
0.17150000 0.17149500 8328.83524741 0 22.54657503 0 2344.62014197 0 169.42317821 0 -531.80818997 0 32608
0.17250000 0.17250900 8188.62639823 0 14.87821503 0 2054.77989519 0 304.70373561 0 -562.94356736 0 32361
0.17350000 0.17350400 8205.65563380 0 43.82260078 0 1926.24127638 0 586.11129981 0 -276.31872371 0 32508
0.17450000 0.17449800 8071.21546585 0 -23.77759610 0 1715.94461109 0 472.06967588 0 -339.99234204 0 32791
0.17550000 0.17549800 8167.53361945 0 9.97793623 0 1596.83961302 0 336.73486408 0 -38.28499897 0 33633
0.17650000 0.17650100 8151.04692779 0 41.97651207 0 1463.44024361 0 153.76026752 0 -41.49608389 0 33984
0.17750000 0.17750300 8033.94602051 0 140.38822084 0 1564.01016993 0 157.47171080 0 179.06828036 0 34069
0.17850000 0.17849800 7998.51458109 0 106.04596601 0 1462.41051740 0 -70.89022748 0 359.21611239 0 34536
0.17950000 0.17950400 7834.10162986 0 127.14018420 0 1522.33393932 0 -6.67135251 0 399.76518034 0 35343
0.18050000 0.18050100 7844.22173474 0 107.16593167 0 1695.99228177 0 71.72297703 0 280.61257127 0 34990
0.18150000 0.18150500 7767.43516213 0 2.79639314 0 1559.30443189 0 -72.44345321 0 202.67669134 0 36243
0.18250000 0.18250200 7716.26994914 0 192.09265605 0 1662.56493314 0 -148.36250917 0 287.05002092 0 35694
0.18350000 0.18350400 7611.03857406 0 99.03696296 0 1842.02517380 0 -182.78636704 0 140.85215125 0 37087
0.18450000 0.18450600 7476.38803194 0 122.25950342 0 1921.08157301 0 -283.03851764 0 272.15442234 0 36651
0.18550000 0.18550700 7462.20438385 0 158.36856911 0 1904.97134040 0 15.83597113 0 91.57244446 0 37818
0.18650000 0.18651000 7382.68294700 0 35.14665923 0 2035.62477326 0 -44.62279770 0 61.55836140 0 37267
0.18750000 0.18750100 7421.98970011 0 43.00413453 0 2074.37791012 0 3.42166947 0 -53.51276730 0 38334
0.18850000 0.18850000 7325.18436422 0 124.74634757 0 2036.39983600 0 153.94517535 0 21.34223826 0 38223
0.18950000 0.18949500 7257.72068910 0 175.98574513 0 2094.45203502 0 -38.13961935 0 111.86923381 0 39064
0.19050000 0.19050000 7120.49029530 0 121.65384725 0 2102.71198933 0 39.10412956 0 74.06466301 0 39609
0.19150000 0.19149800 7107.33637341 0 113.67402275 0 2239.76522594 0 162.53951387 0 121.73135352 0 39576
0.19250000 0.19250400 7084.08449129 0 -16.40043824 0 2080.20195298 0 70.22909897 0 92.56939658 0 40909
0.19350000 0.19350500 7019.88715200 0 36.84725759 0 2220.44401913 0 0.50573508 0 386.57804149 0 40191
0.19450000 0.19450100 7058.23061284 0 119.71508317 0 2177.72698998 0 -15.38289159 0 312.00593383 0 41232
0.19550000 0.19549800 6910.07183444 0 163.65338975 0 2056.05321255 0 155.63591935 0 545.30203223 0 40873
0.19650000 0.19649700 6836.79518880 0 183.10857169 0 1878.84065383 0 -20.54093411 0 385.67232532 0 42816
0.19750000 0.19750200 6708.42265485 0 43.62927799 0 1785.32379841 0 207.03918732 0 358.56173800 0 41727
0.19850000 0.19849000 6532.04052049 0 88.92604810 0 1627.49888044 0 355.73497347 0 78.27602175 0 42610
0.19950000 0.19949900 6526.36041785 0 32.63014124 0 1387.91591602 0 334.11958096 0 -112.89342385 0 43863
0.20050000 0.20050100 6411.57362646 0 8.79424935 0 1229.34915229 0 351.80429816 0 -130.16403610 0 43302
0.20150000 0.20150100 6396.64813260 0 108.36451083 0 1183.32149802 0 -73.83236563 0 -276.28661397 0 44487
0.20250000 0.20249700 6360.02088210 0 131.74405685 0 1101.82143673 0 -267.42211072 0 20.83844748 0 43759
0.20350000 0.20349100 6289.11371397 0 84.59101149 0 1450.58527449 0 -111.05320347 0 277.58096874 0 45282
0.20450000 0.20449700 6376.27505494 0 -41.93587663 0 1522.26750537 0 -39.29811669 0 417.17973282 0 45483
0.20550000 0.20549900 6373.37410584 0 -14.17844410 0 1599.68520050 0 31.80137773 0 364.07797022 0 46138
0.20650000 0.20650200 6432.82141779 0 151.66649090 0 1679.73810894 0 -11.43438984 0 116.22508639 0 46227
0.20750000 0.20749300 6276.60198692 0 111.06759749 0 1693.36814079 0 -31.19184625 0 494.97831593 0 46236
0.20850000 0.20850300 6203.98968076 0 129.96362702 0 1634.14227533 0 -35.32647378 0 392.22381991 0 48361
0.20950000 0.20950400 6186.73899869 0 3.92715431 0 1514.15149127 0 144.02547954 0 614.49299002 0 46812
0.21050000 0.21050300 6184.26987026 0 -49.67067058 0 1504.54071333 0 245.94401503 0 427.56557350 0 48813
0.21150000 0.21149700 6155.76970617 0 75.33388360 0 1381.83720969 0 197.02316229 0 372.84835871 0 47215
0.21250000 0.21249000 6146.79005075 0 79.89125250 0 1286.42698673 0 110.17561100 0 171.85798244 0 50004
0.21350000 0.21350300 6025.52594933 0 161.96264575 0 1395.19043342 0 -144.36650715 0 348.24454573 0 49509
0.21450000 0.21449800 5950.89848006 0 89.04961525 0 1300.30060973 0 -30.16344872 0 382.82341614 0 49660
0.21550000 0.21550100 5935.98405852 0 42.62147499 0 1372.14892548 0 64.04443049 0 317.32175698 0 50841
0.21650000 0.21649800 5880.11310749 0 10.11790149 0 1245.78048232 0 21.36272206 0 242.70868172 0 50424
0.21750000 0.21750300 5947.47713169 0 46.82596889 0 1189.15661320 0 175.83405428 0 -11.51089960 0 52231
0.21850000 0.21850300 5848.09194411 0 55.59104266 0 1166.90124031 0 -31.50375364 0 -45.63669048 0 51078
0.21950000 0.21950100 5747.23413734 0 71.02575274 0 1198.35771512 0 145.46709623 0 -49.25988733 0 52791
0.22050000 0.22050700 5699.08059670 0 89.53757260 0 1037.62741912 0 164.63107603 0 275.81936186 0 52969
0.22150000 0.22150000 5638.90251132 0 65.64559938 0 944.88562644 0 297.79128323 0 145.03970450 0 52704
0.22250000 0.22250100 5620.11277610 0 -1.94082353 0 858.51706393 0 265.27629417 0 415.50227561 0 54051
0.22350000 0.22349900 5633.84245887 0 47.31436914 0 754.26448237 0 120.84778200 0 339.03680041 0 53938
0.22450000 0.22449800 5546.70326255 0 97.81014937 0 717.72913216 0 -9.91070508 0 405.36888394 0 54735
0.22550000 0.22549100 5479.72676972 0 101.77636684 0 724.37141982 0 -75.06194730 0 350.51990848 0 54774
0.22650000 0.22649900 5499.18084443 0 70.43282974 0 857.89369204 0 -109.08620496 0 408.35398271 0 56911
0.22750000 0.22749800 5410.11506359 0 46.42470784 0 845.02211444 0 1.20064969 0 473.06729234 0 54879
0.22850000 0.22849100 5427.08893753 0 76.78413671 0 865.03644878 0 -66.38046958 0 262.21479636 0 57210
0.22950000 0.22949800 5430.91996192 0 47.34094272 0 921.67692639 0 11.08173629 0 317.83219115 0 57375
0.23050000 0.23049600 5358.26336646 0 69.51825571 0 917.93780230 0 -57.24801607 0 258.80119861 0 57604
0.23150000 0.23150100 5335.83083638 0 74.54188021 0 867.86432054 0 108.37015772 0 265.14231904 0 58629
0.23250000 0.23250200 5268.97613912 0 121.40250547 0 924.95212007 0 -48.01901189 0 402.73367063 0 58560
0.23350000 0.23350400 5144.64500374 0 172.99732466 0 844.65119156 0 52.40730639 0 215.76750097 0 59305
0.23450000 0.23449700 5051.50460736 0 116.16751030 0 945.25101316 0 11.23874186 0 357.95386736 0 59196
0.23550000 0.23549300 4948.00051496 0 125.41290152 0 858.96660032 0 72.05359665 0 459.98201887 0 60063
0.23650000 0.23649900 4888.81893880 0 44.47321059 0 830.85175314 0 128.28949151 0 589.17944102 0 61537
0.23750000 0.23750400 4910.22174268 0 -59.82089219 0 835.02491236 0 -3.95925298 0 426.66650072 0 61224
0.23850000 0.23850100 4960.35722945 0 12.29227357 0 938.98961348 0 29.40931267 0 468.42245208 0 61221
0.23950000 0.23949400 4963.77857782 0 53.64574592 0 870.54382315 0 -111.01002140 0 392.04555548 0 62332
0.24050000 0.24050100 4907.38722752 0 110.18657260 0 950.29445712 0 -85.04619476 0 515.98915950 0 63447
0.24150000 0.24150500 4896.56956617 0 18.57238548 0 866.64193588 0 -91.10530307 0 448.60077619 0 63342
0.24250000 0.24250300 4840.07856495 0 77.00192934 0 1033.43875865 0 64.23686750 0 219.48448042 0 63379
0.24350000 0.24349600 4812.68563335 0 126.79472766 0 882.49196886 0 44.95231008 0 324.30950117 0 64266
0.24450000 0.24449500 4649.43527622 0 120.96182695 0 893.88428386 0 15.05492933 0 263.92879224 0 64695
0.24550000 0.24549600 4671.69064911 0 49.24505042 0 859.89335390 0 65.56355346 0 340.24811275 0 65947
0.24650000 0.24650000 4650.96325705 0 -11.30484364 0 864.94565572 0 60.75639291 0 256.41400538 0 66018
0.24750000 0.24750000 4638.65083185 0 33.98616886 0 821.97396310 0 -6.01102120 0 337.69372741 0 66303
0.24850000 0.24849600 4629.09541553 0 36.20927024 0 818.35442011 0 21.85765498 0 125.33982418 0 66958
0.24950000 0.24949200 4620.42578520 0 26.52630074 0 797.26385580 0 33.59287988 0 181.31374784 0 66975
0.25050000 0.25048900 4549.10894104 0 41.62485503 0 788.68944746 0 80.95430640 0 157.08417943 0 68676
0.25150000 0.25150000 4570.17957517 0 73.00127693 0 737.82318724 0 16.82207237 0 167.42130189 0 69349
0.25250000 0.25249900 4517.13206696 0 76.21313691 0 701.08964242 0 84.71867539 0 254.59039349 0 68592
0.25350000 0.25349900 4496.93614649 0 1.66939656 0 620.84186107 0 142.90053134 0 307.62793660 0 70437
0.25450000 0.25450100 4513.71071859 0 -24.41458695 0 640.15310278 0 142.97028699 0 404.24947190 0 70099
0.25550000 0.25550100 4512.78064331 0 51.96629569 0 634.98454156 0 41.04034700 0 231.40051638 0 71064
0.25650000 0.25650300 4556.23951822 0 24.23300082 0 583.15498908 0 -42.44442851 0 362.22778474 0 71409
0.25750000 0.25750600 4485.68666448 0 106.47623656 0 669.38071861 0 -132.08508446 0 345.17861899 0 72612
0.25850000 0.25850600 4416.96074433 0 137.43523181 0 692.22181748 0 20.40097992 0 490.02787950 0 71845
0.25950000 0.25949600 4339.95272522 0 57.08204192 0 665.15994839 0 43.47526195 0 350.31839217 0 72816
0.26050000 0.26049800 4230.96783203 0 111.05763240 0 615.16950906 0 37.70990242 0 266.21079838 0 73743
0.26150000 0.26149900 4218.94328727 0 56.22006144 0 558.57774968 0 51.59360123 0 166.80346616 0 74662
0.26250000 0.26250300 4134.41715961 0 29.50121297 0 574.39345845 0 30.76035775 0 258.76798164 0 74931
0.26350000 0.26350100 4153.45048597 0 65.70981887 0 489.74442798 0 -4.40738318 0 286.94704830 0 75087
0.26450000 0.26450200 4094.55679026 0 47.62860172 0 501.98266861 0 91.30150467 0 295.92006034 0 76678
0.26550000 0.26550600 4132.40199649 0 62.25658220 0 483.41770158 0 108.54587551 0 372.94468794 0 76035
0.26650000 0.26650100 4073.09862476 0 -17.54675603 0 397.97367819 0 150.90914388 0 320.43640195 0 77094
0.26750000 0.26750600 4103.20427594 0 35.62332281 0 379.89810792 0 112.64651101 0 447.67955876 0 78463
0.26850000 0.26850100 4063.15567707 0 85.61863396 0 325.03916738 0 15.14627601 0 475.64160786 0 77076
0.26950000 0.26949700 4040.44633887 0 51.23253272 0 321.48938004 0 59.06166288 0 403.33932680 0 79149
0.27050000 0.27049900 4029.52902660 0 50.01823086 0 284.36387492 0 -73.63815706 0 492.00096778 0 79648
0.27150000 0.27150200 3970.85677739 0 94.10568165 0 259.20423124 0 -56.25815023 0 471.44851845 0 80241
0.27250000 0.27250500 3918.65076587 0 88.41782839 0 288.31115872 0 -22.87032981 0 462.55744162 0 80835
0.27350000 0.27350000 3909.90362926 0 11.29864314 0 347.72857539 0 -90.09761079 0 361.78046282 0 80680
0.27450000 0.27450400 3900.92397383 0 29.95030646 0 427.51685527 0 -69.02664449 0 378.73662105 0 82617
0.27550000 0.27550800 3921.59600427 0 108.17760999 0 471.18610435 0 -154.31388376 0 215.48958562 0 82548
0.27650000 0.27649900 3852.43826345 0 47.42719613 0 517.49167398 0 -64.71441687 0 356.18561709 0 81181
0.27750000 0.27748900 3868.58171304 0 0.78158323 0 543.07981663 0 32.81239171 0 326.34127277 0 84096
0.27850000 0.27849800 3802.81210361 0 40.78236183 0 533.68605626 0 107.19815213 0 123.32355383 0 85215
0.27950000 0.27950200 3784.46526139 0 83.45731615 0 472.35755632 0 148.91391095 0 129.91380156 0 84514
0.28050000 0.28050300 3760.88120953 0 55.82566523 0 394.16812015 0 35.40530873 0 254.54721142 0 85815
0.28150000 0.28150100 3733.24468678 0 49.34680508 0 367.06417623 0 50.62898030 0 284.34726644 0 85485
0.28250000 0.28250000 3714.63210876 0 37.18983532 0 400.87794899 0 -16.05608894 0 250.45930910 0 87220
0.28350000 0.28350400 3694.85693663 0 47.12303937 0 402.27970531 0 -56.00481544 0 254.91370537 0 87147
0.28450000 0.28449700 3703.75908579 0 17.23086261 0 440.93319125 0 -34.56646940 0 275.33660850 0 87102
0.28550000 0.28549800 3698.89833519 0 11.83476511 0 488.10350945 0 8.56821891 0 230.20249084 0 88971
0.28650000 0.28649900 3695.04516615 0 68.83453966 0 475.74790218 0 24.10965512 0 290.44036678 0 89434
0.28750000 0.28750100 3694.53583921 0 77.92702207 0 476.88170824 0 -8.63798563 0 173.41364408 0 89619
0.28850000 0.28849900 3583.79044638 0 67.93524543 0 492.30213502 0 -5.07889754 0 295.62442926 0 90240
0.28950000 0.28950100 3592.61508926 0 70.71085582 0 519.14366484 0 64.12703004 0 237.73942234 0 91333
0.29050000 0.29050500 3556.18714060 0 18.30952849 0 413.13722703 0 61.19330685 0 337.17111368 0 92139
0.29150000 0.29150600 3539.13576038 0 40.23871069 0 433.08291296 0 96.76924011 0 267.45754216 0 92370
0.29250000 0.29250200 3505.26551876 0 74.52859342 0 267.94140275 0 101.22551868 0 265.16999985 0 91819
0.29350000 0.29349600 3431.64563104 0 65.71690516 0 290.70720981 0 72.97271033 0 309.90662105 0 93552
0.29450000 0.29450000 3434.02618088 0 55.81271061 0 156.12642334 0 69.73106580 0 271.54323001 0 94701
0.29550000 0.29550200 3378.23273612 0 21.77295169 0 127.34945113 0 107.91408866 0 302.98531080 0 95020
0.29650000 0.29650300 3386.80271553 0 14.95118165 0 76.40634898 0 29.44252965 0 159.91315843 0 95151
0.29750000 0.29749800 3369.18664674 0 53.22433323 0 17.21846160 0 20.69694317 0 179.09263948 0 95802
0.29850000 0.29850000 3365.64350280 0 55.98499598 0 102.00866421 0 -162.74988804 0 83.12193543 0 97399
0.29950000 0.29950700 3336.87760292 0 67.21233335 0 64.57158388 0 -67.04004797 0 193.57413311 0 97881
0.30050000 0.30050300 3330.06812316 0 38.81934937 0 121.54201677 0 -48.56886354 0 147.47561596 0 97188
0.30150000 0.30149700 3303.61633917 0 -3.37164470 0 84.61127384 0 59.29827846 0 114.40701065 0 98263
0.30250000 0.30249700 3348.68070118 0 4.26710790 0 57.57254591 0 57.82189467 0 24.21118834 0 100050
0.30350000 0.30350600 3349.74364436 0 33.51028034 0 119.26333232 0 -49.21426935 0 26.26477243 0 100779
0.30450000 0.30450500 3315.04297838 0 82.86627545 0 116.81856300 0 -97.96637987 0 44.73639975 0 99982
0.30550000 0.30550300 3314.35649424 0 71.26535785 0 158.61216026 0 -77.05662662 0 139.49468423 0 101559
0.30650000 0.30649700 3227.22837024 0 53.19377362 0 155.44436813 0 101.03374601 0 276.14045928 0 100935
0.30750000 0.30749800 3280.82949469 0 19.72733968 0 213.38584390 0 81.87497021 0 235.07320653 0 103762
0.30850000 0.30850200 3221.54826761 0 40.34910176 0 144.04983866 0 118.45173091 0 279.87626167 0 102951
0.30950000 0.30950100 3222.89909124 0 91.53468783 0 224.13042791 0 -3.10921953 0 243.28997878 0 104394
0.31050000 0.31050000 3129.11650002 0 93.98111800 0 190.42516393 0 -65.50819183 0 439.79938519 0 103963
0.31150000 0.31149700 3092.35638163 0 40.74659823 0 191.18915434 0 -12.79329627 0 364.16211989 0 105936
0.31250000 0.31250000 3103.92696106 0 -0.52449492 0 151.90343865 0 8.68167702 0 335.29989079 0 105717
0.31350000 0.31349800 3101.62391750 0 -6.17645281 0 153.91417284 0 51.25667039 0 139.18908806 0 106776
0.31450000 0.31450400 3134.90732590 0 42.56113082 0 65.35140771 0 -20.04301166 0 118.94334213 0 108733
0.31550000 0.31549900 3094.16117057 0 51.23363995 0 42.66831092 0 -8.27654066 0 74.90892777 0 105891
0.31650000 0.31650000 3115.51968515 0 39.04245671 0 46.76363170 0 -22.54890022 0 54.39910690 0 111072
0.31750000 0.31750600 3054.34509052 0 41.19558100 0 59.00918006 0 74.94081607 0 77.07854982 0 108121
0.31850000 0.31849900 3042.61949854 0 66.13588193 0 16.54282834 0 3.34115152 0 34.92266609 0 110484
0.31950000 0.31950100 3022.94397734 0 43.57491288 0 106.85457789 0 25.54152817 0 137.07759572 0 110817
0.32050000 0.32049800 2992.07433574 0 65.82176007 0 58.94717504 0 25.58448879 0 225.50118172 0 111088
0.32150000 0.32149900 3006.64551520 0 49.38500460 0 53.96806129 0 90.85850095 0 321.30779391 0 112635
0.32250000 0.32250100 2966.57477169 0 -21.34766370 0 -37.18108819 0 74.52084279 0 280.40551880 0 113202
0.32350000 0.32350400 2990.55742724 0 24.51401643 0 -28.00700274 0 111.05984686 0 289.92328921 0 113863
0.32450000 0.32450300 2986.57139031 0 77.52066775 0 -102.08628121 0 -55.69999434 0 295.62775096 0 114045
0.32550000 0.32549900 2923.43699419 0 76.48252658 0 -59.72810611 0 11.89898459 0 306.23060921 0 114828
0.32650000 0.32650300 2861.74200030 0 67.22949545 0 -53.96385381 0 -11.57113305 0 379.96897080 0 116431
0.32750000 0.32750400 2861.31017963 0 30.61652825 0 -79.37616795 0 32.06024868 0 355.84126779 0 116442
0.32850000 0.32850400 2855.23147331 0 7.40335498 0 -31.85153536 0 42.30746386 0 356.23654979 0 116955
0.32950000 0.32949800 2857.42379362 0 32.12313949 0 -67.61160138 0 43.83090503 0 357.05368736 0 117028
0.33050000 0.33049700 2873.19078416 0 46.85553200 0 -18.80180405 0 -21.68470526 0 335.48369138 0 119061
0.33150000 0.33150100 2816.09080508 0 69.29193739 0 -44.03352857 0 -67.74823387 0 442.21536647 0 120060
0.33250000 0.33250400 2816.32332390 0 50.32271979 0 -37.20987623 0 13.61929170 0 364.40349657 0 119737
0.33350000 0.33350100 2784.82255979 0 48.70317084 0 -22.45389967 0 -46.83560181 0 288.54035584 0 120531
0.33450000 0.33450000 2773.48449917 0 34.38444038 0 1.76379920 0 -37.61468043 0 284.88538142 0 121704
0.33550000 0.33550300 2754.72798093 0 49.78892301 0 28.67776417 0 -43.21838402 0 290.11151874 0 122761
0.33650000 0.33650300 2763.72978101 0 44.28221299 0 -3.24207636 0 -26.88482262 0 276.50695323 0 122472
0.33750000 0.33749900 2716.24057986 0 49.31790631 0 53.72978486 0 24.36276847 0 320.70878114 0 122985
0.33850000 0.33849800 2761.92499206 0 5.47478851 0 37.04844174 0 36.02569109 0 299.28826155 0 125380
0.33950000 0.33950300 2720.76916071 0 41.23732366 0 -43.03624427 0 47.95955351 0 328.52141353 0 125223
0.34050000 0.34050000 2727.03609656 0 54.47672389 0 -4.06522620 0 -16.93478864 0 242.98216815 0 125178
0.34150000 0.34149900 2691.27248739 0 58.66527365 0 -10.70402608 0 -52.48060518 0 335.10612510 0 127059
0.34250000 0.34250300 2657.40224577 0 61.24789341 0 -39.79415684 0 24.75749685 0 263.78817371 0 127957
0.34350000 0.34349800 2634.96971569 0 17.51708220 0 -65.53332601 0 39.96710656 0 307.98114376 0 126732
0.34450000 0.34449700 2613.29010370 0 41.55842108 0 -31.40354910 0 32.07132101 0 222.61684111 0 129639
0.34550000 0.34550000 2589.50674999 0 81.07178377 0 -62.51866413 0 39.68664457 0 200.74235619 0 129826
0.34650000 0.34650400 2544.91849794 0 62.79126477 0 -48.23027185 0 -19.84603500 0 292.53635787 0 130875
0.34750000 0.34750200 2516.72835895 0 46.11678649 0 -99.12720240 0 38.38232471 0 335.24785086 0 130686
0.34850000 0.34850200 2520.99120401 0 9.64324200 0 -96.87309852 0 71.62919444 0 413.20587544 0 132211
0.34950000 0.34950400 2530.20337826 0 8.29081288 0 -159.48355222 0 79.63968928 0 376.09697881 0 132768
0.35050000 0.35050300 2529.17365205 0 2.93759850 0 -195.62362043 0 86.59964193 0 425.64563238 0 132957
0.35150000 0.35150100 2563.25426784 0 14.47606819 0 -212.79679622 0 35.63550237 0 381.79590440 0 133987
0.35250000 0.35249800 2557.71810543 0 26.67965244 0 -223.29668185 0 0.79980938 0 432.32667317 0 134778
0.35350000 0.35349800 2573.96120594 0 25.72543948 0 -231.89434207 0 -38.61672582 0 360.74077152 0 135699
0.35450000 0.35450100 2581.95542446 0 28.91891941 0 -174.80654254 0 -68.95002400 0 328.16377744 0 137380
0.35550000 0.35550100 2571.68030703 0 59.88190070 0 -142.57279053 0 -149.10767664 0 277.09932261 0 136161
0.35650000 0.35649900 2557.35271871 0 75.53750365 0 -97.59423903 0 -91.64507891 0 278.40474971 0 138792
0.35750000 0.35750000 2504.70381420 0 59.92674362 0 -133.18788801 0 -0.55946686 0 280.65575334 0 138097
0.35850000 0.35849800 2499.68805106 0 11.40272299 0 -128.01711232 0 48.24566238 0 213.69476177 0 140028
0.35950000 0.35950300 2504.31628283 0 0.93824666 0 -213.17436250 0 117.65341629 0 86.23336943 0 141099
0.36050000 0.36050500 2473.20305009 0 57.91235556 0 -242.60128017 0 97.53710584 0 66.14374328 0 140821
0.36150000 0.36150200 2455.46518573 0 64.01298509 0 -382.61857813 0 48.79839283 0 76.59181042 0 141756
0.36250000 0.36250400 2392.95083981 0 66.42320876 0 -397.43445597 0 51.80165022 0 190.65103935 0 142971
0.36350000 0.36349900 2388.55512685 0 36.12013802 0 -440.13598387 0 20.60006033 0 173.08479603 0 142270
0.36450000 0.36450000 2382.03352753 0 14.82130328 0 -388.19902984 0 19.50312511 0 253.93712632 0 145311
0.36550000 0.36550300 2386.21886632 0 43.32578557 0 -378.07892495 0 2.03845929 0 243.08071184 0 145434
0.36650000 0.36650100 2390.26026487 0 23.21069307 0 -363.12796475 0 21.73951327 0 287.37222558 0 144547
0.36750000 0.36749600 2366.36618792 0 40.53423104 0 -341.10511069 0 -41.46319909 0 370.64164437 0 146892
0.36850000 0.36849900 2363.60917904 0 86.04724365 0 -282.63880672 0 -90.65742753 0 312.62266232 0 148113
0.36950000 0.36949900 2297.88385891 0 90.60904147 0 -250.37626666 0 -100.52563703 0 350.10026737 0 147387
0.37050000 0.37049800 2261.36733166 0 102.72548652 0 -229.73966766 0 -36.81437279 0 361.71292164 0 149758
0.37150000 0.37150100 2230.04372475 0 46.89915696 0 -236.50485813 0 -29.39613661 0 374.30326219 0 150099
0.37250000 0.37250000 2226.17948339 0 -2.61077669 0 -232.58525514 0 53.28478813 0 271.85436234 0 150468
0.37350000 0.37349800 2250.98149098 0 9.81736538 0 -211.16695001 0 -0.31306334 0 246.47659386 0 150709
0.37450000 0.37449700 2251.55725187 0 31.84411690 0 -226.31167590 0 2.68465124 0 276.38183596 0 153108
0.37550000 0.37550100 2238.11544954 0 30.34669569 0 -223.71743019 0 22.98692139 0 153.13246671 0 153189
0.37650000 0.37649900 2228.85898599 0 40.74980920 0 -246.85858906 0 -37.84077730 0 218.51897369 0 153547
0.37750000 0.37749900 2210.17997402 0 37.36809975 0 -299.81308974 0 42.80660426 0 153.64290088 0 155424
0.37850000 0.37850200 2203.92411050 0 41.83722222 0 -326.56493374 0 45.41690483 0 151.34096455 0 155313
0.37950000 0.37949900 2179.09995826 0 26.52342193 0 -404.92156201 0 69.73217303 0 157.30784040 0 156100
0.38050000 0.38050000 2191.23522626 0 19.43779839 0 -440.17473700 0 60.45899027 0 145.84023358 0 157557
0.38150000 0.38149800 2193.35004030 0 18.05774382 0 -448.00619235 0 5.44378600 0 143.06993791 0 157692
0.38250000 0.38250100 2209.78137033 0 19.64451869 0 -407.99966831 0 -38.79842267 0 121.29288946 0 159703
0.38350000 0.38350500 2185.03472436 0 64.61321582 0 -392.77411445 0 -116.42549547 0 165.73498682 0 160338
0.38450000 0.38450600 2197.72360860 0 71.19305557 0 -329.35405236 0 -77.45113355 0 179.61414598 0 160167
0.38550000 0.38550000 2149.66971889 0 60.00956461 0 -322.12050255 0 -51.05493263 0 170.51712390 0 160033
0.38650000 0.38649600 2125.45454451 0 36.67441860 0 -299.12106944 0 32.01263769 0 180.71916399 0 162444
0.38750000 0.38750200 2144.77575132 0 28.65174421 0 -321.11624269 0 54.15429780 0 192.87214771 0 164307
0.38850000 0.38850400 2126.66142792 0 44.01304477 0 -340.48173880 0 38.28854212 0 119.98414066 0 163882
0.38950000 0.38950500 2081.80744008 0 53.97359745 0 -372.65237856 0 12.34243120 0 166.47572535 0 164595
0.39050000 0.39050100 2080.15766368 0 71.25284612 0 -402.94404480 0 -22.42644030 0 148.64817516 0 165006
0.39150000 0.39150100 2063.98099712 0 8.89960252 0 -359.40655638 0 -72.38787014 0 141.91730890 0 166687
0.39250000 0.39250100 2091.38500105 0 5.38457121 0 -327.52268983 0 -83.40073657 0 147.36599994 0 167256
0.39350000 0.39350100 2085.38380099 0 49.30041204 0 -274.15962037 0 -68.10099814 0 126.61867770 0 167937
0.39450000 0.39449600 2081.18738989 0 43.20243987 0 -250.07067049 0 -75.50185077 0 124.68987871 0 167719
0.39550000 0.39549700 2071.65411822 0 68.12580014 0 -267.07001079 0 -15.52649965 0 115.72904624 0 171636
0.39650000 0.39650400 2072.50668723 0 35.96291101 0 -212.13688567 0 62.15737417 0 165.90771508 0 171093
0.39750000 0.39750000 2043.54148550 0 11.82125687 0 -217.94542727 0 70.01529237 0 142.84516972 0 170464
0.39850000 0.39849800 2080.56733970 0 20.82947890 0 -263.01643267 0 78.30447763 0 171.33869041 0 172113
0.39950000 0.39949500 2047.97041543 0 29.52645787 0 -263.36410367 0 69.27798626 0 170.01444036 0 173232
