### header ###
fiducial parameters:
Omega_m = 0.31
Omega_nu = 0
Omega_de = 0.69
Omega_k = 0
H_0 = 100
w_de = -1
zeff = 0
beta = 0
fgrowth = 0
b_1 = 2
gamma = 0.55
Lx = 3500 Ly = 3500 Lz = 3500
nx = 700 ny = 700 nz = 700
xoffset = -685.467585 yoffset = -31.7331281 zoffset = 572.489161
bins = 400 dk = 0.001
kx_ny = 0.628318531 ky_ny = 0.628318531 kz_ny = 0.628318531
############################
A(data) = 8.04363347 (not used)
A(ran) = 8.03443412 (used)
Ngal = 477391
weighted Ngal = 0
Nran = 23820508
weighted Nran = 0
SN(data) = 3494.82437
SN(ran) = 69.9828351
SN(data+ran) = 3564.80721
############################
13 columns: k_central k_mean P_0(k) sigma^{lin}_{P_0(k)} P^img_1(k) sigma^{lin}_{P_1(k)} P_2(k) sigma^{lin}_{P_2(k)} P^img_3(k) sigma^{lin}_{P_3(k)} P_4(k) sigma^{lin}_{P_4(k)} N_modes
### header ###
0.00050000 0 0 0 0 0 0 0 0 0 0 0 0
0.00150000 0.00179520 6594.32234759 0 -2762.08000461 0 9804.58791621 0 -15043.08194511 0 -2233.75295356 0 3
0.00250000 0.00253879 12453.59733977 0 -6812.07068748 0 -14552.35650915 0 17069.42811017 0 -5037.32095927 0 6
0.00350000 0.00331552 17522.95053474 0 -9219.94702114 0 -835.20096233 0 4984.06307689 0 -996.95877007 0 7
0.00450000 0.00420575 29974.44413280 0 -20957.25352374 0 -13290.88654256 0 6684.15211885 0 10557.64994410 0 24
0.00550000 0.00557378 46516.60813510 0 -8123.14466925 0 -10263.84580504 0 17190.33789719 0 1256.64243297 0 45
0.00650000 0.00659388 69028.96967962 0 -12846.22197784 0 -32268.07621898 0 10609.37984565 0 12852.20103324 0 40
0.00750000 0.00754703 61710.60586749 0 -13221.13089620 0 -24730.70182194 0 12675.81889888 0 -4632.93751224 0 57
0.00850000 0.00846663 74827.76763365 0 -3197.39952718 0 -21269.38236038 0 -5668.17773814 0 15307.04616879 0 75
0.00950000 0.00948925 71321.38381008 0 1246.07943509 0 1219.49478320 0 -1369.60229077 0 7567.59077148 0 112
0.01050000 0.01054430 70980.46692891 0 4744.92300546 0 -659.94045447 0 -25035.74437069 0 19320.54246905 0 105
0.01150000 0.01145670 70912.70430102 0 10479.23573974 0 22312.28463505 0 -15153.14085381 0 26312.60486878 0 144
0.01250000 0.01249090 65658.88617457 0 1392.21197805 0 25931.38472527 0 -1341.64467060 0 29968.02218440 0 169
0.01350000 0.01339930 63988.40452918 0 -2645.05660360 0 14592.99194123 0 31465.00049988 0 18597.63038164 0 180
0.01450000 0.01448870 72484.19936253 0 -8062.24688275 0 20624.64088619 0 12349.40676323 0 7584.91895982 0 267
0.01550000 0.01550050 76760.22048424 0 -7211.01762302 0 11658.27224805 0 6460.70153168 0 5922.56440084 0 238
0.01650000 0.01653350 83572.46832892 0 -3240.86947442 0 16984.72482531 0 10288.94676540 0 11223.79422217 0 315
0.01750000 0.01747870 76744.27633650 0 5933.23812197 0 2655.77461403 0 2208.10944928 0 6775.39914768 0 297
0.01850000 0.01844180 79299.76890465 0 1830.03384603 0 2114.50401527 0 655.19153435 0 14448.60882560 0 388
0.01950000 0.01947590 73285.17133991 0 2920.53604509 0 -1691.37512232 0 3400.55454295 0 -2427.89509693 0 399
0.02050000 0.02045430 73811.77110829 0 2867.38888596 0 9309.46676730 0 -6247.41533870 0 -1754.50951844 0 462
0.02150000 0.02154770 66101.66844407 0 4957.30126780 0 15939.05446943 0 -14854.52025345 0 -7711.54206644 0 571
0.02250000 0.02255340 57561.25214170 0 9281.52021945 0 18417.92654983 0 -5108.99211782 0 5538.43223591 0 510
0.02350000 0.02348930 56681.33448837 0 6077.24477856 0 24410.82235792 0 -1123.35378680 0 -4739.51971095 0 555
0.02450000 0.02439640 57269.60710598 0 -3514.40018674 0 17795.21900203 0 3879.72047180 0 7149.74337747 0 592
0.02550000 0.02547300 63070.06590872 0 -7886.42943695 0 23921.97921718 0 3851.17601842 0 -6082.26054170 0 837
0.02650000 0.02652900 67077.58315359 0 -1411.49996788 0 16142.12090661 0 10993.55629989 0 -843.50742040 0 723
0.02750000 0.02749970 64467.72547058 0 2525.37584464 0 15582.74705677 0 1299.45911304 0 -3332.43760067 0 826
0.02850000 0.02848090 68148.05551705 0 202.48403289 0 14288.83517846 0 -1103.96282435 0 173.23980858 0 831
0.02950000 0.02946900 65453.16237944 0 3153.37596370 0 26155.37785635 0 -1418.68590669 0 644.59089057 0 996
0.03050000 0.03053250 65166.61061314 0 2927.58911600 0 22172.33044934 0 -4214.82438244 0 -1446.99784125 0 1041
0.03150000 0.03150510 58110.77162245 0 4599.59874221 0 17974.81211059 0 -809.67150299 0 1170.64368610 0 1036
0.03250000 0.03246190 62103.11978231 0 -214.89057285 0 26403.17648579 0 1826.74536555 0 -5544.72131641 0 1059
0.03350000 0.03345080 56887.39045324 0 -1096.98061632 0 13522.07668477 0 4441.58559473 0 -7564.18049543 0 1302
0.03450000 0.03451200 56970.21144288 0 2625.20392520 0 15339.37735726 0 9297.44222254 0 -13540.56746722 0 1339
0.03550000 0.03553350 55478.54784332 0 3533.10134336 0 2916.46142956 0 -3497.37095117 0 -13851.81051787 0 1365
0.03650000 0.03647120 52701.49805555 0 1814.21149386 0 10684.64950977 0 1659.60862242 0 -13015.29637782 0 1308
0.03750000 0.03744890 50366.67692104 0 2365.59112518 0 4817.02598468 0 -5474.79958518 0 -8253.98633163 0 1579
0.03850000 0.03847530 48390.48838741 0 1220.10376107 0 9249.67621327 0 -2560.66334383 0 -9132.80782481 0 1662
0.03950000 0.03950240 48423.48391537 0 1771.59411563 0 11931.86939432 0 -1051.41135629 0 -9374.71597745 0 1683
0.04050000 0.04050350 46494.57420872 0 2195.49807131 0 12875.34219211 0 1510.02151412 0 -6101.17207249 0 1822
0.04150000 0.04152450 46079.69419776 0 532.59432503 0 11842.62645628 0 4711.90533285 0 -3398.67224773 0 1887
0.04250000 0.04250150 44436.33974818 0 -505.80372790 0 11044.78794682 0 2576.26424950 0 -3177.52470413 0 1920
0.04350000 0.04349210 47209.84639200 0 -1758.97166534 0 7124.81957430 0 6173.36363031 0 -5126.37566779 0 2005
0.04450000 0.04448520 44688.45658430 0 613.85633134 0 9191.31398916 0 958.83454125 0 -8583.17762082 0 2151
0.04550000 0.04548030 44566.77173454 0 4586.99843657 0 8815.48606784 0 -3888.61154863 0 -5705.34753255 0 2274
0.04650000 0.04648670 40305.58752808 0 1347.43549648 0 9623.26752498 0 -1726.93942964 0 105.13726032 0 2311
0.04750000 0.04749250 40927.18784340 0 -104.52728594 0 8780.79647418 0 -345.02692814 0 -1190.38564125 0 2568
0.04850000 0.04851840 41712.88001253 0 -1124.70461043 0 10103.93929001 0 1734.73434631 0 -4842.12694504 0 2493
0.04950000 0.04949480 42254.64886591 0 1365.32837339 0 14035.72183311 0 -3571.97627579 0 -6990.19117683 0 2644
0.05050000 0.05050630 41448.91578886 0 2181.64659297 0 15353.77137952 0 -3514.10123397 0 -1808.99642887 0 2829
0.05150000 0.05149060 40122.89416858 0 747.74066858 0 15757.13617266 0 -298.30503910 0 -811.00018197 0 2784
0.05250000 0.05249300 39095.38242541 0 769.88088929 0 17411.45222382 0 -16.57217000 0 -2793.43682850 0 3055
0.05350000 0.05348950 39981.94347364 0 -120.88653514 0 15941.49038089 0 1817.33388946 0 -2775.34464974 0 3009
0.05450000 0.05448610 38475.00006582 0 578.15140550 0 14440.96892147 0 1139.81833381 0 -6034.97064240 0 3336
0.05550000 0.05550870 38078.16794432 0 616.26899092 0 12172.13884288 0 1216.49418318 0 -4392.80093158 0 3349
0.05650000 0.05647670 37998.55792887 0 586.49993841 0 13672.54957906 0 1702.62460434 0 -5392.04502948 0 3324
0.05750000 0.05747970 36571.77815274 0 1396.79592052 0 11912.49282589 0 2151.67380968 0 -4433.51386993 0 3639
0.05850000 0.05849280 35062.39883346 0 2452.13241596 0 14377.08160727 0 1673.52653471 0 -818.16619059 0 3846
0.05950000 0.05951020 33514.37710057 0 2224.38576677 0 13275.93890405 0 545.07947850 0 2165.31491386 0 3787
0.06050000 0.06049470 31932.25260723 0 1198.71202952 0 13477.01232276 0 2669.16105473 0 4654.89393236 0 3930
0.06150000 0.06148310 31519.69778449 0 -397.98253605 0 13642.87574854 0 2389.96131210 0 4592.49030968 0 4083
0.06250000 0.06249100 30990.77282790 0 84.68014370 0 12086.10687904 0 2301.08376079 0 3159.01177703 0 4303
0.06350000 0.06350600 30745.41010992 0 1013.84517265 0 11237.08101195 0 1415.41957087 0 2031.87125514 0 4470
0.06450000 0.06451750 30072.32348420 0 455.41357765 0 8885.52959464 0 1149.28517153 0 2969.92968611 0 4479
0.06550000 0.06550280 29143.02326217 0 480.94525145 0 8306.23663245 0 384.56620007 0 1419.40560780 0 4636
0.06650000 0.06648880 29178.34397834 0 239.04263497 0 7321.99553467 0 -358.00590729 0 -2897.02949950 0 4653
0.06750000 0.06749660 28752.39164256 0 -163.22046185 0 7736.17798916 0 -978.76029699 0 -3564.34744399 0 5220
0.06850000 0.06852730 29232.04475371 0 -654.61023730 0 8355.36453767 0 -2818.63743978 0 -4710.88667897 0 5029
0.06950000 0.06949320 29197.05620728 0 462.72684819 0 10878.94666569 0 -2014.15553544 0 -4262.64575333 0 5040
0.07050000 0.07048030 29284.74901984 0 1355.27470245 0 12584.14004938 0 -1894.76265692 0 -4571.26466300 0 5475
0.07150000 0.07148790 28538.14215732 0 1040.06886675 0 13834.42696791 0 35.04280082 0 -1241.42905867 0 5509
0.07250000 0.07249820 28169.87663386 0 346.14855464 0 13781.72270177 0 1532.81943092 0 -2124.98950687 0 5916
0.07350000 0.07351270 27866.05204083 0 -119.18693328 0 13516.98341536 0 1814.35543408 0 -638.41474779 0 5721
0.07450000 0.07449140 27839.81063101 0 20.09538376 0 12854.41549821 0 1428.26346766 0 -85.94548898 0 6028
0.07550000 0.07549160 27887.97524397 0 520.16896212 0 12359.37185557 0 1066.87053620 0 -38.90715290 0 6183
0.07650000 0.07648840 27181.56092054 0 842.75671678 0 11663.25479422 0 -499.00532046 0 -1064.20542762 0 6330
0.07750000 0.07749960 26463.18848631 0 925.99402584 0 11822.36410186 0 -70.50369262 0 -1310.04425557 0 6583
0.07850000 0.07848650 25074.60823080 0 858.11624577 0 10952.51119178 0 174.30164453 0 -1816.16022303 0 6549
0.07950000 0.07947320 25172.59830545 0 474.19777671 0 10520.54658363 0 1256.39884182 0 -1350.70183230 0 6828
0.08050000 0.08048110 24748.63898814 0 -21.37501234 0 10086.33429355 0 2467.96584045 0 -719.82955218 0 7147
0.08150000 0.08149960 24925.90690849 0 -41.01067317 0 9012.60666658 0 1277.44733130 0 -845.71302751 0 7386
0.08250000 0.08250610 24584.43641108 0 225.24319655 0 8951.02239594 0 1195.13566860 0 398.61587303 0 7227
0.08350000 0.08350160 24672.23994689 0 702.34524406 0 10045.30025777 0 69.92771029 0 887.51326816 0 7798
0.08450000 0.08449610 23490.15854925 0 943.30117676 0 9273.72530278 0 -712.02245595 0 790.17867515 0 7371
0.08550000 0.08548940 23145.36635440 0 691.14669474 0 9917.85779911 0 858.52038563 0 1955.73794969 0 8256
0.08650000 0.08650700 22169.67309138 0 630.38952676 0 8662.85407021 0 1309.66779652 0 1356.41515191 0 8037
0.08750000 0.08749060 22038.90893527 0 356.91639053 0 8135.00312913 0 1838.44881289 0 1863.94837695 0 8155
0.08850000 0.08849210 21040.96029937 0 631.49011585 0 7233.54980402 0 1729.17603925 0 444.39993615 0 8718
0.08950000 0.08949900 20991.46700743 0 605.22656138 0 6888.19292060 0 82.75355919 0 1340.82531856 0 8571
0.09050000 0.09049190 20027.84257846 0 204.74943055 0 6056.43988023 0 310.87323500 0 970.24678644 0 8932
0.09150000 0.09150830 20390.01832328 0 -76.66677006 0 6470.23480335 0 -258.74251529 0 392.02119637 0 9285
0.09250000 0.09250820 19782.14769074 0 507.78567404 0 6944.20781186 0 -761.19797217 0 21.21080976 0 9204
0.09350000 0.09350330 20034.48597336 0 875.24734673 0 7804.16206355 0 -600.17093786 0 189.37440030 0 9349
0.09450000 0.09448040 18912.97019247 0 799.67983707 0 7547.05160894 0 -535.05016668 0 401.14479202 0 9564
0.09550000 0.09549270 18288.38034945 0 679.51853921 0 6822.64475768 0 0.62868217 0 -533.60744275 0 10155
0.09650000 0.09649430 17833.86141565 0 363.85098756 0 7133.63314486 0 357.00386190 0 -890.08869092 0 9913
0.09750000 0.09749140 17398.27615728 0 623.62655076 0 7062.37166233 0 396.72471995 0 -1482.37391905 0 10476
0.09850000 0.09850240 16792.61998970 0 347.68760779 0 6181.46857208 0 510.47182004 0 -756.91741139 0 10575
0.09950000 0.09950330 16731.39003346 0 -104.75847608 0 6312.43203003 0 996.64099434 0 199.06600622 0 10882
0.10050000 0.10051200 16840.67387942 0 -375.67512324 0 5649.22191805 0 1667.41461141 0 543.73529826 0 10875
0.10150000 0.10150300 17535.46226179 0 -283.05955506 0 5792.11026983 0 1223.50296479 0 -17.74140750 0 11118
0.10250000 0.10250800 17125.23262726 0 292.48542518 0 5180.12073245 0 221.92039188 0 922.81737585 0 11575
0.10350000 0.10349800 17347.56490961 0 153.69604804 0 5453.75109570 0 -176.82281289 0 1402.22135968 0 11364
0.10450000 0.10450100 17120.25008109 0 -101.44796169 0 5767.57399803 0 -673.20509960 0 2040.19764341 0 12093
0.10550000 0.10551000 17471.24277784 0 -63.81944085 0 6212.59287714 0 114.22653176 0 703.27864104 0 12067
0.10650000 0.10649700 17157.89598547 0 487.38713003 0 6129.56151333 0 -397.94931907 0 -459.87240286 0 12054
0.10750000 0.10749900 16934.34574738 0 542.75096859 0 5862.67419590 0 -652.69472511 0 -484.75966735 0 12807
0.10850000 0.10850100 16162.49398427 0 477.69995305 0 5860.09434422 0 -136.59927129 0 1.03106153 0 12736
0.10950000 0.10950300 15922.88887520 0 356.15572181 0 6009.89182669 0 459.46272684 0 -432.22591502 0 12933
0.11050000 0.11050200 15691.92017948 0 187.36145165 0 6217.97402701 0 1056.00637109 0 -381.76158019 0 13428
0.11150000 0.11150900 15616.29620097 0 246.22193039 0 5712.25666324 0 1045.05473461 0 -290.90540443 0 13453
0.11250000 0.11250000 15225.00024188 0 -4.88416856 0 5268.26751034 0 1432.83633781 0 990.87452758 0 13668
0.11350000 0.11349100 15225.00024188 0 32.96197882 0 4612.14368623 0 984.75817535 0 1300.89851527 0 13791
0.11450000 0.11448600 15543.21885717 0 -7.56878658 0 4740.30584601 0 755.66734592 0 1385.05925621 0 14205
0.11550000 0.11549300 15062.56923679 0 266.41674362 0 4346.34145664 0 -513.74147756 0 860.58648144 0 14776
0.11650000 0.11649800 14799.49079910 0 708.10396020 0 4485.70880913 0 -690.85106366 0 819.81818145 0 14553
0.11750000 0.11747300 14480.05422808 0 356.65619090 0 4504.39889342 0 -971.28979944 0 1216.95922082 0 14568
0.11850000 0.11849100 14416.27763713 0 -137.49612960 0 4645.83677066 0 20.37540285 0 -312.35139037 0 16015
0.11950000 0.11950300 14603.51064981 0 -175.10549531 0 4295.49734107 0 428.97840215 0 -1013.23951648 0 15270
0.12050000 0.12050700 14365.78783595 0 258.25422577 0 4436.40374671 0 -6.04207907 0 -1578.09416710 0 15999
0.12150000 0.12150000 14137.36577494 0 378.81523456 0 3921.36348545 0 38.75811941 0 -1664.15934792 0 15670
0.12250000 0.12250700 13815.49329247 0 215.80625411 0 3893.91519222 0 691.26516861 0 -1145.89704013 0 16887
0.12350000 0.12352200 13496.27816794 0 303.51788963 0 3699.15299866 0 412.79619942 0 -1450.46347892 0 16407
0.12450000 0.12449800 13324.76785650 0 278.88085967 0 3732.53605799 0 391.28710123 0 -821.88095557 0 16306
0.12550000 0.12549900 13203.74734624 0 171.09177756 0 3499.97294750 0 343.27528635 0 -604.06507450 0 17523
0.12650000 0.12650100 12975.98962472 0 193.53648720 0 3573.89178799 0 -23.05822716 0 -40.73131842 0 17154
0.12750000 0.12750600 13108.30390630 0 158.55790587 0 3725.98124170 0 -87.52318455 0 382.69829887 0 18007
0.12850000 0.12850300 12677.70119410 0 43.71530996 0 3978.12022247 0 -50.90202383 0 560.66045398 0 17496
0.12950000 0.12949900 12885.86090069 0 211.65191784 0 3831.26797840 0 89.79013233 0 636.71182423 0 18405
0.13050000 0.13049000 12666.73959253 0 192.83007288 0 4160.73607570 0 158.34531723 0 527.72250211 0 18100
0.13150000 0.13148800 12507.07666865 0 200.33268018 0 3991.98277314 0 402.93186524 0 741.27221642 0 19059
0.13250000 0.13249300 12369.00477816 0 133.96737968 0 3724.53076715 0 309.86233175 0 959.93955927 0 18957
0.13350000 0.13349100 12447.50756112 0 -45.12492763 0 3492.72057474 0 638.79674299 0 1156.20537454 0 19468
0.13450000 0.13450700 12328.14789958 0 205.87659321 0 3353.57466875 0 414.36736232 0 1373.05685611 0 19953
0.13550000 0.13551000 12237.35483606 0 142.94814234 0 3202.92461726 0 346.62577184 0 1497.52085940 0 19956
0.13650000 0.13649900 12022.99462758 0 75.70181695 0 3027.38397959 0 449.18428771 0 1342.24257614 0 19723
0.13750000 0.13749600 11968.18661972 0 78.59767279 0 2600.19154344 0 276.18364135 0 1779.04579024 0 20946
0.13850000 0.13851100 11798.89077325 0 133.76807783 0 2656.90399116 0 148.28057397 0 1156.44896568 0 20955
0.13950000 0.13949800 11640.00291210 0 241.38443167 0 2855.56364305 0 219.00394152 0 1284.01321992 0 20506
0.14050000 0.14048300 11476.02178153 0 285.19319205 0 2382.79751795 0 -2.81090896 0 987.11104437 0 21447
0.14150000 0.14148400 11175.07599296 0 218.74484912 0 2815.39324861 0 -269.06856542 0 1207.87991447 0 21771
0.14250000 0.14249400 11115.17471569 0 274.97675794 0 2614.25339596 0 -256.14494789 0 748.41497316 0 22470
0.14350000 0.14350900 10729.51456994 0 188.46204074 0 2777.92450143 0 60.62485370 0 838.46176198 0 22519
0.14450000 0.14449900 10731.88404745 0 161.78881025 0 2794.48869935 0 -172.27098016 0 209.23815103 0 22218
0.14550000 0.14550500 10439.03212832 0 217.21797552 0 2718.52147877 0 74.42949611 0 457.25601250 0 23559
0.14650000 0.14650700 10367.05094467 0 82.25663325 0 2664.12314694 0 187.13225453 0 502.68022507 0 23044
0.14750000 0.14750500 10340.41093116 0 60.42688053 0 2263.29391618 0 417.64587769 0 536.13414728 0 23649
0.14850000 0.14849900 10262.90465743 0 41.77289201 0 2236.84213219 0 461.63400973 0 224.66189950 0 23640
0.14950000 0.14949500 10322.79486237 0 40.80904614 0 2164.21875370 0 161.56293482 0 278.26634564 0 24457
0.15050000 0.15050000 10159.17911853 0 228.82287917 0 2005.28660326 0 -312.27831302 0 665.34928514 0 24591
0.15150000 0.15149900 9867.30156398 0 412.87370570 0 2357.51940039 0 -224.41720112 0 620.92711797 0 25020
0.15250000 0.15250500 9820.80887207 0 173.48118526 0 2402.20730335 0 -281.21822744 0 786.68092774 0 25297
0.15350000 0.15350100 9692.25918093 0 71.04645798 0 2753.25536173 0 5.80849731 0 369.47240687 0 25452
0.15450000 0.15450400 9625.68129179 0 163.64896082 0 2968.68958573 0 -229.70312899 0 403.22417462 0 26061
0.15550000 0.15549900 9613.84497656 0 227.56838477 0 3153.12130023 0 -418.99891579 0 409.87642737 0 26128
0.15650000 0.15649500 9379.20026900 0 156.29915160 0 3369.04270652 0 -310.91641707 0 690.73701872 0 26331
0.15750000 0.15749700 9415.21854164 0 77.24928507 0 3617.97071309 0 184.50811355 0 782.07484061 0 27345
0.15850000 0.15849900 9365.23806741 0 -169.04229024 0 3367.90225706 0 456.18421146 0 398.95247170 0 26980
0.15950000 0.15949700 9518.55654917 0 -69.40764319 0 3279.00256109 0 515.60162813 0 495.60611674 0 27777
0.16050000 0.16050000 9473.08251114 0 104.62007202 0 3145.94643375 0 475.41019627 0 396.93398689 0 28224
0.16150000 0.16150500 9371.70430510 0 217.47042453 0 2933.73425627 0 98.43938959 0 528.08456713 0 28075
0.16250000 0.16249700 9090.74406283 0 317.64396163 0 2863.55786157 0 -36.67840464 0 711.74121890 0 28590
0.16350000 0.16349900 9032.37076638 0 89.90307004 0 2847.04902527 0 -87.82689842 0 621.75754233 0 29163
0.16450000 0.16449100 8816.87010844 0 66.72515105 0 2906.88386859 0 61.59191055 0 338.37688985 0 28996
0.16550000 0.16550500 8846.75431312 0 207.03032946 0 2913.12865979 0 -59.14570182 0 211.23892012 0 30777
0.16650000 0.16650700 8671.65656844 0 268.33225582 0 2648.31186710 0 -7.46935711 0 212.24428722 0 29211
0.16750000 0.16749900 8428.97335307 0 61.06841103 0 2669.54858610 0 -191.07400216 0 234.50962519 0 30922
0.16850000 0.16850800 8482.93986423 0 15.74960699 0 2791.48809933 0 102.91415894 0 80.18245464 0 30867
0.16950000 0.16949900 8508.78267036 0 9.58623060 0 2825.20332840 0 35.14699140 0 -73.10037424 0 30852
0.17050000 0.17049200 8378.89322791 0 52.92538046 0 2794.61049493 0 198.63529278 0 195.35899187 0 31257
0.17150000 0.17149500 8343.68323499 0 149.79526801 0 2604.96371543 0 89.38156355 0 125.15602359 0 32608
0.17250000 0.17250900 8300.00291358 0 26.00767304 0 2768.15871094 0 338.35142351 0 562.50399606 0 32361
0.17350000 0.17350400 8275.85417315 0 64.09691331 0 2635.82228470 0 446.03199683 0 655.38862174 0 32508
0.17450000 0.17449800 8211.41324271 0 120.06386140 0 2507.47189541 0 281.97225276 0 779.05320317 0 32791
0.17550000 0.17549800 8173.16943278 0 125.34868204 0 2554.27461241 0 374.17814492 0 878.47382218 0 33633
0.17650000 0.17650100 7977.59895951 0 117.00900699 0 2308.18112099 0 -107.79439683 0 951.18799373 0 33984
0.17750000 0.17750300 8005.34620551 0 108.85545771 0 2296.01263602 0 112.88013706 0 1046.03020643 0 34069
0.17850000 0.17849800 7951.09181389 0 29.25319289 0 2351.75071916 0 -83.58675163 0 776.18657827 0 34536
0.17950000 0.17950400 7906.61428510 0 72.32652946 0 2270.96703728 0 -152.01969806 0 511.41186042 0 35343
0.18050000 0.18050100 7871.68110029 0 35.91773593 0 2145.73904358 0 -108.95278345 0 526.15355368 0 34990
0.18150000 0.18150500 7669.16827936 0 88.20601482 0 2025.91434439 0 79.10257080 0 120.21555225 0 36243
0.18250000 0.18250200 7789.74589664 0 9.01933864 0 2000.89089030 0 211.61870086 0 -27.28752307 0 35694
0.18350000 0.18350400 7726.66686214 0 -15.65405283 0 1808.35423403 0 329.18243132 0 -508.57623804 0 37087
0.18450000 0.18450600 7662.17057008 0 114.08702047 0 1498.60594723 0 76.39439087 0 -265.70479314 0 36651
0.18550000 0.18550700 7587.54310080 0 131.05757272 0 1598.34544920 0 78.10185408 0 -360.30784362 0 37818
0.18650000 0.18651000 7547.85988865 0 109.75729857 0 1493.82270291 0 -14.76284140 0 17.22576934 0 37267
0.18750000 0.18750100 7370.81341480 0 190.58239094 0 1658.24672646 0 19.89331383 0 50.88375449 0 38334
0.18850000 0.18850000 7335.84701302 0 100.14020940 0 1531.32466707 0 148.51087833 0 129.18856429 0 38223
0.18950000 0.18949500 7276.15610992 0 -20.49686626 0 1759.92388527 0 260.35243132 0 265.67489786 0 39064
0.19050000 0.19050000 7212.58989314 0 142.98578824 0 1532.42082723 0 198.22008060 0 163.27360901 0 39609
0.19150000 0.19149800 7168.34488316 0 156.07549064 0 1737.77923564 0 26.56151073 0 415.22436026 0 39576
0.19250000 0.19250400 6945.82437128 0 157.99211007 0 1530.28386854 0 -118.71193054 0 387.09069012 0 40909
0.19350000 0.19350500 6847.51319922 0 204.74167992 0 1629.01578894 0 65.75222587 0 597.42389408 0 40191
0.19450000 0.19450100 6757.73878959 0 27.87180965 0 1601.77786989 0 187.01599512 0 533.53104371 0 41232
0.19550000 0.19549800 6785.95107323 0 -66.07365546 0 1442.75714084 0 240.85185285 0 554.99031644 0 40873
0.19650000 0.19649700 6823.89593038 0 -5.38523555 0 1353.19310539 0 116.22508639 0 262.98100123 0 42816
0.19750000 0.19750200 6888.32578850 0 64.51744021 0 1362.09525454 0 -37.25549421 0 174.28946497 0 41727
0.19850000 0.19849000 6691.81416762 0 153.58311033 0 1406.10774569 0 -128.31274339 0 503.66234028 0 42610
0.19950000 0.19949900 6688.01636021 0 144.88579918 0 1327.53852878 0 -86.59787036 0 328.23796202 0 43863
0.20050000 0.20050100 6545.01728517 0 94.45058457 0 1495.94858927 0 -100.62905254 0 299.52631653 0 43302
0.20150000 0.20150100 6534.74216774 0 -8.88542994 0 1362.21705011 0 30.51931324 0 145.98970997 0 44487
0.20250000 0.20249700 6525.55213814 0 47.91349263 0 1430.32292007 0 54.76017541 0 41.71885907 0 43759
0.20350000 0.20349100 6423.11098892 0 117.52497732 0 1309.59029025 0 -20.35624773 0 142.86842160 0 45282
0.20450000 0.20449700 6414.90639623 0 106.46826448 0 1449.43375271 0 65.38694988 0 -131.68205184 0 45483
0.20550000 0.20549900 6228.41522931 0 168.49088846 0 1328.55718266 0 -134.06592337 0 61.43534787 0 46138
0.20650000 0.20650200 6203.30319662 0 122.16428142 0 1523.07578508 0 -24.52276356 0 99.84612845 0 46227
0.20750000 0.20749300 6082.60378377 0 98.03646769 0 1391.76908505 0 39.05629712 0 290.41932937 0 46236
0.20850000 0.20850300 6110.37317442 0 33.67437219 0 1652.51126221 0 -13.78593019 0 233.36917574 0 48361
0.20950000 0.20950400 6101.68139944 0 -5.90570125 0 1601.93288244 0 97.25919048 0 583.05423093 0 46812
0.21050000 0.21050300 6128.19961738 0 83.01508750 0 1681.59825951 0 89.65981107 0 313.92919665 0 48813
0.21150000 0.21149700 6029.79986671 0 120.80017100 0 1454.50487748 0 45.65872441 0 697.97389022 0 47215
0.21250000 0.21249000 6039.44386163 0 27.27656147 0 1589.26614284 0 186.16010441 0 433.01426454 0 50004
0.21350000 0.21350300 5921.63432556 0 31.06296439 0 1314.60605339 0 138.95546201 0 615.84934981 0 49509
0.21450000 0.21449800 5942.01847555 0 84.88055278 0 1372.42573360 0 155.22070717 0 291.63064170 0 49660
0.21550000 0.21550100 5780.96043874 0 106.51410391 0 1195.71142949 0 90.25860239 0 172.78916496 0 50841
0.21650000 0.21649800 5775.33569773 0 55.76410310 0 1000.06012825 0 -47.82491404 0 170.67767261 0 50424
0.21750000 0.21750300 5664.23599050 0 55.72368911 0 1074.45175701 0 31.78011886 0 -7.26357795 0 52231
0.21850000 0.21850300 5696.40109410 0 74.81425940 0 1099.78191449 0 -85.08671947 0 39.87531699 0 51078
0.21950000 0.21950100 5595.12253898 0 9.72528793 0 1025.68480958 0 202.96678625 0 83.68031277 0 52791
0.22050000 0.22050700 5638.53712460 0 37.11133254 0 1067.22152890 0 0.32836419 0 61.67019188 0 52969
0.22150000 0.22150000 5634.89432973 0 61.59024970 0 995.86039544 0 51.97271764 0 110.94690915 0 52704
0.22250000 0.22250100 5626.60115844 0 106.21880500 0 1014.69774166 0 -33.08942127 0 139.53343736 0 54051
0.22350000 0.22349900 5531.21308013 0 144.40636752 0 1059.25277673 0 -202.63683097 0 386.07646517 0 53938
0.22450000 0.22449800 5494.09864734 0 74.29297434 0 1115.96854615 0 -32.69624302 0 164.52367448 0 54735
0.22550000 0.22549100 5405.74149528 0 123.36230697 0 1285.09830775 0 -110.27061155 0 82.66088383 0 54774
0.22650000 0.22649900 5319.14484288 0 163.12081093 0 1286.60414393 0 -106.73267160 0 -68.91370678 0 56911
0.22750000 0.22749800 5229.35936092 0 120.48239528 0 1285.59656237 0 -20.05663062 0 -16.58534607 0 54879
0.22850000 0.22849100 5127.75970839 0 46.64881169 0 1203.28489967 0 194.37466219 0 65.72233060 0 57210
0.22950000 0.22949800 5173.31125269 0 -73.89935320 0 1127.90451230 0 262.10739480 0 69.51648414 0 57375
0.23050000 0.23049600 5191.23734657 0 -53.21912924 0 1079.67014369 0 296.26440964 0 13.41390007 0 57604
0.23150000 0.23150100 5269.52975537 0 9.73582878 0 922.32687186 0 240.39678030 0 85.61630877 0 58629
0.23250000 0.23250200 5230.92055872 0 30.39275656 0 787.03967106 0 -24.90343009 0 157.34216460 0 58560
0.23350000 0.23350400 5167.16611242 0 66.71407873 0 883.70771012 0 -89.49339403 0 303.15139567 0 59305
0.23450000 0.23449700 5211.57720726 0 123.23497523 0 937.01098903 0 -109.00216602 0 178.17474375 0 59196
0.23550000 0.23549300 5067.95808204 0 116.19519111 0 928.39893479 0 -90.80911838 0 123.98900055 0 60063
0.23650000 0.23649900 4979.32412187 0 111.39755277 0 888.95820655 0 -38.51021006 0 48.74015241 0 61537
0.23750000 0.23750400 4972.37070188 0 5.54250685 0 841.96726002 0 44.57706900 0 -156.79962069 0 61224
0.23850000 0.23850100 4929.37686461 0 27.91388448 0 846.42940692 0 72.68527278 0 -283.39947543 0 61221
0.23950000 0.23949400 4896.94602522 0 115.91727576 0 734.91005858 0 -58.93621344 0 -348.20689983 0 62332
0.24050000 0.24050100 4856.75348613 0 38.04605820 0 851.56253671 0 -27.60308433 0 -240.52189757 0 63447
0.24150000 0.24150500 4870.60496447 0 40.04848815 0 802.17221739 0 88.10913198 0 2.63808104 0 63342
0.24250000 0.24250300 4821.95316922 0 -6.62870192 0 789.14341278 0 210.66980263 0 -38.29529623 0 63379
0.24350000 0.24349600 4888.81893880 0 -10.43565507 0 796.53751129 0 160.78676485 0 -78.00796077 0 64266
0.24450000 0.24449500 4853.27677613 0 18.99678769 0 733.34332462 0 77.01410889 0 114.85986874 0 64695
0.24550000 0.24549600 4958.23134309 0 77.52664681 0 735.52678708 0 -43.25304039 0 112.65979780 0 65947
0.24650000 0.24650000 4743.11821651 0 82.58094164 0 683.94525468 0 -88.21055447 0 119.07399556 0 66018
0.24750000 0.24750000 4834.07736490 0 108.57532789 0 895.61599547 0 -45.62639322 0 145.90666753 0 66303
0.24850000 0.24849600 4622.82847968 0 99.74304511 0 782.58638202 0 -88.59332474 0 94.50063148 0 66958
0.24950000 0.24949200 4605.21241090 0 152.17803231 0 808.85879435 0 80.00275081 0 95.20649219 0 66975
0.25050000 0.25048900 4554.63403112 0 37.53617764 0 761.34301962 0 74.61052862 0 215.67006452 0 68676
0.25150000 0.25150000 4511.31909643 0 31.69807294 0 775.82783495 0 49.20076112 0 300.15522458 0 69349
0.25250000 0.25249900 4549.08679639 0 37.23456752 0 798.57592629 0 112.52360820 0 258.16564717 0 68592
0.25350000 0.25349900 4502.35051333 0 25.23316392 0 778.24713792 0 170.07644538 0 426.58013659 0 70437
0.25450000 0.25450100 4456.11248489 0 85.17186565 0 618.69050836 0 146.41710170 0 388.56109486 0 70099
0.25550000 0.25550100 4442.55995931 0 100.26654463 0 679.39674364 0 21.63288678 0 425.48397643 0 71064
0.25650000 0.25650300 4351.30185815 0 58.26390187 0 573.04374206 0 64.78804783 0 561.39787081 0 71409
0.25750000 0.25750600 4278.81134757 0 79.44215900 0 626.01595846 0 33.02354094 0 642.91343336 0 72612
0.25850000 0.25850600 4229.98239512 0 43.73213989 0 526.64184321 0 66.99996616 0 562.58039511 0 71845
0.25950000 0.25949600 4224.54588363 0 -8.09775583 0 470.84618398 0 171.22907439 0 486.59435157 0 72816
0.26050000 0.26049800 4283.92676163 0 -31.72719315 0 375.31637991 0 40.64273982 0 333.16293210 0 73743
0.26150000 0.26149900 4254.64046249 0 18.66517156 0 332.52405895 0 -78.15754788 0 310.56653161 0 74662
0.26250000 0.26250300 4309.63669986 0 53.03643588 0 370.15335485 0 -81.89157870 0 183.89913568 0 74931
0.26350000 0.26350100 4268.64695338 0 98.75185059 0 446.55128887 0 -197.41069366 0 249.23028104 0 75087
0.26450000 0.26450200 4223.43865115 0 64.62539538 0 387.21580740 0 -40.63576425 0 157.43074320 0 76678
0.26550000 0.26550600 4218.51146660 0 -3.92719860 0 472.93442444 0 44.92474000 0 137.58692266 0 76035
0.26650000 0.26650100 4236.30469259 0 33.09329659 0 414.01415515 0 30.73079464 0 146.69723152 0 77094
0.26750000 0.26750600 4281.50192250 0 13.12136925 0 479.06295623 0 73.84188783 0 92.21607870 0 78463
0.26850000 0.26850100 4204.79285615 0 80.70019655 0 393.12178545 0 7.96897362 0 309.64531418 0 77076
0.26950000 0.26949700 4173.02635625 0 100.83532995 0 474.54434047 0 -27.40655056 0 223.16492118 0 79149
0.27050000 0.27049900 4123.05695434 0 40.48639859 0 468.61732500 0 22.39765226 0 331.07247717 0 79648
0.27150000 0.27150200 4160.03851924 0 6.15803953 0 487.01842161 0 9.31840213 0 207.58394570 0 80241
0.27250000 0.27250500 4109.93624943 0 27.28951609 0 488.34931506 0 -48.32936915 0 158.05411509 0 80835
0.27350000 0.27350000 4075.65633179 0 88.49987432 0 474.63402630 0 -60.69372356 0 56.00282242 0 80680
0.27450000 0.27450400 4035.92883035 0 84.91598422 0 466.71952852 0 27.92739272 0 153.18782833 0 82617
0.27550000 0.27550800 3995.97988240 0 14.70194362 0 375.64522796 0 62.16689637 0 95.31422591 0 82548
0.27650000 0.27649900 4023.07386123 0 -15.63799796 0 320.11530453 0 137.68214465 0 -18.44582881 0 81181
0.27750000 0.27748900 4014.57031577 0 35.58014074 0 295.99424491 0 73.75397357 0 95.17726125 0 84096
0.27850000 0.27849800 4038.65262225 0 58.76005275 0 244.29091694 0 23.56013564 0 113.05729426 0 85215
0.27950000 0.27950200 3968.57587847 0 81.64876261 0 322.31980440 0 -29.50431322 0 276.47927242 0 84514
0.28050000 0.28050300 3960.30485183 0 103.32937112 0 418.18288545 0 -45.35755717 0 368.82578310 0 85815
0.28150000 0.28150100 3883.72865339 0 100.34039703 0 521.45445903 0 41.69582863 0 421.55994452 0 85485
0.28250000 0.28250000 3844.25581541 0 106.96109366 0 503.29584633 0 42.65978523 0 553.07701871 0 87220
0.28350000 0.28350400 3810.80632213 0 40.70884160 0 580.64157135 0 17.15302416 0 662.99198719 0 87147
0.28450000 0.28449700 3787.94197138 0 -7.06258204 0 481.87975566 0 96.04832104 0 682.29990721 0 87102
0.28550000 0.28549800 3801.54985858 0 -11.26575833 0 482.20085308 0 80.09000073 0 639.21749134 0 88971
0.28650000 0.28649900 3835.69690833 0 56.58533743 0 369.59309521 0 72.48408864 0 602.23814091 0 89434
0.28750000 0.28750100 3744.51631344 0 49.62217380 0 315.15158131 0 -3.77379154 0 491.86145649 0 89619
0.28850000 0.28849900 3705.99569540 0 84.69298760 0 221.27044641 0 69.26015982 0 415.72925827 0 90240
0.28950000 0.28950100 3648.82928236 0 78.92032033 0 215.21277750 0 -11.63214156 0 253.69464241 0 91333
0.29050000 0.29050500 3616.47594924 0 67.48725917 0 213.23304582 0 -30.11129807 0 300.31798775 0 92139
0.29150000 0.29150600 3575.15403302 0 9.45429278 0 197.65760650 0 -33.77601614 0 241.62913005 0 92370
0.29250000 0.29250200 3597.52012915 0 23.09742319 0 249.32771750 0 -81.26521728 0 235.07652822 0 91819
0.29350000 0.29349600 3551.62534278 0 64.65108317 0 283.93759042 0 10.08486167 0 170.90465527 0 93552
0.29450000 0.29450000 3516.73644727 0 74.41886668 0 273.69679719 0 -32.07397836 0 182.00023197 0 94701
0.29550000 0.29550200 3496.30800798 0 38.10972407 0 231.42044657 0 78.78246989 0 265.82769594 0 95020
0.29650000 0.29650300 3473.68724838 0 37.44494169 0 229.46285954 0 60.70313503 0 201.09445612 0 95151
0.29750000 0.29749800 3459.41502169 0 55.92775206 0 169.86385674 0 124.45735989 0 278.45568240 0 95802
0.29850000 0.29850000 3420.44043833 0 44.39581504 0 135.77106139 0 50.24776015 0 330.75580868 0 97399
0.29950000 0.29950700 3427.29420739 0 44.13151865 0 84.67516116 0 83.26100383 0 323.96847357 0 97881
0.30050000 0.30050300 3392.92571115 0 45.03513107 0 129.79422045 0 40.10196747 0 399.59466654 0 97188
0.30150000 0.30149700 3328.62872093 0 81.92479567 0 113.06504489 0 -62.24418120 0 373.67878307 0 98263
0.30250000 0.30249700 3373.90345711 0 84.76728290 0 173.85432260 0 -48.20358754 0 430.18307109 0 100050
0.30350000 0.30350600 3288.33653092 0 27.15443372 0 176.20054823 0 -89.09401527 0 384.25838944 0 100779
0.30450000 0.30450500 3333.61126710 0 53.56248203 0 220.44666544 0 28.49496009 0 421.73820895 0 99982
0.30550000 0.30550300 3287.97114420 0 19.61240895 0 183.48835243 0 -5.39465810 0 317.52438052 0 101559
0.30650000 0.30649700 3300.56037752 0 -3.29738262 0 144.87361962 0 75.85638661 0 308.38749808 0 100935
0.30750000 0.30749800 3306.43978199 0 -9.09784142 0 101.21643937 0 33.27355404 0 259.62276512 0 103762
0.30850000 0.30850200 3324.74233492 0 0.09279184 0 132.46597243 0 -6.91915114 0 121.95722895 0 102951
0.30950000 0.30950100 3356.30953298 0 66.94050777 0 159.88215592 0 -117.81175054 0 137.46844879 0 104394
0.31050000 0.31050000 3264.39816466 0 128.48325720 0 162.38007240 0 -174.63159981 0 115.39909096 0 103963
0.31150000 0.31149700 3226.95156212 0 98.75484012 0 233.52861722 0 -148.27725227 0 161.04475002 0 105936
0.31250000 0.31250000 3178.46585174 0 74.40026517 0 281.12964884 0 -17.53712311 0 87.08582772 0 105717
0.31350000 0.31349800 3146.74364113 0 48.38306993 0 272.69696626 0 66.84606084 0 75.01965102 0 106776
0.31450000 0.31450400 3121.64268077 0 43.80776387 0 270.94532447 0 167.55859871 0 60.29611637 0 108733
0.31550000 0.31549900 3082.46879556 0 36.27902588 0 170.41415128 0 73.32591750 0 31.85352838 0 105891
0.31650000 0.31650000 3070.41103383 0 36.48751776 0 135.42560486 0 92.39943640 0 76.76210278 0 111072
0.31750000 0.31750600 3102.57613743 0 19.94535376 0 153.35059151 0 -8.68729069 0 54.83137046 0 108121
0.31850000 0.31849900 3044.85610815 0 33.48636412 0 127.77905734 0 -34.22289517 0 20.39533304 0 110484
0.31950000 0.31950100 3048.33281815 0 62.78506427 0 140.89644055 0 -69.46854097 0 -13.13133434 0 110817
0.32050000 0.32049800 3017.59604445 0 89.49361547 0 118.04980552 0 -69.65699194 0 43.92524123 0 111088
0.32150000 0.32149900 3022.92183269 0 29.88652987 0 139.77813574 0 -21.52005979 0 71.18010095 0 112635
0.32250000 0.32250100 2987.55682722 0 -6.03912276 0 143.94908050 0 25.65092274 0 -24.72151179 0 113202
0.32350000 0.32350400 2987.60111652 0 31.39181243 0 130.19503861 0 50.40753380 0 -27.55181946 0 113863
0.32450000 0.32450300 2999.41528710 0 78.98476126 0 54.12783494 0 -3.32354652 0 42.86517686 0 114045
0.32550000 0.32549900 2915.61993287 0 73.58600641 0 25.28819338 0 44.11967126 0 -1.65038538 0 114828
0.32650000 0.32650300 2881.11856874 0 63.96814217 0 -9.34483177 0 90.38726281 0 81.15360825 0 116431
0.32750000 0.32750400 2864.41043058 0 8.03438891 0 -23.57309026 0 86.79761510 0 81.04808899 0 116442
0.32850000 0.32850400 2863.60215087 0 24.16623470 0 -68.42796389 0 87.19754747 0 51.77773400 0 116955
0.32950000 0.32949800 2857.64524012 0 65.11523503 0 -45.91615596 0 23.10207356 0 66.19002560 0 117028
0.33050000 0.33049700 2798.07613260 0 71.38671053 0 -71.94575221 0 -33.23402584 0 130.97563751 0 119061
0.33150000 0.33150100 2809.62456738 0 57.36748646 0 -22.42300788 0 7.07760718 0 201.34026173 0 120060
0.33250000 0.33250400 2795.25268977 0 9.78353943 0 -14.58812012 0 -32.87018924 0 221.60704508 0 119737
0.33350000 0.33350100 2793.89079381 0 17.73731074 0 19.60465832 0 2.97331782 0 208.07998585 0 120531
0.33450000 0.33450000 2819.95504644 0 16.70381994 0 -11.36596287 0 99.09996448 0 256.54133712 0 121704
0.33550000 0.33550300 2823.85250477 0 23.10871696 0 -78.86141557 0 81.63171123 0 255.59797504 0 122761
0.33650000 0.33650300 2781.84410441 0 10.75182530 0 -173.65280629 0 114.33171884 0 261.19724970 0 122472
0.33750000 0.33749900 2824.31754242 0 18.92127444 0 -176.83499245 0 96.87487009 0 242.68542984 0 122985
0.33850000 0.33849800 2781.12440330 0 57.49182867 0 -239.78890967 0 46.68258228 0 289.61326412 0 125380
0.33950000 0.33950300 2750.43191890 0 88.06196387 0 -247.58382634 0 -20.92381510 0 267.88936282 0 125223
0.34050000 0.34050000 2727.63400210 0 45.84828261 0 -277.71826557 0 -17.40193002 0 405.47407102 0 125178
0.34150000 0.34149900 2694.66061879 0 33.40786134 0 -268.56588187 0 -12.18376478 0 340.77072648 0 127059
0.34250000 0.34250300 2689.64485565 0 52.52212639 0 -221.14865084 0 -40.38984792 0 306.43101829 0 127957
0.34350000 0.34349800 2675.74908800 0 81.75561055 0 -161.39684995 0 -87.49295710 0 254.47302684 0 126732
0.34450000 0.34449700 2631.42657175 0 78.14603266 0 -153.21993807 0 -101.31022197 0 358.61156346 0 129639
0.34550000 0.34550000 2584.83422891 0 56.80313006 0 -93.99861227 0 -29.87523610 0 353.95122194 0 129826
0.34650000 0.34650400 2582.91871672 0 42.93781131 0 -53.59702769 0 6.01801891 0 259.91618172 0 130875
0.34750000 0.34750200 2545.94822415 0 24.71099308 0 -82.73241104 0 55.13619156 0 187.07135674 0 130686
0.34850000 0.34850200 2536.58103735 0 63.99881251 0 -128.06472332 0 -10.78991410 0 188.10108295 0 132211
0.34950000 0.34950400 2561.20588775 0 17.76587734 0 -124.90800351 0 -12.82252720 0 247.98907343 0 132768
0.35050000 0.35050300 2540.13525362 0 10.17348456 0 -104.47314227 0 -4.96240561 0 239.01163247 0 132957
0.35150000 0.35150100 2557.95062425 0 43.81750751 0 -137.34554598 0 -11.06632362 0 214.18526576 0 133987
0.35250000 0.35249800 2553.30024783 0 30.94670498 0 -89.07375292 0 -49.53747052 0 139.34742231 0 134778
0.35350000 0.35349800 2524.86651770 0 74.26595787 0 -106.76821376 0 -13.47369063 0 226.42239915 0 135699
0.35450000 0.35450100 2527.68996052 0 19.69379054 0 -64.57213749 0 5.50888020 0 259.87078519 0 137380
0.35550000 0.35550100 2505.98820388 0 47.47735376 0 -86.82474230 0 33.69397021 0 232.99936009 0 136161
0.35650000 0.35649900 2496.64316173 0 57.57121723 0 -157.35102246 0 102.92678139 0 229.81828117 0 138792
0.35750000 0.35750000 2430.46387629 0 49.11395409 0 -199.44025080 0 18.71189677 0 255.77623947 0 138097
0.35850000 0.35849800 2461.25601161 0 49.69835139 0 -250.47259589 0 40.56866597 0 281.44299564 0 140028
0.35950000 0.35950300 2404.88680596 0 27.35362485 0 -204.54459254 0 -1.18561347 0 246.63824980 0 141099
0.36050000 0.36050500 2435.21390364 0 8.10076750 0 -277.62193634 0 40.41553571 0 301.06204798 0 140821
0.36150000 0.36150200 2435.95574940 0 -11.71042290 0 -291.65942975 0 70.91237213 0 294.15070283 0 141756
0.36250000 0.36250400 2446.52981960 0 25.39116600 0 -297.90643541 0 75.44637842 0 333.60582509 0 142971
0.36350000 0.36349900 2477.82020954 0 16.77700801 0 -311.65272667 0 28.91858724 0 329.54892527 0 142270
0.36450000 0.36450000 2440.46218560 0 61.31764906 0 -314.99878323 0 85.74928739 0 357.86418153 0 145311
0.36550000 0.36550300 2425.60312570 0 61.02489679 0 -362.15913633 0 -33.61557815 0 437.04459078 0 145434
0.36650000 0.36650100 2409.39324216 0 31.55457561 0 -348.53796234 0 30.89765458 0 424.16747701 0 144547
0.36750000 0.36749600 2373.68499462 0 59.36471241 0 -326.31580643 0 -50.50895629 0 430.08784909 0 146892
0.36850000 0.36849900 2358.26124615 0 42.72788003 0 -368.94979314 0 4.59142737 0 390.72351990 0 148113
0.36950000 0.36949900 2338.95111167 0 44.86284570 0 -344.06363588 0 -19.61174461 0 393.05645874 0 147387
0.37050000 0.37049800 2306.37633205 0 71.04247195 0 -375.29534250 0 -50.27710181 0 311.55086128 0 149758
0.37150000 0.37150100 2298.27139028 0 71.78476060 0 -351.26839764 0 -69.73671268 0 241.51619234 0 150099
0.37250000 0.37250000 2265.89591251 0 58.96378353 0 -326.39663440 0 -120.78356252 0 312.13105110 0 150468
0.37350000 0.37349800 2245.42318392 0 49.65372993 0 -291.25528989 0 -38.28998152 0 273.04795896 0 150709
0.37450000 0.37449700 2268.75257232 0 -6.20168664 0 -280.93145423 0 0.13830219 0 305.42011503 0 153108
0.37550000 0.37550100 2262.52992577 0 10.93492834 0 -311.09135980 0 111.39312384 0 290.42597276 0 153189
0.37650000 0.37649900 2277.86509564 0 31.66496669 0 -275.48276319 0 52.81476794 0 273.48310132 0 153547
0.37750000 0.37749900 2265.79626159 0 56.57935838 0 -361.56123079 0 34.63899313 0 264.30525128 0 155424
0.37850000 0.37850200 2219.37000362 0 70.18480967 0 -302.53798888 0 -31.28928271 0 283.65081720 0 155313
0.37950000 0.37949900 2187.47063582 0 68.41733446 0 -312.33367465 0 -61.96648729 0 344.99592563 0 156100
0.38050000 0.38050000 2164.82773157 0 38.43170728 0 -278.89082476 0 -10.72906060 0 303.52453302 0 157557
0.38150000 0.38149800 2186.96130888 0 -7.33400901 0 -310.99060165 0 17.25356087 0 270.69619717 0 157692
0.38250000 0.38250100 2197.22535399 0 15.45851557 0 -312.58501642 0 16.86237564 0 228.71990655 0 159703
0.38350000 0.38350500 2205.24171716 0 34.91458330 0 -336.46359212 0 -13.15203959 0 232.77237743 0 160338
0.38450000 0.38450600 2208.20910021 0 18.51979194 0 -359.37333941 0 15.53679691 0 236.27566100 0 160167
0.38550000 0.38550000 2197.74575325 0 31.70837020 0 -377.18981727 0 18.96999267 0 202.16293547 0 160033
0.38650000 0.38649600 2185.86514872 0 46.94566072 0 -381.57335067 0 -4.13120619 0 202.55489577 0 162444
0.38750000 0.38750200 2170.38603863 0 50.76218036 0 -349.21780308 0 -37.91551549 0 171.30768790 0 164307
0.38850000 0.38850400 2154.38652926 0 76.82532575 0 -356.03946240 0 -66.25513087 0 118.74293305 0 163882
0.38950000 0.38950500 2120.48307067 0 73.43963027 0 -309.01640613 0 -98.55609189 0 208.97352246 0 164595
0.39050000 0.39050100 2093.55517671 0 61.77648620 0 -309.14041617 0 -43.27164190 0 160.48559762 0 165006
0.39150000 0.39150100 2074.90938172 0 36.50933024 0 -272.28396855 0 -18.50473358 0 181.04136864 0 166687
0.39250000 0.39250100 2069.78289532 0 30.29797746 0 -267.74763707 0 70.93883499 0 239.45120376 0 167256
0.39350000 0.39350100 2065.57541189 0 1.41508740 0 -271.89975887 0 125.69081688 0 247.93814073 0 167937
0.39450000 0.39449600 2061.70009821 0 38.12710762 0 -341.72516088 0 78.91312332 0 185.50462278 0 167719
0.39550000 0.39549700 2052.37720071 0 57.52659577 0 -315.05635932 0 -0.28629267 0 196.36546619 0 171636
0.39650000 0.39650400 2001.99812278 0 74.67009773 0 -354.45169102 0 -6.58076982 0 283.16142045 0 171093
0.39750000 0.39750000 1995.94156111 0 47.78029257 0 -336.73929301 0 -93.09577491 0 313.84947591 0 170464
0.39850000 0.39849800 1983.98345030 0 31.03605864 0 -353.57919183 0 -50.26525443 0 254.25933097 0 172113
0.39950000 0.39949500 2000.61408218 0 14.14090892 0 -301.18052186 0 -5.75883793 0 224.78258784 0 173232
