### header ###
fiducial parameters:
Omega_m = 0.31
Omega_nu = 0
Omega_de = 0.69
Omega_k = 0
H_0 = 100
w_de = -1
zeff = 0
beta = 0
fgrowth = 0
b_1 = 2
gamma = 0.55
Lx = 3500 Ly = 3500 Lz = 3500
nx = 700 ny = 700 nz = 700
xoffset = -685.467585 yoffset = -31.7331281 zoffset = 572.489161
bins = 400 dk = 0.001
kx_ny = 0.628318531 ky_ny = 0.628318531 kz_ny = 0.628318531
############################
A(data) = 8.07688471 (not used)
A(ran) = 8.07358601 (used)
Ngal = 480125
weighted Ngal = 0
Nran = 23820508
weighted Nran = 0
SN(data) = 3489.5319
SN(ran) = 70.3238621
SN(data+ran) = 3559.85576
############################
13 columns: k_central k_mean P_0(k) sigma^{lin}_{P_0(k)} P^img_1(k) sigma^{lin}_{P_1(k)} P_2(k) sigma^{lin}_{P_2(k)} P^img_3(k) sigma^{lin}_{P_3(k)} P_4(k) sigma^{lin}_{P_4(k)} N_modes
### header ###
0.00050000 0 0 0 0 0 0 0 0 0 0 0 0
0.00150000 0.00179520 17158.44960171 0 -19649.50123941 0 29858.95978494 0 -63545.29008994 0 19026.90441486 0 3
0.00250000 0.00253879 27745.80659330 0 -19678.40000719 0 -21922.64952468 0 19660.90573397 0 -29561.11424732 0 6
0.00350000 0.00331552 40825.54390157 0 -15449.21481946 0 14433.88263359 0 -8547.21470981 0 10957.89234165 0 7
0.00450000 0.00420575 49410.69239620 0 -15336.27710631 0 -1569.97815301 0 -3196.55803049 0 -6762.93170993 0 24
0.00550000 0.00557378 75006.36423297 0 -13507.57193926 0 26074.77133167 0 -3900.12676644 0 -5481.21046125 0 45
0.00650000 0.00659388 71773.90972541 0 1763.89884988 0 -16827.94070588 0 -17882.35819835 0 16953.39014607 0 40
0.00750000 0.00754703 92835.13237920 0 6882.94463864 0 38293.30321554 0 -3175.07772035 0 -22551.00395814 0 57
0.00850000 0.00846663 74404.80482557 0 4310.43390725 0 10832.15502101 0 -3612.72243113 0 32105.64521389 0 75
0.00950000 0.00948925 79312.83424793 0 13583.52808752 0 29248.21034794 0 7213.97393374 0 2698.62451107 0 112
0.01050000 0.01054430 73046.67346332 0 -271.05272603 0 12304.56384771 0 20741.56463627 0 -25144.58532366 0 105
0.01150000 0.01145670 74380.00281798 0 -13905.06840025 0 19466.03281717 0 -1228.85089767 0 -14861.27437159 0 144
0.01250000 0.01249090 83318.35847433 0 2149.06074103 0 18242.54092471 0 3941.99122658 0 -48319.40406208 0 169
0.01350000 0.01339930 79256.03322161 0 10429.54314595 0 17164.53938036 0 -19597.12914302 0 -27343.32758614 0 180
0.01450000 0.01448870 66670.01087701 0 12468.10208528 0 21990.96576881 0 -12580.48618219 0 -25241.80033556 0 267
0.01550000 0.01550050 65665.97246246 0 7969.26149892 0 35293.03535944 0 -6219.93382850 0 -15559.49517465 0 238
0.01650000 0.01653350 59076.94268613 0 2280.38958570 0 32669.66944015 0 -11794.68328981 0 -41267.32966183 0 315
0.01750000 0.01747870 60209.42006858 0 4117.10004359 0 36885.23566836 0 -16438.41631876 0 -33215.20288397 0 297
0.01850000 0.01844180 59729.98840393 0 3086.96415944 0 47286.02398675 0 -15905.17315549 0 -34125.56943056 0 388
0.01950000 0.01947590 61031.98307936 0 -1882.50559334 0 44095.31214376 0 8667.28300014 0 -28165.66915042 0 399
0.02050000 0.02045430 63582.27165484 0 -9656.01946179 0 41709.44759184 0 13350.23420359 0 -35169.24676796 0 462
0.02150000 0.02154770 71600.96001175 0 -5836.59887095 0 39144.54354760 0 18490.78244714 0 -42066.19789750 0 571
0.02250000 0.02255340 71701.82889085 0 -304.22098225 0 31142.90657091 0 15538.01486450 0 -33730.84105077 0 510
0.02350000 0.02348930 67956.28285119 0 8280.01736728 0 26949.70643884 0 14484.37243476 0 -20022.74930905 0 555
0.02450000 0.02439640 67596.98591083 0 7208.71457945 0 12802.70774130 0 1910.38570723 0 -8257.16408886 0 592
0.02550000 0.02547300 59883.34010267 0 44.02013106 0 7394.39746666 0 9900.52961076 0 -6257.55758823 0 837
0.02650000 0.02652900 62425.76732753 0 -3182.19722520 0 8466.51960653 0 2803.32441456 0 -9934.75416678 0 723
0.02750000 0.02749970 60960.23441453 0 329.34519450 0 13172.74483674 0 -1018.04158375 0 -13595.37547507 0 826
0.02850000 0.02848090 61471.22220491 0 3463.84395162 0 11323.88803853 0 -1456.63076384 0 -1613.10485818 0 831
0.02950000 0.02946900 57007.30373103 0 1787.05108108 0 6193.34917661 0 -2760.18663707 0 -2469.01771131 0 996
0.03050000 0.03053250 58053.63842639 0 2378.24679245 0 16241.55038348 0 -1997.60240983 0 -5077.42491976 0 1041
0.03150000 0.03150510 55744.28363896 0 3274.85043929 0 16497.76397978 0 -4077.04037240 0 -6950.41938608 0 1036
0.03250000 0.03246190 50940.22334665 0 5353.21438634 0 19330.06466839 0 56.31295824 0 -4474.02750644 0 1059
0.03350000 0.03345080 48201.15163301 0 2675.36155663 0 22061.16430816 0 -369.82118511 0 956.40748765 0 1302
0.03450000 0.03451200 48716.12546033 0 578.43153532 0 21066.75881620 0 3897.02651550 0 2774.68031025 0 1339
0.03550000 0.03553350 46690.33291151 0 193.39808314 0 20426.77844168 0 4165.44181375 0 400.19367932 0 1365
0.03650000 0.03647120 47151.93813320 0 405.12418556 0 19404.80286092 0 4073.30899893 0 -121.10576717 0 1308
0.03750000 0.03744890 46971.23779216 0 -12.94432278 0 17610.64334731 0 1833.73200252 0 1568.85984820 0 1579
0.03850000 0.03847530 49355.88438835 0 -2370.95013039 0 15876.93872720 0 3785.00780531 0 -302.65535552 0 1662
0.03950000 0.03950240 50271.67637410 0 -2019.27094950 0 13398.84170954 0 -1836.17898630 0 1613.49238955 0 1683
0.04050000 0.04050350 51487.30691594 0 587.43001370 0 14766.71671764 0 2010.32451105 0 1916.23189474 0 1822
0.04150000 0.04152450 49376.58963576 0 2390.26026487 0 16771.25040280 0 -2408.06456318 0 -644.60971352 0 1887
0.04250000 0.04250150 47003.23681088 0 3262.61552036 0 17100.87351265 0 1508.68176281 0 2675.45013523 0 1920
0.04350000 0.04349210 43598.71837565 0 3524.53136395 0 18287.93745646 0 2150.82124067 0 1443.31075709 0 2005
0.04450000 0.04448520 43025.72556628 0 1424.11134585 0 17425.62479959 0 1391.49227693 0 3102.81972858 0 2151
0.04550000 0.04548030 42315.10375942 0 328.01762275 0 16431.10858437 0 2117.53783227 0 1327.50531181 0 2274
0.04650000 0.04648670 41950.49210314 0 497.54155912 0 15653.94210535 0 -506.41049130 0 1071.76782547 0 2311
0.04750000 0.04749250 41298.11072483 0 1429.79144848 0 17048.39069301 0 -412.67994001 0 16.86171130 0 2568
0.04850000 0.04851840 39809.54737621 0 1191.18284864 0 14668.72664299 0 -112.09953816 0 574.90832156 0 2493
0.04950000 0.04949480 39880.63170154 0 505.71072037 0 17139.51592627 0 1940.03739310 0 -91.26109068 0 2644
0.05050000 0.05050630 39165.91313450 0 -411.72772008 0 16255.50151275 0 -181.73449618 0 -1079.56163491 0 2829
0.05150000 0.05149060 40694.22612922 0 421.15469743 0 17442.56545656 0 -824.36669249 0 -3985.01828083 0 2784
0.05250000 0.05249300 38794.10446709 0 1024.68054971 0 16919.06593913 0 627.70227353 0 -1970.56379262 0 3055
0.05350000 0.05348950 38475.88585180 0 1420.45747866 0 15358.42175594 0 2589.16350792 0 -2188.28998786 0 3009
0.05450000 0.05448610 37015.22476173 0 543.06099368 0 13645.42238325 0 2967.07302630 0 -3043.47206755 0 3336
0.05550000 0.05550870 36410.56510338 0 263.11386913 0 12219.97128610 0 4628.03247235 0 -2519.02033019 0 3349
0.05650000 0.05647670 36261.08871833 0 647.29918122 0 8991.08206714 0 4058.28385415 0 -5731.86575049 0 3324
0.05750000 0.05747970 34233.74604404 0 1455.55674833 0 7600.42021456 0 1306.51218395 0 -4234.35596342 0 3639
0.05850000 0.05849280 33091.52501574 0 2077.31207620 0 8263.71890515 0 -2189.77367938 0 -4324.18573467 0 3846
0.05950000 0.05951020 31088.32000955 0 1098.18528526 0 8012.08925132 0 -127.26751593 0 -2443.93889560 0 3787
0.06050000 0.06049470 30770.54428726 0 550.87473331 0 9297.18755907 0 -1075.03416129 0 -3036.49650292 0 3930
0.06150000 0.06148310 31081.67661466 0 32.53359057 0 10284.24102735 0 -1156.50432731 0 -3223.96203442 0 4083
0.06250000 0.06249100 30971.17481297 0 278.38814122 0 9603.43699123 0 504.31560744 0 -4256.52275771 0 4303
0.06350000 0.06350600 29943.55234655 0 954.49308269 0 10566.09812794 0 1454.05091216 0 -1854.43724993 0 4470
0.06450000 0.06451750 29779.90338573 0 20.28549558 0 8415.16616402 0 600.96925248 0 -3473.18899376 0 4479
0.06550000 0.06550280 30051.39679029 0 143.61912522 0 10215.82513230 0 1593.03073328 0 -3099.92985180 0 4636
0.06650000 0.06648880 29561.44641706 0 205.82123159 0 9644.81426908 0 1281.48872986 0 -1570.18852718 0 4653
0.06750000 0.06749660 29508.18853469 0 -7.32494077 0 10584.45604249 0 -609.69313721 0 1.01643610 0 5220
0.06850000 0.06852730 30038.88506324 0 -257.91430540 0 11393.09006864 0 -286.29156667 0 573.83209159 0 5029
0.06950000 0.06949320 30243.83379564 0 10.91289441 0 12548.37644022 0 435.35938294 0 461.37823903 0 5040
0.07050000 0.07048030 30480.22793051 0 626.09567920 0 11509.01730949 0 -424.23501819 0 1262.35575257 0 5475
0.07150000 0.07148790 30051.28606704 0 1459.59814689 0 13995.97218701 0 743.90964420 0 4629.02898158 0 5509
0.07250000 0.07249820 29190.85570538 0 655.33547458 0 12379.30204024 0 1137.39349467 0 5393.13011732 0 5916
0.07350000 0.07351270 28801.33131826 0 -284.25979507 0 12141.24705664 0 2381.18095852 0 3672.88944419 0 5721
0.07450000 0.07449140 28290.45425113 0 141.85973281 0 11580.32308133 0 1591.18165504 0 3293.87269332 0 6028
0.07550000 0.07549160 28732.79362764 0 984.35957165 0 12055.43653929 0 752.57816730 0 1668.93151991 0 6183
0.07650000 0.07648840 27117.67360634 0 1183.41007662 0 11942.60954939 0 -1473.77072266 0 3480.48565582 0 6330
0.07750000 0.07749960 26758.93028222 0 894.48218940 0 10629.38753660 0 -1434.86257325 0 2526.08447343 0 6583
0.07850000 0.07848650 26614.21499684 0 337.40916866 0 11866.21050814 0 1123.12126798 0 2530.40268010 0 6549
0.07950000 0.07947320 25277.45322148 0 181.94487035 0 11151.27049460 0 1389.26673965 0 196.52380044 0 6828
0.08050000 0.08048110 25302.47667557 0 860.82342919 0 10748.53682397 0 1177.26493634 0 -1139.54152569 0 7147
0.08150000 0.08149960 24135.12146994 0 1614.68820063 0 10785.34123167 0 345.05128725 0 -611.84559715 0 7386
0.08250000 0.08250610 22631.49975957 0 828.99824596 0 9713.01978996 0 -303.42377487 0 -851.62122003 0 7227
0.08350000 0.08350160 22207.65116551 0 794.96413393 0 10585.13145430 0 1091.83309251 0 173.09365389 0 7798
0.08450000 0.08449610 22650.87632800 0 -386.19051012 0 10082.28182266 0 1400.90375303 0 104.89023675 0 7371
0.08550000 0.08548940 22019.42164359 0 -198.95196127 0 9894.01908377 0 1919.64217078 0 2402.91593214 0 8256
0.08650000 0.08650700 22519.11566266 0 135.47543032 0 7548.67924069 0 2308.48007376 0 1544.06891293 0 8037
0.08750000 0.08749060 21855.32978978 0 244.27873738 0 8084.60190656 0 1922.62062616 0 3973.95702834 0 8155
0.08850000 0.08849210 21731.20902856 0 319.72445146 0 6862.81515212 0 1173.77715402 0 1765.22752886 0 8718
0.08950000 0.08949900 20798.58710909 0 733.08533945 0 6262.37404953 0 901.27395345 0 2774.06026006 0 8571
0.09050000 0.09049190 20530.08323224 0 356.29412587 0 6280.35550503 0 -186.11470788 0 3061.20993191 0 8932
0.09150000 0.09150830 20445.93356362 0 43.19225333 0 6119.69607192 0 -154.99926067 0 3589.07194531 0 9285
0.09250000 0.09250820 20331.99934123 0 293.36235330 0 6176.34208569 0 1.57379811 0 2130.62532020 0 9204
0.09350000 0.09350330 20310.07613809 0 580.32601009 0 6582.12064564 0 -783.55963937 0 511.09187023 0 9349
0.09450000 0.09448040 19528.59145239 0 639.92501289 0 7108.68719704 0 -1381.07321928 0 1824.96272126 0 9564
0.09550000 0.09549270 19272.15640959 0 561.17420985 0 7807.05194033 0 -662.91558815 0 1207.78026354 0 10155
0.09650000 0.09649430 18786.08135005 0 558.69290186 0 7712.99254099 0 -232.47453189 0 770.32599675 0 9913
0.09750000 0.09749140 18585.34010109 0 206.39699248 0 8283.35013705 0 691.91289961 0 425.59580691 0 10476
0.09850000 0.09850240 18121.63113769 0 588.85834360 0 7776.37052826 0 944.36079825 0 1207.74704657 0 10575
0.09950000 0.09950330 17687.48528155 0 335.59995079 0 7113.76939413 0 1233.02516413 0 677.29964532 0 10882
0.10050000 0.10051200 17422.30310214 0 117.26367046 0 6420.47577561 0 1299.90200603 0 1203.87173288 0 10875
0.10150000 0.10150300 17333.39233385 0 196.39979040 0 6412.65871429 0 375.61865438 0 494.53542293 0 11118
0.10250000 0.10250800 17149.48101861 0 -7.18153202 0 6185.29959647 0 45.62506454 0 220.44887991 0 11575
0.10350000 0.10349800 16852.18909723 0 174.46108601 0 5747.32271594 0 38.56856121 0 340.55370891 0 11364
0.10450000 0.10450100 16757.74216652 0 275.43404496 0 5494.47510638 0 -322.47813865 0 -172.15029182 0 12093
0.10550000 0.10551000 16516.25476223 0 236.35648897 0 5305.01655641 0 118.15388537 0 -479.41948509 0 12067
0.10650000 0.10649700 16613.13760439 0 191.13822165 0 4749.08619959 0 199.18558733 0 -1037.91640680 0 12054
0.10750000 0.10749900 16249.19028760 0 352.78309167 0 5197.55964404 0 39.28073314 0 -423.22743664 0 12807
0.10850000 0.10850100 15875.83149472 0 244.04621856 0 4679.96167575 0 772.98889087 0 -1196.95152987 0 12736
0.10950000 0.10950300 15853.90829158 0 98.78296383 0 4880.80257563 0 882.84849772 0 -149.89602616 0 12933
0.11050000 0.11050200 15232.08652976 0 172.23111979 0 4291.81025690 0 126.84233866 0 -251.04392785 0 13428
0.11150000 0.11150900 15431.38837650 0 437.33247122 0 4769.88002560 0 72.76122893 0 -230.67749357 0 13453
0.11250000 0.11250000 14869.24644546 0 453.67300819 0 4609.39774968 0 -566.08810761 0 496.62698509 0 13668
0.11350000 0.11349100 14697.73613402 0 375.26766168 0 4976.75534251 0 -109.27864197 0 -68.16754281 0 13791
0.11450000 0.11448600 14700.28276872 0 283.82575994 0 5092.18432875 0 -716.48681732 0 264.53444840 0 14205
0.11550000 0.11549300 14493.78391086 0 -32.77386002 0 5203.04044483 0 333.69440369 0 477.85496559 0 14776
0.11650000 0.11649800 14688.76755091 0 -80.58271918 0 5457.27209499 0 574.75220178 0 81.08451694 0 14553
0.11750000 0.11747300 14463.00284786 0 262.51928529 0 4951.01218731 0 924.52915726 0 632.20649526 0 14568
0.11850000 0.11849100 14419.59933457 0 161.87406715 0 5156.49239129 0 585.35063110 0 714.43179383 0 16015
0.11950000 0.11950300 14151.31690422 0 163.94237743 0 4473.55139648 0 376.87757771 0 1068.67975408 0 15270
0.12050000 0.12050700 14045.90837194 0 276.50030984 0 4877.03798519 0 381.25557495 0 791.68229686 0 15999
0.12150000 0.12150000 13855.24293856 0 227.04909273 0 4573.31304309 0 -249.16827602 0 1289.90369672 0 15670
0.12250000 0.12250700 13698.90171213 0 213.62279166 0 4610.99216445 0 -393.36759106 0 459.56459223 0 16887
0.12350000 0.12352200 13564.92658182 0 211.03186765 0 4811.16872485 0 -510.00899687 0 559.50007434 0 16407
0.12450000 0.12449800 13358.42772395 0 200.11123368 0 5250.16425926 0 -32.32543086 0 205.00077232 0 16306
0.12550000 0.12549900 13386.21925925 0 89.58485143 0 4931.30344913 0 -136.30364021 0 -129.26607056 0 17523
0.12650000 0.12650100 13292.21522154 0 -13.11682960 0 5480.81185755 0 378.40888023 0 -77.97297222 0 17154
0.12750000 0.12750600 13315.68855015 0 -74.97060062 0 4751.00171178 0 748.13373611 0 -77.38193152 0 18007
0.12850000 0.12850300 13400.05966527 0 -136.97573033 0 4331.27202256 0 718.32593047 0 -140.34060984 0 17496
0.12950000 0.12949900 13443.79534830 0 16.27487808 0 4187.39823386 0 649.94214516 0 -55.18845293 0 18405
0.13050000 0.13049000 13531.59888412 0 225.90864327 0 3970.98964528 0 21.03719571 0 288.52264012 0 18100
0.13150000 0.13148800 13155.58273327 0 403.35814975 0 4192.31434608 0 -364.71462890 0 499.85567501 0 19059
0.13250000 0.13249300 12980.97217088 0 296.85899348 0 4404.31614939 0 -453.22347180 0 715.27550498 0 18957
0.13350000 0.13349100 12571.62832234 0 504.75739321 0 4780.14407071 0 2.70909893 0 581.05235460 0 19468
0.13450000 0.13450700 12397.79282269 0 244.28759524 0 4744.26973829 0 46.67217430 0 454.39603100 0 19953
0.13550000 0.13551000 12091.53231820 0 57.67562926 0 4561.00061790 0 381.13377937 0 142.80420212 0 19956
0.13650000 0.13649900 12043.25698199 0 178.13820508 0 4501.69724617 0 31.44684189 0 -426.73736360 0 19723
0.13750000 0.13749600 11904.41002877 0 121.04376215 0 4292.36387315 0 132.79592771 0 -279.14770270 0 20946
0.13850000 0.13851100 11650.41089743 0 -4.35544291 0 3872.55667765 0 413.91228977 0 -749.87652004 0 20955
0.13950000 0.13949800 11687.28173907 0 87.05560027 0 3546.99711100 0 228.71326315 0 -1031.85320173 0 20506
0.14050000 0.14048300 11552.42082278 0 256.47379594 0 3517.63330558 0 -17.59702439 0 -1651.47046368 0 21447
0.14150000 0.14148400 11389.76837120 0 263.47925585 0 3306.36227572 0 13.60766576 0 -1079.43430317 0 21771
0.14250000 0.14249400 11019.46553996 0 162.53729941 0 3063.19187805 0 172.30198267 0 -508.05030261 0 22470
0.14350000 0.14350900 11177.73335092 0 43.47437617 0 2941.26343715 0 596.26240720 0 -843.83073229 0 22519
0.14450000 0.14449900 11133.00115865 0 -125.57787916 0 3174.43552551 0 508.86965464 0 -627.95804423 0 22218
0.14550000 0.14550500 11011.93635909 0 192.74703044 0 2908.27898152 0 189.16070443 0 -547.56853712 0 23559
0.14650000 0.14650700 10942.20285738 0 199.74806143 0 3087.00844874 0 -64.40671696 0 -487.89092081 0 23044
0.14750000 0.14750500 10663.34635682 0 322.79148544 0 3333.95450917 0 -278.82217635 0 -378.39891514 0 23649
0.14850000 0.14849900 10641.31243043 0 228.66233046 0 3569.18604994 0 -263.80146050 0 49.63811795 0 23640
0.14950000 0.14949500 10537.27686643 0 108.09047079 0 3893.17334646 0 37.59829339 0 -125.15602359 0 24457
0.15050000 0.15050000 10304.65839432 0 255.74634420 0 3794.72930650 0 257.36068915 0 335.64534732 0 24591
0.15150000 0.15149900 10124.57810347 0 178.58220530 0 3693.39538976 0 341.07521541 0 171.70518436 0 25020
0.15250000 0.15250500 9994.12397246 0 42.13185678 0 3492.27768175 0 671.83656025 0 748.96083878 0 25297
0.15350000 0.15350100 10000.65664410 0 186.47677290 0 3343.05596017 0 214.95922126 0 567.70023810 0 25452
0.15450000 0.15450400 9736.17202116 0 289.33645600 0 3008.47244880 0 357.37699924 0 572.11145231 0 26061
0.15550000 0.15549900 9539.51646005 0 108.29851977 0 2871.40813987 0 163.14627727 0 991.73373998 0 26128
0.15650000 0.15649500 9529.99426071 0 -1.07369662 0 2641.04842202 0 221.42767342 0 472.72626474 0 26331
0.15750000 0.15749700 9314.53789206 0 -27.92639621 0 2604.49867779 0 235.90030919 0 721.79710430 0 27345
0.15850000 0.15849900 9489.53598582 0 132.82471576 0 2559.37895415 0 136.91151085 0 -18.58423287 0 26980
0.15950000 0.15949700 9373.46480475 0 -7.96481042 0 2479.28175642 0 164.38859212 0 425.64009621 0 27777
0.16050000 0.16050000 9344.47745837 0 154.83206857 0 2484.53003838 0 -11.10731337 0 88.29525776 0 28224
0.16150000 0.16150500 9117.59445051 0 209.75965753 0 2324.78960822 0 -167.99041938 0 607.58275210 0 28075
0.16250000 0.16249700 8974.73931570 0 274.44639358 0 2463.44833193 0 99.51373726 0 411.62253299 0 28590
0.16350000 0.16349900 8842.11500902 0 178.53016538 0 2334.92078543 0 182.87051670 0 344.45448895 0 29163
0.16450000 0.16449100 8616.77105432 0 152.77261615 0 2285.73751859 0 45.29854168 0 216.76733190 0 28996
0.16550000 0.16550500 8570.45551960 0 59.77649217 0 2294.76146331 0 -15.03477770 0 173.77792356 0 30777
0.16650000 0.16650700 8420.48087993 0 81.58587181 0 2142.76058820 0 100.35866637 0 272.00937489 0 29211
0.16750000 0.16749900 8501.74067177 0 71.51348865 0 1993.79353009 0 5.45128197 0 -44.48007543 0 30922
0.16850000 0.16850800 8450.13256580 0 22.62164539 0 2152.37136615 0 -268.55370231 0 78.64616957 0 30867
0.16950000 0.16949900 8400.84964803 0 140.36054003 0 2219.89040289 0 -91.12080433 0 -186.37380028 0 30852
0.17050000 0.17049200 8213.69414162 0 111.21596664 0 2209.18346479 0 -57.53224265 0 -2.62435136 0 31257
0.17150000 0.17149500 8191.83737243 0 125.77496654 0 2174.84818553 0 -14.74789377 0 1.51367538 0 32608
0.17250000 0.17250900 8202.11248986 0 -42.49392181 0 2040.20871573 0 333.48513675 0 -143.00904013 0 32361
0.17350000 0.17350400 8165.07556334 0 126.73382987 0 2159.59052193 0 261.75861657 0 -142.94149894 0 32508
0.17450000 0.17449800 8081.35771539 0 109.90267819 0 1927.94641440 0 38.88379030 0 -105.16250522 0 32791
0.17550000 0.17549800 7938.63544847 0 130.41537788 0 1954.05495632 0 267.13090857 0 -7.59044405 0 33633
0.17650000 0.17650100 7755.85351037 0 227.04244934 0 1909.45563195 0 -30.95578428 0 119.12603549 0 33984
0.17750000 0.17750300 7735.30327550 0 175.93924137 0 2060.67037200 0 158.70406056 0 226.95387074 0 34069
0.17850000 0.17849800 7553.51784663 0 65.19672734 0 1871.55506410 0 46.81788609 0 357.57851555 0 34536
0.17950000 0.17950400 7616.25363905 0 -32.86819622 0 1991.60120978 0 63.29682712 0 351.23407343 0 35343
0.18050000 0.18050100 7631.41165173 0 -8.48369278 0 2041.78098586 0 -53.70044320 0 241.72767374 0 34990
0.18150000 0.18150500 7621.61264427 0 143.96126006 0 2072.91636325 0 76.01737821 0 420.93767986 0 36243
0.18250000 0.18250200 7512.11842413 0 182.47855641 0 2154.94014550 0 2.57612031 0 486.52238146 0 35694
0.18350000 0.18350400 7378.61940380 0 105.51737323 0 2035.34796514 0 -29.74037519 0 417.77099496 0 37087
0.18450000 0.18450600 7387.45511900 0 76.17394089 0 2072.88314627 0 36.95587710 0 265.81440915 0 36651
0.18550000 0.18550700 7280.76219705 0 82.54717105 0 2095.75856935 0 205.34733609 0 360.65772909 0 37818
0.18650000 0.18651000 7292.25527021 0 -82.35384826 0 2011.19922471 0 18.89879762 0 312.35914099 0 37267
0.18750000 0.18750100 7356.31974161 0 -81.24827663 0 1950.77754817 0 169.01682389 0 178.72060936 0 38334
0.18850000 0.18850000 7433.48277327 0 71.26004313 0 2015.88281811 0 51.36185748 0 -153.85548952 0 38223
0.18950000 0.18949500 7295.34444883 0 116.72555547 0 1773.40997690 0 -82.40810265 0 134.96388891 0 39064
0.19050000 0.19050000 7187.46678813 0 171.84358842 0 1760.30034432 0 62.41391994 0 181.83303987 0 39609
0.19150000 0.19149800 7227.89184604 0 -103.27323443 0 1741.53275375 0 259.44228622 0 225.24651825 0 39576
0.19250000 0.19250400 7294.56938610 0 20.47472161 0 1522.05713120 0 305.85857909 0 -88.90168899 0 40909
0.19350000 0.19350500 7232.48686084 0 93.51873771 0 1541.32297638 0 -2.43574538 0 105.44927843 0 40191
0.19450000 0.19450100 7143.19963350 0 153.43917010 0 1468.87675509 0 -25.52314811 0 61.59645020 0 41232
0.19550000 0.19549800 7092.14514376 0 122.94045139 0 1494.16594498 0 -32.61010033 0 167.49105753 0 40873
0.19650000 0.19649700 6862.23939123 0 188.36128258 0 1663.12962171 0 85.81871086 0 235.92466831 0 42816
0.19750000 0.19750200 6843.32786044 0 138.11175086 0 1371.45136901 0 202.47628226 0 389.11138940 0 41727
0.19850000 0.19849000 6689.99830635 0 136.40218391 0 1550.29155948 0 183.27465656 0 560.79996527 0 42610
0.19950000 0.19949900 6638.32376642 0 42.88344619 0 1287.12454319 0 293.10768983 0 698.56847406 0 43863
0.20050000 0.20050100 6627.63897297 0 -38.03454298 0 1462.52124065 0 286.15316261 0 809.63274985 0 43302
0.20150000 0.20150100 6650.61404697 0 -45.91095197 0 1094.86358781 0 135.26394891 0 736.89754089 0 44487
0.20250000 0.20249700 6722.56201364 0 62.18749090 0 1289.88155207 0 26.25624674 0 804.76203417 0 43759
0.20350000 0.20349100 6699.85267544 0 70.23242066 0 1292.61641630 0 -150.86485458 0 970.78379419 0 45282
0.20450000 0.20449700 6540.51084897 0 259.50429124 0 1329.09972658 0 -269.66093480 0 984.86557690 0 45483
0.20550000 0.20549900 6399.99197470 0 244.36067259 0 1454.27235866 0 -189.07434030 0 730.45123338 0 46138
0.20650000 0.20650200 6148.93808176 0 186.81447881 0 1611.21149063 0 21.93671138 0 718.86958162 0 46227
0.20750000 0.20749300 6163.79714167 0 74.03266399 0 1475.33192046 0 -101.43810732 0 484.75745289 0 46236
0.20850000 0.20850300 6077.12298299 0 9.99204238 0 1527.27219618 0 55.65216190 0 314.59021444 0 48361
0.20950000 0.20950400 6057.25923226 0 65.36436233 0 1533.61663831 0 -20.96068594 0 515.30821152 0 46812
0.21050000 0.21050300 6025.47058771 0 75.42678041 0 1542.60736606 0 13.26420224 0 320.20277590 0 48813
0.21150000 0.21149700 5960.89678937 0 50.79705819 0 1547.92208197 0 45.57667848 0 412.67440385 0 47215
0.21250000 0.21249000 5993.87017268 0 -22.73823697 0 1497.27726825 0 56.97984437 0 151.89236633 0 50004
0.21350000 0.21350300 5928.05627395 0 25.34421934 0 1451.69250697 0 17.18358378 0 141.96159820 0 49509
0.21450000 0.21449800 5996.94827898 0 93.02712649 0 1315.61363495 0 95.34677854 0 96.58167493 0 49660
0.21550000 0.21550100 5852.06690872 0 87.22544973 0 1415.48600482 0 12.73494511 0 141.90845104 0 50841
0.21650000 0.21649800 5782.21161144 0 158.38849930 0 1254.56083590 0 43.22812766 0 156.65789493 0 50424
0.21750000 0.21750300 5683.98901798 0 65.23780566 0 1241.32940774 0 60.58532550 0 56.64136340 0 52231
0.21850000 0.21850300 5691.79500697 0 36.70121363 0 1217.31353521 0 60.04920353 0 265.54756613 0 51078
0.21950000 0.21950100 5638.31567810 0 -7.03935230 0 1217.93358540 0 95.44930827 0 180.21869491 0 52791
0.22050000 0.22050700 5692.18253834 0 53.63256985 0 1228.03154564 0 160.37376714 0 304.96947141 0 52969
0.22150000 0.22150000 5597.61381207 0 54.29912380 0 1198.81168044 0 99.06187569 0 608.04446804 0 52704
0.22250000 0.22250100 5603.52643352 0 79.13877730 0 1293.33611742 0 188.98908340 0 528.62821828 0 54051
0.22350000 0.22349900 5543.31513116 0 101.30103194 0 1146.79389844 0 19.46636499 0 522.92264930 0 53938
0.22450000 0.22449800 5440.70789706 0 138.49706776 0 1253.01071043 0 6.33790945 0 413.73070364 0 54735
0.22550000 0.22549100 5393.49550403 0 54.70525668 0 1078.74671180 0 -125.06633776 0 547.09796331 0 54774
0.22650000 0.22649900 5344.68869623 0 3.99344432 0 1041.75850351 0 18.29258783 0 296.36184610 0 56911
0.22750000 0.22749800 5426.28065782 0 7.75998349 0 1084.63940307 0 8.76767577 0 274.11754554 0 54879
0.22850000 0.22849100 5367.69698721 0 32.63523451 0 937.82480491 0 9.36084235 0 -10.48948871 0 57210
0.22950000 0.22949800 5377.37419910 0 14.57505478 0 972.82110196 0 -60.47172344 0 -124.30566904 0 57375
0.23050000 0.23049600 5353.90087048 0 150.19055000 0 917.95662525 0 -42.44365345 0 -37.94806813 0 57604
0.23150000 0.23150100 5277.26931041 0 144.19931504 0 941.41666708 0 19.90671134 0 -106.59172090 0 58629
0.23250000 0.23250200 5169.93419362 0 25.05622817 0 902.67238807 0 38.88589404 0 20.18695189 0 58560
0.23350000 0.23350400 5189.96402922 0 58.42013238 0 866.98849965 0 210.80931392 0 -102.44292079 0 59305
0.23450000 0.23449700 5150.87872261 0 24.34162033 0 920.12126475 0 98.41049082 0 -115.50317081 0 59196
0.23550000 0.23549300 5085.10911319 0 98.33276310 0 737.07469808 0 -0.38078943 0 -200.27842578 0 60063
0.23650000 0.23649900 5015.54169635 0 124.75741989 0 813.39069690 0 -103.76340625 0 -44.72111994 0 61537
0.23750000 0.23750400 5012.17570961 0 33.25716700 0 944.55899286 0 -149.32358697 0 -128.46554148 0 61224
0.23850000 0.23850100 4996.46408069 0 35.14234102 0 1038.72800821 0 -74.12456428 0 -62.84053662 0 61221
0.23950000 0.23949400 4935.73237906 0 102.79158830 0 1084.31166226 0 2.16364299 0 135.27059231 0 62332
0.24050000 0.24050100 4967.60960221 0 79.23975690 0 1156.50432731 0 74.19011245 0 196.68213468 0 63447
0.24150000 0.24150500 4827.00214934 0 42.19253312 0 1170.48867355 0 213.15775401 0 390.16326026 0 63342
0.24250000 0.24250300 4867.20576076 0 57.53467856 0 1074.45286424 0 303.26211892 0 432.01996977 0 63379
0.24350000 0.24349600 4796.69719631 0 22.30984872 0 956.24140278 0 154.27955956 0 448.94844719 0 64266
0.24450000 0.24449500 4737.91422385 0 62.80931266 0 734.40626780 0 192.69388328 0 396.76458032 0 64695
0.24550000 0.24549600 4722.54583700 0 28.89998573 0 710.06929785 0 113.14919455 0 410.85300642 0 65947
0.24650000 0.24650000 4671.54670888 0 45.56405603 0 566.19218746 0 -4.28133584 0 275.95333699 0 66018
0.24750000 0.24750000 4612.24333716 0 145.01534538 0 562.76087400 0 -22.77842951 0 364.58618993 0 66303
0.24850000 0.24849600 4548.55532480 0 71.25550348 0 500.86104210 0 -52.86968667 0 274.87821425 0 66958
0.24950000 0.24949200 4456.68824578 0 19.01062810 0 552.11372645 0 111.07534812 0 278.05707871 0 66975
0.25050000 0.25048900 4508.62852150 0 82.52325483 0 483.17743213 0 -5.47522033 0 255.36545622 0 68676
0.25150000 0.25150000 4451.63926566 0 61.83627675 0 594.29374785 0 -48.62522167 0 263.57558508 0 69349
0.25250000 0.25249900 4448.26220659 0 47.91736795 0 594.05680010 0 -130.21607603 0 300.01017712 0 68592
0.25350000 0.25349900 4410.74917011 0 71.53485823 0 682.20468521 0 -124.46400329 0 224.37844798 0 70437
0.25450000 0.25450100 4353.02914083 0 90.08233098 0 768.17907297 0 -52.50208549 0 211.05954846 0 70099
0.25550000 0.25550100 4331.74813253 0 61.45638529 0 797.23063882 0 36.03964222 0 100.53294476 0 71064
0.25650000 0.25650300 4297.54572116 0 49.03312612 0 750.33048536 0 -3.80654348 0 64.81583936 0 71409
0.25750000 0.25750600 4280.12895422 0 58.24009638 0 718.25396036 0 44.35230080 0 67.33202518 0 72612
0.25850000 0.25850600 4249.86829049 0 31.20192206 0 706.86496705 0 31.56553721 0 22.12516235 0 71845
0.25950000 0.25949600 4267.61722718 0 -11.29831097 0 643.11162798 0 81.54711867 0 94.48623746 0 72816
0.26050000 0.26049800 4272.79907519 0 -10.89781391 0 604.14368801 0 114.96173413 0 -40.30005137 0 73743
0.26150000 0.26149900 4305.48457806 0 32.81493834 0 582.70434546 0 4.65783917 0 137.27246864 0 74662
0.26250000 0.26250300 4296.48277798 0 42.98409362 0 534.59952306 0 -81.43008420 0 115.29390387 0 74931
0.26350000 0.26350100 4322.40309038 0 41.75838727 0 668.89685801 0 -68.61829715 0 132.23677531 0 75087
0.26450000 0.26450200 4260.06590165 0 74.43602878 0 749.61632041 0 -71.64757450 0 120.94632569 0 76678
0.26550000 0.26550600 4220.18338765 0 100.23886382 0 736.06490206 0 -31.60107937 0 152.61649637 0 76035
0.26650000 0.26650100 4131.81516327 0 103.28685339 0 798.39544740 0 68.51100632 0 224.37291182 0 77094
0.26750000 0.26750600 4108.78472765 0 41.29246384 0 750.78112898 0 78.46347621 0 132.53794254 0 78463
0.26850000 0.26850100 4039.20623849 0 34.77097524 0 683.72380818 0 161.27837608 0 321.16385369 0 77076
0.26950000 0.26949700 4063.39926822 0 -28.33640440 0 479.28329549 0 157.44735169 0 259.56629626 0 79149
0.27050000 0.27049900 4094.70073048 0 -34.55340406 0 508.22081641 0 108.36329287 0 159.49351732 0 79648
0.27150000 0.27150200 4061.07408001 0 69.81709776 0 371.52632313 0 23.31444075 0 187.65597549 0 80241
0.27250000 0.27250500 4034.35656022 0 91.90084961 0 406.81492956 0 -0.86043147 0 118.17603002 0 80835
0.27350000 0.27350000 3937.88339408 0 107.97509717 0 356.37273938 0 -72.20096929 0 282.18151970 0 80680
0.27450000 0.27450400 3912.72707209 0 97.99583225 0 422.10913183 0 -8.50654606 0 80.99283809 0 82617
0.27550000 0.27550800 3839.60543899 0 103.35882350 0 404.22843448 0 -97.67816725 0 66.11185498 0 82548
0.27650000 0.27649900 3759.66325380 0 110.86829564 0 476.35245112 0 -39.11697346 0 57.85334007 0 81181
0.27750000 0.27748900 3703.79230276 0 87.03954540 0 487.79459158 0 -75.78220203 0 147.34496252 0 84096
0.27850000 0.27849800 3695.47698682 0 39.27242890 0 505.28997203 0 50.99912811 0 121.25967248 0 85215
0.27950000 0.27950200 3682.17912471 0 3.26004674 0 440.90329598 0 133.61306528 0 160.01502381 0 84514
0.28050000 0.28050300 3697.81324736 0 -20.33410308 0 371.22847759 0 167.05812963 0 99.99804075 0 85815
0.28150000 0.28150100 3679.59927303 0 47.42487094 0 340.71868655 0 100.18948125 0 100.86367511 0 85485
0.28250000 0.28250000 3662.31537399 0 71.05431934 0 225.03392961 0 39.03138439 0 140.17231051 0 87220
0.28350000 0.28350400 3620.16303341 0 53.80374799 0 196.65445387 0 42.62202860 0 264.39382988 0 87147
0.28450000 0.28449700 3630.54887409 0 21.48230317 0 203.34103083 0 -37.55333975 0 242.54148962 0 87102
0.28550000 0.28549800 3612.23524884 0 54.89636500 0 227.99909820 0 11.59217047 0 161.61276029 0 88971
0.28650000 0.28649900 3610.61868941 0 28.43295507 0 198.24776141 0 -46.22164140 0 209.07095892 0 89434
0.28750000 0.28750100 3604.24103032 0 25.93813884 0 201.37569317 0 5.87384617 0 140.18781176 0 89619
0.28850000 0.28849900 3611.94736839 0 74.91258164 0 232.97278651 0 47.33418860 0 197.28889808 0 90240
0.28950000 0.28950100 3553.15332360 0 58.36410641 0 216.85923220 0 -74.90173076 0 160.86980729 0 91333
0.29050000 0.29050500 3527.07799865 0 55.99761843 0 201.66689532 0 38.64008843 0 234.50408903 0 92139
0.29150000 0.29150600 3519.38273291 0 41.92812601 0 248.68220096 0 -16.39368413 0 195.50293209 0 92370
0.29250000 0.29250200 3526.64617799 0 20.16159626 0 255.55257851 0 49.90761833 0 263.30320588 0 91819
0.29350000 0.29349600 3488.90062268 0 25.02633289 0 219.83104418 0 44.64981417 0 326.81848997 0 93552
0.29450000 0.29450000 3504.23579255 0 -17.88025446 0 168.83302330 0 142.54510972 0 251.51560888 0 94701
0.29550000 0.29550200 3522.77086430 0 0.01141789 0 97.89407759 0 85.73068588 0 224.61318127 0 95020
0.29650000 0.29650300 3514.37804209 0 54.96501342 0 172.83123979 0 54.58490051 0 93.52936715 0 95151
0.29750000 0.29749800 3466.12485053 0 103.62068399 0 11.68861042 0 -102.82746264 0 303.12482210 0 95802
0.29850000 0.29850000 3409.85529580 0 78.53677500 0 84.77149038 0 -57.56103070 0 230.02422641 0 97399
0.29950000 0.29950700 3381.72051844 0 63.01924394 0 89.02381673 0 -52.31429886 0 225.22105190 0 97881
0.30050000 0.30050300 3310.21544476 0 47.80310156 0 114.33171884 0 30.32897997 0 105.41550784 0 97188
0.30150000 0.30149700 3298.00267048 0 58.25105798 0 155.55841307 0 31.58103846 0 -20.67524141 0 98263
0.30250000 0.30249700 3288.00436117 0 35.41560600 0 62.06624894 0 -74.94646296 0 79.04156229 0 100050
0.30350000 0.30350600 3268.21811672 0 -6.13332610 0 83.68374519 0 78.88643902 0 -53.80142280 0 100779
0.30450000 0.30450500 3289.83129477 0 24.06492293 0 29.07204966 0 -18.40862580 0 82.36093455 0 99982
0.30550000 0.30550300 3306.01903365 0 27.35439991 0 13.84749231 0 128.92725742 0 -4.42711407 0 101559
0.30650000 0.30649700 3251.55426787 0 35.66307245 0 -52.17035863 0 94.44128382 0 54.10314365 0 100935
0.30750000 0.30749800 3262.62659269 0 37.76338175 0 -94.08198688 0 41.81042719 0 28.07686911 0 103762
0.30850000 0.30850200 3256.13821034 0 57.10828333 0 -9.60091250 0 25.16340828 0 119.54899830 0 102951
0.30950000 0.30950100 3257.41152770 0 16.44151657 0 -54.96767078 0 -46.46800063 0 108.99674058 0 104394
0.31050000 0.31050000 3202.12740988 0 64.57058737 0 25.88565602 0 -76.49548120 0 167.89630462 0 103963
0.31150000 0.31149700 3238.38927366 0 67.20402910 0 56.96157503 0 -62.02661002 0 188.06232981 0 105936
0.31250000 0.31250000 3206.06915751 0 23.68436713 0 10.67141808 0 -22.30663775 0 135.25841275 0 105717
0.31350000 0.31349800 3216.94218048 0 79.64179302 0 56.18529434 0 -45.59826951 0 160.54317371 0 106776
0.31450000 0.31450400 3173.27293140 0 51.13775362 0 30.61852127 0 11.86742846 0 14.03638617 0 108733
0.31550000 0.31549900 3149.56708396 0 31.08721278 0 17.55273509 0 22.35889912 0 82.21223322 0 105891
0.31650000 0.31650000 3120.87869036 0 20.73813222 0 10.05967214 0 4.93074983 0 17.25212147 0 111072
0.31750000 0.31750600 3077.44196009 0 64.79934160 0 8.82896109 0 32.10453798 0 -84.26005970 0 108121
0.31850000 0.31849900 3054.79905584 0 98.06038391 0 13.82656562 0 -1.85881082 0 -93.88512094 0 110484
0.31950000 0.31950100 2983.95832165 0 47.81539184 0 -53.91812511 0 58.86380043 0 -43.99112157 0 110817
0.32050000 0.32049800 2990.47992097 0 13.00931732 0 -48.88320684 0 6.46985834 0 -43.19823239 0 111088
0.32150000 0.32149900 2983.46006703 0 39.96865668 0 -97.16784380 0 54.20024794 0 -85.61187984 0 112635
0.32250000 0.32250100 2990.05917263 0 32.26597248 0 -91.00100177 0 13.32720377 0 0.38068646 0 113202
0.32350000 0.32350400 3011.21838535 0 16.01711436 0 -150.99329355 0 -25.29904425 0 -23.27136941 0 113863
0.32450000 0.32450300 2979.07542641 0 40.81646460 0 -57.42727701 0 -1.64533640 0 32.19045922 0 114045
0.32550000 0.32549900 2972.45417616 0 57.50046508 0 -118.79718744 0 -0.56175883 0 19.29275093 0 114828
0.32650000 0.32650300 2952.69007636 0 47.87163925 0 -128.23966605 0 103.40543799 0 155.23842289 0 116431
0.32750000 0.32750400 2944.92837666 0 35.00327262 0 -112.65093994 0 25.28996495 0 85.66270181 0 116442
0.32850000 0.32850400 2908.01324572 0 61.25055077 0 -139.97633036 0 72.32907609 0 140.65395664 0 116955
0.32950000 0.32949800 2892.45662935 0 93.98864718 0 -102.40372476 0 -4.92518045 0 293.08000902 0 117028
0.33050000 0.33049700 2788.74216277 0 90.15540833 0 -170.10744789 0 2.00930586 0 315.84913778 0 119061
0.33150000 0.33150100 2799.01728020 0 -2.76513597 0 -186.66278796 0 84.50176855 0 379.22269611 0 120060
0.33250000 0.33250400 2794.66585655 0 -21.11326258 0 -199.97504408 0 85.53393067 0 282.25127535 0 119737
0.33350000 0.33350100 2843.29550715 0 0.24262896 0 -208.66681907 0 44.12708972 0 238.12252478 0 120531
0.33450000 0.33450000 2824.57220589 0 63.33502664 0 -218.53115325 0 -55.87239044 0 275.68538673 0 121704
0.33550000 0.33550300 2795.86166763 0 96.00547114 0 -181.67359839 0 -102.85868659 0 333.75197978 0 122761
0.33650000 0.33650300 2766.04389689 0 53.03101044 0 -169.37113829 0 -94.52233324 0 358.63813704 0 122472
0.33750000 0.33749900 2741.37475720 0 62.68441684 0 -74.87903250 0 -9.45164649 0 344.35262356 0 122985
0.33850000 0.33849800 2713.05175031 0 50.70382921 0 -104.94006221 0 31.21996995 0 358.95037660 0 125380
0.33950000 0.33950300 2713.74930678 0 30.55474468 0 -89.70398964 0 68.72138050 0 338.55958321 0 125223
0.34050000 0.34050000 2721.23419835 0 5.55093289 0 -104.31724394 0 -29.88210094 0 343.82890259 0 125178
0.34150000 0.34149900 2728.25405229 0 26.74697217 0 -85.22357341 0 -61.62889211 0 250.71507980 0 127059
0.34250000 0.34250300 2721.96497179 0 45.42033725 0 -61.16219362 0 -78.52525978 0 289.59887010 0 127957
0.34350000 0.34349800 2718.03429648 0 46.38551181 0 -55.13043395 0 -42.25553465 0 258.71483448 0 126732
0.34450000 0.34449700 2679.69083563 0 48.32051129 0 -17.40613751 0 -36.25322737 0 261.03780823 0 129639
0.34550000 0.34550000 2710.64905583 0 32.01097684 0 -106.41910336 0 65.87202843 0 172.64854643 0 129826
0.34650000 0.34650400 2650.92493576 0 46.87978039 0 -65.22961214 0 69.10049690 0 123.57378837 0 130875
0.34750000 0.34750200 2644.86837408 0 68.29664612 0 -97.53622005 0 17.32896340 0 167.91734204 0 130686
0.34850000 0.34850200 2576.38604508 0 74.08736127 0 -124.24255679 0 5.87699071 0 200.69917413 0 132211
0.34950000 0.34950400 2555.64758069 0 73.13746653 0 -117.12083747 0 0.11153153 0 322.05628307 0 132768
0.35050000 0.35050300 2561.92558886 0 23.38906822 0 -88.72231733 0 -38.50445245 0 288.33994676 0 132957
0.35150000 0.35150100 2556.21226926 0 19.30437687 0 -72.73808777 0 16.04490589 0 239.45009653 0 133987
0.35250000 0.35249800 2538.83979162 0 37.95327212 0 -14.89914172 0 -64.65130462 0 263.18694647 0 134778
0.35350000 0.35349800 2541.45286027 0 64.74752312 0 -16.12905556 0 -99.05368217 0 201.16974793 0 135699
0.35450000 0.35450100 2506.94042381 0 60.49530750 0 21.78502053 0 -39.00968263 0 232.49446208 0 137380
0.35550000 0.35550100 2519.88397153 0 10.79891590 0 -47.41280211 0 56.90455256 0 187.18318722 0 136161
0.35650000 0.35649900 2496.60994476 0 1.96861506 0 -97.24346778 0 79.69449728 0 162.34464096 0 138792
0.35750000 0.35750000 2518.02382096 0 14.52921535 0 -153.70158420 0 143.46300544 0 85.61653021 0 138097
0.35850000 0.35849800 2498.56974625 0 43.58044904 0 -209.03552748 0 85.02548951 0 124.78177901 0 140028
0.35950000 0.35950300 2464.00194817 0 50.72198782 0 -323.37942589 0 73.41859285 0 162.23723941 0 141099
0.36050000 0.36050500 2446.89520632 0 44.79718681 0 -349.15579806 0 50.80669111 0 124.43410801 0 140821
0.36150000 0.36150200 2429.04661871 0 29.38794309 0 -356.53550256 0 11.21261117 0 198.71058459 0 141756
0.36250000 0.36250400 2415.06227247 0 48.25750977 0 -338.45993229 0 -25.09010949 0 194.85520109 0 142971
0.36350000 0.36349900 2430.22028515 0 40.38995864 0 -317.56977705 0 -37.25416553 0 206.60293772 0 142270
0.36450000 0.36450000 2374.20539389 0 70.04961658 0 -309.59438149 0 -20.05519122 0 183.77955457 0 145311
0.36550000 0.36550300 2367.65057760 0 46.93281683 0 -301.51047714 0 -35.36622343 0 257.74489883 0 145434
0.36650000 0.36650100 2344.06652573 0 44.14923437 0 -323.21555548 0 5.72723752 0 192.10815730 0 144547
0.36750000 0.36749600 2334.25644594 0 30.83631390 0 -291.46234236 0 11.93762700 0 109.84775946 0 146892
0.36850000 0.36849900 2316.31927974 0 50.09507279 0 -287.22053473 0 -24.10157233 0 111.76515395 0 148113
0.36950000 0.36949900 2277.69901077 0 54.74367765 0 -285.39692283 0 -48.94864428 0 139.72831028 0 147387
0.37050000 0.37049800 2264.83296933 0 59.00940150 0 -253.11998875 0 -63.27645404 0 113.98072615 0 149758
0.37150000 0.37150100 2261.37840399 0 29.78156423 0 -258.70819109 0 25.00739922 0 81.67699704 0 150099
0.37250000 0.37250000 2253.22917292 0 23.55714611 0 -247.95585645 0 31.27953906 0 111.74300930 0 150468
0.37350000 0.37349800 2271.70888304 0 31.23713206 0 -277.68615582 0 -3.82497890 0 60.96455262 0 150709
0.37450000 0.37449700 2261.83236930 0 43.00933853 0 -287.39547746 0 0.51760683 0 121.51765765 0 153108
0.37550000 0.37550100 2245.12423115 0 37.64767596 0 -281.98111062 0 -30.39629971 0 73.20677928 0 153189
0.37650000 0.37649900 2213.74526262 0 56.31893730 0 -255.46842884 0 9.91945221 0 122.86294512 0 153547
0.37750000 0.37749900 2207.01328913 0 45.12957801 0 -307.49506870 0 71.29779976 0 122.67139390 0 155424
0.37850000 0.37850200 2179.49856195 0 46.03950166 0 -312.03250741 0 34.79323062 0 145.58224841 0 155313
0.37950000 0.37949900 2193.70435469 0 23.88787646 0 -336.94745272 0 21.79221754 0 89.27239042 0 156100
0.38050000 0.38050000 2183.37387564 0 15.27493643 0 -307.56260988 0 -45.56660267 0 99.53112081 0 157557
0.38150000 0.38149800 2176.12150288 0 64.72582136 0 -275.67099271 0 -66.23309694 0 105.99447970 0 157692
0.38250000 0.38250100 2180.70544536 0 18.45778692 0 -308.43068015 0 -94.91263268 0 129.36793595 0 159703
0.38350000 0.38350500 2168.12728436 0 53.45607699 0 -273.48420856 0 26.11175290 0 110.81847018 0 160338
0.38450000 0.38450600 2151.95061780 0 53.49040120 0 -293.98461796 0 -3.59361160 0 122.80758349 0 160167
0.38550000 0.38550000 2135.40856452 0 52.87920887 0 -321.41298100 0 42.09066774 0 120.26759218 0 160033
0.38650000 0.38649600 2105.83438493 0 38.45185891 0 -333.03449313 0 59.17548638 0 143.68223747 0 162444
0.38750000 0.38750200 2082.29462237 0 34.56259409 0 -359.65346922 0 82.89052384 0 196.47397498 0 164307
0.38850000 0.38850400 2085.14020985 0 51.23430429 0 -347.32111384 0 -6.64368277 0 154.97379432 0 163882
0.38950000 0.38950500 2050.77171361 0 48.34487041 0 -349.06500500 0 -24.05772592 0 243.03199361 0 164595
0.39050000 0.39050100 2039.26756812 0 56.79316497 0 -341.03203334 0 -50.99204183 0 234.91597951 0 165006
0.39150000 0.39150100 2048.08113868 0 21.35120684 0 -326.26265927 0 -38.85998480 0 207.98808556 0 166687
0.39250000 0.39250100 2031.35085588 0 25.38751213 0 -288.64111400 0 11.00541476 0 209.78180218 0 167256
0.39350000 0.39350100 2054.80203984 0 22.47958746 0 -315.10397032 0 -20.64988579 0 186.33393991 0 167937
0.39450000 0.39449600 2058.26767751 0 44.80770552 0 -271.24538448 0 -17.19908503 0 148.59945693 0 167719
0.39550000 0.39549700 2041.68133493 0 57.70851406 0 -293.82960541 0 -48.54018622 0 141.06031096 0 171636
0.39650000 0.39650400 2019.80242109 0 50.48504007 0 -283.11159499 0 4.30614892 0 207.08126215 0 171093
0.39750000 0.39750000 2016.39214505 0 24.37284428 0 -293.12762002 0 16.89459610 0 184.31324063 0 170464
0.39850000 0.39849800 1995.62046369 0 13.66712414 0 -249.04426598 0 68.22024707 0 159.08273406 0 172113
0.39950000 0.39949500 2016.84611037 0 31.82020068 0 -305.26178079 0 11.62173358 0 144.43626279 0 173232
