### header ###
fiducial parameters:
Omega_m = 0.31
Omega_nu = 0
Omega_de = 0.69
Omega_k = 0
H_0 = 100
w_de = -1
zeff = 0
beta = 0
fgrowth = 0
b_1 = 2
gamma = 0.55
Lx = 3500 Ly = 3500 Lz = 3500
nx = 700 ny = 700 nz = 700
xoffset = -685.467585 yoffset = -31.7331281 zoffset = 572.489161
bins = 400 dk = 0.001
kx_ny = 0.628318531 ky_ny = 0.628318531 kz_ny = 0.628318531
############################
A(data) = 8.05915556 (not used)
A(ran) = 8.06058938 (used)
Ngal = 479403
weighted Ngal = 0
Nran = 23820508
weighted Nran = 0
SN(data) = 3483.38308
SN(ran) = 70.2106568
SN(data+ran) = 3553.59374
############################
13 columns: k_central k_mean P_0(k) sigma^{lin}_{P_0(k)} P^img_1(k) sigma^{lin}_{P_1(k)} P_2(k) sigma^{lin}_{P_2(k)} P^img_3(k) sigma^{lin}_{P_3(k)} P_4(k) sigma^{lin}_{P_4(k)} N_modes
### header ###
0.00050000 0 0 0 0 0 0 0 0 0 0 0 0
0.00150000 0.00179520 7700.72440509 0 -21766.52974474 0 -7473.14384077 0 -44477.08590351 0 -19692.68330620 0 3
0.00250000 0.00253879 20796.26192088 0 -33318.17550478 0 -38882.79378889 0 16401.98837010 0 3755.14574527 0 6
0.00350000 0.00331552 33366.00794800 0 -29651.46441784 0 -28982.03165930 0 -1633.95404581 0 -6978.23306603 0 7
0.00450000 0.00420575 59299.49641498 0 -32793.12586188 0 -52993.58598427 0 -15180.82166585 0 -11171.42212577 0 24
0.00550000 0.00557378 80658.01099015 0 -17810.49881028 0 -60841.31764598 0 -25888.53482822 0 3948.35781335 0 45
0.00650000 0.00659388 82783.34373909 0 5355.66137013 0 -59433.69299179 0 -56243.42404179 0 18274.53994343 0 40
0.00750000 0.00754703 80256.74993872 0 6461.65375161 0 -46368.23898253 0 -29507.08130220 0 14841.01201717 0 57
0.00850000 0.00846663 66724.15454537 0 7873.95092688 0 -24738.56317256 0 -29541.84840213 0 17839.95119430 0 75
0.00950000 0.00948925 66523.85618941 0 5163.86655962 0 -4006.33250611 0 -32078.07512509 0 -8173.64554275 0 112
0.01050000 0.01054430 62215.72532572 0 4737.31631831 0 12018.23352790 0 -16919.84100187 0 18021.64804457 0 105
0.01150000 0.01145670 59723.34500904 0 -2424.60661646 0 28579.99554514 0 -7821.61204746 0 9885.79234643 0 144
0.01250000 0.01249090 81944.83658057 0 -12628.42934866 0 36432.26686003 0 12976.76468745 0 14839.12972195 0 169
0.01350000 0.01339930 88377.30368397 0 -8528.80143363 0 41186.05879766 0 8727.97041247 0 -9936.66967897 0 180
0.01450000 0.01448870 94776.33236641 0 -435.82220612 0 52200.47535751 0 7526.15813200 0 4329.92119893 0 267
0.01550000 0.01550050 99099.74303834 0 9754.04275341 0 67962.26190660 0 -2641.82348475 0 29404.88374413 0 238
0.01650000 0.01653350 91557.16464863 0 11279.04512301 0 55299.06545801 0 15403.48611796 0 17578.75505183 0 315
0.01750000 0.01747870 86048.01871187 0 7612.88765231 0 72017.27942493 0 20930.90139067 0 36124.78839981 0 297
0.01850000 0.01844180 86190.74097878 0 1194.86993280 0 65678.26274301 0 27498.78302660 0 17248.91049548 0 388
0.01950000 0.01947590 85537.25236798 0 -228.19286388 0 62056.50529483 0 35943.31299603 0 39988.14397553 0 399
0.02050000 0.02045430 85551.42494375 0 480.07607395 0 44560.12833965 0 22746.54121443 0 23898.50588857 0 462
0.02150000 0.02154770 84062.41870214 0 -1248.52641888 0 28620.63097722 0 19138.84561877 0 16929.14175472 0 571
0.02250000 0.02255340 77587.98748769 0 4724.36169827 0 21912.79515559 0 13860.55765448 0 16235.68205133 0 510
0.02350000 0.02348930 78097.86804558 0 6113.06374935 0 21914.67745081 0 7476.85306959 0 -9286.01558333 0 555
0.02450000 0.02439640 67004.61653303 0 6228.78061603 0 8008.38002251 0 -2169.04628732 0 -5965.00462187 0 592
0.02550000 0.02547300 60657.51705399 0 6784.46738170 0 7559.79585480 0 -6066.05065817 0 -21281.89408742 0 837
0.02650000 0.02652900 56411.83410228 0 -1330.24017604 0 112.34755824 0 -3621.34777216 0 -8648.44897562 0 723
0.02750000 0.02749970 58024.51821212 0 121.54090953 0 2341.13235965 0 3186.17218981 0 -24699.25641945 0 826
0.02850000 0.02848090 60314.82860085 0 -911.16375398 0 1765.44897536 0 -2813.05698807 0 -18743.23145300 0 831
0.02950000 0.02946900 58263.34825845 0 2364.41745875 0 11642.54954681 0 -5078.39928435 0 -23601.43541368 0 996
0.03050000 0.03053250 56953.16006266 0 5643.59717704 0 12542.84027781 0 -4902.73685110 0 -12068.39115933 0 1041
0.03150000 0.03150510 55721.47464984 0 3833.20563524 0 20684.32071696 0 -8676.46195741 0 -263.54790426 0 1036
0.03250000 0.03246190 52932.57747452 0 -886.49793598 0 22094.71345236 0 7947.47116368 0 7769.52783152 0 1059
0.03350000 0.03345080 59946.34163089 0 -6317.86854152 0 22536.05631963 0 6879.35720540 0 9817.07749861 0 1302
0.03450000 0.03451200 63758.32161945 0 -3893.89304757 0 23454.17349359 0 10304.25979063 0 7761.31216650 0 1339
0.03550000 0.03553350 63535.65716735 0 1577.29695972 0 24255.80981046 0 4411.26956937 0 11271.18377239 0 1365
0.03650000 0.03647120 60239.86896183 0 5793.46109346 0 20829.25744884 0 2944.23082020 0 16442.07018595 0 1308
0.03750000 0.03744890 58316.82758733 0 3558.15801442 0 26702.35070239 0 -2320.67070339 0 9725.38757678 0 1579
0.03850000 0.03847530 53114.60649454 0 5541.39961896 0 30053.05763901 0 1272.96303975 0 11908.06389596 0 1662
0.03950000 0.03950240 50209.11773887 0 1759.92388527 0 27956.40221135 0 1775.42514002 0 11545.55598140 0 1683
0.04050000 0.04050350 48598.64809400 0 2536.70283293 0 25915.66202403 0 3039.57460921 0 13240.83963438 0 1822
0.04150000 0.04152450 48238.57609090 0 581.90160191 0 23989.63112182 0 4858.45862415 0 10805.62573074 0 1887
0.04250000 0.04250150 46660.21618800 0 -15.05249342 0 21249.00928271 0 7284.53785981 0 12941.00107829 0 1920
0.04350000 0.04349210 48036.28471646 0 -149.33908822 0 20494.20889983 0 3843.54718662 0 8278.97656875 0 2005
0.04450000 0.04448520 46123.09771105 0 13.15480767 0 17681.83839589 0 3330.49994382 0 8932.89700021 0 2151
0.04550000 0.04548030 45200.33016066 0 3524.81924439 0 17982.23056822 0 -246.76336707 0 6538.80571095 0 2274
0.04650000 0.04648670 43117.73658552 0 517.62564911 0 15263.86410199 0 -1923.00815753 0 930.71747961 0 2311
0.04750000 0.04749250 42559.91286116 0 182.18181810 0 17598.68523650 0 -2887.00904554 0 3491.00436440 0 2568
0.04850000 0.04851840 43420.34322282 0 1095.56003704 0 18238.00127153 0 -1269.84064415 0 -3299.51957898 0 2493
0.04950000 0.04949480 41083.30762335 0 1619.87004864 0 16175.00571132 0 2604.52082244 0 4989.63245627 0 2644
0.05050000 0.05050630 41147.19493755 0 763.09576864 0 16272.77433947 0 5708.15990306 0 3502.94033055 0 2829
0.05150000 0.05149060 40945.90007235 0 -384.20856397 0 15127.01016723 0 4557.55712488 0 7289.29895948 0 2784
0.05250000 0.05249300 39895.80078655 0 1197.85946051 0 15409.35445011 0 6200.19187335 0 8999.71848049 0 3055
0.05350000 0.05348950 39228.13959998 0 919.72266106 0 15234.19027148 0 2100.94041736 0 12695.19546732 0 3009
0.05450000 0.05448610 39458.66540271 0 757.33151634 0 14776.34964023 0 1586.09945795 0 11844.73019800 0 3336
0.05550000 0.05550870 37751.86653191 0 1552.56138607 0 18765.92971888 0 -2675.46120755 0 14766.16310139 0 3349
0.05650000 0.05647670 37098.26719787 0 2488.66001554 0 19334.93649131 0 -2779.16460181 0 11855.80252281 0 3324
0.05750000 0.05747970 36067.87665024 0 953.34931154 0 19132.64511688 0 -2658.91915427 0 8674.41357732 0 3639
0.05850000 0.05849280 34580.30981086 0 709.83013564 0 20295.68211583 0 1441.87135486 0 7508.01059163 0 3846
0.05950000 0.05951020 34648.40460849 0 -206.71366097 0 16704.37356090 0 4046.49182822 0 5100.67680188 0 3787
0.06050000 0.06049470 34322.43536583 0 80.78489983 0 18090.96079794 0 3494.34820649 0 4566.88002237 0 3930
0.06150000 0.06148310 34648.29388525 0 -27.15365866 0 14245.87455817 0 1913.20915006 0 351.61274694 0 4083
0.06250000 0.06249100 34585.29235703 0 234.73550062 0 15371.81926897 0 2027.82985659 0 834.84775516 0 4303
0.06350000 0.06350600 33090.97139950 0 1450.55205752 0 13668.00992588 0 -1549.11789305 0 1231.38646006 0 4470
0.06450000 0.06451750 32186.25173857 0 371.83856269 0 15229.20772531 0 -181.65809714 0 -743.23644685 0 4479
0.06550000 0.06550280 31980.19577370 0 220.76333393 0 13603.56899544 0 1511.71557981 0 2103.73064322 0 4636
0.06650000 0.06648880 31848.10293861 0 83.98446954 0 13265.75236522 0 662.28114393 0 -1435.93658876 0 4653
0.06750000 0.06749660 32378.79946717 0 226.51983560 0 12021.44450210 0 1365.39480734 0 -332.19188921 0 5220
0.06850000 0.06852730 30970.28902699 0 1416.40500778 0 12427.46665320 0 438.03334938 0 -261.04445162 0 5029
0.06950000 0.06949320 30211.61333041 0 1783.14255042 0 12561.44178351 0 52.41538918 0 1280.90189665 0 5040
0.07050000 0.07048030 28753.83104479 0 1685.21890972 0 13524.06970324 0 22.41702883 0 2838.65620306 0 5475
0.07150000 0.07148790 27982.42217468 0 716.04392432 0 12734.28077393 0 1032.00267812 0 3898.15589263 0 5509
0.07250000 0.07249820 27337.45925399 0 427.73055114 0 13801.76360969 0 858.34765736 0 4453.12295719 0 5916
0.07350000 0.07351270 27340.44878169 0 532.94310326 0 12964.36368366 0 2211.67473787 0 5556.09259400 0 5721
0.07450000 0.07449140 26781.18565510 0 495.28280486 0 13078.18718279 0 -250.56449618 0 4235.74000402 0 6028
0.07550000 0.07549160 25933.15629724 0 519.78253798 0 13051.61360323 0 1099.94578490 0 4959.83683019 0 6183
0.07650000 0.07648840 26002.57977385 0 158.28331221 0 13240.61818788 0 648.40752094 0 4619.48463759 0 6330
0.07750000 0.07749960 25608.29428706 0 -338.14104933 0 10761.69074586 0 2256.72802756 0 3845.59556671 0 6583
0.07850000 0.07848650 26023.39574451 0 -86.66718312 0 11124.58619179 0 2073.94608946 0 3925.12807589 0 6549
0.07950000 0.07947320 25403.89917091 0 258.19554245 0 8473.52838814 0 1691.15367583 0 2538.97265951 0 6828
0.08050000 0.08048110 25365.58892704 0 26.43561840 0 8259.65536194 0 751.67798729 0 1912.29014710 0 7147
0.08150000 0.08149960 25397.92011551 0 62.99167385 0 7661.91590661 0 -936.22374674 0 79.63160648 0 7386
0.08250000 0.08250610 24910.29493049 0 710.48672450 0 7383.69052856 0 -1166.08188828 0 1381.39431670 0 7227
0.08350000 0.08350160 24304.52803967 0 932.06719600 0 8377.04414967 0 -699.06340698 0 -339.20399252 0 7798
0.08450000 0.08449610 24104.00823720 0 704.75790364 0 7653.22413162 0 -968.89817728 0 -1635.95813660 0 7371
0.08550000 0.08548940 23600.43890445 0 109.55611443 0 9075.26495273 0 95.78147801 0 -657.33402921 0 8256
0.08650000 0.08650700 23190.76288616 0 244.92757562 0 8526.53160704 0 254.67565039 0 -1414.91024393 0 8037
0.08750000 0.08749060 23594.23840255 0 285.06143139 0 8798.33503669 0 930.37423754 0 -654.98337465 0 8155
0.08850000 0.08849210 23482.51864513 0 291.77126023 0 7940.44023742 0 1155.72926457 0 -1138.55608878 0 8718
0.08950000 0.08949900 22478.36950733 0 747.33763596 0 8436.13714722 0 93.59247940 0 271.53880108 0 8571
0.09050000 0.09049190 21995.39469874 0 1218.03323632 0 8227.33524579 0 347.04762742 0 -316.47804583 0 8932
0.09150000 0.09150830 20714.65888696 0 978.74922467 0 8551.13431279 0 -323.22109164 0 -145.05520575 0 9285
0.09250000 0.09250820 20165.13940622 0 655.07748941 0 8403.98311595 0 441.79351089 0 -903.07431346 0 9204
0.09350000 0.09350330 19387.75148070 0 489.23620827 0 8179.29242841 0 325.95817034 0 -792.62123000 0 9349
0.09450000 0.09448040 19255.76936886 0 391.16087673 0 7643.67978763 0 612.03050498 0 -613.24403178 0 9564
0.09550000 0.09549270 18987.48693850 0 -41.09006174 0 7389.24883562 0 1045.46330340 0 -275.17052363 0 10155
0.09650000 0.09649430 18811.87986688 0 -45.97749664 0 6774.00403475 0 1134.54790719 0 153.72594332 0 9913
0.09750000 0.09749140 18559.54158426 0 392.17399445 0 6719.96001731 0 962.34336099 0 -546.11695533 0 10476
0.09850000 0.09850240 18387.92054957 0 395.98398142 0 6618.40465407 0 775.82119156 0 629.93223974 0 10575
0.09950000 0.09950330 17926.09388139 0 390.90621326 0 6280.27799876 0 839.80372775 0 449.66704107 0 10882
0.10050000 0.10051200 17714.72320060 0 272.57295622 0 6095.13765547 0 -246.10456374 0 537.27459673 0 10875
0.10150000 0.10150300 17175.50098193 0 222.71317033 0 5804.01301901 0 686.59486200 0 1619.56002355 0 11118
0.10250000 0.10250800 17132.65108488 0 152.68514478 0 5886.01465662 0 197.77718761 0 1097.89408311 0 11575
0.10350000 0.10349800 17188.78777171 0 306.79972670 0 6220.00026245 0 635.35324998 0 1404.52440325 0 11364
0.10450000 0.10450100 16744.67682324 0 322.98525112 0 5633.75388027 0 718.26281822 0 412.14182503 0 12093
0.10550000 0.10551000 16287.38980823 0 734.34979895 0 5755.11763261 0 -484.23705362 0 1580.93975458 0 12067
0.10650000 0.10649700 16081.66601310 0 585.60197287 0 6108.75661499 0 7.49100350 0 1303.55587322 0 12054
0.10750000 0.10749900 15472.13453183 0 -63.23116823 0 6128.46535317 0 -180.47889454 0 2295.23757328 0 12807
0.10850000 0.10850100 15932.52179779 0 -113.76038688 0 5889.77924706 0 -20.97829094 0 1299.80235511 0 12736
0.10950000 0.10950300 15972.38216714 0 178.29986102 0 6380.36074280 0 701.14057512 0 1338.35619013 0 12933
0.11050000 0.11050200 15640.10169933 0 211.36293016 0 5484.44358010 0 -94.74145454 0 684.40032723 0 13428
0.11150000 0.11150900 15589.39045166 0 111.40862509 0 5827.32026275 0 314.19050352 0 733.91133488 0 13453
0.11250000 0.11250000 15483.98191939 0 -99.65889544 0 5404.08064656 0 80.27634795 0 397.89285022 0 13668
0.11350000 0.11349100 15716.50074058 0 103.55712884 0 5573.79724138 0 -89.98500525 0 26.13301176 0 13791
0.11450000 0.11448600 15594.15155133 0 362.23221367 0 6148.06336810 0 -432.51379546 0 -96.98526117 0 14205
0.11550000 0.11549300 15263.42120900 0 318.34262533 0 5708.96818277 0 -224.92099190 0 -327.49168732 0 14776
0.11650000 0.11649800 14939.77715455 0 335.93322777 0 5793.82648018 0 -114.29296571 0 -77.62674062 0 14553
0.11750000 0.11747300 14723.42392759 0 333.37109180 0 5753.41249459 0 393.50156619 0 -464.29247492 0 14568
0.11850000 0.11849100 14520.13604392 0 134.62839747 0 5462.84147437 0 799.63333331 0 -615.12632700 0 16015
0.11950000 0.11950300 14273.55537021 0 -66.39619228 0 4932.62105578 0 1024.04499827 0 -267.87053987 0 15270
0.12050000 0.12050700 14149.98822524 0 -78.04726752 0 4606.39714965 0 1025.36371216 0 -205.95188502 0 15999
0.12150000 0.12150000 14532.53704772 0 72.80773269 0 4577.26586305 0 504.49830080 0 -135.31045268 0 15670
0.12250000 0.12250700 14320.05913445 0 8.91872442 0 4597.55036212 0 -481.56973057 0 143.52611769 0 16887
0.12350000 0.12352200 14446.94797687 0 262.57021798 0 5012.90648304 0 -512.55784604 0 785.64234367 0 16407
0.12450000 0.12449800 14268.90499379 0 553.18995643 0 5350.87812581 0 -658.94726693 0 560.84757627 0 16306
0.12550000 0.12549900 13665.24184468 0 602.45183678 0 5654.04945167 0 -208.66792630 0 937.64321878 0 17523
0.12650000 0.12650100 13597.14704704 0 208.01133744 0 5600.49261652 0 172.34405750 0 218.08604579 0 17154
0.12750000 0.12750600 13125.90890276 0 145.94099174 0 5388.86727226 0 765.44310150 0 42.47764549 0 18007
0.12850000 0.12850300 13182.70992908 0 155.60159514 0 5012.17570961 0 396.34383198 0 -117.97451371 0 17496
0.12950000 0.12949900 12965.58163939 0 18.17156732 0 4903.64478173 0 319.29263080 0 -725.67241799 0 18405
0.13050000 0.13049000 12808.02245722 0 265.32058347 0 4574.22097373 0 288.19047038 0 -182.59038689 0 18100
0.13150000 0.13148800 12610.60290570 0 234.16970482 0 4183.27932903 0 103.09009818 0 -586.75128018 0 19059
0.13250000 0.13249300 12377.08757528 0 80.80737665 0 4519.63441237 0 411.11874221 0 334.77284812 0 18957
0.13350000 0.13349100 12470.09510375 0 133.40490558 0 4071.06131700 0 744.17537999 0 231.64189307 0 19468
0.13450000 0.13450700 12152.87299770 0 265.31394007 0 4170.93368686 0 482.45330209 0 606.78333025 0 19953
0.13550000 0.13551000 12031.52031769 0 245.56091260 0 3744.80419389 0 484.71869975 0 619.04150105 0 19956
0.13650000 0.13649900 11942.83099589 0 41.34472521 0 3797.37559213 0 238.93634066 0 1326.35379003 0 19723
0.13750000 0.13749600 11793.57605733 0 21.68437309 0 3343.63172106 0 102.75471746 0 750.23194167 0 20946
0.13850000 0.13851100 11711.19796068 0 164.07524533 0 3587.52181984 0 205.38719646 0 1248.93609489 0 20955
0.13950000 0.13949800 11701.56503809 0 82.62622745 0 3221.94687130 0 -62.01121949 0 597.47925570 0 20506
0.14050000 0.14048300 11723.15607149 0 11.44236191 0 3338.50523467 0 -354.65431457 0 486.66964338 0 21447
0.14150000 0.14148400 11610.66125133 0 210.16490462 0 3312.72886249 0 33.66529289 0 678.41905736 0 21771
0.14250000 0.14249400 11464.28511723 0 329.84012742 0 3602.22586720 0 -69.67559345 0 579.64727658 0 22470
0.14350000 0.14350900 11250.03563199 0 197.24460878 0 3397.42107503 0 91.53712374 0 748.27656910 0 22519
0.14450000 0.14449900 11140.53033953 0 24.76812628 0 3398.82726028 0 293.03682695 0 793.78160964 0 22218
0.14550000 0.14550500 10990.05744524 0 84.49147129 0 3312.48527134 0 438.66557913 0 253.54295156 0 23559
0.14650000 0.14650700 10943.81941680 0 81.29223376 0 3043.00702991 0 336.42262452 0 157.51821457 0 23044
0.14750000 0.14750500 10773.23918065 0 195.70444840 0 2825.29190700 0 174.13113073 0 -186.03277267 0 23649
0.14850000 0.14849900 10688.46946183 0 203.71527541 0 2792.35174066 0 -154.50211329 0 86.63950230 0 23640
0.14950000 0.14949500 10426.04429131 0 148.50644940 0 2929.10602450 0 -184.52361480 0 22.17786661 0 24457
0.15050000 0.15050000 10418.13865139 0 210.60115421 0 3254.84274834 0 -56.87908621 0 174.21195870 0 24591
0.15150000 0.15149900 10262.52819838 0 178.88337254 0 3509.78302729 0 -262.20261680 0 163.23928480 0 25020
0.15250000 0.15250500 10081.81678502 0 254.63911171 0 3340.96329078 0 238.26314331 0 627.56719116 0 25297
0.15350000 0.15350100 10069.05039450 0 97.72566753 0 3604.47354914 0 270.19683532 0 714.69642239 0 25452
0.15450000 0.15450400 9886.39025197 0 5.64723997 0 3429.66368490 0 391.26827828 0 558.94202917 0 26061
0.15550000 0.15549900 9859.08589897 0 132.13601715 0 3261.26469673 0 79.64478255 0 334.04207469 0 26128
0.15650000 0.15649500 9711.33679659 0 144.20263674 0 2957.97157530 0 -175.62146565 0 254.78415917 0 26331
0.15750000 0.15749700 9533.00593306 0 212.89533992 0 2863.25890880 0 181.13769787 0 -16.86525444 0 27345
0.15850000 0.15849900 9494.95035266 0 100.52895873 0 2956.12249706 0 -104.59371989 0 -166.94629915 0 26980
0.15950000 0.15949700 9396.80526546 0 67.08987343 0 2757.00887984 0 270.08168314 0 -491.20043870 0 27777
0.16050000 0.16050000 9307.83913555 0 136.20509652 0 2634.26108690 0 94.44338756 0 -301.60569913 0 28224
0.16150000 0.16150500 9249.41047748 0 110.31667242 0 2681.86101130 0 150.68659015 0 -74.99894578 0 28075
0.16250000 0.16249700 9132.94069271 0 140.42475951 0 2751.17376466 0 186.36937135 0 -243.13164453 0 28590
0.16350000 0.16349900 8963.30160417 0 157.61786549 0 2680.87557439 0 26.82193181 0 -474.22767198 0 29163
0.16450000 0.16449100 8895.33967443 0 270.77923960 0 2731.71968996 0 -14.46676744 0 -168.50196079 0 28996
0.16550000 0.16550500 8593.92884821 0 273.24615357 0 2600.43513458 0 -142.11771798 0 -192.80128483 0 30777
0.16650000 0.16650700 8539.57480568 0 83.02472042 0 2521.86591767 0 102.85193247 0 -153.92635240 0 29211
0.16750000 0.16749900 8366.12683740 0 -18.56408124 0 2445.33400852 0 239.53424620 0 -338.05468520 0 30922
0.16850000 0.16850800 8453.27710604 0 38.34036060 0 2465.62957992 0 190.01770238 0 -464.79294400 0 30867
0.16950000 0.16949900 8388.21612541 0 126.14367496 0 2416.83384444 0 115.94495657 0 -373.73414470 0 30852
0.17050000 0.17049200 8285.22135995 0 150.31345281 0 2300.47478292 0 77.78164245 0 -46.36591379 0 31257
0.17150000 0.17149500 8161.69850427 0 189.13413085 0 2266.16164831 0 34.48708084 0 250.87673574 0 32608
0.17250000 0.17250900 8069.06743484 0 39.26811069 0 2244.80313373 0 254.87273777 0 142.89610241 0 32361
0.17350000 0.17350400 8055.70313878 0 1.26163605 0 2342.32817073 0 222.24148929 0 498.83591389 0 32508
0.17450000 0.17449800 8103.12590598 0 51.04020644 0 2111.89094661 0 271.56205297 0 350.75574900 0 32791
0.17550000 0.17549800 7942.54397913 0 202.10646661 0 2233.39863917 0 164.65654238 0 680.20059442 0 33633
0.17650000 0.17650100 7866.16708253 0 128.19094782 0 2328.45454774 0 -106.46804304 0 581.75433999 0 33984
0.17750000 0.17750300 7785.68235343 0 113.20234171 0 2437.87126160 0 -12.52612107 0 704.90959449 0 34069
0.17850000 0.17849800 7712.54964800 0 116.43103163 0 2449.96224030 0 -83.13732596 0 650.14809040 0 34536
0.17950000 0.17950400 7688.22375037 0 74.01206946 0 2164.73915297 0 161.73787756 0 725.59491171 0 35343
0.18050000 0.18050100 7570.22598478 0 -55.60455090 0 2098.54879520 0 134.66825784 0 511.04979540 0 34990
0.18150000 0.18150500 7613.25303903 0 56.32624503 0 2074.02359573 0 294.80286276 0 456.78876039 0 36243
0.18250000 0.18250200 7579.81461808 0 40.51917267 0 1882.06270035 0 209.00784667 0 276.65753685 0 35694
0.18350000 0.18350400 7476.45446589 0 86.79185749 0 1760.23391037 0 66.65916000 0 330.40481598 0 37087
0.18450000 0.18450600 7386.71327324 0 119.61100332 0 1820.04660904 0 58.85848572 0 322.18029311 0 36651
0.18550000 0.18550700 7417.60505948 0 63.63630460 0 1743.34861502 0 -20.37916744 0 392.80843866 0 37818
0.18650000 0.18651000 7350.60642200 0 91.42296807 0 1885.88265241 0 -17.42418540 0 637.55442815 0 37267
0.18750000 0.18750100 7254.43220863 0 137.41640886 0 1865.94139541 0 -65.69664280 0 290.02294014 0 38334
0.18850000 0.18850000 7242.30801295 0 150.50168233 0 1931.55599229 0 -75.35979284 0 447.10269064 0 38223
0.18950000 0.18949500 7014.31777261 0 147.36710717 0 1794.92350403 0 33.67282207 0 505.18367771 0 39064
0.19050000 0.19050000 7083.20977763 0 -2.42217071 0 1923.79429259 0 86.92195731 0 387.37967780 0 39609
0.19150000 0.19149800 7081.42713334 0 -103.48759464 0 1814.89797800 0 328.73621663 0 424.49632506 0 39576
0.19250000 0.19250400 7130.34466439 0 -4.28316277 0 1711.33852397 0 154.57961956 0 324.62174073 0 40909
0.19350000 0.19350500 7070.60947199 0 85.27782780 0 1776.68738505 0 192.13694535 0 615.74416272 0 40191
0.19450000 0.19450100 7040.39309756 0 106.77308558 0 1635.73669011 0 123.26154881 0 551.81698815 0 41232
0.19550000 0.19549800 6999.54729130 0 204.84797424 0 1580.38613834 0 225.82338637 0 879.39503961 0 40873
0.19650000 0.19649700 6836.23050023 0 53.80341582 0 1496.86759223 0 16.04966699 0 1076.35841134 0 42816
0.19750000 0.19750200 6770.11764874 0 79.92136922 0 1449.00193204 0 252.95390388 0 869.16642594 0 41727
0.19850000 0.19849000 6821.73682704 0 -28.06236436 0 1291.07736315 0 -50.57372940 0 759.32010588 0 42610
0.19950000 0.19949900 6743.89838357 0 121.41357780 0 1488.89551836 0 -67.05798514 0 400.48155976 0 43863
0.20050000 0.20050100 6698.51292414 0 134.94395873 0 1190.28599033 0 -84.50154710 0 667.27586966 0 43302
0.20150000 0.20150100 6578.67715262 0 52.10082443 0 1206.94983918 0 54.58622919 0 614.90488050 0 44487
0.20250000 0.20249700 6623.58650209 0 -16.14677128 0 1319.42251469 0 61.24855775 0 384.85518774 0 43759
0.20350000 0.20349100 6613.36674628 0 36.74716378 0 1317.18590508 0 174.11230777 0 414.53676889 0 45282
0.20450000 0.20449700 6549.02546676 0 166.15019900 0 1224.10087033 0 73.23423865 0 340.36326493 0 45483
0.20550000 0.20549900 6410.69891280 0 140.94405155 0 1210.92480379 0 29.79518319 0 896.80405592 0 46138
0.20650000 0.20650200 6398.15396878 0 118.57684818 0 1316.72086743 0 -35.92537583 0 620.31481841 0 46227
0.20750000 0.20749300 6255.54242512 0 127.88756612 0 1370.78702952 0 -27.18931155 0 830.34131896 0 46236
0.20850000 0.20850300 6178.54547833 0 175.14646291 0 1412.85079151 0 -95.71825504 0 832.80934016 0 48361
0.20950000 0.20950400 6091.70523477 0 39.75562515 0 1493.64554571 0 -45.60258772 0 1008.53045673 0 46812
0.21050000 0.21050300 6090.34333882 0 -9.51359615 0 1605.65318358 0 119.39177129 0 805.41751580 0 48813
0.21150000 0.21149700 6152.64731058 0 1.93937305 0 1576.30045048 0 43.74830548 0 708.69411511 0 47215
0.21250000 0.21249000 6084.18712622 0 85.66945593 0 1500.45502547 0 121.06922850 0 615.76630737 0 50004
0.21350000 0.21350300 6037.65014501 0 115.50206358 0 1320.24186673 0 10.54572505 0 733.75521510 0 49509
0.21450000 0.21449800 5932.82844595 0 40.88832398 0 1269.22059396 0 7.98685542 0 480.06057270 0 49660
0.21550000 0.21550100 5848.30231829 0 100.68662863 0 1339.23090379 0 133.01073081 0 210.09514897 0 50841
0.21650000 0.21649800 5798.44363963 0 130.49288415 0 1150.23739146 0 -8.74501072 0 73.21685510 0 50424
0.21750000 0.21750300 5677.30133379 0 153.05717490 0 974.48527238 0 -37.74710543 0 4.62867467 0 52231
0.21850000 0.21850300 5589.01061568 0 64.90884689 0 1169.82433406 0 -194.52303134 0 176.95568079 0 51078
0.21950000 0.21950100 5675.72906366 0 -5.64360825 0 1273.10697997 0 -131.09743309 0 11.96309335 0 52791
0.22050000 0.22050700 5695.48209114 0 62.89069425 0 1456.22108782 0 21.80096467 0 322.36741540 0 52969
0.22150000 0.22150000 5587.80373228 0 105.92317393 0 1418.84091924 0 -57.90615506 0 168.66361673 0 52704
0.22250000 0.22250100 5594.02637883 0 58.39544109 0 1566.60109394 0 54.55755186 0 299.52631653 0 54051
0.22350000 0.22349900 5504.41805407 0 48.02288720 0 1600.69278206 0 108.03278398 0 298.28843061 0 53938
0.22450000 0.22449800 5540.03772301 0 38.74981517 0 1385.15890714 0 157.44513722 0 207.61051928 0 54735
0.22550000 0.22549100 5499.40229093 0 -14.29359628 0 1314.07458180 0 216.51377567 0 296.89996108 0 54774
0.22650000 0.22649900 5486.62482808 0 59.89839846 0 1195.86644204 0 187.56296796 0 -23.79863352 0 56911
0.22750000 0.22749800 5403.44952405 0 88.30931961 0 992.92290767 0 56.88429020 0 139.12154688 0 54879
0.22850000 0.22849100 5310.90703321 0 117.95569076 0 912.88107156 0 104.80708359 0 17.45352706 0 57210
0.22950000 0.22949800 5258.49064752 0 36.12478840 0 929.72761377 0 67.71368821 0 300.50621728 0 57375
0.23050000 0.23049600 5271.85494358 0 0.78362164 0 850.34015205 0 140.04165707 0 304.02389487 0 57604
0.23150000 0.23150100 5269.65155094 0 49.76478534 0 904.59897259 0 138.45610016 0 429.64717057 0 58629
0.23250000 0.23250200 5241.88216029 0 62.16080659 0 844.37327621 0 16.69418702 0 400.33983400 0 58560
0.23350000 0.23350400 5238.58260750 0 138.93331736 0 917.94998186 0 -21.43391711 0 385.80076428 0 59305
0.23450000 0.23449700 5162.25000020 0 114.42472637 0 1008.11856625 0 -230.43943859 0 403.84976097 0 59196
0.23550000 0.23549300 5005.74268889 0 136.76424893 0 1085.52629629 0 -161.58397224 0 535.33472542 0 60063
0.23650000 0.23649900 4986.69829020 0 113.26213227 0 1107.13725987 0 -35.11598889 0 427.71837158 0 61537
0.23750000 0.23750400 4863.04256662 0 42.59324056 0 1040.34678210 0 181.39568304 0 448.40036711 0 61224
0.23850000 0.23850100 4901.24208725 0 39.41747635 0 994.65794097 0 304.04493229 0 438.72426245 0 61221
0.23950000 0.23949400 4834.71955974 0 28.31160239 0 898.78046590 0 117.91361592 0 386.13514849 0 62332
0.24050000 0.24050100 4831.53073019 0 28.83377323 0 957.17590699 0 116.03685687 0 563.76734833 0 63447
0.24150000 0.24150500 4829.73701357 0 22.47958746 0 886.56990609 0 -90.52079505 0 609.92676326 0 63342
0.24250000 0.24250300 4825.44095154 0 35.79416878 0 908.42888975 0 9.06952949 0 562.85831046 0 63379
0.24350000 0.24349600 4819.21830499 0 37.99833648 0 936.26914327 0 -181.37796732 0 548.44767971 0 64266
0.24450000 0.24449500 4845.59258271 0 28.11506863 0 920.09912010 0 -40.24668276 0 412.34444857 0 64695
0.24550000 0.24549600 4749.90555163 0 49.75083421 0 884.99763596 0 2.83007515 0 293.66352054 0 65947
0.24650000 0.24650000 4751.79891917 0 89.66700808 0 811.51504507 0 64.42930450 0 106.81217089 0 66018
0.24750000 0.24750000 4714.33017198 0 76.54242786 0 785.15626861 0 1.34811091 0 104.00721884 0 66303
0.24850000 0.24849600 4621.85411510 0 85.02836832 0 692.72228656 0 31.84101665 0 129.97469935 0 66958
0.24950000 0.24949200 4671.23668379 0 24.75638962 0 729.66509832 0 96.81463664 0 101.84479381 0 66975
0.25050000 0.25048900 4582.83524244 0 33.42535561 0 704.60621279 0 1.88496365 0 124.64116048 0 68676
0.25150000 0.25150000 4621.13441399 0 101.31919055 0 710.91411624 0 50.59233090 0 175.47863266 0 69349
0.25250000 0.25249900 4541.92300223 0 57.76498292 0 776.96717717 0 -32.13255096 0 260.15755840 0 68592
0.25350000 0.25349900 4465.71219051 0 73.92105495 0 753.49052686 0 43.68962216 0 180.82435108 0 70437
0.25450000 0.25450100 4464.85962150 0 93.31212813 0 848.96496931 0 -66.98856166 0 291.98938503 0 70099
0.25550000 0.25550100 4372.63822808 0 94.40020549 0 729.95076430 0 109.66041573 0 369.45247669 0 71064
0.25650000 0.25650300 4339.85307429 0 28.72249637 0 745.63360517 0 75.54425777 0 260.18081029 0 71409
0.25750000 0.25750600 4371.02166866 0 3.56710445 0 671.54867981 0 63.68845525 0 396.84651552 0 72612
0.25850000 0.25850600 4358.32171209 0 13.92322701 0 747.87575095 0 73.84930629 0 245.77793016 0 71845
0.25950000 0.25949600 4305.78353083 0 102.12669520 0 625.91741477 0 71.40918735 0 253.36247266 0 72816
0.26050000 0.26049800 4240.03606605 0 92.83380370 0 582.19280406 0 55.80274551 0 163.72978879 0 73743
0.26150000 0.26149900 4170.07004552 0 70.81560001 0 519.18463244 0 -6.09582414 0 256.22134693 0 74662
0.26250000 0.26250300 4151.23602101 0 -13.34790902 0 460.52013386 0 59.61395044 0 61.02611475 0 74931
0.26350000 0.26350100 4200.60751737 0 -1.75777585 0 439.37420792 0 4.83407736 0 148.46437456 0 75087
0.26450000 0.26450200 4163.10555321 0 67.08367293 0 405.44196128 0 -120.68280436 0 -150.95896934 0 76678
0.26550000 0.26550600 4165.46395840 0 39.55023353 0 346.74092402 0 -22.02263262 0 -94.34528676 0 76035
0.26650000 0.26650100 4104.46652097 0 33.30167774 0 455.92954799 0 -65.90646336 0 -104.92777193 0 77094
0.26750000 0.26750600 4130.48648430 0 50.73250653 0 419.86144989 0 143.26813253 0 -71.25782867 0 78463
0.26850000 0.26850100 4072.32356202 0 85.57290525 0 502.06460381 0 38.82975735 0 3.42997371 0 77076
0.26950000 0.26949700 4074.52695466 0 71.23147653 0 453.57667896 0 89.38909273 0 55.61086212 0 79149
0.27050000 0.27049900 3944.91432034 0 95.92397883 0 471.56145617 0 106.04054057 0 292.02481646 0 79648
0.27150000 0.27150200 3935.34783169 0 80.56688576 0 494.56088928 0 49.44545950 0 237.85457452 0 80241
0.27250000 0.27250500 3908.68567353 0 23.07815734 0 464.42312836 0 97.11890413 0 425.67884935 0 80835
0.27350000 0.27350000 3885.98740765 0 20.70823694 0 369.46908518 0 67.24411092 0 354.20920711 0 80680
0.27450000 0.27450400 3909.21714512 0 14.66883737 0 325.23846922 0 3.70843161 0 492.50808026 0 82617
0.27550000 0.27550800 3920.12338507 0 22.22259880 0 344.19428931 0 28.54456411 0 324.63281306 0 82548
0.27650000 0.27649900 3885.83239510 0 60.67611856 0 285.33934674 0 -28.85348197 0 310.01845153 0 81181
0.27750000 0.27748900 3841.55416815 0 59.81148071 0 264.84668796 0 2.60993519 0 320.33675103 0 84096
0.27850000 0.27849800 3821.26966909 0 75.34229857 0 301.02661654 0 -40.14105278 0 304.17337126 0 85215
0.27950000 0.27950200 3801.50556929 0 29.02875687 0 284.25204444 0 7.88836709 0 172.69837189 0 84514
0.28050000 0.28050300 3782.68261709 0 39.15672310 0 370.87305596 0 -129.81525787 0 159.30860949 0 85815
0.28150000 0.28150100 3799.40182757 0 53.92775803 0 375.61976161 0 -79.10268152 0 179.01624044 0 85485
0.28250000 0.28250000 3787.95304371 0 55.35952035 0 409.27962906 0 16.41660384 0 206.41360097 0 87220
0.28350000 0.28350400 3717.03480324 0 60.95325885 0 465.74516394 0 15.98555823 0 139.41607072 0 87147
0.28450000 0.28449700 3666.73323159 0 98.02993501 0 436.07908405 0 81.67278956 0 190.25243566 0 87102
0.28550000 0.28549800 3616.24343042 0 82.68845392 0 420.75941543 0 121.27406651 0 225.39378017 0 88971
0.28650000 0.28649900 3570.34864405 0 45.44945747 0 362.70500194 0 131.67762291 0 355.58438985 0 89434
0.28750000 0.28750100 3542.54603643 0 24.04233539 0 338.35363797 0 43.39565194 0 243.63986424 0 89619
0.28850000 0.28849900 3505.40945898 0 58.35336626 0 288.69315393 0 99.44353872 0 369.83004297 0 90240
0.28950000 0.28950100 3488.34700644 0 72.39296341 0 237.27438470 0 -64.28746802 0 378.46867079 0 91333
0.29050000 0.29050500 3459.91327631 0 30.97604664 0 191.96421708 0 4.25974480 0 362.91205442 0 92139
0.29150000 0.29150600 3449.85960537 0 29.92362216 0 228.19729281 0 67.49168810 0 356.93521348 0 92370
0.29250000 0.29250200 3440.31526138 0 10.45614994 0 98.27684786 0 71.15352737 0 379.28913006 0 91819
0.29350000 0.29349600 3466.36844167 0 6.91964940 0 112.60222171 0 59.26605799 0 272.07691607 0 93552
0.29450000 0.29450000 3451.18828435 0 -6.33287154 0 -55.76255297 0 39.98958338 0 321.77726048 0 94701
0.29550000 0.29550200 3470.08874281 0 35.67658069 0 70.64342536 0 29.54771673 0 222.71095587 0 95020
0.29650000 0.29650300 3478.39298643 0 92.19338043 0 -12.89671178 0 -110.69191351 0 236.20811982 0 95151
0.29750000 0.29749800 3407.05399762 0 112.69965817 0 74.95266346 0 -112.76719935 0 295.89016506 0 95802
0.29850000 0.29850000 3348.72499048 0 81.29422677 0 107.08554659 0 -117.17398463 0 317.70375218 0 97399
0.29950000 0.29950700 3347.66204729 0 17.16752891 0 115.81430314 0 -27.14125766 0 260.28046121 0 97881
0.30050000 0.30050300 3301.12506608 0 30.42973813 0 175.68347066 0 21.48795005 0 154.66819816 0 97188
0.30150000 0.30149700 3351.40449308 0 6.79317023 0 106.70986261 0 91.57554471 0 123.56271605 0 98263
0.30250000 0.30249700 3321.56457770 0 15.13387501 0 73.74301197 0 52.36966048 0 130.60582186 0 100050
0.30350000 0.30350600 3326.81285966 0 58.54104216 0 45.38767390 0 -13.54233904 0 7.57161003 0 100779
0.30450000 0.30450500 3288.02650582 0 68.90130577 0 57.16663449 0 -13.12480167 0 104.75526511 0 99982
0.30550000 0.30550300 3207.86287413 0 122.83637154 0 106.94847121 0 -54.90511214 0 114.94623287 0 101559
0.30650000 0.30649700 3150.00997696 0 126.68178995 0 130.91363249 0 24.09149651 0 222.27027734 0 100935
0.30750000 0.30749800 3090.21942294 0 37.74389446 0 137.69210975 0 59.21789338 0 259.88739368 0 103762
0.30850000 0.30850200 3092.45603255 0 34.47335115 0 166.84111206 0 143.45636205 0 322.62207887 0 102951
0.30950000 0.30950100 3076.19078739 0 -4.14055123 0 134.00834728 0 58.83789119 0 350.17002302 0 104394
0.31050000 0.31050000 3136.63460858 0 -16.71389576 0 107.39003552 0 45.73634141 0 408.13696514 0 103963
0.31150000 0.31149700 3155.02574010 0 -7.04102422 0 94.83468352 0 -49.41047095 0 423.34037435 0 105936
0.31250000 0.31250000 3197.42167183 0 45.00689665 0 82.37776448 0 -58.58466712 0 325.64371631 0 105717
0.31350000 0.31349800 3167.65926272 0 42.84137136 0 111.51713388 0 -45.70788553 0 377.17542325 0 106776
0.31450000 0.31450400 3125.99410442 0 42.27878653 0 94.62442007 0 -59.45008003 0 213.40466686 0 108733
0.31550000 0.31549900 3133.50114065 0 25.52968078 0 80.69720702 0 20.55112065 0 153.73147948 0 105891
0.31650000 0.31650000 3133.77794877 0 42.71415035 0 66.36286459 0 20.38016395 0 68.61231810 0 111072
0.31750000 0.31750600 3071.24145820 0 81.22325317 0 33.12507416 0 34.47988382 0 121.07808636 0 108121
0.31850000 0.31849900 3034.69171397 0 87.15713349 0 28.36951065 0 -3.41918927 0 96.57890685 0 110484
0.31950000 0.31950100 2991.39892393 0 48.00993258 0 62.13722254 0 -12.80979403 0 196.53044383 0 110817
0.32050000 0.32049800 2996.87972471 0 29.71446595 0 72.40259633 0 47.80841627 0 215.76639374 0 111088
0.32150000 0.32149900 3007.74167536 0 -5.33011752 0 95.29274560 0 -20.93876274 0 177.64216493 0 112635
0.32250000 0.32250100 2995.11922507 0 47.60579273 0 117.51833393 0 7.16920852 0 224.96195950 0 113202
0.32350000 0.32350400 2986.34994381 0 43.76890001 0 105.18786084 0 -16.49842832 0 278.55754779 0 113863
0.32450000 0.32450300 2997.09009889 0 52.46499320 0 120.02953720 0 24.21716740 0 350.84654206 0 114045
0.32550000 0.32549900 2929.88108724 0 77.94219116 0 55.55793641 0 54.24951979 0 250.26886511 0 114828
0.32650000 0.32650300 2908.55578964 0 46.69121870 0 41.59717422 0 70.11549691 0 230.06630124 0 116431
0.32750000 0.32750400 2867.18958411 0 17.53745528 0 -62.47537134 0 31.97266659 0 236.20922705 0 116442
0.32850000 0.32850400 2881.11856874 0 21.50134757 0 -58.82028620 0 8.48950575 0 226.54862365 0 116955
0.32950000 0.32949800 2871.50779079 0 61.23039914 0 -74.36538735 0 32.66856221 0 218.97847517 0 117028
0.33050000 0.33049700 2814.67354750 0 25.40522785 0 -84.92041315 0 17.90538863 0 231.99952916 0 119061
0.33150000 0.33150100 2845.97500976 0 21.99450891 0 -121.73910415 0 78.23505415 0 324.57634420 0 120060
0.33250000 0.33250400 2857.57880617 0 9.98810063 0 -68.74529672 0 60.86988424 0 255.13958080 0 119737
0.33350000 0.33350100 2849.03097141 0 42.69289148 0 -122.78100991 0 58.07268283 0 292.39906104 0 120531
0.33450000 0.33450000 2850.85790501 0 60.05927934 0 -137.75411477 0 -12.87135616 0 328.40958305 0 121704
0.33550000 0.33550300 2783.05098782 0 99.38751276 0 -202.77966396 0 -54.92415654 0 350.61734494 0 122761
0.33650000 0.33650300 2739.08278596 0 59.87282139 0 -129.81857957 0 -19.77328983 0 307.58696900 0 122472
0.33750000 0.33749900 2702.51089709 0 56.86092760 0 -175.70782978 0 -26.35191162 0 276.00648415 0 122985
0.33850000 0.33849800 2703.33024912 0 42.16429870 0 -155.49419359 0 31.85463561 0 213.65933033 0 125380
0.33950000 0.33950300 2682.52535079 0 -0.66899429 0 -218.03068417 0 -19.52737350 0 210.05528860 0 125223
0.34050000 0.34050000 2695.29174130 0 50.01668073 0 -166.62188003 0 28.35090914 0 306.38783622 0 125178
0.34150000 0.34149900 2705.89902848 0 12.08843207 0 -202.01456632 0 30.95988104 0 287.37333281 0 127059
0.34250000 0.34250300 2659.52813214 0 69.60583780 0 -217.59111287 0 66.48643173 0 416.30612639 0 127957
0.34350000 0.34349800 2649.77341397 0 76.28853945 0 -236.27123207 0 54.94607974 0 373.36765074 0 126732
0.34450000 0.34449700 2614.50805943 0 32.18580885 0 -223.08852214 0 4.12798414 0 442.22643879 0 129639
0.34550000 0.34550000 2598.26495892 0 58.72805373 0 -212.84883615 0 -33.71412184 0 368.59437152 0 129826
0.34650000 0.34650400 2596.84770134 0 28.58442448 0 -178.29875379 0 -107.92726472 0 335.57337721 0 130875
0.34750000 0.34750200 2583.45018831 0 20.46021686 0 -120.38274436 0 -123.15304003 0 267.62362703 0 130686
0.34850000 0.34850200 2581.80041191 0 44.36071577 0 -117.45300721 0 -134.82327039 0 165.81692202 0 132211
0.34950000 0.34950400 2601.52022241 0 42.93216442 0 -85.99154986 0 -32.34768623 0 129.91269433 0 132768
0.35050000 0.35050300 2556.68837922 0 58.41282464 0 -78.02224407 0 -25.53942443 0 -4.56430017 0 132957
0.35150000 0.35150100 2560.39760804 0 45.48134576 0 -107.07657801 0 54.54315784 0 75.48457794 0 133987
0.35250000 0.35249800 2512.21085043 0 21.16198081 0 -180.00832074 0 63.09453575 0 31.23768567 0 134778
0.35350000 0.35349800 2542.83690088 0 36.70531039 0 -203.31888618 0 52.39346598 0 36.80728650 0 135699
0.35450000 0.35450100 2520.36008149 0 57.41088997 0 -215.01236842 0 57.06487982 0 77.82238860 0 137380
0.35550000 0.35550100 2469.96993124 0 41.24629224 0 -220.37469533 0 17.58506628 0 71.40520131 0 136161
0.35650000 0.35649900 2457.95645882 0 57.09067834 0 -245.36161075 0 21.38918491 0 137.92352134 0 138792
0.35750000 0.35750000 2460.50309352 0 25.23847864 0 -199.69823596 0 19.85500359 0 133.15467104 0 138097
0.35850000 0.35849800 2427.57399951 0 50.31209036 0 -235.03113169 0 -24.08164214 0 123.45199280 0 140028
0.35950000 0.35950300 2402.56161775 0 75.85262202 0 -177.33435430 0 -0.86685674 0 152.04073548 0 141099
0.36050000 0.36050500 2355.99141956 0 75.45922232 0 -207.19973603 0 -43.62163809 0 142.91049643 0 140821
0.36150000 0.36150200 2306.94102061 0 65.63474851 0 -188.42550207 0 5.25216835 0 184.14051236 0 141756
0.36250000 0.36250400 2301.55987075 0 48.04492113 0 -207.44111271 0 1.25894548 0 241.85500548 0 142971
0.36350000 0.36349900 2305.42411211 0 11.90706739 0 -204.38404383 0 92.23401586 0 211.37843142 0 142270
0.36450000 0.36450000 2307.23997338 0 -2.07690240 0 -235.33451339 0 58.90775756 0 202.47406780 0 145311
0.36550000 0.36550300 2313.91658525 0 25.45793212 0 -245.77903739 0 68.26176829 0 231.14253122 0 145434
0.36650000 0.36650100 2301.54879843 0 35.82638925 0 -248.97451034 0 14.45392354 0 198.79141256 0 144547
0.36750000 0.36749600 2302.88854973 0 25.36647471 0 -287.39990639 0 2.44309740 0 246.12449393 0 146892
0.36850000 0.36849900 2315.82102512 0 17.13220819 0 -335.81253942 0 23.60232120 0 217.78487856 0 148113
0.36950000 0.36949900 2321.09145173 0 -6.51457946 0 -315.56125733 0 -53.70664370 0 213.05367416 0 147387
0.37050000 0.37049800 2334.19001199 0 48.13194960 0 -334.78170598 0 -9.03223790 0 106.85203126 0 149758
0.37150000 0.37150100 2319.59668788 0 53.30195023 0 -308.42957292 0 -92.56895369 0 96.26965681 0 150099
0.37250000 0.37250000 2313.15259484 0 69.41904768 0 -298.48219630 0 -123.50292549 0 39.96300980 0 150468
0.37350000 0.37349800 2272.58359670 0 49.35311631 0 -223.99202385 0 -101.28885238 0 13.06800064 0 150709
0.37450000 0.37449700 2254.05959728 0 72.76687582 0 -173.54208305 0 -79.83411930 0 71.17080019 0 153108
0.37550000 0.37550100 2262.78458924 0 27.15089058 0 -201.19632151 0 -7.85044438 0 14.70548676 0 153189
0.37650000 0.37649900 2256.48443642 0 20.86679263 0 -130.08542260 0 4.98778338 0 59.30569692 0 153547
0.37750000 0.37749900 2262.91745714 0 31.53110228 0 -143.23159385 0 15.23518678 0 -30.76589391 0 155424
0.37850000 0.37850200 2252.87485853 0 53.49394434 0 -131.76730874 0 71.75519750 0 54.65465615 0 155313
0.37950000 0.37949900 2220.32222356 0 39.88971101 0 -244.05286196 0 69.88131724 0 137.26803971 0 156100
0.38050000 0.38050000 2225.30476973 0 22.78950183 0 -236.38527702 0 131.82377759 0 162.71888553 0 157557
0.38150000 0.38149800 2215.39503901 0 19.75313820 0 -292.79545027 0 78.62446781 0 165.65415884 0 157692
0.38250000 0.38250100 2189.98405356 0 65.85708079 0 -300.40656635 0 70.85701051 0 194.13107105 0 159703
0.38350000 0.38350500 2168.29336924 0 73.66129821 0 -316.29313800 0 -48.79451752 0 218.97404624 0 160338
0.38450000 0.38450600 2132.03150545 0 51.03356304 0 -299.77765830 0 -27.41175455 0 266.18643927 0 160167
0.38550000 0.38550000 2113.78431415 0 37.46354319 0 -271.58309038 0 -2.01945918 0 288.02106381 0 160033
0.38650000 0.38649600 2106.74231557 0 43.53040213 0 -322.19690160 0 -0.28175524 0 286.92601089 0 162444
0.38750000 0.38750200 2105.83438493 0 47.78173197 0 -293.03239802 0 3.18071353 0 256.41511262 0 164307
0.38850000 0.38850400 2089.91238184 0 19.47179043 0 -345.65251449 0 -4.58406427 0 234.48194438 0 163882
0.38950000 0.38950500 2061.19077126 0 51.42065152 0 -351.76886672 0 12.83681050 0 190.98099463 0 164595
0.39050000 0.39050100 2062.05441260 0 32.31491215 0 -342.71281225 0 -53.12512520 0 149.75651487 0 165006
0.39150000 0.39150100 2055.56603026 0 31.22960287 0 -354.20920711 0 -15.85767288 0 94.67435625 0 166687
0.39250000 0.39250100 2061.97690633 0 30.03644915 0 -390.48546491 0 -27.06031896 0 85.17817687 0 167256
0.39350000 0.39350100 2045.43485305 0 23.38297845 0 -391.10883680 0 -46.01901786 0 70.85966787 0 167937
0.39450000 0.39449600 2052.68722580 0 53.21392525 0 -349.59315489 0 -1.98919852 0 28.94715384 0 167719
0.39550000 0.39549700 2022.61479160 0 35.90444914 0 -336.45694873 0 19.18235986 0 62.60148512 0 171636
0.39650000 0.39650400 2006.81458408 0 18.78408833 0 -376.74692428 0 46.67328153 0 103.42127142 0 171093
0.39750000 0.39750000 2036.54377622 0 40.90913995 0 -361.98972976 0 62.16656420 0 111.72418635 0 170464
0.39850000 0.39849800 2004.82156561 0 59.04339354 0 -359.28808251 0 29.67427341 0 144.54920051 0 172113
0.39950000 0.39949500 1980.65068053 0 85.17319433 0 -362.80133117 0 17.84681604 0 142.63922448 0 173232
