### header ###
fiducial parameters:
Omega_m = 0.31
Omega_nu = 0
Omega_de = 0.69
Omega_k = 0
H_0 = 100
w_de = -1
zeff = 0
beta = 0
fgrowth = 0
b_1 = 2
gamma = 0.55
Lx = 3500 Ly = 3500 Lz = 3500
nx = 700 ny = 700 nz = 700
xoffset = -685.467585 yoffset = -31.7331281 zoffset = 572.489161
bins = 400 dk = 0.001
kx_ny = 0.628318531 ky_ny = 0.628318531 kz_ny = 0.628318531
############################
A(data) = 8.0093964 (not used)
A(ran) = 8.00370665 (used)
Ngal = 475407
weighted Ngal = 0
Nran = 23820508
weighted Nran = 0
SN(data) = 3494.32426
SN(ran) = 69.7151876
SN(data+ran) = 3564.03945
############################
13 columns: k_central k_mean P_0(k) sigma^{lin}_{P_0(k)} P^img_1(k) sigma^{lin}_{P_1(k)} P_2(k) sigma^{lin}_{P_2(k)} P^img_3(k) sigma^{lin}_{P_3(k)} P_4(k) sigma^{lin}_{P_4(k)} N_modes
### header ###
0.00050000 0 0 0 0 0 0 0 0 0 0 0 0
0.00150000 0.00179520 56256.71083157 0 -41310.40100538 0 8769.05980987 0 73603.16850870 0 -60306.19218749 0 3
0.00250000 0.00253879 88004.38778408 0 -22304.86617742 0 33090.52850651 0 -44865.83522789 0 46266.81648720 0 6
0.00350000 0.00331552 81162.57683214 0 11835.98306139 0 8213.95987741 0 -22538.82440084 0 35426.45687350 0 7
0.00450000 0.00420575 65906.46335752 0 24080.64563183 0 17423.07816488 0 -9125.31186091 0 44909.34946443 0 24
0.00550000 0.00557378 54034.49524047 0 3797.66347257 0 18023.19817005 0 22263.67712909 0 149.72219066 0 45
0.00650000 0.00659388 62705.01135945 0 -3562.66445062 0 43363.65291975 0 24123.82769863 0 -21449.08619219 0 40
0.00750000 0.00754703 56193.26641036 0 675.38302589 0 5498.72687911 0 13353.99879402 0 -5585.12422967 0 57
0.00850000 0.00846663 70012.74573976 0 -9199.58501579 0 18332.55892548 0 -7079.97665879 0 573.38587690 0 75
0.00950000 0.00948925 62428.20323899 0 3898.05624170 0 11027.43761383 0 -6763.52961547 0 -5757.88571382 0 112
0.01050000 0.01054430 72791.12420650 0 -3036.15326085 0 28102.22472921 0 -10418.81406320 0 -12573.28917106 0 105
0.01150000 0.01145670 62938.08379689 0 5303.72109441 0 19350.88063905 0 -6626.46530654 0 -1211.68879420 0 144
0.01250000 0.01249090 65229.39069486 0 7241.62152881 0 20536.06228764 0 1231.91793165 0 -532.23447448 0 169
0.01350000 0.01339930 52539.17777371 0 -2484.45253211 0 13663.13810296 0 5215.91755859 0 -5884.87420716 0 180
0.01450000 0.01448870 64096.80258916 0 -3905.71829048 0 19140.06357450 0 5544.73238873 0 -11044.46684940 0 267
0.01550000 0.01550050 63164.73428592 0 -8989.32156749 0 24821.27343895 0 5331.10295368 0 -18993.24454741 0 238
0.01650000 0.01653350 70533.47717598 0 -5829.86689746 0 7047.40187917 0 10705.63156530 0 -16885.40607168 0 315
0.01750000 0.01747870 75504.28668006 0 -8210.21743162 0 11880.27236066 0 -4983.91913667 0 -26899.32736092 0 297
0.01850000 0.01844180 74232.96234439 0 4628.42000372 0 2425.45918547 0 -4945.18814445 0 -21026.45555386 0 388
0.01950000 0.01947590 72125.56676165 0 10618.87990035 0 11643.32460954 0 -19377.56494186 0 -22030.27252192 0 399
0.02050000 0.02045430 65842.90821306 0 8294.04600283 0 6263.82452408 0 -13187.13885901 0 -11670.56252860 0 462
0.02150000 0.02154770 63346.87402919 0 -1828.82696262 0 9696.64382155 0 -12159.18422284 0 -18563.63834445 0 571
0.02250000 0.02255340 67297.47952448 0 -4071.13882327 0 18215.85662189 0 -4678.99838349 0 -27129.63171714 0 510
0.02350000 0.02348930 73330.23570192 0 -1479.56154854 0 19126.66606147 0 -8796.61882635 0 -30416.56206281 0 555
0.02450000 0.02439640 68863.99203983 0 -1391.13796254 0 20850.18414274 0 455.72581721 0 -23896.29142360 0 592
0.02550000 0.02547300 70217.03013266 0 1516.77563226 0 17907.27092920 0 2063.83705690 0 -30144.84721176 0 837
0.02650000 0.02652900 68465.72051610 0 2392.77368261 0 13365.07111884 0 3654.63118057 0 -27801.27894064 0 723
0.02750000 0.02749970 64578.33799552 0 4588.39354950 0 15955.55223341 0 2616.73359672 0 -25478.52664019 0 826
0.02850000 0.02848090 60302.09542731 0 7061.18692357 0 11734.11767306 0 372.95908196 0 -16462.33254036 0 831
0.02950000 0.02946900 55004.65234108 0 2691.17283647 0 10265.99383605 0 -435.73916368 0 -10023.88638157 0 996
0.03050000 0.03053250 55020.26431907 0 1970.23162288 0 16183.19923169 0 -1079.05673690 0 -10124.43416325 0 1041
0.03150000 0.03150510 54012.68276058 0 1701.62809510 0 17254.11448814 0 -3884.50371613 0 -7648.15300686 0 1036
0.03250000 0.03246190 56438.62912834 0 -1034.86819578 0 18482.03531053 0 52.64857234 0 1610.99004414 0 1059
0.03350000 0.03345080 57139.83945911 0 820.58881526 0 27088.55339207 0 -1722.96446503 0 3975.00889919 0 1302
0.03450000 0.03451200 58013.88878029 0 454.47796620 0 27988.62267657 0 2017.00112291 0 304.27745111 0 1339
0.03550000 0.03553350 55847.03481328 0 1307.75228433 0 30137.42875413 0 2799.48231785 0 3811.52602325 0 1365
0.03650000 0.03647120 54169.79904975 0 2699.22241661 0 29042.37582956 0 4658.51458257 0 3972.93837445 0 1308
0.03750000 0.03744890 54161.60552939 0 1162.29515319 0 26825.47495438 0 6990.85551632 0 3510.93454907 0 1579
0.03850000 0.03847530 51620.17481376 0 272.97598885 0 21735.97012824 0 9988.68746097 0 2346.29206302 0 1662
0.03950000 0.03950240 49958.77247472 0 2083.81153087 0 17537.89817325 0 2665.81721264 0 4965.93768116 0 1683
0.04050000 0.04050350 50723.42722670 0 2079.38260094 0 15475.01333628 0 1342.91798795 0 -34.49029181 0 1822
0.04150000 0.04152450 47870.86418367 0 186.77572567 0 14702.38651044 0 -5368.09559090 0 -3741.67072597 0 1887
0.04250000 0.04250150 47039.99692928 0 1101.54352137 0 14103.59518425 0 -2355.14992287 0 -3723.50104094 0 1920
0.04350000 0.04349210 45508.69440686 0 1065.58393206 0 17130.21517342 0 486.46369814 0 -5079.61724008 0 2005
0.04450000 0.04448520 46704.50548728 0 854.88644862 0 15738.42394372 0 1153.78053540 0 -8292.56231130 0 2151
0.04550000 0.04548030 44864.50654891 0 1576.62154790 0 16864.92227077 0 1613.37059397 0 -7441.63200434 0 2274
0.04650000 0.04648670 43191.14609907 0 3436.51745396 0 15507.56597125 0 19.39417343 0 -6602.05083031 0 2311
0.04750000 0.04749250 39828.48105165 0 1507.56345801 0 15960.42405633 0 3166.44130699 0 -2105.39149194 0 2568
0.04850000 0.04851840 41516.78914000 0 -1619.31643240 0 13832.65539593 0 2782.91811992 0 -2167.06434118 0 2493
0.04950000 0.04949480 41978.83725468 0 -2218.49528996 0 14729.84587599 0 5050.91777415 0 -1595.05696872 0 2644
0.05050000 0.05050630 44247.11371703 0 -459.74728558 0 12985.29037756 0 2211.65259323 0 -3872.97742599 0 2829
0.05150000 0.05149060 42620.03558493 0 1822.88112419 0 11136.65502584 0 -962.87593981 0 -41.36675914 0 2784
0.05250000 0.05249300 41900.77736471 0 2253.50598104 0 12476.51705215 0 -625.42801801 0 2500.16416102 0 3055
0.05350000 0.05348950 40525.26245249 0 724.90067695 0 15108.63010804 0 -558.83130592 0 5054.85952178 0 3009
0.05450000 0.05448610 40110.05027179 0 1622.25059848 0 15332.62323912 0 1561.04278688 0 2526.42771549 0 3336
0.05550000 0.05550870 38870.28206184 0 1118.55947015 0 16804.79954700 0 -467.08159354 0 5601.51127040 0 3349
0.05650000 0.05647670 38317.77305339 0 1578.62563869 0 18500.19392324 0 542.02019515 0 4345.34494740 0 3324
0.05750000 0.05747970 37454.02099429 0 1137.92496626 0 16812.99306737 0 -720.70980200 0 5656.41892918 0 3639
0.05850000 0.05849280 36696.56325345 0 1088.87456732 0 19255.88009211 0 213.13450213 0 4894.08936541 0 3846
0.05950000 0.05951020 34862.21120074 0 1103.01946227 0 17765.65589477 0 1255.57948978 0 3912.73814441 0 3787
0.06050000 0.06049470 34672.43155335 0 590.02315217 0 16811.44294190 0 3772.30784874 0 1242.48092952 0 3930
0.06150000 0.06148310 33913.75585678 0 387.05858038 0 15159.67352545 0 3651.19875987 0 2978.47752087 0 4083
0.06250000 0.06249100 33251.18793963 0 662.78272025 0 12913.98460573 0 2580.50494991 0 -422.02055323 0 4303
0.06350000 0.06350600 32159.12454277 0 282.50704605 0 12116.11287930 0 1503.69921665 0 2139.18422729 0 4470
0.06450000 0.06451750 32073.97836491 0 458.16172867 0 10711.86528418 0 830.64470066 0 511.76396035 0 4479
0.06550000 0.06550280 31540.40303190 0 558.53899655 0 11160.90341720 0 866.14589573 0 2008.66366233 0 4636
0.06650000 0.06648880 31578.82399902 0 172.98846680 0 12246.98775866 0 -369.97841212 0 1435.33868322 0 4653
0.06750000 0.06749660 31494.78505365 0 261.07323967 0 12286.40523501 0 -822.37145956 0 411.04455764 0 5220
0.06850000 0.06852730 30995.20175783 0 902.26603375 0 13188.02464499 0 -167.22753620 0 1818.43004962 0 5029
0.06950000 0.06949320 30767.00114332 0 1165.00787277 0 14704.71169865 0 538.75164486 0 4359.06355785 0 5040
0.07050000 0.07048030 30193.78688746 0 429.91179913 0 12605.62035953 0 658.14341615 0 3315.40836510 0 5475
0.07150000 0.07148790 29874.01814669 0 -479.48702627 0 12993.04100494 0 2292.72415555 0 4154.51342915 0 5509
0.07250000 0.07249820 30020.28355755 0 89.54399455 0 12132.27847354 0 2246.01001714 0 3357.22853594 0 5916
0.07350000 0.07351270 30162.89510121 0 290.24770833 0 12833.26735780 0 1496.66829039 0 2851.14578545 0 5721
0.07450000 0.07449140 29174.46866465 0 661.54372710 0 11818.15661843 0 1350.03749281 0 3962.68540167 0 6028
0.07550000 0.07549160 28274.84227314 0 1032.68141163 0 10041.21456991 0 1134.04965258 0 2617.48651480 0 6183
0.07650000 0.07648840 27599.87335219 0 673.85172337 0 9183.41942156 0 1213.31642595 0 2918.00048271 0 6330
0.07750000 0.07749960 27119.33445506 0 379.97561420 0 8069.53247248 0 399.46401311 0 1625.66087452 0 6583
0.07850000 0.07848650 25655.46239079 0 1218.31004445 0 9794.16885856 0 -634.36559860 0 -399.48615776 0 6549
0.07950000 0.07947320 25416.52162120 0 1380.58603699 0 8189.76684768 0 -818.55482919 0 -167.75790056 0 6828
0.08050000 0.08048110 24040.56381599 0 650.15362656 0 8350.64772730 0 -42.45251131 0 966.07694891 0 7147
0.08150000 0.08149960 23494.03386294 0 359.84834214 0 8002.10201433 0 1826.10317072 0 1722.23369159 0 7386
0.08250000 0.08250610 23602.09975317 0 -559.27419891 0 7180.72374231 0 3062.01821162 0 815.36267795 0 7227
0.08350000 0.08350160 23870.16073703 0 -317.29296893 0 7040.33773594 0 2043.16502646 0 1580.66294646 0 7798
0.08450000 0.08449610 23533.00844630 0 592.87095411 0 6959.13330572 0 558.03852746 0 2248.56772417 0 7371
0.08550000 0.08548940 23030.65706928 0 1205.80938973 0 7368.16712917 0 -853.12484174 0 2948.64867780 0 8256
0.08650000 0.08650700 22072.79024922 0 1062.31206008 0 6941.87155132 0 -911.98089155 0 3170.41627160 0 8037
0.08750000 0.08749060 21292.63424250 0 441.08488210 0 7721.00890416 0 -1236.95583944 0 1921.02621139 0 8155
0.08850000 0.08849210 21036.64209269 0 637.13810874 0 8176.70150440 0 -756.84544128 0 1706.35597780 0 8718
0.08950000 0.08949900 20880.19014300 0 422.80004490 0 8045.36158740 0 582.20719808 0 1213.09497946 0 8571
0.09050000 0.09049190 20075.01068219 0 313.67010425 0 7170.65899905 0 482.42229958 0 196.28795992 0 8932
0.09150000 0.09150830 19950.00413499 0 694.35656170 0 7582.11766164 0 815.13680252 0 778.30360678 0 9285
0.09250000 0.09250820 19504.34306104 0 425.35885916 0 7839.61564762 0 1475.87446438 0 1474.95546142 0 9204
0.09350000 0.09350330 18974.97521146 0 480.34734591 0 6549.54586602 0 707.86922691 0 1136.79558913 0 9349
0.09450000 0.09448040 19089.02015709 0 88.95516832 0 6878.84787846 0 606.85087143 0 2556.37835413 0 9564
0.09550000 0.09549270 19015.94281329 0 -201.37569317 0 6316.55093487 0 -373.47726676 0 1965.04977486 0 10155
0.09650000 0.09649430 18833.36017703 0 92.45557308 0 6902.57587054 0 -117.85603983 0 1549.09574840 0 9913
0.09750000 0.09749140 18817.08385954 0 325.80758672 0 6375.21211176 0 -358.48091003 0 780.56568274 0 10476
0.09850000 0.09850240 18397.22130242 0 257.92537772 0 5744.52141776 0 826.13494276 0 366.69436058 0 10575
0.09950000 0.09950330 18286.27660774 0 253.32039783 0 5658.40087532 0 65.63840237 0 -708.33315732 0 10882
0.10050000 0.10051200 18064.49794162 0 208.84286903 0 4981.17320011 0 592.25754732 0 -1035.78498427 0 10875
0.10150000 0.10150300 17536.68021752 0 363.71147627 0 4859.95338800 0 717.91071829 0 -1033.20070366 0 11118
0.10250000 0.10250800 17389.30757418 0 504.30010619 0 4773.25708467 0 267.17298341 0 -431.58704187 0 11575
0.10350000 0.10349800 16912.09037450 0 481.80335662 0 5361.82865505 0 419.13621261 0 -131.64994209 0 11364
0.10450000 0.10450100 16529.76299851 0 487.74365889 0 5051.55996899 0 756.68599980 0 437.04348354 0 12093
0.10550000 0.10551000 16122.85506142 0 430.79094172 0 5374.94935996 0 -242.22260666 0 894.62391516 0 12067
0.10650000 0.10649700 16207.66906953 0 -90.95759826 0 5497.81894848 0 -319.42882039 0 1014.43089863 0 12054
0.10750000 0.10749900 16020.65750335 0 -180.16222605 0 5381.89170762 0 20.98139119 0 292.17097115 0 12807
0.10850000 0.10850100 16164.70844924 0 302.63763980 0 5936.16121572 0 -869.35354823 0 506.21451115 0 12736
0.10950000 0.10950300 16260.92695191 0 299.28383262 0 5132.81976083 0 409.63505069 0 192.12255132 0 12933
0.11050000 0.11050200 15793.34267482 0 192.75921000 0 5337.64669765 0 244.16579967 0 309.85568835 0 13428
0.11150000 0.11150900 15595.03733732 0 286.18859405 0 4754.02445646 0 451.93576043 0 -397.95264077 0 13453
0.11250000 0.11250000 15686.16257058 0 12.48050309 0 5538.60939311 0 765.40434837 0 38.45363048 0 13668
0.11350000 0.11349100 15221.01420494 0 118.17049386 0 5184.76003655 0 -466.52687007 0 -1091.62382557 0 13791
0.11450000 0.11448600 15208.83464764 0 507.53543950 0 5836.26670121 0 -139.03628998 0 -70.48409461 0 14205
0.11550000 0.11549300 14704.49025216 0 384.86404560 0 5487.67669894 0 -0.34484313 0 862.04802831 0 14776
0.11650000 0.11649800 14761.40200172 0 16.31772798 0 5400.17211590 0 678.27843883 0 634.75866613 0 14553
0.11750000 0.11747300 14665.29422230 0 -154.48550480 0 5133.26265382 0 564.65424154 0 794.41494662 0 14568
0.11850000 0.11849100 14963.80409941 0 193.18438727 0 5165.39454045 0 437.14092000 0 272.21089120 0 16015
0.11950000 0.11950300 14524.45425060 0 325.82087351 0 4883.54851219 0 17.64386032 0 1079.44316103 0 15270
0.12050000 0.12050700 14445.06568165 0 174.52973442 0 4947.56869429 0 326.99453994 0 956.20707857 0 15999
0.12150000 0.12150000 14109.35279315 0 300.54718488 0 5360.82107350 0 -250.91770334 0 1317.71737667 0 15670
0.12250000 0.12250700 14179.10843951 0 131.13286452 0 5560.35543905 0 160.74358279 0 117.98337157 0 16887
0.12350000 0.12352200 13689.60095928 0 431.32905671 0 5548.75164264 0 -162.84068111 0 947.21081466 0 16407
0.12450000 0.12449800 13627.26377055 0 234.75100188 0 4753.48191254 0 731.80537870 0 895.48755650 0 16306
0.12550000 0.12549900 13537.02432328 0 -331.98926566 0 4713.20079485 0 773.98318564 0 978.97177840 0 17523
0.12650000 0.12650100 13817.59703418 0 -255.45403482 0 3804.27365049 0 1299.32624514 0 353.69545124 0 17154
0.12750000 0.12750600 13725.14312195 0 92.08143923 0 3847.02389661 0 362.95634372 0 -51.83398141 0 18007
0.12850000 0.12850300 13383.22973155 0 585.70051656 0 3427.61530481 0 -292.01152967 0 249.00329838 0 17496
0.12950000 0.12949900 12945.98362446 0 484.45628565 0 3678.69134240 0 -321.55802845 0 209.99549805 0 18405
0.13050000 0.13049000 12504.86220368 0 430.42555500 0 3887.08356781 0 -378.82077072 0 774.46372453 0 18100
0.13150000 0.13148800 12165.49544799 0 495.84306449 0 3977.90984830 0 -140.88536822 0 91.93284863 0 19059
0.13250000 0.13249300 12109.24803791 0 264.18788464 0 4242.53841146 0 232.29073130 0 620.89611546 0 18957
0.13350000 0.13349100 11773.20297967 0 34.55894022 0 4208.15884290 0 -99.81357582 0 239.11681955 0 19468
0.13450000 0.13450700 11843.29079577 0 60.74100238 0 4475.97623561 0 133.67285584 0 576.32557914 0 19953
0.13550000 0.13551000 11931.75867107 0 97.83174040 0 4323.84249260 0 126.82905187 0 102.11484781 0 19956
0.13650000 0.13649900 11661.26177575 0 170.36654029 0 4367.85498376 0 126.43819880 0 1037.50340909 0 19723
0.13750000 0.13749600 11826.46086204 0 -112.67751352 0 4012.02368106 0 538.18252737 0 1146.79389844 0 20946
0.13850000 0.13851100 11660.04382002 0 -193.33718536 0 3812.85470222 0 812.00887076 0 843.32251258 0 20955
0.13950000 0.13949800 12063.18716667 0 -60.45600074 0 3713.01554933 0 711.61610163 0 837.40435496 0 20506
0.14050000 0.14048300 11816.38504646 0 264.19895696 0 3478.68086687 0 -73.01135275 0 474.70267472 0 21447
0.14150000 0.14148400 11480.22926497 0 525.31205700 0 3037.61480772 0 -268.29350268 0 1137.31598840 0 21771
0.14250000 0.14249400 11222.79771293 0 262.75955474 0 3254.94239926 0 -337.04267471 0 1004.36504814 0 22470
0.14350000 0.14350900 10891.87914108 0 138.41956149 0 3233.83854816 0 199.58861995 0 870.70105016 0 22519
0.14450000 0.14449900 11005.48119372 0 50.63983117 0 3194.67573527 0 429.47887123 0 732.56936912 0 22218
0.14550000 0.14550500 10745.84624904 0 -6.70608639 0 3009.66825988 0 566.62290090 0 835.37258336 0 23559
0.14650000 0.14650700 10883.41988492 0 99.47675570 0 2726.03958733 0 196.68656361 0 627.46089685 0 23044
0.14750000 0.14750500 10635.10085621 0 277.75148254 0 2744.38642955 0 131.89353324 0 842.99587900 0 23649
0.14850000 0.14849900 10434.62534304 0 357.47554293 0 2872.89183139 0 -99.91289457 0 831.72425233 0 23640
0.14950000 0.14949500 10183.02890619 0 233.74895648 0 3048.31067350 0 -472.68640437 0 619.71137670 0 24457
0.15050000 0.15050000 10044.54733968 0 247.20958176 0 3194.38785483 0 -335.93544223 0 301.63448717 0 24591
0.15150000 0.15149900 9944.80783771 0 152.36515460 0 3230.40612746 0 -336.48352231 0 291.16228236 0 25020
0.15250000 0.15250500 9716.46328298 0 89.12224970 0 3100.19558760 0 -101.71214736 0 175.00473715 0 25297
0.15350000 0.15350100 9766.84236090 0 30.33540192 0 3158.14813570 0 412.71647869 0 -224.58882216 0 25452
0.15450000 0.15450400 9614.59789465 0 117.87154109 0 3035.06817301 0 283.00087174 0 -272.46334021 0 26061
0.15550000 0.15549900 9521.94468057 0 293.44539574 0 2712.69743592 0 562.98674943 0 -248.30684915 0 26128
0.15650000 0.15649500 9171.18450264 0 140.83886446 0 2574.95771517 0 337.67822616 0 308.08965254 0 26331
0.15750000 0.15749700 9199.64037742 0 92.12174249 0 2594.11283711 0 311.30616290 0 515.20966783 0 27345
0.15850000 0.15849900 9194.15957663 0 -131.74737855 0 2453.49431191 0 243.95431826 0 418.22938921 0 26980
0.15950000 0.15949700 9180.95029313 0 67.43488708 0 2573.89477199 0 17.68028827 0 446.22133359 0 27777
0.16050000 0.16050000 9258.45656686 0 105.33479059 0 2547.75301310 0 -202.48624735 0 374.84137718 0 28224
0.16150000 0.16150500 9219.67021302 0 41.30796509 0 2700.52895094 0 -259.42457050 0 321.49934513 0 28075
0.16250000 0.16249700 9172.55747091 0 80.60563889 0 2857.80025267 0 -298.88522892 0 373.12184513 0 28590
0.16350000 0.16349900 9217.97614732 0 91.74284754 0 2871.39706754 0 206.04267809 0 209.28576202 0 29163
0.16450000 0.16449100 9031.03101508 0 -1.92454721 0 2908.73294683 0 -26.74486843 0 6.87353316 0 28996
0.16550000 0.16550500 9105.07165114 0 74.90383451 0 2591.22296033 0 413.04864843 0 -259.39356799 0 30777
0.16650000 0.16650700 8872.77427645 0 238.22660464 0 2578.20190635 0 22.79636668 0 -169.81624574 0 29211
0.16750000 0.16749900 8735.05670035 0 303.12814379 0 2452.39815176 0 42.64373036 0 -34.11959038 0 30922
0.16850000 0.16850800 8604.74650956 0 161.15104434 0 2373.23102930 0 189.83058009 0 478.42629755 0 30867
0.16950000 0.16949900 8374.78539540 0 141.71911428 0 2373.87322414 0 311.18104563 0 280.65796781 0 30852
0.17050000 0.17049200 8318.59334695 0 146.36727624 0 2155.69306359 0 331.90290153 0 340.76519032 0 31257
0.17150000 0.17149500 8189.66719676 0 47.31270829 0 2238.44761929 0 267.08994097 0 546.70157408 0 32608
0.17250000 0.17250900 8150.19435878 0 60.38580220 0 2001.99812278 0 254.35455297 0 773.51261183 0 32361
0.17350000 0.17350400 8153.48283925 0 -2.83097201 0 2074.03466805 0 108.23053570 0 981.25046285 0 32508
0.17450000 0.17449800 8185.96904027 0 -23.25918985 0 2050.51705014 0 147.12683773 0 1002.25244856 0 32791
0.17550000 0.17549800 8184.93931406 0 20.42268168 0 2139.60497563 0 -70.11704704 0 1002.45507211 0 33633
0.17650000 0.17650100 8225.98442217 0 161.42563800 0 2000.85767333 0 -13.73067928 0 987.53179272 0 33984
0.17750000 0.17750300 8111.95054886 0 105.81134345 0 2143.24777050 0 1.22111134 0 1257.70537615 0 34069
0.17850000 0.17849800 8066.83082522 0 51.35753927 0 1961.34054605 0 93.69833082 0 1146.28457150 0 34536
0.17950000 0.17950400 7981.11995880 0 51.54344360 0 1979.65417130 0 472.93774614 0 997.82794756 0 35343
0.18050000 0.18050100 7863.22184413 0 134.98160463 0 1765.39361373 0 140.88647546 0 968.76309492 0 34990
0.18150000 0.18150500 7754.45839744 0 187.22969099 0 1833.17838627 0 49.45730688 0 890.71759897 0 36243
0.18250000 0.18250200 7535.27065533 0 194.45327570 0 1953.30203823 0 -32.32532014 0 1139.94012938 0 35694
0.18350000 0.18350400 7306.17318251 0 243.93549531 0 2018.57339304 0 -88.79971288 0 974.99570656 0 37087
0.18450000 0.18450600 7313.02695157 0 118.77282833 0 2037.82816590 0 -66.16765950 0 1110.70919186 0 36651
0.18550000 0.18550700 7170.62578208 0 75.96633479 0 2066.74907832 0 -98.48212876 0 837.50400589 0 37818
0.18650000 0.18651000 7233.77125052 0 -10.95882242 0 2091.34071175 0 23.16119978 0 934.37356126 0 37267
0.18750000 0.18750100 7247.33484842 0 -33.64325896 0 1990.74864077 0 45.92457093 0 690.61411591 0 38334
0.18850000 0.18850000 7295.61018463 0 125.77275208 0 2035.20402492 0 -3.57529797 0 788.78134776 0 38223
0.18950000 0.18949500 7210.70759792 0 -1.58148230 0 1890.18978677 0 274.64126650 0 724.46664181 0 39064
0.19050000 0.19050000 7177.09201977 0 93.30426678 0 1719.28845319 0 326.94692894 0 672.02257531 0 39609
0.19150000 0.19149800 7053.14841575 0 42.31266785 0 1537.97913428 0 133.08491539 0 526.12255118 0 39576
0.19250000 0.19250400 7119.08411005 0 -19.38332255 0 1445.75774087 0 151.56462551 0 527.65717539 0 40909
0.19350000 0.19350500 7073.58792737 0 28.77841161 0 1202.39911368 0 81.65839554 0 540.81552621 0 40191
0.19450000 0.19450100 7098.48958588 0 60.23842956 0 1331.84566314 0 -86.57417559 0 286.52740719 0 41232
0.19550000 0.19549800 7036.28526505 0 164.26015315 0 1239.64641437 0 -190.65103935 0 64.66536647 0 40873
0.19650000 0.19649700 6933.00261914 0 193.38036742 0 1359.01714824 0 -119.45156184 0 174.96487678 0 42816
0.19750000 0.19750200 6767.10597639 0 71.84067584 0 1330.30660999 0 -20.57193662 0 90.37320096 0 41727
0.19850000 0.19849000 6730.53408751 0 25.39747722 0 1390.42933375 0 73.33256089 0 -19.57742040 0 42610
0.19950000 0.19949900 6796.38120321 0 -27.36868321 0 1446.31135711 0 4.90722114 0 -268.56477464 0 43863
0.20050000 0.20050100 6807.36494943 0 129.77207580 0 1421.03323955 0 -40.77538627 0 26.28182381 0 43302
0.20150000 0.20150100 6705.48848877 0 130.95017117 0 1586.21018119 0 -175.47531096 0 -35.84654088 0 44487
0.20250000 0.20249700 6626.85283791 0 160.79783718 0 1670.80274281 0 -8.74761272 0 517.96556948 0 43759
0.20350000 0.20349100 6527.02475734 0 139.72609582 0 1692.42699318 0 35.93013693 0 315.56900796 0 45282
0.20450000 0.20449700 6443.42870496 0 39.37163693 0 1653.51884377 0 356.05164196 0 531.15160111 0 45483
0.20550000 0.20549900 6438.15827835 0 23.07616432 0 1653.66278399 0 212.60413777 0 608.93800466 0 46138
0.20650000 0.20650200 6432.72176686 0 10.09718517 0 1556.28168721 0 256.12058877 0 548.89278716 0 46227
0.20750000 0.20749300 6381.72263875 0 115.02595361 0 1462.63196389 0 55.72623575 0 617.00308605 0 46236
0.20850000 0.20850300 6272.93704741 0 114.97280645 0 1377.98404065 0 -82.22673797 0 726.66006936 0 48361
0.20950000 0.20950400 6205.05262394 0 136.98015926 0 1474.49042377 0 -108.56303761 0 514.95943329 0 46812
0.21050000 0.21050300 6034.47238779 0 171.41066052 0 1390.10823633 0 -0.94659741 0 380.90901118 0 48813
0.21150000 0.21149700 5983.01929435 0 118.78722235 0 1383.75272189 0 -65.04437215 0 159.38279407 0 47215
0.21250000 0.21249000 5874.41086021 0 53.58152643 0 1269.57490836 0 -99.78257331 0 10.30340722 0 50004
0.21350000 0.21350300 5941.74166743 0 12.20856679 0 1470.18328942 0 -58.09416314 0 117.87486279 0 49509
0.21450000 0.21449800 5935.54116553 0 -74.69412467 0 1312.34729913 0 -38.96583623 0 -50.61635785 0 49660
0.21550000 0.21550100 5971.53729352 0 -14.53486224 0 1275.49860213 0 125.56459237 0 141.37255052 0 50841
0.21650000 0.21649800 5964.29599309 0 91.89996383 0 1205.43293068 0 157.74851892 0 -117.46407954 0 50424
0.21750000 0.21750300 5925.74215807 0 77.79758660 0 1092.84510300 0 282.73070701 0 -29.47663241 0 52231
0.21850000 0.21850300 5842.82151750 0 105.57350991 0 1008.41751902 0 111.07645535 0 177.36978573 0 51078
0.21950000 0.21950100 5758.52790866 0 88.24930761 0 965.73038515 0 155.81418378 0 -17.92675822 0 52791
0.22050000 0.22050700 5663.61594031 0 116.11768484 0 896.54053459 0 39.04932155 0 110.62791547 0 52969
0.22150000 0.22150000 5617.94260043 0 157.71198025 0 921.48758964 0 -106.90473553 0 107.63993789 0 52704
0.22250000 0.22250100 5515.59002981 0 111.80612155 0 952.69936607 0 -190.85587736 0 149.44316808 0 54051
0.22350000 0.22349900 5494.30902151 0 0.20565072 0 1091.64264852 0 -93.70419915 0 73.68809324 0 53938
0.22450000 0.22449800 5486.94592550 0 17.72778854 0 1093.09755200 0 99.28564737 0 88.50507831 0 54735
0.22550000 0.22549100 5528.41178195 0 -33.83126704 0 1063.50122776 0 201.88391288 0 237.97747733 0 54774
0.22650000 0.22649900 5552.98127072 0 -74.51386723 0 921.39236764 0 385.24936251 0 177.41628950 0 56911
0.22750000 0.22749800 5561.78376895 0 43.45699262 0 810.92267570 0 285.60176084 0 222.41643203 0 54879
0.22850000 0.22849100 5521.97876123 0 62.95402794 0 777.19526707 0 134.55532013 0 180.75459543 0 57210
0.22950000 0.22949800 5408.87496321 0 133.44919488 0 746.62347101 0 -113.76703028 0 329.87666609 0 57375
0.23050000 0.23049600 5368.32810972 0 182.12534924 0 741.35304439 0 -182.45862622 0 61.69111858 0 57604
0.23150000 0.23150100 5195.25660048 0 157.88249405 0 940.29836227 0 -180.26409144 0 228.37998617 0 58629
0.23250000 0.23250200 5085.76238035 0 151.74067548 0 858.15167721 0 -191.07732386 0 134.94617319 0 58560
0.23350000 0.23350400 5063.20805469 0 62.62019735 0 960.97925057 0 -104.25324590 0 22.52730918 0 59305
0.23450000 0.23449700 5007.02707856 0 57.06997309 0 1001.47295689 0 72.69822740 0 44.93215845 0 59196
0.23550000 0.23549300 5000.39475600 0 19.18424215 0 937.86577251 0 130.52720836 0 105.57439570 0 60063
0.23650000 0.23649900 5065.12356689 0 -67.71656702 0 890.79621247 0 169.51729297 0 225.11918652 0 61537
0.23750000 0.23750400 5051.42710109 0 6.35479474 0 820.17360308 0 151.75949843 0 147.26081286 0 61224
0.23850000 0.23850100 5128.60120507 0 40.41952175 0 775.38162026 0 36.86785212 0 113.18241153 0 61221
0.23950000 0.23949400 5044.40724715 0 107.41107294 0 811.32017216 0 -151.26345828 0 258.82223603 0 62332
0.24050000 0.24050100 4966.01518744 0 114.08259154 0 732.33020690 0 4.75912880 0 391.55394426 0 63447
0.24150000 0.24150500 4909.92278991 0 63.16982756 0 855.74455379 0 56.16392475 0 317.13684915 0 63342
0.24250000 0.24250300 4914.91640840 0 -8.09533099 0 789.78782208 0 109.69285764 0 347.52484462 0 63379
0.24350000 0.24349600 4912.59122019 0 43.08407672 0 798.85494888 0 98.82703168 0 249.25353292 0 64266
0.24450000 0.24449500 4870.82641097 0 115.34372933 0 823.35357477 0 -34.27161339 0 310.51559891 0 64695
0.24550000 0.24549600 4760.32460928 0 109.96545828 0 913.33725134 0 -155.55066245 0 487.44692058 0 65947
0.24650000 0.24650000 4732.24519354 0 130.53828068 0 900.96946452 0 -42.52691733 0 432.27574048 0 66018
0.24750000 0.24750000 4663.44176712 0 45.05229318 0 907.28844029 0 44.61903311 0 435.40145777 0 66303
0.24850000 0.24849600 4653.48774711 0 8.28600750 0 836.52078344 0 51.73178385 0 143.88928995 0 66958
0.24950000 0.24949200 4632.78249969 0 52.93147024 0 765.51728608 0 62.85160894 0 197.73843447 0 66975
0.25050000 0.25048900 4606.95076589 0 26.98159473 0 686.78530599 0 34.83951293 0 164.14278651 0 68676
0.25150000 0.25150000 4613.82667961 0 -16.61989172 0 577.31433774 0 106.02670017 0 33.27831514 0 69349
0.25250000 0.25249900 4651.41722236 0 -21.40512906 0 545.66409725 0 54.46089047 0 -38.66057223 0 68592
0.25350000 0.25349900 4651.61652421 0 18.38991357 0 504.41747283 0 53.34646098 0 -166.71820926 0 70437
0.25450000 0.25450100 4604.18268469 0 108.74218783 0 535.28379273 0 -81.62938605 0 -163.04884081 0 70099
0.25550000 0.25550100 4507.56557832 0 184.93882698 0 512.78039977 0 -11.86908931 0 -94.90886809 0 71064
0.25650000 0.25650300 4424.25740639 0 113.10158356 0 563.60458515 0 -8.29649299 0 -93.86906607 0 71409
0.25750000 0.25750600 4280.83758301 0 127.05271283 0 568.53730586 0 17.03300016 0 -31.15785421 0 72612
0.25850000 0.25850600 4296.93674330 0 56.40009744 0 587.37354484 0 36.21536002 0 -100.86179281 0 71845
0.25950000 0.25949600 4221.19096921 0 -22.98337824 0 571.12712263 0 80.16473892 0 32.88580122 0 72816
0.26050000 0.26049800 4313.24627775 0 21.87658865 0 567.87296637 0 13.63279993 0 111.83158790 0 73743
0.26150000 0.26149900 4292.16457130 0 -40.13839542 0 574.72119927 0 33.59144048 0 156.21721640 0 74662
0.26250000 0.26250300 4326.06802989 0 11.11694629 0 671.15339781 0 49.11395409 0 229.71087962 0 74931
0.26350000 0.26350100 4343.31871196 0 90.00604266 0 628.71649848 0 57.49658976 0 263.32977946 0 75087
0.26450000 0.26450200 4267.09682791 0 129.04573130 0 619.25408969 0 -28.73987992 0 354.22692283 0 76678
0.26550000 0.26550600 4217.31565552 0 55.79986671 0 475.26293435 0 140.98612638 0 355.44487856 0 76035
0.26650000 0.26650100 4165.56360932 0 1.65822458 0 477.31906507 0 98.45909832 0 375.49685881 0 77094
0.26750000 0.26750600 4196.61040811 0 47.90120235 0 314.64779053 0 61.86240744 0 216.51820460 0 78463
0.26850000 0.26850100 4112.83719854 0 40.68116079 0 325.65146694 0 123.99785841 0 255.70205490 0 77076
0.26950000 0.26949700 4102.46243018 0 45.04376749 0 200.07580224 0 4.70428757 0 124.00339457 0 79149
0.27050000 0.27049900 4089.35279760 0 19.71516013 0 196.44961586 0 80.63974165 0 164.08742488 0 79648
0.27150000 0.27150200 4047.79836255 0 108.65294489 0 206.37484783 0 -59.26185051 0 189.80954267 0 80241
0.27250000 0.27250500 4043.13691380 0 44.54351985 0 292.23519064 0 -60.03901699 0 298.66267519 0 80835
0.27350000 0.27350000 3998.29399829 0 37.44992423 0 352.63140082 0 -60.57325666 0 270.78256130 0 80680
0.27450000 0.27450400 4028.92004874 0 90.29015852 0 476.68019193 0 -48.04591764 0 308.79606687 0 82617
0.27550000 0.27550800 3928.63800285 0 130.52831559 0 529.39885209 0 -122.01591227 0 418.27700021 0 82548
0.27650000 0.27649900 3894.54631474 0 56.39312187 0 544.60669023 0 -0.51677087 0 418.86604789 0 81181
0.27750000 0.27748900 3896.32895903 0 8.25853706 0 452.27789526 0 135.56179445 0 435.73030582 0 84096
0.27850000 0.27849800 3886.90641061 0 5.45552267 0 481.08476274 0 95.57741507 0 321.47166432 0 85215
0.27950000 0.27950200 3858.26230631 0 74.01096223 0 375.87553232 0 85.44601641 0 323.74924153 0 84514
0.28050000 0.28050300 3836.80414081 0 82.94134581 0 338.37799709 0 54.26646045 0 349.71273600 0 85815
0.28150000 0.28150100 3723.06922027 0 45.98070761 0 256.77496317 0 68.86930676 0 400.53913585 0 85485
0.28250000 0.28250000 3737.26394069 0 58.83456950 0 197.23464369 0 57.97723939 0 272.93059231 0 87220
0.28350000 0.28350400 3718.18632502 0 14.97199762 0 187.83534715 0 -5.94955873 0 329.30976306 0 87147
0.28450000 0.28449700 3686.95129671 0 41.26555809 0 173.28299064 0 32.10885619 0 276.89891353 0 87102
0.28550000 0.28549800 3682.64416236 0 11.28292044 0 69.72962639 0 86.72940958 0 280.16192765 0 88971
0.28650000 0.28649900 3697.11569089 0 -14.25905062 0 99.26272766 0 55.11349329 0 206.53539654 0 89434
0.28750000 0.28750100 3732.13745430 0 38.19376302 0 -4.39045360 0 -54.44339620 0 207.15323226 0 89619
0.28850000 0.28849900 3696.66172558 0 66.56504524 0 79.55266080 0 37.29668326 0 266.33813012 0 90240
0.28950000 0.28950100 3671.19537849 0 76.19287456 0 -22.88405949 0 -37.36256359 0 307.56593158 0 91333
0.29050000 0.29050500 3629.99525784 0 45.96288117 0 18.72817309 0 73.69274362 0 209.02777686 0 92139
0.29150000 0.29150600 3594.78526492 0 30.67177915 0 14.66429771 0 -73.11698273 0 101.41452326 0 92370
0.29250000 0.29250200 3580.53518288 0 113.35956873 0 122.32372290 0 -48.27699706 0 205.24214900 0 91819
0.29350000 0.29349600 3538.99182016 0 99.25752367 0 87.26973903 0 -82.32793902 0 224.34080208 0 93552
0.29450000 0.29450000 3457.80953459 0 57.99307281 0 167.40690786 0 -37.98571403 0 206.16779536 0 94701
0.29550000 0.29550200 3483.17623075 0 42.26350673 0 160.37598160 0 -0.91079837 0 292.90949522 0 95020
0.29650000 0.29650300 3443.92483927 0 27.31664328 0 206.05928657 0 57.53412495 0 225.78684770 0 95151
0.29750000 0.29749800 3485.58999756 0 -7.44986981 0 176.98003990 0 -23.20914295 0 288.49828101 0 95802
0.29850000 0.29850000 3478.08296133 0 4.35379313 0 253.68689178 0 2.66345881 0 233.23852230 0 97399
0.29950000 0.29950700 3478.92445802 0 57.01128977 0 254.99010441 0 -52.86769365 0 275.62559618 0 97881
0.30050000 0.30050300 3476.75428235 0 67.39369803 0 232.97278651 0 0.94504950 0 319.35463581 0 97188
0.30150000 0.30149700 3431.85600521 0 51.55606605 0 246.72129224 0 53.48364708 0 252.87971930 0 98263
0.30250000 0.30249700 3371.26824381 0 53.26651879 0 202.12086063 0 39.46818760 0 337.59296926 0 100050
0.30350000 0.30350600 3371.47861798 0 80.02733137 0 215.62356075 0 93.31644634 0 270.79806255 0 100779
0.30450000 0.30450500 3318.53076070 0 33.58623649 0 155.29046281 0 38.91113894 0 323.53000950 0 99982
0.30550000 0.30550300 3294.09413982 0 47.65871844 0 125.77828824 0 62.74232509 0 346.00572165 0 101559
0.30650000 0.30649700 3320.91131053 0 11.57268318 0 127.60079291 0 -19.27802474 0 332.44101652 0 100935
0.30750000 0.30749800 3267.35447538 0 76.28588209 0 114.03719500 0 24.38613107 0 308.84478510 0 103762
0.30850000 0.30850200 3298.31269558 0 55.04440199 0 82.37643580 0 -60.43097729 0 235.29354579 0 102951
0.30950000 0.30950100 3187.55623042 0 76.44908816 0 92.62852280 0 -91.55506091 0 176.16068786 0 104394
0.31050000 0.31050000 3173.38365465 0 99.82630899 0 137.10416930 0 -79.20022870 0 119.23011534 0 103963
0.31150000 0.31149700 3150.44179762 0 52.41583208 0 124.62898093 0 -5.09054562 0 169.08547231 0 105936
0.31250000 0.31250000 3123.83500108 0 10.63855542 0 96.62253181 0 67.82839750 0 113.33631684 0 105717
0.31350000 0.31349800 3138.46154217 0 11.43140031 0 40.04915249 0 77.50284131 0 164.35980407 0 106776
0.31450000 0.31450400 3145.53675773 0 13.36075291 0 45.26277807 0 52.29414723 0 19.19664315 0 108733
0.31550000 0.31549900 3151.91441682 0 31.83902363 0 81.61986385 0 -42.24169425 0 164.97985426 0 105891
0.31650000 0.31650000 3097.95897798 0 69.74435259 0 48.07016603 0 -24.31039637 0 136.28481726 0 111072
0.31750000 0.31750600 3057.73322192 0 80.56179249 0 66.28580121 0 25.16529057 0 143.60805290 0 108121
0.31850000 0.31849900 3020.89559725 0 55.30637319 0 13.35322373 0 18.28040828 0 116.44542565 0 110484
0.31950000 0.31950100 3001.00970187 0 60.83157400 0 -22.38480836 0 33.31286079 0 113.41935928 0 110817
0.32050000 0.32049800 2958.29267272 0 35.82118525 0 -49.02781140 0 64.39885561 0 210.36531369 0 111088
0.32150000 0.32149900 2954.91561365 0 17.86098861 0 -69.13282809 0 124.49832749 0 216.57578069 0 112635
0.32250000 0.32250100 2963.47452074 0 -4.42329411 0 -128.57072856 0 96.36421447 0 255.88253379 0 113202
0.32350000 0.32350400 2986.18385894 0 -11.88304044 0 -75.58422887 0 102.03789515 0 221.52068095 0 113863
0.32450000 0.32450300 2976.99382934 0 57.92697103 0 -85.05062369 0 -42.13495703 0 217.82584616 0 114045
0.32550000 0.32549900 2964.29387277 0 108.78492700 0 -4.04670220 0 -104.06346625 0 371.68687184 0 114828
0.32650000 0.32650300 2924.20098460 0 49.94836449 0 17.13386904 0 -118.09963098 0 363.76573066 0 116431
0.32750000 0.32750400 2913.46082953 0 42.26926433 0 109.36135223 0 -71.28263067 0 448.90415789 0 116442
0.32850000 0.32850400 2942.42603126 0 40.72611442 0 123.68783332 0 -76.41077791 0 314.03991990 0 116955
0.32950000 0.32949800 2917.70152994 0 35.98926314 0 178.33750692 0 -16.72696110 0 356.97507385 0 117028
0.33050000 0.33049700 2920.13744140 0 49.58862466 0 115.74786919 0 20.25504668 0 306.26604065 0 119061
0.33150000 0.33150100 2868.62898634 0 31.98063867 0 72.74262742 0 53.64264567 0 243.20361464 0 120060
0.33250000 0.33250400 2879.29163514 0 26.59605638 0 44.22851221 0 88.08565865 0 206.23312207 0 119737
0.33350000 0.33350100 2848.26698100 0 43.06724678 0 -69.64259792 0 80.61206084 0 173.77681633 0 120531
0.33450000 0.33450000 2800.87743077 0 50.84732654 0 -152.56999261 0 92.88418278 0 77.76769132 0 121704
0.33550000 0.33550300 2785.64191182 0 66.10897618 0 -177.38860869 0 25.44154508 0 76.85256367 0 122761
0.33650000 0.33650300 2745.57116831 0 43.36619955 0 -241.20727448 0 -39.06050460 0 1.98741587 0 122472
0.33750000 0.33749900 2726.71499914 0 57.45351842 0 -226.52426453 0 -58.74731958 0 54.12274167 0 122985
0.33850000 0.33849800 2728.80766853 0 67.66065178 0 -188.96250982 0 -114.78679139 0 77.95038468 0 125380
0.33950000 0.33950300 2680.96415299 0 41.22326181 0 -120.83228075 0 -25.10062819 0 93.48851027 0 125223
0.34050000 0.34050000 2656.54967676 0 74.10241963 0 -88.26979141 0 -22.17443419 0 121.60291455 0 125178
0.34150000 0.34149900 2645.28912242 0 46.94920387 0 -100.62096975 0 8.59297663 0 85.24538589 0 127059
0.34250000 0.34250300 2612.52611328 0 39.47538461 0 -108.91403031 0 40.38674767 0 121.08362252 0 127957
0.34350000 0.34349800 2617.13220041 0 2.81328951 0 -169.17847983 0 56.47339623 0 101.59843458 0 126732
0.34450000 0.34449700 2630.10896510 0 5.21433422 0 -204.86679719 0 42.85355092 0 43.62363111 0 129639
0.34550000 0.34550000 2616.64501812 0 28.76102806 0 -222.60466155 0 30.75404652 0 49.57888101 0 129826
0.34650000 0.34650400 2631.55943965 0 57.66810008 0 -221.91817741 0 -27.65445991 0 -7.58874998 0 130875
0.34750000 0.34750200 2590.47004225 0 30.46450523 0 -294.13852327 0 2.96064001 0 55.66256988 0 130686
0.34850000 0.34850200 2597.03593086 0 4.80052822 0 -266.70794577 0 38.60277469 0 67.10028142 0 132211
0.34950000 0.34950400 2636.24303305 0 45.30363495 0 -250.27218681 0 44.19773115 0 69.85872970 0 132768
0.35050000 0.35050300 2576.20888788 0 39.02529461 0 -268.76296925 0 7.60039807 0 63.09774672 0 132957
0.35150000 0.35150100 2569.85337343 0 97.50554971 0 -259.23634098 0 -31.48315911 0 118.11070331 0 133987
0.35250000 0.35249800 2511.19219654 0 69.09717520 0 -281.93903579 0 -38.30991170 0 106.07707925 0 134778
0.35350000 0.35349800 2464.67735998 0 54.57106010 0 -252.58298100 0 13.57887771 0 134.60514559 0 135699
0.35450000 0.35450100 2461.38887951 0 39.19038297 0 -297.27752736 0 51.55529099 0 147.23313204 0 137380
0.35550000 0.35550100 2430.24242980 0 5.05833623 0 -288.84927371 0 20.18717333 0 79.63603541 0 136161
0.35650000 0.35649900 2469.39417035 0 32.66601557 0 -319.75877567 0 46.72532146 0 146.11593447 0 138792
0.35750000 0.35750000 2452.40922408 0 22.21241227 0 -290.23220708 0 35.52754720 0 173.41585854 0 138097
0.35850000 0.35849800 2480.37791657 0 3.36377228 0 -322.51357009 0 65.21233931 0 231.89102037 0 140028
0.35950000 0.35950300 2519.30821064 0 -8.80122491 0 -306.85730279 0 11.56836497 0 222.70431247 0 141099
0.36050000 0.36050500 2527.35779078 0 27.09265015 0 -352.00138554 0 -6.91861967 0 301.25027750 0 140821
0.36150000 0.36150200 2520.68117891 0 45.96498491 0 -325.62378613 0 -38.30160746 0 182.85944438 0 141756
0.36250000 0.36250400 2492.55747387 0 76.44643080 0 -290.29199763 0 -53.72203423 0 300.70884082 0 142971
0.36350000 0.36349900 2459.37371639 0 95.57907592 0 -285.21090777 0 -73.55799342 0 168.63372145 0 142270
0.36450000 0.36450000 2398.43164059 0 89.67154773 0 -229.11961747 0 -50.90800288 0 211.79364360 0 145311
0.36550000 0.36550300 2344.95231172 0 61.61549460 0 -204.52687682 0 -60.69881683 0 202.02453141 0 145434
0.36650000 0.36650100 2333.03849021 0 16.57449519 0 -203.75402855 0 35.97907661 0 159.37393621 0 144547
0.36750000 0.36749600 2355.92498561 0 11.18338024 0 -202.40763385 0 52.67237784 0 137.21599978 0 146892
0.36850000 0.36849900 2344.04438108 0 32.12834348 0 -208.20953205 0 -4.62898469 0 68.56227119 0 148113
0.36950000 0.36949900 2345.56128958 0 57.48518527 0 -232.32284104 0 -26.00468352 0 106.68295686 0 147387
0.37050000 0.37049800 2329.50641859 0 28.08262671 0 -262.10960927 0 8.73414877 0 65.06552029 0 149758
0.37150000 0.37150100 2299.06859767 0 16.09384557 0 -300.25044657 0 50.23735217 0 66.51466616 0 150099
0.37250000 0.37250000 2345.37306006 0 -6.61388715 0 -324.16002479 0 67.67050615 0 49.37470734 0 150468
0.37350000 0.37349800 2345.37306006 0 38.31965535 0 -347.96441591 0 -14.83171126 0 -37.92858084 0 150709
0.37450000 0.37449700 2326.78262669 0 71.17312538 0 -354.20477818 0 -38.08658291 0 73.32979281 0 153108
0.37550000 0.37550100 2269.94838340 0 69.83437059 0 -360.80609824 0 33.46776261 0 163.26142945 0 153189
0.37650000 0.37649900 2272.18499301 0 18.58722240 0 -385.15192605 0 37.00935643 0 161.50425150 0 153547
0.37750000 0.37749900 2268.69721069 0 24.79912879 0 -358.31150346 0 118.28564604 0 128.35924716 0 155424
0.37850000 0.37850200 2280.44494732 0 47.17264338 0 -415.11917317 0 26.04675835 0 122.71014704 0 155313
0.37950000 0.37949900 2204.59952232 0 89.40570121 0 -427.90217217 0 -50.30987589 0 166.42700712 0 156100
0.38050000 0.38050000 2196.99283517 0 80.08302516 0 -430.35358489 0 -53.94647026 0 241.29696031 0 157557
0.38150000 0.38149800 2154.18722742 0 33.44661447 0 -416.22086949 0 -27.14203272 0 165.70841324 0 157692
0.38250000 0.38250100 2161.07421345 0 14.87743997 0 -386.03439034 0 -44.97057942 0 169.59590648 0 159703
0.38350000 0.38350500 2162.94543635 0 32.12568612 0 -369.33400281 0 -17.97835525 0 45.54146849 0 160338
0.38450000 0.38450600 2160.56488651 0 45.33939856 0 -344.25740156 0 -42.02013703 0 45.96387768 0 160167
0.38550000 0.38550000 2150.28976908 0 53.19775965 0 -373.55145134 0 -47.83233249 0 78.56423437 0 160033
0.38650000 0.38649600 2137.70053576 0 18.09350743 0 -337.97939339 0 19.77229332 0 50.60052442 0 162444
0.38750000 0.38750200 2150.63301115 0 25.82641909 0 -358.15981261 0 5.85976217 0 69.92228485 0 164307
0.38850000 0.38850400 2138.11021178 0 46.86749011 0 -393.54806996 0 43.10146027 0 31.77613283 0 163882
0.38950000 0.38950500 2129.85025747 0 35.05498038 0 -440.35964483 0 81.78118762 0 143.77856670 0 164595
0.39050000 0.39050100 2101.35009338 0 43.46474325 0 -464.76415596 0 96.11741235 0 145.34419343 0 165006
0.39150000 0.39150100 2097.75158782 0 38.82012443 0 -518.22687635 0 50.54671292 0 161.20862043 0 166687
0.39250000 0.39250100 2089.92345417 0 24.60292719 0 -503.36781644 0 0.12632415 0 217.36413021 0 167256
0.39350000 0.39350100 2086.66819067 0 37.61102656 0 -515.89504474 0 -30.01651897 0 243.45606365 0 167937
0.39450000 0.39449600 2080.26838693 0 35.12706121 0 -460.77369010 0 -80.98287300 0 233.88846777 0 167719
0.39550000 0.39549700 2072.98279720 0 66.22767150 0 -387.31213662 0 -113.85782334 0 235.36551590 0 171636
0.39650000 0.39650400 2052.79794905 0 53.27460159 0 -349.31081061 0 -86.44097552 0 234.13538062 0 171093
0.39750000 0.39750000 2032.33629279 0 36.26607126 0 -310.15464112 0 -38.58594476 0 238.77357748 0 170464
0.39850000 0.39849800 2042.75535044 0 23.19175940 0 -300.31245159 0 38.41609530 0 149.05010055 0 172113
0.39950000 0.39949500 2053.11904647 0 17.09367650 0 -299.96035166 0 50.65544315 0 150.51275465 0 173232
