### header ###
fiducial parameters:
Omega_m = 0.31
Omega_nu = 0
Omega_de = 0.69
Omega_k = 0
H_0 = 100
w_de = -1
zeff = 0
beta = 0
fgrowth = 0
b_1 = 2
gamma = 0.55
Lx = 3500 Ly = 3500 Lz = 3500
nx = 700 ny = 700 nz = 700
xoffset = -685.467585 yoffset = -31.7331281 zoffset = 572.489161
bins = 400 dk = 0.001
kx_ny = 0.628318531 ky_ny = 0.628318531 kz_ny = 0.628318531
############################
A(data) = 8.0536282 (not used)
A(ran) = 8.05103092 (used)
Ngal = 478560
weighted Ngal = 0
Nran = 23820508
weighted Nran = 0
SN(data) = 3491.11463
SN(ran) = 70.1273992
SN(data+ran) = 3561.24203
############################
13 columns: k_central k_mean P_0(k) sigma^{lin}_{P_0(k)} P^img_1(k) sigma^{lin}_{P_1(k)} P_2(k) sigma^{lin}_{P_2(k)} P^img_3(k) sigma^{lin}_{P_3(k)} P_4(k) sigma^{lin}_{P_4(k)} N_modes
### header ###
0.00050000 0 0 0 0 0 0 0 0 0 0 0 0
0.00150000 0.00179520 41404.18359659 0 -56318.16223431 0 34004.88109003 0 -147032.72296425 0 76910.47193203 0 3
0.00250000 0.00253879 54574.93541487 0 -26583.98755008 0 -13379.68658760 0 5313.98513951 0 1208.86535137 0 6
0.00350000 0.00331552 69202.80517928 0 -9198.23419217 0 -3608.41529677 0 -17133.20470113 0 -4924.68219889 0 7
0.00450000 0.00420575 62723.39141865 0 7834.14591916 0 -4255.42659755 0 -31235.58192964 0 21967.04954720 0 24
0.00550000 0.00557378 54435.64556865 0 7517.52171865 0 13932.97065879 0 -11812.28828628 0 -2307.72715568 0 45
0.00650000 0.00659388 56519.78926926 0 -1848.57999010 0 1518.28146843 0 -15324.54044200 0 -8320.61958239 0 40
0.00750000 0.00754703 43522.43005765 0 7097.94704197 0 10352.42440359 0 -16985.61061129 0 -33957.71298631 0 57
0.00850000 0.00846663 54527.65658789 0 -3658.68365145 0 20787.29333777 0 -24959.12388294 0 -4894.83121118 0 75
0.00950000 0.00948925 51367.39363815 0 -8212.52047519 0 15689.92716101 0 -15659.03537477 0 -20264.67960633 0 112
0.01050000 0.01054430 56779.98890250 0 2585.68679792 0 37856.50000145 0 -12326.92994385 0 -10571.50142245 0 105
0.01150000 0.01145670 62413.69849348 0 1206.18584877 0 37861.81471736 0 -11072.54626514 0 -13295.09402599 0 144
0.01250000 0.01249090 61044.71625290 0 2392.89547818 0 41492.43002540 0 -6196.12833014 0 1755.73854649 0 169
0.01350000 0.01339930 66218.59219416 0 -373.09305709 0 30573.34618224 0 21226.64318658 0 17757.24092790 0 180
0.01450000 0.01448870 71242.21668762 0 -10405.87051549 0 39563.96321173 0 28160.35443451 0 14231.59125915 0 267
0.01550000 0.01550050 76581.18099193 0 -10144.86260254 0 22155.38979237 0 51904.73356160 0 32872.84660058 0 238
0.01650000 0.01653350 89168.75346200 0 -11763.23788733 0 15838.07486709 0 21435.13506291 0 901.75781404 0 315
0.01750000 0.01747870 97347.32618930 0 1160.88896794 0 8555.31965157 0 21646.61646695 0 17116.81766039 0 297
0.01850000 0.01844180 88501.42444518 0 4615.96363830 0 -2420.91953230 0 -12209.67402402 0 17432.60036422 0 388
0.01950000 0.01947590 82087.00523125 0 5134.51382653 0 5367.70805953 0 -8502.75932566 0 22662.61299231 0 399
0.02050000 0.02045430 79424.99689835 0 5128.05866116 0 4072.73323804 0 -4004.98168248 0 13177.28448992 0 462
0.02150000 0.02154770 78675.62195462 0 1368.50613061 0 -3133.43470670 0 -6950.60761561 0 -645.12014770 0 571
0.02250000 0.02255340 73681.89273816 0 6110.02993235 0 -2986.52710101 0 -8264.97007785 0 -4857.32924702 0 510
0.02350000 0.02348930 72119.58770625 0 5303.77645603 0 -6510.95881403 0 -8327.27404961 0 -7158.46836943 0 555
0.02450000 0.02439640 62588.08760937 0 4662.12416046 0 -1170.20079311 0 -3778.60800156 0 -148.91280372 0 592
0.02550000 0.02547300 65864.83141620 0 2137.06941325 0 8352.59645647 0 -8998.95449008 0 -9804.15609554 0 837
0.02650000 0.02652900 63506.42622983 0 -1535.60965677 0 15173.51393147 0 -2690.12096561 0 -6061.05703968 0 723
0.02750000 0.02749970 66243.06203200 0 1543.61494762 0 20779.43198715 0 -9585.13443831 0 -8661.84648865 0 826
0.02850000 0.02848090 67138.25949359 0 3567.59163517 0 29649.02850638 0 -8157.15885109 0 -8992.10072102 0 831
0.02950000 0.02946900 64525.96589913 0 -356.31184159 0 34695.24054248 0 -1181.88209579 0 -1928.64397086 0 996
0.03050000 0.03053250 63741.04879273 0 3428.71146497 0 35024.19931284 0 4819.12972639 0 -4067.40744980 0 1041
0.03150000 0.03150510 61822.10417842 0 2769.04449692 0 31289.17198176 0 3604.58427239 0 3207.05459442 0 1036
0.03250000 0.03246190 57601.55540404 0 3853.10260294 0 32368.17003534 0 7890.89158386 0 -6048.46780636 0 1059
0.03350000 0.03345080 56347.06100209 0 2657.20294393 0 25062.98228974 0 9363.07896407 0 1908.45912272 0 1302
0.03450000 0.03451200 51502.25455444 0 2527.73424982 0 24147.74392023 0 7950.44961905 0 -2638.94468030 0 1339
0.03550000 0.03553350 52351.50186803 0 116.81081237 0 19293.08310350 0 5122.06853343 0 5632.66879244 0 1365
0.03650000 0.03647120 51838.52105919 0 -1618.44171874 0 21322.97241250 0 3502.75210103 0 7171.82159316 0 1308
0.03750000 0.03744890 54323.81508798 0 -995.41750245 0 17604.22139891 0 5137.44799260 0 2927.09086138 0 1579
0.03850000 0.03847530 53438.69344198 0 209.88809649 0 18734.15214665 0 2277.42220265 0 6869.35889609 0 1662
0.03950000 0.03950240 51588.84013453 0 4797.51654835 0 17396.17241557 0 -3063.98908544 0 8257.20837816 0 1683
0.04050000 0.04050350 50873.34650475 0 2708.84426688 0 19964.95177349 0 1654.72572717 0 8355.27595907 0 1822
0.04150000 0.04152450 44221.75809319 0 2148.00887017 0 22349.26619994 0 2362.04798124 0 8993.73942509 0 1887
0.04250000 0.04250150 46067.29319396 0 2299.60006926 0 19187.34240148 0 7175.13221828 0 8801.99997621 0 1920
0.04350000 0.04349210 43703.01967544 0 -303.06613877 0 14432.11106162 0 5285.60677100 0 6259.00806278 0 2005
0.04450000 0.04448520 41671.80168746 0 1174.19790237 0 14180.65856498 0 5739.89318599 0 6508.16858818 0 2151
0.04550000 0.04548030 41639.91339198 0 423.69911767 0 13023.48989819 0 -1471.55625770 0 4510.07899605 0 2274
0.04650000 0.04648670 40232.84235403 0 1634.61838530 0 12021.88739509 0 2216.80122427 0 8729.56482724 0 2311
0.04750000 0.04749250 39417.80852413 0 410.04583394 0 11733.01044057 0 -1876.40474237 0 6159.35713942 0 2568
0.04850000 0.04851840 40271.04187465 0 -129.18745705 0 11300.74687965 0 163.24039203 0 1796.03073651 0 2493
0.04950000 0.04949480 40458.05344084 0 -518.14937007 0 12638.94805724 0 -706.82621391 0 917.37975713 0 2644
0.05050000 0.05050630 40704.19122156 0 45.63846205 0 11434.50056346 0 -3091.99099491 0 -3506.02950917 0 2829
0.05150000 0.05149060 39897.79380501 0 1250.03225505 0 11702.45082408 0 -956.28458484 0 -3992.30387056 0 2784
0.05250000 0.05249300 40108.27869982 0 932.50566006 0 13623.16701037 0 -2765.36848508 0 -7616.64117042 0 3055
0.05350000 0.05348950 37918.06212744 0 92.24088071 0 13255.12293339 0 2167.57366812 0 -8987.07388555 0 3009
0.05450000 0.05448610 38638.98119638 0 2171.59292203 0 12826.51323966 0 2154.54154181 0 -9686.72301852 0 3336
0.05550000 0.05550870 37245.08622496 0 958.77585793 0 10786.75848925 0 138.49596053 0 -8363.52484106 0 3349
0.05650000 0.05647670 35142.00884891 0 866.56996577 0 12466.55195981 0 -787.52353166 0 -7042.64077950 0 3324
0.05750000 0.05747970 35054.98037583 0 1942.96048685 0 11533.26570085 0 976.87025115 0 -4645.75926438 0 3639
0.05850000 0.05849280 33213.09914225 0 1593.56220487 0 12569.08168763 0 168.18750676 0 -4148.14684238 0 3846
0.05950000 0.05951020 32265.64030752 0 434.53560197 0 12027.20211101 0 3168.27931291 0 49.83653401 0 3787
0.06050000 0.06049470 32989.43818092 0 -285.93282335 0 14055.65201778 0 307.50835549 0 -515.37243101 0 3930
0.06150000 0.06148310 32331.74208669 0 186.94070331 0 12471.75595248 0 1154.81026161 0 1750.86672357 0 4083
0.06250000 0.06249100 32307.71514183 0 1092.72662912 0 14217.41868338 0 -462.78331705 0 2715.95269942 0 4303
0.06350000 0.06350600 32741.63955147 0 -617.82243809 0 13357.54193797 0 1446.87604568 0 3039.82927269 0 4470
0.06450000 0.06451750 33605.39161058 0 -1669.38548523 0 13869.96913057 0 1508.48246097 0 1968.31611069 0 4479
0.06550000 0.06550280 33505.96213371 0 531.90119750 0 12414.84420291 0 1944.41096140 0 220.72790249 0 4636
0.06650000 0.06648880 33542.61152886 0 986.10678451 0 11779.18203507 0 2262.87316784 0 1461.10398307 0 4653
0.06750000 0.06749660 31618.13075213 0 1094.90566264 0 10183.01783386 0 1092.16194055 0 2108.69104474 0 5220
0.06850000 0.06852730 30984.12943301 0 1576.23401653 0 10333.70110232 0 1264.95774891 0 434.50681393 0 5029
0.06950000 0.06949320 30415.23338383 0 42.63664407 0 11300.52543316 0 294.81725678 0 2458.48793041 0 5040
0.07050000 0.07048030 29715.46245529 0 663.96081561 0 9927.85610842 0 -346.22606092 0 1866.08533564 0 5475
0.07150000 0.07148790 29470.43190705 0 467.67949908 0 11555.41035048 0 639.83532706 0 3913.59071342 0 5509
0.07250000 0.07249820 29075.14991103 0 382.82120167 0 11097.12682624 0 291.36933484 0 2298.89144047 0 5916
0.07350000 0.07351270 28723.16070504 0 718.58945180 0 10348.75946407 0 1292.86000745 0 3408.30517033 0 5721
0.07450000 0.07449140 27998.03415267 0 294.70653354 0 10239.54205206 0 2126.48427072 0 2485.93622363 0 6028
0.07550000 0.07549160 27634.08683588 0 326.51400104 0 8192.03667427 0 1648.49200830 0 1321.93593242 0 6183
0.07650000 0.07648840 26871.20365588 0 672.50422144 0 8202.63288912 0 654.29467604 0 406.46172240 0 6330
0.07750000 0.07749960 26314.59788724 0 783.25736490 0 7287.17307312 0 683.89764368 0 -460.26104146 0 6583
0.07850000 0.07848650 25508.08974745 0 254.34569511 0 6038.52485867 0 -402.85878790 0 -54.50329747 0 6549
0.07950000 0.07947320 24899.66549867 0 647.55827362 0 6393.76932815 0 214.16976450 0 -1256.01131045 0 6828
0.08050000 0.08048110 24682.86937872 0 693.54606753 0 6456.33903570 0 -807.54229493 0 -391.66245304 0 7147
0.08150000 0.08149960 24279.72603207 0 218.69502366 0 6670.55530397 0 -85.82601860 0 -2389.58485306 0 7386
0.08250000 0.08250610 24278.39735309 0 439.26791360 0 7608.39228843 0 -469.28830788 0 -244.29313140 0 7227
0.08350000 0.08350160 23962.39320277 0 383.00500227 0 7626.32945464 0 476.72005230 0 -353.07097212 0 7798
0.08450000 0.08449610 23467.46028338 0 359.08324450 0 6855.04238010 0 473.46700327 0 -69.94597962 0 7371
0.08550000 0.08548940 23497.57700688 0 621.42647982 0 7514.49897397 0 504.62120361 0 -1112.93472915 0 8256
0.08650000 0.08650700 23151.78830280 0 410.46768951 0 6695.24658831 0 402.56647852 0 -1485.60703789 0 8037
0.08750000 0.08749060 21928.96074983 0 926.87649013 0 7131.81728359 0 547.25629756 0 83.14529804 0 8155
0.08850000 0.08849210 21432.36698171 0 795.49781999 0 5505.77995002 0 702.91657602 0 -201.90052137 0 8718
0.08950000 0.08949900 21070.52340664 0 151.67867046 0 5663.81524216 0 786.79718715 0 -578.47803908 0 8571
0.09050000 0.09049190 20922.37570056 0 -37.67380664 0 4986.59863927 0 563.44514367 0 -1259.45480347 0 8932
0.09150000 0.09150830 20462.43132760 0 296.24226499 0 4797.58298230 0 1055.38853537 0 -1386.80868354 0 9285
0.09250000 0.09250820 20418.14202832 0 213.78223313 0 4327.72887862 0 -174.08905589 0 -1209.48540156 0 9204
0.09350000 0.09350330 20095.49448311 0 270.09164823 0 4889.88188198 0 -408.59978832 0 -2358.03979965 0 9349
0.09450000 0.09448040 19830.97664319 0 832.84034267 0 5616.22639009 0 -813.99524583 0 -2564.61616379 0 9564
0.09550000 0.09549270 19146.37479965 0 782.65945936 0 5977.72672309 0 -1455.31315719 0 -1764.46353845 0 10155
0.09650000 0.09649430 18684.65885471 0 795.61407940 0 6539.09359140 0 -840.87109986 0 -775.79129628 0 9913
0.09750000 0.09749140 18486.13207072 0 283.07062738 0 7203.55487609 0 357.72799194 0 -1527.07289434 0 10476
0.09850000 0.09850240 18380.94498494 0 -134.55089120 0 6958.49111088 0 740.56580210 0 -954.81971627 0 10575
0.09950000 0.09950330 17958.97868610 0 436.59616162 0 5957.97369561 0 1055.56458533 0 -1402.55352943 0 10882
0.10050000 0.10051200 18013.67597070 0 449.85859229 0 6223.24445362 0 662.14052541 0 -1545.87370188 0 10875
0.10150000 0.10150300 17327.52400169 0 304.06154077 0 5272.02102845 0 -177.67648913 0 -844.06878727 0 11118
0.10250000 0.10250800 17125.56479700 0 313.88047842 0 5668.08915954 0 277.17904335 0 -636.17813818 0 11575
0.10350000 0.10349800 17100.65206616 0 -31.74236224 0 6075.17425382 0 -235.19389487 0 -172.07278554 0 11364
0.10450000 0.10450100 17087.69744612 0 335.88008061 0 6394.36723369 0 520.09477754 0 -586.24638217 0 12093
0.10550000 0.10551000 16860.38261759 0 302.56124076 0 6357.68462157 0 -250.26111448 0 707.08087738 0 12067
0.10650000 0.10649700 16479.71609033 0 388.35072069 0 6761.80233280 0 619.31277301 0 479.56674701 0 12054
0.10750000 0.10749900 16245.53642041 0 442.19322182 0 7329.63543880 0 249.96326894 0 2207.26795260 0 12807
0.10850000 0.10850100 15989.87644035 0 89.49549777 0 6547.91823428 0 1291.21023105 0 2080.05801276 0 12736
0.10950000 0.10950300 15640.54459232 0 156.54495722 0 6179.30946874 0 1565.47171681 0 1850.16333255 0 12933
0.11050000 0.11050200 15715.83640109 0 -134.16778876 0 5635.40365667 0 1304.70739501 0 2842.07755142 0 13428
0.11150000 0.11150900 15561.04530013 0 119.72394103 0 4599.90876731 0 962.95676778 0 2322.77444511 0 13453
0.11250000 0.11250000 15354.43571901 0 103.45803153 0 3890.90351987 0 335.14377101 0 1617.79952390 0 13668
0.11350000 0.11349100 15238.17630841 0 310.91309537 0 3942.22374541 0 -160.48227592 0 1157.42333027 0 13791
0.11450000 0.11448600 14911.54272626 0 278.19880446 0 3930.80817852 0 -309.92987293 0 1780.71771128 0 14205
0.11550000 0.11549300 14581.80889316 0 365.06119267 0 3616.30986437 0 -186.24314684 0 809.02155752 0 14776
0.11650000 0.11649800 14662.41541784 0 63.03906340 0 3977.87663132 0 70.51255048 0 587.86183436 0 14553
0.11750000 0.11747300 14350.84019745 0 -17.58085879 0 3591.00960216 0 240.29823661 0 -239.76787225 0 14568
0.11850000 0.11849100 14704.04735916 0 -1.27118040 0 4212.08951821 0 -312.92272233 0 184.98865244 0 16015
0.11950000 0.11950300 14236.79525182 0 416.40799178 0 3814.42697235 0 -91.36384186 0 527.35932986 0 15270
0.12050000 0.12050700 14214.87204867 0 525.43717427 0 4089.12027877 0 204.91330095 0 553.22206617 0 15999
0.12150000 0.12150000 13834.86986090 0 213.78001867 0 3873.26530643 0 163.47623255 0 1013.96364652 0 15670
0.12250000 0.12250700 13533.92407233 0 424.28041473 0 4037.34608792 0 339.02572809 0 238.32182663 0 16887
0.12350000 0.12352200 13335.28656508 0 201.18192749 0 4073.38650521 0 -34.72480365 0 1338.56656430 0 16407
0.12450000 0.12449800 13159.23660046 0 -28.16611204 0 3934.86064940 0 276.68411043 0 615.82166900 0 16306
0.12550000 0.12549900 13310.37383424 0 -37.42822248 0 4245.46150521 0 -242.34440224 0 794.08831304 0 17523
0.12650000 0.12650100 13131.55578842 0 267.05008060 0 4451.10779407 0 -249.53587721 0 344.89295301 0 17154
0.12750000 0.12750600 13024.37568417 0 235.32897723 0 4099.42861318 0 194.58060743 0 866.61979123 0 18007
0.12850000 0.12850300 12840.13219919 0 13.28202868 0 4041.52035438 0 336.14913810 0 612.92071989 0 17496
0.12950000 0.12949900 12859.28732113 0 53.49815183 0 3773.10505613 0 589.03771526 0 257.48248473 0 18405
0.13050000 0.13049000 12723.65134210 0 249.12398672 0 3702.15359869 0 67.37775388 0 -207.08236939 0 18100
0.13150000 0.13148800 12619.68221205 0 311.98268195 0 4052.83627034 0 -530.38318177 0 -28.58054916 0 19059
0.13250000 0.13249300 12207.45955905 0 281.11193312 0 3743.08798354 0 -376.82664502 0 455.20320348 0 18957
0.13350000 0.13349100 12274.11495446 0 -44.97279389 0 3769.13009152 0 293.50407906 0 284.45134629 0 19468
0.13450000 0.13450700 12285.18727928 0 -220.57510441 0 3685.14650777 0 667.57703690 0 154.58404849 0 19953
0.13550000 0.13551000 12473.63824769 0 28.84318471 0 3369.48559951 0 779.01555727 0 -343.53437875 0 19956
0.13650000 0.13649900 12243.77678446 0 312.06461715 0 2978.76540131 0 502.01034942 0 20.26235442 0 19723
0.13750000 0.13749600 11917.80754180 0 328.89012195 0 2910.17234906 0 -29.81478121 0 298.39361770 0 20946
0.13850000 0.13851100 11672.33410057 0 332.73664759 0 3091.82491003 0 -82.65944442 0 460.98406427 0 20955
0.13950000 0.13949800 11428.41078481 0 205.73929639 0 3486.92974886 0 -11.20995382 0 526.44032690 0 20506
0.14050000 0.14048300 11352.23319006 0 84.81290088 0 3295.88785644 0 222.20827232 0 719.85723299 0 21447
0.14150000 0.14148400 11328.98130794 0 -36.42152670 0 3374.87782170 0 287.61803119 0 529.88603438 0 21771
0.14250000 0.14249400 11342.71099072 0 135.74227335 0 3216.01210520 0 133.29307510 0 413.32213485 0 22470
0.14350000 0.14350900 11122.03955708 0 283.86229861 0 3386.55912438 0 -377.90841115 0 210.57568787 0 22519
0.14450000 0.14449900 10898.20143855 0 562.44863444 0 3610.20901339 0 -511.24356108 0 655.34765413 0 22218
0.14550000 0.14550500 10335.76055474 0 578.56108152 0 3552.66614131 0 -269.77719421 0 810.89831658 0 23559
0.14650000 0.14650700 10203.57914105 0 107.88397193 0 4026.46199263 0 -18.05630442 0 1086.18399238 0 23044
0.14750000 0.14750500 10165.85573039 0 -245.89640404 0 3809.75445128 0 538.58334553 0 715.79701148 0 23649
0.14850000 0.14849900 10320.28144464 0 -226.46115228 0 3765.33228410 0 604.57107975 0 29.55746038 0 23640
0.14950000 0.14949500 10509.93929646 0 54.89946526 0 3403.92052970 0 163.18613764 0 -27.69564896 0 24457
0.15050000 0.15050000 10319.60603283 0 245.07705200 0 3395.54985213 0 -223.63770945 0 278.18551767 0 24591
0.15150000 0.15149900 10119.18588128 0 329.78808749 0 3082.82310996 0 -0.41561964 0 650.10047940 0 25020
0.15250000 0.15250500 9949.05961044 0 47.41246994 0 3203.96541580 0 205.62525144 0 579.91633407 0 25297
0.15350000 0.15350100 9894.41768746 0 -21.79111031 0 2966.12080637 0 714.52812306 0 469.97700648 0 25452
0.15450000 0.15450400 9858.04510044 0 48.81400481 0 2656.04034982 0 512.69514287 0 194.26061725 0 26061
0.15550000 0.15549900 9779.32087097 0 142.42774307 0 2439.33280847 0 302.27557478 0 277.31634018 0 26128
0.15650000 0.15649500 9589.03189664 0 221.41438663 0 2378.13606920 0 -206.35713211 0 334.51264849 0 26331
0.15750000 0.15749700 9465.33188377 0 323.81456825 0 2595.85119211 0 -386.22151263 0 413.05639906 0 27345
0.15850000 0.15849900 9353.93322377 0 165.16919102 0 2645.64343682 0 -220.45663053 0 286.86732756 0 26980
0.15950000 0.15949700 9147.26828103 0 131.43624622 0 2824.93759261 0 -221.18408227 0 250.98745899 0 27777
0.16050000 0.16050000 9081.45438230 0 76.45606372 0 2984.24620210 0 -29.87888997 0 188.64141240 0 28224
0.16150000 0.16150500 9004.30242297 0 97.06752854 0 3011.92701414 0 78.49226426 0 225.63847855 0 28075
0.16250000 0.16249700 9097.37638539 0 191.29766312 0 2990.05917263 0 226.21977560 0 506.11043130 0 28590
0.16350000 0.16349900 8925.57819351 0 104.47402806 0 3031.21500398 0 414.26771139 0 431.76419907 0 29163
0.16450000 0.16449100 8764.78589249 0 68.82601397 0 2857.39057665 0 276.29547183 0 1019.67032273 0 28996
0.16550000 0.16550500 8822.25125830 0 43.32013868 0 2913.85943322 0 366.62239047 0 734.92223814 0 30777
0.16650000 0.16650700 8736.71754908 0 8.18177263 0 2789.79403363 0 303.93199457 0 1098.12217300 0 29211
0.16750000 0.16749900 8637.26592756 0 160.67714884 0 2605.16301728 0 201.85069591 0 683.38388781 0 30922
0.16850000 0.16850800 8627.98731936 0 118.73850412 0 2513.14092571 0 -104.49849790 0 821.59307512 0 30867
0.16950000 0.16949900 8420.61374783 0 90.54238608 0 2633.16492675 0 30.09524320 0 584.88337899 0 30852
0.17050000 0.17049200 8340.82657519 0 191.13600718 0 2529.64976202 0 -391.61041312 0 724.97596876 0 31257
0.17150000 0.17149500 8174.95207708 0 195.89267792 0 2766.06604154 0 -80.49569071 0 468.97717555 0 32608
0.17250000 0.17250900 8145.40004214 0 95.31810122 0 2498.28186581 0 73.09140566 0 746.22818901 0 32361
0.17350000 0.17350400 8059.43451224 0 -73.84122349 0 2658.76414173 0 350.75021284 0 610.57560150 0 32508
0.17450000 0.17449800 8180.04534649 0 -50.92283980 0 2391.71073943 0 480.92199957 0 457.33019708 0 32791
0.17550000 0.17549800 8189.30181004 0 49.26298758 0 2408.05349086 0 249.25906908 0 632.08912862 0 33633
0.17650000 0.17650100 8018.92087573 0 217.81698830 0 2242.84333224 0 59.47355336 0 641.05549726 0 33984
0.17750000 0.17750300 7887.29307829 0 129.98909337 0 2054.71346125 0 43.93332403 0 710.33503365 0 34069
0.17850000 0.17849800 7755.47705132 0 173.56644216 0 2127.76866040 0 204.56452272 0 592.11028540 0 34536
0.17950000 0.17950400 7756.78358565 0 92.46974566 0 1878.54170106 0 162.82850155 0 683.81238678 0 35343
0.18050000 0.18050100 7628.41105170 0 -18.04478920 0 1674.26838048 0 197.18924716 0 398.06004232 0 34990
0.18150000 0.18150500 7620.63827968 0 -35.60693577 0 1622.12880291 0 -75.51845926 0 213.94610354 0 36243
0.18250000 0.18250200 7656.36867187 0 83.39763632 0 1713.50869963 0 -155.17420340 0 207.21966621 0 35694
0.18350000 0.18350400 7549.09998903 0 143.64348434 0 1637.32003256 0 -69.23347552 0 245.59523680 0 37087
0.18450000 0.18450600 7503.93597609 0 115.89291664 0 1646.44362821 0 -43.98835349 0 383.74795526 0 36651
0.18550000 0.18550700 7525.15055045 0 -83.20951752 0 1711.57104279 0 220.32376264 0 83.78129237 0 37818
0.18650000 0.18651000 7571.18927704 0 -28.70101606 0 1819.81409022 0 129.63810067 0 201.35576299 0 37267
0.18750000 0.18750100 7610.45174085 0 111.96667026 0 1762.85805135 0 95.62989789 0 223.40519063 0 38334
0.18850000 0.18850000 7558.82149022 0 93.20838045 0 1791.10355196 0 -56.92769372 0 177.11180057 0 38223
0.18950000 0.18949500 7403.01173537 0 71.31020076 0 1532.14401911 0 109.05564535 0 347.73300432 0 39064
0.19050000 0.19050000 7376.33850488 0 130.51502880 0 1771.68269423 0 -85.63258508 0 -20.99467798 0 39609
0.19150000 0.19149800 7332.46995395 0 142.20518934 0 1629.75763471 0 -42.55116572 0 62.02040952 0 39576
0.19250000 0.19250400 7179.11825521 0 135.12333039 0 1655.15754784 0 -9.91136942 0 82.69919407 0 40909
0.19350000 0.19350500 7033.25144805 0 95.28942390 0 1568.42802754 0 93.61750285 0 297.40485909 0 40191
0.19450000 0.19450100 7082.43471490 0 100.02627518 0 1549.52756907 0 219.83436588 0 159.55995126 0 41232
0.19550000 0.19549800 6942.23693804 0 64.98103845 0 1335.20057756 0 311.09135980 0 365.36568160 0 40873
0.19650000 0.19649700 6836.29693418 0 8.82003679 0 1210.33797058 0 276.87123272 0 479.97863749 0 42816
0.19750000 0.19750200 6887.56179809 0 50.75575842 0 1184.38444120 0 241.72213758 0 369.66395809 0 41727
0.19850000 0.19849000 6827.72695477 0 79.60137903 0 1219.91553154 0 -103.17347279 0 282.62551993 0 42610
0.19950000 0.19949900 6650.92407206 0 227.18749679 0 1183.12219617 0 -207.19862880 0 379.91803811 0 43863
0.20050000 0.20050100 6585.29840286 0 151.21031112 0 1320.52974717 0 -190.39305419 0 678.58735670 0 43302
0.20150000 0.20150100 6522.15293442 0 16.67060297 0 1471.58947467 0 -104.82313846 0 383.46228928 0 44487
0.20250000 0.20249700 6540.03473901 0 121.66491957 0 1614.49997111 0 15.53967571 0 136.84507690 0 43759
0.20350000 0.20349100 6460.54651913 0 192.87214771 0 1618.58565896 0 -113.97961892 0 273.42441800 0 45282
0.20450000 0.20449700 6281.77276261 0 98.62440813 0 1563.39011974 0 44.50687046 0 382.09042824 0 45483
0.20550000 0.20549900 6271.27619868 0 21.28798387 0 1558.06433151 0 219.31618108 0 417.60601733 0 46138
0.20650000 0.20650200 6303.03162626 0 -37.87045113 0 1411.18994279 0 258.05492392 0 153.13468117 0 46227
0.20750000 0.20749300 6213.50080778 0 99.70606355 0 1406.87173611 0 127.49117689 0 255.55257851 0 46236
0.20850000 0.20850300 6093.35501117 0 195.80299209 0 1257.87146102 0 227.49752189 0 388.75928948 0 48361
0.20950000 0.20950400 6028.16116264 0 1.05284854 0 1111.34031437 0 86.93801218 0 513.00516796 0 46812
0.21050000 0.21050300 6048.78890378 0 -30.10742275 0 1073.79184645 0 60.31006750 0 439.57129530 0 48813
0.21150000 0.21149700 6037.45084316 0 108.03477700 0 1187.72828330 0 -44.89041579 0 479.70736554 0 47215
0.21250000 0.21249000 6097.44069903 0 56.14654120 0 1320.18650510 0 -145.35415852 0 596.10296573 0 50004
0.21350000 0.21350300 6029.72236044 0 38.40236562 0 1279.07496305 0 18.26280328 0 872.17366936 0 49509
0.21450000 0.21449800 6059.00865958 0 33.94819079 0 1420.77857608 0 15.52605675 0 656.39509606 0 49660
0.21550000 0.21550100 6040.70610666 0 76.39616244 0 1432.51524039 0 50.74247163 0 781.80467589 0 50841
0.21650000 0.21649800 5948.06396490 0 59.29528893 0 1527.22790689 0 159.57766698 0 729.73817566 0 50424
0.21750000 0.21750300 5889.31420941 0 91.77905404 0 1324.30540993 0 183.77734011 0 600.40124222 0 52231
0.21850000 0.21850300 5813.92274972 0 51.26375668 0 1285.48583912 0 192.39493051 0 740.66102409 0 51078
0.21950000 0.21950100 5770.27564529 0 77.90122356 0 1123.51987167 0 89.20639937 0 507.41032223 0 52791
0.22050000 0.22050700 5755.36122376 0 27.59699455 0 1030.62528091 0 -47.57999421 0 657.80792471 0 52969
0.22150000 0.22150000 5716.70773782 0 111.57913889 0 1061.59789512 0 -40.65359070 0 451.04775997 0 52704
0.22250000 0.22250100 5664.22491818 0 62.75682984 0 1069.79805889 0 -128.77335211 0 658.76235911 0 54051
0.22350000 0.22349900 5578.51405175 0 135.11779423 0 1152.07539738 0 -37.31052366 0 576.03326976 0 53938
0.22450000 0.22449800 5564.64042876 0 130.47073950 0 1199.89676827 0 38.15733507 0 522.05347180 0 54735
0.22550000 0.22549100 5408.23276837 0 88.11311801 0 1165.20717462 0 138.18482820 0 674.69322006 0 54774
0.22650000 0.22649900 5396.83934613 0 47.97317246 0 1048.07747929 0 188.00918265 0 584.80587271 0 56911
0.22750000 0.22749800 5333.30634632 0 16.72607532 0 1044.43468442 0 144.64442250 0 600.97368141 0 54879
0.22850000 0.22849100 5368.51633924 0 1.47869791 0 982.64336131 0 -67.78266880 0 398.52729443 0 57210
0.22950000 0.22949800 5293.31310908 0 58.00381296 0 906.94076929 0 84.42492662 0 513.92527815 0 57375
0.23050000 0.23049600 5241.54999055 0 80.34488564 0 849.51526385 0 -20.19326311 0 409.52211297 0 57604
0.23150000 0.23150100 5214.44493939 0 88.81355328 0 736.08593948 0 72.08249542 0 375.23665917 0 58629
0.23250000 0.23250200 5107.90702999 0 18.58367925 0 625.00837690 0 35.31318699 0 167.00055354 0 58560
0.23350000 0.23350400 5159.43762969 0 45.05229318 0 645.14561405 0 78.56456654 0 208.09327264 0 59305
0.23450000 0.23449700 5129.21018294 0 54.11067284 0 586.74685125 0 -12.32227957 0 327.06097389 0 59196
0.23550000 0.23549300 5144.20211074 0 55.82267570 0 637.06060246 0 -8.95169781 0 365.51515798 0 60063
0.23650000 0.23649900 5143.06166129 0 3.49196766 0 663.55999745 0 -87.85092536 0 387.62880511 0 61537
0.23750000 0.23750400 5157.25638170 0 61.22309141 0 798.11310311 0 14.52279340 0 339.30475067 0 61224
0.23850000 0.23850100 5113.21067358 0 164.78719581 0 878.00214114 0 -115.81098144 0 448.14459641 0 61221
0.23950000 0.23949400 4954.55533125 0 196.04658324 0 983.84581578 0 39.49298961 0 496.36124930 0 62332
0.24050000 0.24050100 4876.58401988 0 107.47097422 0 924.08072811 0 31.72054976 0 780.48817647 0 63447
0.24150000 0.24150500 4813.73750421 0 -19.46260040 0 820.37401216 0 227.09227480 0 797.88390599 0 63342
0.24250000 0.24250300 4862.09034669 0 -62.95923194 0 851.18386320 0 212.86987357 0 537.92675666 0 63379
0.24350000 0.24349600 4851.40555324 0 57.32884404 0 659.81755166 0 106.67575985 0 495.34702434 0 64266
0.24450000 0.24449500 4799.71994099 0 105.31142798 0 699.73217540 0 -15.90683400 0 483.70890372 0 64695
0.24550000 0.24549600 4676.16386833 0 55.49537778 0 491.57689774 0 30.71772930 0 531.90230473 0 65947
0.24650000 0.24650000 4709.10403467 0 2.53126632 0 586.93950971 0 49.39419463 0 443.49200552 0 66018
0.24750000 0.24750000 4759.08450890 0 -9.10405300 0 435.81888442 0 41.94296292 0 199.99386704 0 66303
0.24850000 0.24849600 4731.71372195 0 43.00302730 0 422.75797006 0 -143.36667622 0 147.77899766 0 66958
0.24950000 0.24949200 4709.00438375 0 104.81959532 0 473.54008061 0 -232.76351957 0 219.05819591 0 66975
0.25050000 0.25048900 4633.50220081 0 110.33837418 0 545.25442123 0 -203.25688116 0 166.95072808 0 68676
0.25150000 0.25150000 4589.85509637 0 105.89626818 0 713.85935464 0 -23.48739047 0 121.22313381 0 69349
0.25250000 0.25249900 4536.92938374 0 91.75668794 0 716.82673769 0 -28.74032281 0 18.22537882 0 68592
0.25350000 0.25349900 4494.09055902 0 65.98120155 0 749.49673930 0 94.27043785 0 121.44458031 0 70437
0.25450000 0.25450100 4450.26629738 0 9.49571434 0 678.82098275 0 149.63804099 0 218.05947221 0 70099
0.25550000 0.25550100 4464.77104290 0 32.41799550 0 619.18322681 0 118.35761615 0 178.04409032 0 71064
0.25650000 0.25650300 4459.54490558 0 45.79823570 0 607.84184450 0 51.78028063 0 195.36231357 0 71409
0.25750000 0.25750600 4384.70706213 0 101.88100031 0 609.70199507 0 -30.24372307 0 103.96137942 0 72612
0.25850000 0.25850600 4338.94514366 0 100.20763986 0 597.50140035 0 -19.07861217 0 217.14157648 0 71845
0.25950000 0.25949600 4280.82651068 0 13.52229813 0 602.20824563 0 39.58101459 0 93.53634271 0 72816
0.26050000 0.26049800 4325.17117158 0 -19.59934361 0 597.03082655 0 42.44974323 0 22.27308861 0 73743
0.26150000 0.26149900 4353.40559987 0 -29.14689858 0 502.54182101 0 21.48983235 0 -16.30377685 0 74662
0.26250000 0.26250300 4319.01495898 0 56.30343604 0 449.44338011 0 45.32367586 0 13.09058819 0 74931
0.26350000 0.26350100 4305.49565038 0 82.58038803 0 464.39323308 0 25.13904916 0 -27.06375138 0 75087
0.26450000 0.26450200 4205.80043771 0 92.21818244 0 344.02709721 0 101.28298405 0 -51.48918921 0 76678
0.26550000 0.26550600 4208.93390564 0 33.38006980 0 280.50295526 0 68.94681303 0 -90.79793534 0 76035
0.26650000 0.26650100 4144.75871099 0 51.94536899 0 350.45790346 0 47.36076218 0 -17.05658421 0 77094
0.26750000 0.26750600 4149.79661878 0 53.26397216 0 376.29185173 0 -61.61626966 0 19.04838473 0 78463
0.26850000 0.26850100 4145.50055675 0 52.99513611 0 392.00458788 0 -32.04053994 0 128.31385063 0 77076
0.26950000 0.26949700 4085.28925439 0 104.14418350 0 451.60469791 0 -74.04539716 0 233.72127567 0 79149
0.27050000 0.27049900 4044.38808651 0 81.76147888 0 545.38950359 0 80.77570980 0 433.88344204 0 79648
0.27150000 0.27150200 4032.52962663 0 32.59725644 0 535.58606720 0 127.42363571 0 380.28121036 0 80241
0.27250000 0.27250500 4077.35039749 0 1.46578758 0 554.08902920 0 114.38597324 0 573.21093416 0 80835
0.27350000 0.27350000 4025.86408709 0 21.89441510 0 492.37631959 0 17.00642658 0 481.58744629 0 80680
0.27450000 0.27450400 4064.18540328 0 60.14508986 0 500.87211443 0 27.15133347 0 543.92131332 0 82617
0.27550000 0.27550800 4012.15654896 0 32.61286841 0 468.86755954 0 -38.17870465 0 522.43989594 0 82548
0.27650000 0.27649900 4009.26667218 0 53.17960104 0 422.00173028 0 33.42889875 0 499.09168460 0 81181
0.27750000 0.27748900 3975.91682983 0 45.93575398 0 412.10528636 0 40.94446067 0 429.78889632 0 84096
0.27850000 0.27849800 3942.74414467 0 37.09073802 0 411.43098177 0 -7.37696963 0 345.06900297 0 85215
0.27950000 0.27950200 3913.85644922 0 80.59855261 0 327.65555773 0 -3.06382300 0 271.67388345 0 84514
0.28050000 0.28050300 3854.66380074 0 101.12808222 0 339.00026174 0 -45.47647394 0 299.46984767 0 85815
0.28150000 0.28150100 3769.10794687 0 84.77038315 0 279.76996736 0 -64.20719367 0 313.89487245 0 85485
0.28250000 0.28250000 3761.66734459 0 20.07179971 0 318.04145809 0 -25.40899244 0 74.88191130 0 87220
0.28350000 0.28350400 3707.84477364 0 27.09309305 0 287.21721303 0 58.90532165 0 183.58578889 0 87147
0.28450000 0.28449700 3786.97867912 0 9.46962795 0 228.73097887 0 68.42718883 0 18.87078463 0 87102
0.28550000 0.28549800 3749.90853563 0 33.96203119 0 224.56335581 0 48.83227415 0 39.40607186 0 88971
0.28650000 0.28649900 3710.76786740 0 88.21952306 0 164.52699618 0 44.35883347 0 73.56308669 0 89434
0.28750000 0.28750100 3628.60014492 0 136.34460782 0 158.19473361 0 -25.87580165 0 133.87215768 0 89619
0.28850000 0.28849900 3581.31024562 0 81.81827991 0 185.99291230 0 -1.34082532 0 201.40558845 0 90240
0.28950000 0.28950100 3529.91251381 0 32.45187681 0 266.19861882 0 -2.98953877 0 120.43699875 0 91333
0.29050000 0.29050500 3517.21255724 0 46.61083362 0 298.90073018 0 -10.95893314 0 172.60314990 0 92139
0.29150000 0.29150600 3505.59768851 0 30.22202132 0 239.66711409 0 15.62526478 0 216.45509234 0 92370
0.29250000 0.29250200 3522.94802150 0 29.68767092 0 213.94167461 0 5.91123741 0 255.65887283 0 91819
0.29350000 0.29349600 3494.29284487 0 11.95866442 0 299.51967313 0 2.79548521 0 150.50832572 0 93552
0.29450000 0.29450000 3512.24108340 0 35.31075108 0 235.96009975 0 50.20657110 0 156.71214932 0 94701
0.29550000 0.29550200 3522.39440526 0 46.12044035 0 167.63167606 0 18.97962559 0 167.50102262 0 95020
0.29650000 0.29650300 3488.86740571 0 34.37890422 0 203.29009814 0 13.13377025 0 158.66862912 0 95151
0.29750000 0.29749800 3481.68146690 0 21.99550542 0 182.43758880 0 -10.35073034 0 210.48600203 0 95802
0.29850000 0.29850000 3475.62490522 0 65.34088901 0 133.66178351 0 60.57425317 0 274.23823388 0 97399
0.29950000 0.29950700 3415.38038588 0 57.38331988 0 170.74078487 0 62.93110823 0 214.03800384 0 97881
0.30050000 0.30050300 3441.04603481 0 14.79727633 0 118.48273342 0 121.22645551 0 326.89488902 0 97188
0.30150000 0.30149700 3396.75673554 0 34.63212829 0 130.38658983 0 63.78533809 0 292.32598370 0 98263
0.30250000 0.30249700 3390.22406390 0 84.70970681 0 155.12991410 0 -14.69840047 0 311.33052202 0 100050
0.30350000 0.30350600 3350.17546503 0 55.42551141 0 171.15599705 0 -81.41402933 0 294.62349110 0 100779
0.30450000 0.30450500 3313.12746618 0 92.14975547 0 220.13996204 0 -107.29337413 0 382.14911156 0 99982
0.30550000 0.30550300 3296.10930294 0 78.25166264 0 289.01314411 0 -74.30448956 0 441.38272764 0 101559
0.30650000 0.30649700 3250.92314535 0 22.24972600 0 299.94485041 0 51.06146530 0 354.48601523 0 100935
0.30750000 0.30749800 3251.82000366 0 64.60059337 0 274.30023889 0 32.18879837 0 397.65590247 0 103762
0.30850000 0.30850200 3221.10537462 0 70.49162379 0 240.64147868 0 86.88143260 0 366.52163231 0 102951
0.30950000 0.30950100 3157.74953200 0 62.50128058 0 196.83050384 0 50.23303396 0 343.03833860 0 104394
0.31050000 0.31050000 3132.13924470 0 46.67582817 0 148.61385095 0 8.55464424 0 260.46647627 0 103963
0.31150000 0.31149700 3077.80734681 0 38.77450645 0 138.81484348 0 1.79914206 0 231.10820701 0 105936
0.31250000 0.31250000 3093.20895064 0 28.32145676 0 77.42898890 0 -7.63745714 0 135.60497652 0 105717
0.31350000 0.31349800 3064.53162936 0 21.00674682 0 68.72315207 0 -21.41044378 0 184.09843753 0 106776
0.31450000 0.31450400 3088.32605539 0 11.99542454 0 45.60657376 0 46.53177722 0 141.04923863 0 108733
0.31550000 0.31549900 3088.11568122 0 32.80596976 0 31.11777239 0 66.13676771 0 221.06560840 0 105891
0.31650000 0.31650000 3093.36396318 0 41.53284401 0 -7.02123798 0 81.48422787 0 169.15965688 0 111072
0.31750000 0.31750600 3050.24833034 0 40.47709784 0 17.83851179 0 13.48155198 0 215.01458289 0 108121
0.31850000 0.31849900 3030.17420544 0 89.09346165 0 10.30939735 0 -64.43406560 0 157.77619974 0 110484
0.31950000 0.31950100 2963.43023144 0 82.69974769 0 43.82282223 0 -63.49336089 0 238.31407600 0 110817
0.32050000 0.32049800 2944.44119437 0 49.39585548 0 93.16309464 0 -39.15849468 0 219.44683451 0 111088
0.32150000 0.32149900 2922.29654474 0 24.23931205 0 89.80186900 0 -26.64676763 0 172.04399750 0 112635
0.32250000 0.32250100 2934.88577805 0 4.74604131 0 61.32185654 0 79.41569615 0 73.25892993 0 113202
0.32350000 0.32350400 2929.51570052 0 16.45624276 0 -14.69817903 0 44.73385312 0 144.61674169 0 113863
0.32450000 0.32450300 2927.16836766 0 62.72826324 0 39.66438920 0 13.57278793 0 185.59320138 0 114045
0.32550000 0.32549900 2914.43519411 0 64.79236603 0 -13.90540057 0 63.93592171 0 170.08419600 0 114828
0.32650000 0.32650300 2844.30308871 0 54.18131427 0 -24.35269265 0 26.30972606 0 249.69088975 0 116431
0.32750000 0.32750400 2820.79654312 0 58.73060037 0 -25.43833410 0 18.74644243 0 259.14554792 0 116442
0.32850000 0.32850400 2839.51984439 0 14.08012186 0 79.15139975 0 43.23621046 0 267.58819559 0 116955
0.32950000 0.32949800 2819.82217854 0 18.10192240 0 -93.39362044 0 15.01695126 0 304.36824417 0 117028
0.33050000 0.33049700 2841.33570566 0 28.61509481 0 -23.43435403 0 16.62066679 0 266.53300303 0 119061
0.33150000 0.33150100 2836.36423182 0 41.74144661 0 -69.02044399 0 -68.70133959 0 299.44216686 0 120060
0.33250000 0.33250400 2837.58218755 0 10.77714771 0 -61.23084203 0 20.06105955 0 194.26061725 0 119737
0.33350000 0.33350100 2839.74129089 0 43.30341947 0 -104.30085690 0 7.53550317 0 256.12058877 0 120531
0.33450000 0.33450000 2818.19454679 0 37.87798031 0 -119.57225018 0 4.43962579 0 135.30823821 0 121704
0.33550000 0.33550300 2810.98646333 0 67.26016579 0 -111.28350782 0 12.62920441 0 268.33779198 0 122761
0.33650000 0.33650300 2752.11491227 0 47.06092362 0 -149.88273937 0 8.48900750 0 228.58703865 0 122472
0.33750000 0.33749900 2743.81066866 0 50.07314959 0 -160.20768227 0 46.31132723 0 286.79757192 0 122985
0.33850000 0.33849800 2725.02093344 0 42.39305293 0 -120.71491410 0 20.12107155 0 193.30729008 0 125380
0.33950000 0.33950300 2726.22781685 0 24.78362753 0 -172.86999293 0 -25.47310120 0 166.23434866 0 125223
0.34050000 0.34050000 2706.95089934 0 47.54146252 0 -174.59173944 0 -60.96798504 0 213.72908597 0 125178
0.34150000 0.34149900 2705.23468899 0 32.98312696 0 -140.71928335 0 -55.62603121 0 175.43987952 0 127059
0.34250000 0.34250300 2688.71478036 0 52.46864706 0 -119.41502317 0 -51.03544534 0 69.41683322 0 127957
0.34350000 0.34349800 2685.02769620 0 105.08245231 0 -101.30501797 0 -71.76438753 0 137.02001963 0 126732
0.34450000 0.34449700 2615.47135169 0 81.28514747 0 -25.04105909 0 -72.90937664 0 128.84532222 0 129639
0.34550000 0.34550000 2548.58343746 0 67.89771025 0 -34.48287335 0 4.19814946 0 161.43449586 0 129826
0.34650000 0.34650400 2567.96000589 0 13.08383407 0 14.63074857 0 -14.79960152 0 162.78089055 0 130875
0.34750000 0.34750200 2582.09936468 0 -14.99248142 0 11.80641995 0 11.23962765 0 60.40152490 0 130686
0.34850000 0.34850200 2600.50156853 0 27.55624839 0 15.73111621 0 32.40072267 0 19.04572737 0 132211
0.34950000 0.34950400 2580.34993736 0 52.15961848 0 -49.78637638 0 -42.97745023 0 127.14572036 0 132768
0.35050000 0.35050300 2580.85926430 0 34.51697611 0 -25.88011986 0 50.79063624 0 74.88578662 0 132957
0.35150000 0.35150100 2587.31442967 0 1.27374917 0 -126.15917622 0 66.07631282 0 57.97646432 0 133987
0.35250000 0.35249800 2577.95831520 0 35.50750629 0 -132.19137878 0 86.15298435 0 -14.03538966 0 134778
0.35350000 0.35349800 2590.86864594 0 28.45310670 0 -209.10085420 0 13.10132834 0 10.17813494 0 135699
0.35450000 0.35450100 2536.89106245 0 56.99147031 0 -184.78492167 0 14.04956224 0 -21.76099358 0 137380
0.35550000 0.35550100 2522.28666601 0 80.90348443 0 -206.94175086 0 -43.53394528 0 10.03787073 0 136161
0.35650000 0.35649900 2453.64932446 0 67.67471363 0 -156.14856799 0 -8.64416399 0 61.39659474 0 138792
0.35750000 0.35750000 2448.47854877 0 43.02151808 0 -175.97024388 0 60.39831393 0 38.54652728 0 138097
0.35850000 0.35849800 2428.11654343 0 6.23076256 0 -177.42736182 0 79.58576705 0 51.46471937 0 140028
0.35950000 0.35950300 2446.12014358 0 20.27652699 0 -224.52460267 0 62.71575151 0 42.25575610 0 141099
0.36050000 0.36050500 2428.10547111 0 35.24055254 0 -216.30561596 0 41.57292583 0 107.79561478 0 140821
0.36150000 0.36150200 2417.56461788 0 40.92231602 0 -233.44778924 0 -4.30190822 0 48.76462224 0 141756
0.36250000 0.36250400 2414.06576324 0 33.69718118 0 -300.67673108 0 -5.32030744 0 111.54702915 0 142971
0.36350000 0.36349900 2391.68859478 0 44.41862403 0 -233.90618349 0 -73.71599550 0 79.65762644 0 142270
0.36450000 0.36450000 2427.65150579 0 14.94354174 0 -251.64183339 0 -63.82918450 0 33.44451073 0 145311
0.36550000 0.36550300 2404.38855134 0 12.76340099 0 -280.64689548 0 -21.13352493 0 82.63630327 0 145434
0.36650000 0.36650100 2441.77979226 0 43.50770387 0 -282.22691623 0 -5.91109347 0 41.45788437 0 144547
0.36750000 0.36749600 2413.06925400 0 44.24799950 0 -264.86993985 0 86.46123787 0 57.68504073 0 146892
0.36850000 0.36849900 2413.56750862 0 74.56192111 0 -298.68039091 0 9.57943219 0 15.78946736 0 148113
0.36950000 0.36949900 2340.24657367 0 76.19320673 0 -295.37973088 0 24.71564346 0 142.02913938 0 147387
0.37050000 0.37049800 2296.44445669 0 79.62828478 0 -253.11002366 0 16.67126731 0 212.85658678 0 149758
0.37150000 0.37150100 2274.66519377 0 44.24689227 0 -235.04774018 0 18.77035865 0 265.79447897 0 150099
0.37250000 0.37250000 2256.83875081 0 10.33598200 0 -241.49404769 0 44.79131848 0 281.49060663 0 150468
0.37350000 0.37349800 2303.98470989 0 15.16952789 0 -253.71014366 0 13.12037274 0 250.01863057 0 150709
0.37450000 0.37449700 2277.26719010 0 37.91750851 0 -205.78690738 0 -18.56363834 0 302.19363958 0 153108
0.37550000 0.37550100 2301.53772610 0 25.27324574 0 -193.32722026 0 -44.52945800 0 317.79233078 0 153189
0.37650000 0.37649900 2261.97630953 0 65.50431652 0 -179.63186170 0 -62.27263708 0 367.04092434 0 153547
0.37750000 0.37749900 2266.49381805 0 64.72571064 0 -157.61454379 0 -11.83609378 0 328.17263530 0 155424
0.37850000 0.37850200 2230.73020889 0 40.60885850 0 -156.26593463 0 36.80341119 0 343.83333152 0 155313
0.37950000 0.37949900 2205.26386180 0 41.94163424 0 -184.08625797 0 46.98419241 0 320.80621760 0 156100
0.38050000 0.38050000 2202.59543152 0 35.33511019 0 -199.07486408 0 25.55857955 0 254.57710670 0 157557
0.38150000 0.38149800 2188.54465133 0 45.04343532 0 -221.43099512 0 -41.88926215 0 278.77345812 0 157692
0.38250000 0.38250100 2159.76767913 0 52.10802145 0 -245.58527171 0 0.48002846 0 279.49980263 0 159703
0.38350000 0.38350500 2149.02752405 0 25.99892591 0 -252.71806336 0 -2.82560193 0 267.46307832 0 160338
0.38450000 0.38450600 2154.82942226 0 17.37402777 0 -285.12565087 0 37.47970879 0 175.20846793 0 160167
0.38550000 0.38550000 2151.38592924 0 39.87133095 0 -287.61138779 0 12.10991238 0 214.96254296 0 160033
0.38650000 0.38649600 2147.08986721 0 45.42576269 0 -307.05992634 0 -10.86196172 0 207.86961168 0 162444
0.38750000 0.38750200 2140.23609815 0 36.84902917 0 -266.45328230 0 -16.15275034 0 270.86228204 0 164307
0.38850000 0.38850400 2132.24187963 0 39.69362014 0 -281.75634243 0 6.73106556 0 205.45363040 0 163882
0.38950000 0.38950500 2103.49812440 0 60.14520058 0 -254.46195452 0 3.01924582 0 220.81869556 0 164595
0.39050000 0.39050100 2090.85352945 0 60.20820211 0 -312.20634291 0 -6.83955220 0 232.69819285 0 165006
0.39150000 0.39150100 2054.04912176 0 43.11873309 0 -270.40499502 0 -18.63472267 0 246.58510264 0 166687
0.39250000 0.39250100 2055.54388561 0 58.75761684 0 -301.68541987 0 -4.85050869 0 197.40626473 0 167256
0.39350000 0.39350100 2040.06477551 0 18.85484049 0 -302.53688165 0 11.20973237 0 205.89541617 0 167937
0.39450000 0.39449600 2020.72142405 0 30.75803256 0 -319.24723426 0 -28.84285254 0 194.90059762 0 167719
0.39550000 0.39549700 2045.49021467 0 19.60742641 0 -346.87379192 0 31.09396690 0 175.83959044 0 171636
0.39650000 0.39650400 2054.46987010 0 -0.99029655 0 -353.86817951 0 27.93071442 0 223.86690658 0 171093
0.39750000 0.39750000 2054.25949593 0 56.02673865 0 -365.78089378 0 4.05987827 0 200.70692476 0 170464
0.39850000 0.39849800 2070.98977873 0 35.37552418 0 -378.22397241 0 49.33351829 0 253.76661252 0 172113
0.39950000 0.39949500 2042.36781907 0 19.24735440 0 -375.84342257 0 25.39603782 0 302.52580932 0 173232
