### header ###
fiducial parameters:
Omega_m = 0.31
Omega_nu = 0
Omega_de = 0.69
Omega_k = 0
H_0 = 100
w_de = -1
zeff = 0
beta = 0
fgrowth = 0
b_1 = 2
gamma = 0.55
Lx = 3500 Ly = 3500 Lz = 3500
nx = 700 ny = 700 nz = 700
xoffset = -685.467585 yoffset = -31.7331281 zoffset = 572.489161
bins = 400 dk = 0.001
kx_ny = 0.628318531 ky_ny = 0.628318531 kz_ny = 0.628318531
############################
A(data) = 7.98983169 (not used)
A(ran) = 7.98471574 (used)
Ngal = 474468
weighted Ngal = 0
Nran = 23820508
weighted Nran = 0
SN(data) = 3493.59076
SN(ran) = 69.5497699
SN(data+ran) = 3563.14053
############################
13 columns: k_central k_mean P_0(k) sigma^{lin}_{P_0(k)} P^img_1(k) sigma^{lin}_{P_1(k)} P_2(k) sigma^{lin}_{P_2(k)} P^img_3(k) sigma^{lin}_{P_3(k)} P_4(k) sigma^{lin}_{P_4(k)} N_modes
### header ###
0.00050000 0 0 0 0 0 0 0 0 0 0 0 0
0.00150000 0.00179520 30069.44467974 0 -40214.68374132 0 -22860.47543682 0 70414.33896093 0 -9437.79501194 0 3
0.00250000 0.00253879 42050.36447301 0 -22927.13083223 0 9489.76850464 0 -31860.72538890 0 26695.48586100 0 6
0.00350000 0.00331552 47443.36172242 0 105.45071783 0 2188.68859155 0 -42806.16136513 0 18002.60364589 0 7
0.00450000 0.00420575 40827.97981303 0 12571.07470610 0 -7422.80905215 0 -6896.37536864 0 30597.04095735 0 24
0.00550000 0.00557378 31938.01021614 0 964.74605547 0 -19931.62407579 0 1662.32134200 0 29305.89716025 0 45
0.00650000 0.00659388 36365.05784838 0 -16328.35741006 0 -2724.54482347 0 35899.24514326 0 15267.73941568 0 40
0.00750000 0.00754703 54471.29845456 0 -16058.63557748 0 -1976.29925688 0 3021.96961275 0 33329.24782960 0 57
0.00850000 0.00846663 65813.45582904 0 -18363.45071172 0 -18892.48639156 0 24557.53066177 0 28461.85383932 0 75
0.00950000 0.00948925 76740.29029957 0 -6554.51733987 0 6941.59474320 0 -4190.79743758 0 29339.22485795 0 112
0.01050000 0.01054430 84807.14326944 0 -2146.53625097 0 -4773.35673559 0 -3988.61678640 0 16795.38807091 0 105
0.01150000 0.01145670 88972.44114297 0 4788.88013499 0 8271.71312367 0 -15773.52321340 0 21537.88623723 0 144
0.01250000 0.01249090 83059.70896656 0 11370.83469576 0 12021.11233236 0 -15842.50379702 0 5666.56117871 0 169
0.01350000 0.01339930 74128.10742836 0 1658.85570433 0 26726.37764725 0 -5409.99326801 0 3031.75754789 0 180
0.01450000 0.01448870 77989.24853911 0 -302.92884195 0 21687.25189903 0 6869.24817284 0 -3842.61711134 0 267
0.01550000 0.01550050 75648.33762596 0 3215.36991036 0 27917.31690474 0 5601.74378922 0 4420.89141964 0 238
0.01650000 0.01653350 77630.39449174 0 1815.21907542 0 33610.92777299 0 10387.14721422 0 8399.42131813 0 315
0.01750000 0.01747870 80066.19522860 0 3790.30037657 0 38563.68938762 0 25969.14135290 0 18457.89764243 0 297
0.01850000 0.01844180 73230.69550180 0 4404.17220916 0 35031.28560072 0 2093.92056343 0 19861.20408994 0 388
0.01950000 0.01947590 79436.40139291 0 -726.30243327 0 48980.20040725 0 23428.48570001 0 41826.59278842 0 399
0.02050000 0.02045430 75976.41061033 0 3195.98226960 0 40010.17790192 0 19861.31481319 0 32011.19828319 0 462
0.02150000 0.02154770 73634.50318794 0 6349.33608865 0 40452.51727843 0 7059.34891765 0 38510.76367498 0 571
0.02250000 0.02255340 65990.61302614 0 2780.51542543 0 34335.94360211 0 10653.59163865 0 27525.35660616 0 510
0.02350000 0.02348930 60109.43697547 0 4140.56229988 0 29057.76636106 0 7704.07931951 0 32576.88335817 0 555
0.02450000 0.02439640 56755.29761815 0 3461.00943646 0 21690.68431973 0 6083.73316090 0 15203.51993173 0 592
0.02550000 0.02547300 52800.81680918 0 2091.59537522 0 21074.39872032 0 3552.07930810 0 10387.86691533 0 837
0.02650000 0.02652900 49291.88635090 0 3403.00152674 0 11679.30966520 0 5906.95242285 0 10099.65430030 0 723
0.02750000 0.02749970 54055.42193438 0 -3029.28841946 0 16831.70529631 0 2682.73572496 0 10949.70989360 0 826
0.02850000 0.02848090 54876.65626617 0 -2101.79298637 0 16016.56074316 0 -3830.62578356 0 11479.23275573 0 831
0.02950000 0.02946900 60351.69944250 0 -1031.76351590 0 23420.51362615 0 28.43040844 0 9942.63766205 0 996
0.03050000 0.03053250 59435.79673350 0 -217.08953656 0 29773.59216059 0 -2165.72458988 0 8314.40800817 0 1041
0.03150000 0.03150510 58850.29219709 0 5767.56292571 0 29049.68356395 0 3731.62812735 0 12784.54912860 0 1036
0.03250000 0.03246190 55154.35017263 0 2580.70425176 0 28526.73766276 0 7171.67765294 0 8006.09912359 0 1059
0.03350000 0.03345080 50397.12581430 0 3712.53943937 0 21205.82721592 0 11114.51037621 0 11918.80405103 0 1302
0.03450000 0.03451200 49036.33709408 0 464.28029537 0 17712.95162863 0 9640.18603730 0 8167.91007849 0 1339
0.03550000 0.03553350 48014.36151332 0 323.69498714 0 12480.72453558 0 4381.41858166 0 4062.93423058 0 1365
0.03650000 0.03647120 44701.85409733 0 2280.47816430 0 12155.97324865 0 2689.30161358 0 2229.24651736 0 1308
0.03750000 0.03744890 45673.33987692 0 207.60055419 0 13497.05323068 0 -3388.98396352 0 6554.06337455 0 1579
0.03850000 0.03847530 44269.14764342 0 5.57477161 0 16814.65391609 0 -3924.10942200 0 2717.15958282 0 1662
0.03950000 0.03950240 44982.53753148 0 2834.49300892 0 18999.88794230 0 -3500.69264861 0 2548.06303819 0 1683
0.04050000 0.04050350 44089.44381161 0 1155.36387785 0 19769.08234745 0 -3827.62518353 0 -91.68527145 0 1822
0.04150000 0.04152450 42176.81042244 0 114.98387878 0 15906.94472746 0 3148.81416588 0 1038.01495049 0 1887
0.04250000 0.04250150 43987.24625353 0 -951.95419861 0 16517.02982497 0 2346.90104089 0 -8342.83066598 0 1920
0.04350000 0.04349210 45244.73018319 0 -2039.74367809 0 15633.45830444 0 -440.08615840 0 -10147.81891326 0 2005
0.04450000 0.04448520 45319.13620597 0 -323.37056803 0 12736.16306914 0 1925.78731106 0 -10123.19406287 0 2151
0.04550000 0.04548030 43602.04007309 0 1467.22697869 0 8712.55773632 0 -1656.63016704 0 -6524.20131452 0 2274
0.04650000 0.04648670 44214.00746582 0 1036.30649077 0 10611.38393645 0 1838.58168079 0 -7422.07827871 0 2311
0.04750000 0.04749250 43815.73594209 0 625.38040701 0 12059.97619247 0 -890.51829712 0 -8177.28833761 0 2568
0.04850000 0.04851840 41601.16025511 0 2452.01062039 0 12905.79108537 0 1681.84185065 0 -5824.12036088 0 2493
0.04950000 0.04949480 40643.95777454 0 1584.43860922 0 11865.10327566 0 1870.33710837 0 379.86156925 0 2644
0.05050000 0.05050630 38651.82509317 0 906.41372663 0 11250.69997147 0 1707.93932025 0 -2862.22918259 0 2829
0.05150000 0.05149060 38014.50207661 0 1635.74776243 0 11407.48409091 0 1775.90124999 0 -1083.74365199 0 2784
0.05250000 0.05249300 37027.07214928 0 777.92382604 0 12411.41178221 0 -377.93609196 0 -1217.96680238 0 3055
0.05350000 0.05348950 34948.13244133 0 1484.17870799 0 9281.73059362 0 -976.56244052 0 -864.43079261 0 3009
0.05450000 0.05448610 35766.59869193 0 -387.23573758 0 11318.68404586 0 -1269.61919765 0 -2602.26206818 0 3336
0.05550000 0.05550870 35521.01452745 0 -651.91080451 0 8880.59133777 0 1197.02903614 0 -4240.80005646 0 3349
0.05650000 0.05647670 36041.96741017 0 8.32931136 0 9355.56085552 0 2088.91587261 0 -4282.40985313 0 3324
0.05750000 0.05747970 35451.14815785 0 928.38564800 0 8720.98377551 0 1440.11085521 0 -5090.09165935 0 3639
0.05850000 0.05849280 34815.48599001 0 1226.60321573 0 8493.35892189 0 1504.64036426 0 -3511.04527232 0 3846
0.05950000 0.05951020 33308.32113569 0 983.71516235 0 8834.37545398 0 748.00640438 0 -3186.99154185 0 3787
0.06050000 0.06049470 33312.97151212 0 537.93340006 0 9658.66574743 0 1158.12088673 0 -431.62690224 0 3930
0.06150000 0.06148310 32356.65481753 0 876.40994084 0 8648.55969887 0 422.96059361 0 -292.10342997 0 4083
0.06250000 0.06249100 32077.63223210 0 790.18531854 0 9592.32037711 0 60.40418226 0 2725.17594599 0 4303
0.06350000 0.06350600 32143.84473452 0 562.93138780 0 10012.40438073 0 -94.19127072 0 897.38978190 0 4470
0.06450000 0.06451750 31114.33997288 0 67.49279533 0 10117.42538164 0 2204.22306327 0 3604.56212774 0 4479
0.06550000 0.06550280 30467.49475697 0 538.46708612 0 9485.91533561 0 1145.03339880 0 1229.88062388 0 4636
0.06650000 0.06648880 30246.93404659 0 447.79249648 0 8030.66861237 0 454.58979668 0 545.97965850 0 4653
0.06750000 0.06749660 30185.48264384 0 354.82482837 0 9039.49027124 0 -471.42415934 0 180.69591211 0 5220
0.06850000 0.06852730 28610.00154540 0 1231.04321799 0 8177.53192876 0 -737.89737182 0 -472.57678835 0 5029
0.06950000 0.06949320 28953.13289153 0 1227.35613382 0 9711.59146006 0 -710.43136287 0 -2172.34584012 0 5040
0.07050000 0.07048030 27649.92026037 0 409.33056176 0 8763.34649027 0 -877.44631044 0 -1037.79571846 0 5475
0.07150000 0.07148790 27184.77189474 0 169.42982161 0 8632.36088766 0 961.73991928 0 -1727.83628795 0 5509
0.07250000 0.07249820 27914.99171653 0 -832.52145972 0 8633.12487807 0 1550.22512553 0 -2475.11856229 0 5916
0.07350000 0.07351270 27869.48446153 0 -99.89495741 0 7823.81544010 0 1240.95294870 0 -2383.59472533 0 5721
0.07450000 0.07449140 28546.11423119 0 1036.59990738 0 8105.26286467 0 526.13362350 0 -680.25927774 0 6028
0.07550000 0.07549160 27431.02039871 0 627.60151537 0 7844.17744545 0 -35.03394296 0 -84.34133056 0 6183
0.07650000 0.07648840 26879.84006923 0 717.56304729 0 7521.18665816 0 184.70852262 0 1526.20925300 0 6330
0.07750000 0.07749960 26868.98919091 0 -21.71980453 0 7504.00241004 0 558.13042776 0 -1025.59069481 0 6583
0.07850000 0.07848650 26260.01132589 0 533.64508866 0 8692.67184095 0 -831.48509012 0 493.90097872 0 6549
0.07950000 0.07947320 25515.06531209 0 1511.91488166 0 8213.53912907 0 78.87071632 0 -252.33606815 0 6828
0.08050000 0.08048110 25191.97487388 0 676.96858281 0 8476.00858890 0 1053.89044982 0 1861.32423596 0 7147
0.08150000 0.08149960 24078.87405986 0 40.88599880 0 8410.11718390 0 158.78599576 0 1458.43555279 0 7386
0.08250000 0.08250610 24273.08263718 0 571.59326751 0 8821.73085903 0 2147.39989230 0 2055.24493284 0 7227
0.08350000 0.08350160 23868.94278130 0 -68.16898221 0 7911.45289104 0 1269.10987071 0 2376.27591863 0 7798
0.08450000 0.08449610 23774.60657385 0 391.64695179 0 8067.37336914 0 1273.02947370 0 901.03700570 0 7371
0.08550000 0.08548940 23699.09331858 0 187.84863394 0 6960.70557584 0 -115.92059746 0 2906.48526489 0 8256
0.08650000 0.08650700 23063.98476698 0 747.50704253 0 6827.88196732 0 -82.00008748 0 1664.81261508 0 8037
0.08750000 0.08749060 22617.21646055 0 667.28583475 0 7228.78870435 0 -723.18225213 0 1751.35390586 0 8155
0.08850000 0.08849210 21837.94623982 0 766.31338623 0 7585.74938418 0 -407.16481502 0 598.64849320 0 8718
0.08950000 0.08949900 21155.66958449 0 997.21011184 0 7326.18087345 0 1115.71388268 0 399.73417784 0 8571
0.09050000 0.09049190 20627.29824415 0 356.58864971 0 6963.37400612 0 755.50458275 0 977.89222673 0 8932
0.09150000 0.09150830 20186.84116286 0 338.92496993 0 6364.70447550 0 958.58430671 0 807.01303780 0 9285
0.09250000 0.09250820 19999.16525718 0 183.30012291 0 6137.84361229 0 630.42717266 0 584.98524438 0 9204
0.09350000 0.09350330 19381.44025555 0 521.18540154 0 5552.60481168 0 -85.83487646 0 -80.30391804 0 9349
0.09450000 0.09448040 19117.80820162 0 586.70256196 0 5842.21253964 0 347.15724343 0 586.76567421 0 9564
0.09550000 0.09549270 19111.05408348 0 -193.66381894 0 5354.98595832 0 108.38942356 0 -148.92387604 0 10155
0.09650000 0.09649430 19037.20167694 0 -123.46970852 0 4650.86360612 0 435.82442058 0 183.98217812 0 9913
0.09750000 0.09749140 18977.52184617 0 422.32725663 0 4645.33851604 0 205.71825897 0 -1333.42900558 0 10476
0.09850000 0.09850240 18618.22490580 0 512.54677371 0 4853.57572890 0 -226.68702771 0 -400.61553489 0 10575
0.09950000 0.09950330 17634.00595267 0 1056.93423191 0 5156.11593225 0 117.38989496 0 -397.66697479 0 10882
0.10050000 0.10051200 17106.18822857 0 535.99242152 0 4864.85842789 0 197.88126746 0 724.87853230 0 10875
0.10150000 0.10150300 16585.67823884 0 88.38095755 0 5010.38199298 0 1049.42608845 0 254.72326138 0 11118
0.10250000 0.10250800 17001.22258929 0 131.91567789 0 5288.35270756 0 890.13298022 0 967.66693476 0 11575
0.10350000 0.10349800 16267.12745381 0 217.00649412 0 4850.46440563 0 203.12069157 0 490.87159065 0 11364
0.10450000 0.10450100 16300.23370502 0 189.44637041 0 4667.30600848 0 34.69114378 0 1442.28103088 0 12093
0.10550000 0.10551000 16030.40114919 0 186.72811467 0 4683.20586692 0 -112.33205698 0 551.74612527 0 12067
0.10650000 0.10649700 15944.03701560 0 381.95202418 0 5117.18563819 0 -747.07854356 0 -201.59935414 0 12054
0.10750000 0.10749900 15813.38358274 0 510.55929141 0 5266.35199814 0 -885.76384084 0 -471.78400990 0 12807
0.10850000 0.10850100 15123.68846979 0 597.28438278 0 5083.00537147 0 -562.79962714 0 -627.86725117 0 12736
0.10950000 0.10950300 15172.62814549 0 146.49792968 0 5416.39307176 0 -186.02612928 0 -1025.11458485 0 12933
0.11050000 0.11050200 15154.13736304 0 -155.19191912 0 5519.81965789 0 356.71155252 0 -1455.22457859 0 13428
0.11150000 0.11150900 15207.06307567 0 -130.74533316 0 4975.85848420 0 543.37655494 0 -2587.09298318 0 13453
0.11250000 0.11250000 14820.52821625 0 260.02469051 0 4577.58696047 0 160.53210138 0 -1636.30137867 0 13668
0.11350000 0.11349100 15012.19015887 0 142.17529407 0 4705.02941914 0 223.08741491 0 -2157.33176767 0 13791
0.11450000 0.11448600 14647.68922584 0 256.38189564 0 4815.85231825 0 556.15401778 0 -1174.98403743 0 14205
0.11550000 0.11549300 14529.21535028 0 380.07526512 0 4488.90871100 0 570.14057849 0 -1210.90265914 0 14776
0.11650000 0.11649800 14232.03415214 0 -37.55511132 0 4747.76859294 0 462.74456391 0 40.53877069 0 14553
0.11750000 0.11747300 14200.36730316 0 134.08585355 0 4889.37255504 0 692.21074515 0 94.55599310 0 14568
0.11850000 0.11849100 14236.35235882 0 263.74609888 0 4818.26608506 0 302.20471190 0 630.38731229 0 16015
0.11950000 0.11950300 13999.73677745 0 139.25995094 0 4721.10643477 0 29.91266056 0 1191.99112835 0 15270
0.12050000 0.12050700 13783.71572024 0 122.50641626 0 4726.15541489 0 210.05418137 0 1765.92508533 0 15999
0.12150000 0.12150000 13812.72521126 0 -11.04444470 0 4595.28053553 0 497.88037226 0 1136.27518986 0 15670
0.12250000 0.12250700 13785.04439921 0 128.22859372 0 4662.04665419 0 300.97568385 0 390.10900587 0 16887
0.12350000 0.12352200 13460.18238904 0 128.42568111 0 3750.04140353 0 174.59395390 0 547.06806803 0 16407
0.12450000 0.12449800 13557.06523120 0 68.72104833 0 3849.28265088 0 172.50239174 0 144.75293128 0 16306
0.12550000 0.12549900 13392.86265414 0 98.03148514 0 3664.82879172 0 254.05781466 0 204.88340568 0 17523
0.12650000 0.12650100 13485.87018261 0 249.09962761 0 3666.50071277 0 407.06294963 0 446.49371278 0 17154
0.12750000 0.12750600 13054.16023794 0 191.28105464 0 3554.95811255 0 301.70535005 0 512.58331239 0 18007
0.12850000 0.12850300 13050.61709399 0 117.63348611 0 3542.77855525 0 -27.95706655 0 758.16304793 0 17496
0.12950000 0.12949900 13009.20659917 0 186.47012950 0 3890.96995382 0 -190.42294946 0 440.88447302 0 18405
0.13050000 0.13049000 12773.47680378 0 466.19912926 0 3744.39451787 0 -639.42897274 0 550.43405478 0 18100
0.13150000 0.13148800 12321.94739768 0 356.18340263 0 3678.65812542 0 -289.99968826 0 -20.32148063 0 19059
0.13250000 0.13249300 12395.79980422 0 -18.83457813 0 3952.74245398 0 226.30060357 0 382.63629385 0 18957
0.13350000 0.13349100 12225.28600201 0 -195.50846825 0 3523.80059051 0 539.64961041 0 -368.38289011 0 19468
0.13450000 0.13450700 12282.86209107 0 107.58391193 0 3036.83974498 0 909.67009736 0 -620.80310793 0 19953
0.13550000 0.13551000 11954.67838344 0 309.74496510 0 2829.36652253 0 793.45719053 0 -368.93650635 0 19956
0.13650000 0.13649900 11967.96517323 0 159.77143267 0 2687.38610138 0 173.12687086 0 -172.42599270 0 19723
0.13750000 0.13749600 11859.12422026 0 129.10552185 0 2741.07580443 0 -233.21748489 0 34.24492909 0 20946
0.13850000 0.13851100 11750.72616028 0 206.24751609 0 3099.60875438 0 -534.60838092 0 364.84196063 0 20955
0.13950000 0.13949800 11643.65677929 0 157.89910254 0 3300.39429264 0 -247.86838509 0 644.96845685 0 20506
0.14050000 0.14048300 11634.02385670 0 94.67956025 0 3105.56566513 0 -172.68951403 0 507.78456681 0 21447
0.14150000 0.14148400 11666.24432192 0 -102.98934002 0 3197.83134785 0 416.10461008 0 -30.07575590 0 21771
0.14250000 0.14249400 11400.72997277 0 251.64847678 0 3151.96977845 0 453.01863379 0 -143.33124478 0 22470
0.14350000 0.14350900 11207.62862793 0 440.07619331 0 2736.49186195 0 234.84179494 0 -58.83833409 0 22519
0.14450000 0.14449900 10758.70121816 0 238.49123320 0 2792.24101742 0 -23.48550817 0 38.10507369 0 22218
0.14550000 0.14550500 10583.90242625 0 165.31645294 0 2841.35785031 0 82.16473295 0 -24.51966331 0 23559
0.14650000 0.14650700 10636.73956028 0 236.41185060 0 3031.02677445 0 -112.83363330 0 -79.07765807 0 23044
0.14750000 0.14750500 10264.13368548 0 117.81064330 0 2763.29796034 0 -152.74825704 0 159.99509363 0 23649
0.14850000 0.14849900 10382.20895735 0 26.16556440 0 2970.09577098 0 164.83591404 0 476.15204204 0 23640
0.14950000 0.14949500 10278.31733358 0 -97.10063479 0 2885.86859608 0 314.76737164 0 208.98459479 0 24457
0.15050000 0.15050000 10452.71752179 0 125.18148993 0 2720.61414816 0 593.31716880 0 213.07471158 0 24591
0.15150000 0.15149900 10048.76589544 0 227.23289332 0 2381.05916295 0 267.65130784 0 256.06965608 0 25020
0.15250000 0.15250500 9976.07608300 0 197.72625491 0 2232.03674322 0 209.28244033 0 496.03350848 0 25297
0.15350000 0.15350100 9882.33778109 0 124.70095104 0 2407.25628347 0 -46.78134742 0 278.94397192 0 25452
0.15450000 0.15450400 9701.07275148 0 185.87776013 0 2485.78121109 0 -280.48966847 0 466.49808203 0 26061
0.15550000 0.15549900 9646.08758643 0 308.69198701 0 2651.87715569 0 -303.89213421 0 775.31629354 0 26128
0.15650000 0.15649500 9485.35064704 0 156.56599463 0 2777.65876563 0 -162.04568819 0 463.11105786 0 26331
0.15750000 0.15749700 9328.20114089 0 175.58049804 0 3191.91872639 0 -34.05570306 0 583.90015654 0 27345
0.15850000 0.15849900 9329.92842356 0 213.32051719 0 3215.44741663 0 -162.22616708 0 189.88483448 0 26980
0.15950000 0.15949700 9083.05986940 0 189.36222075 0 3197.82027552 0 270.64858617 0 776.45785023 0 27777
0.16050000 0.16050000 9029.64697448 0 -56.56551797 0 2757.38533889 0 391.65913135 0 473.96747235 0 28224
0.16150000 0.16150500 8984.61582944 0 -74.41997391 0 2642.37710100 0 351.37579919 0 242.64667670 0 28075
0.16250000 0.16249700 9036.44538192 0 172.11375314 0 2545.94822415 0 173.14680105 0 -324.31946626 0 28590
0.16350000 0.16349900 8735.35565312 0 284.86545124 0 2437.89340624 0 -98.47747838 0 -100.43927289 0 29163
0.16450000 0.16449100 8660.07491668 0 172.09382296 0 2561.09516450 0 -293.06672223 0 -36.42938806 0 28996
0.16550000 0.16550500 8458.16000129 0 128.04590037 0 2509.95209616 0 184.81481694 0 168.00924233 0 30777
0.16650000 0.16650700 8487.37986649 0 10.28872532 0 2546.70114224 0 298.74903933 0 287.28364698 0 29211
0.16750000 0.16749900 8464.02833344 0 64.72925378 0 2299.41183974 0 247.45981630 0 465.47610645 0 30922
0.16850000 0.16850800 8436.35859372 0 -29.91409996 0 2468.74090319 0 285.14225936 0 460.32304648 0 30867
0.16950000 0.16949900 8594.90321280 0 -75.18363215 0 2175.30215085 0 408.02070573 0 770.93829631 0 30852
0.17050000 0.17049200 8558.61920437 0 -111.58024613 0 2171.82544085 0 228.28919311 0 671.83323856 0 31257
0.17150000 0.17149500 8634.36497845 0 57.73032654 0 2007.14675382 0 98.63924505 0 711.12670487 0 32608
0.17250000 0.17250900 8456.15591050 0 221.31584294 0 2010.67882544 0 -110.05403687 0 286.56283863 0 32361
0.17350000 0.17350400 8210.20635930 0 432.13844365 0 2005.00979513 0 -133.23771347 0 806.72405012 0 32508
0.17450000 0.17449800 8058.23870116 0 189.03005100 0 2052.34398373 0 -90.98317533 0 885.64204527 0 32791
0.17550000 0.17549800 7909.12770283 0 10.38653824 0 2015.37349117 0 312.01036276 0 844.09978978 0 33633
0.17650000 0.17650100 8028.83060645 0 15.13918972 0 2128.34442129 0 33.93025362 0 531.95655912 0 33984
0.17750000 0.17750300 7961.53301620 0 85.55518953 0 2185.25617086 0 -195.77309682 0 324.12237888 0 34069
0.17850000 0.17849800 7851.23051635 0 184.34202867 0 2188.82145945 0 -275.91015492 0 576.09084585 0 34536
0.17950000 0.17950400 7756.18568011 0 137.06320170 0 2301.68166633 0 -295.71743679 0 206.25748119 0 35343
0.18050000 0.18050100 7642.86043559 0 55.19155318 0 2253.95994636 0 109.99280692 0 270.00971303 0 34990
0.18150000 0.18150500 7568.78658256 0 93.45042147 0 2097.14260995 0 466.26445597 0 -27.69919211 0 36243
0.18250000 0.18250200 7533.91983170 0 -23.34821135 0 1905.95677731 0 262.11071650 0 40.78966957 0 35694
0.18350000 0.18350400 7585.73831185 0 -30.92588900 0 1663.74967190 0 403.19317211 0 -204.60438309 0 37087
0.18450000 0.18450600 7590.37761595 0 81.78030183 0 1585.84479448 0 55.67175991 0 254.93474279 0 36651
0.18550000 0.18550700 7485.02444530 0 58.93499548 0 1336.55140118 0 250.45930910 0 500.76582011 0 37818
0.18650000 0.18651000 7472.01446364 0 -23.69388933 0 1412.96151476 0 230.98751867 0 653.96139907 0 37267
0.18750000 0.18750100 7471.13974998 0 106.02570366 0 1262.10108910 0 436.87296974 0 425.20938278 0 38334
0.18850000 0.18850000 7271.73825232 0 201.45984284 0 1294.69801337 0 205.57431875 0 565.42044642 0 38223
0.18950000 0.18949500 7116.39353512 0 179.17125298 0 1074.51486926 0 42.97523577 0 575.57598275 0 39064
0.19050000 0.19050000 7003.94300426 0 146.25323130 0 1177.50852749 0 -50.32161256 0 567.66702113 0 39609
0.19150000 0.19149800 6880.90733087 0 89.50845239 0 1111.31816972 0 -82.24378935 0 457.62139922 0 39576
0.19250000 0.19250400 6814.04156129 0 69.45835444 0 1141.41274858 0 -178.59770656 0 236.78609518 0 40909
0.19350000 0.19350500 6784.10199498 0 91.70021909 0 1398.39033530 0 -202.59586337 0 212.72371888 0 40191
0.19450000 0.19450100 6756.66477408 0 87.97404961 0 1363.57894607 0 -44.32893820 0 46.20625087 0 41232
0.19550000 0.19549800 6737.62037539 0 71.08022858 0 1304.12056179 0 -10.96926362 0 299.50527911 0 40873
0.19650000 0.19649700 6764.94687305 0 19.23594991 0 1252.50138349 0 -25.42980841 0 111.50716878 0 42816
0.19750000 0.19750200 6780.35954919 0 24.10888006 0 1388.40309831 0 -45.94018291 0 1.50660017 0 41727
0.19850000 0.19849000 6743.71015404 0 191.73059102 0 1348.35449944 0 -135.91389438 0 86.86626352 0 42610
0.19950000 0.19949900 6589.30658445 0 103.79274791 0 1255.26946469 0 -15.61751416 0 94.69727597 0 43863
0.20050000 0.20050100 6512.02175721 0 71.36523022 0 1311.68295964 0 46.03219392 0 297.08265444 0 43302
0.20150000 0.20150100 6537.38845337 0 20.07002814 0 1450.60741914 0 123.54610756 0 34.82877278 0 44487
0.20250000 0.20249700 6497.87132610 0 87.07276237 0 1405.10016414 0 -14.17777976 0 -5.74121079 0 43759
0.20350000 0.20349100 6442.64256990 0 135.73784442 0 1467.40413589 0 67.48770206 0 241.73431714 0 45282
0.20450000 0.20449700 6388.52104619 0 -56.69207464 0 1559.39301048 0 144.78282656 0 458.70648705 0 45483
0.20550000 0.20549900 6492.47910391 0 -88.17014049 0 1476.28414039 0 164.43841758 0 333.50285247 0 46138
0.20650000 0.20650200 6495.10324489 0 38.45230180 0 1427.20052447 0 127.47456840 0 401.56000420 0 46227
0.20750000 0.20749300 6455.38681577 0 175.35683708 0 1301.00923852 0 117.02118654 0 389.91081126 0 46236
0.20850000 0.20850300 6277.13345851 0 191.68187280 0 1284.00214759 0 85.84163058 0 463.54620023 0 48361
0.20950000 0.20950400 6127.16989117 0 168.89281385 0 970.64981906 0 94.69539367 0 291.87091115 0 46812
0.21050000 0.21050300 6034.04056712 0 20.44615501 0 1033.54283850 0 112.92110466 0 278.90300432 0 48813
0.21150000 0.21149700 6056.38451860 0 49.03821939 0 937.55685465 0 -47.00600489 0 129.73110820 0 47215
0.21250000 0.21249000 6017.57602011 0 43.01919289 0 983.67308752 0 -71.74855410 0 36.70519967 0 50004
0.21350000 0.21350300 5965.14856210 0 185.69838846 0 985.81447514 0 -13.48742031 0 70.69236504 0 49509
0.21450000 0.21449800 5871.78671923 0 93.78535930 0 1050.95406928 0 -56.97918003 0 329.66297022 0 49660
0.21550000 0.21550100 5806.13890538 0 87.58518957 0 1079.88826849 0 67.61603031 0 18.46553755 0 50841
0.21650000 0.21649800 5773.44233019 0 41.33952122 0 1055.65537839 0 16.75209528 0 249.98541359 0 50424
0.21750000 0.21750300 5735.80749813 0 75.40961830 0 1075.45712410 0 33.61513526 0 39.65287398 0 52231
0.21850000 0.21850300 5724.70195634 0 -0.47813510 0 1047.59915486 0 -62.00535115 0 96.05230708 0 51078
0.21950000 0.21950100 5689.73555456 0 28.28392158 0 1182.01496369 0 -47.47613580 0 239.14117867 0 52791
0.22050000 0.22050700 5676.65913895 0 95.74294632 0 1106.98446179 0 47.33762102 0 132.60437649 0 52969
0.22150000 0.22150000 5603.06139588 0 111.04545284 0 1169.90184034 0 84.96879921 0 171.22907439 0 52704
0.22250000 0.22250100 5475.10961027 0 128.94940207 0 1087.33440693 0 135.65701645 0 490.95463309 0 54051
0.22350000 0.22349900 5406.50548570 0 96.44891775 0 1082.22342180 0 142.28158838 0 225.68276785 0 53938
0.22450000 0.22449800 5379.30078362 0 62.26776525 0 999.96490625 0 114.06819751 0 326.55053971 0 54735
0.22550000 0.22549100 5337.97886739 0 48.76882973 0 1129.98610937 0 -9.13630668 0 367.19261519 0 54774
0.22650000 0.22649900 5302.00488406 0 25.66188434 0 988.30353376 0 -61.65015097 0 384.47983593 0 56911
0.22750000 0.22749800 5319.33307240 0 51.56237728 0 1048.14834217 0 -33.54604395 0 415.58088912 0 54879
0.22850000 0.22849100 5329.65247913 0 32.95201372 0 1066.21062564 0 -32.04386164 0 304.58194004 0 57210
0.22950000 0.22949800 5304.48508482 0 97.49680257 0 1022.25571058 0 -18.69307382 0 264.26206921 0 57375
0.23050000 0.23049600 5196.49670086 0 102.16865931 0 1019.23960930 0 -19.49958196 0 201.17749856 0 57604
0.23150000 0.23150100 5204.66807658 0 29.34996501 0 1006.56069015 0 97.90503919 0 178.65085372 0 58629
0.23250000 0.23250200 5127.08429657 0 35.17533655 0 1001.77633859 0 18.21862470 0 155.59163005 0 58560
0.23350000 0.23350400 5117.11920424 0 103.98518492 0 931.31538515 0 110.88379690 0 147.30067322 0 59305
0.23450000 0.23449700 5029.47068097 0 -3.59880452 0 952.67611419 0 132.96533428 0 220.62603710 0 59196
0.23550000 0.23549300 5056.45393656 0 49.18603493 0 857.96676938 0 137.25807461 0 266.67029986 0 60063
0.23650000 0.23649900 5071.04726067 0 58.41492839 0 866.07835455 0 71.34884318 0 400.93995401 0 61537
0.23750000 0.23750400 4952.92769950 0 107.50131239 0 870.06771318 0 62.25038170 0 387.05636592 0 61224
0.23850000 0.23850100 4970.44411736 0 28.67975719 0 797.03908761 0 38.33604239 0 485.87022153 0 61221
0.23950000 0.23949400 4939.81806692 0 -14.66064385 0 802.21982839 0 17.84083698 0 445.68543307 0 62332
0.24050000 0.24050100 4967.23314317 0 39.76027553 0 771.02355321 0 20.28317039 0 253.14988403 0 63447
0.24150000 0.24150500 4941.54534959 0 45.88360333 0 733.36657650 0 -27.53388230 0 315.92000066 0 63342
0.24250000 0.24250300 4884.00247750 0 109.85384924 0 646.78874705 0 -74.57996900 0 276.97088364 0 63379
0.24350000 0.24349600 4828.65192574 0 72.17948898 0 641.50614088 0 8.29200870 0 287.20835517 0 64266
0.24450000 0.24449500 4751.77677452 0 68.80121196 0 670.57099353 0 -55.29917618 0 118.55248907 0 64695
0.24550000 0.24549600 4736.71841277 0 99.04249912 0 753.66325513 0 48.31730032 0 153.45245689 0 65947
0.24650000 0.24650000 4657.42949474 0 102.17629921 0 752.67117482 0 -25.83704852 0 32.93463017 0 66018
0.24750000 0.24750000 4635.68344880 0 60.30165253 0 743.53650685 0 -32.52229680 0 146.53889728 0 66303
0.24850000 0.24849600 4598.90118575 0 56.40651939 0 757.31380062 0 22.28571106 0 151.57680507 0 66958
0.24950000 0.24949200 4642.57043483 0 44.59522761 0 723.56756904 0 102.53913930 0 285.19319205 0 66975
0.25050000 0.25048900 4552.35313221 0 -10.48502657 0 773.15608297 0 169.82510360 0 322.85902662 0 68676
0.25150000 0.25150000 4575.31713389 0 19.23672497 0 566.46124495 0 239.14228590 0 315.57232966 0 69349
0.25250000 0.25249900 4586.24551848 0 -14.38715742 0 464.34340762 0 176.61022425 0 438.48399300 0 68592
0.25350000 0.25349900 4546.78375283 0 81.67024293 0 495.94160818 0 48.06518348 0 252.38478638 0 70437
0.25450000 0.25450100 4458.80305982 0 146.53446835 0 412.86041891 0 -132.86125443 0 376.04161719 0 70099
0.25550000 0.25550100 4365.03154093 0 131.63444084 0 511.61116227 0 -115.95049273 0 385.93141772 0 71064
0.25650000 0.25650300 4314.61924603 0 70.60954405 0 486.37733401 0 -76.94612482 0 410.35475180 0 71409
0.25750000 0.25750600 4321.09655605 0 -15.38720980 0 442.32166079 0 31.84799222 0 168.76437489 0 72612
0.25850000 0.25850600 4295.10980970 0 15.89111130 0 572.65731792 0 -72.15767650 0 122.12552828 0 71845
0.25950000 0.25949600 4358.10026559 0 37.69030441 0 561.99356189 0 -37.37828629 0 114.91523036 0 72816
0.26050000 0.26049800 4282.40985313 0 62.92822943 0 631.28084891 0 -50.49179419 0 64.16367943 0 73743
0.26150000 0.26149900 4293.38252703 0 74.95875324 0 653.06232629 0 16.04612385 0 181.96147884 0 74662
0.26250000 0.26250300 4242.18409707 0 57.99573017 0 662.97870040 0 55.93716354 0 161.93164324 0 74931
0.26350000 0.26350100 4295.32018387 0 55.13895964 0 629.00991509 0 135.97700663 0 314.08088750 0 75087
0.26450000 0.26450200 4167.75592964 0 57.01439002 0 542.69560696 0 103.35561253 0 269.82037627 0 76678
0.26550000 0.26550600 4176.07124558 0 82.28674997 0 492.44828970 0 108.98057498 0 213.95717587 0 76035
0.26650000 0.26650100 4044.64274998 0 85.54611023 0 394.48478864 0 104.68617380 0 194.84412876 0 77094
0.26750000 0.26750600 4080.17384032 0 36.43038456 0 430.32368961 0 -44.14569122 0 131.48164276 0 78463
0.26850000 0.26850100 3967.02575300 0 47.41988839 0 435.87424604 0 -173.26306046 0 145.98528104 0 77076
0.26950000 0.26949700 4000.59704185 0 113.81131958 0 513.80680428 0 -130.28472444 0 63.21566698 0 79149
0.27050000 0.27049900 3911.89664773 0 84.10427209 0 526.83339443 0 -113.22670083 0 211.41939902 0 79648
0.27150000 0.27150200 3921.65136589 0 -14.26204015 0 572.37718811 0 52.22870979 0 207.59612526 0 80241
0.27250000 0.27250500 3976.28221655 0 -36.93893644 0 591.79472414 0 195.80631379 0 230.44276029 0 80835
0.27350000 0.27350000 3952.63173073 0 29.04780127 0 542.22281869 0 184.95100654 0 253.48316100 0 80680
0.27450000 0.27450400 3976.28221655 0 43.03270113 0 443.30820493 0 114.01505036 0 268.44519353 0 82617
0.27550000 0.27550800 3888.82192280 0 51.22345342 0 322.93542566 0 114.39593833 0 330.25423237 0 82548
0.27650000 0.27649900 3862.32584951 0 70.73886880 0 329.71611738 0 -51.76322925 0 218.14251465 0 81181
0.27750000 0.27748900 3874.52755146 0 41.20897851 0 279.09787724 0 -15.09567549 0 259.76338364 0 84096
0.27850000 0.27849800 3806.22237966 0 60.40639673 0 278.94840085 0 -78.08347402 0 262.79720064 0 85215
0.27950000 0.27950200 3821.08143956 0 48.28552275 0 311.17772394 0 -138.65872370 0 185.44483223 0 84514
0.28050000 0.28050300 3822.32153994 0 71.33666362 0 387.50479507 0 -18.51835254 0 228.03231518 0 85815
0.28150000 0.28150100 3786.41399056 0 56.59463819 0 403.08909226 0 -72.06223306 0 158.13494306 0 85485
0.28250000 0.28250000 3704.53414852 0 126.99845844 0 411.68121631 0 69.47817390 0 242.59463678 0 87220
0.28350000 0.28350400 3639.06349187 0 51.23352923 0 396.48998666 0 105.14412516 0 282.34981904 0 87147
0.28450000 0.28449700 3666.54500207 0 7.91101000 0 306.08002559 0 150.95232595 0 349.90207276 0 87102
0.28550000 0.28549800 3670.89642572 0 -14.56497896 0 275.29453366 0 104.44003602 0 306.06009540 0 88971
0.28650000 0.28649900 3684.31608340 0 28.33230764 0 235.00455811 0 97.34854415 0 289.16926389 0 89434
0.28750000 0.28750100 3665.80315631 0 44.97921583 0 99.39238458 0 40.35142695 0 302.72289670 0 89619
0.28850000 0.28849900 3617.85998984 0 43.32700352 0 148.82754682 0 21.95719518 0 400.20032271 0 90240
0.28950000 0.28950100 3618.63505258 0 36.75591091 0 95.15400937 0 -7.44328178 0 226.91733207 0 91333
0.29050000 0.29050500 3590.51134754 0 66.71363584 0 149.77090889 0 -20.68686735 0 170.21263497 0 92139
0.29150000 0.29150600 3546.08918037 0 65.49125118 0 94.45601001 0 -102.36486090 0 172.26876569 0 92370
0.29250000 0.29250200 3469.64584982 0 120.03728782 0 233.77553006 0 -119.83134258 0 223.51259218 0 91819
0.29350000 0.29349600 3430.56054321 0 76.05303110 0 183.36434239 0 -106.09756305 0 151.58012677 0 93552
0.29450000 0.29450000 3402.51434445 0 61.13827740 0 326.68672931 0 -19.61384835 0 223.13281144 0 94701
0.29550000 0.29550200 3399.46945512 0 15.78880302 0 294.88036904 0 -10.60383261 0 112.69522924 0 95020
0.29650000 0.29650300 3395.84880490 0 7.15806977 0 317.60963742 0 88.42026430 0 220.46659563 0 95151
0.29750000 0.29749800 3401.28531639 0 27.56466336 0 284.35058813 0 65.11523503 0 130.32458481 0 95802
0.29850000 0.29850000 3445.12065035 0 12.01302954 0 230.21909933 0 84.51981644 0 157.00445870 0 97399
0.29950000 0.29950700 3424.24931806 0 -16.13669547 0 159.27649975 0 51.32343651 0 151.36200197 0 97881
0.30050000 0.30050300 3431.64563104 0 58.85128871 0 122.64814202 0 53.19654170 0 59.75069365 0 97188
0.30150000 0.30149700 3394.57548755 0 79.17243717 0 64.06635370 0 6.92173099 0 127.08039364 0 98263
0.30250000 0.30249700 3331.77326118 0 83.79790086 0 79.42256099 0 -11.29122468 0 123.93474616 0 100050
0.30350000 0.30350600 3291.33713094 0 42.37589082 0 -26.70866193 0 35.15607070 0 137.06873786 0 100779
0.30450000 0.30450500 3317.48996216 0 2.80763155 0 -18.92758566 0 126.57328116 0 101.25884638 0 99982
0.30550000 0.30550300 3300.82611331 0 18.79206041 0 -55.34412982 0 -24.44237848 0 120.51893395 0 101559
0.30650000 0.30649700 3301.18042770 0 59.32784157 0 25.51251868 0 -8.66530105 0 190.30115389 0 100935
0.30750000 0.30749800 3236.69520796 0 120.45250000 0 59.02700650 0 -85.39962337 0 239.19321859 0 103762
0.30850000 0.30850200 3189.85927398 0 79.63470673 0 156.97124172 0 -36.87062020 0 345.91714305 0 102951
0.30950000 0.30950100 3144.10842783 0 37.14355301 0 167.35929687 0 75.19658677 0 321.96106108 0 104394
0.31050000 0.31050000 3159.84220139 0 27.09287160 0 142.18858086 0 74.32541626 0 312.45547022 0 103963
0.31150000 0.31149700 3149.35670979 0 21.69732771 0 156.60142607 0 48.84700034 0 355.40944712 0 105936
0.31250000 0.31250000 3172.57537494 0 -7.55630807 0 103.44983801 0 39.87288107 0 393.49049387 0 105717
0.31350000 0.31349800 3194.77538620 0 -36.01306864 0 20.75496215 0 -12.01347243 0 350.31507047 0 106776
0.31450000 0.31450400 3237.32633048 0 12.77281246 0 -6.42168266 0 4.84629014 0 289.33867046 0 108733
0.31550000 0.31549900 3273.28924149 0 44.48129339 0 21.87138466 0 -0.41430425 0 224.33083699 0 105891
0.31650000 0.31650000 3206.53419516 0 102.81495091 0 -60.29844156 0 -69.77812318 0 261.61689081 0 111072
0.31750000 0.31750600 3148.86952750 0 87.91924161 0 -1.13590980 0 -58.50594290 0 233.27395374 0 108121
0.31850000 0.31849900 3077.13193500 0 77.45412308 0 59.88500095 0 -1.33283110 0 155.92269256 0 110484
0.31950000 0.31950100 3037.29371030 0 76.24657534 0 20.87576121 0 28.56704093 0 129.22621019 0 110817
0.32050000 0.32049800 2995.01957414 0 46.64128251 0 31.97200225 0 71.86193471 0 171.27225646 0 111088
0.32150000 0.32149900 2986.16171429 0 16.93213128 0 -29.06894941 0 63.17159913 0 113.21230681 0 112635
0.32250000 0.32250100 2961.90225061 0 20.45080539 0 -51.78327016 0 17.20882868 0 147.11687263 0 113202
0.32350000 0.32350400 3011.76092927 0 44.04282932 0 -34.56436566 0 -29.92583663 0 22.51834060 0 113863
0.32450000 0.32450300 2965.05786319 0 25.10273194 0 -22.62574215 0 -117.87375555 0 101.45781605 0 114045
0.32550000 0.32549900 2933.45744815 0 108.87804526 0 -48.09784684 0 -85.10177783 0 70.32354590 0 114828
0.32650000 0.32650300 2927.29016323 0 62.85504136 0 -6.11247692 0 -75.58887924 0 96.08840286 0 116431
0.32750000 0.32750400 2889.20136585 0 32.78803259 0 11.89389132 0 -37.75053785 0 42.99505523 0 116442
0.32850000 0.32850400 2849.91675740 0 72.49582530 0 92.81021965 0 55.95831168 0 -4.83750979 0 116955
0.32950000 0.32949800 2835.12413144 0 56.00824786 0 27.15509806 0 15.70288178 0 19.99462560 0 117028
0.33050000 0.33049700 2799.26087135 0 29.76041609 0 15.73222344 0 79.65751572 0 39.64479118 0 119061
0.33150000 0.33150100 2832.64393068 0 10.66289239 0 -15.12678872 0 16.60926229 0 61.45394938 0 120060
0.33250000 0.33250400 2842.04433445 0 15.82146638 0 -26.62960553 0 40.38774418 0 99.06209713 0 119737
0.33350000 0.33350100 2832.72143695 0 13.75348827 0 -36.64839864 0 25.66177362 0 99.93083174 0 120531
0.33450000 0.33450000 2841.91146655 0 29.76650587 0 -83.26676144 0 37.19924680 0 108.00078496 0 121704
0.33550000 0.33550300 2828.32572400 0 54.96988524 0 -92.63062654 0 41.62718022 0 193.58188373 0 122761
0.33650000 0.33650300 2810.80930614 0 59.50245213 0 -148.90062416 0 44.39138611 0 59.03962895 0 122472
0.33750000 0.33749900 2728.78552388 0 100.87552249 0 -113.38060614 0 42.06653007 0 225.64512194 0 122985
0.33850000 0.33849800 2691.58251249 0 50.50563460 0 -213.10903578 0 107.03406028 0 218.53004602 0 125380
0.33950000 0.33950300 2664.49960598 0 -8.96566001 0 -263.42389423 0 91.12944074 0 291.19217764 0 125223
0.34050000 0.34050000 2692.93333612 0 11.96132178 0 -264.89429896 0 57.96539200 0 178.55452449 0 125178
0.34150000 0.34149900 2691.66001876 0 26.24207416 0 -289.28995223 0 -20.54990269 0 133.49126971 0 127059
0.34250000 0.34250300 2663.95706207 0 90.89459673 0 -249.30778731 0 -115.12228284 0 195.27041327 0 127957
0.34350000 0.34349800 2636.84093859 0 79.60569724 0 -233.30495625 0 -120.12586642 0 183.18497073 0 126732
0.34450000 0.34449700 2614.18696201 0 15.68084785 0 -132.22016682 0 -65.12143553 0 212.78461667 0 129639
0.34550000 0.34550000 2641.53560431 0 28.71640659 0 -55.33117520 0 -44.87092850 0 159.53337768 0 129826
0.34650000 0.34650400 2614.45269780 0 51.71152149 0 -29.25219638 0 -24.18107162 0 133.82011776 0 130875
0.34750000 0.34750200 2627.52911341 0 60.38303412 0 -45.64477328 0 15.54045078 0 183.14732483 0 130686
0.34850000 0.34850200 2565.60160070 0 59.52016785 0 -55.18125592 0 21.94114031 0 187.62829468 0 132211
0.34950000 0.34950400 2567.45067895 0 27.20890956 0 -85.47657603 0 41.40163696 0 249.76064540 0 132768
0.35050000 0.35050300 2556.10154601 0 42.42372327 0 -96.10412556 0 61.44630947 0 183.33333988 0 132957
0.35150000 0.35150100 2553.89815337 0 39.60581660 0 -158.40953672 0 11.85425240 0 211.20127422 0 133987
0.35250000 0.35249800 2520.40437079 0 29.47740747 0 -198.74933773 0 -2.72252966 0 162.67902517 0 134778
0.35350000 0.35349800 2525.48656789 0 36.24979495 0 -174.50316084 0 -46.61194085 0 134.97053231 0 135699
0.35450000 0.35450100 2498.81333740 0 45.17209573 0 -130.52831559 0 -28.74165149 0 70.76887480 0 137380
0.35550000 0.35550100 2482.92455128 0 60.20731633 0 -149.32469420 0 -33.03029506 0 107.70758980 0 136161
0.35650000 0.35649900 2460.99027582 0 50.11068477 0 -143.63462648 0 49.50613584 0 140.01397626 0 138792
0.35750000 0.35750000 2449.39755173 0 31.64049685 0 -165.94203929 0 89.02824566 0 103.07016800 0 138097
0.35850000 0.35849800 2459.71695846 0 21.48916801 0 -218.62637524 0 51.92942485 0 72.09777523 0 140028
0.35950000 0.35950300 2422.81289984 0 51.76156840 0 -245.74692765 0 28.72947193 0 172.16247137 0 141099
0.36050000 0.36050500 2440.36253468 0 33.29879894 0 -323.44696707 0 -18.51691313 0 189.34339779 0 140821
0.36150000 0.36150200 2425.12701573 0 -3.52634723 0 -305.73678352 0 20.84564449 0 127.65947623 0 141756
0.36250000 0.36250400 2443.27455611 0 25.86173980 0 -316.12926759 0 -14.97133328 0 128.79217506 0 142971
0.36350000 0.36349900 2432.27973756 0 50.11921046 0 -322.11385916 0 13.18392788 0 70.85667834 0 142270
0.36450000 0.36450000 2408.76211965 0 54.61092047 0 -265.57524694 0 -45.44580360 0 125.71406876 0 145311
0.36550000 0.36550300 2392.93976748 0 39.05430410 0 -275.58130688 0 -38.76653438 0 127.84992022 0 145434
0.36650000 0.36650100 2382.60928843 0 76.84381654 0 -224.61428850 0 -21.00984707 0 132.98305000 0 144547
0.36750000 0.36749600 2344.22153828 0 57.24657667 0 -175.57053295 0 -24.52896406 0 221.22062095 0 146892
0.36850000 0.36849900 2322.02152702 0 49.73267560 0 -228.40434529 0 41.25415360 0 217.60993582 0 148113
0.36950000 0.36949900 2300.85124196 0 28.26543080 0 -189.35225565 0 21.67241498 0 319.53732917 0 147387
0.37050000 0.37049800 2321.81115285 0 24.81485149 0 -211.58105496 0 38.87072495 0 208.66792630 0 149758
0.37150000 0.37150100 2297.88385891 0 41.87907561 0 -210.61776270 0 30.03168805 0 265.06259830 0 150099
0.37250000 0.37250000 2275.70599230 0 54.65631700 0 -230.65977785 0 -34.84261319 0 217.29880350 0 150468
0.37350000 0.37349800 2265.46409184 0 54.88994306 0 -256.21470354 0 -20.42799640 0 229.13511873 0 150709
0.37450000 0.37449700 2255.06717884 0 32.97936237 0 -235.72536646 0 0.23843144 0 245.24535134 0 153108
0.37550000 0.37550100 2239.94238314 0 22.80522454 0 -271.06601282 0 25.85753232 0 220.83419681 0 153189
0.37650000 0.37649900 2246.59685035 0 47.43516820 0 -293.62587463 0 41.15959594 0 204.79261261 0 153547
0.37750000 0.37749900 2219.60252245 0 45.84274645 0 -303.94528136 0 6.74880342 0 136.95469291 0 155424
0.37850000 0.37850200 2208.66306552 0 47.46096672 0 -322.96089201 0 -34.97847061 0 199.34724327 0 155313
0.37950000 0.37949900 2184.08250443 0 39.98327215 0 -274.84167558 0 -50.91531062 0 165.97636350 0 156100
0.38050000 0.38050000 2173.02125193 0 34.11626868 0 -277.17461442 0 -27.25563477 0 183.88141996 0 157557
0.38150000 0.38149800 2183.04170589 0 37.16680489 0 -233.51975936 0 -53.06533465 0 116.31477222 0 157692
0.38250000 0.38250100 2164.79451459 0 47.25867534 0 -235.72647369 0 -19.25355490 0 168.03249422 0 159703
0.38350000 0.38350500 2150.23440746 0 55.76266370 0 -198.40166673 0 51.72934794 0 192.11701516 0 160338
0.38450000 0.38450600 2109.07857611 0 51.58839724 0 -238.76029069 0 40.01471756 0 219.51769739 0 160167
0.38550000 0.38550000 2115.56695845 0 26.69415718 0 -240.54293499 0 105.44407444 0 300.37002768 0 160033
0.38650000 0.38649600 2124.13693786 0 -8.32509280 0 -315.82367143 0 75.52023083 0 254.05670743 0 162444
0.38750000 0.38750200 2128.21155339 0 21.51828822 0 -344.02709721 0 53.91369618 0 226.90404528 0 164307
0.38850000 0.38850400 2152.49316172 0 36.09035347 0 -371.53407375 0 -52.59409650 0 215.56709189 0 163882
0.38950000 0.38950500 2107.98241595 0 70.21271193 0 -341.05749969 0 -103.99503929 0 242.86037257 0 164595
0.39050000 0.39050100 2105.44685356 0 62.79569370 0 -327.97001176 0 -73.02187146 0 253.11998875 0 165006
0.39150000 0.39150100 2078.76255075 0 23.95630342 0 -319.38785279 0 -0.15068991 0 218.38167686 0 166687
0.39250000 0.39250100 2094.76206011 0 24.06625161 0 -306.85065940 0 -0.59731649 0 172.73380333 0 167256
0.39350000 0.39350100 2100.04355905 0 33.11931655 0 -288.54367754 0 34.60389386 0 145.09395889 0 167937
0.39450000 0.39449600 2071.60982892 0 29.22130460 0 -304.10140114 0 35.89913442 0 149.43431022 0 167719
0.39550000 0.39549700 2067.15875434 0 36.96395990 0 -338.06575753 0 11.96054672 0 202.12861126 0 171636
0.39650000 0.39650400 2046.91854457 0 56.93444783 0 -346.30245996 0 70.29110399 0 178.05626987 0 171093
0.39750000 0.39750000 2029.91145365 0 62.44846559 0 -378.49192267 0 20.91783605 0 172.06724938 0 170464
0.39850000 0.39849800 1986.15362597 0 38.08702580 0 -423.39352151 0 8.85233476 0 197.39519240 0 172113
0.39950000 0.39949500 1985.86574552 0 24.58133616 0 -443.89835984 0 23.73507837 0 167.79665370 0 173232
