### header ###
fiducial parameters:
Omega_m = 0.31
Omega_nu = 0
Omega_de = 0.69
Omega_k = 0
H_0 = 100
w_de = -1
zeff = 0
beta = 0
fgrowth = 0
b_1 = 2
gamma = 0.55
Lx = 3500 Ly = 3500 Lz = 3500
nx = 700 ny = 700 nz = 700
xoffset = -685.467585 yoffset = -31.7331281 zoffset = 572.489161
bins = 400 dk = 0.001
kx_ny = 0.628318531 ky_ny = 0.628318531 kz_ny = 0.628318531
############################
A(data) = 7.99185832 (not used)
A(ran) = 7.98919795 (used)
Ngal = 474708
weighted Ngal = 0
Nran = 23820508
weighted Nran = 0
SN(data) = 3487.31711
SN(ran) = 69.5888116
SN(data+ran) = 3556.90592
############################
13 columns: k_central k_mean P_0(k) sigma^{lin}_{P_0(k)} P^img_1(k) sigma^{lin}_{P_1(k)} P_2(k) sigma^{lin}_{P_2(k)} P^img_3(k) sigma^{lin}_{P_3(k)} P_4(k) sigma^{lin}_{P_4(k)} N_modes
### header ###
0.00050000 0 0 0 0 0 0 0 0 0 0 0 0
0.00150000 0.00179520 1295.98240305 0 -6683.16668194 0 1905.67996919 0 8507.13289396 0 5133.91592099 0 3
0.00250000 0.00253879 9175.14839492 0 -15557.28070969 0 -4751.26744758 0 -8623.97913777 0 -9211.96387494 0 6
0.00350000 0.00331552 18463.98742108 0 -12137.37174295 0 7808.45812558 0 -13218.36281500 0 -20527.09370454 0 7
0.00450000 0.00420575 34302.72662766 0 -10625.31292107 0 8854.01775820 0 -31110.13248945 0 -17605.32863139 0 24
0.00550000 0.00557378 45164.12365851 0 -580.33265349 0 23298.27516015 0 -37617.89140161 0 290.88768871 0 45
0.00650000 0.00659388 53907.93856779 0 -12348.29953075 0 -3183.19373444 0 -16574.49519078 0 -20178.31547275 0 40
0.00750000 0.00754703 73953.93975896 0 -25193.74644585 0 29624.89083827 0 -3341.06294170 0 -35530.86889654 0 57
0.00850000 0.00846663 81351.35997030 0 -11738.10370999 0 34354.21293806 0 -22101.91046349 0 -55393.51238871 0 75
0.00950000 0.00948925 89734.21709049 0 12162.50592029 0 20367.54150390 0 -14878.99009130 0 -40205.60443497 0 112
0.01050000 0.01054430 82606.51871174 0 16159.06156358 0 6849.50621769 0 -15230.86857403 0 -4420.45959897 0 105
0.01150000 0.01145670 71455.91255662 0 3168.23502361 0 18074.46303396 0 5048.20505457 0 -8631.64118655 0 144
0.01250000 0.01249090 73719.76008904 0 -4989.63245627 0 29723.87742215 0 8317.27574030 0 -25227.62775980 0 169
0.01350000 0.01339930 70860.66437437 0 -2582.54225768 0 34662.02356802 0 3722.52667635 0 -19245.02921379 0 180
0.01450000 0.01448870 74801.74767032 0 4039.88165031 0 47192.57356528 0 -4788.23794015 0 -3847.63287448 0 267
0.01550000 0.01550050 77637.59150287 0 2041.68133493 0 49669.56335046 0 -2418.79364593 0 10638.64400015 0 238
0.01650000 0.01653350 78111.70845161 0 5492.81425766 0 59687.80284637 0 5026.97940789 0 25049.80622321 0 315
0.01750000 0.01747870 79167.67606956 0 4636.84604290 0 54964.45980199 0 13055.82108666 0 29385.28572920 0 297
0.01850000 0.01844180 78830.19160909 0 2378.84469799 0 52339.10086424 0 23218.22225171 0 32418.43839002 0 388
0.01950000 0.01947590 75392.45619940 0 -806.48599514 0 37766.92489367 0 43560.62957827 0 17002.21909852 0 399
0.02050000 0.02045430 74536.56549092 0 929.66339428 0 35970.88308483 0 21840.16070478 0 13844.28133699 0 462
0.02150000 0.02154770 66516.21628528 0 7867.49576151 0 16589.99644552 0 13773.52918140 0 8602.12236858 0 571
0.02250000 0.02255340 58874.98348144 0 -705.15207840 0 10877.93908413 0 9458.81028445 0 13026.25797939 0 510
0.02350000 0.02348930 60580.23222676 0 -4004.05160719 0 -3612.63385253 0 3395.15124844 0 3096.80745620 0 555
0.02450000 0.02439640 64066.02152616 0 -660.05782111 0 8034.32247956 0 -4049.40384965 0 -575.52947898 0 592
0.02550000 0.02547300 65478.18583353 0 4072.32356202 0 10102.44452616 0 -20858.37766311 0 -7489.11013316 0 837
0.02650000 0.02652900 60646.88762216 0 6236.21014598 0 17998.94977870 0 -13445.56692027 0 2295.96834672 0 723
0.02750000 0.02749970 60585.98983566 0 2872.92504837 0 25510.74710541 0 -4108.50791953 0 5947.73179516 0 826
0.02850000 0.02848090 57910.36254324 0 -762.49343417 0 30191.12952950 0 4410.87096568 0 1870.20424047 0 831
0.02950000 0.02946900 62196.90237353 0 570.89460381 0 30004.67157955 0 12059.75474597 0 -3431.60134174 0 996
0.03050000 0.03053250 58683.98587831 0 1190.23062871 0 30884.47850964 0 6986.92484101 0 8004.47149184 0 1041
0.03150000 0.03150510 58504.39276976 0 3845.52913276 0 30333.85179641 0 8281.14674441 0 12867.92373449 0 1036
0.03250000 0.03246190 53133.20800023 0 4544.70215576 0 25460.81092048 0 3875.69014557 0 19158.66508020 0 1059
0.03350000 0.03345080 53974.92613294 0 858.44952275 0 30750.39265609 0 3100.61633594 0 20662.06534408 0 1302
0.03450000 0.03451200 52916.74405003 0 -979.30284091 0 29722.54874317 0 4244.33212808 0 16297.57634706 0 1339
0.03550000 0.03553350 52894.04578415 0 2701.08256718 0 30820.03757920 0 -2969.43143149 0 10929.42539454 0 1365
0.03650000 0.03647120 48786.43472293 0 4137.36239801 0 26020.51694006 0 2293.43278434 0 11867.09629413 0 1308
0.03750000 0.03744890 47665.36183504 0 1850.08582627 0 29545.05937633 0 3679.26710329 0 9749.25950909 0 1579
0.03850000 0.03847530 45431.29885638 0 257.18353196 0 25523.36955570 0 4003.24332748 0 3228.51275992 0 1662
0.03950000 0.03950240 44920.31106600 0 1089.50015367 0 22831.24449930 0 5605.09870364 0 -2932.42772194 0 1683
0.04050000 0.04050350 43600.37922437 0 -344.74901279 0 16698.50522875 0 1568.98164378 0 -3375.04390657 0 1822
0.04150000 0.04152450 45481.67793431 0 227.57059923 0 16214.31246443 0 37.43851974 0 -4325.90194502 0 1887
0.04250000 0.04250150 43696.48700379 0 699.42104307 0 18048.00017764 0 -3721.00976785 0 -1594.38155691 0 1920
0.04350000 0.04349210 44293.17458827 0 1607.57976809 0 20207.10351728 0 906.94409099 0 -3593.46765827 0 2005
0.04450000 0.04448520 42694.55233096 0 1213.48251082 0 20627.07679765 0 2323.09554253 0 -2977.35921606 0 2151
0.04550000 0.04548030 42881.56389714 0 416.54307414 0 18844.76467159 0 2671.99556989 0 -2803.71194593 0 2274
0.04650000 0.04648670 40909.36140045 0 465.18933323 0 17603.99995241 0 5726.68390248 0 -1577.15301949 0 2311
0.04750000 0.04749250 41882.50802876 0 471.25586000 0 15083.71737719 0 5041.01911576 0 1337.37075322 0 2568
0.04850000 0.04851840 39001.04621795 0 -572.45690884 0 9197.10481504 0 4697.86562498 0 -1277.33660805 0 2493
0.04950000 0.04949480 39485.01753577 0 1000.94591423 0 7400.98549993 0 3620.09659946 0 -832.83591374 0 2644
0.05050000 0.05050630 38706.30093128 0 842.57623789 0 7883.67242807 0 -3294.86920256 0 -6176.61889381 0 2829
0.05150000 0.05149060 38416.31674428 0 1293.85651668 0 6746.65539245 0 -1173.68857543 0 -4354.49068770 0 2784
0.05250000 0.05249300 36959.97386088 0 -120.29970192 0 8292.16370761 0 -3101.41354333 0 -2488.51607532 0 3055
0.05350000 0.05348950 37403.19902337 0 241.38553891 0 9353.26888428 0 71.80291922 0 -2968.98853850 0 3009
0.05450000 0.05448610 38103.19139841 0 196.09530147 0 11230.76978680 0 -178.52905814 0 -3956.29667025 0 3336
0.05550000 0.05550870 37736.25455392 0 353.28134629 0 11491.63375953 0 -1694.90719394 0 -2526.99240406 0 3349
0.05650000 0.05647670 39448.36814062 0 252.40360933 0 12644.48421965 0 1054.18608089 0 -1266.46358508 0 3324
0.05750000 0.05747970 37587.44250836 0 155.65695677 0 12121.53831846 0 -490.24711153 0 156.68779021 0 3639
0.05850000 0.05849280 37774.23262805 0 1181.50563675 0 14503.30611020 0 -755.96076253 0 895.23953642 0 3846
0.05950000 0.05951020 35765.49145945 0 1812.11882447 0 14962.36469718 0 1867.22578509 0 953.27734142 0 3787
0.06050000 0.06049470 35917.51447921 0 1269.35346186 0 15238.61920141 0 1970.82952842 0 2585.21068796 0 3930
0.06150000 0.06148310 34005.10253653 0 748.23338704 0 14273.22320047 0 2279.62559529 0 3982.80381587 0 4083
0.06250000 0.06249100 33903.01570170 0 430.31040282 0 13400.39183501 0 2104.42819968 0 1640.14347539 0 4303
0.06350000 0.06350600 33184.31109772 0 67.35439127 0 13420.54346618 0 2104.09602994 0 3755.81008476 0 4470
0.06450000 0.06451750 33195.16197605 0 423.16100269 0 13533.48117934 0 16.36113149 0 2368.51421893 0 4479
0.06550000 0.06550280 31931.92043749 0 1597.14963812 0 11641.44231432 0 289.80149364 0 3023.91834192 0 4636
0.06650000 0.06648880 31442.52368050 0 1289.16185096 0 12470.31655025 0 -224.98853308 0 3917.72069058 0 4653
0.06750000 0.06749660 30676.98314254 0 102.66846405 0 12181.77176547 0 -734.57788884 0 3018.28252859 0 5220
0.06850000 0.06852730 30587.51875801 0 76.62458451 0 11664.47274995 0 1868.10049875 0 304.84103244 0 5029
0.06950000 0.06949320 30427.30221788 0 -30.69370235 0 11120.93232460 0 547.29394346 0 2199.04121526 0 5040
0.07050000 0.07048030 29626.66241024 0 580.35258367 0 10182.56386854 0 1034.42530279 0 -1810.67942224 0 5475
0.07150000 0.07148790 29947.20621374 0 229.18051526 0 9369.15767039 0 571.09058396 0 565.21339395 0 5509
0.07250000 0.07249820 29080.02173395 0 840.47138894 0 9785.37743265 0 -120.64626569 0 -3031.64682464 0 5916
0.07350000 0.07351270 28180.72751218 0 906.15352700 0 9527.58049390 0 -7.98413163 0 -1764.30852590 0 5721
0.07450000 0.07449140 27863.39468288 0 1083.07599081 0 9556.18030890 0 -195.62694213 0 -512.86454944 0 6028
0.07550000 0.07549160 26951.81018056 0 430.88505648 0 9196.30760765 0 713.64233707 0 125.49372949 0 6183
0.07650000 0.07648840 27270.25024234 0 43.33209679 0 9417.86482727 0 1057.57089059 0 636.57009847 0 6330
0.07750000 0.07749960 26978.16231362 0 487.24097534 0 10462.09578092 0 1345.99609425 0 551.97421516 0 6583
0.07850000 0.07848650 25712.26341711 0 997.32304955 0 10069.58186610 0 1123.80775212 0 2225.64801180 0 6549
0.07950000 0.07947320 25370.57147321 0 873.49238325 0 10321.02329040 0 -407.99081045 0 1339.25304844 0 6828
0.08050000 0.08048110 25004.18824496 0 971.88770498 0 11820.14963690 0 -405.17290379 0 2254.40283935 0 7147
0.08150000 0.08149960 24133.01772823 0 885.76826977 0 13034.67294626 0 -1767.78523590 0 1083.89423561 0 7386
0.08250000 0.08250610 23686.24942179 0 645.68705073 0 12555.57345135 0 -586.84207325 0 1261.17101382 0 7227
0.08350000 0.08350160 22708.67386355 0 599.80444391 0 11536.36595180 0 410.13994870 0 -100.69891891 0 7798
0.08450000 0.08449610 22839.21657317 0 34.54000655 0 11524.85073398 0 1563.65585554 0 -1523.13114670 0 7371
0.08550000 0.08548940 22351.70211140 0 196.56366081 0 9747.33292457 0 2158.87082081 0 -2293.17812087 0 8256
0.08650000 0.08650700 21459.60490076 0 400.08959946 0 7738.70247922 0 2397.96660295 0 -1897.49752115 0 8037
0.08750000 0.08749060 20877.97567804 0 443.88396582 0 6609.00425030 0 1802.16480446 0 -1171.36338721 0 8155
0.08850000 0.08849210 20848.08040103 0 209.85487952 0 5401.25720373 0 2142.07410406 0 -1522.95398951 0 8718
0.08950000 0.08949900 20004.47997310 0 680.93801125 0 4988.85739354 0 846.63313770 0 -1289.18399561 0 8571
0.09050000 0.09049190 19672.42095179 0 642.05422096 0 4164.05777315 0 310.50120489 0 230.59555837 0 8932
0.09150000 0.09150830 19044.50941132 0 217.85684867 0 4223.62688067 0 304.53654351 0 821.33398272 0 9285
0.09250000 0.09250820 18954.71285704 0 124.91686137 0 4498.89594799 0 -120.98950776 0 349.04507482 0 9204
0.09350000 0.09350330 19115.26156691 0 -21.19076885 0 4961.56411286 0 -299.31815682 0 -809.94609665 0 9349
0.09450000 0.09448040 19190.66409893 0 401.19461748 0 5290.89934227 0 -571.10165629 0 473.46478880 0 9564
0.09550000 0.09549270 18895.91881225 0 528.90281194 0 5395.11206346 0 -1298.85013518 0 -144.08194840 0 10155
0.09650000 0.09649430 18546.36551773 0 329.19350365 0 6426.25552917 0 -557.05419779 0 755.82900186 0 9913
0.09750000 0.09749140 18486.79641020 0 65.59998141 0 6927.72112021 0 -292.84527573 0 256.46383084 0 10476
0.09850000 0.09850240 18331.89458599 0 84.37676200 0 7189.89162726 0 202.83281112 0 201.08891996 0 10575
0.09950000 0.09950330 18106.46205268 0 388.61645648 0 7494.11482398 0 577.43281162 0 209.56257015 0 10882
0.10050000 0.10051200 17776.94966608 0 524.19375219 0 7390.94290132 0 520.02612913 0 943.75292761 0 10875
0.10150000 0.10150300 17517.96798857 0 392.64013932 0 6718.87492948 0 1274.26957408 0 1053.38223011 0 11118
0.10250000 0.10250800 16897.36418249 0 132.30874542 0 6250.05055201 0 919.33291523 0 1088.84910097 0 11575
0.10350000 0.10349800 16841.11677241 0 -78.03508796 0 6126.35053913 0 1815.37408797 0 947.49758787 0 11364
0.10450000 0.10450100 16781.99055788 0 147.25195500 0 5547.95443526 0 693.68779328 0 571.07286824 0 12093
0.10550000 0.10551000 16557.55453380 0 465.18490430 0 5351.89677969 0 -94.11265722 0 1413.20510590 0 12067
0.10650000 0.10649700 16142.12090661 0 281.09864633 0 5135.68749296 0 -291.85651713 0 2224.47434537 0 12054
0.10750000 0.10749900 16244.98280417 0 27.10250452 0 5824.82898967 0 -433.51694809 0 2036.49948692 0 12807
0.10850000 0.10850100 16410.18189047 0 161.24737357 0 5944.21079586 0 127.29298228 0 2049.46517928 0 12736
0.10950000 0.10950300 16039.92334853 0 428.38160384 0 6154.88392019 0 76.99218569 0 1892.18280523 0 12933
0.11050000 0.11050200 15808.06886683 0 481.43686267 0 5807.99905595 0 176.65672802 0 1846.00013841 0 13428
0.11150000 0.11150900 15180.93238910 0 154.31166930 0 5295.35041684 0 578.33852779 0 1840.66327785 0 13453
0.11250000 0.11250000 15387.76341671 0 97.93969557 0 5118.58075111 0 1113.84265978 0 1273.90418736 0 13668
0.11350000 0.11349100 14973.87991499 0 -91.82998673 0 4306.04926662 0 779.37651505 0 710.90304391 0 13791
0.11450000 0.11448600 15018.94427700 0 220.89177290 0 3876.79737805 0 501.75236425 0 328.25014157 0 14205
0.11550000 0.11549300 14615.35803736 0 391.45650780 0 3355.77806139 0 49.89986771 0 659.93602554 0 14776
0.11650000 0.11649800 14436.98288454 0 456.21632120 0 4286.45125169 0 -314.26690256 0 831.21492539 0 14553
0.11750000 0.11747300 14018.89189938 0 372.74981502 0 3960.11662231 0 -326.85281418 0 1241.17439520 0 14568
0.11850000 0.11849100 13948.02902055 0 238.11588139 0 4713.14543323 0 -225.07268275 0 1467.70308866 0 16015
0.11950000 0.11950300 13698.01592614 0 -3.99771824 0 4823.95726001 0 394.48146694 0 1402.40958920 0 15270
0.12050000 0.12050700 13984.23552270 0 -195.04232338 0 4769.54785585 0 787.12714243 0 1427.27803075 0 15999
0.12150000 0.12150000 13855.46438506 0 -126.04623850 0 4260.28734815 0 550.81494275 0 2068.08882963 0 15670
0.12250000 0.12250700 14390.14695055 0 -90.26269915 0 4015.43395711 0 569.34780003 0 1326.46451327 0 16887
0.12350000 0.12352200 14069.93531680 0 60.43130946 0 3746.44289796 0 218.33295863 0 1638.34975877 0 16407
0.12450000 0.12449800 13886.90978755 0 217.45049435 0 3428.24642732 0 136.76314169 0 1042.33869334 0 16306
0.12550000 0.12549900 13721.15708501 0 482.65371117 0 3377.52410733 0 201.36794255 0 1621.11014902 0 17523
0.12650000 0.12650100 13310.59528074 0 319.37678046 0 3181.54395804 0 101.88731153 0 1225.52920023 0 17154
0.12750000 0.12750600 13070.21510892 0 115.54192395 0 3332.44867299 0 227.71011052 0 1286.62628858 0 18007
0.12850000 0.12850300 12994.14823742 0 222.30017262 0 3175.03343105 0 116.60597436 0 956.39087916 0 17496
0.12950000 0.12949900 12735.38800641 0 395.67395632 0 3429.42009375 0 -121.33828599 0 1108.78260734 0 18405
0.13050000 0.13049000 12407.09357553 0 475.43676985 0 3149.94354301 0 -239.87084487 0 1465.69899787 0 18100
0.13150000 0.13148800 12289.72693246 0 228.75976692 0 3544.76050139 0 -74.48175748 0 931.45489644 0 19059
0.13250000 0.13249300 12020.44799287 0 -18.49775801 0 3380.46934573 0 -84.50509025 0 1018.33167866 0 18957
0.13350000 0.13349100 12144.56875408 0 151.38857555 0 3664.13123526 0 220.85301976 0 607.04242265 0 19468
0.13450000 0.13450700 12117.22011178 0 -201.05459575 0 3278.29393230 0 -9.98683838 0 424.75431023 0 19953
0.13550000 0.13551000 12157.85554387 0 -154.45450229 0 3336.78902432 0 67.62156647 0 71.68865282 0 19956
0.13650000 0.13649900 12326.92994385 0 179.70826074 0 3407.46367364 0 -310.49899042 0 -222.79178384 0 19723
0.13750000 0.13749600 11966.85794074 0 477.75420744 0 3544.67192279 0 -381.54456262 0 -276.51913279 0 20946
0.13850000 0.13851100 11690.82488302 0 366.94016619 0 3172.48679634 0 -165.33416866 0 -443.24841437 0 20955
0.13950000 0.13949800 11382.46063682 0 318.83755825 0 3426.72951882 0 164.72186909 0 -216.28790024 0 20506
0.14050000 0.14048300 11221.24758746 0 20.99346003 0 3217.91654507 0 273.70786952 0 -813.16482147 0 21447
0.14150000 0.14148400 11235.42016322 0 16.00847795 0 3133.65615320 0 113.35956873 0 -679.64587095 0 21771
0.14250000 0.14249400 11121.26449434 0 301.20266651 0 3411.53828917 0 -241.29474584 0 -676.70395424 0 22470
0.14350000 0.14350900 10941.18420349 0 346.85386173 0 3434.33620597 0 -155.03247765 0 -584.06734865 0 22519
0.14450000 0.14449900 10748.29323283 0 148.30714755 0 3991.08591483 0 -255.65555113 0 48.05555056 0 22218
0.14550000 0.14550500 10682.16930901 0 51.27150731 0 3871.36086657 0 -150.43524838 0 -531.84583587 0 23559
0.14650000 0.14650700 10615.28139478 0 139.20458932 0 4178.48501239 0 163.84161927 0 -392.77079276 0 23044
0.14750000 0.14750500 10599.21545147 0 73.71012717 0 3826.94977172 0 428.91307543 0 -619.36481294 0 23649
0.14850000 0.14849900 10245.89756651 0 151.23356300 0 3429.06577936 0 356.22437023 0 -102.06590813 0 23640
0.14950000 0.14949500 10425.47960274 0 196.62012966 0 3383.23742694 0 388.41604741 0 -501.70696772 0 24457
0.15050000 0.15050000 10093.45379840 0 40.96073699 0 3391.64132147 0 179.57317837 0 -198.16471898 0 24591
0.15150000 0.15149900 10085.09419317 0 207.86407552 0 3275.32654925 0 204.42501143 0 -196.79175070 0 25020
0.15250000 0.15250500 9888.69329553 0 84.49501443 0 3248.67546341 0 207.03918732 0 168.38237968 0 25297
0.15350000 0.15350100 9685.05109747 0 191.20354836 0 2731.81934088 0 626.43227787 0 300.72987824 0 25452
0.15450000 0.15450400 9794.92177664 0 -31.40609573 0 2655.34279336 0 663.40830660 0 248.79513867 0 26061
0.15550000 0.15549900 9559.23627055 0 86.82728893 0 2332.27449980 0 363.75687280 0 309.78925440 0 26128
0.15650000 0.15649500 9421.58512841 0 251.57761390 0 1940.59100934 0 365.85840005 0 -103.15741791 0 26331
0.15750000 0.15749700 9290.20092211 0 175.09442298 0 1780.42983084 0 -194.03917075 0 192.52447671 0 27345
0.15850000 0.15849900 9048.00488903 0 185.61423879 0 1942.52866618 0 -460.03516603 0 -236.05421451 0 26980
0.15950000 0.15949700 8900.54366709 0 224.22454267 0 1789.68629439 0 -65.32405907 0 114.66831752 0 27777
0.16050000 0.16050000 8831.13126280 0 17.08814034 0 2062.49730559 0 -57.29396622 0 -161.80098981 0 28224
0.16150000 0.16150500 8807.73544046 0 -12.35151050 0 1989.50854039 0 281.52050191 0 -402.13022893 0 28075
0.16250000 0.16249700 8827.32238307 0 101.06541286 0 2211.81867810 0 36.70907498 0 -488.84424798 0 28590
0.16350000 0.16349900 8697.87583361 0 275.70310245 0 2086.80105857 0 -160.35162249 0 -163.46737469 0 29163
0.16450000 0.16449100 8553.32663311 0 111.39423107 0 2197.93398278 0 90.74733481 0 86.17081079 0 28996
0.16550000 0.16550500 8491.29946947 0 27.61017061 0 1919.28785639 0 172.63304518 0 142.81859614 0 30777
0.16650000 0.16650700 8556.50439033 0 27.50598004 0 2006.51563131 0 356.79459496 0 -98.50682004 0 29211
0.16750000 0.16749900 8539.16512966 0 71.79206834 0 1593.15252886 0 285.22198010 0 -144.73853726 0 30922
0.16850000 0.16850800 8330.50716845 0 145.19582428 0 1634.30836021 0 99.29727331 0 64.75826327 0 30867
0.16950000 0.16949900 8307.60960073 0 137.99327698 0 1510.13223737 0 273.85734590 0 43.05484578 0 30852
0.17050000 0.17049200 8171.86289845 0 61.25243307 0 1398.87751759 0 87.07065863 0 123.79966380 0 31257
0.17150000 0.17149500 8106.96800269 0 97.99107115 0 1395.82155594 0 -24.75661106 0 350.98162443 0 32608
0.17250000 0.17250900 8139.00023839 0 25.79375573 0 1535.70930770 0 -79.26289806 0 453.57003557 0 32361
0.17350000 0.17350400 8213.56127372 0 -62.00025788 0 1614.80999620 0 -85.29941883 0 279.09566277 0 32508
0.17450000 0.17449800 8219.56247377 0 -25.67029931 0 1610.82395927 0 -211.56223201 0 393.03652855 0 32791
0.17550000 0.17549800 8330.59574705 0 43.18727079 0 1888.06390040 0 -32.04264369 0 416.62611658 0 33633
0.17650000 0.17650100 8410.63758317 0 59.76043730 0 1985.10175511 0 -265.88305757 0 4.66752745 0 33984
0.17750000 0.17750300 8195.41373334 0 95.48285741 0 2133.59270325 0 -156.11756548 0 316.28317291 0 34069
0.17850000 0.17849800 8261.72588668 0 157.81052394 0 2319.04307164 0 -55.36439217 0 -11.75072616 0 34536
0.17950000 0.17950400 8001.18301137 0 152.40501497 0 2121.81174965 0 135.96925601 0 51.98212911 0 35343
0.18050000 0.18050100 7994.61712276 0 121.22534828 0 2312.22251955 0 245.54430411 0 51.39175275 0 34990
0.18150000 0.18150500 7914.79673314 0 40.23760345 0 2165.07132271 0 118.50377084 0 7.83623859 0 36243
0.18250000 0.18250200 7850.80976801 0 132.36742874 0 2139.71569888 0 62.24285252 0 113.16912474 0 35694
0.18350000 0.18350400 7701.94236082 0 207.77438969 0 2141.17724575 0 -65.03617863 0 246.33597533 0 37087
0.18450000 0.18450600 7544.01779194 0 167.29950631 0 2259.08643275 0 98.25891069 0 443.80645954 0 36651
0.18550000 0.18550700 7438.69783826 0 87.44977503 0 2024.80711191 0 247.14979121 0 258.72479957 0 37818
0.18650000 0.18651000 7279.30065017 0 25.60818356 0 1894.33083625 0 262.01217281 0 208.15970659 0 37267
0.18750000 0.18750100 7326.23623508 0 92.15938840 0 1647.00831677 0 220.18868027 0 75.04168495 0 38334
0.18850000 0.18850000 7228.45653461 0 29.65135369 0 1585.24688894 0 66.25103411 0 120.37942266 0 38223
0.18950000 0.18949500 7238.87559226 0 78.48694954 0 1490.33492059 0 -220.61496478 0 -84.61581350 0 39064
0.19050000 0.19050000 7155.60063730 0 82.80504550 0 1651.55904227 0 -159.48908839 0 -170.10966235 0 39609
0.19150000 0.19149800 7133.09060094 0 116.61926115 0 1714.61593212 0 -54.66462125 0 64.69913706 0 39576
0.19250000 0.19250400 7081.44927799 0 122.02255566 0 1786.43103089 0 -20.58323039 0 184.57897642 0 40909
0.19350000 0.19350500 7055.52896559 0 112.53578776 0 1783.84010688 0 350.08033719 0 328.16488467 0 40191
0.19450000 0.19450100 7015.19248627 0 -46.52026200 0 1640.37599421 0 298.30282464 0 439.19594349 0 41232
0.19550000 0.19549800 7042.62970717 0 17.24005264 0 1588.03711479 0 409.13458161 0 585.36945405 0 40873
0.19650000 0.19649700 6915.78515405 0 97.58449539 0 1389.70963264 0 136.97683756 0 357.55969260 0 42816
0.19750000 0.19750200 6828.12555846 0 130.47627566 0 1309.06989098 0 193.64278152 0 602.92905398 0 41727
0.19850000 0.19849000 6710.95821723 0 122.08677515 0 1079.89159019 0 46.30069780 0 692.29821652 0 42610
0.19950000 0.19949900 6711.94365414 0 65.81002341 0 1025.43236057 0 78.19452944 0 532.43377632 0 43863
0.20050000 0.20050100 6616.02410424 0 76.02723258 0 1018.67381350 0 144.23696095 0 749.91195148 0 43302
0.20150000 0.20150100 6566.63046322 0 47.02781737 0 1021.00675234 0 86.11910304 0 579.54541119 0 44487
0.20250000 0.20249700 6579.13111794 0 52.21398359 0 984.13923239 0 -54.18142499 0 804.92258288 0 43759
0.20350000 0.20349100 6570.32861971 0 78.66421746 0 1240.99723800 0 -165.76156039 0 586.94947480 0 45282
0.20450000 0.20449700 6425.12615204 0 131.83042099 0 1271.54578217 0 -167.48441414 0 529.59926117 0 45483
0.20550000 0.20549900 6454.13564306 0 108.17384540 0 1218.57578024 0 -222.46515026 0 371.48646276 0 46138
0.20650000 0.20650200 6308.19132963 0 72.66346030 0 1272.03296447 0 -142.79534426 0 238.56541778 0 46227
0.20750000 0.20749300 6285.98024604 0 76.39217641 0 1378.39371667 0 -125.05637266 0 257.87998119 0 46236
0.20850000 0.20850300 6234.74859911 0 94.25526876 0 1427.67663444 0 215.30246333 0 168.12439451 0 48361
0.20950000 0.20950400 6173.81759563 0 25.21611254 0 1326.39807932 0 131.10629095 0 105.67371445 0 46812
0.21050000 0.21050300 6094.61725620 0 90.06893347 0 1180.46483822 0 257.06505808 0 17.36295544 0 48813
0.21150000 0.21149700 6075.61714681 0 184.51807864 0 1334.19299600 0 -11.47524672 0 65.86759950 0 47215
0.21250000 0.21249000 5909.44369593 0 117.21273776 0 1139.50830871 0 -71.44118636 0 232.43688599 0 50004
0.21350000 0.21350300 5876.03849196 0 98.04300036 0 1267.42687734 0 47.73722122 0 375.49242988 0 49509
0.21450000 0.21449800 5819.90180513 0 22.89867496 0 1089.27206378 0 54.53828602 0 161.02924877 0 49660
0.21550000 0.21550100 5745.51792699 0 14.83115765 0 1131.03798022 0 214.90275241 0 35.91275338 0 50841
0.21650000 0.21649800 5730.69208406 0 37.78120819 0 944.83469375 0 131.43071006 0 -108.71793944 0 50424
0.21750000 0.21750300 5718.77826256 0 62.22757271 0 1045.14774214 0 -36.50833373 0 -145.07845763 0 52231
0.21850000 0.21850300 5692.42612949 0 101.21300695 0 883.47297684 0 -121.73578245 0 -37.90433244 0 51078
0.21950000 0.21950100 5594.05959580 0 121.06701403 0 1112.33682361 0 -152.09388264 0 -44.49900911 0 52791
0.22050000 0.22050700 5554.07743088 0 97.83340125 0 1090.57527641 0 -0.13113951 0 153.95292598 0 52969
0.22150000 0.22150000 5560.65439182 0 0.21980447 0 1063.88875913 0 40.83871997 0 -117.31349592 0 52704
0.22250000 0.22250100 5539.68340862 0 41.22315109 0 1051.83653356 0 99.88322074 0 -28.60656912 0 54051
0.22350000 0.22349900 5537.52430528 0 33.72884803 0 1136.70701053 0 -47.86721032 0 -119.57778634 0 53938
0.22450000 0.22449800 5516.59761137 0 97.55969338 0 1077.74023748 0 23.20836788 0 -120.77249019 0 54735
0.22550000 0.22549100 5462.42072603 0 59.13551528 0 1068.79158456 0 -5.42143098 0 54.94043286 0 54774
0.22650000 0.22649900 5366.24651266 0 25.41408571 0 1019.42230266 0 63.65003428 0 -133.15467104 0 56911
0.22750000 0.22749800 5492.30493072 0 0.44476532 0 1043.01189068 0 35.08321480 0 -0.72139186 0 54879
0.22850000 0.22849100 5480.01465017 0 23.90326699 0 1059.36903614 0 -10.56225603 0 -84.37642983 0 57210
0.22950000 0.22949800 5440.84076496 0 101.40577613 0 1047.22933921 0 4.86123778 0 106.59703562 0 57375
0.23050000 0.23049600 5421.13202678 0 109.99081390 0 1158.79629855 0 -43.75229152 0 99.72034684 0 57604
0.23150000 0.23150100 5302.45884938 0 42.05069664 0 1095.12157298 0 41.74665060 0 195.39553054 0 58629
0.23250000 0.23250200 5317.16289674 0 50.41351286 0 1179.31331643 0 109.18043045 0 92.01533745 0 58560
0.23350000 0.23350400 5249.96495741 0 89.26375401 0 1063.99505345 0 127.01174523 0 88.04236586 0 59305
0.23450000 0.23449700 5137.19332913 0 58.79714504 0 1036.64862561 0 152.60874574 0 111.14399653 0 59196
0.23550000 0.23549300 5161.37528654 0 46.49058817 0 836.42002529 0 124.21155428 0 179.33290893 0 60063
0.23650000 0.23649900 5143.69278380 0 6.44785763 0 755.75038836 0 167.33383052 0 334.08525675 0 61537
0.23750000 0.23750400 5114.30683373 0 63.86051918 0 690.34616565 0 85.82059316 0 267.39885884 0 61224
0.23850000 0.23850100 5048.63687523 0 56.14831277 0 733.24256647 0 76.23040974 0 352.51403418 0 61221
0.23950000 0.23949400 5035.84834007 0 83.36087620 0 722.41715449 0 55.04816658 0 376.74028088 0 62332
0.24050000 0.24050100 4953.78026851 0 129.92155219 0 732.09879531 0 -69.83160251 0 250.97085050 0 63447
0.24150000 0.24150500 4894.79799420 0 104.97416497 0 846.02415984 0 -135.64815859 0 391.81968005 0 63342
0.24250000 0.24250300 4816.50558541 0 63.76009319 0 877.32451487 0 -194.85741555 0 217.53796571 0 63379
0.24350000 0.24349600 4871.53503976 0 61.11336467 0 1020.35569964 0 -70.07674378 0 439.29448718 0 64266
0.24450000 0.24449500 4835.18459738 0 50.29747489 0 953.68369574 0 -99.47908089 0 170.65331350 0 64695
0.24550000 0.24549600 4823.40364377 0 49.79202326 0 1046.74880031 0 -23.69045691 0 279.94823178 0 65947
0.24650000 0.24650000 4785.77988404 0 91.74041162 0 1042.17925186 0 20.21396836 0 165.35188438 0 66018
0.24750000 0.24750000 4709.10403467 0 97.26173712 0 1054.93014112 0 116.85067274 0 316.13701822 0 66303
0.24850000 0.24849600 4691.94193120 0 4.32389785 0 911.87791893 0 213.09685623 0 252.30395841 0 66958
0.24950000 0.24949200 4644.10948798 0 -53.48076828 0 829.05471482 0 289.14933371 0 335.84243470 0 66975
0.25050000 0.25048900 4689.97105738 0 18.65343490 0 731.45327877 0 179.82452015 0 264.67063800 0 68676
0.25150000 0.25150000 4706.78991878 0 23.54397005 0 550.93673833 0 127.85434915 0 300.76530968 0 69349
0.25250000 0.25249900 4640.58848869 0 109.74810854 0 560.09687265 0 -38.37125238 0 281.03774855 0 68592
0.25350000 0.25349900 4546.55123401 0 115.68475694 0 450.03685672 0 -44.42836767 0 372.46414904 0 70437
0.25450000 0.25450100 4497.65584761 0 114.71371405 0 543.75965738 0 -61.52979480 0 363.00949088 0 70099
0.25550000 0.25550100 4481.85564009 0 60.42455534 0 580.03370072 0 -139.72831028 0 317.53766731 0 71064
0.25650000 0.25650300 4381.46287096 0 48.33014422 0 672.37356801 0 26.65994370 0 376.01393638 0 71409
0.25750000 0.25750600 4450.19986344 0 35.15817444 0 663.37730409 0 -90.27277497 0 311.46117545 0 72612
0.25850000 0.25850600 4396.72053456 0 42.53256422 0 686.36234318 0 73.39766616 0 367.21918877 0 71845
0.25950000 0.25949600 4380.58815730 0 51.69690602 0 689.49248941 0 20.85062704 0 292.24072680 0 72816
0.26050000 0.26049800 4368.16500885 0 78.90160810 0 657.12365503 0 115.61832299 0 170.33443055 0 73743
0.26150000 0.26149900 4243.26918490 0 72.17107402 0 566.61625750 0 37.20976551 0 137.00119668 0 74662
0.26250000 0.26250300 4224.97770430 0 129.39118783 0 540.70369573 0 11.73511418 0 184.01760956 0 74931
0.26350000 0.26350100 4143.37467039 0 17.96839016 0 502.82305806 0 24.33497693 0 152.95641674 0 75087
0.26450000 0.26450200 4118.59480744 0 37.43807685 0 539.57542583 0 41.22658351 0 101.85874494 0 76678
0.26550000 0.26550600 4125.89146950 0 72.77174764 0 474.65063479 0 -88.61945543 0 134.44570411 0 76035
0.26650000 0.26650100 4050.09033379 0 38.89098731 0 510.66337126 0 -17.61507228 0 149.64246992 0 77094
0.26750000 0.26750600 4074.85912441 0 70.59592509 0 542.46198091 0 -71.68588474 0 135.37910109 0 78463
0.26850000 0.26850100 4069.75478267 0 -17.70486883 0 632.10573711 0 -40.22276654 0 203.93007851 0 77076
0.26950000 0.26949700 4060.43188517 0 52.77568263 0 658.20431394 0 73.65232963 0 177.20037917 0 79149
0.27050000 0.27049900 4045.93821198 0 72.47246270 0 625.51659661 0 35.41328081 0 216.35433419 0 79648
0.27150000 0.27150200 4003.32083375 0 81.07244811 0 629.66207502 0 98.45588735 0 276.62099818 0 80241
0.27250000 0.27250500 3878.22570795 0 111.48059520 0 600.26615986 0 111.21264494 0 304.15454830 0 80835
0.27350000 0.27350000 3862.22619859 0 81.57922842 0 490.03563013 0 100.35534467 0 404.49195581 0 80680
0.27450000 0.27450400 3813.67405426 0 39.88273544 0 546.86765896 0 102.52230936 0 470.74099690 0 82617
0.27550000 0.27550800 3797.14307331 0 33.27754007 0 398.85946417 0 80.74902550 0 408.51231695 0 82548
0.27650000 0.27649900 3780.76710490 0 -11.24438875 0 349.03621696 0 96.21075205 0 513.39269933 0 81181
0.27750000 0.27748900 3798.47175228 0 8.12486088 0 280.67789799 0 44.33502798 0 389.47456166 0 84096
0.27850000 0.27849800 3790.77648654 0 54.38139118 0 244.11265251 0 8.41060437 0 379.68441205 0 85215
0.27950000 0.27950200 3759.07642058 0 30.86510194 0 262.41409820 0 -39.04854649 0 304.93736167 0 84514
0.28050000 0.28050300 3738.37117317 0 66.85735461 0 299.03249084 0 -109.84454849 0 302.08845249 0 85815
0.28150000 0.28150100 3719.70323352 0 99.77072592 0 304.78345635 0 -39.52875322 0 315.00210493 0 85485
0.28250000 0.28250000 3640.97900406 0 54.99258351 0 317.58084938 0 -32.18392655 0 266.90614038 0 87220
0.28350000 0.28350400 3659.27048466 0 35.30975457 0 317.28632554 0 66.23664008 0 285.17215463 0 87147
0.28450000 0.28449700 3673.86380878 0 -19.87504450 0 354.34761117 0 8.11076581 0 187.84309778 0 87102
0.28550000 0.28549800 3710.39140835 0 29.60817163 0 299.18861062 0 -6.57235486 0 165.65194438 0 88971
0.28650000 0.28649900 3715.03071245 0 13.32543220 0 251.15797279 0 -71.11831737 0 186.50445371 0 89434
0.28750000 0.28750100 3708.43160686 0 13.29542620 0 305.66481341 0 -12.54151160 0 116.80749067 0 89619
0.28850000 0.28849900 3734.30762996 0 -10.28583544 0 290.29642656 0 59.10096963 0 78.25719880 0 90240
0.28950000 0.28950100 3728.40608083 0 40.45318162 0 307.54489416 0 38.98908811 0 8.38816076 0 91333
0.29050000 0.29050500 3682.20126936 0 119.60878885 0 274.11643830 0 21.34711008 0 95.51596366 0 92139
0.29150000 0.29150600 3644.07925501 0 48.52966751 0 269.31769273 0 68.62449765 0 158.20580594 0 92370
0.29250000 0.29250200 3581.52061979 0 75.01477920 0 324.17884774 0 24.10101871 0 234.56166512 0 91819
0.29350000 0.29349600 3557.02863729 0 71.36932698 0 353.29906201 0 -32.39275060 0 209.48838557 0 93552
0.29450000 0.29450000 3510.49165608 0 69.10337570 0 302.34643766 0 48.38151980 0 431.83063302 0 94701
0.29550000 0.29550200 3482.10221524 0 42.61150989 0 323.97954589 0 62.34947901 0 390.53086145 0 95020
0.29650000 0.29650300 3467.94071180 0 -7.07703142 0 254.28147562 0 140.39818593 0 386.47839056 0 95151
0.29750000 0.29749800 3458.27457223 0 40.31278454 0 326.09768163 0 57.67197539 0 285.95386077 0 95802
0.29850000 0.29850000 3460.05721653 0 81.93631089 0 128.78331720 0 8.48041537 0 331.74124559 0 97399
0.29950000 0.29950700 3392.34995026 0 50.42192782 0 197.78604547 0 -24.21606016 0 380.47054712 0 97881
0.30050000 0.30050300 3372.01008957 0 56.73603177 0 84.43511316 0 3.51616069 0 377.52752318 0 97188
0.30150000 0.30149700 3374.36849476 0 22.34583378 0 183.83491620 0 -0.58607144 0 225.32513176 0 98263
0.30250000 0.30249700 3328.13046631 0 111.25250531 0 100.76269550 0 -141.45227126 0 63.50011500 0 100050
0.30350000 0.30350600 3306.21833550 0 87.89698623 0 156.38662297 0 -131.89131877 0 151.46608182 0 100779
0.30450000 0.30450500 3252.53970478 0 59.61062874 0 151.60005695 0 -42.72588701 0 219.14898897 0 99982
0.30550000 0.30550300 3217.51794138 0 -3.67486032 0 77.24684916 0 42.61660316 0 173.48893589 0 101559
0.30650000 0.30649700 3277.33064005 0 -12.04879314 0 118.26903755 0 160.89305917 0 28.19013899 0 100935
0.30750000 0.30749800 3296.68506383 0 31.12751604 0 68.15901712 0 83.79978316 0 -12.55867370 0 103762
0.30850000 0.30850200 3251.01172395 0 67.10493180 0 23.13661922 0 51.03876704 0 83.31990860 0 102951
0.30950000 0.30950100 3197.00092349 0 113.48357876 0 54.17157062 0 -86.48382542 0 177.89682840 0 104394
0.31050000 0.31050000 3155.49077774 0 63.17990337 0 109.20501101 0 18.80988685 0 124.69098595 0 103963
0.31150000 0.31149700 3108.11229984 0 24.38812409 0 108.85612205 0 -24.29212704 0 146.69612429 0 105936
0.31250000 0.31250000 3141.07461083 0 9.48845090 0 37.52377664 0 8.17045671 0 98.97872253 0 105717
0.31350000 0.31349800 3123.89036271 0 -6.05252028 0 88.72641409 0 31.75177371 0 145.16925070 0 106776
0.31450000 0.31450400 3205.18337153 0 18.31462176 0 7.05718981 0 -16.87189784 0 27.63032225 0 108733
0.31550000 0.31549900 3146.37825442 0 39.61633531 0 94.90255687 0 -27.51959900 0 106.87284723 0 105891
0.31650000 0.31650000 3126.66951624 0 84.56775961 0 60.46430499 0 -27.09076786 0 114.35054180 0 111072
0.31750000 0.31750600 3095.46770490 0 97.17194056 0 107.01424082 0 67.24422164 0 261.83169392 0 108121
0.31850000 0.31849900 3051.17840562 0 23.73496765 0 50.90767071 0 80.43523581 0 268.28243036 0 110484
0.31950000 0.31950100 3057.02459313 0 31.91564412 0 79.56074360 0 126.30311644 0 232.76019787 0 110817
0.32050000 0.32049800 3001.46366719 0 65.66730114 0 -9.33245291 0 83.68463098 0 333.78519675 0 111088
0.32150000 0.32149900 2964.05028163 0 80.78124597 0 -33.35881094 0 54.30820311 0 341.92446272 0 112635
0.32250000 0.32250100 2913.66013138 0 38.29518551 0 -150.88035584 0 63.20858069 0 420.13936524 0 113202
0.32350000 0.32350400 2900.01902720 0 34.18934602 0 -166.75142623 0 46.22806335 0 332.36018855 0 113863
0.32450000 0.32450300 2892.91059467 0 23.40080489 0 -223.10402340 0 -7.33815006 0 337.14343287 0 114045
0.32550000 0.32549900 2885.73572818 0 26.05982369 0 -218.59426550 0 37.06759686 0 216.88359132 0 114828
0.32650000 0.32650300 2864.63187708 0 30.16079136 0 -187.71908774 0 -82.46435006 0 231.69614746 0 116431
0.32750000 0.32750400 2886.21183815 0 41.81673842 0 -165.53789943 0 -56.69938238 0 188.67241491 0 116442
0.32850000 0.32850400 2845.19994702 0 78.83993525 0 -78.07926654 0 -177.78942685 0 93.03332699 0 116955
0.32950000 0.32949800 2840.35026875 0 93.77151889 0 -28.97959575 0 -154.97157986 0 139.80249486 0 117028
0.33050000 0.33049700 2787.50206239 0 46.97511311 0 64.90962195 0 -88.25351509 0 162.30035166 0 119061
0.33150000 0.33150100 2826.75345388 0 -12.43510656 0 85.51798652 0 -9.81991201 0 129.55505824 0 120060
0.33250000 0.33250400 2840.31705178 0 -15.16277378 0 21.51164483 0 77.46873855 0 44.71015834 0 119737
0.33350000 0.33350100 2877.42041225 0 15.69391320 0 21.46281587 0 53.79621881 0 -86.28396995 0 120531
0.33450000 0.33450000 2877.06609785 0 28.66779908 0 -79.08917329 0 38.21037150 0 29.80182659 0 121704
0.33550000 0.33550300 2840.15096691 0 43.74852693 0 -79.66792370 0 22.71598160 0 37.57205198 0 122761
0.33650000 0.33650300 2835.54487978 0 68.20718173 0 -158.49700808 0 56.78109613 0 -30.47635262 0 122472
0.33750000 0.33749900 2810.75394451 0 35.69750739 0 -146.22222879 0 26.85260215 0 -13.51775848 0 122985
0.33850000 0.33849800 2762.37895738 0 24.35069963 0 -187.69029970 0 22.02905457 0 -49.79789160 0 125380
0.33950000 0.33950300 2776.10864016 0 22.65740900 0 -209.01227560 0 66.31802167 0 -25.90901863 0 125223
0.34050000 0.34050000 2789.45079156 0 46.39370533 0 -220.16542839 0 -17.25145713 0 8.53377291 0 125178
0.34150000 0.34149900 2745.11720299 0 72.90871230 0 -211.95197784 0 -51.32852978 0 53.02536356 0 127059
0.34250000 0.34250300 2697.22939815 0 87.98955087 0 -182.90041198 0 28.10034243 0 124.74081141 0 127957
0.34350000 0.34349800 2685.07198550 0 28.96985210 0 -221.44096021 0 24.26046019 0 105.33877663 0 126732
0.34450000 0.34449700 2678.92684522 0 50.46101313 0 -135.24401873 0 -7.39747557 0 97.13994155 0 129639
0.34550000 0.34550000 2629.15674516 0 61.22098766 0 -140.97062513 0 6.71795593 0 82.36126672 0 129826
0.34650000 0.34650400 2650.38239184 0 33.25783133 0 -159.70832042 0 10.92340205 0 126.00969983 0 130875
0.34750000 0.34750200 2612.05000332 0 16.86912975 0 -172.72273101 0 -28.21117641 0 231.29090037 0 130686
0.34850000 0.34850200 2638.11425594 0 20.90100611 0 -143.37110515 0 8.06783841 0 164.03649219 0 132211
0.34950000 0.34950400 2631.26048688 0 62.28182710 0 -149.04788608 0 53.56214986 0 241.14526946 0 132768
0.35050000 0.35050300 2578.61158236 0 53.27703750 0 -192.08047649 0 81.81772629 0 231.55110000 0 132957
0.35150000 0.35150100 2554.05316592 0 31.11400780 0 -262.24912056 0 92.55489184 0 250.78704991 0 133987
0.35250000 0.35249800 2551.42902494 0 49.46129292 0 -317.85655027 0 40.49049535 0 282.42953978 0 134778
0.35350000 0.35349800 2531.49884026 0 43.63326403 0 -330.38820750 0 33.32492962 0 223.30221801 0 135699
0.35450000 0.35450100 2490.14370706 0 62.14242654 0 -325.04802524 0 -25.34200488 0 241.68449168 0 137380
0.35550000 0.35550100 2471.15467000 0 67.63673556 0 -355.00530727 0 -71.36489805 0 223.07080642 0 136161
0.35650000 0.35649900 2430.31993607 0 49.78360830 0 -308.68866532 0 -4.72923352 0 241.39439677 0 138792
0.35750000 0.35750000 2443.66208748 0 30.61176715 0 -313.24935591 0 -9.10613459 0 201.36572808 0 138097
0.35850000 0.35849800 2446.18657753 0 -6.86012458 0 -316.64966686 0 18.09616479 0 193.81108086 0 140028
0.35950000 0.35950300 2466.80324635 0 11.57522981 0 -315.16818980 0 1.17169556 0 185.86890227 0 141099
0.36050000 0.36050500 2502.34540901 0 22.62994963 0 -338.52525901 0 -4.90043381 0 197.91780613 0 140821
0.36150000 0.36150200 2480.27826565 0 59.16197814 0 -323.81013932 0 -20.61821894 0 228.29583651 0 141756
0.36250000 0.36250400 2439.60961659 0 66.26985706 0 -292.90617352 0 -45.65418475 0 251.31852150 0 142971
0.36350000 0.36349900 2413.24641120 0 46.14358151 0 -260.65581302 0 26.92335431 0 246.32158131 0 142270
0.36450000 0.36450000 2424.14157882 0 34.94458930 0 -271.74253186 0 42.85067211 0 268.68103405 0 145311
0.36550000 0.36550300 2373.74035625 0 47.60778575 0 -317.44576702 0 5.40910748 0 264.38607925 0 145434
0.36650000 0.36650100 2372.55561749 0 75.37064372 0 -299.81308974 0 -3.62377261 0 219.37818610 0 144547
0.36750000 0.36749600 2323.47200157 0 65.81079847 0 -295.95217008 0 -44.74237881 0 297.51668957 0 146892
0.36850000 0.36849900 2306.43169367 0 45.41911930 0 -309.81914968 0 -3.60773988 0 216.84705264 0 148113
0.36950000 0.36949900 2262.76244459 0 22.52133013 0 -248.98004650 0 -12.93657215 0 223.96766473 0 147387
0.37050000 0.37049800 2285.82609719 0 24.60015911 0 -304.06375524 0 33.27222536 0 164.74290651 0 149758
0.37150000 0.37150100 2285.74859091 0 34.78769445 0 -302.96205892 0 -5.05164855 0 148.78436475 0 150099
0.37250000 0.37250000 2287.39836731 0 38.85821323 0 -350.40364907 0 -38.61794378 0 169.74759733 0 150468
0.37350000 0.37349800 2276.73571851 0 34.96407659 0 -292.42231293 0 -21.78623848 0 168.29823001 0 150709
0.37450000 0.37449700 2274.20015613 0 46.98197795 0 -328.74286003 0 -32.31081539 0 180.92510923 0 153108
0.37550000 0.37550100 2260.71406450 0 28.25280835 0 -337.08253508 0 38.21635056 0 137.19053343 0 153189
0.37650000 0.37649900 2231.43883768 0 46.95485075 0 -326.24826525 0 29.35981938 0 117.95126183 0 153547
0.37750000 0.37749900 2209.73708103 0 62.51678184 0 -346.69220579 0 -7.75741471 0 15.99375175 0 155424
0.37850000 0.37850200 2161.90463782 0 74.49294053 0 -326.10432502 0 -13.46472204 0 107.17899701 0 155313
0.37950000 0.37949900 2153.31251376 0 62.00313669 0 -363.06706697 0 -27.62456464 0 158.35860402 0 156100
0.38050000 0.38050000 2119.88516513 0 45.74818879 0 -316.46697350 0 -26.03037131 0 117.71985024 0 157557
0.38150000 0.38149800 2135.30891360 0 28.87252637 0 -301.99101603 0 -21.34367766 0 177.79828471 0 157692
0.38250000 0.38250100 2113.58501231 0 32.31934108 0 -247.89606590 0 -5.05107279 0 153.80234236 0 159703
0.38350000 0.38350500 2130.83569437 0 28.50525735 0 -281.43856671 0 21.63532270 0 221.03460589 0 160338
0.38450000 0.38450600 2130.84676670 0 -6.39789931 0 -254.24050802 0 33.44273916 0 165.97636350 0 160167
0.38550000 0.38550000 2150.28976908 0 40.43347288 0 -286.65031000 0 13.08981312 0 182.67785825 0 160033
0.38650000 0.38649600 2158.18433668 0 37.87731597 0 -270.24223185 0 -20.48202934 0 126.18021363 0 162444
0.38750000 0.38750200 2110.70620785 0 67.78621194 0 -295.62885819 0 -29.50763492 0 177.15276817 0 164307
0.38850000 0.38850400 2103.21024395 0 39.15085477 0 -308.67759299 0 -26.45565931 0 165.06068223 0 163882
0.38950000 0.38950500 2097.53014132 0 27.08999279 0 -307.49617593 0 24.50560146 0 181.41007706 0 164595
0.39050000 0.39050100 2105.60186611 0 23.91278919 0 -341.06635755 0 62.58432302 0 158.11833457 0 165006
0.39150000 0.39150100 2086.75676927 0 31.14135645 0 -340.77294094 0 25.83948443 0 168.92603083 0 166687
0.39250000 0.39250100 2119.37583819 0 67.87589777 0 -346.07990623 0 -39.43164893 0 223.97098643 0 167256
0.39350000 0.39350100 2074.33362082 0 38.59148092 0 -352.40331093 0 -23.04505109 0 209.21822084 0 167937
0.39450000 0.39449600 2056.79505831 0 29.75189040 0 -311.70476660 0 -8.62059101 0 172.05506982 0 167719
0.39550000 0.39549700 2035.50297769 0 44.07172809 0 -338.81313945 0 9.95157303 0 156.39105190 0 171636
0.39650000 0.39650400 2041.38238216 0 40.38973720 0 -328.63988741 0 6.01626949 0 134.29179880 0 171093
0.39750000 0.39750000 2001.34485562 0 38.04063276 0 -351.55849255 0 45.03358095 0 128.13890789 0 170464
0.39850000 0.39849800 2000.54764823 0 31.55878309 0 -376.87204155 0 -18.40618989 0 91.30460492 0 172113
0.39950000 0.39949500 1993.12919060 0 32.67144101 0 -430.73115117 0 48.90745523 0 141.37476498 0 173232
