### header ###
fiducial parameters:
Omega_m = 0.31
Omega_nu = 0
Omega_de = 0.69
Omega_k = 0
H_0 = 100
w_de = -1
zeff = 0
beta = 0
fgrowth = 0
b_1 = 2
gamma = 0.55
Lx = 3500 Ly = 3500 Lz = 3500
nx = 700 ny = 700 nz = 700
xoffset = -685.467585 yoffset = -31.7331281 zoffset = 572.489161
bins = 400 dk = 0.001
kx_ny = 0.628318531 ky_ny = 0.628318531 kz_ny = 0.628318531
############################
A(data) = 8.04346082 (not used)
A(ran) = 8.04289453 (used)
Ngal = 478464
weighted Ngal = 0
Nran = 23820508
weighted Nran = 0
SN(data) = 3484.99886
SN(ran) = 70.0565283
SN(data+ran) = 3555.05539
############################
13 columns: k_central k_mean P_0(k) sigma^{lin}_{P_0(k)} P^img_1(k) sigma^{lin}_{P_1(k)} P_2(k) sigma^{lin}_{P_2(k)} P^img_3(k) sigma^{lin}_{P_3(k)} P_4(k) sigma^{lin}_{P_4(k)} N_modes
### header ###
0.00050000 0 0 0 0 0 0 0 0 0 0 0 0
0.00150000 0.00179520 111313.40309930 0 -128817.64140510 0 -11227.44808936 0 121891.90223103 0 -205181.25121433 0 3
0.00250000 0.00253879 177096.29931184 0 -105363.91080449 0 12063.85150616 0 -36387.97756075 0 149017.99080423 0 6
0.00350000 0.00331552 196403.11209811 0 -25454.94258832 0 -14109.68496290 0 -137881.44650164 0 83140.75838424 0 7
0.00450000 0.00420575 182346.79574084 0 53194.10578673 0 -834.83889730 0 -128702.48922698 0 57593.80477667 0 24
0.00550000 0.00557378 122680.25175812 0 47094.14059764 0 19538.77799122 0 -91152.24973002 0 50693.97484268 0 45
0.00650000 0.00659388 98503.71979336 0 24023.95532876 0 44545.18070114 0 -46610.16927982 0 8983.50859696 0 40
0.00750000 0.00754703 82524.80495458 0 10757.82650450 0 74264.73991662 0 4732.69915886 0 13769.98603746 0 57
0.00850000 0.00846663 74113.60268284 0 14988.38466051 0 58712.22030660 0 30189.24723428 0 -32110.29559032 0 75
0.00950000 0.00948925 67903.02496882 0 -57.85998347 0 34768.20716303 0 41677.55929636 0 -22905.65052208 0 112
0.01050000 0.01054430 63798.51415854 0 -2474.95247741 0 28052.62071403 0 18902.89437689 0 -20097.37677832 0 105
0.01150000 0.01145670 71462.66667476 0 -9043.59810375 0 23.59191321 0 2722.58502198 0 -21828.09187073 0 144
0.01250000 0.01249090 74280.90551085 0 -8276.66245286 0 5759.66835811 0 -3972.67263866 0 -38386.08929752 0 169
0.01350000 0.01339930 70276.93140993 0 -3425.77729889 0 -8136.22108486 0 -17385.54298374 0 -34252.79044272 0 180
0.01450000 0.01448870 88514.04689548 0 -1914.32745487 0 2014.85309190 0 -30848.93634698 0 -50346.30384338 0 267
0.01550000 0.01550050 76759.11325176 0 -3174.78983990 0 151.42843592 0 -15273.16485484 0 -25078.04065150 0 238
0.01650000 0.01653350 88921.06555581 0 -4154.49128450 0 1219.26226438 0 3685.55618378 0 -38891.43020225 0 315
0.01750000 0.01747870 94711.11637323 0 -1528.46800727 0 3853.35726641 0 11744.41493514 0 -24141.76486483 0 297
0.01850000 0.01844180 94649.77569373 0 -603.58010668 0 1088.69187396 0 2241.55894256 0 -34706.31286730 0 388
0.01950000 0.01947590 91868.29697604 0 3433.94867461 0 8002.45632873 0 -4251.08624622 0 592.37269950 0 399
0.02050000 0.02045430 93306.37052348 0 6424.25143838 0 28381.80093088 0 -16751.76311112 0 1548.18781777 0 462
0.02150000 0.02154770 89919.45708471 0 14910.21404729 0 44469.22455289 0 -18365.77589994 0 20903.44202512 0 571
0.02250000 0.02255340 80031.76029841 0 13856.12872455 0 62797.13310195 0 -18241.65513872 0 20405.40885478 0 510
0.02350000 0.02348930 71523.89663101 0 8023.75948168 0 64786.27625562 0 -3308.91998275 0 20442.83331267 0 555
0.02450000 0.02439640 73908.54322720 0 5078.33285040 0 80859.41657860 0 12199.59820843 0 22243.30405143 0 592
0.02550000 0.02547300 68062.02355321 0 -2429.30128219 0 67514.60781418 0 23818.67442662 0 989.40855177 0 837
0.02650000 0.02652900 67501.65319414 0 881.27290590 0 60971.41746260 0 30733.56272236 0 100.32711024 0 723
0.02750000 0.02749970 65750.34357757 0 2613.51155019 0 36729.78022790 0 22089.73090619 0 -1686.90190310 0 826
0.02850000 0.02848090 58978.95261148 0 32.61607939 0 34677.30337627 0 10484.37329845 0 -1335.79848310 0 831
0.02950000 0.02946900 60512.35887562 0 3372.61906743 0 21105.73339956 0 7055.87220766 0 -2163.45476329 0 996
0.03050000 0.03053250 54831.92407391 0 1894.65193367 0 21783.80257145 0 -527.49441222 0 5174.87245049 0 1041
0.03150000 0.03150510 58791.49815230 0 -200.27842578 0 20341.85371032 0 3403.93160202 0 5755.60481490 0 1036
0.03250000 0.03246190 54873.22384548 0 -414.94755214 0 23732.64246278 0 -1100.50161561 0 6255.88566718 0 1059
0.03350000 0.03345080 57699.43475544 0 2071.33302080 0 21999.15928918 0 6996.90100567 0 11748.84386507 0 1302
0.03450000 0.03451200 53281.90932255 0 1807.50166502 0 19402.14550296 0 9979.34241882 0 14150.65256473 0 1339
0.03550000 0.03553350 53911.48171173 0 -276.96866918 0 19104.07851884 0 9912.60951714 0 13800.32420746 0 1365
0.03650000 0.03647120 52088.42343034 0 -402.18669778 0 9150.21351943 0 9702.62287696 0 8014.35907791 0 1308
0.03750000 0.03744890 51184.25738565 0 1263.35226181 0 9256.15352329 0 2791.89777535 0 4635.07447093 0 1579
0.03850000 0.03847530 48503.53682381 0 2009.42765274 0 7004.05372751 0 -589.79395504 0 1860.58239020 0 1662
0.03950000 0.03950240 48000.96400029 0 2059.33062070 0 8588.14909466 0 -2764.71521792 0 -623.68523408 0 1683
0.04050000 0.04050350 44996.59938400 0 3185.46356103 0 8656.93037643 0 -3547.44000400 0 1381.30573810 0 1822
0.04150000 0.04152450 43797.13443640 0 3753.58454747 0 13093.13482130 0 -3593.71124941 0 2305.73413721 0 1887
0.04250000 0.04250150 39892.14691936 0 2654.13590995 0 16063.50740040 0 -1263.07545369 0 2287.28764406 0 1920
0.04350000 0.04349210 40792.99126660 0 1666.50668078 0 18568.62089061 0 -4745.16659660 0 2831.62527680 0 2005
0.04450000 0.04448520 39097.48616712 0 -577.07628276 0 21659.68181024 0 -1781.59242494 0 4961.97378888 0 2151
0.04550000 0.04548030 41098.47670835 0 -824.80515655 0 23124.43966049 0 -1319.64396119 0 980.45214823 0 2274
0.04650000 0.04648670 41991.79187472 0 94.63704252 0 23516.84285207 0 1822.53788212 0 1606.56111421 0 2311
0.04750000 0.04749250 41609.68594522 0 48.83958188 0 19505.45029352 0 4695.70652164 0 -133.26096535 0 2568
0.04850000 0.04851840 41056.18042754 0 387.78824659 0 16162.82615402 0 6313.53926252 0 -4255.16086175 0 2493
0.04950000 0.04949480 40847.68855121 0 -138.15604016 0 12558.12008606 0 3377.47981803 0 -4329.15720852 0 2644
0.05050000 0.05050630 39986.59385006 0 131.67430121 0 10672.10456575 0 4278.06950180 0 -6721.34405791 0 2829
0.05150000 0.05149060 38679.61662847 0 1969.11331807 0 7427.93553854 0 714.80603841 0 -4986.99724297 0 2784
0.05250000 0.05249300 38100.53404045 0 1724.38172261 0 7831.73215235 0 -2894.22820132 0 -4331.34952883 0 3055
0.05350000 0.05348950 36998.83772100 0 448.45794320 0 11414.68110204 0 -2368.37027871 0 -3331.76218885 0 3009
0.05450000 0.05448610 36632.78666249 0 453.46817018 0 11901.53122431 0 539.84559056 0 -560.46668830 0 3336
0.05550000 0.05550870 37669.93132825 0 -780.02313882 0 13218.03064525 0 1339.97274955 0 -4505.19610081 0 3349
0.05650000 0.05647670 36915.79528486 0 407.49477030 0 12845.33619186 0 893.06161013 0 -3171.41278083 0 3324
0.05750000 0.05747970 36968.38882774 0 2167.91691019 0 12140.69344040 0 -1227.97618401 0 -4658.38171468 0 3639
0.05850000 0.05849280 34259.21239112 0 1849.76472885 0 13335.06511858 0 -1254.62726985 0 -314.29236891 0 3846
0.05950000 0.05951020 33523.45640692 0 578.52454284 0 11020.06344550 0 95.68116275 0 -3581.97458511 0 3787
0.06050000 0.06049470 32978.58730259 0 51.80762927 0 10211.39620237 0 2798.10934957 0 -1494.60883797 0 3930
0.06150000 0.06148310 34102.64971818 0 -188.04018516 0 8551.11216814 0 1596.49637095 0 -6182.23256249 0 4083
0.06250000 0.06249100 32119.26417342 0 1195.96609296 0 9526.65041861 0 966.10905866 0 -4965.57229444 0 4303
0.06350000 0.06350600 31508.73618292 0 2654.29092250 0 11211.06104862 0 -543.14182165 0 -4875.08925603 0 4470
0.06450000 0.06451750 29070.16736486 0 1094.25903887 0 9647.07302334 0 -317.65724842 0 -3730.79770299 0 4479
0.06550000 0.06550280 28777.63654315 0 -7.52541629 0 10903.58258841 0 479.44716590 0 -3080.08824573 0 4636
0.06650000 0.06648880 29134.27612556 0 -211.10937392 0 11223.46205242 0 902.21067213 0 -4760.65677903 0 4653
0.06750000 0.06749660 28961.54785839 0 -479.94652775 0 8958.85052959 0 1364.71939552 0 -4800.83824579 0 5220
0.06850000 0.06852730 29098.40179315 0 -227.94927274 0 7858.98114373 0 -79.07721518 0 -5960.84142774 0 5029
0.06950000 0.06949320 29687.89236649 0 440.13930556 0 8538.77759829 0 -181.64923928 0 -6846.79349811 0 5040
0.07050000 0.07048030 28745.85897092 0 896.24933245 0 7633.95828644 0 -649.51364619 0 -7375.20912775 0 5475
0.07150000 0.07148790 28147.62126097 0 806.10510717 0 8533.08642334 0 -480.27316133 0 -3747.51691347 0 5509
0.07250000 0.07249820 27636.30130084 0 240.00039107 0 9195.51040026 0 606.35483128 0 -2848.72094632 0 5916
0.07350000 0.07351270 27746.47093279 0 -386.16172207 0 10193.51439779 0 2239.24482667 0 -1755.22921955 0 5721
0.07450000 0.07449140 28488.09524914 0 -347.05094912 0 9617.37704818 0 1646.95295515 0 -2099.06919447 0 6028
0.07550000 0.07549160 28044.09502392 0 603.76833620 0 9594.96666274 0 -339.61366853 0 -1331.63528896 0 6183
0.07650000 0.07648840 27713.03251184 0 731.51417656 0 9438.01645844 0 -480.39938584 0 -1055.40403662 0 6330
0.07750000 0.07749960 27120.10951780 0 160.25197157 0 8392.99936973 0 -308.15940819 0 -770.07354774 0 6583
0.07850000 0.07848650 27852.10091156 0 191.22790748 0 8706.03613700 0 962.59359553 0 -1459.99675059 0 6549
0.07950000 0.07947320 26967.31143530 0 73.33599331 0 7156.38677236 0 469.34588397 0 -4565.26346295 0 6828
0.08050000 0.08048110 26879.84006923 0 686.28040798 0 7798.08335723 0 1004.22996577 0 -3152.44588842 0 7147
0.08150000 0.08149960 25878.01611964 0 1339.77344771 0 6476.66782407 0 170.76846568 0 -4082.26650971 0 7386
0.08250000 0.08250610 24661.38906857 0 1113.44405609 0 7577.41192359 0 332.32143541 0 -2030.50935919 0 7227
0.08350000 0.08350160 23598.99950222 0 1400.52729399 0 7292.55422298 0 1096.12140391 0 -88.92150845 0 7798
0.08450000 0.08449610 22716.97810717 0 572.69385659 0 7625.85334467 0 1777.83890683 0 17.97735875 0 7371
0.08550000 0.08548940 22102.57480298 0 366.51166722 0 7603.81941828 0 1122.67837499 0 1347.96696807 0 8256
0.08650000 0.08650700 21812.47989273 0 450.43656764 0 7717.55433882 0 1050.02067229 0 484.02778668 0 8037
0.08750000 0.08749060 21534.01092354 0 584.30208193 0 6929.79164495 0 -22.58233864 0 1177.17635774 0 8155
0.08850000 0.08849210 21015.93684528 0 697.52767553 0 7016.57652688 0 -279.25067532 0 3340.79720591 0 8718
0.08950000 0.08949900 20512.14606603 0 483.43098837 0 6702.53217804 0 -240.96811226 0 2685.18270874 0 8571
0.09050000 0.09049190 20116.75334676 0 344.44452385 0 6406.18140427 0 556.40093062 0 2036.51055924 0 8932
0.09150000 0.09150830 20093.50146464 0 251.49678593 0 6426.97523028 0 861.54866646 0 1300.26739275 0 9285
0.09250000 0.09250820 19496.14954067 0 179.95074465 0 6149.53598730 0 159.02626521 0 1194.15023169 0 9204
0.09350000 0.09350330 19634.11070791 0 -20.05109446 0 6116.47402539 0 543.35994645 0 105.62698924 0 9349
0.09450000 0.09448040 19433.14801245 0 -194.72454766 0 5879.83629937 0 -499.30980939 0 -140.53216106 0 9564
0.09550000 0.09549270 19508.99343746 0 351.94602392 0 5875.21913992 0 556.06101025 0 -635.61787854 0 10155
0.09650000 0.09649430 19202.84365623 0 422.78786534 0 5212.72872905 0 -112.43170791 0 -25.48793812 0 9913
0.09750000 0.09749140 18713.11472950 0 617.82686702 0 5669.72786361 0 54.19969433 0 -832.92227788 0 10476
0.09850000 0.09850240 18288.38034945 0 476.93596263 0 5664.03668865 0 -454.82674444 0 -73.16049696 0 10575
0.09950000 0.09950330 17918.89687026 0 577.16596859 0 6553.23295019 0 96.61300961 0 107.98805179 0 10882
0.10050000 0.10051200 17492.28019499 0 774.33750003 0 6747.88442050 0 194.47652758 0 688.94551656 0 10875
0.10150000 0.10150300 17154.35284153 0 76.10086354 0 6471.33096351 0 523.02008576 0 1538.08985753 0 11118
0.10250000 0.10250800 17049.94081849 0 158.76495834 0 6766.30876900 0 1040.21059250 0 1484.45551611 0 11575
0.10350000 0.10349800 16975.97768870 0 -26.86478171 0 6629.72057004 0 945.85666933 0 2033.41030829 0 11364
0.10450000 0.10450100 16919.17666238 0 85.72703202 0 5955.52671183 0 613.25399687 0 1101.83250905 0 12093
0.10550000 0.10551000 16632.18200308 0 354.47605014 0 5415.21940533 0 442.92731695 0 1300.69921342 0 12067
0.10650000 0.10649700 16402.87415609 0 445.99435093 0 5871.17774136 0 -544.45167768 0 912.65408890 0 12054
0.10750000 0.10749900 16114.77226431 0 330.07153901 0 5373.35494519 0 -409.26744950 0 364.59504779 0 12807
0.10850000 0.10850100 15813.49430599 0 371.14986408 0 5534.12510156 0 -538.10612833 0 177.82817998 0 12736
0.10950000 0.10950300 15737.64888098 0 397.89506468 0 6102.02464150 0 -381.50138056 0 -359.06331431 0 12933
0.11050000 0.11050200 15398.50357179 0 133.08602262 0 6363.35365187 0 -208.44205087 0 -378.76098016 0 13428
0.11150000 0.11150900 14994.47443916 0 302.64871213 0 6057.08207507 0 439.75177419 0 -1010.20127055 0 13453
0.11250000 0.11250000 15344.13845693 0 176.37991990 0 5537.22535251 0 525.33973781 0 -539.34179978 0 13668
0.11350000 0.11349100 14976.09437996 0 -191.98746896 0 5372.34736363 0 483.52067420 0 -41.28305236 0 13791
0.11450000 0.11448600 15071.31637340 0 -18.57659296 0 5107.81845139 0 990.62650750 0 -207.84525257 0 14205
0.11550000 0.11549300 15136.75381308 0 13.89388535 0 4407.73749776 0 511.05422433 0 -501.16331657 0 14776
0.11650000 0.11649800 14968.12230609 0 96.86911248 0 4149.37587044 0 679.81970645 0 -470.93808428 0 14553
0.11750000 0.11747300 14698.84336650 0 403.75011005 0 4131.93695885 0 -399.10305532 0 -350.02054663 0 14568
0.11850000 0.11849100 14416.38836037 0 312.51747524 0 4021.53480808 0 193.27296587 0 10.95733873 0 16015
0.11950000 0.11950300 14121.42162721 0 70.48608763 0 4081.22571118 0 -161.28059054 0 -171.54352842 0 15270
0.12050000 0.12050700 14375.97437479 0 -97.51651131 0 4130.91830496 0 435.46124833 0 -162.44872081 0 15999
0.12150000 0.12150000 14684.89223723 0 -120.89871469 0 4560.17019353 0 135.28055740 0 -54.20345892 0 15670
0.12250000 0.12250700 14284.73841828 0 212.38822744 0 4342.79831269 0 -61.98065987 0 -88.56785839 0 16887
0.12350000 0.12352200 14423.58537151 0 442.90738677 0 4937.57038498 0 -152.86562368 0 897.35877939 0 16407
0.12450000 0.12449800 14001.06545643 0 332.54841807 0 5048.47079036 0 126.39280227 0 549.14855787 0 16306
0.12550000 0.12549900 13739.98003720 0 508.69803361 0 5284.74312967 0 -30.49539702 0 909.77306998 0 17523
0.12650000 0.12650100 13263.09500726 0 692.91494501 0 5311.63780665 0 115.54856734 0 764.14099610 0 17154
0.12750000 0.12750600 12781.78104740 0 103.04824479 0 5209.41810392 0 77.67866983 0 1373.83191885 0 18007
0.12850000 0.12850300 12693.75606509 0 -74.98898068 0 4798.40233433 0 816.32486297 0 1468.47815140 0 17496
0.12950000 0.12949900 12810.56909193 0 43.20387927 0 4428.52025144 0 498.51370924 0 724.99036278 0 18405
0.13050000 0.13049000 13079.62658502 0 -118.63774597 0 4269.77633052 0 868.47440564 0 1472.88493668 0 18100
0.13150000 0.13148800 12718.44734943 0 10.36387319 0 3691.59060081 0 675.64986892 0 1112.13752176 0 19059
0.13250000 0.13249300 12652.67774001 0 103.32903895 0 3369.00948954 0 299.79205232 0 1347.10332674 0 18957
0.13350000 0.13349100 12705.04983640 0 152.34300995 0 3561.26933769 0 309.04187248 0 980.42557465 0 19468
0.13450000 0.13450700 12452.15793755 0 316.10490848 0 3354.10614034 0 -205.77029889 0 1086.13084523 0 19953
0.13550000 0.13551000 12243.88750771 0 176.06435864 0 3347.31880522 0 -156.32240349 0 965.01289850 0 19956
0.13650000 0.13649900 12180.22164000 0 209.10639036 0 3565.10036208 0 -102.23675411 0 698.45221465 0 19723
0.13750000 0.13749600 11980.25545378 0 168.23622499 0 3344.44000077 0 392.63903209 0 388.40386785 0 20946
0.13850000 0.13851100 11802.87681018 0 40.12854105 0 3099.02192117 0 72.69103039 0 242.67546475 0 20955
0.13950000 0.13949800 11755.26581346 0 95.75268997 0 2850.28214412 0 216.79279825 0 194.10339023 0 20506
0.14050000 0.14048300 11563.05025461 0 44.20127429 0 2978.48859319 0 -177.15830433 0 -97.12466174 0 21447
0.14150000 0.14148400 11922.56864147 0 37.22094856 0 3237.70278952 0 -158.45050432 0 -500.62852328 0 21771
0.14250000 0.14249400 11651.07523692 0 393.13064331 0 3334.71849958 0 -484.49946772 0 13.94105346 0 22470
0.14350000 0.14350900 11463.17788474 0 401.64526110 0 3665.75886701 0 -267.48522297 0 40.28144986 0 22519
0.14450000 0.14449900 11153.04206657 0 172.05285536 0 3629.54129253 0 -113.57658629 0 34.14904276 0 22218
0.14550000 0.14550500 10979.35050714 0 371.07457227 0 3894.77883356 0 401.62643815 0 99.36736113 0 23559
0.14650000 0.14650700 10665.41688156 0 148.79765154 0 3527.77555512 0 592.29187152 0 621.21610565 0 23044
0.14750000 0.14750500 10687.38437400 0 69.42491602 0 3541.72668439 0 719.47966672 0 436.56958804 0 23649
0.14850000 0.14849900 10409.81226312 0 43.60259369 0 3152.78913049 0 170.36875475 0 493.32300336 0 23640
0.14950000 0.14949500 10358.91278593 0 283.17360000 0 3518.43051297 0 22.33354350 0 392.03780485 0 24457
0.15050000 0.15050000 10313.67126672 0 327.31231566 0 3443.16084885 0 -495.82424154 0 993.68468362 0 24591
0.15150000 0.15149900 9924.10259030 0 112.70187263 0 3486.70830237 0 -104.04331462 0 1058.33709547 0 25020
0.15250000 0.15250500 9933.53621105 0 -8.08744749 0 3606.77659270 0 429.98044754 0 840.74487536 0 25297
0.15350000 0.15350100 10006.40318068 0 -43.31714916 0 3427.09490554 0 499.36627825 0 808.99719841 0 25452
0.15450000 0.15450400 9833.34274376 0 81.43019492 0 3090.71767755 0 731.07460527 0 674.29904529 0 26061
0.15550000 0.15549900 9844.42614091 0 180.23198170 0 2758.34863115 0 207.58948186 0 645.47889102 0 26128
0.15650000 0.15649500 9551.79566828 0 286.57723265 0 2687.93971762 0 86.39436103 0 672.63155318 0 26331
0.15750000 0.15749700 9407.51220356 0 202.46078101 0 2599.28361280 0 -327.04879433 0 443.25727223 0 27345
0.15850000 0.15849900 9202.97314719 0 204.89115630 0 2607.93109848 0 -234.08112622 0 381.19024823 0 26980
0.15950000 0.15949700 9155.48394604 0 145.18918088 0 2720.96846256 0 -177.72077843 0 528.45106108 0 27777
0.16050000 0.16050000 9048.79102409 0 -41.60979667 0 2727.91081022 0 212.06380832 0 324.21870811 0 28224
0.16150000 0.16150500 9037.25366163 0 40.49016318 0 2677.58709392 0 375.59872420 0 340.11967378 0 28075
0.16250000 0.16249700 9065.74275339 0 48.49988296 0 2588.34415588 0 466.53019177 0 459.32100108 0 28590
0.16350000 0.16349900 9021.28736924 0 72.72889774 0 2452.59745360 0 327.05875942 0 455.19766732 0 29163
0.16450000 0.16449100 8904.39683613 0 123.84063140 0 2441.18188672 0 198.26436990 0 645.35930991 0 28996
0.16550000 0.16550500 8796.81812819 0 208.85615582 0 2327.18123038 0 118.20924700 0 847.20668413 0 30777
0.16650000 0.16650700 8728.61260731 0 71.04867245 0 2297.14201315 0 60.14475769 0 936.87258497 0 29211
0.16750000 0.16749900 8644.31899846 0 10.87428522 0 2280.42280267 0 -91.85977129 0 762.99390325 0 30922
0.16850000 0.16850800 8696.69109486 0 104.31270429 0 2357.72977456 0 -132.20909450 0 562.34566182 0 30867
0.16950000 0.16949900 8477.66943762 0 145.88341565 0 2457.91216952 0 -56.68343823 0 874.57968554 0 30852
0.17050000 0.17049200 8558.23167300 0 36.45042547 0 2463.95765887 0 -46.30844843 0 529.83510169 0 31257
0.17150000 0.17149500 8480.47073580 0 -9.16569263 0 2412.40491451 0 248.40871454 0 249.16606156 0 32608
0.17250000 0.17250900 8500.19054630 0 117.86268323 0 2348.76119145 0 267.84064460 0 265.27850863 0 32361
0.17350000 0.17350400 8335.98796924 0 113.04732917 0 2310.01912691 0 -109.94032410 0 181.72010216 0 32508
0.17450000 0.17449800 8249.69026960 0 190.69089972 0 2297.77313566 0 19.87781258 0 426.19814138 0 32791
0.17550000 0.17549800 8234.08936393 0 147.03936636 0 2170.24209840 0 -113.97186829 0 557.04091100 0 33633
0.17650000 0.17650100 8092.76220995 0 12.88940404 0 2145.16328269 0 228.78966219 0 450.35906137 0 33984
0.17750000 0.17750300 8163.51436554 0 23.35208666 0 2105.86760191 0 93.31246030 0 371.14322069 0 34069
0.17850000 0.17849800 8021.65573996 0 180.37481469 0 2165.18204596 0 86.62267237 0 319.77759862 0 34536
0.17950000 0.17950400 7921.20760921 0 257.21342723 0 2170.36389398 0 -134.71143991 0 84.19860830 0 35343
0.18050000 0.18050100 7625.88656165 0 201.92930942 0 2138.29844130 0 29.77137770 0 363.60075302 0 34990
0.18150000 0.18150500 7614.00595712 0 102.84484619 0 2205.30815110 0 78.05966852 0 101.85752698 0 36243
0.18250000 0.18250200 7369.71725464 0 111.69539831 0 2086.75676927 0 20.97364056 0 69.99724449 0 35694
0.18350000 0.18350400 7515.88301457 0 133.33182823 0 2089.05981283 0 179.18453977 0 -39.27187528 0 37087
0.18450000 0.18450600 7336.20132742 0 3.97833060 0 2192.60819454 0 -97.13429466 0 374.87459415 0 36651
0.18550000 0.18550700 7373.05002441 0 23.41962784 0 2177.38374791 0 -35.67303755 0 493.27428514 0 37818
0.18650000 0.18651000 7439.78292609 0 73.48646621 0 2404.82037201 0 229.82713903 0 595.35558380 0 37267
0.18750000 0.18750100 7321.41977378 0 89.41356256 0 2133.74771580 0 201.47645133 0 669.56562643 0 38334
0.18850000 0.18850000 7288.52389675 0 64.08584099 0 2246.90687545 0 390.59618816 0 621.90037532 0 38223
0.18950000 0.18949500 7257.37744703 0 1.83586896 0 2012.15144464 0 81.54778301 0 839.02202162 0 39064
0.19050000 0.19050000 7271.47251653 0 0.80923304 0 1867.33650834 0 342.12376457 0 835.26850351 0 39609
0.19150000 0.19149800 7251.37624698 0 61.45782469 0 1656.97340911 0 -2.09057672 0 893.95071781 0 39576
0.19250000 0.19250400 7157.94797016 0 25.57352719 0 1686.55866103 0 219.99380736 0 708.78380094 0 40909
0.19350000 0.19350500 7107.18136087 0 107.34574622 0 1595.36699382 0 -26.50437753 0 848.53979203 0 40191
0.19450000 0.19450100 7056.42582390 0 137.06984509 0 1681.11107722 0 -63.26549244 0 646.26281162 0 41232
0.19550000 0.19549800 6932.67044940 0 97.67318471 0 1669.05331549 0 103.99581435 0 687.51165050 0 40873
0.19650000 0.19649700 6903.28449933 0 53.32066246 0 1575.00498848 0 48.58082165 0 710.63952258 0 42816
0.19750000 0.19750200 6896.20928377 0 -0.90593762 0 1591.07093179 0 48.89616146 0 744.54851734 0 41727
0.19850000 0.19849000 6895.97676495 0 -30.03766711 0 1472.82957505 0 157.31780549 0 539.75479749 0 42610
0.19950000 0.19949900 6896.69646606 0 79.82193974 0 1561.69605405 0 -17.46094552 0 350.46343962 0 43863
0.20050000 0.20050100 6777.09321337 0 180.81881492 0 1606.98186255 0 -275.94669360 0 256.66756162 0 43302
0.20150000 0.20150100 6722.76131549 0 224.66300673 0 1735.57584300 0 -364.31713244 0 281.89474649 0 44487
0.20250000 0.20249700 6571.76802194 0 167.18435413 0 1874.11277113 0 -241.04561853 0 328.35975759 0 43759
0.20350000 0.20349100 6509.06544649 0 80.77083798 0 1968.07251954 0 59.90991368 0 294.82500741 0 45282
0.20450000 0.20449700 6494.82643677 0 6.28041087 0 1851.60273477 0 245.48451355 0 198.33855448 0 45483
0.20550000 0.20549900 6381.36832435 0 48.02067274 0 1577.68449108 0 428.47239690 0 34.92510201 0 46138
0.20650000 0.20650200 6361.02846366 0 112.34312931 0 1350.64647068 0 338.08347325 0 95.95918883 0 46227
0.20750000 0.20749300 6230.97293634 0 50.89560188 0 1099.67451294 0 366.28468456 0 186.98720707 0 46236
0.20850000 0.20850300 6138.76261525 0 85.77076770 0 839.08181217 0 290.21670582 0 43.12692662 0 48361
0.20950000 0.20950400 6065.93993492 0 109.46078171 0 807.69398578 0 165.35742054 0 214.59937071 0 46812
0.21050000 0.21050300 5987.04962059 0 43.95679736 0 567.86743021 0 225.06603936 0 95.70253234 0 48813
0.21150000 0.21149700 5963.55414732 0 34.30449820 0 726.45080242 0 -44.81711700 0 349.47246655 0 47215
0.21250000 0.21249000 5953.85479078 0 114.58195339 0 629.22693265 0 -74.44389013 0 173.88311065 0 50004
0.21350000 0.21350300 5849.85244376 0 91.34889422 0 789.20431056 0 -176.77188019 0 257.56441993 0 49509
0.21450000 0.21449800 5796.49491046 0 78.14226807 0 873.92641838 0 -155.08783927 0 385.06445468 0 49660
0.21550000 0.21550100 5844.05054556 0 41.70368998 0 961.69341552 0 -69.36844716 0 289.79374301 0 50841
0.21650000 0.21649800 5845.30171826 0 40.14105278 0 1035.84256036 0 102.92168812 0 397.95596247 0 50424
0.21750000 0.21750300 5748.97249234 0 108.18369977 0 852.12501081 0 66.87662046 0 389.36937457 0 52231
0.21850000 0.21850300 5767.25290061 0 48.49467896 0 976.88907410 0 130.43420083 0 529.75648818 0 51078
0.21950000 0.21950100 5685.20697371 0 61.04870229 0 1087.70200812 0 -12.27666159 0 512.50691335 0 52791
0.22050000 0.22050700 5655.01274393 0 127.03942604 0 1138.51179948 0 5.63140655 0 553.93955282 0 52969
0.22150000 0.22150000 5572.35783916 0 76.27635989 0 1059.84182441 0 -117.30242359 0 571.58551688 0 52704
0.22250000 0.22250100 5580.61779347 0 50.06971717 0 1159.69315686 0 -35.57604398 0 591.38836982 0 54051
0.22350000 0.22349900 5560.63224717 0 2.44864463 0 1038.45341456 0 -81.09215685 0 263.40507127 0 53938
0.22450000 0.22449800 5546.89149207 0 33.53452873 0 1039.24730025 0 101.85287660 0 85.38910466 0 54735
0.22550000 0.22549100 5488.93894397 0 74.74328580 0 947.23295931 0 -88.85551739 0 171.51584760 0 54774
0.22650000 0.22649900 5410.22578684 0 85.09458082 0 941.99574967 0 155.49972975 0 -15.95610585 0 56911
0.22750000 0.22749800 5420.17980685 0 78.15555486 0 845.44729171 0 115.78219340 0 61.38651892 0 54879
0.22850000 0.22849100 5271.03559154 0 81.45134306 0 857.72982163 0 57.91113761 0 63.28719420 0 57210
0.22950000 0.22949800 5287.52228320 0 79.94340315 0 944.63096297 0 64.18870289 0 303.28315634 0 57375
0.23050000 0.23049600 5217.99915566 0 46.55502910 0 807.78145714 0 146.91092739 0 345.80088364 0 57604
0.23150000 0.23150100 5175.38177743 0 48.81444770 0 783.59949974 0 78.95431237 0 433.93658920 0 58629
0.23250000 0.23250200 5194.66976727 0 5.97395106 0 692.62042117 0 42.08513157 0 225.23212423 0 58560
0.23350000 0.23350400 5160.04660756 0 69.44174595 0 670.44476902 0 -29.50542045 0 85.55341796 0 59305
0.23450000 0.23449700 5074.56825996 0 137.40201484 0 788.20780133 0 -211.44929429 0 189.42533300 0 59196
0.23550000 0.23549300 5023.61342114 0 105.89970060 0 680.72542262 0 -85.50813215 0 -48.33136217 0 60063
0.23650000 0.23649900 5021.53182408 0 28.28093205 0 747.26455862 0 -12.97100708 0 132.55676550 0 61537
0.23750000 0.23750400 5002.97460768 0 34.78736228 0 751.08118898 0 54.91729170 0 -95.82975335 0 61224
0.23850000 0.23850100 5019.95955395 0 38.93682673 0 881.19097069 0 70.09224503 0 131.33438084 0 61221
0.23950000 0.23949400 4954.45568033 0 50.79362577 0 741.51691480 0 120.54993646 0 200.38693457 0 62332
0.24050000 0.24050100 4963.16959996 0 13.97714923 0 728.65198060 0 236.10514720 0 306.46423526 0 63447
0.24150000 0.24150500 4983.22158020 0 -2.66291626 0 735.36070220 0 27.40688273 0 202.30244676 0 63342
0.24250000 0.24250300 4947.07043967 0 64.80487776 0 684.94840730 0 83.18825866 0 243.83584439 0 63379
0.24350000 0.24349600 4951.69867145 0 66.80221444 0 701.38527350 0 21.16862420 0 282.13833763 0 64266
0.24450000 0.24449500 4860.30770239 0 99.76662916 0 678.99260378 0 -170.41747298 0 252.21095088 0 64695
0.24550000 0.24549600 4821.70957808 0 121.87086481 0 733.58137960 0 -22.22558833 0 298.88079999 0 65947
0.24650000 0.24650000 4728.69097727 0 93.27691814 0 776.30726661 0 -14.09650890 0 234.48858778 0 66018
0.24750000 0.24750000 4714.86164358 0 61.02268233 0 824.12531581 0 -120.92307381 0 204.02862220 0 66303
0.24850000 0.24849600 4601.62497765 0 89.60123847 0 776.41577540 0 25.89429244 0 158.69298823 0 66958
0.24950000 0.24949200 4630.06978011 0 46.55812935 0 842.67145988 0 20.34993651 0 242.23035729 0 66975
0.25050000 0.25048900 4548.11243181 0 24.12670650 0 715.91437812 0 92.63328390 0 220.57288994 0 68676
0.25150000 0.25150000 4588.22746462 0 44.96648266 0 628.99995000 0 172.95414260 0 67.45249207 0 69349
0.25250000 0.25249900 4552.36420454 0 3.00690018 0 483.82627037 0 87.78426997 0 105.17490622 0 68592
0.25350000 0.25349900 4527.82793274 0 98.16236002 0 522.89718296 0 35.68743157 0 62.19280561 0 70437
0.25450000 0.25450100 4459.32345909 0 96.94274344 0 510.83720676 0 -48.25429879 0 52.92936650 0 70099
0.25550000 0.25550100 4392.41340021 0 103.12431166 0 448.52880608 0 -17.16177130 0 143.77856670 0 71064
0.25650000 0.25650300 4330.86234654 0 89.59924545 0 544.45278491 0 -77.61887927 0 165.06178947 0 71409
0.25750000 0.25750600 4316.54583055 0 15.51321286 0 534.12894925 0 71.53607619 0 144.11184368 0 72612
0.25850000 0.25850600 4315.36109179 0 -23.14204466 0 412.79287773 0 104.18481893 0 162.22838155 0 71845
0.25950000 0.25949600 4314.50852278 0 28.93198475 0 464.64014592 0 69.37863370 0 172.92314009 0 72816
0.26050000 0.26049800 4340.32918426 0 58.46364661 0 441.36279746 0 -18.67757257 0 84.39458845 0 73743
0.26150000 0.26149900 4312.20547922 0 8.66648579 0 370.87969936 0 58.23378515 0 90.52367385 0 74662
0.26250000 0.26250300 4259.86659980 0 64.85093863 0 366.67553762 0 -44.37953872 0 91.97425912 0 74931
0.26350000 0.26350100 4297.40178094 0 10.13382349 0 390.28616307 0 62.01885939 0 146.72380510 0 75087
0.26450000 0.26450200 4277.67089811 0 0.74625808 0 343.69824916 0 72.42817340 0 157.41745641 0 76678
0.26550000 0.26550600 4308.34123786 0 72.32353993 0 333.75862317 0 89.12889309 0 159.30860949 0 76035
0.26650000 0.26650100 4215.02368429 0 106.24847883 0 238.10038013 0 45.85570107 0 255.20158582 0 77094
0.26750000 0.26750600 4151.93357747 0 93.48596363 0 311.51653708 0 30.87872090 0 338.07572262 0 78463
0.26850000 0.26850100 4093.38312383 0 76.48440887 0 302.47487663 0 10.38297295 0 354.15716718 0 77076
0.26950000 0.26949700 4037.54538977 0 119.05185092 0 363.02167043 0 15.63268324 0 296.32530742 0 79149
0.27050000 0.27049900 3921.96139099 0 102.93021381 0 341.83809859 0 -29.41507028 0 465.90681988 0 79648
0.27150000 0.27150200 3906.94731853 0 45.39221355 0 322.71176470 0 1.65667446 0 426.22692943 0 80241
0.27250000 0.27250500 3901.12327568 0 -14.28119527 0 341.60336530 0 46.07371514 0 328.49594718 0 80835
0.27350000 0.27350000 3875.20296328 0 34.40592069 0 298.22199667 0 46.68900423 0 224.32640806 0 80680
0.27450000 0.27450400 3909.97006321 0 74.93395123 0 207.42118253 0 32.75570140 0 240.42446111 0 82617
0.27550000 0.27550800 3825.44393554 0 59.71337992 0 195.83731630 0 -113.06725935 0 231.07056111 0 82548
0.27650000 0.27649900 3835.84084855 0 68.41379131 0 289.34420663 0 -13.71229923 0 111.41194679 0 81181
0.27750000 0.27748900 3765.09976528 0 46.71613143 0 229.17497910 0 -11.06130786 0 203.90461216 0 84096
0.27850000 0.27849800 3777.39004583 0 20.63892419 0 312.68245288 0 -5.90019830 0 203.20484123 0 85215
0.27950000 0.27950200 3771.96460667 0 32.62327640 0 287.41319318 0 56.70558288 0 310.37830208 0 84514
0.28050000 0.28050300 3755.57756594 0 24.27031456 0 363.82330675 0 95.84038278 0 227.20078358 0 85815
0.28150000 0.28150100 3751.23721461 0 63.07670930 0 262.23140484 0 87.11018683 0 319.92153885 0 85485
0.28250000 0.28250000 3726.68987049 0 103.86361079 0 273.32587431 0 -11.31979128 0 368.04518420 0 87220
0.28350000 0.28350400 3648.77392074 0 40.84802072 0 175.86173509 0 32.74263606 0 455.99044577 0 87147
0.28450000 0.28449700 3653.69003296 0 18.79947886 0 185.32635835 0 -27.72189037 0 371.58500645 0 87102
0.28550000 0.28549800 3669.22450468 0 26.99067404 0 140.40261486 0 -8.82690163 0 239.08692427 0 88971
0.28650000 0.28649900 3627.79186521 0 40.07041135 0 152.07395245 0 -33.18696846 0 191.42942379 0 89434
0.28750000 0.28750100 3643.96853177 0 34.82855133 0 237.03300802 0 -63.45294690 0 139.58104836 0 89619
0.28850000 0.28849900 3654.59796359 0 3.08101832 0 209.55814122 0 -96.17764580 0 71.92770432 0 90240
0.28950000 0.28950100 3688.04745687 0 21.23826913 0 267.44314813 0 -15.13431790 0 -4.78162776 0 91333
0.29050000 0.29050500 3690.50551298 0 9.17069732 0 243.07739014 0 -7.22066162 0 134.45899090 0 92139
0.29150000 0.29150600 3652.44993258 0 28.96542317 0 274.99336643 0 131.23251545 0 146.71273278 0 92370
0.29250000 0.29250200 3685.74441331 0 49.47402609 0 207.49536710 0 157.69980069 0 169.63355238 0 91819
0.29350000 0.29349600 3620.24053968 0 75.21762419 0 179.93856509 0 113.89657648 0 289.32316921 0 93552
0.29450000 0.29450000 3541.13985117 0 124.82053215 0 114.68492601 0 61.81623585 0 177.43511245 0 94701
0.29550000 0.29550200 3459.21571984 0 64.34316182 0 95.92530751 0 18.29247711 0 384.50087335 0 95020
0.29650000 0.29650300 3439.71735584 0 30.18182878 0 79.36598141 0 73.66617004 0 318.48988725 0 95151
0.29750000 0.29749800 3399.85698649 0 51.72170803 0 29.62068335 0 64.00490229 0 402.67277284 0 95802
0.29850000 0.29850000 3370.65926594 0 68.28933838 0 2.98081378 0 53.83674352 0 236.94996558 0 97399
0.29950000 0.29950700 3335.30533280 0 59.58128708 0 -88.42458251 0 12.43577090 0 422.56088268 0 97881
0.30050000 0.30050300 3324.27729728 0 21.89984054 0 -66.98103248 0 -5.25763808 0 313.22721126 0 97188
0.30150000 0.30149700 3342.59092253 0 -33.20457345 0 -165.27437810 0 0.37427115 0 279.50866049 0 98263
0.30250000 0.30249700 3334.72957191 0 64.20774728 0 -102.03656647 0 -73.76028480 0 192.85443199 0 100050
0.30350000 0.30350600 3325.57275928 0 97.07328615 0 -82.15343918 0 -141.34265524 0 171.66753845 0 100779
0.30450000 0.30450500 3265.76006061 0 108.42208692 0 -43.89833549 0 -122.60274548 0 171.35751336 0 99982
0.30550000 0.30550300 3212.01499594 0 43.35224843 0 -86.41384832 0 21.12466707 0 149.52953221 0 101559
0.30650000 0.30649700 3197.96421575 0 -4.73310883 0 -40.81103916 0 69.52235247 0 185.79693215 0 100935
0.30750000 0.30749800 3227.68233556 0 13.97061656 0 -64.67256348 0 189.92358761 0 162.83846664 0 103762
0.30850000 0.30850200 3234.66897252 0 24.06215485 0 -72.25566658 0 130.34894393 0 284.60525160 0 102951
0.30950000 0.30950100 3225.25749642 0 11.32244864 0 -140.59859501 0 37.36333865 0 268.17281434 0 104394
0.31050000 0.31050000 3221.48183366 0 35.26125779 0 -154.65158967 0 4.56265039 0 361.41507610 0 103963
0.31150000 0.31149700 3240.05012238 0 49.92367321 0 -166.89204476 0 -47.32411278 0 337.06260490 0 105936
0.31250000 0.31250000 3184.90994478 0 74.70807580 0 -117.45854337 0 -47.66270448 0 317.81004650 0 105717
0.31350000 0.31349800 3169.03223099 0 72.11693035 0 -102.27484290 0 -100.78063267 0 232.72808813 0 106776
0.31450000 0.31450400 3082.01483024 0 90.27078195 0 -70.50867517 0 -68.79047180 0 158.68302314 0 108733
0.31550000 0.31549900 3062.66040646 0 75.72407233 0 -47.46439914 0 -82.39813756 0 196.16505711 0 105891
0.31650000 0.31650000 3034.65849700 0 76.18811346 0 -2.22823894 0 -50.90080587 0 134.22536485 0 111072
0.31750000 0.31750600 2986.71533053 0 78.05269296 0 22.41558943 0 -24.86921661 0 170.55587704 0 108121
0.31850000 0.31849900 2961.03860928 0 63.49867560 0 99.78833092 0 -14.81144891 0 229.75627615 0 110484
0.31950000 0.31950100 2917.39150484 0 39.71941865 0 94.00680579 0 25.49103837 0 352.38780968 0 110817
0.32050000 0.32049800 2948.69296710 0 12.27732593 0 126.58878242 0 102.72891894 0 328.07076991 0 111088
0.32150000 0.32149900 2988.34296228 0 -43.67467452 0 -1.16363490 0 139.10050946 0 324.02162073 0 112635
0.32250000 0.32250100 3001.29758232 0 -5.85671729 0 36.06865171 0 40.12809816 0 276.16592563 0 113202
0.32350000 0.32350400 3031.28143793 0 51.74185966 0 -18.56131316 0 -81.97063510 0 280.18407230 0 113863
0.32450000 0.32450300 2999.58137197 0 35.97176887 0 10.00849585 0 -92.99080927 0 288.71640581 0 114045
0.32550000 0.32549900 2936.05944449 0 61.22696672 0 -36.69833483 0 15.88712527 0 271.87650699 0 114828
0.32650000 0.32650300 2965.55611780 0 31.62876018 0 -43.37572175 0 12.75708976 0 196.97001513 0 116431
0.32750000 0.32750400 2936.35839726 0 1.87251836 0 -89.40182590 0 108.77606914 0 121.78671515 0 116442
0.32850000 0.32850400 2963.82883513 0 48.42038366 0 -122.92937907 0 9.45375023 0 49.98346376 0 116955
0.32950000 0.32949800 2917.97833806 0 105.89903626 0 -150.27248521 0 -69.21398823 0 120.54772200 0 117028
0.33050000 0.33049700 2873.70011111 0 59.06919206 0 -139.21123271 0 -74.65758600 0 91.04019780 0 119061
0.33150000 0.33150100 2845.15565772 0 25.75467042 0 -95.82167055 0 -7.79840445 0 96.97983573 0 120060
0.33250000 0.33250400 2854.07995153 0 30.61542102 0 -131.28898430 0 27.02942718 0 60.10013622 0 119737
0.33350000 0.33350100 2827.18527454 0 20.82704298 0 -178.97970176 0 107.70393593 0 96.98503972 0 120531
0.33450000 0.33450000 2851.23436405 0 14.76151272 0 -212.76690095 0 102.44281007 0 100.37228533 0 121704
0.33550000 0.33550300 2845.50997212 0 27.94366904 0 -190.55249566 0 36.08692105 0 79.34483327 0 122761
0.33650000 0.33650300 2827.88283101 0 72.69878102 0 -186.84769578 0 -13.41157488 0 198.68511824 0 122472
0.33750000 0.33749900 2771.39182978 0 88.51681498 0 -192.26759878 0 -93.11216195 0 186.79233416 0 122985
0.33850000 0.33849800 2741.91730112 0 79.38281134 0 -143.23934448 0 -58.38558672 0 234.92040844 0 125380
0.33950000 0.33950300 2728.05475044 0 54.87189517 0 -63.61748165 0 -18.37419087 0 299.86845137 0 125223
0.34050000 0.34050000 2687.85113903 0 49.88658092 0 -106.93728816 0 34.37370023 0 282.01764929 0 125178
0.34150000 0.34149900 2697.97124391 0 25.15521476 0 -147.20877293 0 64.21195477 0 336.15799596 0 127059
0.34250000 0.34250300 2699.05633174 0 15.87262052 0 -185.95194470 0 65.02089882 0 303.74597952 0 127957
0.34350000 0.34349800 2690.18739956 0 2.32065963 0 -196.72531675 0 -6.11286445 0 222.54487099 0 126732
0.34450000 0.34449700 2700.66181884 0 52.38737620 0 -184.46160978 0 -50.65555388 0 180.39363764 0 129639
0.34550000 0.34550000 2664.37781041 0 74.69312816 0 -190.94113427 0 -52.90733257 0 176.49617931 0 129826
0.34650000 0.34650400 2592.36340979 0 99.65158771 0 -118.54363121 0 -58.21307990 0 136.38114649 0 130875
0.34750000 0.34750200 2560.61905453 0 45.57313534 0 -121.88082991 0 -16.94541807 0 127.44467313 0 130686
0.34850000 0.34850200 2531.93066093 0 35.93799828 0 -85.18227363 0 24.82835973 0 161.53303955 0 132211
0.34950000 0.34950400 2563.38713574 0 16.97907794 0 -106.59327103 0 11.95744646 0 178.21238965 0 132768
0.35050000 0.35050300 2559.14643533 0 12.21709248 0 -73.79903793 0 -1.93072557 0 204.76271734 0 132957
0.35150000 0.35150100 2601.98526006 0 41.33066336 0 -89.65826094 0 -50.35748689 0 226.83982579 0 133987
0.35250000 0.35249800 2547.05545663 0 63.92949976 0 -39.41924793 0 -40.41243546 0 248.02671933 0 134778
0.35350000 0.35349800 2543.81126546 0 69.21077725 0 -51.95788072 0 -12.73073763 0 275.83707758 0 135699
0.35450000 0.35450100 2516.66192500 0 51.58330397 0 -63.36093588 0 23.24922476 0 271.54655171 0 137380
0.35550000 0.35550100 2464.93202345 0 50.48537224 0 -90.79162411 0 35.71765902 0 155.35357507 0 136161
0.35650000 0.35649900 2458.21112229 0 16.63406430 0 -155.56062754 0 33.35947528 0 114.87094106 0 138792
0.35750000 0.35750000 2421.18526809 0 54.70016341 0 -183.39202320 0 37.27298848 0 24.66083545 0 138097
0.35850000 0.35849800 2436.08861730 0 53.67154443 0 -198.33634001 0 -22.32069960 0 49.48997024 0 140028
0.35950000 0.35950300 2393.01727375 0 5.57002158 0 -231.63303521 0 13.73045784 0 48.72465115 0 141099
0.36050000 0.36050500 2428.07225413 0 25.55835810 0 -234.24278217 0 17.58794508 0 56.37861713 0 140821
0.36150000 0.36150200 2415.46087616 0 18.35392851 0 -203.48386382 0 8.40990681 0 22.89823206 0 141756
0.36250000 0.36250400 2434.68243205 0 56.02474563 0 -226.50211989 0 15.98721908 0 49.07077202 0 142971
0.36350000 0.36349900 2393.78126417 0 70.76666034 0 -195.54722139 0 -14.43609710 0 113.81242681 0 142270
0.36450000 0.36450000 2348.57296193 0 52.06672167 0 -208.76204106 0 15.96706745 0 177.64437939 0 145311
0.36550000 0.36550300 2368.44778498 0 4.03281751 0 -175.74547568 0 49.14307431 0 190.98763803 0 145434
0.36650000 0.36650100 2369.79860861 0 9.43281247 0 -248.35888908 0 62.89180148 0 171.54131395 0 144547
0.36750000 0.36749600 2381.05916295 0 47.73556037 0 -251.12032689 0 6.82086211 0 172.23997765 0 146892
0.36850000 0.36849900 2360.04389044 0 60.63249360 0 -250.59660592 0 -5.76730826 0 232.24754923 0 148113
0.36950000 0.36949900 2335.41904005 0 63.87690622 0 -254.39994950 0 -8.32357589 0 246.58399541 0 147387
0.37050000 0.37049800 2296.78769876 0 65.24157025 0 -262.24136993 0 -44.57618321 0 245.21656329 0 149758
0.37150000 0.37150100 2278.86160487 0 58.43840171 0 -248.52608118 0 -18.21618879 0 210.01764270 0 150099
0.37250000 0.37250000 2254.90109397 0 69.59808718 0 -221.86503025 0 -33.30643884 0 240.06461056 0 150468
0.37350000 0.37349800 2204.13448467 0 41.38547137 0 -187.51867866 0 19.07584409 0 222.69766908 0 150709
0.37450000 0.37449700 2217.07803239 0 28.82879068 0 -214.42332074 0 9.05801427 0 218.93750757 0 153108
0.37550000 0.37550100 2219.19284643 0 15.83165292 0 -193.86422802 0 21.44709317 0 199.13244017 0 153189
0.37650000 0.37649900 2224.29718817 0 41.57281510 0 -199.06047005 0 11.41567761 0 183.57360933 0 153547
0.37750000 0.37749900 2221.81698741 0 26.00789449 0 -250.89002253 0 13.15292538 0 195.74430877 0 155424
0.37850000 0.37850200 2206.22715406 0 23.05844860 0 -232.01835211 0 -12.16671340 0 214.76324111 0 155313
0.37950000 0.37949900 2225.05010626 0 24.19668360 0 -236.76837946 0 -11.76500946 0 214.82746060 0 156100
0.38050000 0.38050000 2230.24302660 0 39.73790943 0 -257.67957211 0 -1.04897766 0 156.63796474 0 157557
0.38150000 0.38149800 2218.04132465 0 36.12722431 0 -245.37932647 0 -31.29537248 0 129.56945226 0 157692
0.38250000 0.38250100 2190.12799378 0 44.19164137 0 -292.99364489 0 -18.03249892 0 142.75437665 0 159703
0.38350000 0.38350500 2212.81518733 0 15.59603385 0 -253.16981421 0 16.48658093 0 115.78551509 0 160338
0.38450000 0.38450600 2208.50805298 0 -7.22664067 0 -289.43832139 0 85.44579496 0 54.54326857 0 160167
0.38550000 0.38550000 2223.35604056 0 34.16509763 0 -322.21793901 0 83.12381773 0 91.01152048 0 160033
0.38650000 0.38649600 2204.17877397 0 59.35884408 0 -397.93271059 0 17.47688966 0 85.17352650 0 162444
0.38750000 0.38750200 2164.31840463 0 70.84117708 0 -386.91464016 0 -15.29553095 0 133.74150425 0 164307
0.38850000 0.38850400 2139.83749445 0 42.18921143 0 -387.56790732 0 13.59094655 0 158.08290313 0 163882
0.38950000 0.38950500 2111.72486174 0 32.79002561 0 -363.25529649 0 18.07014483 0 114.53434239 0 164595
0.39050000 0.39050100 2109.08964843 0 38.15168818 0 -397.65147354 0 12.22063563 0 104.65827154 0 165006
0.39150000 0.39150100 2091.22998850 0 50.04214708 0 -389.72036727 0 26.33884628 0 171.36194229 0 166687
0.39250000 0.39250100 2089.75736930 0 26.11009205 0 -458.79728012 0 44.19175209 0 220.67143364 0 167256
0.39350000 0.39350100 2083.92225412 0 27.23636893 0 -447.44371825 0 41.99555647 0 233.59726563 0 167937
0.39450000 0.39449600 2090.52135971 0 27.34122384 0 -470.41104162 0 82.32384226 0 220.58064057 0 167719
0.39550000 0.39549700 2071.64304589 0 13.74518403 0 -523.80068466 0 19.57265931 0 253.52634307 0 171636
0.39650000 0.39650400 2078.08713894 0 32.57998361 0 -527.44237229 0 14.89836666 0 206.66051381 0 171093
0.39750000 0.39750000 2076.22698837 0 70.10376025 0 -514.70255536 0 -53.92388272 0 169.10983142 0 170464
0.39850000 0.39849800 2035.15973562 0 70.43061528 0 -532.82795109 0 -101.17768624 0 189.20720820 0 172113
0.39950000 0.39949500 2002.48530508 0 68.78715011 0 -522.28045446 0 -42.92585320 0 178.81361689 0 173232
