### header ###
fiducial parameters:
Omega_m = 0.31
Omega_nu = 0
Omega_de = 0.69
Omega_k = 0
H_0 = 100
w_de = -1
zeff = 0
beta = 0
fgrowth = 0
b_1 = 2
gamma = 0.55
Lx = 3500 Ly = 3500 Lz = 3500
nx = 700 ny = 700 nz = 700
xoffset = -685.467585 yoffset = -31.7331281 zoffset = 572.489161
bins = 400 dk = 0.001
kx_ny = 0.628318531 ky_ny = 0.628318531 kz_ny = 0.628318531
############################
A(data) = 8.10623498 (not used)
A(ran) = 8.11280989 (used)
Ngal = 482756
weighted Ngal = 0
Nran = 23820508
weighted Nran = 0
SN(data) = 3477.76184
SN(ran) = 70.6655164
SN(data+ran) = 3548.42736
############################
13 columns: k_central k_mean P_0(k) sigma^{lin}_{P_0(k)} P^img_1(k) sigma^{lin}_{P_1(k)} P_2(k) sigma^{lin}_{P_2(k)} P^img_3(k) sigma^{lin}_{P_3(k)} P_4(k) sigma^{lin}_{P_4(k)} N_modes
### header ###
0.00050000 0 0 0 0 0 0 0 0 0 0 0 0
0.00150000 0.00179520 32568.91128430 0 -14263.03666164 0 17326.97038545 0 6803.17961065 0 -75711.56060067 0 3
0.00250000 0.00253879 44968.69712546 0 4913.17805340 0 18442.72855743 0 11324.44165477 0 52157.95763020 0 6
0.00350000 0.00331552 39460.65842117 0 12349.07459348 0 22046.10594641 0 -29936.24461217 0 16617.01291808 0 7
0.00450000 0.00420575 36336.71269684 0 -2321.10252406 0 8171.22070361 0 14871.12874068 0 40323.63541754 0 24
0.00550000 0.00557378 46492.69191350 0 -14078.46100691 0 12368.67260841 0 26647.87486428 0 -13284.02170117 0 45
0.00650000 0.00659388 53324.42704985 0 -6080.79899483 0 21838.38913281 0 52355.26645847 0 39905.21226264 0 40
0.00750000 0.00754703 59651.37489772 0 -16582.13509490 0 -5238.90370492 0 -95.13640437 0 -20099.70196654 0 57
0.00850000 0.00846663 73516.02931238 0 -11324.33093152 0 -28202.76143857 0 21134.96433708 0 18130.04610455 0 75
0.00950000 0.00948925 78453.28967226 0 -433.55902292 0 -14530.98692225 0 -25149.45714658 0 2564.46115125 0 112
0.01050000 0.01054430 83353.45774400 0 -224.62425360 0 -26154.71351686 0 -9946.21402297 0 21601.21993519 0 105
0.01150000 0.01145670 75700.48827585 0 3118.95210584 0 -9955.86909021 0 -9180.99458242 0 -4492.39649332 0 144
0.01250000 0.01249090 69797.94263828 0 6917.73388322 0 -11647.86426272 0 10676.02416874 0 14968.78664558 0 169
0.01350000 0.01339930 67185.75976706 0 526.63962874 0 -5396.80612916 0 7482.17885782 0 -4263.48725002 0 180
0.01450000 0.01448870 67661.20539478 0 -3879.27757881 0 -6509.90694317 0 7387.16723856 0 2636.97380648 0 267
0.01550000 0.01550050 73215.19424706 0 -6806.11377672 0 -3379.76071694 0 -2353.24548301 0 18126.39223736 0 238
0.01650000 0.01653350 73436.75146668 0 -1673.71476424 0 7021.33762655 0 -2942.32638033 0 11052.98146719 0 315
0.01750000 0.01747870 80702.85390567 0 930.03542440 0 7822.42032718 0 -11559.83928041 0 22812.42154711 0 297
0.01850000 0.01844180 78244.46562618 0 5643.17642870 0 18755.85390330 0 -10234.28269777 0 16057.63906824 0 388
0.01950000 0.01947590 71262.36831879 0 6338.16411291 0 19040.41265114 0 -9815.40557756 0 127.95621453 0 399
0.02050000 0.02045430 72440.46367950 0 1356.37086261 0 20995.34232112 0 -6001.02289451 0 4247.87527202 0 462
0.02150000 0.02154770 71171.35380878 0 -3514.87629670 0 19716.59952781 0 4548.25637203 0 -4945.76390534 0 571
0.02250000 0.02255340 74786.80003182 0 -4554.09148721 0 8268.96718711 0 5499.66802672 0 -10504.59136357 0 510
0.02350000 0.02348930 78056.12538102 0 294.84272313 0 5522.14484610 0 8549.10807735 0 -23032.53936450 0 555
0.02450000 0.02439640 70607.77247551 0 9072.44150990 0 8668.62275144 0 -5235.41592260 0 -15902.84796728 0 592
0.02550000 0.02547300 62203.54576842 0 10319.62817747 0 4413.22937087 0 -7384.33272340 0 -6486.28967434 0 837
0.02650000 0.02652900 54228.70381779 0 3053.48144919 0 8185.19397753 0 1060.09538065 0 3052.41850600 0 723
0.02750000 0.02749970 57749.70311012 0 1393.71781422 0 15057.69741387 0 1866.29570981 0 819.07412123 0 826
0.02850000 0.02848090 55220.89484479 0 -482.89730232 0 14691.09273912 0 1798.90954096 0 7148.20432432 0 831
0.02950000 0.02946900 57779.37694063 0 -348.02531370 0 26490.75857511 0 129.58938244 0 7812.13413742 0 996
0.03050000 0.03053250 56938.10170091 0 715.11495627 0 22837.33427795 0 -1767.44199383 0 4731.93516845 0 1041
0.03150000 0.03150510 60753.95700316 0 695.15709079 0 29283.75251061 0 1747.58931543 0 7191.34210181 0 1036
0.03250000 0.03246190 62323.45904620 0 -1512.15847281 0 27125.20278722 0 1868.64304267 0 9669.46126412 0 1059
0.03350000 0.03345080 60306.52435724 0 -472.88017005 0 24944.72986068 0 4364.92081768 0 6246.95030106 0 1302
0.03450000 0.03451200 59846.80143077 0 3442.75117284 0 22758.05643225 0 6607.90809014 0 2864.80903428 0 1339
0.03550000 0.03553350 57409.56129169 0 1373.00149449 0 20023.08147879 0 8640.51011873 0 4811.32373740 0 1365
0.03650000 0.03647120 52720.43173099 0 2551.92727955 0 16359.35991955 0 4408.53470514 0 1771.73805586 0 1308
0.03750000 0.03744890 53836.85424246 0 1359.91400655 0 12323.60824640 0 3522.21724806 0 18.55289819 0 1579
0.03850000 0.03847530 50926.82583362 0 2048.97799699 0 10764.79099681 0 -4848.34959159 0 -4241.76334872 0 1662
0.03950000 0.03950240 46909.23277317 0 4340.60599238 0 10997.37625195 0 -2924.96497502 0 -1283.16065091 0 1683
0.04050000 0.04050350 44811.35938978 0 2414.19863113 0 13831.76960995 0 240.56950857 0 -915.35905785 0 1822
0.04150000 0.04152450 43094.37398016 0 803.64705106 0 13283.68953143 0 2295.61403233 0 -5019.84883070 0 1887
0.04250000 0.04250150 41906.86714336 0 994.80741735 0 13259.44114007 0 4830.85531838 0 -1447.82826561 0 1920
0.04350000 0.04349210 42461.36917027 0 -300.57154399 0 13491.95996127 0 2501.71428650 0 -1633.74367164 0 2005
0.04450000 0.04448520 42719.57578505 0 334.52039912 0 15683.83738236 0 483.20068402 0 7950.43854673 0 2151
0.04550000 0.04548030 42229.84685832 0 839.95209690 0 15214.81370305 0 111.40973233 0 5791.97740193 0 2274
0.04650000 0.04648670 41274.08377997 0 2087.38789179 0 16668.72067498 0 1900.01093888 0 8724.84801687 0 2311
0.04750000 0.04749250 40383.09380182 0 591.49244967 0 14421.37090654 0 1264.82488101 0 9897.71724026 0 2568
0.04850000 0.04851840 39434.85990435 0 978.06052607 0 15942.92978312 0 3027.00752055 0 10782.82781394 0 2493
0.04950000 0.04949480 39151.96200523 0 -603.77165790 0 12638.39444100 0 4901.55211234 0 8307.80890258 0 2644
0.05050000 0.05050630 38653.81811164 0 279.51641112 0 14134.26552399 0 3102.25504001 0 8299.40500804 0 2829
0.05150000 0.05149060 38193.76301542 0 915.36570124 0 10069.57079377 0 970.00319529 0 5708.99032742 0 2784
0.05250000 0.05249300 36989.86913789 0 1608.76450685 0 12536.08615967 0 1048.89350963 0 9072.40829293 0 3055
0.05350000 0.05348950 35615.90435115 0 1979.13377203 0 8536.69600123 0 931.18473171 0 8617.31359823 0 3009
0.05450000 0.05448610 34470.58307191 0 180.21205152 0 9101.08561421 0 4105.26372836 0 9574.40535556 0 3336
0.05550000 0.05550870 35589.88438782 0 -1151.44427487 0 7406.69881954 0 2802.26147138 0 7905.52919727 0 3349
0.05650000 0.05647670 35263.58297542 0 -152.02191253 0 5108.31670601 0 1577.26374274 0 3832.02089649 0 3324
0.05750000 0.05747970 35469.30677055 0 137.95784554 0 4526.58783236 0 -914.64267843 0 2825.76801697 0 3639
0.05850000 0.05849280 34740.52635098 0 1143.21753753 0 3312.82851341 0 -2490.23228566 0 1086.40543888 0 3846
0.05950000 0.05951020 34039.64818996 0 1438.08461977 0 4588.16103068 0 -3214.10766533 0 -1709.65553060 0 3787
0.06050000 0.06049470 32728.13131520 0 344.92506275 0 4970.38875574 0 -2305.88914976 0 -1920.62760769 0 3930
0.06150000 0.06148310 32760.90539666 0 821.60414745 0 6065.13165521 0 -702.40614185 0 -3020.84023562 0 4083
0.06250000 0.06249100 32159.01381952 0 282.60448251 0 7402.11487706 0 -1347.84517250 0 -3477.10859675 0 4303
0.06350000 0.06350600 32448.00149728 0 141.80547842 0 8282.05467505 0 1185.90134970 0 -814.81127617 0 4470
0.06450000 0.06451750 31605.95119483 0 569.51609937 0 8931.62368286 0 1624.03324277 0 -1178.62683230 0 4479
0.06550000 0.06550280 32189.13054302 0 -174.75560985 0 9066.84998587 0 1084.55857510 0 394.22569624 0 4636
0.06650000 0.06648880 31568.96962993 0 335.64091839 0 9833.54204561 0 -33.34353113 0 -324.79557623 0 4653
0.06750000 0.06749660 31573.84145285 0 1203.20739339 0 10589.79290305 0 -48.52656726 0 -241.93361898 0 5220
0.06850000 0.06852730 30383.12364185 0 888.98478013 0 11060.22276762 0 -2183.45138191 0 134.32944470 0 5029
0.06950000 0.06949320 29940.89498860 0 1013.39231456 0 12356.49305111 0 -1171.56268906 0 -660.35234495 0 5040
0.07050000 0.07048030 28862.11838152 0 1382.31331966 0 12567.64228540 0 -1494.23237893 0 -897.13844013 0 5475
0.07150000 0.07148790 28481.45185425 0 881.87081144 0 12723.20844911 0 -52.79505920 0 -2224.75115349 0 5509
0.07250000 0.07249820 27630.76513844 0 122.49977286 0 12899.70130672 0 139.85342755 0 -813.98749521 0 5916
0.07350000 0.07351270 28715.96369391 0 -220.89398736 0 13441.91305308 0 2101.53832290 0 -1451.00602283 0 5721
0.07450000 0.07449140 28474.14411987 0 -631.17898352 0 12127.84954361 0 1993.26205850 0 -1707.03138962 0 6028
0.07550000 0.07549160 28800.00263928 0 69.28584762 0 11382.90352981 0 2512.33264600 0 -1958.36209067 0 6183
0.07650000 0.07648840 28214.94099587 0 651.63842532 0 9759.27996305 0 1885.06330037 0 764.13767441 0 6330
0.07750000 0.07749960 27857.63707397 0 1104.56958775 0 9942.80374692 0 1352.17445150 0 267.27595603 0 6583
0.07850000 0.07848650 26951.81018056 0 982.05984979 0 10909.34019732 0 -523.96344784 0 1789.89666856 0 6549
0.07950000 0.07947320 25418.95753266 0 1781.03880870 0 10705.00044279 0 -396.91959287 0 2093.01263279 0 6828
0.08050000 0.08048110 24743.54571873 0 841.03164857 0 11026.02035625 0 -763.71581883 0 3419.80931581 0 7147
0.08150000 0.08149960 24950.70891608 0 -453.56560664 0 11724.37402722 0 320.77632232 0 2245.99894481 0 7386
0.08250000 0.08250610 24480.24583454 0 -544.58122388 0 10793.57904134 0 1549.85973881 0 2178.41347412 0 7227
0.08350000 0.08350160 24506.93013735 0 623.52689984 0 10173.49563452 0 887.49112351 0 919.25873065 0 7798
0.08450000 0.08449610 23789.11131936 0 880.68053652 0 8668.11342450 0 851.98660675 0 -673.73435673 0 7371
0.08550000 0.08548940 22888.15624886 0 1149.83878777 0 8935.22218842 0 929.84830211 0 778.39993601 0 8256
0.08650000 0.08650700 21777.26989981 0 756.05709175 0 7760.64782701 0 123.66458143 0 -758.14311775 0 8037
0.08750000 0.08749060 20997.55678608 0 497.52937956 0 7845.48397977 0 627.96800932 0 156.69886253 0 8155
0.08850000 0.08849210 20664.72270203 0 188.23837978 0 7645.47350425 0 -162.61702015 0 -878.45167753 0 8718
0.08950000 0.08949900 20811.32028263 0 272.77447253 0 7786.39098222 0 470.37228848 0 -201.85733930 0 8571
0.09050000 0.09049190 20451.35900278 0 367.52810664 0 6998.07467210 0 -114.86872660 0 -1576.10114864 0 8932
0.09150000 0.09150830 20201.67807812 0 499.94203914 0 6525.71822302 0 -18.75607535 0 -992.91294258 0 9285
0.09250000 0.09250820 19737.08332873 0 110.34800710 0 6423.00026567 0 1187.73935562 0 -1288.50858380 0 9204
0.09350000 0.09350330 19116.70096914 0 545.88665098 0 5800.93491271 0 932.52005409 0 -819.76503430 0 9349
0.09450000 0.09448040 19446.43480224 0 183.60239738 0 5494.51939568 0 1315.94580470 0 -1381.38324437 0 9564
0.09550000 0.09549270 18385.26319162 0 44.71370148 0 4726.11112559 0 996.46383715 0 -1046.36569787 0 10155
0.09650000 0.09649430 18731.60551194 0 393.59125203 0 5400.37141775 0 -2.87280325 0 -1093.72978175 0 9913
0.09750000 0.09749140 18312.96091055 0 197.95655927 0 5183.39814060 0 -253.25507111 0 140.83775723 0 10476
0.09850000 0.09850240 18231.57932313 0 614.54945887 0 6368.74587406 0 -821.76801786 0 911.77162461 0 10575
0.09950000 0.09950330 17988.54179337 0 338.88843126 0 6198.45351835 0 -453.41834472 0 1161.84118787 0 10882
0.10050000 0.10051200 17500.69516186 0 445.44294915 0 6342.59304284 0 589.11411430 0 621.52723798 0 10875
0.10150000 0.10150300 17093.34433178 0 450.54175473 0 6087.22094322 0 534.30832091 0 833.60654755 0 11118
0.10250000 0.10250800 17002.66199151 0 45.97605724 0 5765.38167772 0 1113.53263469 0 -255.51493261 0 11575
0.10350000 0.10349800 16696.73365677 0 27.59920901 0 4891.31021189 0 506.94528459 0 454.74480923 0 11364
0.10450000 0.10450100 16557.44381056 0 307.00567194 0 4248.59497314 0 418.38329453 0 -362.74707678 0 12093
0.10550000 0.10551000 16134.37027924 0 570.29780550 0 4211.04871968 0 152.11713452 0 -56.48203264 0 12067
0.10650000 0.10649700 16199.58627242 0 196.58912716 0 4859.16725294 0 -286.30263900 0 50.26414719 0 12054
0.10750000 0.10749900 15886.12875680 0 34.76588197 0 4666.38700552 0 -50.44850140 0 887.76571717 0 12807
0.10850000 0.10850100 16060.96076569 0 93.82510894 0 5846.95149466 0 -384.18863379 0 1027.36115955 0 12736
0.10950000 0.10950300 16068.48994656 0 231.37062111 0 5882.46044035 0 37.74444807 0 1839.52282840 0 12933
0.11050000 0.11050200 15804.08282989 0 189.39322326 0 6205.42908299 0 58.37119270 0 1231.19823053 0 13428
0.11150000 0.11150900 15714.83989186 0 499.25001884 0 5942.14027112 0 197.10952642 0 2071.93092634 0 13453
0.11250000 0.11250000 15289.10900258 0 190.98985249 0 6546.98815899 0 184.12279664 0 1222.06356256 0 13668
0.11350000 0.11349100 15030.45949482 0 336.67064460 0 6135.40770083 0 451.89036389 0 1693.36814079 0 13791
0.11450000 0.11448600 14800.15513859 0 284.01398946 0 5696.02463505 0 575.00022185 0 1285.00972915 0 14205
0.11550000 0.11549300 14445.61929790 0 215.39325639 0 5618.45192738 0 662.99863058 0 1524.88057402 0 14776
0.11650000 0.11649800 14538.51610312 0 78.10805458 0 5422.06210207 0 756.70592999 0 1254.00721966 0 14553
0.11750000 0.11747300 14314.63369529 0 88.80093083 0 5235.13911448 0 82.03374735 0 1700.02260801 0 14568
0.11850000 0.11849100 14421.70307629 0 309.46926422 0 5255.62291539 0 187.04810486 0 1739.47330133 0 16015
0.11950000 0.11950300 13884.14170634 0 274.09207919 0 5398.42268858 0 -591.70836001 0 2220.68761028 0 15270
0.12050000 0.12050700 13945.15021609 0 184.46603871 0 5285.99430237 0 -67.45415292 0 1704.20794679 0 15999
0.12150000 0.12150000 13746.73415534 0 7.22916516 0 5859.78431912 0 183.21265154 0 1398.63392644 0 15670
0.12250000 0.12250700 13724.92167545 0 168.58943215 0 5658.41194765 0 -238.07269932 0 715.50470211 0 16887
0.12350000 0.12352200 13527.05923094 0 584.33751337 0 5860.76975603 0 -1.00346487 0 1184.80518954 0 16407
0.12450000 0.12449800 13215.04111755 0 305.23077828 0 5414.97581418 0 7.57465491 0 816.92498298 0 16306
0.12550000 0.12549900 13185.14584054 0 -113.06283042 0 5171.05249843 0 839.76608185 0 1298.38509753 0 17523
0.12650000 0.12650100 13363.63171662 0 -309.74275064 0 4883.76995868 0 1029.37521544 0 837.20283865 0 17154
0.12750000 0.12750600 13540.12457423 0 -284.72372548 0 4249.94579677 0 846.16699283 0 305.30828455 0 18007
0.12850000 0.12850300 13517.42630835 0 116.73109163 0 4311.08717441 0 48.28220105 0 102.14485381 0 17496
0.12950000 0.12949900 13371.38234399 0 419.90352472 0 3981.54157084 0 88.91818675 0 358.65806722 0 18405
0.13050000 0.13049000 12912.54520351 0 463.63145713 0 3896.94900922 0 -285.56854386 0 149.28483383 0 18100
0.13150000 0.13148800 12646.69868461 0 235.87041391 0 3831.72194372 0 -178.65528265 0 741.62210189 0 19059
0.13250000 0.13249300 12486.92503748 0 -42.29993467 0 3764.49078742 0 61.78578695 0 -275.29121197 0 18957
0.13350000 0.13349100 12535.08965044 0 6.58936195 0 4200.07604578 0 323.24655799 0 338.60830144 0 19468
0.13450000 0.13450700 12355.71798838 0 162.90490059 0 3696.52885768 0 418.44751401 0 44.36204445 0 19953
0.13550000 0.13551000 12388.93496283 0 118.62667364 0 3732.24817754 0 399.16727480 0 557.99866710 0 19956
0.13650000 0.13649900 12316.74340501 0 -34.25267972 0 3883.21932645 0 182.99563398 0 727.02102715 0 19723
0.13750000 0.13749600 12459.68711842 0 68.39961874 0 3839.47257109 0 123.25711988 0 1144.34691466 0 20946
0.13850000 0.13851100 12304.45312447 0 221.82406265 0 3933.91950179 0 8.38241423 0 994.39331241 0 20955
0.13950000 0.13949800 12036.28141736 0 360.88028281 0 3990.32192442 0 136.32467763 0 1394.99113158 0 20506
0.14050000 0.14048300 11792.35810160 0 314.20379031 0 3693.28466651 0 240.61711956 0 1330.37304393 0 21447
0.14150000 0.14148400 11607.56100038 0 185.72496204 0 3833.75925148 0 125.83918603 0 1072.42884326 0 21771
0.14250000 0.14249400 11256.34685713 0 166.94297745 0 3539.64508732 0 179.84223587 0 1373.77655722 0 22470
0.14350000 0.14350900 11378.91749287 0 270.02410705 0 3693.67219788 0 24.42754157 0 989.56245709 0 22519
0.14450000 0.14449900 11057.01179342 0 325.24732708 0 3733.87580929 0 -268.79397176 0 1155.12028671 0 22218
0.14550000 0.14550500 10809.98822672 0 327.73970740 0 3957.79143410 0 -148.30604032 0 942.99779506 0 23559
0.14650000 0.14650700 10637.33746582 0 226.90183081 0 3934.50633501 0 -23.91810390 0 1265.07954448 0 23044
0.14750000 0.14750500 10436.74015708 0 148.90062416 0 4140.44050431 0 366.55042035 0 1025.33492411 0 23649
0.14850000 0.14849900 10362.31198965 0 -53.00410469 0 3980.04680699 0 439.28562932 0 1264.68094079 0 23640
0.14950000 0.14949500 10359.66570402 0 -35.70304355 0 3673.23268626 0 798.12306821 0 1008.39094544 0 24457
0.15050000 0.15050000 10279.65708488 0 143.35006773 0 3297.26082472 0 195.72770028 0 896.85277415 0 24591
0.15150000 0.15149900 10243.32878715 0 265.64168089 0 3190.15822675 0 105.32283248 0 695.18809330 0 25020
0.15250000 0.15250500 9931.50997561 0 186.64950117 0 3037.23834868 0 -144.69646243 0 939.18891532 0 25297
0.15350000 0.15350100 9785.28885405 0 171.39848096 0 3011.22945768 0 -303.71276254 0 511.17823437 0 25452
0.15450000 0.15450400 9754.47457408 0 90.73659466 0 3058.65222488 0 -175.53510151 0 211.64416721 0 26061
0.15550000 0.15549900 9650.66045658 0 99.42028684 0 3242.82927591 0 -37.81841120 0 168.45877872 0 26128
0.15650000 0.15649500 9577.09593049 0 162.90490059 0 2937.27740022 0 120.01182148 0 -57.20018363 0 26331
0.15750000 0.15749700 9429.67899785 0 92.39345734 0 3078.51597560 0 83.17386464 0 66.35101720 0 27345
0.15850000 0.15849900 9499.92182650 0 26.51223889 0 3060.91097914 0 -6.24654063 0 -128.37142671 0 26980
0.15950000 0.15949700 9243.35391580 0 58.08320153 0 3103.04117508 0 184.35531546 0 -13.65981641 0 27777
0.16050000 0.16050000 9395.02262117 0 191.45489014 0 3197.01199581 0 9.07564141 0 152.26439644 0 28224
0.16150000 0.16150500 9253.54045464 0 129.00144200 0 3295.93214574 0 102.90906567 0 360.21483609 0 28075
0.16250000 0.16249700 9114.89280326 0 218.91204122 0 3310.21544476 0 48.24699106 0 317.29629063 0 28590
0.16350000 0.16349900 9062.95252753 0 137.35551107 0 3171.05846644 0 326.55164695 0 641.66115343 0 29163
0.16450000 0.16449100 8776.97652212 0 63.87148078 0 3086.74271294 0 474.87540298 0 885.47817486 0 28996
0.16550000 0.16550500 8825.86083619 0 48.30312774 0 2853.18309322 0 704.58738983 0 634.34677565 0 30777
0.16650000 0.16650700 8747.60164437 0 25.94943261 0 2513.35129988 0 302.99416866 0 745.90819883 0 29211
0.16750000 0.16749900 8582.83437875 0 100.57092284 0 2204.72131789 0 225.89092756 0 459.84361481 0 30922
0.16850000 0.16850800 8590.02031755 0 55.65581576 0 2214.76391650 0 -199.07264961 0 527.58631252 0 30867
0.16950000 0.16949900 8542.45361013 0 123.30030195 0 2151.80667758 0 -230.84357845 0 252.24638232 0 30852
0.17050000 0.17049200 8526.35444985 0 -51.43017372 0 2245.97680016 0 -115.27508092 0 294.59359582 0 31257
0.17150000 0.17149500 8480.75861624 0 101.83892548 0 2299.41183974 0 -103.11755755 0 2.94192778 0 32608
0.17250000 0.17250900 8406.90620970 0 312.31928062 0 2319.02092699 0 -230.06187231 0 -163.82168909 0 32361
0.17350000 0.17350400 8101.79722700 0 248.65673461 0 2259.73969991 0 280.47305998 0 128.92282849 0 32508
0.17450000 0.17449800 8070.55112636 0 86.85928795 0 2222.89100292 0 184.02425295 0 120.57761728 0 32791
0.17550000 0.17549800 8010.68306607 0 -144.88469195 0 1976.18853363 0 495.51310921 0 130.29801123 0 33633
0.17650000 0.17650100 8130.98387522 0 18.56087026 0 1969.17975202 0 330.31955908 0 -62.40805161 0 33984
0.17750000 0.17750300 8029.06312527 0 122.11777766 0 1969.58942804 0 82.76474223 0 -55.29474725 0 34069
0.17850000 0.17849800 8035.54043529 0 111.93123882 0 1661.03695232 0 -140.03722814 0 71.17522912 0 34536
0.17950000 0.17950400 7784.60833792 0 240.59386768 0 1895.74809382 0 -110.76421579 0 314.12074787 0 35343
0.18050000 0.18050100 7757.76902256 0 173.74581382 0 1906.52146587 0 136.82957564 0 411.51402421 0 34990
0.18150000 0.18150500 7514.00071935 0 -11.17086851 0 1811.48770195 0 255.72862848 0 380.82929044 0 36243
0.18250000 0.18250200 7588.15207866 0 44.72776334 0 1655.73330873 0 338.90836144 0 405.33123803 0 35694
0.18350000 0.18350400 7469.65605845 0 78.34865620 0 1613.79134232 0 249.30335838 0 272.67925054 0 37087
0.18450000 0.18450600 7434.88895852 0 148.30936202 0 1629.44760961 0 90.92881022 0 699.80082382 0 36651
0.18550000 0.18550700 7402.42490216 0 108.48841015 0 1537.61374757 0 -87.72824400 0 851.61900557 0 37818
0.18650000 0.18651000 7399.80076117 0 -22.77311479 0 1780.16409504 0 -73.89514571 0 665.12894588 0 37267
0.18750000 0.18750100 7391.46330059 0 -12.07005201 0 1701.51737186 0 -139.53122290 0 467.26096521 0 38334
0.18850000 0.18850000 7466.86583260 0 179.42038029 0 1886.64664282 0 -93.09677141 0 525.30209191 0 38223
0.18950000 0.18949500 7273.80877706 0 178.30871888 0 1771.40588611 0 -51.83519936 0 565.89102023 0 39064
0.19050000 0.19050000 7176.25052309 0 115.17985893 0 1815.24122007 0 51.51687002 0 442.19875798 0 39609
0.19150000 0.19149800 7079.78842927 0 15.49605075 0 1723.13054990 0 175.64361030 0 533.96950777 0 39576
0.19250000 0.19250400 7029.85224433 0 110.73542774 0 1710.48595496 0 235.45298727 0 224.42495175 0 40909
0.19350000 0.19350500 6854.13444946 0 151.30553311 0 1576.38902908 0 80.40445475 0 224.24447285 0 40191
0.19450000 0.19450100 6884.47261946 0 94.90986460 0 1534.28097780 0 60.92203489 0 307.53050014 0 41232
0.19550000 0.19549800 6771.85600373 0 -59.93294412 0 1552.30672260 0 12.27477929 0 470.79303682 0 40873
0.19650000 0.19649700 6885.41376707 0 14.38981478 0 1549.20647165 0 39.90277635 0 468.63614795 0 42816
0.19750000 0.19750200 6873.51101789 0 -22.32269262 0 1365.12907154 0 266.65479861 0 707.38425908 0 41727
0.19850000 0.19849000 6870.79829831 0 -15.81593022 0 1353.74672163 0 390.04700085 0 606.29725519 0 42610
0.19950000 0.19949900 6881.07341574 0 57.67607215 0 1186.99750986 0 223.45058717 0 642.85253558 0 43863
0.20050000 0.20050100 6710.75891538 0 221.85506516 0 1128.91209386 0 61.41674637 0 605.91525998 0 43302
0.20150000 0.20150100 6621.91458104 0 225.08486231 0 1218.74186511 0 -198.16471898 0 712.92485042 0 44487
0.20250000 0.20249700 6473.61186242 0 156.37333618 0 1225.46276628 0 -140.18559730 0 960.20972399 0 43759
0.20350000 0.20349100 6383.70458489 0 65.99017013 0 1359.19430544 0 -13.73953714 0 844.02781967 0 45282
0.20450000 0.20449700 6396.50419238 0 -22.00679919 0 1247.71813916 0 188.32474391 0 1039.19858202 0 45483
0.20550000 0.20549900 6423.56495424 0 -95.49547986 0 1256.83066249 0 109.44705203 0 626.39684643 0 46138
0.20650000 0.20650200 6490.92897844 0 86.34187821 0 1290.49052994 0 -52.21187985 0 445.58578214 0 46227
0.20750000 0.20749300 6344.96252035 0 213.13228767 0 1328.22501292 0 -194.44331061 0 625.28518502 0 46236
0.20850000 0.20850300 6281.17485707 0 183.60793354 0 1521.11598359 0 -316.42046974 0 623.80260073 0 48361
0.20950000 0.20950400 6162.65669221 0 24.06326208 0 1522.78790463 0 -53.59226659 0 592.71815603 0 46812
0.21050000 0.21050300 6140.40131933 0 82.84700961 0 1554.37724734 0 34.34978401 0 521.03149622 0 48813
0.21150000 0.21149700 6089.83401188 0 149.16414549 0 1536.44008113 0 2.23912303 0 427.75491025 0 47215
0.21250000 0.21249000 6019.81262973 0 70.40647761 0 1433.45638800 0 171.55681521 0 343.69160577 0 50004
0.21350000 0.21350300 5945.38446230 0 10.10375106 0 1297.51038387 0 149.66793627 0 378.88941913 0 49509
0.21450000 0.21449800 5940.04760173 0 22.31106668 0 1226.01638252 0 90.70614576 0 279.56734381 0 49660
0.21550000 0.21550100 5983.52862130 0 31.95240424 0 1086.46855113 0 160.81223120 0 22.13612395 0 50841
0.21650000 0.21649800 5878.39689714 0 76.03310091 0 1062.46707262 0 -33.52423147 0 151.19370263 0 50424
0.21750000 0.21750300 5853.49523863 0 160.63285954 0 1019.57067181 0 4.89288248 0 22.49508872 0 52231
0.21850000 0.21850300 5694.57416050 0 125.89454765 0 1085.33585230 0 44.68026306 0 121.54533846 0 51078
0.21950000 0.21950100 5590.49430721 0 104.78704268 0 987.14204688 0 129.20517277 0 176.85270817 0 52791
0.22050000 0.22050700 5588.01410645 0 -5.90282245 0 986.28504894 0 139.38838991 0 82.11346809 0 52969
0.22150000 0.22150000 5612.09641293 0 -66.53160682 0 813.74390406 0 281.98332509 0 88.11843273 0 52704
0.22250000 0.22250100 5617.96474508 0 12.54793355 0 782.48119493 0 23.32451657 0 206.19769063 0 54051
0.22350000 0.22349900 5658.81055134 0 105.05543584 0 700.20053474 0 -19.22808856 0 112.33094975 0 53938
0.22450000 0.22449800 5548.36411127 0 125.06744499 0 772.56482083 0 -108.71483919 0 273.93928111 0 54735
0.22550000 0.22549100 5470.25993200 0 135.94378966 0 743.28516508 0 -47.95302083 0 342.37399911 0 54774
0.22650000 0.22649900 5359.32630964 0 75.99722658 0 829.24183711 0 108.05260344 0 305.68917252 0 56911
0.22750000 0.22749800 5394.68024279 0 9.01660378 0 811.89814751 0 39.90488009 0 235.49727657 0 54879
0.22850000 0.22849100 5360.97608604 0 99.27003539 0 923.46399962 0 -39.06061533 0 226.17105737 0 57210
0.22950000 0.22949800 5296.69016815 0 106.41378864 0 919.41374320 0 -137.82829934 0 239.12567741 0 57375
0.23050000 0.23049600 5244.48415663 0 61.70506971 0 1022.37529169 0 -168.57282367 0 223.92891160 0 57604
0.23150000 0.23150100 5263.20745789 0 -4.35040500 0 985.64617580 0 -30.97815038 0 277.18679397 0 58629
0.23250000 0.23250200 5251.75867403 0 48.12397753 0 1140.88127699 0 11.04341498 0 124.41307059 0 58560
0.23350000 0.23350400 5285.87250680 0 87.81992285 0 1147.64646745 0 -39.72705856 0 209.48395664 0 59305
0.23450000 0.23449700 5162.93648434 0 88.11356091 0 1066.11208195 0 78.63432218 0 116.48196432 0 59196
0.23550000 0.23549300 5130.87103166 0 117.03447333 0 1171.67341231 0 -0.53143395 0 327.53376216 0 60063
0.23650000 0.23649900 5106.93266540 0 3.82526678 0 1027.58924944 0 120.41374687 0 151.10069510 0 61537
0.23750000 0.23750400 5048.57044128 0 -11.65162885 0 1094.06970212 0 33.80059670 0 184.73288174 0 61224
0.23850000 0.23850100 5128.35761393 0 93.14393952 0 960.35809315 0 -24.41835154 0 70.69136853 0 61221
0.23950000 0.23949400 5022.86050306 0 53.52527902 0 995.19051979 0 86.34243183 0 96.41082896 0 62332
0.24050000 0.24050100 4967.12241992 0 111.10745786 0 956.42409614 0 -130.98670984 0 119.34526752 0 63447
0.24150000 0.24150500 4960.34615713 0 79.09891693 0 923.25805438 0 38.49205145 0 59.56279630 0 63342
0.24250000 0.24250300 4864.09443748 0 47.31137961 0 995.95893913 0 58.91871916 0 102.71662866 0 63379
0.24350000 0.24349600 4872.00007740 0 16.63594659 0 1002.15944103 0 27.18543623 0 135.65812368 0 64266
0.24450000 0.24449500 4865.56705668 0 47.71131198 0 1079.61367484 0 97.22874159 0 139.47364681 0 64695
0.24550000 0.24549600 4841.15258046 0 84.10083967 0 993.10781549 0 63.87380597 0 224.33305145 0 65947
0.24650000 0.24650000 4743.20679511 0 92.35481493 0 962.24260283 0 64.82037902 0 179.57096391 0 66018
0.24750000 0.24750000 4693.35918878 0 98.20986029 0 978.25097005 0 -1.62447614 0 236.11954122 0 66303
0.24850000 0.24849600 4626.94738452 0 91.12656194 0 866.05620990 0 67.84644539 0 230.74282029 0 66958
0.24950000 0.24949200 4549.71791891 0 53.03798601 0 856.34467380 0 46.26139105 0 290.72603276 0 66975
0.25050000 0.25048900 4566.63643123 0 36.71870790 0 830.30256583 0 57.75800735 0 316.84121808 0 68676
0.25150000 0.25150000 4508.34064106 0 18.72485139 0 727.89241911 0 214.98468761 0 175.40555531 0 69349
0.25250000 0.25249900 4495.24208080 0 62.84064734 0 718.64813512 0 89.21802531 0 249.35872001 0 68592
0.25350000 0.25349900 4504.04457903 0 -0.36255663 0 637.49685206 0 70.92776266 0 242.61013803 0 70437
0.25450000 0.25450100 4483.72686299 0 -18.46730912 0 565.16578295 0 155.92158533 0 276.06959640 0 70099
0.25550000 0.25550100 4569.57059730 0 -20.32734896 0 488.19098081 0 12.01646196 0 210.43506934 0 71064
0.25650000 0.25650300 4504.21066390 0 66.26775332 0 487.82559409 0 13.17617726 0 55.43658373 0 71409
0.25750000 0.25750600 4501.55330594 0 113.40053633 0 464.31461957 0 -89.57156464 0 78.21479180 0 72612
0.25850000 0.25850600 4422.22009862 0 113.72274098 0 424.25051945 0 -121.08362252 0 -32.13387964 0 71845
0.25950000 0.25949600 4368.48610627 0 51.09988627 0 440.33528571 0 -50.80680183 0 54.44361764 0 72816
0.26050000 0.26049800 4344.97956068 0 39.66605005 0 504.67435077 0 -58.70181232 0 -175.23171981 0 73743
0.26150000 0.26149900 4296.07310196 0 84.32915101 0 509.52181457 0 -67.23370293 0 -6.44887629 0 74662
0.26250000 0.26250300 4312.12797295 0 92.22670813 0 591.48691351 0 -19.61362691 0 -61.76220290 0 74931
0.26350000 0.26350100 4231.35536339 0 60.28958370 0 724.66262196 0 -13.41334646 0 112.37413182 0 75087
0.26450000 0.26450200 4206.83016392 0 39.60836323 0 680.35117804 0 54.60804167 0 39.34993517 0 76678
0.26550000 0.26550600 4211.08193665 0 51.17163494 0 749.03391612 0 40.66012337 0 83.51168127 0 76035
0.26650000 0.26650100 4147.93646821 0 62.50526662 0 710.94954768 0 25.29406171 0 198.93535278 0 77094
0.26750000 0.26750600 4130.29825477 0 27.26858939 0 592.70819094 0 186.89087785 0 122.46434142 0 78463
0.26850000 0.26850100 4146.05417299 0 -6.90196689 0 566.44352923 0 53.71018685 0 81.03214485 0 77076
0.26950000 0.26949700 4136.36588878 0 39.85151149 0 451.01565023 0 42.59667298 0 11.98811680 0 79149
0.27050000 0.27049900 4113.62333360 0 101.72034088 0 473.24998570 0 40.02136095 0 82.53864536 0 79648
0.27150000 0.27150200 4058.77103645 0 46.85818936 0 453.04963630 0 -49.37991133 0 177.50043917 0 80241
0.27250000 0.27250500 4064.79438115 0 21.86031234 0 469.77659741 0 37.61313030 0 160.99935349 0 80835
0.27350000 0.27350000 4094.50142864 0 15.85269034 0 511.01104226 0 15.03798868 0 211.45372322 0 80680
0.27450000 0.27450400 4038.53082668 0 74.23174439 0 543.35662476 0 -25.66719906 0 205.25765026 0 82617
0.27550000 0.27550800 4036.64853146 0 91.22421984 0 554.13774743 0 -12.35748956 0 285.51761117 0 82548
0.27650000 0.27649900 3934.24059921 0 54.61944616 0 544.20255037 0 30.36773311 0 198.81023551 0 81181
0.27750000 0.27748900 3948.44639195 0 77.59905981 0 555.04014190 0 52.38770837 0 275.73631942 0 84096
0.27850000 0.27849800 3855.95926274 0 59.37644907 0 471.25586000 0 106.83154746 0 207.03918732 0 85215
0.27950000 0.27950200 3854.76345166 0 26.12149654 0 405.24819559 0 62.76934157 0 306.14867400 0 84514
0.28050000 0.28050300 3824.53600491 0 7.91611434 0 398.21616210 0 86.91918923 0 297.30410094 0 85815
0.28150000 0.28150100 3846.22668923 0 24.41392261 0 298.15888441 0 133.14913487 0 352.82184481 0 85485
0.28250000 0.28250000 3824.11525656 0 37.35016259 0 292.04585388 0 80.78467839 0 297.08154721 0 87220
0.28350000 0.28350400 3799.92222684 0 42.32639753 0 238.30853984 0 56.32591286 0 312.62044786 0 87147
0.28450000 0.28449700 3793.57778471 0 51.24703747 0 151.55355319 0 50.10437355 0 245.88201002 0 87102
0.28550000 0.28549800 3706.25035887 0 96.34572369 0 143.24820234 0 -64.50094245 0 258.03056481 0 88971
0.28650000 0.28649900 3667.63008990 0 113.73381330 0 161.33484493 0 -72.68106530 0 120.19230037 0 89434
0.28750000 0.28750100 3602.65768787 0 76.00065900 0 147.87864858 0 -80.02002363 0 50.36125148 0 89619
0.28850000 0.28849900 3543.64219658 0 50.56797179 0 209.43191671 0 -151.01322374 0 52.57782019 0 90240
0.28950000 0.28950100 3535.95800316 0 68.92666140 0 176.08096713 0 -38.12743979 0 -60.41414735 0 91333
0.29050000 0.29050500 3523.15839567 0 33.58468636 0 253.60606381 0 -16.04678819 0 6.06462233 0 92139
0.29150000 0.29150600 3516.00567384 0 5.69302404 0 217.27887331 0 107.92327869 0 34.42640450 0 92370
0.29250000 0.29250200 3561.87831556 0 7.35829062 0 203.04650699 0 72.52217744 0 96.53317815 0 91819
0.29350000 0.29349600 3552.36718854 0 33.42945237 0 172.47138924 0 67.59864676 0 18.07103061 0 93552
0.29450000 0.29450000 3514.61056091 0 58.97352717 0 170.06426582 0 32.43670773 0 94.09582728 0 94701
0.29550000 0.29550200 3488.85633338 0 54.24708388 0 196.05987003 0 37.01201379 0 178.48366161 0 95020
0.29650000 0.29650300 3442.07576102 0 65.00550829 0 140.07708851 0 25.44298448 0 266.81866901 0 95151
0.29750000 0.29749800 3412.22477331 0 63.05223947 0 151.80489496 0 77.00669043 0 205.96517181 0 95802
0.29850000 0.29850000 3362.79791532 0 67.13139465 0 97.47454720 0 45.66016381 0 187.94828487 0 97399
0.29950000 0.29950700 3343.93067383 0 67.79883439 0 66.84174263 0 -28.48222692 0 212.49673622 0 97881
0.30050000 0.30050300 3350.19760968 0 28.01408902 0 124.22927000 0 -30.07841326 0 239.16885948 0 97188
0.30150000 0.30149700 3303.58312219 0 5.26012935 0 47.31182250 0 -11.02698365 0 190.36758784 0 98263
0.30250000 0.30249700 3357.39462081 0 16.43365522 0 86.59576662 0 -30.34326327 0 272.73129047 0 100050
0.30350000 0.30350600 3381.27762544 0 31.55158608 0 81.33707667 0 -4.51073226 0 91.46825388 0 100779
0.30450000 0.30450500 3339.46852693 0 54.78719188 0 151.98094493 0 -11.75116905 0 126.83458803 0 99982
0.30550000 0.30550300 3315.89554739 0 69.48847116 0 88.57793421 0 -58.00348079 0 107.44927246 0 101559
0.30650000 0.30649700 3300.78182401 0 59.14592327 0 190.89352327 0 -6.26624936 0 126.20789445 0 100935
0.30750000 0.30749800 3255.30778598 0 57.47920621 0 137.41308716 0 14.49466970 0 106.36064148 0 103762
0.30850000 0.30850200 3223.17589936 0 63.42393741 0 191.25115936 0 20.02584956 0 37.10535349 0 102951
0.30950000 0.30950100 3202.74746007 0 79.11308951 0 171.22796716 0 -73.43885521 0 34.58451729 0 104394
0.31050000 0.31050000 3144.88349056 0 92.36455857 0 212.32843688 0 -57.77096197 0 133.20781820 0 103963
0.31150000 0.31149700 3113.67060690 0 42.79165662 0 200.16770254 0 30.43239549 0 194.17757481 0 105936
0.31250000 0.31250000 3099.63089903 0 -3.90734592 0 141.46666528 0 123.08106992 0 183.42634741 0 105717
0.31350000 0.31349800 3114.98821355 0 -11.90429931 0 134.59739496 0 118.14281305 0 178.23342707 0 106776
0.31450000 0.31450400 3141.67251637 0 41.61976176 0 114.44022763 0 103.62478075 0 212.61963903 0 108733
0.31550000 0.31549900 3098.59010050 0 67.00505943 0 14.24819975 0 57.62525018 0 303.98403450 0 105891
0.31650000 0.31650000 3058.87367137 0 77.04256477 0 10.69709480 0 -1.48314898 0 384.00372597 0 111072
0.31750000 0.31750600 3031.29251025 0 3.11434602 0 -10.32426748 0 -1.32914402 0 345.40117272 0 108121
0.31850000 0.31849900 3023.60831683 0 38.25443936 0 53.42728895 0 30.75991486 0 332.27603888 0 110484
0.31950000 0.31950100 3011.97130344 0 21.66156411 0 -18.82184496 0 40.33935812 0 336.02512806 0 110817
0.32050000 0.32049800 3000.85468932 0 20.67158754 0 -30.74253131 0 101.17702190 0 287.77968713 0 111088
0.32150000 0.32149900 2970.61617024 0 51.32642604 0 -63.01403995 0 15.92355321 0 298.90405187 0 112635
0.32250000 0.32250100 3000.62217050 0 40.26794162 0 -107.38837467 0 23.72201303 0 300.53389809 0 113202
0.32350000 0.32350400 2959.87601517 0 47.24527783 0 -143.06108005 0 17.88313326 0 315.92332235 0 113863
0.32450000 0.32450300 2982.57428105 0 36.79455333 0 -100.08684080 0 -79.07245408 0 255.64226434 0 114045
0.32550000 0.32549900 2951.19531251 0 50.08865084 0 -72.88822850 0 -80.91533182 0 211.92983319 0 114828
0.32650000 0.32650300 2922.79479935 0 84.11689454 0 -69.38749156 0 -52.78310109 0 265.01609453 0 116431
0.32750000 0.32750400 2868.57362472 0 78.26063122 0 -6.69523552 0 -21.19209753 0 251.96846697 0 116442
0.32850000 0.32850400 2860.65691247 0 38.79321868 0 -10.88490358 0 27.85863358 0 181.41672046 0 116955
0.32950000 0.32949800 2826.15554834 0 36.14338991 0 40.70673786 0 17.04196874 0 85.75305198 0 117028
0.33050000 0.33049700 2805.33957768 0 68.60921785 0 -60.30729942 0 -70.00001257 0 29.68944249 0 119061
0.33150000 0.33150100 2781.16869260 0 53.14040501 0 28.30086224 0 -54.04789275 0 44.98165175 0 120060
0.33250000 0.33250400 2790.48051777 0 -3.97693548 0 9.78599748 0 -81.90707995 0 47.20519602 0 119737
0.33350000 0.33350100 2819.34606857 0 21.53866130 0 20.37130609 0 -23.79497965 0 -22.55720446 0 120531
0.33450000 0.33450000 2818.00631727 0 15.25854939 0 -42.82310202 0 -22.16347259 0 -24.27297191 0 121704
0.33550000 0.33550300 2821.25050844 0 29.21731856 0 -19.74682697 0 29.21145023 0 8.37858320 0 122761
0.33650000 0.33650300 2832.04602514 0 28.38578697 0 -46.50808244 0 62.44481173 0 -16.38095095 0 122472
0.33750000 0.33749900 2777.35981286 0 46.20370424 0 -60.24097619 0 116.01581945 0 3.02616602 0 122985
0.33850000 0.33849800 2767.35043122 0 61.35197327 0 -86.06163767 0 1.84133869 0 74.01018717 0 125380
0.33950000 0.33950300 2748.35032183 0 66.70610666 0 -82.98740669 0 -0.52215644 0 1.15668148 0 125223
0.34050000 0.34050000 2730.81175932 0 41.02927468 0 -81.70113471 0 -39.80533989 0 153.74365904 0 125178
0.34150000 0.34149900 2705.38970154 0 56.42512089 0 -26.00778377 0 -32.99785315 0 162.13205232 0 127059
0.34250000 0.34250300 2713.11818426 0 32.03157136 0 -59.14381953 0 44.75400475 0 237.43382618 0 127957
0.34350000 0.34349800 2685.19378107 0 28.26864177 0 -77.45965924 0 111.46841565 0 200.99480520 0 126732
0.34450000 0.34449700 2691.07318555 0 24.45732612 0 -81.12061272 0 76.26761275 0 232.18222252 0 129639
0.34550000 0.34550000 2678.73861570 0 28.11396139 0 -68.94315916 0 100.56715825 0 263.72838316 0 129826
0.34650000 0.34650400 2675.98160682 0 56.57858331 0 -147.28406474 0 60.63758687 0 332.81193940 0 130875
0.34750000 0.34750200 2634.36073783 0 60.75218543 0 -138.65208031 0 -17.73432122 0 327.07204621 0 130686
0.34850000 0.34850200 2618.47195171 0 30.52651025 0 -200.51758800 0 -43.90741479 0 340.21046684 0 132211
0.34950000 0.34950400 2590.24859575 0 51.38931684 0 -153.45356413 0 -3.43182279 0 318.72462053 0 132768
0.35050000 0.35050300 2566.58703761 0 62.34560370 0 -158.04082830 0 -13.05958568 0 275.55362606 0 132957
0.35150000 0.35150100 2538.71799604 0 51.18569679 0 -182.46305515 0 30.39984285 0 238.10148737 0 133987
0.35250000 0.35249800 2530.29195686 0 12.61658196 0 -253.76107636 0 17.30715092 0 239.90074015 0 134778
0.35350000 0.35349800 2531.24417679 0 -10.89251026 0 -238.86104885 0 14.97255124 0 226.51319221 0 135699
0.35450000 0.35450100 2556.73266852 0 5.59291915 0 -247.34355689 0 -11.08771535 0 171.38519417 0 137380
0.35550000 0.35550100 2599.62685487 0 49.69093294 0 -242.16392334 0 -4.26521453 0 138.68197559 0 136161
0.35650000 0.35649900 2542.65974368 0 59.50123417 0 -252.20430749 0 -37.11000386 0 212.81340471 0 138792
0.35750000 0.35750000 2549.17027067 0 63.71768619 0 -232.61293595 0 -30.39297801 0 132.76935413 0 138097
0.35850000 0.35849800 2520.96905936 0 60.60868810 0 -233.74563478 0 -1.23375594 0 186.65393010 0 140028
0.35950000 0.35950300 2475.65003388 0 57.50234737 0 -235.62460830 0 -31.84245605 0 165.38731582 0 141099
0.36050000 0.36050500 2450.93660488 0 36.98012549 0 -190.50045574 0 17.32021627 0 120.75698894 0 140821
0.36150000 0.36150200 2449.43076871 0 30.89145407 0 -173.78567419 0 -9.54625951 0 80.77172377 0 141756
0.36250000 0.36250400 2439.28851917 0 66.25114483 0 -188.64805580 0 -39.09062133 0 156.93581028 0 142971
0.36350000 0.36349900 2411.14266948 0 49.61785559 0 -189.88262001 0 13.25578727 0 190.55913906 0 142270
0.36450000 0.36450000 2414.96262155 0 4.43847427 0 -233.33817323 0 43.35125192 0 191.10611190 0 145311
0.36550000 0.36550300 2432.24652059 0 -1.45196932 0 -202.52610772 0 56.07346386 0 159.34182647 0 145434
0.36650000 0.36650100 2463.32653635 0 27.91565606 0 -218.30306336 0 -47.60689996 0 78.10617229 0 144547
0.36750000 0.36749600 2414.81868132 0 90.31628921 0 -162.27709977 0 -77.46707770 0 167.15556609 0 146892
0.36850000 0.36849900 2367.73915619 0 106.05604183 0 -189.86379706 0 -70.92953423 0 207.08015492 0 148113
0.36950000 0.36949900 2330.66901270 0 83.66447935 0 -189.46519337 0 -14.79561549 0 224.13153514 0 147387
0.37050000 0.37049800 2310.72775570 0 8.20299828 0 -165.42606895 0 29.21897941 0 163.34557912 0 149758
0.37150000 0.37150100 2298.64784933 0 17.22012245 0 -152.56224198 0 44.59655629 0 101.13085030 0 150099
0.37250000 0.37250000 2332.81704372 0 24.13921823 0 -174.69914099 0 14.79107583 0 90.94774389 0 150468
0.37350000 0.37349800 2297.89493124 0 20.25792549 0 -203.83153482 0 -8.47827842 0 75.79061700 0 150709
0.37450000 0.37449700 2306.63099552 0 49.93009515 0 -173.02721994 0 -37.79349847 0 108.86785872 0 153108
0.37550000 0.37550100 2288.70490164 0 30.42110172 0 -230.51473040 0 -17.06289544 0 112.68969307 0 153189
0.37650000 0.37649900 2260.27117150 0 49.95301487 0 -201.84737421 0 33.04136738 0 98.52708240 0 153547
0.37750000 0.37749900 2254.30318843 0 59.60276739 0 -200.49876505 0 16.33289706 0 38.98100531 0 155424
0.37850000 0.37850200 2217.76451653 0 38.06942081 0 -237.41611046 0 -11.57600487 0 -0.77750418 0 155313
0.37950000 0.37949900 2209.28311571 0 46.09774209 0 -270.20569318 0 -33.27211463 0 -7.22206780 0 156100
0.38050000 0.38050000 2200.49168981 0 56.78120686 0 -251.97400313 0 -23.34765773 0 -17.55915704 0 157557
0.38150000 0.38149800 2197.01497982 0 30.18592554 0 -292.07132023 0 25.73075420 0 -30.06844817 0 157692
0.38250000 0.38250100 2176.98514422 0 13.78914116 0 -320.47515509 0 37.76371392 0 -6.92343613 0 159703
0.38350000 0.38350500 2204.84311346 0 -7.01529214 0 -346.70217088 0 47.10953113 0 -22.57868477 0 160338
0.38450000 0.38450600 2195.71951781 0 40.64041463 0 -350.16891578 0 54.71522177 0 -8.59921035 0 160167
0.38550000 0.38550000 2180.18504609 0 65.24876726 0 -377.11563270 0 77.33742078 0 20.91274278 0 160033
0.38650000 0.38649600 2179.13317523 0 35.63350935 0 -392.18506677 0 15.59581240 0 92.56397114 0 162444
0.38750000 0.38750200 2166.10104892 0 34.95267209 0 -395.54330289 0 -27.55381248 0 59.30458968 0 164307
0.38850000 0.38850400 2138.15450108 0 59.61151453 0 -347.36097421 0 -32.15757442 0 67.82252917 0 163882
0.38950000 0.38950500 2129.23020728 0 36.76532239 0 -343.61299226 0 -41.62762311 0 136.54612413 0 164595
0.39050000 0.39050100 2146.89056536 0 37.90411100 0 -351.93938052 0 -6.87270274 0 125.09512580 0 165006
0.39150000 0.39150100 2123.80476811 0 34.05138485 0 -358.57723925 0 16.97033080 0 50.50253435 0 166687
0.39250000 0.39250100 2118.18002711 0 37.48679508 0 -368.68848628 0 26.55342793 0 75.06991938 0 167256
0.39350000 0.39350100 2086.95607112 0 61.55426464 0 -381.82469244 0 -29.45194112 0 99.38518757 0 167937
0.39450000 0.39449600 2090.24455159 0 60.04798557 0 -371.30044770 0 25.04670597 0 179.03395616 0 167719
0.39550000 0.39549700 2043.96223385 0 19.68194315 0 -363.49224424 0 36.53745395 0 157.94671354 0 171636
0.39650000 0.39650400 2068.83067539 0 14.98185199 0 -366.89476966 0 65.42481723 0 193.91294625 0 171093
0.39750000 0.39750000 2101.12864689 0 20.06737078 0 -350.68377889 0 6.42468326 0 234.95805435 0 170464
0.39850000 0.39849800 2051.98966934 0 54.81365474 0 -360.77841743 0 -25.62656362 0 258.41477448 0 172113
0.39950000 0.39949500 2056.27465905 0 66.70455653 0 -312.29935044 0 -29.80680914 0 233.33152983 0 173232
