### header ###
fiducial parameters:
Omega_m = 0.31
Omega_nu = 0
Omega_de = 0.69
Omega_k = 0
H_0 = 100
w_de = -1
zeff = 0
beta = 0
fgrowth = 0
b_1 = 2
gamma = 0.55
Lx = 3500 Ly = 3500 Lz = 3500
nx = 700 ny = 700 nz = 700
xoffset = -685.467585 yoffset = -31.7331281 zoffset = 572.489161
bins = 400 dk = 0.001
kx_ny = 0.628318531 ky_ny = 0.628318531 kz_ny = 0.628318531
############################
A(data) = 8.07135984 (not used)
A(ran) = 8.06667367 (used)
Ngal = 479570
weighted Ngal = 0
Nran = 23820508
weighted Nran = 0
SN(data) = 3492.14215
SN(ran) = 70.2636532
SN(data+ran) = 3562.4058
############################
13 columns: k_central k_mean P_0(k) sigma^{lin}_{P_0(k)} P^img_1(k) sigma^{lin}_{P_1(k)} P_2(k) sigma^{lin}_{P_2(k)} P^img_3(k) sigma^{lin}_{P_3(k)} P_4(k) sigma^{lin}_{P_4(k)} N_modes
### header ###
0.00050000 0 0 0 0 0 0 0 0 0 0 0 0
0.00150000 0.00179520 43412.70331869 0 -12661.75704636 0 -8327.44013448 0 80219.98982033 0 -38174.94006323 0 3
0.00250000 0.00253879 70177.61265631 0 3678.72455937 0 38932.72997382 0 -16576.59893249 0 64151.38915051 0 6
0.00350000 0.00331552 58853.17100154 0 17847.03748218 0 41931.33698121 0 -42846.57535072 0 36925.09603770 0 7
0.00450000 0.00420575 49367.73177591 0 19180.92045309 0 62536.49057571 0 21178.70002011 0 33436.98155009 0 24
0.00550000 0.00557378 41602.71038059 0 4072.92146756 0 76329.72849529 0 53968.39346130 0 4543.51741701 0 45
0.00650000 0.00659388 54513.15184238 0 4457.21971737 0 87280.92208043 0 83129.57533617 0 97.78512591 0 40
0.00750000 0.00754703 50650.46060615 0 -5797.71286619 0 65864.72069295 0 38740.40369172 0 20258.70055093 0 57
0.00850000 0.00846663 57933.28225561 0 2317.64795871 0 68797.89026066 0 54233.57564071 0 39504.83699720 0 75
0.00950000 0.00948925 65599.53851354 0 -4738.85537146 0 57000.43888964 0 25676.94270094 0 34439.91273216 0 112
0.01050000 0.01054430 59299.82858473 0 5570.02157862 0 55341.25101557 0 25090.99527153 0 38774.50645216 0 105
0.01150000 0.01145670 62451.89801410 0 7084.04020200 0 38873.38231279 0 24127.59228906 0 48302.90629810 0 144
0.01250000 0.01249090 61581.28111361 0 -6549.40192580 0 35965.45764567 0 25041.72342609 0 30948.03365410 0 169
0.01350000 0.01339930 64300.86553557 0 -5497.34283851 0 39285.27279605 0 11245.93887180 0 24604.14514926 0 180
0.01450000 0.01448870 65634.30561348 0 1121.15039416 0 26951.14584107 0 17552.07074901 0 3793.69958029 0 267
0.01550000 0.01550050 62647.10310065 0 9109.91025709 0 23004.19421296 0 -2522.85135458 0 16533.74903544 0 238
0.01650000 0.01653350 56234.56618193 0 7330.77588825 0 26687.73523363 0 -1973.04399338 0 7531.56142652 0 315
0.01750000 0.01747870 53107.07731366 0 1715.40206718 0 26110.97783383 0 6119.67392727 0 12579.04677997 0 297
0.01850000 0.01844180 52629.08505124 0 -4875.28855787 0 22325.23925508 0 6265.54073443 0 10345.23846478 0 388
0.01950000 0.01947590 57858.10117009 0 -1117.14221258 0 25238.14646837 0 -5177.07584313 0 7196.85611957 0 399
0.02050000 0.02045430 57738.18789231 0 168.95814057 0 19104.74285833 0 8096.68181293 0 4234.80992874 0 462
0.02150000 0.02154770 62234.76972441 0 -3964.80021571 0 15104.09045486 0 -2217.46556376 0 398.05118446 0 571
0.02250000 0.02255340 66665.13905409 0 -5307.30852765 0 20431.87171110 0 -5291.39759688 0 -11860.34217599 0 510
0.02350000 0.02348930 65721.44480980 0 1496.71257969 0 27011.15784158 0 -2603.49109623 0 -19469.35451461 0 555
0.02450000 0.02439640 65565.65719960 0 4148.82225420 0 27229.72553350 0 -10871.65000363 0 -10200.08028641 0 592
0.02550000 0.02547300 63244.67647112 0 7174.08034742 0 27488.37504127 0 -3240.75875117 0 -14037.27195858 0 837
0.02650000 0.02652900 59393.27900620 0 -48.09828974 0 27919.08847671 0 5831.12914249 0 751.58497976 0 723
0.02750000 0.02749970 59028.00301043 0 -4617.36982355 0 29534.20849801 0 17968.05799245 0 -7561.79994560 0 826
0.02850000 0.02848090 66740.98447910 0 -4608.97700133 0 28953.90795426 0 9093.42356543 0 -12486.14997474 0 831
0.02950000 0.02946900 63133.84249968 0 3646.81411924 0 25689.56515123 0 5639.26789803 0 -7131.05329318 0 996
0.03050000 0.03053250 62886.92965622 0 5701.09575982 0 23302.37192033 0 -3314.47828981 0 5913.87262586 0 1041
0.03150000 0.03150510 58142.10630169 0 2422.24821128 0 22809.98563565 0 847.50452966 0 17543.10216591 0 1036
0.03250000 0.03246190 60915.05932927 0 -1135.85444152 0 29494.23740541 0 2444.23784837 0 14073.03556775 0 1059
0.03350000 0.03345080 59952.20996304 0 1218.63114187 0 26451.45182200 0 11171.97574201 0 9209.88227788 0 1302
0.03450000 0.03451200 56601.28157993 0 1271.84473494 0 27684.02302081 0 3805.18158112 0 10187.01494312 0 1339
0.03550000 0.03553350 55542.76732726 0 4188.17329660 0 22786.06941404 0 3716.06043866 0 8535.68841967 0 1365
0.03650000 0.03647120 52775.35046209 0 2097.68515387 0 23452.84481462 0 -1981.63611744 0 12764.39749743 0 1308
0.03750000 0.03744890 52699.83720683 0 886.67841487 0 20696.94316725 0 -2685.66989104 0 5601.37840250 0 1579
0.03850000 0.03847530 51423.86249473 0 -132.21241619 0 22308.29859811 0 -1365.26193944 0 9490.57678435 0 1662
0.03950000 0.03950240 53183.91924790 0 389.99053199 0 23795.42254450 0 147.73581559 0 2980.48161166 0 1683
0.04050000 0.04050350 52632.96036492 0 1491.67467189 0 21814.14074146 0 2548.87131790 0 -138.60446931 0 1822
0.04150000 0.04152450 51930.75352493 0 1147.11499586 0 16339.09756513 0 1317.03089253 0 -979.11571862 0 1887
0.04250000 0.04250150 48692.76285496 0 1628.76112547 0 18515.03083849 0 2646.41849955 0 -1024.66947739 0 1920
0.04350000 0.04349210 47733.78880242 0 3637.77910219 0 19331.94696361 0 4851.83737391 0 -2585.84181047 0 2005
0.04450000 0.04448520 45082.52062459 0 2885.97931933 0 16657.31618042 0 1020.00138525 0 384.97809055 0 2151
0.04550000 0.04548030 41620.42610030 0 2507.41653378 0 17350.77588381 0 2673.29103189 0 4081.76825509 0 2274
0.04650000 0.04648670 40700.31590787 0 513.77690900 0 17375.35644491 0 5512.21297074 0 8471.87861174 0 2311
0.04750000 0.04749250 40535.89188431 0 -1722.70980156 0 15025.91984164 0 6127.20310814 0 4208.83425471 0 2568
0.04850000 0.04851840 41930.56191847 0 193.31946964 0 15620.39296115 0 542.76646984 0 4128.91421417 0 2493
0.04950000 0.04949480 40573.09489570 0 1148.26651764 0 16892.49235957 0 -730.60070976 0 6323.50435485 0 2644
0.05050000 0.05050630 40218.33760851 0 775.95405945 0 15143.50793121 0 986.55853536 0 9897.19684099 0 2829
0.05150000 0.05149060 39768.24760464 0 -153.62297070 0 13967.29486573 0 3306.82731336 0 7393.54489765 0 2784
0.05250000 0.05249300 38727.78124143 0 39.86335887 0 13079.62658502 0 2403.45847606 0 1731.64516769 0 3055
0.05350000 0.05348950 38986.65219569 0 543.12189147 0 11504.47765632 0 1486.57033015 0 -3110.32676481 0 3009
0.05450000 0.05448610 36859.21570503 0 1190.79531727 0 10574.90062617 0 -1813.25927393 0 -2563.96289663 0 3336
0.05550000 0.05550870 36695.89891396 0 2664.86499270 0 8830.23440449 0 -2768.30265116 0 -4384.90636398 0 3349
0.05650000 0.05647670 34215.58743133 0 964.44599547 0 10882.76661775 0 -2133.89165602 0 -4513.42283815 0 3324
0.05750000 0.05747970 34338.26879032 0 948.29479526 0 10917.56693466 0 -1036.06400686 0 -5444.66071702 0 3639
0.05850000 0.05849280 33268.35004310 0 -541.45439935 0 11541.01632822 0 214.22955506 0 -5229.93512181 0 3846
0.05950000 0.05951020 34526.94120523 0 590.59448413 0 13067.77919746 0 2800.88850310 0 -5990.18308851 0 3787
0.06050000 0.06049470 33213.09914225 0 921.33700602 0 12670.83635271 0 935.68120282 0 -4003.56442490 0 3930
0.06150000 0.06148310 33084.32800461 0 1778.50324632 0 10445.58694461 0 414.82132763 0 -2612.58147491 0 4083
0.06250000 0.06249100 31146.89260784 0 443.48979105 0 11547.99189286 0 142.45763835 0 -2594.97647845 0 4303
0.06350000 0.06350600 30907.06605227 0 620.03690305 0 11298.20024495 0 1900.04415585 0 -1243.53280038 0 4470
0.06450000 0.06451750 31137.81330149 0 -343.02615904 0 9931.43246933 0 1275.94149513 0 -3139.15909863 0 4479
0.06550000 0.06550280 30546.88332592 0 12.11511637 0 9615.22901716 0 1181.79351719 0 -3204.62975529 0 4636
0.06650000 0.06648880 31551.36463347 0 365.93701356 0 10011.29714825 0 -829.99364796 0 -4724.21775805 0 4653
0.06750000 0.06749660 29891.29097341 0 1519.47727951 0 9591.78890552 0 10.87129569 0 -4298.11040973 0 5220
0.06850000 0.06852730 29725.98116387 0 912.16579937 0 9896.10068084 0 -897.77288434 0 -1907.10829909 0 5029
0.06950000 0.06949320 29388.05381040 0 -654.65895553 0 11054.05548270 0 1683.89023074 0 -1749.32767042 0 5040
0.07050000 0.07048030 29280.32008992 0 -107.56985008 0 10358.17094017 0 1940.96746838 0 -1339.71808608 0 5475
0.07150000 0.07148790 29529.33667509 0 548.35135048 0 9437.06423851 0 1385.97825917 0 1303.66659647 0 5509
0.07250000 0.07249820 28634.24993675 0 983.44389039 0 9786.11927841 0 1192.50045529 0 1928.71040481 0 5916
0.07350000 0.07351270 28553.86485857 0 425.82500404 0 10301.49170942 0 354.23467346 0 3986.73449118 0 5721
0.07450000 0.07449140 27867.82361280 0 419.50602826 0 10472.92451459 0 1596.34135840 0 3066.39177993 0 6028
0.07550000 0.07549160 27273.57193979 0 595.36111996 0 10649.15163640 0 -537.67098596 0 2150.44478163 0 6183
0.07650000 0.07648840 26783.28939682 0 475.61060535 0 11039.24071209 0 -138.43616998 0 2144.08926718 0 6330
0.07750000 0.07749960 27157.86614543 0 134.74797858 0 10169.37672969 0 -1075.31318388 0 828.97610131 0 6583
0.07850000 0.07848650 26463.40993281 0 604.35738388 0 10547.91737059 0 -144.74407342 0 392.09980987 0 6549
0.07950000 0.07947320 26203.87463906 0 411.91041344 0 9869.07313595 0 2.99730047 0 -229.55697430 0 6828
0.08050000 0.08048110 25817.45050289 0 405.99114859 0 10519.39506185 0 95.35696508 0 578.99843835 0 7147
0.08150000 0.08149960 25415.52511197 0 870.88485075 0 11146.39867168 0 846.50469873 0 -145.69961506 0 7386
0.08250000 0.08250610 24324.90111733 0 719.85501853 0 9890.50915680 0 1287.30170039 0 1242.15983210 0 7227
0.08350000 0.08350160 24198.67661440 0 588.14196418 0 11029.41955997 0 1741.03449913 0 2462.08643597 0 7798
0.08450000 0.08449610 23723.00954019 0 354.55798534 0 9452.25546816 0 854.54763548 0 1544.74432475 0 7371
0.08550000 0.08548940 22995.77924610 0 1060.29689696 0 10679.10227504 0 1006.08347295 0 3434.35835062 0 8256
0.08650000 0.08650700 22587.21046029 0 895.11331192 0 9595.63100223 0 -576.42523006 0 2563.08818297 0 8037
0.08750000 0.08749060 21545.19397161 0 657.91643349 0 10121.02388720 0 95.89009752 0 4156.30714577 0 8155
0.08850000 0.08849210 20926.02956775 0 758.02464387 0 10202.98123551 0 1524.16087291 0 2436.79724609 0 8718
0.08950000 0.08949900 20388.02530481 0 316.80467941 0 9395.55409276 0 597.60548020 0 2444.61430741 0 8571
0.09050000 0.09049190 20152.29550943 0 194.04581414 0 8928.81131235 0 1459.18847087 0 1915.46790433 0 8932
0.09150000 0.09150830 20250.61775382 0 -45.16733463 0 8972.95667141 0 511.92229460 0 2130.82462205 0 9285
0.09250000 0.09250820 19865.74374312 0 -284.45134629 0 7605.49133933 0 785.49840345 0 1232.73728368 0 9204
0.09350000 0.09350330 20209.20725899 0 62.83965083 0 7291.14803773 0 617.03630303 0 -13.45209959 0 9349
0.09450000 0.09448040 19646.06881872 0 383.35599496 0 6803.07995972 0 -428.77134967 0 491.84152630 0 9564
0.09550000 0.09549270 19800.63847319 0 233.19201854 0 6194.10209470 0 -284.95070814 0 -561.30043436 0 10155
0.09650000 0.09649430 19477.88020472 0 260.55505486 0 6794.06708732 0 -9.54313711 0 -857.55377167 0 9913
0.09750000 0.09749140 19368.48563551 0 613.63709931 0 6630.04166746 0 -798.52388636 0 -1523.37473785 0 10476
0.09850000 0.09850240 18565.29919317 0 831.96562901 0 7437.39130393 0 -473.63751707 0 -1425.56182040 0 10575
0.09950000 0.09950330 18285.50154500 0 435.05157231 0 7174.47895111 0 9.13233171 0 -1070.95511683 0 10882
0.10050000 0.10051200 17603.11416643 0 58.43352989 0 7457.14433141 0 1012.20979027 0 -797.88169152 0 10875
0.10150000 0.10150300 17808.72723831 0 132.74388779 0 7132.70306957 0 1297.77611967 0 -969.10855145 0 11118
0.10250000 0.10250800 17686.93166531 0 284.18450326 0 7126.72401417 0 1275.91935048 0 -789.18659484 0 11575
0.10350000 0.10349800 17211.70748409 0 595.96456167 0 6248.10182284 0 593.65376748 0 156.57817419 0 11364
0.10450000 0.10450100 16496.76747055 0 749.84773200 0 6542.23813164 0 43.82990852 0 988.59805760 0 12093
0.10550000 0.10551000 16405.19934430 0 301.56362430 0 6531.99623119 0 -264.17570508 0 1788.37976006 0 12067
0.10650000 0.10649700 16053.98520105 0 288.15503894 0 6791.45401866 0 -164.59010843 0 1191.08319772 0 12054
0.10750000 0.10749900 16016.56074316 0 148.09898784 0 7276.23361620 0 221.19294013 0 1043.35070382 0 12807
0.10850000 0.10850100 15769.20500672 0 50.98705928 0 6951.07265325 0 277.75369701 0 881.37034235 0 12736
0.10950000 0.10950300 15901.96218129 0 -29.83858671 0 6485.07171861 0 270.27877052 0 416.08025097 0 12933
0.11050000 0.11050200 15743.18504339 0 152.10495496 0 6217.16574729 0 346.88818594 0 578.31084698 0 13428
0.11150000 0.11150900 15740.30623894 0 240.39345860 0 5976.97380500 0 583.75732355 0 -82.06397480 0 13453
0.11250000 0.11250000 15474.34899680 0 -26.54678454 0 5163.66725777 0 979.13564881 0 977.01972753 0 13668
0.11350000 0.11349100 15426.29510708 0 -34.43836261 0 4733.03132860 0 1109.93412912 0 157.48610483 0 13791
0.11450000 0.11448600 15319.66861908 0 37.29092565 0 4176.56950019 0 611.30748217 0 572.12252463 0 14205
0.11550000 0.11549300 15199.20172505 0 374.87237969 0 4171.89697912 0 -60.94218653 0 299.57282029 0 14776
0.11650000 0.11649800 14910.87838677 0 253.64370971 0 3958.62185846 0 403.86636946 0 1085.51300950 0 14553
0.11750000 0.11747300 14641.93161693 0 81.95823409 0 4254.88405363 0 -384.63927741 0 636.46048246 0 14568
0.11850000 0.11849100 14903.23848265 0 -22.33177193 0 4614.85640581 0 128.04257867 0 901.45000341 0 16015
0.11950000 0.11950300 14354.16189489 0 79.08740171 0 4546.73946353 0 -24.00369297 0 694.58243713 0 15270
0.12050000 0.12050700 14662.41541784 0 415.06048985 0 4630.13621406 0 -41.11231711 0 309.11273536 0 15999
0.12150000 0.12150000 14313.96935580 0 221.76870103 0 4337.92648977 0 -269.45166786 0 633.39566295 0 15670
0.12250000 0.12250700 14216.09000440 0 382.57982499 0 5355.16311551 0 -430.64810873 0 -90.30543833 0 16887
0.12350000 0.12352200 13900.30730058 0 269.14717892 0 4937.83612077 0 -603.89456070 0 -28.94493937 0 16407
0.12450000 0.12449800 13934.52078427 0 67.62843131 0 5556.25867887 0 -91.72324952 0 -852.93661222 0 16306
0.12550000 0.12549900 13753.37755023 0 227.03912764 0 5255.35717960 0 -25.01227104 0 -491.33441383 0 17523
0.12650000 0.12650100 13617.52012471 0 281.70098080 0 5544.84311198 0 575.97015751 0 -558.52238806 0 17154
0.12750000 0.12750600 13249.80821748 0 280.63028699 0 5052.86650331 0 443.02586064 0 -70.31180923 0 18007
0.12850000 0.12850300 13174.51640871 0 213.78998376 0 5319.01197498 0 1118.89163990 0 -83.63978806 0 17496
0.12950000 0.12949900 12733.17354144 0 108.53369595 0 4650.12176036 0 836.93378116 0 663.38284025 0 18405
0.13050000 0.13049000 12793.29626521 0 293.35017375 0 4785.94596891 0 388.20567323 0 533.08150732 0 18100
0.13150000 0.13148800 12594.54803471 0 9.98703768 0 4394.88252864 0 25.07073292 0 1048.89350963 0 19059
0.13250000 0.13249300 12559.78093478 0 94.13779139 0 4305.98283267 0 96.57082405 0 936.92573213 0 18957
0.13350000 0.13349100 12521.02779792 0 -45.27385040 0 4103.69145824 0 78.37246170 0 573.49881461 0 19468
0.13450000 0.13450700 12509.95547310 0 48.51748795 0 4061.86021507 0 56.07058505 0 718.23956634 0 19953
0.13550000 0.13551000 12376.64468228 0 142.92267599 0 3668.74839471 0 255.67880301 0 415.35390646 0 19956
0.13650000 0.13649900 12446.40032864 0 226.61284313 0 3767.61318302 0 456.67692991 0 767.43279827 0 19723
0.13750000 0.13749600 11970.73325443 0 337.28958756 0 3588.03114678 0 95.98875193 0 766.83489273 0 20946
0.13850000 0.13851100 11885.91924632 0 220.15324883 0 3537.89566000 0 163.68882119 0 574.85074547 0 20955
0.13950000 0.13949800 11559.83928041 0 242.10966895 0 3523.43520379 0 22.94473583 0 816.88733708 0 20506
0.14050000 0.14048300 11571.68666797 0 13.65195505 0 3709.56098399 0 -91.85633887 0 597.13158470 0 21447
0.14150000 0.14148400 11288.34587586 0 42.40235368 0 3420.72831877 0 238.16459962 0 575.91147419 0 21771
0.14250000 0.14249400 11376.81375116 0 238.26203608 0 3587.15643312 0 -9.31495864 0 -157.54478815 0 22470
0.14350000 0.14350900 11016.09955322 0 304.14236875 0 3316.32736806 0 -9.02624777 0 173.33503057 0 22519
0.14450000 0.14449900 10913.66947632 0 121.27849544 0 3323.60188546 0 -344.98706777 0 -347.77397193 0 22218
0.14550000 0.14550500 10758.64585653 0 81.03103761 0 3324.64268400 0 109.37187094 0 118.56134693 0 23559
0.14650000 0.14650700 10818.60249543 0 208.16856445 0 3496.61803308 0 226.10462342 0 -417.69016699 0 23044
0.14750000 0.14750500 10629.43182590 0 123.30030195 0 3115.24287703 0 259.99036630 0 -135.12443762 0 23649
0.14850000 0.14849900 10622.00229595 0 -7.40078620 0 3380.71293688 0 -81.99355481 0 -99.27789674 0 23640
0.14950000 0.14949500 10513.94747804 0 138.27783573 0 3588.60690767 0 148.18867368 0 21.53855058 0 24457
0.15050000 0.15050000 10498.26906610 0 175.94034860 0 3398.72760936 0 -84.02421918 0 312.25395391 0 24591
0.15150000 0.15149900 10255.81836954 0 292.63157986 0 3548.29257301 0 230.17591726 0 25.44530967 0 25020
0.15250000 0.15250500 10067.90994505 0 192.65955908 0 3218.20442551 0 341.54911091 0 309.12712938 0 25297
0.15350000 0.15350100 9828.29376365 0 98.92225367 0 3089.67687902 0 401.65190449 0 687.32231374 0 25452
0.15450000 0.15450400 9987.83489196 0 -73.96146894 0 3006.12511594 0 565.66735926 0 413.65319736 0 26061
0.15550000 0.15549900 9917.63635261 0 -42.37799456 0 2657.63476460 0 483.13535730 0 22.15494690 0 26128
0.15650000 0.15649500 9777.69323923 0 182.08216718 0 2485.89193433 0 -79.66504490 0 72.90981953 0 26331
0.15750000 0.15749700 9668.49797186 0 276.04080836 0 2436.11076195 0 -362.53670261 0 -128.35149653 0 27345
0.15850000 0.15849900 9432.62423625 0 252.54533509 0 2621.39504546 0 -197.82812030 0 -237.13155171 0 26980
0.15950000 0.15949700 9279.36111611 0 258.57089426 0 2620.94108015 0 -84.15697636 0 -213.21754457 0 27777
0.16050000 0.16050000 9208.70861145 0 13.50978640 0 2630.27504997 0 269.49817162 0 -296.75602086 0 28224
0.16150000 0.16150500 9104.21908213 0 45.50459765 0 2470.20245007 0 325.89062915 0 -101.34930727 0 28075
0.16250000 0.16249700 9108.07225117 0 85.54168130 0 2426.72143050 0 339.03015702 0 -126.28761518 0 28590
0.16350000 0.16349900 9068.22295415 0 148.82976128 0 2345.95989328 0 108.41854378 0 76.01438868 0 29163
0.16450000 0.16449100 8929.85211089 0 216.80387058 0 2210.03603380 0 49.09247378 0 323.46025386 0 28996
0.16550000 0.16550500 8790.65084327 0 98.33996011 0 2441.84622620 0 -164.95438792 0 364.35034941 0 30777
0.16650000 0.16650700 8697.94226756 0 125.50258735 0 2593.74745039 0 110.04850071 0 407.93212713 0 29211
0.16750000 0.16749900 8545.03346182 0 212.86433741 0 2690.86281138 0 70.09744902 0 3.49788028 0 30922
0.16850000 0.16850800 8418.03389615 0 97.88322671 0 2503.41942452 0 -56.28273079 0 250.46484526 0 30867
0.16950000 0.16949900 8362.19616209 0 -31.99580775 0 2433.20981285 0 32.32343784 0 55.23617465 0 30852
0.17050000 0.17049200 8483.24988933 0 -43.42587939 0 2558.08349215 0 0.78081592 0 -160.50220611 0 31257
0.17150000 0.17149500 8446.61156650 0 35.82450695 0 2410.66655952 0 27.94953737 0 -130.13967699 0 32608
0.17250000 0.17250900 8468.39082942 0 105.36202851 0 2295.44794745 0 143.58369378 0 73.73238254 0 32361
0.17350000 0.17350400 8328.31484814 0 90.02575140 0 2124.21444413 0 207.75003057 0 104.01851262 0 32508
0.17450000 0.17449800 8350.28234058 0 35.74290392 0 2231.91494764 0 380.81046749 0 90.53928583 0 32791
0.17550000 0.17549800 8368.24165144 0 101.61814332 0 2204.13448467 0 150.85931842 0 538.20135032 0 33633
0.17650000 0.17650100 8111.57408982 0 140.97837575 0 2044.70407961 0 92.46243793 0 497.52827233 0 33984
0.17750000 0.17750300 8061.89256835 0 252.00057671 0 2110.47368903 0 -3.93933387 0 665.65045238 0 34069
0.17850000 0.17849800 7903.07114116 0 197.26121727 0 2055.72104280 0 -91.37181393 0 849.29713905 0 34536
0.17950000 0.17950400 7797.36365611 0 -60.85161491 0 1874.01312021 0 301.42189854 0 622.67543806 0 35343
0.18050000 0.18050100 7815.92087251 0 -74.98532682 0 1768.90354070 0 151.80046603 0 505.90670052 0 34990
0.18150000 0.18150500 7976.29242518 0 -46.29150777 0 1680.42459308 0 245.23649348 0 -55.72822877 0 36243
0.18250000 0.18250200 7775.80583969 0 203.65659209 0 1758.47341072 0 -186.54209961 0 -124.18498070 0 35694
0.18350000 0.18350400 7705.23084130 0 232.52767905 0 1563.96588063 0 -209.85155782 0 51.95500192 0 37087
0.18450000 0.18450600 7547.80452702 0 193.00058668 0 1887.29990999 0 -222.81503572 0 145.21575446 0 36651
0.18550000 0.18550700 7490.78205421 0 129.24060421 0 1895.08375434 0 -103.71767755 0 -143.50397304 0 37818
0.18650000 0.18651000 7351.23754452 0 153.40927483 0 2162.40289243 0 27.46246580 0 30.85701914 0 37267
0.18750000 0.18750100 7281.23830702 0 44.88487963 0 2103.22131628 0 58.49974239 0 124.19937472 0 38334
0.18850000 0.18850000 7279.28957785 0 44.00728716 0 2156.46812633 0 102.39364895 0 -18.45690113 0 38223
0.18950000 0.18949500 7301.02455147 0 15.12712089 0 2078.75147843 0 143.75863652 0 250.15482016 0 39064
0.19050000 0.19050000 7177.85601018 0 49.75670255 0 1863.04044631 0 313.58263289 0 278.71366757 0 39609
0.19150000 0.19149800 7231.77823205 0 4.16429029 0 1825.81529027 0 259.35149316 0 572.91751756 0 39576
0.19250000 0.19250400 7228.60047483 0 8.39378550 0 1775.07082563 0 229.17608633 0 501.41908727 0 40909
0.19350000 0.19350500 7129.15992563 0 182.45751899 0 1767.41984918 0 167.44012484 0 571.72945710 0 40191
0.19450000 0.19450100 7028.56785465 0 185.08830337 0 1694.17642050 0 -134.78341002 0 690.00070912 0 41232
0.19550000 0.19549800 6871.01974481 0 98.34051373 0 1744.69943865 0 -165.73720128 0 554.77329888 0 40873
0.19650000 0.19649700 6891.02743576 0 89.87018524 0 1740.94592054 0 -92.60117416 0 590.45054391 0 42816
0.19750000 0.19750200 6890.83920623 0 37.25239396 0 1769.01426395 0 101.80869803 0 515.24399204 0 41727
0.19850000 0.19849000 6808.82649630 0 -23.93039418 0 1700.89732167 0 92.50528782 0 351.17206841 0 42610
0.19950000 0.19949900 6824.70421009 0 149.36787627 0 1395.94335151 0 151.19370263 0 -154.02711055 0 43863
0.20050000 0.20050100 6649.94970748 0 128.28284812 0 1282.31915422 0 78.53422837 0 -187.61500789 0 43302
0.20150000 0.20150100 6559.93170670 0 33.87289898 0 1111.18530182 0 59.27380862 0 -212.16124478 0 44487
0.20250000 0.20249700 6637.36047416 0 -26.23875246 0 1168.60637833 0 156.57042356 0 -149.09328261 0 43759
0.20350000 0.20349100 6593.42548928 0 -60.05186089 0 1034.90141275 0 258.79676968 0 -296.77041488 0 45282
0.20450000 0.20449700 6606.21402445 0 85.09081623 0 1055.36417625 0 2.68005622 0 -269.14496446 0 45483
0.20550000 0.20549900 6488.70344115 0 204.21906619 0 1105.44983757 0 -76.97889890 0 4.32993227 0 46138
0.20650000 0.20650200 6374.07166230 0 277.86995642 0 1317.41842390 0 -172.25215720 0 96.64976973 0 46227
0.20750000 0.20749300 6092.95640748 0 190.92895471 0 1365.33944571 0 -80.92485402 0 300.41874591 0 46236
0.20850000 0.20850300 6127.81208601 0 90.91784861 0 1443.48791428 0 -24.04565709 0 216.86809006 0 48361
0.20950000 0.20950400 6060.29304926 0 -29.89804509 0 1279.61750697 0 63.40588952 0 164.70304614 0 46812
0.21050000 0.21050300 6054.29184921 0 38.75900520 0 1406.41777079 0 54.81409763 0 -16.19825759 0 48813
0.21150000 0.21149700 6036.16645348 0 70.72447478 0 1194.20559332 0 -13.67509621 0 -197.88016023 0 47215
0.21250000 0.21249000 5966.04542041 0 98.89302273 0 1223.71333896 0 124.27909546 0 -173.70595345 0 50004
0.21350000 0.21350300 5883.05834589 0 141.97709945 0 1146.06312500 0 -54.44815730 0 -318.07467507 0 49509
0.21450000 0.21449800 5813.12554234 0 114.33614777 0 1156.51539963 0 108.40437120 0 -153.84995336 0 49660
0.21550000 0.21550100 5759.94516623 0 37.13115200 0 1227.43364010 0 -7.74139305 0 -122.87512467 0 50841
0.21650000 0.21649800 5813.21412094 0 12.37708758 0 1306.68934115 0 31.12496940 0 25.38662634 0 50424
0.21750000 0.21750300 5723.67223013 0 102.09491763 0 1393.20848728 0 -3.26874959 0 154.60176421 0 52231
0.21850000 0.21850300 5728.30046190 0 139.91432534 0 1416.79253914 0 -42.85875491 0 349.32963356 0 51078
0.21950000 0.21950100 5667.22551820 0 46.35074471 0 1431.67374370 0 17.21060025 0 453.26222494 0 52791
0.22050000 0.22050700 5654.06052399 0 -26.84020115 0 1490.56743941 0 88.41838201 0 393.25022442 0 52969
0.22150000 0.22150000 5654.12695794 0 66.08373128 0 1516.12236509 0 71.66274358 0 432.08086756 0 52704
0.22250000 0.22250100 5681.07699655 0 47.14507329 0 1356.63659840 0 58.02263592 0 437.46644635 0 54051
0.22350000 0.22349900 5554.45388992 0 65.54041230 0 1497.65372729 0 29.42736056 0 371.66361996 0 53938
0.22450000 0.22449800 5587.78158763 0 87.80298220 0 1433.66676217 0 17.58008373 0 210.69859067 0 54735
0.22550000 0.22549100 5453.57393850 0 100.10522086 0 1291.53132847 0 -115.13224793 0 254.71218906 0 54774
0.22650000 0.22649900 5362.42656059 0 146.02846310 0 1295.49522076 0 -50.68633494 0 82.07892243 0 56911
0.22750000 0.22749800 5242.74580163 0 132.26334889 0 1237.00012874 0 51.31391431 0 206.41581543 0 54879
0.22850000 0.22849100 5210.81321685 0 44.16872166 0 1101.88233451 0 154.39360450 0 62.91782144 0 57210
0.22950000 0.22949800 5152.46206506 0 -45.14707228 0 1045.08462989 0 197.58231469 0 -221.73769852 0 57375
0.23050000 0.23049600 5147.83383328 0 79.02207500 0 941.16200361 0 166.92969066 0 -272.31939998 0 57604
0.23150000 0.23150100 5080.68018326 0 104.87827864 0 870.95239193 0 7.77617123 0 -209.69986697 0 58629
0.23250000 0.23250200 5065.64396615 0 18.31727912 0 784.39227820 0 -21.88090686 0 -102.71175684 0 58560
0.23350000 0.23350400 5037.16594672 0 28.35090914 0 805.04770015 0 39.41946937 0 -140.74142800 0 59305
0.23450000 0.23449700 5045.61413056 0 24.83821410 0 750.97710913 0 9.19393813 0 -167.50877325 0 59196
0.23550000 0.23549300 5035.63796590 0 40.72777527 0 700.54156235 0 53.59957432 0 -244.14254779 0 60063
0.23650000 0.23649900 5031.33083154 0 53.06112717 0 740.34324837 0 53.99684934 0 -121.06479957 0 61537
0.23750000 0.23750400 4953.42595412 0 53.07507829 0 756.02941094 0 6.05260886 0 -281.30902050 0 61224
0.23850000 0.23850100 4924.08429335 0 125.34646757 0 825.57689759 0 33.77634831 0 -82.96094383 0 61221
0.23950000 0.23949400 4858.14859905 0 118.61892301 0 922.42984448 0 -41.33199204 0 -42.62656826 0 62332
0.24050000 0.24050100 4795.83355497 0 -14.22539076 0 828.22871939 0 31.49290276 0 102.47669138 0 63447
0.24150000 0.24150500 4838.40664390 0 -31.58845692 0 875.37135677 0 119.40505808 0 100.97229461 0 63342
0.24250000 0.24250300 4867.83688327 0 50.81964573 0 847.95185159 0 -19.22598482 0 57.28566198 0 63379
0.24350000 0.24349600 4861.08276513 0 130.58921338 0 809.82983724 0 26.36209816 0 222.85046716 0 64266
0.24450000 0.24449500 4770.75473926 0 95.59191981 0 752.99448671 0 24.13822172 0 136.65241845 0 64695
0.24550000 0.24549600 4690.70183082 0 36.94524767 0 772.19832687 0 86.74192131 0 291.94066680 0 65947
0.24650000 0.24650000 4704.60867079 0 4.36521977 0 724.78995370 0 144.89908597 0 37.42578657 0 66018
0.24750000 0.24750000 4719.14663328 0 -10.85584980 0 717.66491268 0 104.16422441 0 198.50131765 0 66303
0.24850000 0.24849600 4746.65028813 0 21.43624230 0 687.63233884 0 -14.12662562 0 194.47763481 0 66958
0.24950000 0.24949200 4720.27601041 0 76.55947924 0 644.81233707 0 4.28544367 0 275.95555146 0 66975
0.25050000 0.25048900 4699.53754603 0 70.44312701 0 683.19455105 0 17.34025718 0 296.08946691 0 68676
0.25150000 0.25150000 4616.08543387 0 41.79603317 0 570.56354130 0 110.24171278 0 359.87380849 0 69349
0.25250000 0.25249900 4634.19975727 0 40.16973010 0 626.01152953 0 162.30699505 0 307.43084922 0 68592
0.25350000 0.25349900 4556.72670052 0 55.48740570 0 419.18382361 0 173.19884098 0 371.13989899 0 70437
0.25450000 0.25450100 4526.85356815 0 98.47183150 0 504.32446530 0 67.01203499 0 378.40112961 0 70099
0.25550000 0.25550100 4438.00923381 0 109.23712075 0 275.65770592 0 34.18126322 0 414.13595073 0 71064
0.25650000 0.25650300 4384.04272264 0 62.13235072 0 428.92082606 0 -8.06884599 0 451.84496736 0 71409
0.25750000 0.25750600 4332.67820781 0 42.15477650 0 367.45945822 0 -62.49131549 0 486.82354870 0 72612
0.25850000 0.25850600 4366.47094316 0 18.96877471 0 445.71089941 0 4.79327585 0 420.97421853 0 71845
0.25950000 0.25949600 4343.09726546 0 15.37624820 0 459.81593400 0 -5.48469824 0 444.75203608 0 72816
0.26050000 0.26049800 4385.53748649 0 23.75224048 0 387.05082976 0 27.40854358 0 400.94770464 0 73743
0.26150000 0.26149900 4334.58264768 0 64.03103298 0 423.24183066 0 1.26149211 0 328.66756822 0 74662
0.26250000 0.26250300 4309.06093897 0 49.82258288 0 447.63084054 0 -47.74973295 0 281.80616789 0 74931
0.26350000 0.26350100 4283.17384355 0 82.62013767 0 451.67445356 0 -131.73962792 0 215.82396983 0 75087
0.26450000 0.26450200 4227.02608439 0 89.99995289 0 478.47944471 0 -67.76971418 0 138.41845426 0 76678
0.26550000 0.26550600 4165.61897095 0 68.45486964 0 527.11352425 0 -67.57871657 0 204.75607394 0 76035
0.26650000 0.26650100 4168.24311193 0 22.77222901 0 406.84039590 0 53.17993321 0 107.21930027 0 77094
0.26750000 0.26750600 4184.65229731 0 -39.75717528 0 445.68986200 0 194.45106123 0 74.47599987 0 78463
0.26850000 0.26850100 4183.73329435 0 31.70515923 0 332.35797408 0 152.58660109 0 44.66132939 0 77076
0.26950000 0.26949700 4167.10266247 0 103.74336534 0 374.97535231 0 -11.48975146 0 82.05522766 0 79149
0.27050000 0.27049900 4048.66200389 0 190.28786710 0 313.21060277 0 34.62603851 0 258.39041536 0 79648
0.27150000 0.27150200 3954.07113296 0 92.63062654 0 354.81929221 0 73.61047624 0 406.85478993 0 80241
0.27250000 0.27250500 3907.09125876 0 4.64057742 0 240.44771299 0 102.74298080 0 398.37560358 0 80835
0.27350000 0.27350000 3922.00568029 0 29.61171477 0 298.55970257 0 79.59407130 0 376.80671483 0 80680
0.27450000 0.27450400 3919.33725001 0 22.53295607 0 248.29134790 0 97.63387796 0 456.90391257 0 82617
0.27550000 0.27550800 3893.63838410 0 37.57581657 0 253.34807864 0 18.30908560 0 475.69807672 0 82548
0.27650000 0.27649900 3899.39599301 0 48.33999859 0 304.47786019 0 -14.26281522 0 514.43239063 0 81181
0.27750000 0.27748900 3865.90221043 0 75.24065463 0 266.53632473 0 3.52374523 0 560.52869332 0 84096
0.27850000 0.27849800 3844.43297261 0 32.68450636 0 298.48662523 0 -4.53397307 0 447.89657633 0 85215
0.27950000 0.27950200 3840.80125007 0 35.89581272 0 292.51642769 0 -15.59913410 0 582.05993616 0 84514
0.28050000 0.28050300 3821.48004326 0 39.95714147 0 284.78905220 0 -45.45355423 0 421.43150555 0 85815
0.28150000 0.28150100 3810.05340405 0 31.06318583 0 285.01382039 0 -30.70322455 0 363.92517214 0 85485
0.28250000 0.28250000 3793.55564007 0 62.62052952 0 267.70113330 0 -90.14632902 0 238.56763224 0 87220
0.28350000 0.28350400 3761.49018739 0 143.70659659 0 322.01863717 0 -180.31502414 0 275.09080289 0 87147
0.28450000 0.28449700 3679.55498373 0 80.00729046 0 349.43149895 0 -112.64983270 0 284.43695227 0 87102
0.28550000 0.28549800 3613.91824221 0 34.47467983 0 338.49536373 0 29.18775545 0 265.98160126 0 88971
0.28650000 0.28649900 3678.39238963 0 -5.75065549 0 335.11830466 0 142.44545879 0 113.82792807 0 89434
0.28750000 0.28750100 3630.24992132 0 -3.55213467 0 320.46740446 0 45.15581941 0 18.22205712 0 89619
0.28850000 0.28849900 3668.61552681 0 59.44277230 0 276.01202031 0 6.22942281 0 52.28285345 0 90240
0.28950000 0.28950100 3610.72941266 0 77.52476451 0 287.38883406 0 -26.98635583 0 97.03021481 0 91333
0.29050000 0.29050500 3549.44409479 0 78.33935545 0 157.73412490 0 2.69270082 0 75.76038955 0 92139
0.29150000 0.29150600 3533.76568285 0 30.57212823 0 218.65294882 0 70.28479276 0 46.93392406 0 92370
0.29250000 0.29250200 3561.54614582 0 -62.85736655 0 143.31574352 0 93.23816500 0 68.11229191 0 91819
0.29350000 0.29349600 3610.46367686 0 16.70238054 0 138.05638923 0 28.32488918 0 -19.15080373 0 93552
0.29450000 0.29450000 3600.04461921 0 88.19737841 0 179.35394634 0 -111.92016650 0 46.80714594 0 94701
0.29550000 0.29550200 3520.97714768 0 119.21572132 0 245.34168056 0 -111.02330819 0 58.91296156 0 95020
0.29650000 0.29650300 3438.46618313 0 108.46438320 0 300.53500532 0 -71.18895881 0 110.22200404 0 95151
0.29750000 0.29749800 3370.70355524 0 113.49354386 0 403.50762613 0 59.27602309 0 185.67956551 0 95802
0.29850000 0.29850000 3340.91900148 0 59.20859263 0 355.77040491 0 94.37850374 0 114.14570379 0 97399
0.29950000 0.29950700 3257.16793655 0 32.62305495 0 267.23055950 0 59.20084200 0 172.85449167 0 97881
0.30050000 0.30050300 3302.95199968 0 33.79196028 0 279.53634130 0 37.49078111 0 172.39166850 0 97188
0.30150000 0.30149700 3329.07161392 0 -12.35959330 0 237.09279857 0 -14.31197634 0 217.71733737 0 98263
0.30250000 0.30249700 3316.12806621 0 -0.27462798 0 204.51691173 0 48.27334319 0 235.87041391 0 100050
0.30350000 0.30350600 3375.08819587 0 -6.27764279 0 153.73923011 0 -2.13566323 0 227.85405075 0 100779
0.30450000 0.30450500 3356.87422154 0 14.02741759 0 107.78066714 0 93.41554365 0 228.81955747 0 99982
0.30550000 0.30550300 3367.86904009 0 84.82065151 0 148.50202047 0 8.70582576 0 227.85626521 0 101559
0.30650000 0.30649700 3300.59359449 0 114.98498601 0 130.02673928 0 -8.21343948 0 284.91306223 0 100935
0.30750000 0.30749800 3225.11355620 0 90.88197428 0 139.16030002 0 52.60749402 0 374.19586064 0 103762
0.30850000 0.30850200 3172.73038748 0 50.81554897 0 129.20185108 0 105.42514076 0 323.13029858 0 102951
0.30950000 0.30950100 3179.09697425 0 -15.42441281 0 75.52233457 0 142.65694020 0 249.08523359 0 104394
0.31050000 0.31050000 3160.34045601 0 -1.84724024 0 7.14989839 0 98.50493775 0 322.68186942 0 103963
0.31150000 0.31149700 3213.74227861 0 17.13741218 0 -51.15081896 0 19.99695079 0 221.05896500 0 105936
0.31250000 0.31250000 3165.86554610 0 72.70952117 0 -24.55088727 0 -135.27280677 0 228.04006580 0 105717
0.31350000 0.31349800 3138.99301376 0 94.50096365 0 -55.13154118 0 -52.10602843 0 297.34174684 0 106776
0.31450000 0.31450400 3088.85752698 0 33.02808059 0 3.58883943 0 -37.68465752 0 161.57843608 0 108733
0.31550000 0.31549900 3069.00484858 0 51.64254091 0 11.42198884 0 -6.69143771 0 131.32663021 0 105891
0.31650000 0.31650000 3046.55017385 0 99.49823601 0 54.28650135 0 -68.07674975 0 44.28177009 0 111072
0.31750000 0.31750600 2967.07302630 0 105.46976223 0 48.15974114 0 -59.93438352 0 128.28727705 0 108121
0.31850000 0.31849900 2906.42990327 0 77.23920926 0 60.32977624 0 -12.24244811 0 155.45211876 0 110484
0.31950000 0.31950100 2892.85523304 0 18.45214003 0 82.00185905 0 64.04066590 0 276.58667397 0 110817
0.32050000 0.32049800 2928.14273224 0 -6.05722602 0 111.04988177 0 106.07276104 0 174.86854756 0 111088
0.32150000 0.32149900 2933.23600166 0 12.10969093 0 41.76514139 0 29.34808272 0 234.34243309 0 112635
0.32250000 0.32250100 2929.96966584 0 62.18527643 0 110.58406906 0 -41.77189550 0 271.97172899 0 113202
0.32350000 0.32350400 2916.20676609 0 51.92643532 0 82.37953605 0 -29.85287001 0 326.57157713 0 113863
0.32450000 0.32450300 2924.57744365 0 13.55939042 0 63.16296271 0 17.94026646 0 379.81727995 0 114045
0.32550000 0.32549900 2922.58442518 0 21.14758679 0 71.62365828 0 28.53924939 0 271.39707533 0 114828
0.32650000 0.32650300 2927.88806877 0 27.59256562 0 19.08237676 0 4.31849456 0 230.52690996 0 116431
0.32750000 0.32750400 2904.59189735 0 62.87928975 0 65.39558629 0 -25.04006258 0 143.04447156 0 116442
0.32850000 0.32850400 2854.47855522 0 78.23682572 0 0.27367797 0 -31.95351147 0 196.27910206 0 116955
0.32950000 0.32949800 2820.91833870 0 53.04972267 0 48.25883845 0 9.78480167 0 212.84994338 0 117028
0.33050000 0.33049700 2800.77777985 0 62.30607550 0 62.06968136 0 -18.25715639 0 153.10589313 0 119061
0.33150000 0.33150100 2779.15352948 0 43.05373855 0 74.60742837 0 62.56705019 0 250.31093994 0 120060
0.33250000 0.33250400 2749.67900081 0 23.21047162 0 68.47070306 0 -28.21294798 0 128.23523712 0 119737
0.33350000 0.33350100 2755.56947762 0 43.71375983 0 92.87056382 0 -3.54695282 0 273.13985925 0 120531
0.33450000 0.33450000 2757.23032634 0 52.33445049 0 86.37564880 0 -0.83024831 0 199.67498408 0 121704
0.33550000 0.33550300 2735.77216084 0 30.45852617 0 77.18429052 0 25.98021368 0 319.08668555 0 122761
0.33650000 0.33650300 2750.98553514 0 27.37621239 0 24.19192250 0 52.38981211 0 340.45627245 0 122472
0.33750000 0.33749900 2749.62363919 0 -7.01106251 0 -61.56101876 0 122.91277058 0 257.11045461 0 122985
0.33850000 0.33849800 2755.44768204 0 26.04775486 0 -75.45435050 0 57.31555725 0 320.27806770 0 125380
0.33950000 0.33950300 2742.67021920 0 34.59935421 0 -92.24907423 0 38.58937718 0 294.05105191 0 125223
0.34050000 0.34050000 2717.62462046 0 34.97703121 0 -157.30230423 0 91.35443038 0 294.67331656 0 125178
0.34150000 0.34149900 2698.20376273 0 24.02960221 0 -195.70334117 0 27.11889156 0 273.56503653 0 127059
0.34250000 0.34250300 2676.24734262 0 34.30804134 0 -259.65044593 0 19.17737731 0 185.92869282 0 127957
0.34350000 0.34349800 2690.70779883 0 57.18069634 0 -296.22233480 0 -41.62795528 0 136.94362059 0 126732
0.34450000 0.34449700 2621.84901078 0 59.33592436 0 -314.35326669 0 -27.74525298 0 131.54032608 0 129639
0.34550000 0.34550000 2614.02087713 0 57.15035817 0 -311.14118526 0 -31.25728369 0 107.25351376 0 129826
0.34650000 0.34650400 2570.42913432 0 38.24613511 0 -318.85084504 0 14.56708270 0 51.26121004 0 130875
0.34750000 0.34750200 2594.02425851 0 38.36693418 0 -275.06090761 0 -24.33132307 0 56.53152593 0 130686
0.34850000 0.34850200 2556.47800505 0 36.51962750 0 -264.96184014 0 -26.98768451 0 59.68636344 0 132211
0.34950000 0.34950400 2585.38784515 0 18.65708877 0 -206.88638924 0 -6.48523780 0 124.17612284 0 132768
0.35050000 0.35050300 2586.82724738 0 36.65825301 0 -184.77163488 0 -30.84096427 0 149.99899878 0 132957
0.35150000 0.35150100 2578.37906354 0 38.28743488 0 -182.18513980 0 26.63204144 0 260.56834165 0 133987
0.35250000 0.35249800 2552.33695557 0 43.25381546 0 -174.03812320 0 51.62349651 0 282.30220804 0 134778
0.35350000 0.35349800 2555.61436372 0 62.45754490 0 -187.92171129 0 16.21442319 0 259.29502430 0 135699
0.35450000 0.35450100 2500.33024590 0 63.36868651 0 -162.39114472 0 -18.03382760 0 186.45352102 0 137380
0.35550000 0.35550100 2454.63476137 0 97.65292235 0 -183.78287627 0 -38.47234271 0 190.98985249 0 136161
0.35650000 0.35649900 2402.77199192 0 82.01614235 0 -196.34442878 0 -52.29093625 0 258.31844525 0 138792
0.35750000 0.35750000 2387.79113644 0 17.03100714 0 -210.83920920 0 -30.28568718 0 138.18482820 0 138097
0.35850000 0.35849800 2377.39422344 0 17.91867542 0 -243.72512114 0 58.03470475 0 159.83897385 0 140028
0.35950000 0.35950300 2391.09068924 0 33.43554215 0 -253.17092144 0 60.58255741 0 110.96462487 0 141099
0.36050000 0.36050500 2374.94723965 0 13.45331755 0 -303.98071280 0 3.63905242 0 142.08782270 0 140821
0.36150000 0.36150200 2414.73010272 0 -14.88696217 0 -296.75602086 0 63.47686312 0 78.50234007 0 141756
0.36250000 0.36250400 2423.65439653 0 43.43219061 0 -298.91401697 0 -40.19121041 0 132.77821199 0 142971
0.36350000 0.36349900 2391.61108850 0 68.84716211 0 -277.04174652 0 -26.62661600 0 149.47638505 0 142270
0.36450000 0.36450000 2382.98574747 0 56.25648939 0 -310.06495529 0 7.76454529 0 232.60850702 0 145311
0.36550000 0.36550300 2360.74144691 0 45.66093887 0 -284.66947109 0 -9.51416084 0 228.84280935 0 145434
0.36650000 0.36650100 2377.26135554 0 39.83999627 0 -261.60471126 0 -31.83094084 0 134.35380381 0 144547
0.36750000 0.36749600 2325.44287539 0 59.54884517 0 -269.33097952 0 -3.83385890 0 224.66854290 0 146892
0.36850000 0.36849900 2327.53554478 0 42.88101028 0 -271.69049193 0 -51.38411285 0 182.69557397 0 148113
0.36950000 0.36949900 2304.44974753 0 22.84010236 0 -241.87936459 0 34.78359769 0 158.23459398 0 147387
0.37050000 0.37049800 2297.34131500 0 30.51842745 0 -233.45886157 0 2.06414708 0 111.40530340 0 149758
0.37150000 0.37150100 2295.49223675 0 52.70426614 0 -278.82439082 0 24.10589053 0 133.19453141 0 150099
0.37250000 0.37250000 2277.09003290 0 50.06838849 0 -262.86142012 0 6.15119684 0 152.61981807 0 150468
0.37350000 0.37349800 2267.10279592 0 42.62069992 0 -255.49610966 0 0.78543751 0 212.71818272 0 150709
0.37450000 0.37449700 2239.95345546 0 50.56210345 0 -269.97760329 0 21.03808149 0 253.41340536 0 153108
0.37550000 0.37550100 2230.11015870 0 42.45162552 0 -302.73507626 0 13.85369281 0 236.18376071 0 153189
0.37650000 0.37649900 2223.94287377 0 51.36905449 0 -246.70689821 0 -24.94317974 0 262.80716573 0 153547
0.37750000 0.37749900 2184.39252952 0 54.05254313 0 -290.94969372 0 -16.58446028 0 289.00317902 0 155424
0.37850000 0.37850200 2170.18673678 0 33.07868112 0 -250.98856622 0 38.10817394 0 266.58615019 0 155313
0.37950000 0.37949900 2155.53805104 0 10.03718424 0 -279.87072551 0 28.71474574 0 242.08420260 0 156100
0.38050000 0.38050000 2153.81076837 0 41.30342544 0 -249.43401182 0 51.96131314 0 219.91076492 0 157557
0.38150000 0.38149800 2175.59003129 0 38.71748398 0 -329.79030196 0 -8.11323494 0 210.01432100 0 157692
0.38250000 0.38250100 2130.32636743 0 47.05129070 0 -287.46966203 0 -44.52358967 0 226.58294786 0 159703
0.38350000 0.38350500 2150.21226281 0 55.98532815 0 -274.28695210 0 -82.90137472 0 267.48854467 0 160338
0.38450000 0.38450600 2122.36536589 0 45.42764499 0 -228.78855496 0 -21.80052178 0 237.36739223 0 160167
0.38550000 0.38550000 2126.92716371 0 21.72600504 0 -231.40162362 0 -38.62115475 0 246.83533718 0 160033
0.38650000 0.38649600 2136.65973723 0 21.16452744 0 -215.06551558 0 17.16952193 0 165.49471737 0 162444
0.38750000 0.38750200 2141.21046273 0 8.77968924 0 -253.54184432 0 12.78089526 0 194.67582943 0 164307
0.38850000 0.38850400 2138.39809223 0 42.09476450 0 -238.01290877 0 -3.42368463 0 147.71145648 0 163882
0.38950000 0.38950500 2127.18182718 0 67.18631338 0 -256.40404029 0 7.04747939 0 199.51554260 0 164595
0.39050000 0.39050100 2105.07039452 0 54.86934853 0 -251.48349914 0 29.73982157 0 215.91587013 0 165006
0.39150000 0.39150100 2077.23456993 0 42.00585373 0 -255.93235925 0 63.47365215 0 264.21224375 0 166687
0.39250000 0.39250100 2080.24624228 0 28.16589060 0 -277.01738741 0 38.88113294 0 324.97384066 0 167256
0.39350000 0.39350100 2089.13731911 0 0.05777904 0 -307.04774678 0 48.42126945 0 293.37785456 0 167937
0.39450000 0.39449600 2091.68395382 0 31.38705133 0 -307.02228043 0 25.99549349 0 311.00499567 0 167719
0.39550000 0.39549700 2078.45252566 0 38.04472952 0 -313.62581495 0 15.01883355 0 335.73614038 0 171636
0.39650000 0.39650400 2074.67686289 0 41.61533283 0 -325.19750162 0 -26.57092221 0 331.99369459 0 171093
0.39750000 0.39750000 2061.24613289 0 41.23521992 0 -341.87685173 0 -17.86065644 0 286.95922786 0 170464
0.39850000 0.39849800 2040.14228178 0 44.62700518 0 -353.31899220 0 -44.60674283 0 255.02553585 0 172113
0.39950000 0.39949500 2037.82816590 0 33.46731972 0 -375.82902855 0 -42.10794056 0 268.73196674 0 173232
