### header ###
fiducial parameters:
Omega_m = 0.31
Omega_nu = 0
Omega_de = 0.69
Omega_k = 0
H_0 = 100
w_de = -1
zeff = 0
beta = 0
fgrowth = 0
b_1 = 2
gamma = 0.55
Lx = 3500 Ly = 3500 Lz = 3500
nx = 700 ny = 700 nz = 700
xoffset = -685.467585 yoffset = -31.7331281 zoffset = 572.489161
bins = 400 dk = 0.001
kx_ny = 0.628318531 ky_ny = 0.628318531 kz_ny = 0.628318531
############################
A(data) = 8.0906512 (not used)
A(ran) = 8.09252292 (used)
Ngal = 481039
weighted Ngal = 0
Nran = 23820508
weighted Nran = 0
SN(data) = 3480.50192
SN(ran) = 70.4888095
SN(data+ran) = 3550.99073
############################
13 columns: k_central k_mean P_0(k) sigma^{lin}_{P_0(k)} P^img_1(k) sigma^{lin}_{P_1(k)} P_2(k) sigma^{lin}_{P_2(k)} P^img_3(k) sigma^{lin}_{P_3(k)} P_4(k) sigma^{lin}_{P_4(k)} N_modes
### header ###
0.00050000 0 0 0 0 0 0 0 0 0 0 0 0
0.00150000 0.00179520 33973.65713405 0 -34963.74441933 0 12636.84431552 0 -30602.79856626 0 2953.24369260 0 3
0.00250000 0.00253879 57621.92848171 0 -30307.72110984 0 -6193.02807919 0 -66188.47547065 0 -3140.36598204 0 6
0.00350000 0.00331552 63313.54633149 0 -3442.89511306 0 -17228.53741781 0 13443.79534830 0 27723.88339016 0 7
0.00450000 0.00420575 58865.79345184 0 13973.82753737 0 1219.09617951 0 -43209.41543502 0 32127.23624729 0 24
0.00550000 0.00557378 44253.75711192 0 7787.07746636 0 2636.29839467 0 -241.79964385 0 20325.68811609 0 45
0.00650000 0.00659388 49100.11368504 0 -14122.30741319 0 15502.02980884 0 -7989.52385334 0 -10957.90341397 0 40
0.00750000 0.00754703 54549.69051428 0 -11790.14363664 0 14815.43494684 0 -1160.62323214 0 -38606.31783817 0 57
0.00850000 0.00846663 70557.17195109 0 6468.05355536 0 31844.78124116 0 -21360.95048663 0 -30384.45232083 0 75
0.00950000 0.00948925 75464.86920371 0 -6348.99284658 0 30300.08120571 0 -16999.45101732 0 -16238.67157903 0 112
0.01050000 0.01054430 65471.65316189 0 -6579.44114304 0 40370.80352127 0 25371.01436620 0 3826.24114293 0 105
0.01150000 0.01145670 88993.58928337 0 -12014.13676772 0 49561.27601374 0 23616.93666843 0 -2895.09184266 0 144
0.01250000 0.01249090 89178.49710784 0 1343.65983372 0 32654.72180165 0 25932.71340425 0 7828.86442022 0 169
0.01350000 0.01339930 78275.91102867 0 11125.13980803 0 29272.79090904 0 26701.46491641 0 18332.33747898 0 180
0.01450000 0.01448870 82473.65081391 0 1057.48784815 0 22597.83989212 0 5087.44537372 0 36272.38248964 0 267
0.01550000 0.01550050 76256.54042824 0 8040.97694677 0 30238.96197272 0 14617.35105583 0 35357.14412014 0 238
0.01650000 0.01653350 69968.34571724 0 8070.03072710 0 21329.39436090 0 -2807.08900500 0 16734.26883791 0 315
0.01750000 0.01747870 65750.23285433 0 -705.70901634 0 13155.13984028 0 -12180.77525624 0 28753.49887505 0 297
0.01850000 0.01844180 71721.31618253 0 -5573.01110632 0 30773.86598470 0 -7919.70177303 0 -3725.63799963 0 388
0.01950000 0.01947590 73155.84658603 0 -456.92273552 0 42246.01245255 0 -11599.92109625 0 15879.37463866 0 399
0.02050000 0.02045430 69402.32847251 0 12053.55424407 0 31367.23187174 0 5824.99507454 0 -2922.93873958 0 462
0.02150000 0.02154770 68589.73055407 0 2976.37377915 0 42299.93467442 0 3149.53386699 0 10958.09164349 0 571
0.02250000 0.02255340 60876.85980865 0 2059.62957347 0 38861.75637173 0 3398.26257171 0 6682.24767898 0 510
0.02350000 0.02348930 63223.74977721 0 6119.08709405 0 46879.44821941 0 17021.04205071 0 3892.70830882 0 555
0.02450000 0.02439640 59703.63627086 0 2443.91675095 0 36679.73331972 0 8214.25883018 0 22612.12319114 0 592
0.02550000 0.02547300 57889.54657258 0 -1007.30253591 0 31769.48943240 0 10375.26660969 0 9863.00550195 0 837
0.02650000 0.02652900 58065.59653719 0 -3439.58448794 0 23249.11403795 0 14026.19963376 0 3445.79606216 0 723
0.02750000 0.02749970 61907.02890977 0 -2167.57366812 0 22040.79123049 0 2979.55153637 0 -2055.85391070 0 826
0.02850000 0.02848090 60274.85750826 0 -974.10106271 0 10237.60439522 0 2405.99403844 0 -512.43051430 0 831
0.02950000 0.02946900 62290.13134850 0 -1182.15890391 0 14845.33022385 0 -4281.88945387 0 -11366.29504258 0 996
0.03050000 0.03053250 61748.91611136 0 3658.24075846 0 14596.53508517 0 -5745.34076980 0 -2080.36803785 0 1041
0.03150000 0.03150510 56553.11696697 0 5910.15232472 0 16618.67376680 0 982.53706699 0 -7713.22505982 0 1036
0.03250000 0.03246190 54089.08180182 0 835.58849369 0 14450.38039757 0 -558.84569994 0 1354.12318067 0 1059
0.03350000 0.03345080 52875.22283196 0 -943.40747108 0 12882.09631025 0 3694.62441781 0 -2374.88080570 0 1302
0.03450000 0.03451200 56894.47674112 0 -375.60979652 0 15326.64418371 0 5322.24509383 0 -2378.45716662 0 1339
0.03550000 0.03553350 54386.92733945 0 1524.74770613 0 12595.98743694 0 1086.69331933 0 84.91199819 0 1365
0.03650000 0.03647120 51873.84177536 0 3702.43040681 0 9996.49344997 0 2994.64311510 0 -5891.90513342 0 1308
0.03750000 0.03744890 47456.86995870 0 4873.86022797 0 7915.73788075 0 1275.76433793 0 -2978.90934153 0 1579
0.03850000 0.03847530 47068.23135757 0 1217.54605403 0 11091.25849409 0 -758.73437990 0 -3818.45729858 0 1662
0.03950000 0.03950240 44664.31891619 0 423.79101797 0 8988.18111803 0 1393.49636773 0 -3063.86728987 0 1683
0.04050000 0.04050350 44328.82747419 0 197.50037949 0 10201.35360376 0 -349.08161349 0 -5356.63573471 0 1822
0.04150000 0.04152450 45385.23798513 0 41.71011193 0 7417.74899970 0 -635.75406813 0 -6339.01668192 0 1887
0.04250000 0.04250150 44976.77992258 0 160.71590198 0 13659.92712876 0 -3225.46787060 0 -3156.23262350 0 1920
0.04350000 0.04349210 43413.81055117 0 3325.42881906 0 13735.77255377 0 -2758.22683557 0 -1108.28435272 0 2005
0.04450000 0.04448520 42566.33480956 0 2352.82473466 0 16762.28181970 0 115.54856734 0 1772.32488907 0 2151
0.04550000 0.04548030 40261.74112180 0 1507.51916871 0 15594.15155133 0 827.62638492 0 -306.15531740 0 2274
0.04650000 0.04648670 40489.94173631 0 9.69994337 0 17291.09605304 0 3924.84019544 0 3475.25951850 0 2311
0.04750000 0.04749250 38701.98272460 0 316.29535247 0 17703.54015253 0 2104.14031924 0 4273.66271653 0 2568
0.04850000 0.04851840 38683.82411190 0 206.75352134 0 18312.07512457 0 2024.27564032 0 1506.63338272 0 2493
0.04950000 0.04949480 39556.65547735 0 428.00071586 0 19143.60671845 0 -417.89057607 0 1448.92442577 0 2644
0.05050000 0.05050630 37764.15681246 0 1749.34981507 0 17818.91377714 0 -127.09921659 0 3058.77402045 0 2829
0.05150000 0.05149060 37852.07107152 0 770.55408664 0 16811.77511164 0 1884.62040738 0 5445.81223880 0 2784
0.05250000 0.05249300 38374.02046347 0 -1687.20085587 0 17016.83456728 0 1770.94084847 0 2569.02294907 0 3055
0.05350000 0.05348950 39221.93909808 0 1278.67635936 0 17009.74827940 0 2186.40769264 0 2317.09434247 0 3009
0.05450000 0.05448610 37236.11764186 0 2311.13743172 0 15575.88221538 0 2108.40316429 0 3078.65991582 0 3336
0.05550000 0.05550870 35013.68060426 0 486.55116951 0 13269.51695566 0 3587.27822869 0 5244.05233596 0 3349
0.05650000 0.05647670 34804.41366519 0 -2.18213378 0 11546.44176738 0 2717.48068024 0 2313.69513875 0 3324
0.05750000 0.05747970 35472.73919124 0 -468.80444729 0 9381.35937234 0 3044.94468675 0 262.34766425 0 3639
0.05850000 0.05849280 34268.95603696 0 265.38923188 0 8528.11494949 0 1194.44918446 0 2296.85413270 0 3846
0.05950000 0.05951020 34093.68113508 0 1658.26887111 0 7084.59381824 0 -1275.12214309 0 -249.67095957 0 3787
0.06050000 0.06049470 32232.42333306 0 783.18096586 0 7424.84635991 0 -1161.94083879 0 -1564.82952197 0 3930
0.06150000 0.06148310 31179.22379632 0 1614.61069435 0 8669.33138023 0 -1633.95404581 0 -2416.41309610 0 4083
0.06250000 0.06249100 31126.07663719 0 907.18103874 0 8049.60228781 0 -131.35209656 0 -711.18317373 0 4303
0.06350000 0.06350600 29818.21362961 0 6.51249787 0 7645.70602307 0 2707.51558790 0 -2808.37339468 0 4470
0.06450000 0.06451750 29814.44903917 0 -191.58443634 0 7063.54532876 0 824.15964002 0 -3145.20458798 0 4479
0.06550000 0.06550280 30126.68859905 0 837.53168670 0 6804.69651915 0 346.21055966 0 -4832.22828665 0 4636
0.06650000 0.06648880 28960.55134915 0 370.27293596 0 7136.12441794 0 -1004.48684371 0 -1981.11571818 0 4653
0.06750000 0.06749660 29235.14500466 0 -66.93009979 0 6777.11535802 0 -717.43017939 0 -954.77321251 0 5220
0.06850000 0.06852730 29497.66982611 0 -539.34179978 0 7653.24627627 0 10.48767285 0 -1405.03373019 0 5029
0.06950000 0.06949320 30228.66471063 0 -15.01285450 0 7781.39736372 0 -646.98029827 0 -4177.41099688 0 5040
0.07050000 0.07048030 29079.02522471 0 1272.99625672 0 9156.93442059 0 -495.00378227 0 -2876.27996279 0 5475
0.07150000 0.07148790 28371.39294555 0 1721.07109749 0 9133.59395988 0 -1130.70581048 0 -1862.77471051 0 5509
0.07250000 0.07249820 27030.09151702 0 755.09822842 0 8656.19960300 0 -652.97485492 0 -1228.87304232 0 5916
0.07350000 0.07351270 27123.32049200 0 -70.16654033 0 10510.39326178 0 527.12570380 0 151.39521894 0 5721
0.07450000 0.07449140 27357.83233166 0 -37.23766777 0 10714.62229306 0 1370.13376236 0 -2120.90381901 0 6028
0.07550000 0.07549160 26976.94435789 0 602.40976194 0 9872.36161643 0 1313.05592792 0 -483.80634018 0 6183
0.07650000 0.07648840 26624.62298217 0 979.28512519 0 8887.34545591 0 1418.09907347 0 994.99896857 0 6330
0.07750000 0.07749960 26342.27869929 0 99.43733822 0 9259.84060746 0 1910.97254045 0 2323.74880969 0 6583
0.07850000 0.07848650 25142.59230519 0 608.67891226 0 8172.52723794 0 1525.25703307 0 1782.64429580 0 6549
0.07950000 0.07947320 25533.11320154 0 384.61713276 0 8683.32679880 0 767.35086307 0 2557.99491355 0 6828
0.08050000 0.08048110 24699.58858920 0 146.89099721 0 7108.05607453 0 816.26175072 0 1367.28817488 0 7147
0.08150000 0.08149960 24128.14590530 0 457.62582815 0 7852.52597836 0 869.66135886 0 2537.27859382 0 7386
0.08250000 0.08250610 24261.23524963 0 492.54240447 0 7908.16441057 0 -1920.25114865 0 1088.62876170 0 7227
0.08350000 0.08350160 23500.01291834 0 1281.76553798 0 8242.40467987 0 -398.61144410 0 536.41759879 0 7798
0.08450000 0.08449610 22805.00308948 0 928.23063545 0 8530.59515025 0 -1367.62034462 0 1770.04399016 0 7371
0.08550000 0.08548940 22061.05358491 0 583.86583234 0 10237.94763729 0 550.70643397 0 2328.22202892 0 8256
0.08650000 0.08650700 21792.99260105 0 499.13375943 0 9625.89166596 0 1184.60588770 0 1065.68801191 0 8037
0.08750000 0.08749060 20945.51685943 0 654.65563383 0 9281.86346152 0 1411.67712508 0 2342.08457959 0 8155
0.08850000 0.08849210 20980.72685236 0 360.61122532 0 8601.90092208 0 783.25957937 0 736.45354066 0 8718
0.08950000 0.08949900 20369.09162937 0 252.68706085 0 7142.22526892 0 663.11488999 0 1006.76774262 0 8571
0.09050000 0.09049190 20077.00370066 0 -44.79153993 0 6927.32251651 0 498.03649204 0 -129.69124783 0 8932
0.09150000 0.09150830 19982.77821645 0 417.71452611 0 6701.10384814 0 -106.94503879 0 -910.12184821 0 9285
0.09250000 0.09250820 19191.43916166 0 880.75693556 0 6683.06703101 0 -374.34090810 0 -1092.08554151 0 9204
0.09350000 0.09350330 18809.00106243 0 606.32825770 0 6345.41648567 0 -24.90963059 0 -1552.33993957 0 9349
0.09450000 0.09448040 18414.82629888 0 441.73372034 0 7146.88671767 0 730.04709352 0 -182.54277589 0 9564
0.09550000 0.09549270 18328.24071880 0 -266.55182599 0 6348.62745987 0 1019.61163941 0 -94.76647800 0 10155
0.09650000 0.09649430 18224.38231200 0 -321.64328535 0 6491.98084929 0 1766.85516061 0 645.12346940 0 9913
0.09750000 0.09749140 18623.31817522 0 474.66170712 0 6024.60694637 0 613.24403178 0 922.37448285 0 10476
0.09850000 0.09850240 18057.07948399 0 487.38048663 0 6099.47800680 0 162.69341919 0 1755.83819742 0 10575
0.09950000 0.09950330 17658.58651377 0 601.14087352 0 6129.77188750 0 -417.87618205 0 2670.09113002 0 10882
0.10050000 0.10051200 17350.99733031 0 345.51521766 0 6882.25815450 0 36.91324865 0 1990.42754335 0 10875
0.10150000 0.10150300 17334.05667334 0 1.85506837 0 6839.79578882 0 -169.05336256 0 2098.77024170 0 11118
0.10250000 0.10250800 17230.75188278 0 142.04464063 0 7065.60478117 0 44.02090612 0 1597.78076063 0 11575
0.10350000 0.10349800 17056.69493663 0 398.56715480 0 6789.97032714 0 57.52482419 0 882.62594399 0 11364
0.10450000 0.10450100 16772.91125153 0 154.57851233 0 7540.23105685 0 -128.64048421 0 1702.45851947 0 12093
0.10550000 0.10551000 16496.54602405 0 374.64650426 0 7090.73895851 0 575.11426680 0 1352.92736959 0 12067
0.10650000 0.10649700 16347.18036225 0 221.58932936 0 6382.88523285 0 1149.51769035 0 1420.08101962 0 12054
0.10750000 0.10749900 16273.66012545 0 -97.82321471 0 6415.40465085 0 927.19869478 0 1406.59492799 0 12807
0.10850000 0.10850100 16217.30199213 0 53.76643426 0 5844.02840091 0 759.60577186 0 794.48027334 0 12736
0.10950000 0.10950300 15832.42798143 0 329.75597775 0 5149.84899640 0 446.46160303 0 1487.57791171 0 12933
0.11050000 0.11050200 15990.98367283 0 -40.17781290 0 4928.90075464 0 -162.46643653 0 1110.00056307 0 13428
0.11150000 0.11150900 15671.43637857 0 164.79051751 0 4408.54577747 0 606.63163940 0 643.20352827 0 13453
0.11250000 0.11250000 15679.74062218 0 296.45596086 0 4245.49472219 0 406.61894941 0 646.89614860 0 13668
0.11350000 0.11349100 15306.49255254 0 -62.82149222 0 3869.83288574 0 490.90259316 0 238.25982161 0 13791
0.11450000 0.11448600 15335.61276682 0 40.46215020 0 3892.74152579 0 205.83451838 0 61.88765234 0 14205
0.11550000 0.11549300 15266.30001345 0 329.78698026 0 3834.62289282 0 -411.55056288 0 -651.70707373 0 14776
0.11650000 0.11649800 14928.15121349 0 488.16551446 0 4262.00355849 0 -315.17483320 0 -313.09102166 0 14553
0.11750000 0.11747300 14560.88219926 0 374.11835437 0 3998.16113039 0 -863.10211364 0 -302.14049242 0 14568
0.11850000 0.11849100 14452.70558578 0 234.40775981 0 4689.10741605 0 202.96678625 0 -4.32995442 0 16015
0.11950000 0.11950300 14302.01124500 0 95.47499606 0 4426.64902855 0 234.47862268 0 -851.39423737 0 15270
0.12050000 0.12050700 14179.99422550 0 188.03243454 0 4452.07108633 0 397.56510940 0 -361.08844252 0 15999
0.12150000 0.12150000 13898.53572861 0 226.09908726 0 3986.38017678 0 -30.44413215 0 -297.31074433 0 15670
0.12250000 0.12250700 13818.37209692 0 342.68402421 0 4254.83976433 0 481.61734157 0 173.11801300 0 16887
0.12350000 0.12352200 13466.38289093 0 310.73815264 0 4332.58962921 0 504.92347808 0 715.40394395 0 16407
0.12450000 0.12449800 13210.28001788 0 138.62329226 0 3966.72680023 0 581.10771622 0 815.05597455 0 16306
0.12550000 0.12549900 13149.93584762 0 283.83351056 0 3973.60271394 0 927.70580726 0 1580.48578926 0 17523
0.12650000 0.12650100 12961.92777220 0 -47.49695177 0 3655.31766470 0 493.40383134 0 1143.70471982 0 17154
0.12750000 0.12750600 12891.50778635 0 170.70092450 0 3790.38895517 0 148.86076379 0 1624.22147230 0 18007
0.12850000 0.12850300 12914.87039172 0 -105.58768249 0 3286.66460987 0 49.21969479 0 1344.00307579 0 17496
0.12950000 0.12949900 12873.68134339 0 150.50500403 0 3617.69390497 0 -119.46152693 0 964.42495805 0 18405
0.13050000 0.13049000 12859.84093737 0 219.30400152 0 3112.34192792 0 -338.93714949 0 903.46516653 0 18100
0.13150000 0.13148800 12442.41429171 0 167.07473812 0 3353.92898314 0 -85.46572515 0 364.71130720 0 19059
0.13250000 0.13249300 12549.26222621 0 203.29674153 0 3299.10990296 0 -78.28665118 0 480.50678739 0 18957
0.13350000 0.13349100 12398.45716218 0 4.57350127 0 3743.97376953 0 -12.79462494 0 303.93088734 0 19468
0.13450000 0.13450700 12277.43665191 0 276.52799065 0 3467.55318043 0 116.52071746 0 268.44187183 0 19953
0.13550000 0.13551000 12206.02015683 0 172.16247137 0 3876.81952270 0 25.03153689 0 676.25441786 0 19956
0.13650000 0.13649900 12162.17375055 0 -61.50687509 0 3858.18480003 0 320.41757900 0 648.69097245 0 19723
0.13750000 0.13749600 12201.70195015 0 80.20360278 0 3838.02209654 0 -33.92250299 0 601.70999101 0 20946
0.13850000 0.13851100 11900.64543833 0 301.59019788 0 3753.06414820 0 118.11291777 0 709.68287372 0 20955
0.13950000 0.13949800 11702.00793108 0 198.80802105 0 3557.50474726 0 541.18755632 0 797.70121263 0 20506
0.14050000 0.14048300 11707.98698648 0 43.34250478 0 3406.74397253 0 284.03945581 0 295.37419472 0 21447
0.14150000 0.14148400 11481.89011369 0 167.65382071 0 3269.14819200 0 123.64022232 0 780.60111418 0 21771
0.14250000 0.14249400 11459.85618730 0 333.13857298 0 3163.56250253 0 71.85673072 0 293.29813382 0 22470
0.14350000 0.14350900 11109.41710679 0 324.02162073 0 3393.25788090 0 29.13150804 0 1651.11614928 0 22519
0.14450000 0.14449900 10892.47704662 0 285.81213501 0 3627.19395967 0 -55.22421654 0 1015.28568211 0 22218
0.14550000 0.14550500 10858.44072012 0 196.81278812 0 3746.81935701 0 52.94553209 0 1190.55172612 0 23559
0.14650000 0.14650700 10539.92315207 0 107.19416610 0 3845.11945675 0 74.73365287 0 1175.50443670 0 23044
0.14750000 0.14750500 10546.79906578 0 177.23691784 0 3718.61814569 0 39.02651257 0 907.76455026 0 23649
0.14850000 0.14849900 10334.18828461 0 193.97716573 0 3839.63865596 0 68.99874223 0 1018.55533962 0 23640
0.14950000 0.14949500 10163.20944476 0 127.47456840 0 3501.12446928 0 66.16367346 0 638.65833893 0 24457
0.15050000 0.15050000 10039.36549167 0 196.69542147 0 3649.90329787 0 84.17934245 0 1241.52870959 0 24591
0.15150000 0.15149900 10055.84111100 0 86.88874034 0 3288.01543350 0 245.62845378 0 668.63665838 0 25020
0.15250000 0.15250500 9852.83003545 0 81.78351281 0 3290.94959957 0 279.61163311 0 1019.54631270 0 25297
0.15350000 0.15350100 9817.99650157 0 148.54520253 0 3325.29595116 0 211.33082042 0 959.89969890 0 25452
0.15450000 0.15450400 9728.79785283 0 190.11846053 0 3291.85753021 0 218.93307864 0 872.49808848 0 26061
0.15550000 0.15549900 9568.63667433 0 206.24640886 0 3155.47970542 0 268.39426084 0 890.62680590 0 26128
0.15650000 0.15649500 9328.81011875 0 80.50166976 0 3015.12691602 0 0.01922610 0 1024.56761200 0 26331
0.15750000 0.15749700 9253.77297346 0 110.51608499 0 2859.42788442 0 -37.64081111 0 705.76437796 0 27345
0.15850000 0.15849900 9246.17735863 0 27.02012642 0 2766.55322384 0 -18.53086426 0 494.00948750 0 26980
0.15950000 0.15949700 9193.89384084 0 130.42534297 0 2840.15096691 0 40.20693311 0 142.55396758 0 27777
0.16050000 0.16050000 9038.80378710 0 116.59600927 0 2855.69651095 0 -213.53532029 0 101.49103303 0 28224
0.16150000 0.16150500 8910.36481921 0 260.52183789 0 3096.14311671 0 -169.27813076 0 180.67598193 0 28075
0.16250000 0.16249700 8936.40692718 0 71.87344993 0 3061.33172748 0 117.10201451 0 247.67461940 0 28590
0.16350000 0.16349900 8737.31545462 0 -3.30213265 0 3207.78536786 0 210.61554824 0 227.76879384 0 29163
0.16450000 0.16449100 8951.75316938 0 -6.16438397 0 3021.20562234 0 381.74165000 0 254.72436862 0 28996
0.16550000 0.16550500 8845.75780389 0 -6.59685791 0 3038.24593024 0 109.16570425 0 108.63777581 0 30777
0.16650000 0.16650700 8721.99135707 0 131.27016135 0 2800.73349055 0 150.25366225 0 307.49506870 0 29211
0.16750000 0.16749900 8662.31152629 0 166.22106187 0 2541.94004257 0 49.33971879 0 324.71474826 0 30922
0.16850000 0.16850800 8635.95939323 0 -25.05135635 0 2351.14174129 0 488.99150990 0 -19.63898253 0 30867
0.16950000 0.16949900 8483.21667235 0 56.27963054 0 2160.48738024 0 226.91622483 0 9.49965609 0 30852
0.17050000 0.17049200 8467.67112831 0 244.54558041 0 2097.99517896 0 213.45892125 0 -37.81663963 0 31257
0.17150000 0.17149500 8368.30808539 0 34.20994055 0 1927.92426975 0 40.09111660 0 139.09608053 0 32608
0.17250000 0.17250900 8257.24159513 0 65.51018485 0 1842.80023654 0 214.71673735 0 305.42454396 0 32361
0.17350000 0.17350400 8267.29526606 0 -3.65943657 0 1872.88374307 0 132.94651133 0 499.02635788 0 32508
0.17450000 0.17449800 8312.19354320 0 119.10610531 0 2001.05697517 0 182.73875604 0 330.91967909 0 32791
0.17550000 0.17549800 8128.96871211 0 245.32617931 0 2023.96561522 0 -327.33335308 0 520.21325142 0 33633
0.17650000 0.17650100 7985.21671899 0 324.05040877 0 2275.40703953 0 -235.11638859 0 499.33859744 0 33984
0.17750000 0.17750300 7765.19855251 0 164.04092112 0 2341.29844453 0 -373.19602971 0 810.90717444 0 34069
0.17850000 0.17849800 7784.07686633 0 -59.60464969 0 2412.86995215 0 48.23137908 0 749.13024535 0 34536
0.17950000 0.17950400 7823.93723568 0 -69.92018110 0 2404.41069599 0 342.86893203 0 264.00851298 0 35343
0.18050000 0.18050100 7849.19320859 0 -45.19412966 0 2157.32069534 0 240.87399750 0 48.14302193 0 34990
0.18150000 0.18150500 7850.93156358 0 58.09183795 0 1878.45312246 0 291.19107041 0 -32.17473652 0 36243
0.18250000 0.18250200 7905.62884819 0 -29.60274619 0 1708.14969442 0 -92.56341753 0 93.79831392 0 35694
0.18350000 0.18350400 7796.18998968 0 16.61944883 0 1562.90293745 0 15.46892356 0 -301.21927499 0 37087
0.18450000 0.18450600 7825.48736115 0 171.18810679 0 1720.40675800 0 -44.47819314 0 -372.17959029 0 36651
0.18550000 0.18550700 7673.73007719 0 193.95723555 0 1775.36977840 0 -245.68602987 0 -399.12409274 0 37818
0.18650000 0.18651000 7499.13058712 0 164.78387411 0 1869.28523751 0 -129.27049949 0 -208.78086401 0 37267
0.18750000 0.18750100 7393.48953603 0 228.72433548 0 1988.23522303 0 102.18061742 0 -116.56943569 0 38334
0.18850000 0.18850000 7290.32868569 0 88.98240624 0 2002.82854715 0 193.17442218 0 -58.60991203 0 38223
0.18950000 0.18949500 7146.65419884 0 90.52932074 0 2005.82914717 0 405.79516844 0 31.95417581 0 39064
0.19050000 0.19050000 7062.99171252 0 157.19711715 0 1849.51006538 0 327.41750275 0 165.68737582 0 39609
0.19150000 0.19149800 7098.10205452 0 7.57443347 0 1787.56040802 0 182.25821714 0 428.95847196 0 39576
0.19250000 0.19250400 6934.61917857 0 34.75215229 0 1597.36001229 0 65.55403126 0 305.76778603 0 40909
0.19350000 0.19350500 7026.44196829 0 93.95930552 0 1578.74743427 0 10.16953174 0 313.80297215 0 40191
0.19450000 0.19450100 6888.01576341 0 26.75383701 0 1634.20870928 0 -186.62182035 0 479.98528089 0 41232
0.19550000 0.19549800 6907.97916505 0 30.22988267 0 1579.94324535 0 86.40587625 0 308.28341823 0 40873
0.19650000 0.19649700 6867.90842154 0 79.49065578 0 1441.27344932 0 178.79036501 0 136.64466782 0 42816
0.19750000 0.19750200 6777.14857500 0 77.61345383 0 1463.06378456 0 191.93542903 0 86.52578953 0 41727
0.19850000 0.19849000 6683.11132031 0 127.62072309 0 1364.58652762 0 160.54649541 0 232.33723506 0 42610
0.19950000 0.19949900 6576.80592973 0 170.41193682 0 1262.75435627 0 82.72100655 0 308.20812642 0 43863
0.20050000 0.20050100 6458.30990952 0 123.39330948 0 1259.65410532 0 144.48608826 0 652.38912894 0 43302
0.20150000 0.20150100 6424.17393210 0 86.05477283 0 1193.33087965 0 60.07455915 0 486.87669586 0 44487
0.20250000 0.20249700 6450.34890797 0 83.58874465 0 1355.75081242 0 -95.65569640 0 707.25249842 0 43759
0.20350000 0.20349100 6372.28901800 0 140.50669472 0 1560.92099131 0 -311.06921515 0 672.79099465 0 45282
0.20450000 0.20449700 6333.67982136 0 168.78209061 0 1733.75998173 0 -232.34941462 0 1070.25091697 0 45483
0.20550000 0.20549900 6210.89881145 0 42.87525267 0 1942.00826692 0 -92.90101271 0 1069.98185948 0 46138
0.20650000 0.20650200 6300.18603878 0 -4.54965148 0 1968.55970183 0 154.39692620 0 1052.08787534 0 46227
0.20750000 0.20749300 6350.00042814 0 -27.20658437 0 2149.66971889 0 230.24456567 0 999.96379902 0 46236
0.20850000 0.20850300 6261.04537055 0 38.04882628 0 1859.68553189 0 220.36362301 0 955.61913812 0 48361
0.20950000 0.20950400 6242.34421393 0 131.05867995 0 1840.45290368 0 173.31842208 0 1216.90385919 0 46812
0.21050000 0.21050300 6118.21238039 0 55.12954817 0 1711.03957120 0 8.89595972 0 901.76224297 0 48813
0.21150000 0.21149700 6100.49666068 0 -30.26885725 0 1567.55331388 0 125.47379931 0 843.76319111 0 47215
0.21250000 0.21249000 6176.10956687 0 -45.16500944 0 1494.13272800 0 53.94071265 0 724.43785377 0 50004
0.21350000 0.21350300 6156.58905821 0 86.46754910 0 1378.47122295 0 23.80749138 0 346.07879900 0 49509
0.21450000 0.21449800 6075.09674755 0 173.02611271 0 1226.11603344 0 -74.90593825 0 427.95421210 0 49660
0.21550000 0.21550100 5969.24532228 0 135.79984944 0 1365.33944571 0 -117.07765540 0 218.15580144 0 50841
0.21650000 0.21649800 5844.68166807 0 144.46394361 0 1353.46991351 0 28.09192747 0 469.54629305 0 50424
0.21750000 0.21750300 5760.65379502 0 119.46817033 0 1283.74748412 0 -8.74949501 0 191.82913472 0 52231
0.21850000 0.21850300 5673.91320239 0 27.26349612 0 1353.15988841 0 101.67494434 0 368.37956841 0 51078
0.21950000 0.21950100 5659.67419268 0 109.64502520 0 1311.52794709 0 -59.18268339 0 313.18845812 0 52791
0.22050000 0.22050700 5630.31038726 0 71.25904662 0 1463.34059268 0 36.09600036 0 523.45079920 0 52969
0.22150000 0.22150000 5511.89187332 0 141.55967281 0 1350.00427584 0 17.32508809 0 448.97169907 0 52704
0.22250000 0.22250100 5516.50903277 0 44.51749989 0 1396.14265336 0 203.31002832 0 412.20715174 0 54051
0.22350000 0.22349900 5388.16971580 0 21.90426947 0 1210.27153663 0 181.84411219 0 318.75340858 0 53938
0.22450000 0.22449800 5397.44832400 0 136.91704701 0 1195.85536971 0 -10.81876858 0 226.93504779 0 54735
0.22550000 0.22549100 5272.00995612 0 120.20115823 0 1152.16397598 0 34.65405149 0 403.25517713 0 54774
0.22650000 0.22649900 5197.39355917 0 49.74430154 0 1013.09446902 0 73.50196746 0 357.53090456 0 56911
0.22750000 0.22749800 5213.03875414 0 -47.14518402 0 971.35512616 0 96.22171365 0 407.86680041 0 54879
0.22850000 0.22849100 5283.17085954 0 -44.12321440 0 974.53177615 0 195.37227866 0 211.75378323 0 57210
0.22950000 0.22949800 5306.47810329 0 62.75649767 0 938.22894476 0 50.53231890 0 212.39154914 0 57375
0.23050000 0.23049600 5208.42159469 0 131.13286452 0 893.63515656 0 -41.35801200 0 420.78709625 0 57604
0.23150000 0.23150100 5175.74716415 0 38.77550296 0 953.15554585 0 88.49754913 0 542.10102312 0 58629
0.23250000 0.23250200 5135.08958742 0 -1.23779734 0 899.37837144 0 157.46174571 0 483.19736232 0 58560
0.23350000 0.23350400 5160.13518616 0 0.34151811 0 957.84688988 0 18.37706967 0 340.29018758 0 59305
0.23450000 0.23449700 5161.88461348 0 69.44683922 0 905.28545673 0 -23.71215866 0 305.63270367 0 59196
0.23550000 0.23549300 5047.67358297 0 112.65426163 0 884.80387028 0 -118.76064877 0 370.02159418 0 60063
0.23650000 0.23649900 5017.72294434 0 83.26742578 0 861.28182344 0 -36.88368554 0 372.52947576 0 61537
0.23750000 0.23750400 4970.85379338 0 21.33415546 0 716.58203931 0 97.96948012 0 285.38252881 0 61224
0.23850000 0.23850100 5004.84583058 0 -7.70246276 0 746.75301721 0 122.17092482 0 284.41037869 0 61221
0.23950000 0.23949400 5014.30159597 0 12.66530019 0 628.02115648 0 105.69397681 0 216.53924201 0 62332
0.24050000 0.24050100 4978.65978238 0 62.85072315 0 626.47767440 0 43.05617446 0 275.00997492 0 63447
0.24150000 0.24150500 5003.27356045 0 26.75350484 0 634.59922466 0 -58.89779247 0 184.04086144 0 63342
0.24250000 0.24250300 4935.55522186 0 106.32343847 0 709.77920294 0 -28.88614533 0 303.39609405 0 63379
0.24350000 0.24349600 4902.09465626 0 111.26247041 0 720.55921839 0 -94.52853374 0 223.97652259 0 64266
0.24450000 0.24449500 4746.72779440 0 96.16934155 0 646.14212328 0 27.10405465 0 221.97686073 0 64695
0.24550000 0.24549600 4811.88842596 0 41.46430632 0 728.25005520 0 70.20772938 0 234.97687730 0 65947
0.24650000 0.24650000 4708.74972028 0 -17.01772035 0 623.76938375 0 153.98946465 0 283.65303167 0 66018
0.24750000 0.24750000 4776.97738581 0 36.40502894 0 599.81108731 0 101.01591957 0 197.43948170 0 66303
0.24850000 0.24849600 4713.98692991 0 74.97359015 0 488.92618318 0 -64.45366362 0 185.93644345 0 66958
0.24950000 0.24949200 4666.87418781 0 121.55419632 0 601.51622533 0 10.16856845 0 280.18517954 0 66975
0.25050000 0.25048900 4635.55058090 0 92.27952312 0 625.10470612 0 -118.27125202 0 414.49469405 0 68676
0.25150000 0.25150000 4586.01299966 0 37.54304249 0 731.22518888 0 57.20749136 0 389.84327007 0 69349
0.25250000 0.25249900 4600.45131122 0 -31.00262022 0 673.70556868 0 85.68639658 0 370.11238725 0 68592
0.25350000 0.25349900 4623.16064943 0 79.82005745 0 761.34744855 0 -27.24633402 0 163.85490606 0 70437
0.25450000 0.25450100 4536.84080514 0 137.17060325 0 709.38502818 0 8.09928381 0 264.02955039 0 70099
0.25550000 0.25550100 4448.97083538 0 117.94904736 0 727.75512229 0 -53.40691587 0 304.26416432 0 71064
0.25650000 0.25650300 4389.80033155 0 94.44106237 0 651.41808606 0 9.41712298 0 373.65663842 0 71409
0.25750000 0.25750600 4327.57386607 0 7.27479421 0 584.55231648 0 267.34460444 0 333.26590472 0 72612
0.25850000 0.25850600 4364.26755052 0 -72.86475517 0 468.53317533 0 162.04900988 0 213.63497121 0 71845
0.25950000 0.25949600 4413.76084246 0 -34.99629705 0 406.88136351 0 65.54650208 0 229.57911895 0 72816
0.26050000 0.26049800 4437.57741314 0 133.76143444 0 471.70539639 0 -79.28637139 0 58.10412823 0 73743
0.26150000 0.26149900 4320.86403723 0 122.86294512 0 376.92961764 0 -148.22299788 0 319.98465110 0 74662
0.26250000 0.26250300 4225.02199360 0 130.41427064 0 468.57192847 0 -132.78042646 0 223.57681167 0 74931
0.26350000 0.26350100 4168.76351119 0 92.08963275 0 492.28331206 0 91.06998236 0 188.57940738 0 75087
0.26450000 0.26450200 4124.54064587 0 -0.37075680 0 460.17910625 0 150.99329355 0 98.40694767 0 76678
0.26550000 0.26550600 4106.45953944 0 36.12523129 0 330.06157391 0 146.59204444 0 120.18122805 0 76035
0.26650000 0.26650100 4115.89316019 0 17.03720764 0 379.24816246 0 -38.07296395 0 114.76353951 0 77094
0.26750000 0.26750600 4062.38061434 0 66.51211953 0 329.58214225 0 -64.89832818 0 33.12573850 0 78463
0.26850000 0.26850100 4059.64575011 0 86.18099733 0 458.71755938 0 -98.60425650 0 133.00187295 0 77076
0.26950000 0.26949700 4029.23007383 0 12.27688304 0 386.95450053 0 -53.99352764 0 156.64460814 0 79149
0.27050000 0.27049900 4057.68594861 0 41.27618752 0 501.31611465 0 -10.24011781 0 115.15107088 0 79648
0.27150000 0.27150200 4035.99526429 0 91.95255737 0 512.89776641 0 20.15207406 0 -0.60150405 0 80241
0.27250000 0.27250500 3950.92659271 0 103.25872969 0 442.10685768 0 125.13498617 0 234.72221383 0 80835
0.27350000 0.27350000 3860.85323031 0 51.85324725 0 395.56434031 0 136.70999454 0 308.77502945 0 80680
0.27450000 0.27450400 3864.83926725 0 -28.15038934 0 274.01014398 0 241.71770865 0 274.98340134 0 82617
0.27550000 0.27550800 3910.23579900 0 4.22595207 0 267.17298341 0 169.96682936 0 221.54282560 0 82548
0.27650000 0.27649900 3889.64127484 0 62.28946701 0 155.27828326 0 -7.65715481 0 286.84407568 0 81181
0.27750000 0.27748900 3832.68523597 0 68.57566870 0 125.61773953 0 -7.78189562 0 371.98361014 0 84096
0.27850000 0.27849800 3793.55564007 0 82.96481914 0 157.74851892 0 -85.82535426 0 487.01399268 0 85215
0.27950000 0.27950200 3788.01947766 0 41.06703131 0 224.27768983 0 -89.65062104 0 362.63635353 0 84514
0.28050000 0.28050300 3765.02225901 0 52.50717875 0 326.16411558 0 -53.95211714 0 316.62087882 0 85815
0.28150000 0.28150100 3750.97147881 0 48.30534221 0 337.55753782 0 -37.89447808 0 227.85737244 0 85485
0.28250000 0.28250000 3766.55023983 0 13.18293138 0 357.25077474 0 -187.84531225 0 118.32993534 0 87220
0.28350000 0.28350400 3742.78903077 0 82.73241104 0 441.35504683 0 -113.50572341 0 196.21820427 0 87147
0.28450000 0.28449700 3706.54931164 0 76.19852145 0 467.52891547 0 -67.51383275 0 153.98725018 0 87102
0.28550000 0.28549800 3671.15108920 0 45.29433420 0 440.80253782 0 51.28025444 0 141.57406683 0 88971
0.28650000 0.28649900 3655.42838795 0 32.57732625 0 442.79555629 0 145.07513594 0 122.67914453 0 89434
0.28750000 0.28750100 3603.47703990 0 52.40863506 0 427.35852103 0 134.22425761 0 64.67134552 0 89619
0.28850000 0.28849900 3625.27844747 0 40.89297436 0 300.03453624 0 92.59796318 0 223.78386414 0 90240
0.28950000 0.28950100 3566.17437759 0 60.79049568 0 298.19763755 0 5.26819000 0 216.80608504 0 91333
0.29050000 0.29050500 3549.14514202 0 26.79148292 0 256.75392575 0 -38.48961553 0 252.41911059 0 92139
0.29150000 0.29150600 3539.01396481 0 30.65683151 0 282.43286147 0 -0.10178157 0 234.18188438 0 92370
0.29250000 0.29250200 3548.69117670 0 16.07978372 0 286.47647450 0 7.55296423 0 178.60324272 0 91819
0.29350000 0.29349600 3512.47360222 0 76.34976940 0 250.66193264 0 30.39629971 0 238.81343785 0 93552
0.29450000 0.29450000 3515.61814247 0 35.39656160 0 250.92656120 0 64.83543738 0 157.56139663 0 94701
0.29550000 0.29550200 3472.12605058 0 39.72052588 0 172.88438695 0 105.63296830 0 226.92840439 0 95020
0.29650000 0.29650300 3456.62479583 0 71.48503277 0 150.64783702 0 114.75468165 0 269.82369797 0 95151
0.29750000 0.29749800 3436.05241632 0 35.24498147 0 142.61707983 0 28.07465464 0 296.03521251 0 95802
0.29850000 0.29850000 3432.68642958 0 24.12272047 0 107.12883938 0 25.30668416 0 352.28372982 0 97399
0.29950000 0.29950700 3391.18735616 0 61.12344048 0 88.32415652 0 -14.63606328 0 280.70114987 0 97881
0.30050000 0.30050300 3390.72231851 0 63.90115461 0 129.25610547 0 -29.38572862 0 278.32502897 0 97188
0.30150000 0.30149700 3343.87531221 0 67.76783188 0 104.27195813 0 -38.38985389 0 305.87740205 0 98263
0.30250000 0.30249700 3295.52246972 0 89.20484924 0 220.88623674 0 -30.56913870 0 302.29661220 0 100050
0.30350000 0.30350600 3259.74778823 0 81.06181868 0 222.12080095 0 11.90297063 0 383.68041408 0 100779
0.30450000 0.30450500 3228.76742339 0 43.29389727 0 268.74746800 0 40.37943993 0 444.21392110 0 99982
0.30550000 0.30550300 3211.82676642 0 5.80509811 0 208.45423043 0 91.76167049 0 494.37265976 0 101559
0.30650000 0.30649700 3234.90149134 0 -34.51398659 0 170.39975726 0 112.02313912 0 439.91785907 0 100935
0.30750000 0.30749800 3257.33402142 0 29.19517391 0 155.10112606 0 27.90513735 0 358.15981261 0 103762
0.30850000 0.30850200 3216.04532217 0 63.24356924 0 89.96961472 0 -86.92096080 0 328.42729877 0 102951
0.30950000 0.30950100 3229.23246103 0 43.63149246 0 74.94734874 0 -99.24955159 0 209.89806159 0 104394
0.31050000 0.31050000 3146.65506254 0 56.14631975 0 85.37006026 0 -87.17772801 0 233.78992408 0 103963
0.31150000 0.31149700 3186.37149166 0 29.74314327 0 87.59338309 0 -33.60461655 0 32.39075758 0 105936
0.31250000 0.31250000 3156.73087812 0 76.54087773 0 52.68090353 0 -36.08492803 0 30.33916651 0 105717
0.31350000 0.31349800 3147.97266919 0 49.44224852 0 71.67071566 0 -72.17716380 0 -1.81814217 0 106776
0.31450000 0.31450400 3105.69853303 0 32.84948400 0 80.98353734 0 17.78669331 0 -8.89624761 0 108733
0.31550000 0.31549900 3112.22013235 0 23.36094452 0 83.51909972 0 38.93195491 0 -22.76602851 0 105891
0.31650000 0.31650000 3110.85823640 0 20.38592156 0 41.65441814 0 47.82568910 0 -28.28724328 0 111072
0.31750000 0.31750600 3106.54002972 0 45.60037326 0 42.07151261 0 74.43990410 0 33.27598995 0 108121
0.31850000 0.31849900 3076.45652319 0 73.34097586 0 14.06185252 0 -10.91970389 0 -16.32857886 0 110484
0.31950000 0.31950100 3029.04482831 0 77.40141881 0 34.97149505 0 26.18936989 0 -12.47064872 0 110817
0.32050000 0.32049800 3006.39085173 0 97.49159858 0 75.59519047 0 -21.18368257 0 105.90523676 0 111088
0.32150000 0.32149900 2920.52497276 0 45.24738754 0 49.31845993 0 16.01091386 0 174.67810357 0 112635
0.32250000 0.32250100 2941.59560689 0 20.97452635 0 87.10620079 0 48.93812557 0 145.12163970 0 113202
0.32350000 0.32350400 2916.87110557 0 30.99951996 0 83.53858701 0 105.09297102 0 252.50215302 0 113863
0.32450000 0.32450300 2895.10291498 0 63.62002828 0 67.86814715 0 63.47121624 0 311.45010313 0 114045
0.32550000 0.32549900 2869.17153026 0 37.35027331 0 6.44889843 0 79.98149194 0 441.57649332 0 114828
0.32650000 0.32650300 2886.69902044 0 22.65552670 0 7.13481788 0 101.98076196 0 434.32412057 0 116431
0.32750000 0.32750400 2898.63498660 0 -2.85403566 0 -75.31749656 0 38.98299833 0 433.67417510 0 116442
0.32850000 0.32850400 2862.14060400 0 51.91945975 0 -61.72599640 0 -14.25107855 0 394.91882377 0 116955
0.32950000 0.32949800 2889.05742563 0 64.00700603 0 -80.28808462 0 -98.48489684 0 430.23843271 0 117028
0.33050000 0.33049700 2809.65778436 0 57.29839515 0 0.30218700 0 -38.46226689 0 371.12882667 0 119061
0.33150000 0.33150100 2838.83336025 0 54.13049230 0 -53.49826255 0 -32.48177209 0 392.36443844 0 120060
0.33250000 0.33250400 2814.62925820 0 16.19238926 0 -52.74069409 0 -6.27446503 0 352.11321602 0 119737
0.33350000 0.33350100 2805.84890462 0 25.15643271 0 -23.27314098 0 13.21570546 0 334.49493277 0 120531
0.33450000 0.33450000 2823.74178152 0 2.21303663 0 -16.73891921 0 65.24887799 0 340.64560921 0 121704
0.33550000 0.33550300 2804.03304335 0 -1.54743490 0 -42.80306111 0 84.33756597 0 337.79005664 0 122761
0.33650000 0.33650300 2814.47424565 0 59.12710032 0 -73.59741090 0 63.90968030 0 366.46737792 0 122472
0.33750000 0.33749900 2796.92461081 0 78.17172045 0 -95.47112075 0 40.00574897 0 374.32872854 0 122985
0.33850000 0.33849800 2752.45815434 0 80.20714592 0 -157.02992504 0 -5.59878748 0 322.31316101 0 125380
0.33950000 0.33950300 2681.89422827 0 65.40754440 0 -152.01748360 0 -53.49350145 0 328.24681988 0 125223
0.34050000 0.34050000 2686.03527776 0 69.57173504 0 -168.06681842 0 -75.23157532 0 303.31194438 0 125178
0.34150000 0.34149900 2654.92204502 0 16.37951155 0 -150.61462004 0 -35.07978238 0 244.25991443 0 127059
0.34250000 0.34250300 2654.30199483 0 15.58208272 0 -151.67313430 0 -31.32393908 0 230.35307446 0 127957
0.34350000 0.34349800 2659.24025169 0 60.12527040 0 -136.83954074 0 13.51355099 0 234.72553553 0 126732
0.34450000 0.34449700 2631.70337987 0 67.05787442 0 -108.13797106 0 56.93267626 0 233.56737035 0 129639
0.34550000 0.34550000 2595.20899727 0 36.71638271 0 -103.82363970 0 36.44212123 0 318.25736842 0 129826
0.34650000 0.34650400 2597.43453456 0 21.29030905 0 -108.18159602 0 31.87556230 0 420.65090665 0 130875
0.34750000 0.34750200 2595.78475816 0 47.91537493 0 -100.65795131 0 41.56052482 0 379.27584327 0 130686
0.34850000 0.34850200 2571.75781330 0 63.44730002 0 -135.86739062 0 17.63367378 0 363.24422416 0 132211
0.34950000 0.34950400 2527.49065868 0 62.52707910 0 -122.15542356 0 -60.11286940 0 352.90599448 0 132768
0.35050000 0.35050300 2487.68565095 0 57.24126195 0 -147.34496252 0 -78.34190208 0 321.14392350 0 132957
0.35150000 0.35150100 2449.41969638 0 70.41179233 0 -124.95118558 0 -38.34368229 0 333.49178014 0 133987
0.35250000 0.35249800 2459.42907802 0 8.26170374 0 -159.88104868 0 28.08683420 0 291.85098096 0 134778
0.35350000 0.35349800 2450.52692886 0 -7.25071191 0 -174.17542002 0 74.95930685 0 278.72916882 0 135699
0.35450000 0.35450100 2489.34649968 0 11.86454966 0 -160.15896404 0 32.04507960 0 188.82189129 0 137380
0.35550000 0.35550100 2500.50740309 0 25.30900935 0 -162.99015749 0 4.69618263 0 234.68013900 0 136161
0.35650000 0.35649900 2489.98869452 0 53.87361436 0 -171.55017181 0 -30.62283947 0 202.43199296 0 138792
0.35750000 0.35750000 2447.94707718 0 51.30937466 0 -167.76675842 0 -40.82177931 0 287.61803119 0 138097
0.35850000 0.35849800 2451.24662998 0 49.65229052 0 -120.39160222 0 -3.03878847 0 249.65988724 0 140028
0.35950000 0.35950300 2421.42885924 0 28.86743310 0 -186.80119202 0 6.90544360 0 295.41626956 0 141099
0.36050000 0.36050500 2426.42247773 0 43.32656063 0 -195.68894715 0 35.41128779 0 227.63371148 0 140821
0.36150000 0.36150200 2409.19394031 0 31.97510250 0 -239.23307896 0 24.92956078 0 215.51394474 0 141756
0.36250000 0.36250400 2395.46425754 0 61.61394447 0 -249.85365293 0 28.88514882 0 178.11052427 0 142971
0.36350000 0.36349900 2384.28120947 0 61.84159147 0 -231.46916480 0 -55.24160009 0 151.68642109 0 142270
0.36450000 0.36450000 2349.55839884 0 58.85007075 0 -192.40932454 0 -27.33845576 0 248.96565248 0 145311
0.36550000 0.36550300 2337.68886664 0 27.49800796 0 -190.60785729 0 -9.34897282 0 373.51712713 0 145434
0.36650000 0.36650100 2350.85386085 0 0.45893126 0 -182.99563398 0 47.54024456 0 309.93651632 0 144547
0.36750000 0.36749600 2389.75093793 0 -3.20399863 0 -153.47349431 0 62.40306906 0 249.88797713 0 146892
0.36850000 0.36849900 2374.46005736 0 61.42416482 0 -162.34796265 0 -7.48613168 0 289.06850574 0 148113
0.36950000 0.36949900 2335.46332935 0 87.00322817 0 -146.59868783 0 -50.91519989 0 304.04161059 0 147387
0.37050000 0.37049800 2293.82031570 0 67.32349949 0 -156.60031884 0 -13.66003785 0 318.42788223 0 149758
0.37150000 0.37150100 2286.21362855 0 32.19522032 0 -173.38817773 0 5.65922023 0 277.90870955 0 150099
0.37250000 0.37250000 2265.91805716 0 33.25517398 0 -204.84686700 0 -2.96970824 0 222.89364923 0 150468
0.37350000 0.37349800 2256.88304011 0 26.23797740 0 -236.29337672 0 1.49217293 0 155.43440304 0 150709
0.37450000 0.37449700 2244.10557727 0 23.86241011 0 -275.63113234 0 18.85461904 0 130.40873448 0 153108
0.37550000 0.37550100 2269.95945572 0 15.72890174 0 -312.76217362 0 -16.73205437 0 78.90803005 0 153189
0.37650000 0.37649900 2245.83285994 0 37.18695652 0 -299.45545365 0 -16.87521953 0 29.74912232 0 153547
0.37750000 0.37749900 2251.16972050 0 57.36527199 0 -321.68757465 0 -16.76604641 0 28.55463992 0 155424
0.37850000 0.37850200 2232.33569599 0 51.18148930 0 -321.40744484 0 -8.96770839 0 31.31198097 0 155313
0.37950000 0.37949900 2205.08670461 0 31.62388836 0 -339.46087045 0 -37.31218451 0 57.68659086 0 156100
0.38050000 0.38050000 2201.28889720 0 56.59552397 0 -307.28248006 0 30.14274347 0 38.34899701 0 157557
0.38150000 0.38149800 2162.80149613 0 40.68426104 0 -333.34562546 0 35.62276919 0 86.98263365 0 157692
0.38250000 0.38250100 2145.88298380 0 38.78214636 0 -364.05471834 0 92.06671304 0 94.11896844 0 159703
0.38350000 0.38350500 2138.40916455 0 33.43520998 0 -391.63920116 0 69.30389550 0 98.04322180 0 160338
0.38450000 0.38450600 2157.48678021 0 24.45555455 0 -419.09635225 0 -9.27640481 0 109.20335016 0 160167
0.38550000 0.38550000 2140.60148486 0 25.33979041 0 -397.46656571 0 -21.52094558 0 134.72694116 0 160033
0.38650000 0.38649600 2144.79789597 0 41.22093662 0 -397.85409708 0 -55.48308750 0 203.49493614 0 162444
0.38750000 0.38750200 2136.48258003 0 34.15457892 0 -336.09709817 0 -58.72772156 0 143.32792308 0 164307
0.38850000 0.38850400 2154.63012041 0 44.97600486 0 -308.63108923 0 -31.89028850 0 141.88187746 0 163882
0.38950000 0.38950500 2101.82620335 0 60.87010569 0 -302.79375958 0 -61.49392047 0 112.85909964 0 164595
0.39050000 0.39050100 2115.21264405 0 62.89058352 0 -247.80970177 0 -16.95936920 0 200.70803199 0 165006
0.39150000 0.39150100 2085.98170653 0 8.28598535 0 -274.20058797 0 24.44104980 0 219.06373207 0 166687
0.39250000 0.39250100 2103.29882255 0 25.91189743 0 -263.13269208 0 52.58446358 0 210.02317886 0 167256
0.39350000 0.39350100 2107.91598200 0 31.72686098 0 -296.24226499 0 36.94768358 0 155.29599898 0 167937
0.39450000 0.39449600 2080.62270132 0 63.24456575 0 -260.47754859 0 -10.10228951 0 203.98986906 0 167719
0.39550000 0.39549700 2043.23146041 0 88.44285185 0 -328.53027139 0 -35.92803319 0 163.14627727 0 171636
0.39650000 0.39650400 1987.92519794 0 54.51237678 0 -296.25998071 0 10.19225215 0 192.80349930 0 171093
0.39750000 0.39750000 1981.78005767 0 30.25025574 0 -318.81652083 0 26.99742816 0 147.73692282 0 170464
0.39850000 0.39849800 1965.49266786 0 12.72243339 0 -338.20748328 0 52.09783491 0 213.54749985 0 172113
0.39950000 0.39949500 2007.77787634 0 15.13476079 0 -381.60324594 0 35.74356826 0 128.49654399 0 173232
