### header ###
fiducial parameters:
Omega_m = 0.31
Omega_nu = 0
Omega_de = 0.69
Omega_k = 0
H_0 = 100
w_de = -1
zeff = 0
beta = 0
fgrowth = 0
b_1 = 2
gamma = 0.55
Lx = 3500 Ly = 3500 Lz = 3500
nx = 700 ny = 700 nz = 700
xoffset = -685.467585 yoffset = -31.7331281 zoffset = 572.489161
bins = 400 dk = 0.001
kx_ny = 0.628318531 ky_ny = 0.628318531 kz_ny = 0.628318531
############################
A(data) = 8.07632915 (not used)
A(ran) = 8.07909427 (used)
Ngal = 480318
weighted Ngal = 0
Nran = 23820508
weighted Nran = 0
SN(data) = 3481.61611
SN(ran) = 70.3718411
SN(data+ran) = 3551.98795
############################
13 columns: k_central k_mean P_0(k) sigma^{lin}_{P_0(k)} P^img_1(k) sigma^{lin}_{P_1(k)} P_2(k) sigma^{lin}_{P_2(k)} P^img_3(k) sigma^{lin}_{P_3(k)} P_4(k) sigma^{lin}_{P_4(k)} N_modes
### header ###
0.00050000 0 0 0 0 0 0 0 0 0 0 0 0
0.00150000 0.00179520 5950.05698337 0 170.46840568 0 19234.95339820 0 -18928.80361697 0 -7606.03388325 0 3
0.00250000 0.00253879 13954.67241544 0 -2800.15772966 0 4753.45976789 0 15235.74039695 0 -24328.88715427 0 6
0.00350000 0.00331552 17481.42931667 0 -3800.45369843 0 13844.05989050 0 9719.55246160 0 19136.40970731 0 7
0.00450000 0.00420575 28585.97460054 0 -11585.52707399 0 18485.35700798 0 11785.27181372 0 -792.77292085 0 24
0.00550000 0.00557378 42385.30229877 0 -10112.88572846 0 18115.76280553 0 23268.60132963 0 -5154.98655512 0 45
0.00650000 0.00659388 63011.38258719 0 -6891.68070292 0 1934.92197903 0 28276.28167536 0 -29.55579953 0 40
0.00750000 0.00754703 56364.22310556 0 -8955.94958049 0 -7368.24463544 0 14923.27939057 0 -12608.38844074 0 57
0.00850000 0.00846663 76189.88503284 0 -15424.30208862 0 -13639.44332785 0 -899.94084554 0 -5567.96212620 0 75
0.00950000 0.00948925 74684.49175049 0 -2103.69742624 0 -6371.54717224 0 -18945.19065770 0 5257.83738036 0 112
0.01050000 0.01054430 84536.75709737 0 1080.35994953 0 -4314.38672721 0 -24874.30987483 0 -502.79980618 0 105
0.01150000 0.01145670 72901.51528495 0 13258.55535409 0 -1767.89595914 0 -20549.90269366 0 7657.40947040 0 144
0.01250000 0.01249090 77547.79494859 0 3664.55198360 0 23329.49911614 0 -8048.72757414 0 7705.69587894 0 169
0.01350000 0.01339930 67392.70151792 0 875.65923721 0 18142.33638510 0 9996.70382414 0 -2932.53844519 0 180
0.01450000 0.01448870 77015.43757131 0 -4432.73880720 0 33915.41670550 0 6602.05083031 0 -3465.81482543 0 267
0.01550000 0.01550050 82156.98232410 0 -2256.67266594 0 22284.27165326 0 5564.04252322 0 705.20190386 0 238
0.01650000 0.01653350 83354.89714623 0 -4130.66364149 0 22947.61463314 0 12385.83471188 0 -1462.54338529 0 315
0.01750000 0.01747870 86605.95315948 0 1728.81065253 0 13762.12468684 0 6772.39854765 0 -9962.43497883 0 297
0.01850000 0.01844180 81006.67849869 0 4857.66141676 0 15086.70690489 0 -1883.64604280 0 8443.92099157 0 388
0.01950000 0.01947590 75999.99466220 0 4996.43086371 0 8293.58096518 0 3832.36413855 0 -2281.10928681 0 399
0.02050000 0.02045430 71871.23546057 0 2401.49867457 0 337.39920357 0 12675.37600589 0 -5674.88756698 0 462
0.02150000 0.02154770 72051.49290862 0 -687.64784009 0 4601.93500275 0 4140.58444453 0 -2383.26255559 0 571
0.02250000 0.02255340 69145.78270646 0 4487.73504457 0 9692.53598905 0 -5342.39672500 0 -3576.36091642 0 510
0.02350000 0.02348930 64914.93667001 0 7622.52057490 0 11185.04108530 0 -7329.79045135 0 5425.29522091 0 555
0.02450000 0.02439640 62599.71355043 0 3641.67656053 0 20744.00054773 0 -7386.53611604 0 14468.09611728 0 592
0.02550000 0.02547300 59409.00170744 0 3048.24423955 0 29161.84621436 0 2407.04590930 0 14826.17510191 0 837
0.02650000 0.02652900 57514.41620772 0 883.24267248 0 32234.74852128 0 4058.44993903 0 15712.95759664 0 723
0.02750000 0.02749970 62427.20672975 0 -1938.02222998 0 30842.40367533 0 9235.97974747 0 15642.09471780 0 826
0.02850000 0.02848090 57960.85234441 0 -383.43903740 0 27942.67252858 0 4810.47116838 0 20064.71342011 0 831
0.02950000 0.02946900 59468.34936847 0 3073.93203313 0 27949.09447697 0 6025.52594933 0 11300.96832615 0 996
0.03050000 0.03053250 55930.18797267 0 3530.31111750 0 25788.99462810 0 2428.26048365 0 10651.90864528 0 1041
0.03150000 0.03150510 53195.98808195 0 4189.29160141 0 23238.37388288 0 -961.05675684 0 6704.06015887 0 1036
0.03250000 0.03246190 48623.11793185 0 2251.64583047 0 23258.63623730 0 435.69930331 0 3202.59244752 0 1059
0.03350000 0.03345080 47826.57488440 0 -477.01789784 0 24957.24158773 0 -345.40560165 0 -540.20211941 0 1302
0.03450000 0.03451200 51032.12364264 0 -3579.67154154 0 19669.54214733 0 2789.70545503 0 2274.08943288 0 1339
0.03550000 0.03553350 52724.74993767 0 -2378.68968544 0 21816.02303668 0 2264.55616121 0 -2364.55032665 0 1365
0.03650000 0.03647120 57657.02775139 0 984.65188103 0 18861.37315882 0 -2790.02655245 0 631.28859954 0 1308
0.03750000 0.03744890 55470.24359970 0 341.81484671 0 17779.49630079 0 -1424.62067279 0 2396.82615349 0 1579
0.03850000 0.03847530 54763.49710653 0 2646.89460952 0 16255.28006625 0 -2045.76702279 0 4061.26230953 0 1662
0.03950000 0.03950240 53406.25153026 0 -511.67759622 0 19726.78606664 0 3461.17552133 0 -2239.55485177 0 1683
0.04050000 0.04050350 53923.21837604 0 680.00129257 0 17934.28740175 0 3119.57215603 0 -6655.07619387 0 1822
0.04150000 0.04152450 50474.85353452 0 2692.72296195 0 17142.39473072 0 2225.00581696 0 -6223.27767059 0 1887
0.04250000 0.04250150 50130.39350941 0 4052.08335226 0 15204.95933396 0 339.06115953 0 72.50656546 0 1920
0.04350000 0.04349210 44875.13598074 0 2033.81998431 0 16998.89740107 0 1521.69174448 0 155.50858761 0 2005
0.04450000 0.04448520 45338.51277440 0 1287.26848342 0 16175.55932756 0 2059.68493509 0 2467.78868326 0 2151
0.04550000 0.04548030 44445.52977778 0 871.97215305 0 17953.11035395 0 3854.80774096 0 714.51151457 0 2274
0.04650000 0.04648670 43354.79505989 0 1070.68716657 0 14702.94012668 0 2616.60072882 0 2882.03757170 0 2311
0.04750000 0.04749250 43333.31474974 0 819.08740802 0 17256.66112285 0 2978.07891717 0 7044.64487029 0 2568
0.04850000 0.04851840 42291.85187730 0 970.87237279 0 17572.11165694 0 3274.79507766 0 7267.29825007 0 2493
0.04950000 0.04949480 41835.67209477 0 1419.92600707 0 16133.81666299 0 3568.87602485 0 8896.56870248 0 2644
0.05050000 0.05050630 39280.06880338 0 1170.31151636 0 15101.21165041 0 701.47606656 0 4496.28287933 0 2829
0.05150000 0.05149060 38757.56579519 0 829.35477482 0 13212.27303635 0 524.71082976 0 1043.89103327 0 2784
0.05250000 0.05249300 38632.44852474 0 585.47242667 0 15095.56476475 0 -2783.61567638 0 -1004.36394090 0 3055
0.05350000 0.05348950 38060.00933161 0 923.41749585 0 14563.76100371 0 -2037.20811571 0 -2215.61648551 0 3009
0.05450000 0.05448610 37640.81111398 0 -337.80555789 0 13122.25503557 0 -1594.75801595 0 -3354.50474403 0 3336
0.05550000 0.05550870 37533.52028649 0 926.50556724 0 13742.30522541 0 2988.90765084 0 -6520.39243478 0 3349
0.05650000 0.05647670 37280.40694113 0 698.45996528 0 11150.71687836 0 2599.33897443 0 -3917.43281014 0 3324
0.05750000 0.05747970 36293.08773706 0 149.58046491 0 11423.31751540 0 841.79010282 0 -5165.56062532 0 3639
0.05850000 0.05849280 35138.46570497 0 889.55500486 0 11869.64292884 0 2893.82959763 0 -3890.21703573 0 3846
0.05950000 0.05951020 34969.83419798 0 1659.19894640 0 13135.87399510 0 561.56284845 0 -1183.25506407 0 3787
0.06050000 0.06049470 33083.66366512 0 1201.50225537 0 12624.66475822 0 1065.48206667 0 3024.25051167 0 3930
0.06150000 0.06148310 33918.62767970 0 132.22681022 0 13822.57958035 0 897.29788161 0 2289.13672231 0 4083
0.06250000 0.06249100 33545.60105656 0 -260.50633664 0 12950.96617063 0 1018.83657667 0 3866.47797132 0 4303
0.06350000 0.06350600 33429.12019946 0 1343.15050678 0 14728.07430402 0 -1272.50907443 0 4247.98599527 0 4470
0.06450000 0.06451750 31995.36485870 0 2392.70724866 0 13299.96584891 0 912.52232823 0 6044.17174433 0 4479
0.06550000 0.06550280 30590.28683921 0 -202.68997813 0 15500.47968337 0 1593.27432443 0 6054.80117615 0 4636
0.06650000 0.06648880 30646.20207955 0 -230.59555837 0 13359.20278669 0 2931.99590128 0 4413.36223876 0 4653
0.06750000 0.06749660 30865.87700395 0 -112.29108938 0 13308.60226227 0 2811.89439397 0 3928.79301540 0 5220
0.06850000 0.06852730 30964.64214133 0 47.82126017 0 11411.58085109 0 570.21919200 0 4343.36300126 0 5029
0.06950000 0.06949320 30276.71860035 0 676.11158487 0 10471.55154631 0 958.92976324 0 6710.72569841 0 5040
0.07050000 0.07048030 30111.29806756 0 1296.52494696 0 10257.84460499 0 -336.74925810 0 2000.21547849 0 5475
0.07150000 0.07148790 28060.59278790 0 1476.02947692 0 11835.20799865 0 -1267.19435852 0 4433.00454299 0 5509
0.07250000 0.07249820 27571.63892390 0 1100.95447369 0 11587.96298545 0 -530.64891756 0 -81.49917551 0 5916
0.07350000 0.07351270 26386.90016831 0 726.82504700 0 11750.94760678 0 912.68287694 0 1243.78746385 0 5721
0.07450000 0.07449140 26405.83384375 0 -444.73764206 0 10937.09851564 0 1506.63338272 0 233.51865212 0 6028
0.07550000 0.07549160 26500.94511394 0 -390.48103598 0 9763.12205976 0 1703.25572685 0 322.54567983 0 6183
0.07650000 0.07648840 27116.45565061 0 -53.58661970 0 10376.56207169 0 1130.69473816 0 525.90996254 0 6330
0.07750000 0.07749960 26232.66268359 0 880.10256116 0 9876.35872569 0 756.91741139 0 435.25973202 0 6583
0.07850000 0.07848650 26135.77984142 0 1043.31748685 0 8909.52332252 0 -223.35425794 0 1976.47641408 0 6549
0.07950000 0.07947320 25027.99374332 0 733.67106544 0 8711.53908244 0 26.95092439 0 2811.18576518 0 6828
0.08050000 0.08048110 25084.35187664 0 386.57693425 0 10853.82356068 0 -711.62163779 0 2262.41920252 0 7147
0.08150000 0.08149960 24657.18158514 0 684.75131992 0 10602.06103895 0 53.53457977 0 2519.14212576 0 7386
0.08250000 0.08250610 24180.29655520 0 822.18765897 0 11005.35939814 0 975.37438006 0 3823.29590453 0 7227
0.08350000 0.08350160 23422.06375162 0 62.79591515 0 9898.84661739 0 1573.48807998 0 3672.28046633 0 7798
0.08450000 0.08449610 23543.74860138 0 268.31786180 0 11165.77524012 0 1542.21983469 0 2856.80374343 0 7371
0.08550000 0.08548940 23318.20534482 0 480.12700665 0 10161.30500489 0 49.44601311 0 3707.92227992 0 8256
0.08650000 0.08650700 22279.62127683 0 830.40886014 0 10108.66717271 0 -387.70631138 0 2525.50871253 0 8037
0.08750000 0.08749060 21917.44553201 0 346.97897900 0 9055.19082783 0 685.56402856 0 3283.63079287 0 8155
0.08850000 0.08849210 21520.28124077 0 -30.56891725 0 8281.24639534 0 1703.28894383 0 1161.81904322 0 8718
0.08950000 0.08949900 21040.62812963 0 108.87682730 0 6905.48789197 0 747.91782578 0 890.11747896 0 8571
0.09050000 0.09049190 21330.83376312 0 378.82852135 0 6766.53021550 0 1062.63869366 0 -917.03430059 0 8932
0.09150000 0.09150830 20182.63367943 0 790.47541345 0 6096.76528722 0 -475.95827635 0 -885.94099804 0 9285
0.09250000 0.09250820 19726.23245040 0 1117.37473140 0 5941.94096928 0 -213.39913069 0 -1230.96571171 0 9204
0.09350000 0.09350330 19002.65602351 0 425.56037547 0 6723.85747564 0 -902.72885693 0 -354.90012018 0 9349
0.09450000 0.09448040 18339.86665986 0 398.72216735 0 6537.04521130 0 611.66622549 0 -695.14823293 0 9564
0.09550000 0.09549270 18685.65536395 0 160.60185703 0 6905.42145802 0 899.73600753 0 893.39710157 0 10155
0.09650000 0.09649430 17986.43805165 0 270.96968359 0 6836.38551278 0 927.31827589 0 -69.74092017 0 9913
0.09750000 0.09749140 18145.21518955 0 324.54091276 0 6074.93066267 0 787.93985107 0 812.39529490 0 10476
0.09850000 0.09850240 17783.48233772 0 25.59799702 0 6134.59942112 0 837.74648980 0 1810.08151670 0 10575
0.09950000 0.09950330 17861.54222770 0 -81.76214322 0 5328.36808945 0 713.78517006 0 1711.27209002 0 10882
0.10050000 0.10051200 17844.93374047 0 93.70807447 0 5489.65864508 0 579.94733658 0 1672.10927714 0 10875
0.10150000 0.10150300 17836.07588061 0 226.50765605 0 6080.84328413 0 -454.10815055 0 1382.49047686 0 11118
0.10250000 0.10250800 17344.13248892 0 704.42684112 0 5744.11174174 0 -96.43441301 0 2311.60246936 0 11575
0.10350000 0.10349800 16586.23185508 0 624.71828199 0 5843.09832562 0 133.71050174 0 3020.69629540 0 11364
0.10450000 0.10450100 16414.27865065 0 292.13886141 0 5333.57208212 0 841.79010282 0 2519.28606599 0 12093
0.10550000 0.10551000 16196.48602147 0 46.37510382 0 5642.75568035 0 731.02810150 0 2196.18455545 0 12067
0.10650000 0.10649700 15751.82145675 0 417.22180765 0 5093.00368078 0 570.36866838 0 1377.56329231 0 12054
0.10750000 0.10749900 15676.41892474 0 205.61417911 0 4672.02281885 0 -254.00023857 0 1312.62410725 0 12807
0.10850000 0.10850100 15295.53095097 0 99.60973432 0 5042.55816891 0 -356.18450986 0 693.06331416 0 12736
0.10950000 0.10950300 15289.33044908 0 281.91135498 0 5570.32053139 0 -648.59242876 0 550.95666851 0 12933
0.11050000 0.11050200 15361.63273014 0 157.10300239 0 5042.59138588 0 42.97335347 0 -76.16906906 0 13428
0.11150000 0.11150900 15273.49702459 0 -124.26359421 0 5211.97581096 0 -64.59882180 0 -526.45139922 0 13453
0.11250000 0.11250000 15469.69862037 0 162.01579291 0 5154.22256470 0 -419.74851218 0 -453.76158679 0 13668
0.11350000 0.11349100 15442.23925482 0 -78.12776332 0 5046.25632540 0 -116.20626344 0 -1438.33928324 0 13791
0.11450000 0.11448600 15329.08009517 0 133.46912506 0 5145.16540300 0 -24.72184396 0 -580.90730715 0 14205
0.11550000 0.11549300 15012.52232861 0 375.26544722 0 4939.48589717 0 234.53952047 0 -1417.00291332 0 14776
0.11650000 0.11649800 15010.86147989 0 70.57211959 0 4663.53034572 0 198.79251979 0 -1616.13867518 0 14553
0.11750000 0.11747300 14656.21491595 0 315.04639423 0 4446.71208112 0 727.28676295 0 -1309.15846958 0 14568
0.11850000 0.11849100 14563.87172696 0 159.37282897 0 4261.79318432 0 932.54109150 0 -1126.13294033 0 16015
0.11950000 0.11950300 14116.21763454 0 327.96336836 0 3850.09093059 0 701.11510877 0 -1235.67144976 0 15270
0.12050000 0.12050700 13866.20454014 0 490.20725116 0 3376.81547854 0 710.15344752 0 -589.54925667 0 15999
0.12150000 0.12150000 13653.06228738 0 320.83168395 0 3620.89380684 0 -19.71925689 0 14.14279121 0 15670
0.12250000 0.12250700 13335.72945807 0 203.01993341 0 3398.60581378 0 36.73431988 0 304.75799001 0 16887
0.12350000 0.12352200 13245.93290379 0 295.64768115 0 4054.84036114 0 -451.90586515 0 252.92400860 0 16407
0.12450000 0.12449800 13098.33881396 0 289.23126891 0 3838.25461536 0 -292.59504119 0 710.15898368 0 16306
0.12550000 0.12549900 13079.18369203 0 25.24401480 0 4803.36273585 0 73.69606531 0 1320.72904902 0 17523
0.12650000 0.12650100 13087.04504265 0 -85.92710892 0 4546.37407681 0 297.78685430 0 609.29896245 0 17154
0.12750000 0.12750600 12994.81257691 0 190.78169279 0 4715.50383841 0 643.18913425 0 670.49680895 0 18007
0.12850000 0.12850300 12854.41549821 0 377.43783735 0 4788.68083314 0 -152.87337431 0 834.37164520 0 17496
0.12950000 0.12949900 12426.80231371 0 358.62817195 0 4617.29231727 0 142.27826669 0 1139.17613897 0 18405
0.13050000 0.13049000 12430.45618090 0 64.41579627 0 4648.35018839 0 -50.97687274 0 1022.73403501 0 18100
0.13150000 0.13148800 12257.28502074 0 -215.20945580 0 4258.25004038 0 -57.53213193 0 423.32930202 0 19059
0.13250000 0.13249300 12779.89875218 0 -330.03389310 0 4247.69811483 0 218.38389133 0 141.47884484 0 18957
0.13350000 0.13349100 12893.27935832 0 -110.60554937 0 3870.01004294 0 62.18893030 0 -665.47218795 0 19468
0.13450000 0.13450700 12682.79446352 0 186.95620456 0 3966.25069026 0 -67.80835659 0 -229.31449039 0 19953
0.13550000 0.13551000 12606.72759201 0 442.84870345 0 4038.05471671 0 133.38718986 0 -350.65831254 0 19956
0.13650000 0.13649900 12239.23713128 0 235.08538608 0 3785.09638390 0 273.18082686 0 -120.96847034 0 19723
0.13750000 0.13749600 12077.24901919 0 297.64734301 0 4095.34292532 0 315.31766619 0 336.72932792 0 20946
0.13850000 0.13851100 11861.56013172 0 271.27306529 0 4069.90979521 0 145.36412361 0 427.82909483 0 20955
0.13950000 0.13949800 11474.47165606 0 316.41714804 0 4063.57642542 0 423.34369605 0 1094.11288419 0 20506
0.14050000 0.14048300 11611.10414432 0 47.22014365 0 4007.18507512 0 -35.59841008 0 639.59837931 0 21447
0.14150000 0.14148400 11333.96385411 0 -21.98985854 0 3889.23159882 0 -183.03438711 0 808.94515848 0 21771
0.14250000 0.14249400 11446.79084401 0 155.73114134 0 3719.09425566 0 277.16022040 0 47.26609380 0 22470
0.14350000 0.14350900 11395.74742660 0 94.40330574 0 3519.81455357 0 -70.39064419 0 22.33741881 0 22519
0.14450000 0.14449900 10962.91917711 0 223.60892141 0 3520.77784583 0 117.42200470 0 101.35085740 0 22218
0.14550000 0.14550500 10867.87434087 0 198.87999116 0 3266.69013589 0 238.10591630 0 -210.94218182 0 23559
0.14650000 0.14650700 10664.92969927 0 203.31999341 0 3230.80473116 0 396.65053537 0 -191.44049611 0 23044
0.14750000 0.14750500 10579.27419447 0 204.21795896 0 3471.92674873 0 24.09227157 0 -213.92838782 0 23649
0.14850000 0.14849900 10288.97998238 0 361.40953994 0 3410.53070761 0 -83.09812993 0 278.98715399 0 23640
0.14950000 0.14949500 10215.78084300 0 87.88569246 0 3296.27538781 0 64.84960995 0 800.01422128 0 24457
0.15050000 0.15050000 10255.79622490 0 -55.51840821 0 3218.16013621 0 291.42801816 0 852.61108587 0 24591
0.15150000 0.15149900 10158.74729786 0 -70.80098454 0 3092.44496022 0 664.84549436 0 245.47122676 0 25020
0.15250000 0.15250500 10215.60368580 0 83.45709470 0 2742.36019411 0 347.87362285 0 -249.82265042 0 25297
0.15350000 0.15350100 10069.72580632 0 337.14675457 0 2529.47260482 0 -172.17022200 0 -335.18252414 0 25452
0.15450000 0.15450400 9806.80238117 0 261.40762388 0 2722.28606921 0 -410.08569431 0 -107.59144111 0 26061
0.15550000 0.15549900 9562.96764402 0 283.93869765 0 2683.89831907 0 -227.65474890 0 -54.30776022 0 26128
0.15650000 0.15649500 9489.54705815 0 27.12099530 0 2876.49033696 0 -138.03313735 0 -389.95510056 0 26331
0.15750000 0.15749700 9515.83275727 0 -55.52316931 0 2796.54815177 0 280.20510972 0 -321.01659177 0 27345
0.15850000 0.15849900 9701.82566957 0 -78.78246989 0 3060.00304851 0 274.77524163 0 -26.39885828 0 26980
0.15950000 0.15949700 9632.95580920 0 102.81495091 0 3080.89652544 0 245.26749599 0 229.80942331 0 27777
0.16050000 0.16050000 9676.48111806 0 122.52302475 0 3166.29736676 0 119.17696819 0 210.43728381 0 28224
0.16150000 0.16150500 9396.47309572 0 333.07213903 0 3066.53572015 0 117.77631910 0 856.09886819 0 28075
0.16250000 0.16249700 9296.66715980 0 252.64830771 0 3099.52017578 0 325.63485845 0 1094.18928323 0 28590
0.16350000 0.16349900 9040.67501000 0 -4.35891962 0 2574.37088196 0 225.13911670 0 1153.07190661 0 29163
0.16450000 0.16449100 9093.31284219 0 4.76943713 0 2844.85670495 0 385.07220531 0 1060.41758530 0 28996
0.16550000 0.16550500 9082.48410851 0 24.92834282 0 2566.45416971 0 39.97308561 0 851.88806306 0 30777
0.16650000 0.16650700 8964.41990897 0 169.96018597 0 2807.80870611 0 27.73174474 0 1074.49936800 0 29211
0.16750000 0.16749900 8883.97946916 0 211.30092514 0 2552.39231719 0 -38.91224617 0 977.37957809 0 30922
0.16850000 0.16850800 8748.95246800 0 -6.63608716 0 2618.61589193 0 211.13262580 0 902.45094158 0 30867
0.16950000 0.16949900 8630.40108617 0 104.75349354 0 2426.37818843 0 166.47904704 0 637.99732114 0 30852
0.17050000 0.17049200 8632.68198508 0 169.03343238 0 2437.64981510 0 -49.53193435 0 477.60473105 0 31257
0.17150000 0.17149500 8375.52724117 0 258.63068481 0 2292.10410536 0 -193.99709592 0 269.54135369 0 32608
0.17250000 0.17250900 8254.84997297 0 198.81244998 0 2190.99163511 0 -203.32885127 0 -126.61757046 0 32361
0.17350000 0.17350400 7978.66190269 0 85.71308089 0 2144.35500298 0 66.51721279 0 -7.99801633 0 32508
0.17450000 0.17449800 8080.31691685 0 49.54322812 0 2071.33302080 0 250.71397257 0 -322.41834809 0 32791
0.17550000 0.17549800 8015.83169711 0 -86.81987047 0 1981.34823700 0 228.92806625 0 -408.38277075 0 33633
0.17650000 0.17650100 8070.45147544 0 -52.51625806 0 1774.70543891 0 262.64993872 0 -470.60148560 0 33984
0.17750000 0.17750300 8135.85569814 0 43.04078393 0 1743.06073458 0 16.97232382 0 -96.09759289 0 34069
0.17850000 0.17849800 8007.78211697 0 22.80743900 0 1804.22425687 0 40.00187366 0 -224.55006902 0 34536
0.17950000 0.17950400 8047.14423170 0 112.36527396 0 1766.10224252 0 11.66181539 0 -182.89155412 0 35343
0.18050000 0.18050100 7894.45687245 0 270.72055628 0 1910.26391166 0 -18.34086317 0 -364.24959126 0 34990
0.18150000 0.18150500 7685.24529500 0 181.81421692 0 1686.72474590 0 14.76793467 0 -352.52621374 0 36243
0.18250000 0.18250200 7622.16626051 0 59.23638416 0 1591.15951039 0 62.83167876 0 -141.77226144 0 35694
0.18350000 0.18350400 7564.56802680 0 35.22870515 0 1560.58882156 0 268.50830578 0 -354.27231936 0 37087
0.18450000 0.18450600 7579.58209925 0 93.45473968 0 1532.64227372 0 167.96273857 0 -293.22837817 0 36651
0.18550000 0.18550700 7376.79247020 0 207.91832991 0 1588.32499523 0 -74.72080898 0 -211.64527444 0 37818
0.18650000 0.18651000 7301.91033745 0 129.37679381 0 1668.54398855 0 -198.31198090 0 128.30942170 0 37267
0.18750000 0.18750100 7299.49657064 0 52.89116698 0 1874.05740950 0 93.70918170 0 223.85361979 0 38334
0.18850000 0.18850000 7309.06305928 0 6.61155089 0 1914.26102092 0 20.71443744 0 500.52112173 0 38223
0.18950000 0.18949500 7333.47753551 0 -20.90344203 0 1837.24192948 0 195.87164051 0 670.92641515 0 39064
0.19050000 0.19050000 7435.40935779 0 -67.93059506 0 1955.38363530 0 206.11575543 0 553.41251016 0 39609
0.19150000 0.19149800 7414.44944691 0 -14.75066185 0 1606.08500424 0 156.25043338 0 418.07326943 0 39576
0.19250000 0.19250400 7357.90308406 0 126.30311644 0 1677.34648678 0 129.62924281 0 431.14082718 0 40909
0.19350000 0.19350500 7209.75537799 0 181.91386784 0 1459.91924431 0 62.87120695 0 528.78876699 0 40191
0.19450000 0.19450100 7072.50283953 0 195.01242810 0 1516.89742783 0 10.39340308 0 219.19659997 0 41232
0.19550000 0.19549800 6994.01112890 0 109.93246275 0 1439.50187735 0 12.43355643 0 465.68094446 0 40873
0.19650000 0.19649700 6896.84040629 0 -3.11923999 0 1365.81555568 0 -18.08597825 0 198.98960718 0 42816
0.19750000 0.19750200 6949.14606873 0 -50.74590405 0 1432.24950459 0 -70.99187142 0 30.70001358 0 41727
0.19850000 0.19849000 7033.83828127 0 13.01230685 0 1424.99713183 0 -66.32067903 0 -163.38654672 0 42610
0.19950000 0.19949900 6985.98369340 0 172.19790281 0 1419.90386242 0 -194.04249245 0 -320.27142431 0 43863
0.20050000 0.20050100 6865.40607613 0 218.26209576 0 1420.44640633 0 -286.37682357 0 -83.43661090 0 43302
0.20150000 0.20150100 6710.62604749 0 156.62135626 0 1474.92224444 0 142.34137894 0 -303.31526608 0 44487
0.20250000 0.20249700 6692.51172408 0 -13.37359681 0 1621.02157042 0 116.83295702 0 -118.97545187 0 43759
0.20350000 0.20349100 6687.82813069 0 -15.52328867 0 1474.39077285 0 277.12921789 0 -352.74544577 0 45282
0.20450000 0.20449700 6603.75596834 0 170.96112413 0 1553.08178534 0 182.55827714 0 -87.80353581 0 45483
0.20550000 0.20549900 6563.81809272 0 156.09431360 0 1428.90566250 0 -9.01660378 0 -51.76942975 0 46138
0.20650000 0.20650200 6361.86996035 0 136.77532125 0 1462.36622810 0 51.68372996 0 244.43596439 0 46227
0.20750000 0.20749300 6324.54515339 0 111.87809167 0 1413.50405867 0 -28.56095115 0 105.53387099 0 46236
0.20850000 0.20850300 6181.37999348 0 122.82751368 0 1441.91564416 0 94.41581747 0 93.04694595 0 48361
0.20950000 0.20950400 6134.83193994 0 118.35540168 0 1241.80551771 0 102.50226846 0 197.51034458 0 46812
0.21050000 0.21050300 6012.33881047 0 81.66094217 0 1243.27813691 0 164.56685655 0 251.13582814 0 48813
0.21150000 0.21149700 6017.47636919 0 -12.47851007 0 1095.38177261 0 145.36301638 0 154.15997845 0 47215
0.21250000 0.21249000 6015.26190423 0 73.39799833 0 1141.42382090 0 7.77635946 0 120.86106879 0 50004
0.21350000 0.21350300 5897.27521096 0 117.84828921 0 1019.55074163 0 79.16955836 0 270.40278056 0 49509
0.21450000 0.21449800 5888.39520645 0 -10.62611013 0 1094.21917851 0 82.28741431 0 412.73197994 0 49660
0.21550000 0.21550100 5952.07214649 0 -68.45730555 0 964.88556676 0 91.75093033 0 162.06672560 0 50841
0.21650000 0.21649800 6009.20534255 0 10.81700808 0 1075.67081997 0 149.13203575 0 326.66790636 0 50424
0.21750000 0.21750300 5933.82495518 0 78.35419237 0 896.91810086 0 -26.89368048 0 158.89007561 0 52231
0.21850000 0.21850300 5943.00391246 0 52.04391268 0 1022.49819449 0 8.07119332 0 429.11680621 0 51078
0.21950000 0.21950100 5849.98531166 0 105.53863209 0 987.85842630 0 -14.76560949 0 205.11260280 0 52791
0.22050000 0.22050700 5849.52027402 0 104.76190850 0 1070.93740111 0 16.07358322 0 340.25143444 0 52969
0.22150000 0.22150000 5699.49027272 0 109.69883669 0 1071.33932650 0 21.33039087 0 244.45478735 0 52704
0.22250000 0.22250100 5663.41663846 0 118.57131202 0 1043.21672869 0 -51.50159021 0 312.89614875 0 54051
0.22350000 0.22349900 5582.12362965 0 94.78640818 0 1134.57005184 0 54.55279077 0 182.64685574 0 53938
0.22450000 0.22449800 5519.26604165 0 108.57322415 0 1084.25851510 0 -120.20890886 0 121.09580208 0 54735
0.22550000 0.22549100 5446.84196501 0 104.30129979 0 1091.11449863 0 -26.04565112 0 247.37345217 0 54774
0.22650000 0.22649900 5408.56493811 0 20.35901581 0 1013.27826962 0 -48.24079056 0 -3.27780675 0 56911
0.22750000 0.22749800 5378.38178066 0 78.28189008 0 1072.31701278 0 -9.35423218 0 20.30476142 0 54879
0.22850000 0.22849100 5300.34403534 0 133.52559392 0 996.75393206 0 38.32198054 0 -109.76217039 0 57210
0.22950000 0.22949800 5194.34866985 0 61.63808214 0 1020.46310119 0 102.50581160 0 26.43794359 0 57375
0.23050000 0.23049600 5224.41003173 0 25.72034621 0 997.64857590 0 70.35000875 0 17.68416358 0 57604
0.23150000 0.23150100 5219.19496674 0 46.21444439 0 1125.49074549 0 -29.33147423 0 -87.71174624 0 58629
0.23250000 0.23250200 5174.68422097 0 104.57644706 0 1091.94049406 0 -16.90744000 0 223.63992392 0 58560
0.23350000 0.23350400 5082.79499730 0 135.43003379 0 1156.12786826 0 -19.88589537 0 334.55472333 0 59305
0.23450000 0.23449700 5047.50749810 0 19.41554302 0 1040.03011361 0 91.85777827 0 378.16528909 0 59196
0.23550000 0.23549300 5100.06782402 0 -57.72622978 0 1073.33455943 0 166.64181022 0 235.75083281 0 60063
0.23650000 0.23649900 5094.37664906 0 -10.18184417 0 912.89546558 0 80.43490365 0 189.72317854 0 61537
0.23750000 0.23750400 5097.90872068 0 32.62017615 0 951.23892642 0 76.87349037 0 62.48832596 0 61224
0.23850000 0.23850100 5077.52457069 0 75.84763947 0 829.54521881 0 -20.93156573 0 9.03468488 0 61221
0.23950000 0.23949400 4975.14985541 0 107.76328359 0 801.49016218 0 19.57531666 0 141.70361303 0 62332
0.24050000 0.24050100 4932.66534508 0 89.59348784 0 787.89556177 0 29.01613442 0 6.22271298 0 63447
0.24150000 0.24150500 4884.40108120 0 58.78773356 0 862.91831304 0 49.52363011 0 185.39832846 0 63342
0.24250000 0.24250300 4848.47138716 0 38.73951791 0 762.42367852 0 2.04787076 0 88.88386254 0 63379
0.24350000 0.24349600 4824.10120024 0 92.70990439 0 865.56349144 0 80.73662450 0 254.50624382 0 64266
0.24450000 0.24449500 4834.75277671 0 -9.64189118 0 838.20488405 0 -32.78482162 0 80.08346806 0 64695
0.24550000 0.24549600 4795.00313061 0 34.96429804 0 906.06494840 0 22.60924439 0 256.83364649 0 65947
0.24650000 0.24650000 4829.27197593 0 127.09035873 0 938.68844624 0 -26.31061185 0 333.91363572 0 66018
0.24750000 0.24750000 4763.60201743 0 77.59618101 0 859.25337353 0 77.54978797 0 369.34618237 0 66303
0.24850000 0.24849600 4691.80906330 0 10.61680938 0 863.75759527 0 103.37598561 0 391.09776448 0 66958
0.24950000 0.24949200 4703.55679994 0 61.84768125 0 828.17446500 0 71.04590437 0 234.83182985 0 66975
0.25050000 0.25048900 4686.76008319 0 30.49019302 0 648.83048375 0 150.18833554 0 310.37719485 0 68676
0.25150000 0.25150000 4607.63725003 0 22.78562652 0 582.34338767 0 136.30696191 0 182.45530452 0 69349
0.25250000 0.25249900 4614.90069511 0 61.90902193 0 365.35903820 0 157.05871309 0 387.47600703 0 68592
0.25350000 0.25349900 4583.88711330 0 33.27787224 0 326.97239529 0 64.82846181 0 -0.83802662 0 70437
0.25450000 0.25450100 4514.93974665 0 90.84698573 0 358.89058604 0 -89.24714552 0 78.86540160 0 70099
0.25550000 0.25550100 4486.42851024 0 74.67430521 0 342.23116612 0 -184.84803392 0 -1.38974285 0 71064
0.25650000 0.25650300 4456.79896903 0 51.93861488 0 435.67051527 0 -161.83974294 0 4.53913278 0 71409
0.25750000 0.25750600 4426.62688390 0 76.65027230 0 521.06360597 0 -158.24566631 0 11.14728446 0 72612
0.25850000 0.25850600 4416.38498344 0 82.53344137 0 583.11180702 0 24.69881353 0 -1.39056220 0 71845
0.25950000 0.25949600 4334.43870746 0 82.96714433 0 619.33159596 0 88.50784639 0 132.21684512 0 72816
0.26050000 0.26049800 4313.67809842 0 16.72773617 0 593.24962762 0 164.20922046 0 16.34075841 0 73743
0.26150000 0.26149900 4300.71240606 0 72.59171164 0 524.19818112 0 80.39205375 0 94.69650090 0 74662
0.26250000 0.26250300 4244.25462181 0 58.97795610 0 456.25285987 0 43.89966416 0 177.87468375 0 74931
0.26350000 0.26350100 4242.21731404 0 22.38292607 0 499.32752511 0 57.53866460 0 275.15391514 0 75087
0.26450000 0.26450200 4230.27027556 0 19.86972978 0 469.51971947 0 47.96741486 0 303.72826380 0 76678
0.26550000 0.26550600 4237.78838411 0 28.46417903 0 454.60419071 0 74.58904831 0 330.42917510 0 76035
0.26650000 0.26650100 4227.97830432 0 44.87746117 0 462.43121712 0 96.48180256 0 263.03968455 0 77094
0.26750000 0.26750600 4197.38547085 0 58.55953295 0 459.89454750 0 -14.26934789 0 260.27381781 0 78463
0.26850000 0.26850100 4117.70902146 0 114.97059199 0 391.64805902 0 -87.03722021 0 313.63356558 0 77076
0.26950000 0.26949700 4088.87668763 0 73.12971590 0 443.61047939 0 -40.14913558 0 388.31528925 0 79149
0.27050000 0.27049900 4015.67754825 0 58.21474075 0 465.44621117 0 13.79168779 0 331.63384404 0 79648
0.27150000 0.27150200 4048.91666736 0 0.48034513 0 408.38055629 0 85.40427375 0 273.48420856 0 80241
0.27250000 0.27250500 4007.70547438 0 16.36733199 0 465.15390179 0 36.06998039 0 273.82745062 0 80835
0.27350000 0.27350000 4035.51915433 0 73.36588859 0 510.75305709 0 -91.62813825 0 232.21433226 0 80680
0.27450000 0.27450400 4014.91355784 0 75.79770329 0 514.22090923 0 -75.10313635 0 317.33504377 0 82617
0.27550000 0.27550800 3979.64820329 0 84.95307651 0 544.97539864 0 -43.73524014 0 319.48418201 0 82548
0.27650000 0.27649900 3929.51271651 0 55.47323313 0 563.67655526 0 -72.64286578 0 442.29397997 0 81181
0.27750000 0.27748900 3940.83970480 0 29.89505556 0 537.76620795 0 99.45638262 0 365.19516780 0 84096
0.27850000 0.27849800 3907.46771780 0 6.24515658 0 460.26768485 0 126.96413423 0 264.38275755 0 85215
0.27950000 0.27950200 3909.74861671 0 26.55785686 0 385.03013048 0 102.49108541 0 142.47867577 0 84514
0.28050000 0.28050300 3897.80157823 0 52.61402669 0 337.33719855 0 14.61236851 0 64.32788201 0 85815
0.28150000 0.28150100 3827.37052006 0 111.32779712 0 278.98161783 0 -52.04579498 0 28.62074170 0 85485
0.28250000 0.28250000 3779.25019640 0 46.85697140 0 250.46041633 0 -42.84867909 0 68.94138759 0 87220
0.28350000 0.28350400 3744.78204924 0 25.28044275 0 283.93980488 0 -8.78624406 0 23.33702830 0 87147
0.28450000 0.28449700 3722.84777377 0 62.10500208 0 261.35669118 0 81.92944605 0 8.23695710 0 87102
0.28550000 0.28549800 3712.19619730 0 55.65548359 0 191.76380800 0 107.09717253 0 -36.30604236 0 88971
0.28650000 0.28649900 3689.92975209 0 15.71362194 0 206.64833425 0 56.44826205 0 117.67556094 0 89434
0.28750000 0.28750100 3644.18997826 0 29.35705130 0 193.65496108 0 59.60409607 0 208.32800593 0 89619
0.28850000 0.28849900 3682.07947379 0 56.28140212 0 176.48621421 0 141.96270543 0 301.42189854 0 90240
0.28950000 0.28950100 3630.26099364 0 41.16690368 0 184.34645760 0 9.60524178 0 315.62104789 0 91333
0.29050000 0.29050500 3614.17290568 0 53.18868035 0 151.81707452 0 72.22466407 0 353.07761551 0 92139
0.29150000 0.29150600 3625.31166445 0 57.57343170 0 152.88444663 0 -35.04025418 0 380.69420808 0 92370
0.29250000 0.29250200 3557.99192955 0 44.83283970 0 155.31925086 0 -71.75907281 0 356.32512838 0 91819
0.29350000 0.29349600 3569.66215991 0 55.66810604 0 207.51086836 0 -75.30420977 0 401.71944568 0 93552
0.29450000 0.29450000 3490.27359096 0 105.67781121 0 238.58202626 0 -77.19945961 0 375.94418073 0 94701
0.29550000 0.29550200 3486.77473632 0 57.08613868 0 181.10337366 0 53.63378781 0 441.76472285 0 95020
0.29650000 0.29650300 3479.76595470 0 -16.51149366 0 207.25509765 0 189.54602134 0 329.69507996 0 95151
0.29750000 0.29749800 3503.94791211 0 -21.15423018 0 110.09024338 0 64.33452540 0 327.14401632 0 95802
0.29850000 0.29850000 3493.70601165 0 77.86856020 0 202.18065119 0 -31.90401818 0 200.97598225 0 97399
0.29950000 0.29950700 3459.58110656 0 99.72765458 0 193.18881620 0 -60.87896355 0 488.88410835 0 97881
0.30050000 0.30050300 3420.49579995 0 50.33966045 0 191.59107973 0 -13.63324283 0 455.62395182 0 97188
0.30150000 0.30149700 3378.73099073 0 5.76999884 0 207.48318754 0 -2.42966667 0 518.60333539 0 98263
0.30250000 0.30249700 3432.96323770 0 21.50876602 0 286.30596070 0 47.20220649 0 429.04262163 0 100050
0.30350000 0.30350600 3371.99901725 0 60.77410863 0 268.69099914 0 -18.13104261 0 363.08256822 0 100779
0.30450000 0.30450500 3370.40460247 0 83.08462170 0 240.95482547 0 -22.58466383 0 444.72103357 0 99982
0.30550000 0.30550300 3271.89412856 0 68.81516309 0 173.80560438 0 44.13816204 0 460.63750050 0 101559
0.30650000 0.30649700 3253.86838375 0 59.06011275 0 102.25878803 0 107.05853012 0 399.97998345 0 100935
0.30750000 0.30749800 3240.59266630 0 15.16598475 0 13.70178052 0 134.27961924 0 316.44593608 0 103762
0.30850000 0.30850200 3245.32054899 0 1.55674672 0 -9.30616721 0 146.40713661 0 352.59043322 0 102951
0.30950000 0.30950100 3219.06806685 0 45.58874732 0 -106.20297158 0 -62.99123096 0 304.78234912 0 104394
0.31050000 0.31050000 3239.67366334 0 63.02400504 0 -92.81763811 0 -18.17212094 0 308.12397675 0 103963
0.31150000 0.31149700 3202.51494125 0 64.72571064 0 -45.61676030 0 -41.30552918 0 369.93633728 0 105936
0.31250000 0.31250000 3140.26633112 0 94.09892753 0 -51.26287089 0 -83.22070057 0 380.16605818 0 105717
0.31350000 0.31349800 3115.38681725 0 80.03751791 0 -34.57455220 0 67.76351368 0 382.57096713 0 106776
0.31450000 0.31450400 3044.08104542 0 38.80495535 0 -131.90128387 0 92.60228139 0 327.36878452 0 108733
0.31550000 0.31549900 3038.05770071 0 8.97940076 0 -136.66349077 0 47.22933368 0 355.67075399 0 105891
0.31650000 0.31650000 3050.72444031 0 6.53594905 0 -156.63353581 0 13.38444769 0 302.06630784 0 111072
0.31750000 0.31750600 3056.10559017 0 20.04622264 0 -168.16868381 0 9.65768031 0 281.15511519 0 108121
0.31850000 0.31849900 3065.81601903 0 23.09354787 0 -202.63461651 0 -83.38335302 0 246.51313253 0 110484
0.31950000 0.31950100 3064.90808840 0 56.79017544 0 -56.82693556 0 -77.55809221 0 244.46585967 0 110817
0.32050000 0.32049800 3019.57799059 0 104.86798138 0 -73.78564042 0 -64.75937051 0 247.63143734 0 111088
0.32150000 0.32149900 2985.66345967 0 69.26547454 0 -79.26588759 0 -32.76555577 0 336.21557205 0 112635
0.32250000 0.32250100 2940.61016999 0 14.31507659 0 -18.12096680 0 78.16751297 0 231.94859646 0 113202
0.32350000 0.32350400 2988.86336155 0 -1.58973118 0 15.04153182 0 0.86828064 0 193.03712535 0 113863
0.32450000 0.32450300 2962.43372220 0 51.99231565 0 -11.96253973 0 -35.15440985 0 143.04004263 0 114045
0.32550000 0.32549900 2963.50773771 0 35.64502457 0 15.87195618 0 -88.04967359 0 179.95517358 0 114828
0.32650000 0.32650300 2957.65047788 0 11.43948311 0 13.24405061 0 -49.36086693 0 186.62624928 0 116431
0.32750000 0.32750400 2971.42444996 0 37.26291267 0 63.55060481 0 -34.31291317 0 133.94744949 0 116442
0.32850000 0.32850400 2964.38245137 0 68.24028798 0 75.74577408 0 -25.96028349 0 99.02755148 0 116955
0.32950000 0.32949800 2945.21625711 0 66.57954998 0 95.06000533 0 -16.17367703 0 94.76847102 0 117028
0.33050000 0.33049700 2887.57373410 0 82.43644780 0 45.21107032 0 -60.13246741 0 66.30927453 0 119061
0.33150000 0.33150100 2811.70616445 0 96.47737363 0 63.82453412 0 63.64150859 0 80.63675213 0 120060
0.33250000 0.33250400 2778.54455162 0 27.24400883 0 66.15492633 0 27.85520116 0 118.91012516 0 119737
0.33350000 0.33350100 2781.09118632 0 43.54889291 0 -16.41826469 0 82.42736850 0 109.26624096 0 120531
0.33450000 0.33450000 2778.56669626 0 35.69396424 0 -31.33955106 0 14.74412918 0 84.39425628 0 121704
0.33550000 0.33550300 2730.21385378 0 29.38229620 0 -52.44473084 0 79.15250698 0 236.79606027 0 122761
0.33650000 0.33650300 2776.78405197 0 12.78687432 0 -124.17280114 0 46.55857225 0 201.31811709 0 122472
0.33750000 0.33749900 2754.38473886 0 0.27804601 0 -89.55484543 0 111.75518886 0 207.66920260 0 122985
0.33850000 0.33849800 2789.80510596 0 12.59189068 0 -138.86688341 0 18.42744875 0 196.73749631 0 125380
0.33950000 0.33950300 2805.23992675 0 8.74238658 0 -207.15101780 0 60.29268395 0 256.80042952 0 125223
0.34050000 0.34050000 2782.32021438 0 57.19420457 0 -159.21117303 0 -31.62167390 0 171.67196738 0 125178
0.34150000 0.34149900 2767.43900982 0 74.15534535 0 -247.27712294 0 -14.20977878 0 132.63095007 0 127059
0.34250000 0.34250300 2723.47080797 0 80.39482183 0 -165.68737582 0 -34.82578325 0 227.19414019 0 127957
0.34350000 0.34349800 2679.40295519 0 44.57961563 0 -154.17658694 0 -43.83876638 0 223.70414340 0 126732
0.34450000 0.34449700 2676.41342749 0 19.00830291 0 -112.13054067 0 61.93614912 0 209.47731324 0 129639
0.34550000 0.34550000 2666.27117795 0 69.72730121 0 -109.64790400 0 -42.69920271 0 163.16067130 0 129826
0.34650000 0.34650400 2589.94964298 0 101.68147702 0 -121.98048083 0 -10.78224098 0 283.20460251 0 130875
0.34750000 0.34750200 2572.37786349 0 76.00508793 0 -112.46603211 0 10.35718550 0 266.61936717 0 130686
0.34850000 0.34850200 2530.35839081 0 18.11875233 0 -210.67090986 0 93.74970641 0 320.56926985 0 132211
0.34950000 0.34950400 2519.08676414 0 17.14826306 0 -181.12330385 0 118.79054405 0 284.23211426 0 132768
0.35050000 0.35050300 2536.73604990 0 41.14752711 0 -290.51233689 0 35.59486693 0 177.62223474 0 132957
0.35150000 0.35150100 2501.27139351 0 54.23036467 0 -284.90974054 0 -7.64775440 0 209.27136800 0 133987
0.35250000 0.35249800 2462.16394225 0 44.88177938 0 -314.74744146 0 -55.98732117 0 184.20251738 0 134778
0.35350000 0.35349800 2483.32315498 0 38.77959972 0 -250.90220209 0 -82.25275793 0 267.92147257 0 135699
0.35450000 0.35450100 2492.54640155 0 14.74833666 0 -269.97206712 0 20.66627283 0 259.66262548 0 137380
0.35550000 0.35550100 2464.03516514 0 28.83786999 0 -237.85346729 0 12.10382260 0 364.44778587 0 136161
0.35650000 0.35649900 2510.23997661 0 26.89301614 0 -301.46950953 0 66.58087866 0 288.86145326 0 138792
0.35750000 0.35750000 2514.81284676 0 -23.19485965 0 -265.00945114 0 78.04228497 0 302.03530533 0 138097
0.35850000 0.35849800 2549.02633045 0 21.23516888 0 -267.36342740 0 -12.04890387 0 323.37499696 0 140028
0.35950000 0.35950300 2529.50582179 0 66.34027704 0 -230.62656088 0 -77.73170626 0 272.74568449 0 141099
0.36050000 0.36050500 2465.85102641 0 97.05822779 0 -200.02265508 0 -107.05565131 0 334.35652871 0 140821
0.36150000 0.36150200 2410.65548719 0 108.08017353 0 -212.46573371 0 -102.56394130 0 261.43973362 0 141756
0.36250000 0.36250400 2379.94085814 0 87.73754476 0 -192.07272586 0 -14.17213287 0 313.01351539 0 142971
0.36350000 0.36349900 2328.64277726 0 2.83785900 0 -193.22424764 0 -20.00459070 0 188.18412539 0 142270
0.36450000 0.36450000 2358.69306682 0 -10.00270502 0 -189.16845506 0 48.11224086 0 144.83818819 0 145311
0.36550000 0.36550300 2381.57956222 0 1.86343905 0 -219.81554293 0 50.48625803 0 155.23510119 0 145434
0.36650000 0.36650100 2377.30564484 0 32.33229570 0 -284.94185028 0 59.32595927 0 109.17655513 0 144547
0.36750000 0.36749600 2385.12270616 0 38.34246434 0 -268.72310888 0 -34.31889222 0 121.49329854 0 146892
0.36850000 0.36849900 2370.66224995 0 38.74870794 0 -234.02465737 0 -3.31014901 0 52.07325435 0 148113
0.36950000 0.36949900 2370.54045437 0 62.56184620 0 -292.03145986 0 -44.66409747 0 153.55764398 0 147387
0.37050000 0.37049800 2344.81944382 0 45.61808898 0 -270.00196240 0 18.52942486 0 172.50571344 0 149758
0.37150000 0.37150100 2338.43071240 0 -1.84339814 0 -323.08600928 0 70.76754612 0 115.99367480 0 150099
0.37250000 0.37250000 2355.82533469 0 -2.45926299 0 -353.32452836 0 54.37430489 0 144.62892125 0 150468
0.37350000 0.37349800 2368.72459310 0 49.09269523 0 -394.83245964 0 39.49199310 0 72.11936626 0 150709
0.37450000 0.37449700 2338.76288214 0 46.29649032 0 -372.52836852 0 -9.67206326 0 121.21206149 0 153108
0.37550000 0.37550100 2306.89673132 0 74.42971756 0 -334.70530694 0 -49.36717816 0 111.00448524 0 153189
0.37650000 0.37649900 2283.39018573 0 71.96280359 0 -302.05412829 0 -72.33826612 0 141.13228107 0 153547
0.37750000 0.37749900 2256.51765339 0 62.64422430 0 -248.24152243 0 -63.57352452 0 114.34389840 0 155424
0.37850000 0.37850200 2241.48143629 0 58.96533365 0 -212.37051172 0 -88.22417343 0 179.42480922 0 155313
0.37950000 0.37949900 2235.17021114 0 32.54233770 0 -205.42484236 0 8.50600352 0 183.10192829 0 156100
0.38050000 0.38050000 2232.18068344 0 13.29620126 0 -214.96365019 0 77.81519159 0 229.96222139 0 157557
0.38150000 0.38149800 2229.09150481 0 2.23845869 0 -236.89571119 0 83.19789158 0 162.52511985 0 157692
0.38250000 0.38250100 2241.11604957 0 36.46404443 0 -297.62630559 0 59.61782575 0 186.24536131 0 159703
0.38350000 0.38350500 2235.60203181 0 35.87045710 0 -300.68891064 0 57.49038926 0 136.94472782 0 160338
0.38450000 0.38450600 2166.47750797 0 83.44081839 0 -362.23332091 0 30.74075973 0 249.07748296 0 160167
0.38550000 0.38550000 2150.79909602 0 50.12463590 0 -313.35232853 0 8.62216328 0 275.34878806 0 160033
0.38650000 0.38649600 2136.82582210 0 15.73598803 0 -365.99126795 0 32.54499506 0 314.33333651 0 162444
0.38750000 0.38750200 2168.81376850 0 11.12757572 0 -355.24889841 0 45.40771480 0 311.87638763 0 164307
0.38850000 0.38850400 2162.69077288 0 36.84149999 0 -380.34432261 0 13.81682197 0 376.69266989 0 163882
0.38950000 0.38950500 2150.89874695 0 63.19651186 0 -368.61098000 0 -15.98256871 0 357.36481968 0 164595
0.39050000 0.39050100 2112.71029865 0 65.53642626 0 -383.08140131 0 -38.29551768 0 372.97901214 0 165006
0.39150000 0.39150100 2094.56275827 0 58.59441077 0 -372.74206439 0 -54.51171244 0 286.74331753 0 166687
0.39250000 0.39250100 2084.57552128 0 49.92035151 0 -345.99022040 0 -79.71741700 0 346.18730778 0 167256
0.39350000 0.39350100 2082.28355004 0 33.08078486 0 -303.76369524 0 -32.21670063 0 281.77184368 0 167937
0.39450000 0.39449600 2048.62368260 0 44.99560287 0 -312.25284668 0 -13.48742031 0 313.89487245 0 167719
0.39550000 0.39549700 2052.43256233 0 59.83107873 0 -318.65818658 0 8.72845759 0 273.19411365 0 171636
0.39650000 0.39650400 2023.93239825 0 27.98851195 0 -331.53862204 0 22.68508981 0 263.87564508 0 171093
0.39750000 0.39750000 2019.70277017 0 40.57209839 0 -304.96836418 0 -11.42564270 0 240.82749374 0 170464
0.39850000 0.39849800 2000.20440616 0 50.81322378 0 -324.61620457 0 28.49706383 0 298.80661542 0 172113
0.39950000 0.39949500 2004.04650288 0 7.30950595 0 -334.28566583 0 24.11895588 0 298.08137814 0 173232
