### header ###
fiducial parameters:
Omega_m = 0.31
Omega_nu = 0
Omega_de = 0.69
Omega_k = 0
H_0 = 100
w_de = -1
zeff = 0
beta = 0
fgrowth = 0
b_1 = 2
gamma = 0.55
Lx = 3500 Ly = 3500 Lz = 3500
nx = 700 ny = 700 nz = 700
xoffset = -685.467585 yoffset = -31.7331281 zoffset = 572.489161
bins = 400 dk = 0.001
kx_ny = 0.628318531 ky_ny = 0.628318531 kz_ny = 0.628318531
############################
A(data) = 8.02936869 (not used)
A(ran) = 8.03029393 (used)
Ngal = 477177
weighted Ngal = 0
Nran = 23820508
weighted Nran = 0
SN(data) = 3485.3557
SN(ran) = 69.9467724
SN(data+ran) = 3555.30247
############################
13 columns: k_central k_mean P_0(k) sigma^{lin}_{P_0(k)} P^img_1(k) sigma^{lin}_{P_1(k)} P_2(k) sigma^{lin}_{P_2(k)} P^img_3(k) sigma^{lin}_{P_3(k)} P_4(k) sigma^{lin}_{P_4(k)} N_modes
### header ###
0.00050000 0 0 0 0 0 0 0 0 0 0 0 0
0.00150000 0.00179520 35324.59148517 0 -34694.79764948 0 8496.30416029 0 -369.76582348 0 -14155.96728064 0 3
0.00250000 0.00253879 48620.57129714 0 -12133.49642927 0 38106.84526560 0 5133.06335198 0 15384.99533551 0 6
0.00350000 0.00331552 59051.69778554 0 6903.48380118 0 28437.93761771 0 9168.98111000 0 -15103.97973161 0 7
0.00450000 0.00420575 58734.69712598 0 13756.47780118 0 39006.47165711 0 14019.99913187 0 -8581.28425327 0 24
0.00550000 0.00557378 61518.50103189 0 2982.52999175 0 48718.56137179 0 7069.50223951 0 -15333.61974835 0 45
0.00650000 0.00659388 61713.04177895 0 -1035.24022589 0 47715.85163621 0 25535.32766651 0 -21834.51381912 0 40
0.00750000 0.00754703 69049.67492703 0 -6768.23535352 0 59568.99680107 0 -33944.75836627 0 -24042.88900420 0 57
0.00850000 0.00846663 71578.04029937 0 -829.30384213 0 42339.13070428 0 34651.61558269 0 -5806.65930464 0 75
0.00950000 0.00948925 76041.84805001 0 5469.28556742 0 45785.28108083 0 5449.69862481 0 3593.54516454 0 112
0.01050000 0.01054430 75065.49044750 0 2626.05649421 0 32330.41340771 0 16452.47817127 0 -14791.74017173 0 105
0.01150000 0.01145670 71944.31280437 0 4807.66987021 0 25508.31119395 0 18937.32930708 0 3392.07314214 0 144
0.01250000 0.01249090 67316.52392317 0 13833.31973542 0 29139.25867173 0 8764.84125412 0 -2265.06548815 0 169
0.01350000 0.01339930 56233.79111920 0 6170.04193287 0 25434.68023391 0 -607.38345025 0 23361.60885811 0 180
0.01450000 0.01448870 60999.87333738 0 -4595.15873996 0 34464.82546300 0 1910.35249026 0 -4036.57102518 0 267
0.01550000 0.01550050 67884.09129338 0 -11312.48354396 0 50242.55615983 0 -1347.63479833 0 5940.96660469 0 238
0.01650000 0.01653350 76510.98245258 0 -3378.74206306 0 62073.11378205 0 -14366.78434519 0 -25326.72506692 0 315
0.01750000 0.01747870 80347.65372549 0 6593.80194833 0 49506.35728264 0 -2457.50249350 0 -4319.35820105 0 297
0.01850000 0.01844180 77993.78819229 0 -4026.84952399 0 48363.13974511 0 -5742.43982069 0 -26482.34360825 0 388
0.01950000 0.01947590 79268.10205567 0 5751.50805472 0 56334.54927505 0 2760.57416843 0 -19107.62166279 0 399
0.02050000 0.02045430 80263.94694986 0 9538.39815525 0 40505.55371431 0 10546.69941486 0 -28934.30993933 0 462
0.02150000 0.02154770 65183.10837712 0 6047.23877830 0 32973.49403318 0 12298.03117607 0 -15802.64342767 0 571
0.02250000 0.02255340 67044.03400939 0 1698.84894157 0 17422.52454864 0 23584.27331021 0 -14313.19429306 0 510
0.02350000 0.02348930 61871.15457736 0 -907.66822103 0 15998.06996072 0 17532.58345733 0 -6970.55994493 0 555
0.02450000 0.02439640 61921.42293204 0 2244.98029093 0 11941.39159366 0 20832.80059278 0 737.66263853 0 592
0.02550000 0.02547300 60613.33847796 0 -3818.43515393 0 7920.15573835 0 12568.97096438 0 8833.96577796 0 837
0.02650000 0.02652900 64702.79092648 0 -1841.37190664 0 9890.03304684 0 -906.07712795 0 8867.43741589 0 723
0.02750000 0.02749970 64963.43345271 0 1872.35227148 0 13267.63466044 0 -4157.42545058 0 13662.14159373 0 826
0.02850000 0.02848090 63195.84751866 0 2575.23452330 0 13642.65430205 0 -9181.34889682 0 17955.98915840 0 831
0.02950000 0.02946900 60835.78148357 0 1967.64069887 0 18167.02766944 0 -6086.88877348 0 19496.70315691 0 996
0.03050000 0.03053250 63127.08838154 0 2416.09199868 0 21533.34658406 0 -2499.64376176 0 3975.28570731 0 1041
0.03150000 0.03150510 61604.53299573 0 1023.43712764 0 21363.49712134 0 -347.44401665 0 5776.86367856 0 1036
0.03250000 0.03246190 60668.92154855 0 3904.74392589 0 25882.88794256 0 -4717.04289156 0 -5652.42181992 0 1059
0.03350000 0.03345080 57436.79921074 0 2643.83864787 0 26181.39781967 0 -5202.50897324 0 3735.22663292 0 1302
0.03450000 0.03451200 55700.99084892 0 1950.60039098 0 31256.17645380 0 5878.38582482 0 401.59432840 0 1339
0.03550000 0.03553350 52061.40695779 0 3371.57826890 0 27964.92790146 0 10775.98511720 0 4291.93205248 0 1365
0.03650000 0.03647120 52136.58804330 0 982.89913201 0 26824.92133813 0 3645.89511628 0 5410.56902891 0 1308
0.03750000 0.03744890 52181.09878908 0 785.68884743 0 24466.07325877 0 5089.07300547 0 -1226.02745484 0 1579
0.03850000 0.03847530 51776.07314721 0 -136.04233335 0 22413.15351414 0 391.03908116 0 1725.00177280 0 1662
0.03950000 0.03950240 49620.95584451 0 1294.46549455 0 19645.29375598 0 -252.87418314 0 -1312.61303493 0 1683
0.04050000 0.04050350 50143.79102244 0 1089.93972496 0 17681.61694939 0 1250.50836502 0 -1678.47586391 0 1822
0.04150000 0.04152450 48715.12895109 0 -632.70032095 0 14861.16364834 0 4627.04703544 0 -4238.19806013 0 1887
0.04250000 0.04250150 48528.56027790 0 2056.21929742 0 15520.74203779 0 3099.43159718 0 -6917.91104042 0 1920
0.04350000 0.04349210 45556.63757333 0 2645.82059401 0 10988.05335445 0 2137.23549812 0 -6176.28672406 0 2005
0.04450000 0.04448520 42260.29575157 0 3092.16815210 0 13743.63390439 0 -1326.47558560 0 -8241.07600089 0 2151
0.04550000 0.04548030 39503.72976472 0 3075.86968997 0 12569.41385738 0 1191.03890842 0 -3760.94764347 0 2274
0.04650000 0.04648670 38531.35819914 0 333.69661815 0 10552.81133816 0 5171.24072795 0 1178.23930093 0 2311
0.04750000 0.04749250 38505.89185206 0 -1157.30153469 0 12191.07251832 0 2691.87039293 0 210.11286469 0 2568
0.04850000 0.04851840 38662.12235525 0 -98.28902742 0 9266.62794257 0 5202.29859907 0 258.00509846 0 2493
0.04950000 0.04949480 38324.74861803 0 5.80488773 0 11233.09497501 0 1167.10054216 0 199.43471463 0 2644
0.05050000 0.05050630 39321.81146795 0 -398.36674572 0 10313.43874790 0 524.94667028 0 2423.97549395 0 2829
0.05150000 0.05149060 39564.73827447 0 -414.92762195 0 11060.03453810 0 -1634.59624065 0 2029.49070531 0 2784
0.05250000 0.05249300 39827.48454242 0 1964.58473722 0 13233.31045350 0 -2594.47822383 0 602.62567228 0 3055
0.05350000 0.05348950 39050.65023314 0 1155.64068597 0 14129.61514757 0 -862.18200344 0 4513.88787579 0 3009
0.05450000 0.05448610 37429.21898670 0 1227.76580984 0 12214.65657019 0 1683.20374661 0 1613.21558143 0 3336
0.05550000 0.05550870 36529.48187193 0 1083.25646970 0 11758.58751091 0 3035.05710069 0 1380.79641116 0 3349
0.05650000 0.05647670 34750.04855033 0 1804.20211222 0 10732.05013232 0 2466.40464265 0 -242.32668652 0 3324
0.05750000 0.05747970 34453.42096844 0 706.92586484 0 9617.99709837 0 273.98578487 0 -2105.11468382 0 3639
0.05850000 0.05849280 32965.30051281 0 391.49193924 0 9457.69197964 0 329.85562867 0 -838.46176198 0 3846
0.05950000 0.05951020 33206.89864035 0 235.63014447 0 10211.66193817 0 -3270.22220751 0 -2658.08872991 0 3787
0.06050000 0.06049470 32983.68057201 0 341.12614811 0 9193.97134711 0 -1905.02670202 0 -1329.44296865 0 3930
0.06150000 0.06148310 32996.41374555 0 -204.83358022 0 11002.59131694 0 -868.68699427 0 -2626.87584625 0 4083
0.06250000 0.06249100 32548.64892989 0 255.99990043 0 10395.75041060 0 620.01586564 0 -4005.93390241 0 4303
0.06350000 0.06350600 32787.92186922 0 570.80491798 0 10008.49585007 0 1687.92055698 0 -6543.21249623 0 4470
0.06450000 0.06451750 31919.18726395 0 807.28652422 0 10149.11437527 0 749.84551753 0 -4907.07720243 0 4479
0.06550000 0.06550280 30658.82452984 0 424.46532255 0 7623.80496458 0 1293.24753882 0 -4021.86697783 0 4636
0.06650000 0.06648880 30782.05950507 0 84.52479899 0 7001.05312748 0 1610.81288694 0 -3663.50011275 0 4653
0.06750000 0.06749660 30536.47534059 0 496.51736908 0 6091.72737942 0 2136.30542283 0 -2997.47763025 0 5220
0.06850000 0.06852730 29987.17730634 0 614.64800257 0 7439.77185377 0 -534.84643590 0 -2693.11049331 0 5029
0.06950000 0.06949320 29138.26216249 0 1545.37544726 0 6724.84291255 0 27.75853977 0 -785.64345090 0 5040
0.07050000 0.07048030 28208.85121722 0 294.94458852 0 7363.31745090 0 -76.82754022 0 -1061.80051867 0 5475
0.07150000 0.07148790 28523.41596531 0 -149.42988129 0 8446.95480857 0 -493.16024019 0 -1581.31621362 0 5509
0.07250000 0.07249820 28547.77507992 0 165.79699183 0 8819.05135643 0 -414.22120763 0 -2365.09287056 0 5916
0.07350000 0.07351270 28805.87097144 0 356.60415097 0 8907.34207453 0 -331.43343496 0 399.26803296 0 5721
0.07450000 0.07449140 27987.84761384 0 241.76864135 0 7952.97410911 0 2143.00417935 0 724.20422772 0 6028
0.07550000 0.07549160 27696.64547111 0 706.72656299 0 6884.41725784 0 2647.14927299 0 1126.05543406 0 6183
0.07650000 0.07648840 27057.44015933 0 401.11046781 0 6105.27990500 0 2947.76289182 0 686.72219374 0 6330
0.07750000 0.07749960 26859.79916131 0 237.98744242 0 6355.79125402 0 -92.16348516 0 -555.17965320 0 6583
0.07850000 0.07848650 25896.61762534 0 1561.27530570 0 6772.01101628 0 -1078.58062693 0 1310.89682458 0 6549
0.07950000 0.07947320 25188.65317643 0 1239.60212507 0 8218.97564056 0 -3079.55677413 0 327.90247057 0 6828
0.08050000 0.08048110 23951.87449419 0 1213.11712411 0 9046.89765655 0 -938.44706956 0 1858.31256361 0 7147
0.08150000 0.08149960 23761.65195381 0 384.54959158 0 9825.10493410 0 -1096.32402745 0 1281.25621104 0 7386
0.08250000 0.08250610 23345.44326387 0 48.18786484 0 10054.86674641 0 1623.55713281 0 457.24272571 0 7227
0.08350000 0.08350160 23539.54111795 0 156.77193987 0 9642.95411851 0 948.79083541 0 -51.38610587 0 7798
0.08450000 0.08449610 23458.82387002 0 151.69970788 0 7952.08832313 0 1203.48420151 0 -341.31548486 0 7371
0.08550000 0.08548940 23020.47053045 0 -242.63449715 0 7645.25205775 0 1476.27306807 0 944.01977064 0 8256
0.08650000 0.08650700 23515.95706608 0 -44.43523252 0 7128.94955146 0 439.80602859 0 -247.49081881 0 8037
0.08750000 0.08749060 22904.98618259 0 511.41961105 0 8096.10605204 0 1127.48376396 0 714.96105096 0 8155
0.08850000 0.08849210 22166.24067069 0 1389.37746289 0 7245.45255320 0 621.83726307 0 947.44886964 0 8718
0.08950000 0.08949900 21181.80027106 0 675.68640759 0 7597.91786915 0 528.45770448 0 1061.45616937 0 8571
0.09050000 0.09049190 20608.80746170 0 690.59861466 0 7187.10140141 0 -117.88150618 0 1374.87271738 0 8932
0.09150000 0.09150830 20053.86254179 0 977.00865521 0 8120.88591499 0 -509.24057752 0 1856.72922116 0 9285
0.09250000 0.09250820 19706.30226573 0 464.00902341 0 7677.43930600 0 -626.59836274 0 2555.83581021 0 9204
0.09350000 0.09350330 19351.43425529 0 52.02730420 0 8119.11434302 0 -41.57325800 0 1736.30661644 0 9349
0.09450000 0.09448040 19339.14397474 0 -82.59367481 0 7731.81549319 0 310.18010747 0 1334.32586390 0 9564
0.09550000 0.09549270 19283.22873441 0 422.04380511 0 7986.14679427 0 610.38515751 0 -104.84926915 0 10155
0.09650000 0.09649430 18797.15367487 0 156.68336128 0 7397.88524898 0 696.55884711 0 1087.98213793 0 9913
0.09750000 0.09749140 18849.96866426 0 141.63939355 0 7516.52520941 0 414.91433516 0 961.56386932 0 10476
0.09850000 0.09850240 18499.75103024 0 502.95814042 0 6765.22368117 0 971.04510106 0 1146.63888589 0 10575
0.09950000 0.09950330 17756.79803491 0 464.57481921 0 6642.16586313 0 985.42472930 0 1476.79346734 0 10882
0.10050000 0.10051200 17388.08961845 0 339.90819238 0 6272.50522674 0 637.20897162 0 1653.47455447 0 10875
0.10150000 0.10150300 17490.61934627 0 -190.56467522 0 5414.13431750 0 257.51127277 0 946.32281421 0 11118
0.10250000 0.10250800 17270.28008238 0 127.55539638 0 5711.90234884 0 303.05838815 0 1648.68023782 0 11575
0.10350000 0.10349800 17034.66101024 0 510.34670277 0 4976.17958162 0 167.92287820 0 1826.92252275 0 11364
0.10450000 0.10450100 17254.00376490 0 106.39850884 0 5311.93675942 0 -109.05210220 0 1612.52909729 0 12093
0.10550000 0.10551000 16481.48766230 0 238.62742279 0 4889.11789157 0 1183.87511426 0 2017.69867938 0 12067
0.10650000 0.10649700 16630.85332410 0 184.28888151 0 5206.76074597 0 408.38166352 0 721.51033109 0 12054
0.10750000 0.10749900 16161.16530530 0 251.13582814 0 4839.97891403 0 379.60912024 0 1295.69452260 0 12807
0.10850000 0.10850100 16147.32489927 0 605.54765880 0 4589.44542035 0 431.57596955 0 1349.02991125 0 12736
0.10950000 0.10950300 15881.25693388 0 49.82634747 0 4466.33224070 0 -75.12948848 0 1937.08108237 0 12933
0.11050000 0.11050200 15625.04333758 0 118.45283814 0 4743.60539880 0 242.58577892 0 1476.99276918 0 13428
0.11150000 0.11150900 15408.80083387 0 255.80613475 0 4207.04053809 0 232.10693071 0 636.15599353 0 13453
0.11250000 0.11250000 15249.47007973 0 263.79149541 0 4285.93085243 0 309.62981293 0 1503.01273251 0 13668
0.11350000 0.11349100 15051.49691197 0 87.54222895 0 4012.78767147 0 399.63231245 0 1308.85951681 0 13791
0.11450000 0.11448600 15073.64156161 0 -71.74390373 0 4004.28412601 0 363.48560084 0 1343.82591859 0 14205
0.11550000 0.11549300 14857.06688816 0 317.49337801 0 3618.74577583 0 138.90120762 0 1183.14434082 0 14776
0.11650000 0.11649800 14592.99194123 0 259.03371743 0 3583.80151870 0 69.24222266 0 1577.18623647 0 14553
0.11750000 0.11747300 14636.61690102 0 41.42854271 0 3146.61077324 0 -279.03144329 0 709.36731246 0 14568
0.11850000 0.11849100 14477.50759337 0 33.71888294 0 3623.42936923 0 -49.87750161 0 1002.46060827 0 16015
0.11950000 0.11950300 14517.25723947 0 43.43462652 0 3434.43585690 0 -163.20606783 0 21.95088395 0 15270
0.12050000 0.12050700 14484.92605100 0 103.36757064 0 3756.80659399 0 -153.32623239 0 106.39396918 0 15999
0.12150000 0.12150000 14482.37941629 0 151.34982241 0 3561.86724324 0 197.24017985 0 81.88205650 0 15670
0.12250000 0.12250700 14262.81521514 0 140.39929317 0 3272.63597432 0 473.38838976 0 -423.98256919 0 16887
0.12350000 0.12352200 13974.93476985 0 263.39621341 0 2914.25803692 0 -77.53362237 0 -23.34909713 0 16407
0.12450000 0.12449800 14070.37820979 0 320.14077088 0 3390.42336574 0 486.91655622 0 -94.72960716 0 16306
0.12550000 0.12549900 13564.04079583 0 159.82236536 0 3149.99890463 0 211.29096005 0 38.23329122 0 17523
0.12650000 0.12650100 13392.64120764 0 349.68505519 0 3139.35840048 0 21.13142119 0 354.35204010 0 17154
0.12750000 0.12750600 13082.50538947 0 530.65666819 0 3218.30407644 0 70.75935260 0 345.72448460 0 18007
0.12850000 0.12850300 12868.25590423 0 164.06749470 0 3251.03386860 0 -324.72139165 0 310.72597308 0 17496
0.12950000 0.12949900 12663.75006483 0 86.00749400 0 3389.95832810 0 -721.09290444 0 218.67952240 0 18405
0.13050000 0.13049000 12742.14212455 0 225.12582991 0 4153.32869040 0 -392.21939098 0 210.23687473 0 18100
0.13150000 0.13148800 12768.27281112 0 -79.80577415 0 3666.71108694 0 24.41115453 0 -347.67099931 0 19059
0.13250000 0.13249300 12557.45574657 0 27.90026552 0 3399.42516582 0 586.09358409 0 22.45290316 0 18957
0.13350000 0.13349100 12592.77646274 0 82.68103546 0 2955.88997824 0 948.37451599 0 -473.31752688 0 19468
0.13450000 0.13450700 12483.16044704 0 157.71530195 0 2936.45804818 0 673.90708499 0 -569.35001450 0 19953
0.13550000 0.13551000 12100.39017806 0 414.23338719 0 2479.74679406 0 288.85259540 0 -292.12003846 0 19956
0.13650000 0.13649900 11793.35461084 0 479.91773971 0 2595.85119211 0 -502.48092322 0 19.75291675 0 19723
0.13750000 0.13749600 11542.89862344 0 338.60497974 0 3084.18500591 0 -428.21773343 0 243.70740542 0 20946
0.13850000 0.13851100 11265.31544024 0 224.98188969 0 3702.41933448 0 -228.98564234 0 239.53535343 0 20955
0.13950000 0.13949800 11090.15126160 0 321.37754956 0 3851.61891141 0 -25.90082511 0 362.75814910 0 20506
0.14050000 0.14048300 11111.07795551 0 190.96770784 0 3952.78674328 0 261.19835694 0 308.20369749 0 21447
0.14150000 0.14148400 10955.52286413 0 83.81871683 0 3720.12398187 0 433.73507289 0 487.78905542 0 21771
0.14250000 0.14249400 10861.52989875 0 -47.77885316 0 3083.58710037 0 405.52832541 0 294.94126682 0 22470
0.14350000 0.14350900 10892.58776987 0 -25.14358881 0 3058.41970606 0 31.31142735 0 72.84825740 0 22519
0.14450000 0.14449900 10881.06147973 0 108.19909030 0 3062.89292528 0 47.49396225 0 148.68139213 0 22218
0.14550000 0.14550500 10761.93433701 0 -5.22876146 0 2625.93469864 0 77.22736187 0 367.24465512 0 23559
0.14650000 0.14650700 10827.84788665 0 61.79386975 0 2721.40028323 0 191.36852600 0 243.75833811 0 23044
0.14750000 0.14750500 10808.11700382 0 82.83505150 0 2892.32376145 0 305.11230440 0 112.44167300 0 23649
0.14850000 0.14849900 10665.67154503 0 252.64166432 0 2855.82937885 0 163.71982370 0 394.64090842 0 23640
0.14950000 0.14949500 10281.43972918 0 394.43164148 0 3090.57373733 0 -7.56770149 0 447.18241138 0 24457
0.15050000 0.15050000 10139.24893385 0 255.63894265 0 2883.86450529 0 -94.18938843 0 371.74776962 0 24591
0.15150000 0.15149900 9865.87323408 0 178.04298308 0 3136.56817463 0 4.37602636 0 239.34823114 0 25020
0.15250000 0.15250500 9714.04951617 0 101.03119938 0 2992.35114386 0 64.90707532 0 117.24595474 0 25297
0.15350000 0.15350100 9844.52579183 0 -26.07942171 0 2916.31748933 0 -26.34726125 0 229.41192685 0 25452
0.15450000 0.15450400 9728.17780264 0 93.36881844 0 2636.82986626 0 13.29553692 0 169.50954235 0 26061
0.15550000 0.15549900 9755.80325306 0 112.36970289 0 3038.24593024 0 -23.69477511 0 289.27887991 0 26128
0.15650000 0.15649500 9759.64534977 0 33.34685283 0 2758.50364369 0 -22.56418002 0 88.92914835 0 26331
0.15750000 0.15749700 9660.97986331 0 17.07562861 0 3057.60035402 0 78.82089086 0 672.73674026 0 27345
0.15850000 0.15849900 9739.50479093 0 106.37802503 0 3112.24227700 0 150.64119362 0 414.83239996 0 26980
0.15950000 0.15949700 9520.18418092 0 178.34304309 0 2847.34797804 0 174.14552475 0 819.75728367 0 27777
0.16050000 0.16050000 9521.96682521 0 142.17972300 0 2800.60062265 0 163.19831720 0 548.43439292 0 28224
0.16150000 0.16150500 9125.86547715 0 228.41984654 0 2474.70888627 0 195.65240848 0 466.15373272 0 28075
0.16250000 0.16249700 9218.66263146 0 186.78236906 0 2491.21772257 0 221.60925955 0 354.35314733 0 28590
0.16350000 0.16349900 8849.33416481 0 184.92554019 0 2129.79489584 0 123.32133937 0 329.39612719 0 29163
0.16450000 0.16449100 8764.32085485 0 122.78765331 0 2290.17752084 0 224.75933596 0 52.99779347 0 28996
0.16550000 0.16550500 8675.32150796 0 57.90050817 0 2064.68962591 0 -168.45988595 0 2.86177522 0 30777
0.16650000 0.16650700 8590.11996848 0 100.71796331 0 2364.79391779 0 117.86157600 0 278.55090439 0 29211
0.16750000 0.16749900 8640.63191430 0 51.42186948 0 2313.73942805 0 39.32070424 0 84.83792433 0 30922
0.16850000 0.16850800 8624.80956213 0 -17.97481211 0 2462.04214667 0 37.96024768 0 556.40203786 0 30867
0.16950000 0.16949900 8608.65504022 0 61.91987281 0 2478.00843906 0 20.43674353 0 95.31322940 0 30852
0.17050000 0.17049200 8507.71972718 0 178.74607571 0 2641.44702571 0 -49.34425845 0 311.44235250 0 31257
0.17150000 0.17149500 8572.82499711 0 203.24248714 0 2706.18690893 0 -164.83812851 0 356.33509348 0 32608
0.17250000 0.17250900 8251.73864969 0 99.56843455 0 2659.02987752 0 114.10916512 0 357.83871519 0 32361
0.17350000 0.17350400 8294.49996814 0 5.28731191 0 2724.89913787 0 167.90848418 0 295.75729716 0 32508
0.17450000 0.17449800 8219.91678817 0 109.95294655 0 2446.76233842 0 273.98910657 0 85.27683129 0 32791
0.17550000 0.17549800 8139.25490186 0 159.46583650 0 2603.86755528 0 -14.15629945 0 -254.43870264 0 33633
0.17650000 0.17650100 7954.31386042 0 211.67406249 0 2356.54503580 0 170.25360257 0 234.36014881 0 33984
0.17750000 0.17750300 7781.79596742 0 159.05062432 0 2343.91151318 0 -81.00590344 0 298.63831608 0 34069
0.17850000 0.17849800 7725.10566435 0 1.80730236 0 2169.04628732 0 173.55647707 0 287.34786646 0 34536
0.17950000 0.17950400 7751.39136346 0 -79.19092795 0 2074.36683780 0 326.72548245 0 76.82754022 0 35343
0.18050000 0.18050100 7758.05690301 0 32.03544667 0 2067.51306874 0 347.96773761 0 262.24026270 0 34990
0.18150000 0.18150500 7747.99215975 0 132.12383760 0 1889.14898823 0 39.50782652 0 363.87645391 0 36243
0.18250000 0.18250200 7718.58406503 0 112.17372274 0 2047.40572687 0 -32.15956744 0 535.72336403 0 35694
0.18350000 0.18350400 7529.76770989 0 154.83760473 0 1819.24940165 0 150.04218085 0 566.44242200 0 37087
0.18450000 0.18450600 7457.97475577 0 127.70376553 0 1948.60737251 0 121.49440577 0 807.97079390 0 36651
0.18550000 0.18550700 7450.46771954 0 85.89322761 0 1839.32352655 0 260.09333892 0 568.16084681 0 37818
0.18650000 0.18651000 7432.53055334 0 -54.35924653 0 1804.80001776 0 138.92003057 0 825.06646342 0 37267
0.18750000 0.18750100 7382.45042818 0 -39.38160202 0 1595.18983662 0 87.84583209 0 669.85129241 0 38334
0.18850000 0.18850000 7499.10844247 0 -45.48743554 0 1463.34059268 0 -19.57675607 0 366.77518855 0 38223
0.18950000 0.18949500 7491.10315163 0 36.78281666 0 1572.94553606 0 34.40459202 0 318.42123883 0 39064
0.19050000 0.19050000 7411.54849781 0 179.28197623 0 1380.10992702 0 -300.89817757 0 101.96802878 0 39609
0.19150000 0.19149800 7262.88039247 0 242.11409788 0 1455.41280811 0 -101.79851149 0 223.49044753 0 39576
0.19250000 0.19250400 7071.89386167 0 131.25355287 0 1528.53444121 0 -2.59987045 0 136.06669246 0 40909
0.19350000 0.19350500 6997.46569424 0 151.95658581 0 1734.14751310 0 89.17395745 0 185.71167525 0 40191
0.19450000 0.19450100 6892.93187563 0 126.48248810 0 1614.77677923 0 136.70888730 0 94.61290485 0 41232
0.19550000 0.19549800 6746.44501827 0 67.18188445 0 1581.96948079 0 176.61022425 0 396.27407633 0 40873
0.19650000 0.19649700 6777.76862519 0 68.11229191 0 1531.86721098 0 326.93917832 0 388.68178320 0 42816
0.19750000 0.19750200 6661.91889061 0 50.96978645 0 1430.50007727 0 66.70931763 0 454.61969196 0 41727
0.19850000 0.19849000 6659.63799170 0 154.22087624 0 1393.15312566 0 51.17661748 0 462.07690273 0 42610
0.19950000 0.19949900 6490.09855407 0 139.70948733 0 1384.77137577 0 -65.68634554 0 294.64231405 0 43863
0.20050000 0.20050100 6453.24985708 0 88.85795330 0 1371.39600739 0 -111.60017631 0 530.93569077 0 43302
0.20150000 0.20150100 6350.95264808 0 67.55468963 0 1524.26052383 0 -14.22760522 0 183.43741974 0 44487
0.20250000 0.20249700 6344.94037570 0 63.21921012 0 1389.22245035 0 -40.25255109 0 193.60513562 0 43759
0.20350000 0.20349100 6296.27750812 0 96.14332159 0 1518.31468541 0 -10.38135639 0 257.77922303 0 45282
0.20450000 0.20449700 6251.67818375 0 40.00995646 0 1475.21012489 0 43.09038794 0 346.76860483 0 45483
0.20550000 0.20549900 6230.47468173 0 34.26153758 0 1490.58958406 0 91.79156577 0 357.79774758 0 46138
0.20650000 0.20650200 6180.81530491 0 65.48881527 0 1516.41024554 0 201.70232676 0 519.85672256 0 46227
0.20750000 0.20749300 6178.97729899 0 71.23535185 0 1447.87255491 0 95.95907810 0 336.85776689 0 46236
0.20850000 0.20850300 6116.59582097 0 51.80785072 0 1330.64985206 0 144.60013320 0 348.85130913 0 48361
0.20950000 0.20950400 6075.06353057 0 46.33911877 0 1306.56754557 0 82.73750431 0 285.80881331 0 46812
0.21050000 0.21050300 6117.37088370 0 -3.46932475 0 1207.01627313 0 -140.26199634 0 256.34978590 0 48813
0.21150000 0.21149700 6146.73468912 0 63.28730492 0 1338.17903293 0 -3.08548047 0 311.89078165 0 47215
0.21250000 0.21249000 6189.04204225 0 -2.15914763 0 1402.08849179 0 -67.00483798 0 366.73975711 0 50004
0.21350000 0.21350300 6141.74107063 0 56.47140321 0 1323.67428742 0 41.87486812 0 373.64335163 0 49509
0.21450000 0.21449800 6196.81481428 0 25.00717777 0 1430.24541380 0 122.96591774 0 352.85284732 0 49660
0.21550000 0.21550100 6095.22623407 0 114.21988836 0 1345.77464776 0 162.71113491 0 380.82375428 0 50841
0.21650000 0.21649800 5977.57171054 0 163.22489078 0 1403.76041283 0 75.43541682 0 437.39558347 0 50424
0.21750000 0.21750300 5843.36406142 0 145.88120118 0 1289.28364653 0 91.16575797 0 531.28668347 0 52231
0.21850000 0.21850300 5773.18766672 0 27.63619058 0 1223.17079504 0 127.70376553 0 432.59351620 0 51078
0.21950000 0.21950100 5727.32609732 0 16.74445538 0 1135.92087547 0 58.56052946 0 320.74753428 0 52791
0.22050000 0.22050700 5772.55654420 0 1.31803847 0 1044.03386626 0 -58.59695741 0 286.87286373 0 52969
0.22150000 0.22150000 5754.34256987 0 6.14515135 0 1049.67078683 0 37.23788921 0 303.52010409 0 52704
0.22250000 0.22250100 5703.19950154 0 106.34746542 0 1070.85768037 0 4.05320166 0 357.44454042 0 54051
0.22350000 0.22349900 5679.85904082 0 126.87223393 0 1079.31250760 0 11.91791827 0 407.25560808 0 53938
0.22450000 0.22449800 5538.78655031 0 118.31664855 0 1087.78947948 0 134.81441253 0 647.69667768 0 54735
0.22550000 0.22549100 5500.95241640 0 79.52963037 0 1074.33439036 0 192.70606284 0 796.72463358 0 54774
0.22650000 0.22649900 5458.19109795 0 43.91095794 0 1085.84739371 0 223.64213838 0 626.32598355 0 56911
0.22750000 0.22749800 5439.16884391 0 90.61258462 0 967.89391742 0 133.30857635 0 856.31588575 0 54879
0.22850000 0.22849100 5358.41837901 0 76.21778729 0 986.97153308 0 -60.95724489 0 723.84991332 0 57210
0.22950000 0.22949800 5267.44815830 0 110.92033557 0 943.01108185 0 -59.57752249 0 871.18380352 0 57375
0.23050000 0.23049600 5253.29772718 0 95.09599038 0 1005.43574195 0 -32.98943818 0 566.66719020 0 57604
0.23150000 0.23150100 5180.48611917 0 35.30864734 0 898.39293453 0 -87.46306182 0 486.49802235 0 58629
0.23250000 0.23250200 5141.48939116 0 70.95555420 0 968.56157860 0 -28.26332706 0 275.53812481 0 58560
0.23350000 0.23350400 5135.24459996 0 59.53932297 0 901.15658680 0 -15.91967790 0 212.32732965 0 59305
0.23450000 0.23449700 5090.49026305 0 42.00286420 0 791.16964822 0 -15.48364975 0 349.64630205 0 59196
0.23550000 0.23549300 5069.85144959 0 52.64602571 0 849.45325883 0 40.68691839 0 79.97938820 0 60063
0.23650000 0.23649900 5041.08554971 0 21.07672391 0 770.89511424 0 75.53252111 0 133.55438196 0 61537
0.23750000 0.23750400 5051.46031806 0 23.91876824 0 668.19487262 0 113.60648157 0 73.03571186 0 61224
0.23850000 0.23850100 4999.23216189 0 15.56547423 0 727.07860324 0 80.56489274 0 41.35114716 0 61221
0.23950000 0.23949400 5039.87866630 0 36.90217633 0 724.48435753 0 -2.38353936 0 81.78982403 0 62332
0.24050000 0.24050100 4962.20630770 0 88.80270240 0 700.70543275 0 -30.35998248 0 118.46944663 0 63447
0.24150000 0.24150500 5012.84004909 0 44.36625193 0 781.93090039 0 -6.90841099 0 272.61945999 0 63342
0.24250000 0.24250300 4901.20887027 0 80.68480602 0 816.62935191 0 -29.23281982 0 302.76829324 0 63379
0.24350000 0.24349600 4936.23063367 0 83.71663000 0 765.32905656 0 89.17595047 0 421.92643847 0 64266
0.24450000 0.24449500 4821.69850575 0 102.72282917 0 762.78352908 0 61.36149547 0 462.18430428 0 64695
0.24550000 0.24549600 4767.20052299 0 115.75561982 0 823.35578923 0 35.52909732 0 390.83867208 0 65947
0.24650000 0.24650000 4684.21344848 0 74.46636695 0 788.89428547 0 16.21564114 0 355.30204557 0 66018
0.24750000 0.24750000 4595.40233111 0 111.49498923 0 646.19194874 0 33.09816841 0 464.06770673 0 66303
0.24850000 0.24849600 4550.86944069 0 88.31552011 0 624.78471594 0 54.96202389 0 366.34668958 0 66958
0.24950000 0.24949200 4498.96238194 0 20.36255896 0 572.03616050 0 111.32115373 0 336.25875411 0 66975
0.25050000 0.25048900 4460.15388345 0 23.78512528 0 477.74092065 0 137.17835388 0 275.56691285 0 68676
0.25150000 0.25150000 4421.24573403 0 60.22890736 0 349.61087061 0 77.01709842 0 299.61268066 0 69349
0.25250000 0.25249900 4424.54528683 0 30.97759676 0 394.34749181 0 23.34466820 0 343.67389005 0 68592
0.25350000 0.25349900 4431.76444261 0 1.48709073 0 382.56764544 0 -46.15044635 0 186.57420936 0 70437
0.25450000 0.25450100 4444.54190545 0 20.44460488 0 504.09083925 0 -70.53225922 0 421.19455780 0 70099
0.25550000 0.25550100 4445.39447446 0 54.41715479 0 561.63592580 0 -129.40668909 0 387.04418636 0 71064
0.25650000 0.25650300 4428.55346841 0 80.19319479 0 589.14179511 0 -23.47133560 0 544.84585244 0 71409
0.25750000 0.25750600 4385.30496767 0 80.09221519 0 642.49489948 0 63.49579680 0 488.58515557 0 72612
0.25850000 0.25850600 4379.12661042 0 40.73320071 0 562.56600108 0 164.88573950 0 620.78539221 0 71845
0.25950000 0.25949600 4363.62535568 0 27.91864558 0 533.31624061 0 155.68906651 0 690.70601621 0 72816
0.26050000 0.26049800 4321.22942395 0 62.35169347 0 458.63008801 0 25.82807993 0 663.31972800 0 73743
0.26150000 0.26149900 4349.44170759 0 -9.11171505 0 421.76699699 0 117.11087237 0 671.46231567 0 74662
0.26250000 0.26250300 4333.43112590 0 33.73637721 0 432.16169553 0 -19.44798493 0 566.23536953 0 74931
0.26350000 0.26350100 4315.43859807 0 62.05373721 0 475.94831126 0 -156.30468777 0 587.16317067 0 75087
0.26450000 0.26450200 4269.73204122 0 129.65249470 0 599.13124656 0 -184.27891642 0 469.10450729 0 76678
0.26550000 0.26550600 4229.20733238 0 78.55637302 0 632.09909371 0 -30.96430997 0 615.92907055 0 76035
0.26650000 0.26650100 4203.36452625 0 20.25460379 0 581.28708789 0 -35.34762192 0 555.66129933 0 77094
0.26750000 0.26750600 4199.22347677 0 -17.49117296 0 549.85275773 0 151.83479024 0 517.92128018 0 78463
0.26850000 0.26850100 4244.83038270 0 3.53307920 0 466.85682535 0 137.61460347 0 483.22947206 0 77076
0.26950000 0.26949700 4215.42228798 0 33.95295189 0 366.16731792 0 135.66255261 0 384.70349689 0 79149
0.27050000 0.27049900 4175.13009797 0 80.85033727 0 296.83020544 0 103.63419222 0 378.43434658 0 79648
0.27150000 0.27150200 4110.84418007 0 103.77237484 0 201.84515975 0 3.93468349 0 345.60711796 0 80241
0.27250000 0.27250500 4002.01429943 0 115.54303118 0 298.76232612 0 -40.17781290 0 324.43351121 0 80835
0.27350000 0.27350000 3930.97426339 0 93.62536420 0 274.60915676 0 -37.96744470 0 388.93644667 0 80680
0.27450000 0.27450400 3885.54451466 0 43.73202917 0 316.17687859 0 32.95422819 0 363.08256822 0 82617
0.27550000 0.27550800 3881.62491167 0 13.91071529 0 344.98928223 0 87.50369726 0 328.96873545 0 82548
0.27650000 0.27649900 3915.20727285 0 40.27004537 0 267.48633020 0 1.32592197 0 202.56928979 0 81181
0.27750000 0.27748900 3859.30310484 0 16.37895793 0 270.73162861 0 -90.04778533 0 148.25953655 0 84096
0.27850000 0.27849800 3846.48135270 0 70.78016857 0 308.01768243 0 -81.45721140 0 174.84751014 0 85215
0.27950000 0.27950200 3826.19685363 0 71.45347665 0 334.41631927 0 -97.65159368 0 197.48930716 0 84514
0.28050000 0.28050300 3826.51795105 0 50.01712363 0 241.54498038 0 1.21896331 0 109.86314999 0 85815
0.28150000 0.28150100 3718.65136267 0 54.57847856 0 218.62416078 0 83.42996751 0 124.58690609 0 85485
0.28250000 0.28250000 3735.74703219 0 52.90434305 0 248.73866982 0 72.77495861 0 83.96166055 0 87220
0.28350000 0.28350400 3727.19919743 0 48.96414554 0 248.08540265 0 67.51239335 0 224.38287691 0 87147
0.28450000 0.28449700 3659.97911345 0 74.23362668 0 184.91668233 0 75.60991666 0 224.90327618 0 87102
0.28550000 0.28549800 3629.44164160 0 54.60405563 0 144.89465704 0 73.13901665 0 260.39229169 0 88971
0.28650000 0.28649900 3633.90378851 0 38.16065676 0 237.19909289 0 -54.50263313 0 305.74121245 0 89434
0.28750000 0.28750100 3621.56921866 0 -1.80276271 0 208.91151745 0 -28.83410540 0 221.52178818 0 89619
0.28850000 0.28849900 3642.35197234 0 37.37961497 0 281.30126988 0 -80.97069344 0 231.24550384 0 90240
0.28950000 0.28950100 3578.73039393 0 97.37102096 0 227.52298823 0 -90.51293369 0 159.82679429 0 91333
0.29050000 0.29050500 3608.27135655 0 56.95127777 0 321.90348499 0 -62.01110876 0 140.13355737 0 92139
0.29150000 0.29150600 3510.91240442 0 60.72229015 0 335.38182599 0 -18.50495502 0 174.18317065 0 92370
0.29250000 0.29250200 3534.83969835 0 59.83107873 0 335.33310776 0 101.14734807 0 157.78948653 0 91819
0.29350000 0.29349600 3477.78400856 0 47.82602127 0 261.57038705 0 56.97430820 0 108.97116351 0 93552
0.29450000 0.29450000 3456.94589325 0 47.11551018 0 236.38638425 0 23.69853970 0 128.61058893 0 94701
0.29550000 0.29550200 3401.58426916 0 39.79648203 0 209.85598675 0 42.93327165 0 63.11258364 0 95020
0.29650000 0.29650300 3417.11874088 0 31.32870018 0 232.66608311 0 32.90174537 0 141.56188727 0 95151
0.29750000 0.29749800 3394.65299382 0 -20.56064285 0 137.21599978 0 89.19798440 0 95.54010133 0 95802
0.29850000 0.29850000 3443.28264443 0 2.77493497 0 124.52157938 0 49.43460862 0 87.01839726 0 97399
0.29950000 0.29950700 3442.40793077 0 51.06334760 0 98.00291854 0 3.40120781 0 78.86174773 0 97881
0.30050000 0.30050300 3432.48712773 0 42.61250640 0 72.06500114 0 31.81732188 0 197.40072856 0 97188
0.30150000 0.30149700 3425.84373284 0 15.94115821 0 58.70491257 0 28.24572206 0 276.33201050 0 98263
0.30250000 0.30249700 3414.27315340 0 12.67692613 0 32.47612520 0 16.17832741 0 220.84748360 0 100050
0.30350000 0.30350600 3463.01352725 0 39.94706565 0 103.74613343 0 15.96175274 0 146.35952562 0 100779
0.30450000 0.30450500 3415.20322869 0 50.88641185 0 21.14182918 0 -49.12613365 0 178.12713275 0 99982
0.30550000 0.30550300 3399.38087652 0 18.16060572 0 23.71858061 0 -38.39417209 0 164.92781434 0 101559
0.30650000 0.30649700 3374.49029033 0 59.62302975 0 58.47062218 0 2.56910046 0 121.24860016 0 100935
0.30750000 0.30749800 3397.97469127 0 74.21170348 0 17.66224038 0 -29.22584425 0 85.80619914 0 103762
0.30850000 0.30850200 3282.24675227 0 94.39909826 0 42.29904889 0 -19.00332036 0 76.67485286 0 102951
0.30950000 0.30950100 3252.09681178 0 107.48514679 0 -0.41187166 0 22.37074651 0 168.33587592 0 104394
0.31050000 0.31050000 3203.92112650 0 32.48952272 0 135.23626810 0 -45.04354604 0 118.34211489 0 103963
0.31150000 0.31149700 3193.76780464 0 38.07927518 0 80.11956383 0 19.39959887 0 151.29778248 0 105936
0.31250000 0.31250000 3172.88540003 0 84.76185746 0 171.24346841 0 2.94006763 0 145.22793402 0 105717
0.31350000 0.31349800 3149.22384189 0 41.26589026 0 131.49935848 0 45.01885476 0 268.93791199 0 106776
0.31450000 0.31450400 3148.36020056 0 2.07275028 0 120.85331816 0 21.48385329 0 223.52809344 0 108733
0.31550000 0.31549900 3150.04319393 0 25.10572146 0 54.84443580 0 64.17430886 0 128.37585564 0 105891
0.31650000 0.31650000 3153.82992902 0 12.05366497 0 59.38021366 0 -10.57320656 0 146.59647337 0 111072
0.31750000 0.31750600 3126.02732140 0 89.82611739 0 19.48574156 0 -50.37619912 0 85.65882649 0 108121
0.31850000 0.31849900 3069.99028549 0 96.57292779 0 18.56341690 0 -44.20979998 0 71.48215397 0 110484
0.31950000 0.31950100 3001.85119856 0 60.27319666 0 -40.37501100 0 -2.93884967 0 34.40016309 0 110817
0.32050000 0.32049800 2982.82894452 0 53.33273129 0 -23.69422150 0 38.66732635 0 27.80803306 0 111088
0.32150000 0.32149900 2969.11033407 0 -23.64417459 0 -50.84201183 0 98.37229130 0 51.26552825 0 112635
0.32250000 0.32250100 3046.72733105 0 -28.75881359 0 -113.73824223 0 64.07665096 0 21.09731843 0 113202
0.32350000 0.32350400 3060.60095405 0 6.32437907 0 -3.26709981 0 -26.70091130 0 31.65356219 0 113863
0.32450000 0.32450300 3042.68593249 0 88.11998286 0 -51.13343541 0 -43.98447817 0 167.94502285 0 114045
0.32550000 0.32549900 2995.86107083 0 130.72983190 0 72.07241960 0 -46.80969257 0 265.43130671 0 114828
0.32650000 0.32650300 2936.88986885 0 84.09253543 0 92.56651778 0 8.24221645 0 376.44907874 0 116431
0.32750000 0.32750400 2906.85065161 0 12.79362843 0 110.84836546 0 158.15708771 0 429.12344960 0 116442
0.32850000 0.32850400 2930.52328208 0 -28.63657512 0 20.50882437 0 125.44058234 0 478.75071667 0 116955
0.32950000 0.32949800 2958.04908158 0 -0.08259467 0 -7.77003716 0 100.66171590 0 468.87973910 0 117028
0.33050000 0.33049700 2965.33467131 0 38.46747088 0 7.24255160 0 -32.50203444 0 402.80453351 0 119061
0.33150000 0.33150100 2889.31208910 0 102.45720409 0 -60.04101001 0 -90.13326368 0 440.61873723 0 120060
0.33250000 0.33250400 2873.51188158 0 62.90530972 0 -56.01743789 0 -57.52858878 0 363.73029922 0 119737
0.33350000 0.33350100 2839.74129089 0 44.28974217 0 -32.01939180 0 12.67426877 0 408.69943924 0 120531
0.33450000 0.33450000 2843.74947247 0 37.92869156 0 -38.15966025 0 -24.19258684 0 285.58404512 0 121704
0.33550000 0.33550300 2796.88032151 0 71.99391682 0 -27.46966281 0 41.93532302 0 318.34705426 0 122761
0.33650000 0.33650300 2759.93197360 0 53.09810873 0 -44.47564650 0 15.47888865 0 308.52147321 0 122472
0.33750000 0.33749900 2730.41315563 0 36.94447261 0 -21.66621448 0 8.57802899 0 288.42852536 0 122985
0.33850000 0.33849800 2770.64998402 0 16.66750272 0 -14.70260796 0 -0.26595060 0 247.54839490 0 125380
0.33950000 0.33950300 2727.73365302 0 33.57815369 0 -63.17015973 0 66.20253732 0 210.76723909 0 125223
0.34050000 0.34050000 2725.88457478 0 37.46763995 0 -143.35228219 0 27.90436228 0 278.51879465 0 125178
0.34150000 0.34149900 2721.96497179 0 31.91951943 0 -174.03369427 0 45.22480000 0 225.65065811 0 127059
0.34250000 0.34250300 2737.84268558 0 26.64366738 0 -198.22450953 0 2.22402038 0 197.92223506 0 127957
0.34350000 0.34349800 2679.52475076 0 29.44363688 0 -208.43762194 0 6.69356359 0 203.42628773 0 126732
0.34450000 0.34449700 2716.06342266 0 26.30906172 0 -244.03293177 0 56.59098432 0 250.55342386 0 129639
0.34550000 0.34550000 2714.81224996 0 -9.80146552 0 -334.77395536 0 107.50718072 0 226.57851893 0 129826
0.34650000 0.34650400 2710.18401818 0 47.63701668 0 -281.56922014 0 2.25518897 0 180.12015122 0 130875
0.34750000 0.34750200 2693.58660328 0 114.98830771 0 -302.26782415 0 -54.46443361 0 232.43356429 0 130686
0.34850000 0.34850200 2601.63094566 0 123.16743405 0 -253.66917606 0 -69.50519037 0 285.25962600 0 132211
0.34950000 0.34950400 2531.76457606 0 75.41526519 0 -231.80354901 0 -63.37643714 0 322.09614344 0 132768
0.35050000 0.35050300 2532.12996278 0 21.06077976 0 -202.25262130 0 -3.21911236 0 311.59072165 0 132957
0.35150000 0.35150100 2567.43960662 0 -9.52846628 0 -234.05676711 0 11.67809171 0 246.36808507 0 133987
0.35250000 0.35249800 2561.19481543 0 22.15062869 0 -201.19632151 0 -49.29742251 0 272.97488161 0 134778
0.35350000 0.35349800 2566.37666344 0 55.31844203 0 -195.42542582 0 -43.49087393 0 281.49171386 0 135699
0.35450000 0.35450100 2564.57187449 0 34.29220792 0 -204.23456744 0 -25.58858555 0 296.48364167 0 137380
0.35550000 0.35550100 2544.34273705 0 19.99019667 0 -230.00097453 0 77.11841019 0 267.16855448 0 136161
0.35650000 0.35649900 2535.60667277 0 35.20656050 0 -203.21480633 0 73.69130421 0 240.53850606 0 138792
0.35750000 0.35750000 2524.10252728 0 42.96283476 0 -248.77853019 0 95.51828885 0 254.74208434 0 138097
0.35850000 0.35849800 2490.99627607 0 54.51470197 0 -284.15792968 0 28.29754054 0 324.95280324 0 140028
0.35950000 0.35950300 2444.59216276 0 61.45173491 0 -326.25933757 0 25.47376554 0 358.24174781 0 141099
0.36050000 0.36050500 2469.28344711 0 33.32249371 0 -294.85933162 0 -1.74549665 0 419.87695115 0 140821
0.36150000 0.36150200 2439.85320774 0 48.04503185 0 -304.56643879 0 -35.07867515 0 340.21046684 0 141756
0.36250000 0.36250400 2434.97031249 0 84.63950827 0 -220.50091983 0 -68.35643667 0 356.32512838 0 142971
0.36350000 0.36349900 2383.73866556 0 68.93009382 0 -203.92897128 0 -67.46721826 0 378.17857588 0 142270
0.36450000 0.36450000 2357.27580924 0 46.06242137 0 -234.40665257 0 2.93093296 0 389.06599287 0 145311
0.36550000 0.36550300 2356.39002325 0 0.02638225 0 -242.90023294 0 59.76973805 0 346.78521332 0 145434
0.36650000 0.36650100 2386.03063679 0 -10.15964416 0 -283.08391417 0 103.89782428 0 210.07854048 0 144547
0.36750000 0.36749600 2355.36029705 0 34.53513473 0 -357.71581238 0 25.71015968 0 233.70466718 0 146892
0.36850000 0.36849900 2359.94423952 0 50.45691637 0 -389.35719502 0 -18.14300072 0 162.07890516 0 148113
0.36950000 0.36949900 2318.43409378 0 58.47128652 0 -399.45183355 0 -54.52942816 0 156.91366563 0 147387
0.37050000 0.37049800 2322.20975654 0 63.02865541 0 -358.72228671 0 -103.91498638 0 84.47320195 0 149758
0.37150000 0.37150100 2251.61261350 0 87.90075082 0 -296.11161155 0 -80.22929057 0 126.88552072 0 150099
0.37250000 0.37250000 2204.18984630 0 111.60792694 0 -265.80222960 0 -111.38980214 0 167.50434432 0 150468
0.37350000 0.37349800 2182.21128153 0 47.06601689 0 -179.79794657 0 -15.10087948 0 178.86454959 0 150709
0.37450000 0.37449700 2193.51612517 0 -20.53838748 0 -180.10797166 0 46.40721357 0 175.73218889 0 153108
0.37550000 0.37550100 2242.78797062 0 -10.42565676 0 -199.16122821 0 67.51383275 0 135.95596922 0 153189
0.37650000 0.37649900 2255.49899951 0 4.19527066 0 -253.23956986 0 44.02533505 0 179.67172206 0 153547
0.37750000 0.37749900 2275.68384765 0 37.74511241 0 -266.87624510 0 -17.54000191 0 103.07149667 0 155424
0.37850000 0.37850200 2264.74439073 0 40.47820507 0 -289.16483496 0 -11.22479073 0 108.92565625 0 155313
0.37950000 0.37949900 2236.94178311 0 39.11165874 0 -316.05508302 0 -45.85658685 0 35.88717631 0 156100
0.38050000 0.38050000 2217.64272095 0 59.51518530 0 -309.30650104 0 -27.02167655 0 87.60511975 0 157557
0.38150000 0.38149800 2235.98956318 0 22.32645721 0 -297.55433548 0 31.83503760 0 49.18592420 0 157692
0.38250000 0.38250100 2202.70615477 0 12.91730630 0 -372.99451340 0 66.90075813 0 68.58264427 0 159703
0.38350000 0.38350500 2217.42127446 0 27.12597785 0 -375.96078922 0 42.56511685 0 70.07630088 0 160338
0.38450000 0.38450600 2216.50227150 0 41.35756911 0 -395.36946739 0 23.87215376 0 12.01568689 0 160167
0.38550000 0.38550000 2186.16410149 0 51.24570879 0 -385.43205587 0 32.43715062 0 81.62495712 0 160033
0.38650000 0.38649600 2129.04197775 0 75.49509665 0 -415.98281451 0 -9.79880816 0 117.40096728 0 162444
0.38750000 0.38750200 2157.98503483 0 24.63946587 0 -412.04438857 0 4.40059585 0 140.11030549 0 164307
0.38850000 0.38850400 2112.30062263 0 45.55652685 0 -397.53742859 0 -2.81486178 0 137.64006982 0 163882
0.38950000 0.38950500 2126.75000652 0 61.28775378 0 -397.96482033 0 -52.33212530 0 159.78361223 0 164595
0.39050000 0.39050100 2094.41881805 0 43.17010868 0 -340.79176390 0 -1.68630400 0 260.42440143 0 165006
0.39150000 0.39150100 2108.22600709 0 24.06082617 0 -358.75107475 0 17.68593516 0 263.58997910 0 166687
0.39250000 0.39250100 2091.60644754 0 26.01885609 0 -320.03669102 0 -4.28875430 0 267.28592112 0 167256
0.39350000 0.39350100 2128.65444638 0 13.90373972 0 -340.75633246 0 47.12381443 0 176.55929156 0 167937
0.39450000 0.39449600 2112.14561008 0 51.24161203 0 -344.05256355 0 -53.96617900 0 210.23355303 0 167719
0.39550000 0.39549700 2102.21373472 0 85.03445810 0 -326.39220547 0 -55.13818458 0 221.82959881 0 171636
0.39650000 0.39650400 2061.05790337 0 50.89349814 0 -309.43604724 0 -96.26589222 0 177.36092788 0 171093
0.39750000 0.39750000 2027.59733776 0 54.81553703 0 -237.97194116 0 -76.77860054 0 129.73885883 0 170464
0.39850000 0.39849800 2024.44172519 0 48.36635072 0 -230.93547874 0 -58.58433495 0 128.18430443 0 172113
0.39950000 0.39949500 1992.99632271 0 41.69427851 0 -238.26425054 0 59.60531403 0 101.91366367 0 173232
