### header ###
fiducial parameters:
Omega_m = 0.31
Omega_nu = 0
Omega_de = 0.69
Omega_k = 0
H_0 = 100
w_de = -1
zeff = 0
beta = 0
fgrowth = 0
b_1 = 2
gamma = 0.55
Lx = 3500 Ly = 3500 Lz = 3500
nx = 700 ny = 700 nz = 700
xoffset = -685.467585 yoffset = -31.7331281 zoffset = 572.489161
bins = 400 dk = 0.001
kx_ny = 0.628318531 ky_ny = 0.628318531 kz_ny = 0.628318531
############################
A(data) = 8.08149523 (not used)
A(ran) = 8.08519656 (used)
Ngal = 480631
weighted Ngal = 0
Nran = 23820508
weighted Nran = 0
SN(data) = 3478.21227
SN(ran) = 70.4249943
SN(data+ran) = 3548.63727
############################
13 columns: k_central k_mean P_0(k) sigma^{lin}_{P_0(k)} P^img_1(k) sigma^{lin}_{P_1(k)} P_2(k) sigma^{lin}_{P_2(k)} P^img_3(k) sigma^{lin}_{P_3(k)} P_4(k) sigma^{lin}_{P_4(k)} N_modes
### header ###
0.00050000 0 0 0 0 0 0 0 0 0 0 0 0
0.00150000 0.00179520 51511.66603054 0 -71338.10302055 0 -17657.92217428 0 -101027.87768226 0 143356.71112446 0 3
0.00250000 0.00253879 69881.20652092 0 -44336.46737831 0 -67570.74450101 0 -18871.44897440 0 -38016.71654157 0 6
0.00350000 0.00331552 115255.15073474 0 -56484.24710659 0 -72678.51866310 0 20213.41474242 0 7216.27697730 0 7
0.00450000 0.00420575 119686.29512716 0 -36853.12592638 0 -40474.66192807 0 -102263.32768553 0 -10272.49329072 0 24
0.00550000 0.00557378 105160.40147433 0 42706.17827202 0 -49497.61014603 0 -54233.68636396 0 19050.82063647 0 45
0.00650000 0.00659388 76029.66849271 0 12923.94969807 0 -20261.35790889 0 -64014.97810875 0 13980.13876252 0 40
0.00750000 0.00754703 56710.56542589 0 -11130.34380070 0 -37767.03561691 0 -45013.42931772 0 -9917.83565446 0 57
0.00850000 0.00846663 82343.88316704 0 -10633.32928424 0 -175.70672255 0 -8978.90250983 0 -4847.36415468 0 75
0.00950000 0.00948925 73769.14265773 0 -684.30289077 0 346.85607620 0 -21904.71235847 0 -14934.57316189 0 112
0.01050000 0.01054430 89643.86691997 0 5762.14855887 0 16697.50871951 0 -34365.06381638 0 -24295.89162631 0 105
0.01150000 0.01145670 74088.35778226 0 10185.74162577 0 3158.49137777 0 -17799.64793196 0 -14259.27207120 0 144
0.01250000 0.01249090 73395.00880211 0 14206.01418882 0 45809.30802569 0 -26369.07372535 0 -15151.81217483 0 169
0.01350000 0.01339930 67840.90922658 0 9169.72295576 0 46877.01230795 0 -15597.03035579 0 -663.42270062 0 180
0.01450000 0.01448870 69002.39610006 0 -4124.76209237 0 50829.72154496 0 3587.35573497 0 8143.14128787 0 267
0.01550000 0.01550050 71636.61289766 0 -4771.10905365 0 54071.36608211 0 19578.30619083 0 3900.70252734 0 238
0.01650000 0.01653350 80846.90485156 0 -3498.35638808 0 43009.00635581 0 35721.42360667 0 -9122.23375461 0 315
0.01750000 0.01747870 82547.28177396 0 -5616.87965725 0 51396.84602217 0 16280.74641334 0 -1351.16686994 0 297
0.01850000 0.01844180 85420.10717140 0 1542.55200443 0 23993.94932850 0 18079.66702662 0 -3973.45877372 0 388
0.01950000 0.01947590 82709.49133255 0 -442.14782529 0 21016.15829178 0 -317.56424089 0 -7356.35295859 0 399
0.02050000 0.02045430 80854.54475568 0 1784.73696519 0 21653.59203159 0 -11082.62208073 0 -15397.39633931 0 462
0.02150000 0.02154770 81336.63377829 0 3414.26208108 0 29167.16093027 0 -15787.80651241 0 -17253.00725566 0 571
0.02250000 0.02255340 78459.26872767 0 3830.53720496 0 32890.34087379 0 -11375.04217919 0 -18196.36933021 0 510
0.02350000 0.02348930 80841.14724265 0 424.73105835 0 38965.61477853 0 -5819.85751583 0 -18958.80961722 0 555
0.02450000 0.02439640 76840.82700892 0 4190.83065456 0 37974.64170726 0 -2108.81284031 0 -26578.89428066 0 592
0.02550000 0.02547300 77009.34779266 0 654.13966350 0 40977.23475158 0 1193.87342357 0 -22580.89923515 0 837
0.02650000 0.02652900 73483.91957041 0 5137.03831659 0 39701.70293248 0 4740.81517295 0 -16079.78371788 0 723
0.02750000 0.02749970 75068.14780546 0 8113.56710828 0 45099.57200481 0 8036.21584710 0 -23551.16705901 0 826
0.02850000 0.02848090 68713.18697580 0 2574.24908639 0 35566.41105921 0 14047.45849742 0 3839.89331943 0 831
0.02950000 0.02946900 63589.57938922 0 2683.24505190 0 36298.40245297 0 11564.37893359 0 4093.82601682 0 996
0.03050000 0.03053250 63807.81491139 0 1229.37129694 0 36829.20970477 0 10304.24871830 0 6439.50910198 0 1041
0.03150000 0.03150510 63223.86050046 0 1799.02026421 0 32442.79750462 0 17112.16728397 0 12084.77820006 0 1036
0.03250000 0.03246190 62279.16974693 0 -1330.92666018 0 29055.66261935 0 5861.66661434 0 10231.73606306 0 1059
0.03350000 0.03345080 60519.77733325 0 1167.20019308 0 26712.98013422 0 5855.42182314 0 14402.99084734 0 1302
0.03450000 0.03451200 61074.72225316 0 3161.29267595 0 28375.37898249 0 4053.22380171 0 7129.52531235 0 1339
0.03550000 0.03553350 56276.75173949 0 3011.99344809 0 23988.30244285 0 -2176.05506893 0 8618.57584326 0 1365
0.03650000 0.03647120 54217.96366271 0 4547.44809232 0 23662.88681643 0 5478.27629517 0 3506.76028261 0 1308
0.03750000 0.03744890 49246.04692615 0 1291.91885984 0 17669.32666884 0 2082.78180466 0 2536.44816946 0 1579
0.03850000 0.03847530 48316.52525762 0 3351.27162518 0 17709.85137768 0 5438.33841955 0 -7211.98091527 0 1662
0.03950000 0.03950240 45569.14930037 0 206.96610998 0 16957.48690625 0 1843.78567345 0 -1431.48551418 0 1683
0.04050000 0.04050350 45341.83447185 0 -288.43073983 0 14393.13647825 0 19.20384017 0 -4275.26820363 0 1822
0.04150000 0.04152450 45918.03825541 0 -528.08788883 0 19078.94434151 0 646.49865214 0 -3354.08399569 0 1887
0.04250000 0.04250150 44987.52007765 0 -451.16734108 0 17554.94955347 0 -1430.90975329 0 -1044.38153726 0 1920
0.04350000 0.04349210 46830.17637397 0 1076.12367805 0 20652.32169824 0 -1972.35750924 0 -1790.32848923 0 2005
0.04450000 0.04448520 44478.63602898 0 1483.79117662 0 17630.46280873 0 8.27328539 0 -3797.38666445 0 2151
0.04550000 0.04548030 44848.11950818 0 1575.35930287 0 18094.61466513 0 -1194.75920956 0 -7149.69908817 0 2274
0.04650000 0.04648670 42806.82570462 0 3010.49868424 0 18423.57343549 0 -1784.46015707 0 -5876.23779380 0 2311
0.04750000 0.04749250 41161.36751332 0 1628.71683617 0 17761.55913458 0 -1635.55953291 0 -8505.75992568 0 2568
0.04850000 0.04851840 38574.98315893 0 975.30905335 0 16107.13236018 0 1449.93200733 0 -8445.06144103 0 2493
0.04950000 0.04949480 41379.82448199 0 -1126.95229237 0 18477.71710385 0 1542.89524650 0 -11169.42910731 0 2644
0.05050000 0.05050630 40747.59473484 0 171.97977801 0 17677.29874271 0 -1188.30404419 0 -11601.47122173 0 2829
0.05150000 0.05149060 40554.60411326 0 2765.58993158 0 20774.00654799 0 -1617.48949881 0 -7862.62393859 0 2784
0.05250000 0.05249300 39271.54311327 0 1501.86121073 0 20757.28733752 0 -225.80788512 0 -4936.37457390 0 3055
0.05350000 0.05348950 38362.83741540 0 962.99219922 0 21565.34560278 0 968.32130915 0 -3183.66984440 0 3009
0.05450000 0.05448610 38466.36365246 0 516.76865117 0 21926.30339187 0 2734.12238444 0 -4055.65971317 0 3336
0.05550000 0.05550870 38244.69570959 0 -869.80087015 0 21244.80179928 0 3879.03398767 0 -3379.26246233 0 3349
0.05650000 0.05647670 37360.79201932 0 -194.11003363 0 17572.55454993 0 5671.13404886 0 -2241.74717208 0 3324
0.05750000 0.05747970 37746.44109275 0 1234.06596266 0 16642.92215816 0 5126.46424638 0 -4181.45239544 0 3639
0.05850000 0.05849280 36213.69916811 0 912.79692189 0 13901.19308656 0 3067.12255336 0 -30.63435469 0 3846
0.05950000 0.05951020 35148.54152055 0 965.16348212 0 11831.11123847 0 2267.29102544 0 -628.15956054 0 3787
0.06050000 0.06049470 33508.84093816 0 1374.27481184 0 11641.77448407 0 193.64942492 0 1578.21596268 0 3930
0.06150000 0.06148310 33386.15957917 0 918.88337884 0 11766.55958478 0 751.73777784 0 828.61735799 0 4083
0.06250000 0.06249100 32079.62525057 0 934.17868834 0 13001.78814154 0 -882.83299646 0 4534.05057929 0 4303
0.06350000 0.06350600 31605.61902508 0 526.95851170 0 11306.50448856 0 1151.96467413 0 4184.27583827 0 4470
0.06450000 0.06451750 31733.39365349 0 840.11153838 0 13171.96977401 0 881.27401313 0 4411.38029262 0 4479
0.06550000 0.06550280 30598.48035958 0 65.61415398 0 11091.92283358 0 1813.63573297 0 3930.33206855 0 4636
0.06650000 0.06648880 30976.37880564 0 -318.86745352 0 12061.63704119 0 2276.31497017 0 4699.98043902 0 4653
0.06750000 0.06749660 30866.76278993 0 -59.44255085 0 11084.39365270 0 1942.26293039 0 2086.34709325 0 5220
0.06850000 0.06852730 30987.00823746 0 76.54187424 0 10033.14284512 0 541.53079839 0 2286.41293040 0 5029
0.06950000 0.06949320 30476.02044708 0 730.35601138 0 8379.57971205 0 -757.23407988 0 1714.54949817 0 5040
0.07050000 0.07048030 29769.82757015 0 1365.43909664 0 9584.38152022 0 -1050.34176971 0 3208.05110366 0 5475
0.07150000 0.07148790 29935.80171918 0 -112.26008687 0 10975.14302371 0 -908.24066022 0 -27.55890575 0 5509
0.07250000 0.07249820 28946.04660364 0 529.50625364 0 11411.80229759 0 -707.58245370 0 -1395.55582014 0 5916
0.07350000 0.07351270 28593.61450467 0 1116.23428194 0 11057.58755431 0 -545.73606736 0 -1379.55631078 0 5721
0.07450000 0.07449140 27507.53016320 0 1116.23428194 0 11245.38525556 0 691.78999681 0 -850.06555839 0 6028
0.07550000 0.07549160 26729.47789820 0 750.43788691 0 10834.05946087 0 1231.94007630 0 -868.08355257 0 6183
0.07650000 0.07648840 26437.72213923 0 229.40085452 0 10001.23240499 0 2192.27602479 0 -560.48329678 0 6330
0.07750000 0.07749960 26284.37044049 0 91.88579125 0 8234.75370342 0 2076.40414557 0 -2257.64703052 0 6583
0.07850000 0.07848650 25868.60464355 0 -1.11911309 0 7615.02461100 0 227.35247443 0 -575.11537403 0 6549
0.07950000 0.07947320 26101.23418799 0 323.69055821 0 7717.21109675 0 215.61359566 0 -2279.90240341 0 6828
0.08050000 0.08048110 25456.93560679 0 1068.77719054 0 8266.44269705 0 308.44175247 0 -868.13005634 0 7147
0.08150000 0.08149960 23980.21964573 0 1457.59405610 0 8682.30814492 0 -1061.70529668 0 -675.92003365 0 7386
0.08250000 0.08250610 23696.54668387 0 1287.12454319 0 9399.88337176 0 59.11436714 0 -832.35758931 0 7227
0.08350000 0.08350160 22780.53325163 0 361.83803891 0 10284.61748640 0 -354.54359132 0 1034.98777689 0 7798
0.08450000 0.08449610 22644.12220986 0 123.19622209 0 9938.33052770 0 930.40413281 0 642.61226613 0 7371
0.08550000 0.08548940 22676.56412158 0 -131.56468519 0 11027.07222711 0 1247.49669267 0 1181.01845446 0 8256
0.08650000 0.08650700 22397.76298265 0 248.42421579 0 9521.98896986 0 634.73098532 0 243.13939516 0 8037
0.08750000 0.08749060 22115.52942302 0 668.56911720 0 9696.84312340 0 934.26726694 0 1381.52718460 0 8155
0.08850000 0.08849210 21547.40843657 0 580.02816455 0 8944.37900105 0 560.25299243 0 1404.82335602 0 8718
0.08950000 0.08949900 21055.46504488 0 -1.83179435 0 8612.57464321 0 769.61736796 0 929.87487569 0 8571
0.09050000 0.09049190 21087.90695660 0 293.82739094 0 8583.29941639 0 518.57454735 0 621.24710816 0 8932
0.09150000 0.09150830 20633.60946929 0 688.02097744 0 7881.65726496 0 -30.33905579 0 -245.00729635 0 9285
0.09250000 0.09250820 20100.36630603 0 544.61776255 0 8496.27094331 0 -312.79760506 0 511.71524212 0 9204
0.09350000 0.09350330 19426.17244782 0 741.87455089 0 7945.25669871 0 -442.76233931 0 -761.53899977 0 9349
0.09450000 0.09448040 19161.98677765 0 378.10660577 0 8168.22010359 0 224.11603389 0 -1363.24677632 0 9564
0.09550000 0.09549270 18731.93768169 0 260.07451597 0 7923.55494207 0 -222.00675601 0 -1644.76063484 0 10155
0.09650000 0.09649430 18661.07480285 0 575.56269596 0 8171.97362170 0 24.59373716 0 -1523.28615925 0 9913
0.09750000 0.09749140 18069.25904129 0 378.50631669 0 7633.24965765 0 506.94085566 0 -1431.59623743 0 10476
0.09850000 0.09850240 17869.51430157 0 238.77357748 0 6904.03741742 0 1357.17914232 0 -296.89885385 0 10575
0.09950000 0.09950330 17590.71316263 0 -255.53154109 0 6606.01472260 0 1758.05266238 0 -163.07541439 0 10882
0.10050000 0.10051200 17929.08340909 0 80.31654049 0 5852.58730799 0 2076.22698837 0 50.07713563 0 10875
0.10150000 0.10150300 17322.76290202 0 120.14247491 0 5202.44253929 0 1622.95922727 0 1024.82781163 0 11118
0.10250000 0.10250800 17201.41022201 0 335.48922754 0 4689.35100719 0 628.53269789 0 860.33513966 0 11575
0.10350000 0.10349800 16733.38305192 0 295.00327184 0 4009.69849285 0 155.80532592 0 1643.31016028 0 11364
0.10450000 0.10450100 16774.35065375 0 343.56981019 0 4215.34478171 0 -31.79340565 0 1137.76995371 0 12093
0.10550000 0.10551000 16269.89553502 0 37.99955444 0 3747.30653930 0 -573.33826590 0 964.35852410 0 12067
0.10650000 0.10649700 16316.84219225 0 306.92041504 0 4212.53241120 0 -294.47955088 0 906.55323792 0 12054
0.10750000 0.10749900 16137.47053018 0 389.03831206 0 4992.71056257 0 -751.65030648 0 1029.73063706 0 12807
0.10850000 0.10850100 15859.00156100 0 336.32740253 0 5061.46969970 0 265.53981550 0 1715.94461109 0 12736
0.10950000 0.10950300 15973.48939962 0 204.63317114 0 5957.29828380 0 255.34220434 0 1055.65870009 0 12933
0.11050000 0.11050200 15595.03733732 0 415.72040041 0 5976.25410389 0 116.53178979 0 1944.83170975 0 13428
0.11150000 0.11150900 15391.63873040 0 511.88907762 0 6646.40656354 0 112.75501979 0 1839.98786604 0 13453
0.11250000 0.11250000 15071.75926639 0 299.94595764 0 6528.14306215 0 -65.62843728 0 2645.76523239 0 13668
0.11350000 0.11349100 14789.63643001 0 209.54596166 0 6684.47321626 0 247.95364199 0 2157.78573298 0 13791
0.11450000 0.11448600 14681.34909328 0 30.39508175 0 6383.72672954 0 767.17481310 0 2753.01177058 0 14205
0.11550000 0.11549300 14818.20302804 0 -161.97482531 0 5945.19623277 0 415.43141273 0 1840.59684390 0 14776
0.11650000 0.11649800 14929.25844597 0 -178.44601571 0 5575.64631963 0 852.74948993 0 2298.35996888 0 14553
0.11750000 0.11747300 14969.56170831 0 -53.14405888 0 4975.73668863 0 540.74577056 0 1609.98246258 0 14568
0.11850000 0.11849100 15076.40964281 0 45.34493472 0 4795.06956456 0 -97.42261800 0 1312.95627700 0 16015
0.11950000 0.11950300 14751.54763263 0 178.28103807 0 4418.12333844 0 229.16279954 0 834.93965546 0 15270
0.12050000 0.12050700 14668.28375000 0 492.54129723 0 4570.22386447 0 -391.27381444 0 96.32734363 0 15999
0.12150000 0.12150000 14137.25505170 0 449.07134999 0 4246.81232884 0 -53.89542684 0 374.86352183 0 15670
0.12250000 0.12250700 13559.05824967 0 443.34363637 0 4313.03590358 0 -240.85517455 0 -399.08312514 0 16887
0.12350000 0.12352200 13540.45674397 0 79.41647121 0 4027.45850186 0 509.99460284 0 -147.45125684 0 16407
0.12450000 0.12449800 13372.26812998 0 -81.28038637 0 3916.49166253 0 547.06363910 0 -843.60042793 0 16306
0.12550000 0.12549900 13537.91010926 0 38.21657200 0 3921.11989430 0 237.88004087 0 -455.07255005 0 17523
0.12650000 0.12650100 13450.99235944 0 -8.36560644 0 4127.51910125 0 -203.83928545 0 -202.26147916 0 17154
0.12750000 0.12750600 13497.27467718 0 269.06302926 0 4533.22015493 0 -23.35906222 0 148.92387604 0 18007
0.12850000 0.12850300 13270.29201840 0 99.36226786 0 4093.07309873 0 -119.80919793 0 192.57430218 0 17496
0.12950000 0.12949900 13151.26452660 0 154.13451210 0 4482.05494194 0 -12.59344080 0 -78.11370147 0 18405
0.13050000 0.13049000 13303.61971610 0 84.15044368 0 4044.19985699 0 254.81516168 0 -83.47159945 0 18100
0.13150000 0.13148800 12891.17561661 0 253.59056255 0 4009.48811868 0 132.56451612 0 -222.83828760 0 19059
0.13250000 0.13249300 12744.68875925 0 399.00451163 0 4013.06447959 0 292.65040282 0 97.44121950 0 18957
0.13350000 0.13349100 12391.26015104 0 213.85531048 0 3667.90689802 0 275.99319736 0 103.04868768 0 19468
0.13450000 0.13450700 12341.54541261 0 150.22155251 0 3571.37837025 0 653.41553345 0 45.11928074 0 19953
0.13550000 0.13551000 12284.85510954 0 23.93050491 0 3895.18850958 0 153.37384339 0 -280.63471592 0 19956
0.13650000 0.13649900 12089.87146948 0 117.91915209 0 3660.87597176 0 -152.69400264 0 -139.09275884 0 19723
0.13750000 0.13749600 12014.69038396 0 240.42446111 0 3782.18436248 0 -280.60371341 0 172.09050126 0 20946
0.13850000 0.13851100 11942.16665640 0 335.35635964 0 3980.26825348 0 -470.02793918 0 277.51342756 0 20955
0.13950000 0.13949800 11770.21345197 0 80.56932167 0 4204.73749453 0 296.11825495 0 324.52651874 0 20506
0.14050000 0.14048300 11626.27322932 0 123.36784313 0 3766.51702286 0 487.06381814 0 98.38701749 0 21447
0.14150000 0.14148400 11601.91411472 0 72.14926154 0 3581.93029581 0 356.65065473 0 -57.94047927 0 21771
0.14250000 0.14249400 11457.08810609 0 49.17994515 0 3376.97049109 0 530.93015461 0 234.70006918 0 22470
0.14350000 0.14350900 11400.06563328 0 178.11163150 0 3173.83761997 0 485.18041569 0 424.03239465 0 22519
0.14450000 0.14449900 11197.22064260 0 210.98647112 0 2836.36423182 0 163.72425263 0 336.06941736 0 22218
0.14550000 0.14550500 10996.57904456 0 125.50923075 0 3164.68080734 0 131.60454556 0 492.78156668 0 23559
0.14650000 0.14650700 10921.12115092 0 247.77869926 0 3081.60515423 0 -175.90602439 0 123.02570829 0 23044
0.14750000 0.14750500 10850.54615253 0 228.58925311 0 3032.57689993 0 -409.19326493 0 19.03631589 0 23649
0.14850000 0.14849900 10519.05181978 0 270.45260602 0 3392.15064841 0 -524.02656009 0 -28.31647421 0 23640
0.14950000 0.14949500 10491.07205497 0 158.17812513 0 3407.87334966 0 -10.57278581 0 55.31345948 0 24457
0.15050000 0.15050000 10351.37253273 0 63.67583280 0 3525.68288573 0 292.06246237 0 -222.20827232 0 24591
0.15150000 0.15149900 10316.69401140 0 62.42100623 0 3124.42183430 0 250.43384275 0 -304.74027429 0 25020
0.15250000 0.15250500 10193.37045757 0 86.48592916 0 3067.88654378 0 541.55737197 0 -119.56228509 0 25297
0.15350000 0.15350100 10097.11873792 0 158.82917783 0 2990.90066931 0 497.81172385 0 333.75640871 0 25452
0.15450000 0.15450400 9817.27680045 0 127.96507239 0 2793.86864916 0 590.30660368 0 443.50086338 0 26061
0.15550000 0.15549900 9888.05110069 0 45.98580088 0 2819.16891137 0 400.58010345 0 397.88177789 0 26128
0.15650000 0.15649500 9681.61867677 0 144.61231276 0 2643.66149067 0 202.87045702 0 593.16547795 0 26331
0.15750000 0.15749700 9566.04575032 0 225.04610917 0 2744.99540741 0 -230.03197704 0 506.46253123 0 27345
0.15850000 0.15849900 9325.25590249 0 408.46249149 0 2778.41168372 0 -357.97490478 0 456.35472526 0 26980
0.15950000 0.15949700 9133.30607943 0 242.91130527 0 3112.91768881 0 -222.71427756 0 893.03503655 0 27777
0.16050000 0.16050000 8954.62090151 0 102.39287389 0 2855.45291981 0 32.07696789 0 698.23187539 0 28224
0.16150000 0.16150500 8975.94619911 0 -33.67204701 0 3078.74849442 0 344.12342643 0 498.43288127 0 28075
0.16250000 0.16249700 8917.50646872 0 165.69401921 0 2681.62849248 0 49.09280595 0 484.32895391 0 28590
0.16350000 0.16349900 8984.00685158 0 68.12015326 0 2872.61502327 0 52.78243675 0 361.48151005 0 29163
0.16450000 0.16449100 8776.66649702 0 45.37970182 0 2786.59413176 0 -62.43894339 0 313.56713163 0 28996
0.16550000 0.16550500 8822.62771734 0 74.82666040 0 2953.06653541 0 -99.84048157 0 120.16683402 0 30777
0.16650000 0.16650700 8804.77912974 0 -2.26613950 0 3090.62909895 0 23.92264356 0 282.68420325 0 29211
0.16750000 0.16749900 8900.41079920 0 14.99303504 0 2891.12795037 0 -88.59266040 0 71.32570202 0 30922
0.16850000 0.16850800 8724.60442572 0 107.98860540 0 2843.41730273 0 -68.78748228 0 127.27748102 0 30867
0.16950000 0.16949900 8785.24754876 0 126.22561017 0 3000.65538748 0 64.62949214 0 -60.58654345 0 30852
0.17050000 0.17049200 8697.98655686 0 35.40818754 0 2957.07471699 0 257.43708820 0 238.81897401 0 31257
0.17150000 0.17149500 8585.77961715 0 220.38244596 0 2912.55289890 0 223.68642768 0 293.29149042 0 32608
0.17250000 0.17250900 8457.78354224 0 99.77083665 0 2736.89046565 0 177.92008028 0 256.83032480 0 32361
0.17350000 0.17350400 8469.14374751 0 70.67907825 0 2599.00680468 0 61.56267961 0 325.38462391 0 32508
0.17450000 0.17449800 8293.71383308 0 156.55160061 0 2597.34595596 0 107.30400356 0 514.66158776 0 32791
0.17550000 0.17549800 8345.25550511 0 93.77140817 0 2565.34693723 0 -28.06623967 0 284.13578503 0 33633
0.17650000 0.17650100 8180.17821439 0 146.38831366 0 2705.93224545 0 -63.39526009 0 314.47616950 0 33984
0.17750000 0.17750300 8108.25239237 0 155.38014865 0 2819.93290179 0 71.63539494 0 63.30502064 0 34069
0.17850000 0.17849800 7876.67471879 0 194.66475710 0 2589.69497951 0 30.16289510 0 283.38618864 0 34536
0.17950000 0.17950400 7830.96816194 0 158.04636446 0 2602.27314050 0 -9.34034748 0 14.55767123 0 35343
0.18050000 0.18050100 7607.01932015 0 130.40873448 0 2619.65669047 0 294.68328165 0 140.54323339 0 34990
0.18150000 0.18150500 7570.17062316 0 40.83384815 0 2321.61185100 0 154.26295107 0 -41.84331200 0 36243
0.18250000 0.18250200 7565.84134415 0 12.84456113 0 2218.22955417 0 175.76319140 0 128.50540185 0 35694
0.18350000 0.18350400 7575.67356859 0 -37.59054276 0 2011.92999815 0 153.96510553 0 -99.67816129 0 37087
0.18450000 0.18450600 7551.48053886 0 79.05451691 0 2120.56057694 0 274.16072760 0 -46.03352260 0 36651
0.18550000 0.18550700 7491.61247857 0 73.70226582 0 1964.62902652 0 -20.54004832 0 38.46326340 0 37818
0.18650000 0.18651000 7391.28614339 0 129.71782141 0 2053.49550552 0 164.53474681 0 216.40748135 0 37267
0.18750000 0.18750100 7362.89670255 0 71.05210487 0 2055.76533210 0 72.23119674 0 394.28327233 0 38334
0.18850000 0.18850000 7304.08051312 0 64.14563154 0 2143.48028932 0 250.98081559 0 488.87635772 0 38223
0.18950000 0.18949500 7316.01647927 0 42.27568628 0 2098.75916937 0 -135.59833312 0 520.15346087 0 39064
0.19050000 0.19050000 7224.13832793 0 191.59772313 0 2165.87960243 0 -193.81218809 0 391.34357009 0 39609
0.19150000 0.19149800 7160.33959232 0 206.27741137 0 2064.44603476 0 -131.07971737 0 411.51291698 0 39576
0.19250000 0.19250400 6967.76971907 0 0.34861990 0 2002.15313533 0 93.86264412 0 393.76508753 0 40909
0.19350000 0.19350500 7067.57565499 0 -42.54884054 0 1930.19409634 0 336.60310342 0 207.20084326 0 40191
0.19450000 0.19450100 7140.17688883 0 -78.11835185 0 1661.45770066 0 408.47577828 0 44.45128739 0 41232
0.19550000 0.19549800 6973.60483425 0 57.32972983 0 1416.77039449 0 392.80622420 0 77.10589847 0 40873
0.19650000 0.19649700 7055.99400323 0 109.04069771 0 1349.30671937 0 243.10174925 0 207.86075382 0 42816
0.19750000 0.19750200 6872.82453375 0 33.82263062 0 1308.09552640 0 125.58784426 0 327.21155751 0 41727
0.19850000 0.19849000 6874.26393598 0 114.24646194 0 1349.35100867 0 68.58696247 0 436.33596199 0 42610
0.19950000 0.19949900 6846.11808629 0 102.78461274 0 1299.13801562 0 -33.84366804 0 377.38579742 0 43863
0.20050000 0.20050100 6674.70742577 0 150.72423606 0 1606.22894447 0 -265.32944133 0 666.53956006 0 43302
0.20150000 0.20150100 6613.16744443 0 212.72925504 0 1648.54736992 0 -224.53124607 0 321.34876151 0 44487
0.20250000 0.20249700 6540.82087407 0 190.44177242 0 1835.09389847 0 -300.87935462 0 463.27603550 0 43759
0.20350000 0.20349100 6433.74042075 0 76.18091645 0 1877.34588998 0 -256.38743180 0 369.07712488 0 45282
0.20450000 0.20449700 6442.46541270 0 -11.42265318 0 2007.22426010 0 15.33406264 0 278.92293451 0 45483
0.20550000 0.20549900 6398.66329572 0 -8.37759777 0 1930.34910888 0 69.16670940 0 181.11001706 0 46138
0.20650000 0.20650200 6468.07570001 0 18.53230367 0 1810.62406062 0 150.49503894 0 60.65497042 0 46227
0.20750000 0.20749300 6380.77041881 0 118.11402500 0 1858.86617985 0 89.02891000 0 80.90525600 0 46236
0.20850000 0.20850300 6333.14834977 0 180.29841565 0 1774.27361824 0 -5.15256172 0 201.32697494 0 48361
0.20950000 0.20950400 6181.34677651 0 81.92202759 0 1794.08200734 0 206.79338171 0 449.35258705 0 46812
0.21050000 0.21050300 6156.15723754 0 -1.62026865 0 1625.79374242 0 233.40349994 0 392.75418427 0 48813
0.21150000 0.21149700 6126.78235980 0 -2.16978813 0 1457.72692400 0 382.02288706 0 329.01413199 0 47215
0.21250000 0.21249000 6179.73021708 0 10.36379568 0 1309.32455445 0 342.00750516 0 427.44267069 0 50004
0.21350000 0.21350300 6177.51575212 0 -32.47147483 0 1183.38793197 0 131.07418120 0 444.51176663 0 49509
0.21450000 0.21449800 6109.77526888 0 119.99521299 0 1060.03226840 0 -17.73310326 0 334.73298775 0 49660
0.21550000 0.21550100 6009.54858462 0 198.09385610 0 1094.22028574 0 -99.99704424 0 365.94254972 0 50841
0.21650000 0.21649800 5938.67463346 0 163.64342466 0 1082.29760637 0 -116.24169488 0 412.63675795 0 50424
0.21750000 0.21750300 5772.78906302 0 99.45748985 0 1146.36207777 0 -77.26378982 0 366.41533799 0 52231
0.21850000 0.21850300 5736.82615201 0 46.81965767 0 1160.01425428 0 16.03770888 0 390.04035746 0 51078
0.21950000 0.21950100 5759.08152490 0 40.10916449 0 1281.03476454 0 10.06720132 0 155.16313108 0 52791
0.22050000 0.22050700 5663.98132703 0 108.41046098 0 1283.62568855 0 -89.53657609 0 183.37320025 0 52969
0.22150000 0.22150000 5616.89072958 0 108.76455393 0 1380.04349307 0 -32.60290332 0 230.22684995 0 52704
0.22250000 0.22250100 5577.86078459 0 94.58123800 0 1393.33028285 0 -57.06764790 0 260.36682534 0 54051
0.22350000 0.22349900 5462.26571348 0 71.21365009 0 1441.12950910 0 -21.65071323 0 273.88724118 0 53938
0.22450000 0.22449800 5471.03499474 0 70.79755212 0 1294.74230267 0 138.33098289 0 -7.69056001 0 54735
0.22550000 0.22549100 5453.70680640 0 7.66922364 0 1345.32068244 0 192.55990815 0 240.38792244 0 54774
0.22650000 0.22649900 5441.57153840 0 13.07298319 0 1084.12564720 0 213.64050738 0 170.91683483 0 56911
0.22750000 0.22749800 5436.24575016 0 20.89159464 0 1031.19882733 0 189.33343270 0 178.61874397 0 54879
0.22850000 0.22849100 5433.11228224 0 -4.72447242 0 827.43594093 0 76.31245567 0 161.37913423 0 57210
0.22950000 0.22949800 5468.89803605 0 17.67796308 0 877.07760202 0 53.93406925 0 200.15995191 0 57375
0.23050000 0.23049600 5392.94188779 0 108.55451192 0 843.27379435 0 -87.12579881 0 67.94565342 0 57604
0.23150000 0.23150100 5382.45639619 0 128.84310775 0 922.02016846 0 -38.85721672 0 141.11124365 0 58629
0.23250000 0.23250200 5209.78349064 0 108.12457355 0 878.74620137 0 -40.83750201 0 302.34754489 0 58560
0.23350000 0.23350400 5235.83667094 0 12.86039455 0 883.41097182 0 126.76926131 0 214.24948524 0 59305
0.23450000 0.23449700 5165.64920392 0 8.60029543 0 757.64264867 0 283.52680717 0 137.39315698 0 59196
0.23550000 0.23549300 5160.17947546 0 124.28795332 0 801.93637687 0 32.42895710 0 37.96467661 0 60063
0.23650000 0.23649900 4973.95404433 0 185.96523149 0 593.01157264 0 64.61100135 0 216.14174555 0 61537
0.23750000 0.23750400 4847.08734656 0 152.96416737 0 744.78767955 0 -69.42159432 0 242.51602327 0 61224
0.23850000 0.23850100 4834.89671693 0 53.41311637 0 782.23981825 0 -44.88399384 0 305.21306256 0 61221
0.23950000 0.23949400 4777.38706183 0 24.07898478 0 811.30688537 0 3.98029040 0 139.20901825 0 62332
0.24050000 0.24050100 4806.23046798 0 72.07784504 0 791.86499022 0 -30.33695205 0 281.66887106 0 63447
0.24150000 0.24150500 4822.52893011 0 -1.42676870 0 832.24354437 0 -18.28339780 0 417.48311452 0 63342
0.24250000 0.24250300 4805.72114104 0 -26.67455917 0 761.15257564 0 66.96940654 0 155.14098643 0 63379
0.24350000 0.24349600 4866.43069802 0 45.06901239 0 765.69333604 0 51.90528718 0 319.65801751 0 64266
0.24450000 0.24449500 4817.80104741 0 39.65387049 0 706.16519612 0 111.71975742 0 115.82980439 0 64695
0.24550000 0.24549600 4745.60948960 0 95.20062385 0 582.98226082 0 40.29960847 0 246.99699312 0 65947
0.24650000 0.24650000 4733.88389761 0 63.13993228 0 642.37974731 0 -84.46356903 0 9.30519285 0 66018
0.24750000 0.24750000 4698.55210912 0 31.91675135 0 648.02774020 0 -51.79854997 0 84.47441991 0 66303
0.24850000 0.24849600 4646.96614779 0 92.10878787 0 654.95790830 0 -54.50097229 0 79.39432656 0 66958
0.24950000 0.24949200 4626.02838156 0 29.12984720 0 662.14052541 0 86.67294072 0 165.09832814 0 66975
0.25050000 0.25048900 4638.35187908 0 -51.39994627 0 726.99666804 0 229.34549290 0 204.32536051 0 68676
0.25150000 0.25150000 4683.26122854 0 41.91583573 0 594.13652084 0 104.91858190 0 93.52073073 0 69349
0.25250000 0.25249900 4636.24813736 0 128.61612509 0 584.24893478 0 -6.75472712 0 85.53548080 0 68592
0.25350000 0.25349900 4524.48409064 0 143.94686604 0 522.11104789 0 -125.69303134 0 140.79125346 0 70437
0.25450000 0.25450100 4448.14041102 0 59.62823374 0 481.48668813 0 -52.06472866 0 154.46778908 0 70099
0.25550000 0.25550100 4424.93281820 0 -3.64409033 0 541.49093802 0 52.87123680 0 73.40696691 0 71064
0.25650000 0.25650300 4461.72615357 0 39.66737873 0 464.23600607 0 51.15569079 0 -47.29089581 0 71409
0.25750000 0.25750600 4415.80922255 0 47.60557128 0 401.43156523 0 3.10534422 0 -53.05038701 0 72612
0.25850000 0.25850600 4403.00961506 0 100.57645900 0 379.09425714 0 38.40258706 0 -11.22036180 0 71845
0.25950000 0.25949600 4334.88160045 0 15.44345721 0 387.38189227 0 7.80526930 0 -4.92395143 0 72816
0.26050000 0.26049800 4292.98392334 0 13.31635289 0 379.77963405 0 80.43069616 0 -52.56918377 0 73743
0.26150000 0.26149900 4355.93008993 0 20.06105955 0 343.58198975 0 90.14865421 0 -14.74158254 0 74662
0.26250000 0.26250300 4337.84898350 0 24.21251702 0 323.02178979 0 -17.33184221 0 67.73361840 0 74931
0.26350000 0.26350100 4384.31953076 0 61.12133674 0 341.13389873 0 -10.90775685 0 77.95481361 0 75087
0.26450000 0.26450200 4330.72947864 0 56.72695247 0 424.16083362 0 -35.94442023 0 149.49077907 0 76678
0.26550000 0.26550600 4333.30933032 0 63.07017663 0 428.93522008 0 4.80352882 0 136.23167010 0 76035
0.26650000 0.26650100 4272.26760360 0 87.66767839 0 418.28142914 0 15.78836013 0 232.25862156 0 77094
0.26750000 0.26750600 4194.77240219 0 89.23131210 0 484.71869975 0 101.41175518 0 260.32142881 0 78463
0.26850000 0.26850100 4161.06824545 0 67.19583558 0 472.06081802 0 101.58669792 0 430.71564991 0 77076
0.26950000 0.26949700 4090.20536661 0 47.35245794 0 433.94876876 0 187.73126730 0 374.86020013 0 79149
0.27050000 0.27049900 4086.78401824 0 53.03499648 0 397.41674025 0 32.47136410 0 445.56474472 0 79648
0.27150000 0.27150200 4055.06180763 0 55.96285133 0 416.04924846 0 -3.10204467 0 518.48153982 0 80241
0.27250000 0.27250500 4050.17891239 0 37.55588638 0 350.71921033 0 1.88770959 0 709.34627504 0 80835
0.27350000 0.27350000 4032.96144729 0 78.47189118 0 499.50357508 0 -84.94300069 0 622.77508898 0 80680
0.27450000 0.27450400 4004.33948764 0 48.83149908 0 485.61002190 0 -70.04164451 0 691.57630094 0 82617
0.27550000 0.27550800 3947.17307460 0 99.10904379 0 598.62524132 0 -9.91836713 0 485.55355304 0 82548
0.27650000 0.27649900 3889.92915529 0 80.52602888 0 523.74200134 0 10.31348304 0 467.19785296 0 81181
0.27750000 0.27748900 3844.34439401 0 35.52976166 0 544.18151295 0 12.16007001 0 330.57975872 0 84096
0.27850000 0.27849800 3850.23487081 0 0.52000731 0 457.14750372 0 1.13305314 0 252.79999856 0 85215
0.27950000 0.27950200 3852.07287673 0 47.94028766 0 479.54681683 0 -37.35658454 0 154.36149476 0 84514
0.28050000 0.28050300 3830.84723005 0 54.18607537 0 372.73874269 0 -75.14410395 0 139.70173670 0 85815
0.28150000 0.28150100 3794.71823417 0 21.34910310 0 324.05705216 0 64.64909015 0 148.54520253 0 85485
0.28250000 0.28250000 3812.58896643 0 21.10141519 0 312.90832830 0 33.86559124 0 47.72924915 0 87220
0.28350000 0.28350400 3778.90695433 0 23.56589325 0 314.57803489 0 52.92947722 0 -9.01936078 0 87147
0.28450000 0.28449700 3726.11410959 0 121.90740349 0 298.17992183 0 69.62200340 0 -13.37935442 0 87102
0.28550000 0.28549800 3653.56823738 0 122.10227640 0 243.40180926 0 -98.95857090 0 54.63372946 0 88971
0.28650000 0.28649900 3604.03065614 0 45.21793516 0 272.64049740 0 -22.20344368 0 121.17663005 0 89434
0.28750000 0.28750100 3571.27871933 0 -5.71011970 0 268.80725855 0 37.07125073 0 25.45383536 0 89619
0.28850000 0.28849900 3669.19128770 0 0.33497326 0 317.01394635 0 -14.62753759 0 -5.04157273 0 90240
0.28950000 0.28950100 3580.21408546 0 55.06798604 0 287.33679414 0 -71.52234651 0 -155.97030356 0 91333
0.29050000 0.29050500 3605.66936022 0 134.96610338 0 394.11275852 0 -173.58083618 0 -64.72183533 0 92139
0.29150000 0.29150600 3524.97425694 0 86.31386523 0 447.25881042 0 -70.35144816 0 22.24961528 0 92370
0.29250000 0.29250200 3483.58590677 0 65.51549957 0 469.76995401 0 82.00097327 0 12.12585653 0 91819
0.29350000 0.29349600 3500.79229954 0 -43.65330494 0 419.70643734 0 77.24928507 0 56.50207355 0 93552
0.29450000 0.29450000 3527.49874700 0 25.08579128 0 373.26467812 0 151.48379754 0 10.46239473 0 94701
0.29550000 0.29550200 3541.08448955 0 28.92633787 0 306.42658936 0 179.60528812 0 58.21562654 0 95020
0.29650000 0.29650300 3462.95816563 0 57.74848515 0 223.37308089 0 43.67866056 0 181.19527396 0 95151
0.29750000 0.29749800 3501.86631504 0 70.95156816 0 184.58451259 0 91.35232664 0 258.60521846 0 95802
0.29850000 0.29850000 3442.05361637 0 -1.26106029 0 118.27678818 0 90.58113922 0 317.69157263 0 97399
0.29950000 0.29950700 3436.81640673 0 14.32282722 0 100.22103737 0 75.08220966 0 238.93634066 0 97881
0.30050000 0.30050300 3486.06610753 0 35.15961385 0 79.93554180 0 -43.11541140 0 239.92509926 0 97188
0.30150000 0.30149700 3423.21959186 0 78.42560886 0 83.17452897 0 -65.52203224 0 166.24874269 0 98263
0.30250000 0.30249700 3381.89767563 0 107.62344013 0 82.34344027 0 -46.50697521 0 236.98650426 0 100050
0.30350000 0.30350600 3295.86571179 0 60.98979752 0 116.54729104 0 20.15008104 0 194.02699119 0 100779
0.30450000 0.30450500 3279.16864597 0 16.06107149 0 19.47455851 0 120.54218584 0 158.09840439 0 99982
0.30550000 0.30550300 3311.66591931 0 -7.67835831 0 27.82973482 0 82.50421043 0 40.31987083 0 101559
0.30650000 0.30649700 3295.10172138 0 7.83167679 0 -69.32338280 0 33.56220954 0 24.41536201 0 100935
0.30750000 0.30749800 3286.48745267 0 55.82544378 0 -37.42191125 0 -18.09948649 0 53.54233040 0 103762
0.30850000 0.30850200 3258.46339855 0 90.28030415 0 -43.53782059 0 -62.43008553 0 72.48386719 0 102951
0.30950000 0.30950100 3172.08819264 0 111.89691462 0 85.33374304 0 -98.01686967 0 83.67765541 0 104394
0.31050000 0.31050000 3176.45068862 0 57.19664049 0 121.10465994 0 -80.49270118 0 171.42505454 0 103963
0.31150000 0.31149700 3093.64077130 0 83.16046712 0 221.66462117 0 -70.64563983 0 170.93455055 0 105936
0.31250000 0.31250000 3117.49055896 0 29.33435304 0 278.95061532 0 -68.03035670 0 125.60113105 0 105717
0.31350000 0.31349800 3113.24985856 0 21.14681172 0 306.20625009 0 -26.38966825 0 199.10143766 0 106776
0.31450000 0.31450400 3115.15429843 0 40.47322253 0 323.93082766 0 22.86756172 0 131.20372740 0 108733
0.31550000 0.31549900 3108.94272420 0 39.90399431 0 317.83772731 0 2.29666590 0 167.86419488 0 105891
0.31650000 0.31650000 3100.64955291 0 40.35153768 0 257.54670421 0 101.67184409 0 82.51749722 0 111072
0.31750000 0.31750600 3066.75716664 0 45.37737663 0 206.75573580 0 45.83289208 0 116.26826846 0 108121
0.31850000 0.31849900 3041.29081956 0 27.17358885 0 191.39509958 0 32.13731206 0 72.17284559 0 110484
0.31950000 0.31950100 3027.66078771 0 49.58563513 0 105.66873191 0 56.83922584 0 59.42472441 0 110817
0.32050000 0.32049800 2977.15991421 0 65.64836747 0 89.68560958 0 38.26041841 0 78.00707498 0 111088
0.32150000 0.32149900 2977.99033857 0 47.47392134 0 20.98792386 0 102.77320824 0 162.59598273 0 112635
0.32250000 0.32250100 2953.59800700 0 3.36882126 0 -19.31456341 0 109.35116569 0 178.28546700 0 113202
0.32350000 0.32350400 2954.06304464 0 11.02571033 0 -73.35459482 0 61.30978771 0 196.53708723 0 113863
0.32450000 0.32450300 2951.32818041 0 37.94640728 0 -42.70872491 0 17.72380251 0 235.52274291 0 114045
0.32550000 0.32549900 2960.96110300 0 38.24679945 0 -73.16171492 0 29.13372251 0 290.83786324 0 114828
0.32650000 0.32650300 2928.22023851 0 51.66701075 0 -92.19138741 0 -17.73398905 0 356.32512838 0 116431
0.32750000 0.32750400 2935.55011754 0 5.74168690 0 -92.68322008 0 24.27795446 0 297.33178175 0 116442
0.32850000 0.32850400 2928.68527616 0 32.01164118 0 -90.10757588 0 58.31505602 0 244.00635819 0 116955
0.32950000 0.32949800 2919.87170560 0 46.46202157 0 -146.03399927 0 6.98178728 0 239.93174266 0 117028
0.33050000 0.33049700 2893.99568250 0 68.70853660 0 -167.48662860 0 2.30435010 0 201.55949377 0 119061
0.33150000 0.33150100 2854.32354267 0 48.98186126 0 -143.29359887 0 -50.72032698 0 255.77181054 0 120060
0.33250000 0.33250400 2858.89641282 0 39.74721019 0 -140.25203125 0 -2.28417632 0 186.66721689 0 119737
0.33350000 0.33350100 2813.38915782 0 45.09425729 0 -194.24511599 0 35.50595617 0 272.12895600 0 120531
0.33450000 0.33450000 2825.73479999 0 21.78878512 0 -205.13364022 0 85.68551080 0 229.03878950 0 121704
0.33550000 0.33550300 2823.23245458 0 18.55068372 0 -215.07437344 0 24.20199831 0 246.67257401 0 122761
0.33650000 0.33650300 2818.26098074 0 42.89629009 0 -186.12135127 0 16.90688638 0 125.36971946 0 122472
0.33750000 0.33749900 2784.14714797 0 85.17086914 0 -187.73901793 0 -115.98924587 0 177.03207983 0 122985
0.33850000 0.33849800 2740.81006863 0 96.26445282 0 -217.69851442 0 -84.52967081 0 247.11878870 0 125380
0.33950000 0.33950300 2705.11289342 0 60.13302103 0 -143.42535954 0 -47.65639325 0 196.21377534 0 125223
0.34050000 0.34050000 2726.61534822 0 8.59785952 0 -133.31964868 0 20.79449035 0 201.16864070 0 125178
0.34150000 0.34149900 2705.68865431 0 28.44214510 0 -112.85467071 0 -30.78593482 0 129.56613056 0 127059
0.34250000 0.34250300 2707.36057536 0 60.40750396 0 -124.57583377 0 13.09723158 0 197.77940207 0 127957
0.34350000 0.34349800 2666.38190120 0 50.33589586 0 -137.84047890 0 -20.52554358 0 108.04795306 0 126732
0.34450000 0.34449700 2681.94958990 0 11.86598906 0 -137.34554598 0 58.11553272 0 240.01589233 0 129639
0.34550000 0.34550000 2665.40753662 0 16.41582878 0 -139.69620054 0 58.14133124 0 119.82137749 0 129826
0.34650000 0.34650400 2662.62838309 0 42.19928724 0 -135.25730552 0 23.73983947 0 182.46637685 0 130875
0.34750000 0.34750200 2641.50238733 0 52.57704512 0 -140.83222107 0 -34.29464383 0 160.70150795 0 130686
0.34850000 0.34850200 2628.31524848 0 48.70162071 0 -167.93062883 0 -24.70900007 0 123.29365855 0 132211
0.34950000 0.34950400 2586.36220974 0 89.00488305 0 -106.61032241 0 -85.91138622 0 230.95873062 0 132768
0.35050000 0.35050300 2574.86913658 0 56.05010125 0 -107.85518389 0 -75.78098408 0 117.28802957 0 132957
0.35150000 0.35150100 2544.94064259 0 28.33230764 0 -75.76304691 0 24.69504894 0 184.57011856 0 133987
0.35250000 0.35249800 2544.79670237 0 42.06531211 0 -43.96333003 0 -21.23350803 0 102.16068723 0 134778
0.35350000 0.35349800 2517.40377077 0 49.12812667 0 -68.53636195 0 41.38259256 0 84.59333668 0 135699
0.35450000 0.35450100 2538.38582630 0 39.57702856 0 -90.95040125 0 5.31799332 0 60.46286558 0 137380
0.35550000 0.35550100 2506.85184522 0 -3.89429165 0 -147.61734171 0 17.59281690 0 104.20198104 0 136161
0.35650000 0.35649900 2518.95389624 0 28.39597351 0 -89.18104374 0 14.25838629 0 129.57498842 0 138792
0.35750000 0.35750000 2527.63459890 0 45.23044688 0 -165.92985973 0 1.41714685 0 90.40187828 0 138097
0.35850000 0.35849800 2514.62461724 0 49.73765815 0 -159.33850477 0 -20.66715861 0 126.52677740 0 140028
0.35950000 0.35950300 2482.89133431 0 52.94376052 0 -188.64141240 0 -37.29491169 0 139.15365662 0 141099
0.36050000 0.36050500 2465.12025297 0 47.33529583 0 -86.56919304 0 -23.25841479 0 74.77827434 0 140821
0.36150000 0.36150200 2428.33798993 0 64.19778219 0 -111.80944325 0 -72.21148800 0 15.25257033 0 141756
0.36250000 0.36250400 2434.98138482 0 62.01675565 0 -125.04197864 0 -30.15968413 0 18.40364325 0 142971
0.36350000 0.36349900 2403.23702956 0 26.00900172 0 -136.20177483 0 -23.33237792 0 -15.50258343 0 142270
0.36450000 0.36450000 2400.83433508 0 7.24874103 0 -107.12197454 0 38.95797487 0 -25.55835810 0 145311
0.36550000 0.36550300 2424.39624229 0 21.10185809 0 -182.49073596 0 67.56011507 0 -56.64712100 0 145434
0.36650000 0.36650100 2402.32909893 0 33.40066432 0 -176.16400956 0 95.90393793 0 -29.22407268 0 144547
0.36750000 0.36749600 2405.20790338 0 29.97067954 0 -242.31339973 0 41.21495757 0 63.08778163 0 146892
0.36850000 0.36849900 2380.95951203 0 68.66624032 0 -236.61890307 0 30.27904379 0 42.15355854 0 148113
0.36950000 0.36949900 2344.89695009 0 58.96555510 0 -232.81777396 0 13.35388807 0 116.48085709 0 147387
0.37050000 0.37049800 2295.54759838 0 76.96173680 0 -242.47173397 0 -13.07586199 0 95.46558459 0 149758
0.37150000 0.37150100 2271.06668820 0 73.79139803 0 -200.52201693 0 -33.52799606 0 156.16628371 0 150099
0.37250000 0.37250000 2234.88233069 0 50.70925465 0 -209.94456535 0 4.46644296 0 129.56834503 0 150468
0.37350000 0.37349800 2207.87693046 0 52.15175713 0 -216.84483818 0 13.57345227 0 144.58020302 0 150709
0.37450000 0.37449700 2188.05746904 0 57.83573507 0 -198.43599093 0 -5.35780940 0 108.78891304 0 153108
0.37550000 0.37550100 2187.17168305 0 28.02914739 0 -204.68631829 0 21.26019233 0 157.65329693 0 153189
0.37650000 0.37649900 2166.20069984 0 13.57644180 0 -244.87221399 0 6.63755978 0 195.08882714 0 153547
0.37750000 0.37749900 2183.34065866 0 35.52732575 0 -205.55660303 0 43.11463633 0 168.56285857 0 155424
0.37850000 0.37850200 2200.90136583 0 12.11411986 0 -256.02204508 0 58.20566145 0 203.99761969 0 155313
0.37950000 0.37949900 2178.78993316 0 18.16946358 0 -273.98024871 0 29.45703439 0 249.54916400 0 156100
0.38050000 0.38050000 2188.46714506 0 36.59923752 0 -266.90503315 0 -7.25133196 0 162.22173815 0 157557
0.38150000 0.38149800 2162.46932638 0 62.21749690 0 -296.30980617 0 -7.84942573 0 174.72571457 0 157692
0.38250000 0.38250100 2133.58163093 0 52.52356580 0 -315.49925231 0 3.05303856 0 157.24362091 0 159703
0.38350000 0.38350500 2135.84038519 0 26.36641637 0 -310.54327972 0 -35.24941040 0 150.87592691 0 160338
0.38450000 0.38450600 2124.79020502 0 37.52942353 0 -286.99465930 0 -45.14131467 0 71.14345155 0 160167
0.38550000 0.38550000 2117.23887950 0 44.92141830 0 -302.16706600 0 -29.43710421 0 78.75002798 0 160033
0.38650000 0.38649600 2088.16295452 0 50.78720382 0 -317.38486923 0 -11.55507818 0 156.41208932 0 162444
0.38750000 0.38750200 2111.30411339 0 23.72655268 0 -274.73205956 0 38.22454408 0 129.10552185 0 164307
0.38850000 0.38850400 2098.58201218 0 2.78297348 0 -309.71396259 0 109.78320781 0 194.19639776 0 163882
0.38950000 0.38950500 2103.56455835 0 41.60846799 0 -324.50548132 0 94.56208288 0 168.04356654 0 164595
0.39050000 0.39050100 2111.49234292 0 24.37605526 0 -351.47434288 0 57.75889314 0 258.65836562 0 165006
0.39150000 0.39150100 2075.21940681 0 78.53599994 0 -379.81727995 0 3.99459584 0 279.13330868 0 166687
0.39250000 0.39250100 2034.88292750 0 75.23124315 0 -362.57988467 0 -39.23157202 0 346.88597148 0 167256
0.39350000 0.39350100 2010.16949850 0 33.50363695 0 -368.76377809 0 2.57048450 0 424.64469421 0 167937
0.39450000 0.39449600 2024.77389494 0 40.69721566 0 -373.47948123 0 16.26203418 0 352.75319640 0 167719
0.39550000 0.39549700 2028.87065512 0 11.56781135 0 -373.75407488 0 -21.09654337 0 380.89461716 0 171636
0.39650000 0.39650400 2024.36421892 0 29.12220729 0 -367.25683468 0 -51.50911940 0 340.80837238 0 171093
0.39750000 0.39750000 2044.56013939 0 20.27962724 0 -336.13142238 0 -49.76013497 0 344.35262356 0 170464
0.39850000 0.39849800 2040.24193271 0 32.29276750 0 -288.85813157 0 -53.56170697 0 313.65460300 0 172113
0.39950000 0.39949500 2065.97401559 0 31.01457833 0 -235.24814926 0 -63.37134387 0 331.99258736 0 173232
