### header ###
fiducial parameters:
Omega_m = 0.31
Omega_nu = 0
Omega_de = 0.69
Omega_k = 0
H_0 = 100
w_de = -1
zeff = 0
beta = 0
fgrowth = 0
b_1 = 2
gamma = 0.55
Lx = 3500 Ly = 3500 Lz = 3500
nx = 700 ny = 700 nz = 700
xoffset = -685.467585 yoffset = -31.7331281 zoffset = 572.489161
bins = 400 dk = 0.001
kx_ny = 0.628318531 ky_ny = 0.628318531 kz_ny = 0.628318531
############################
A(data) = 8.06955373 (not used)
A(ran) = 8.06984183 (used)
Ngal = 479214
weighted Ngal = 0
Nran = 23820508
weighted Nran = 0
SN(data) = 3488.9471
SN(ran) = 70.291249
SN(data+ran) = 3559.23835
############################
13 columns: k_central k_mean P_0(k) sigma^{lin}_{P_0(k)} P^img_1(k) sigma^{lin}_{P_1(k)} P_2(k) sigma^{lin}_{P_2(k)} P^img_3(k) sigma^{lin}_{P_3(k)} P_4(k) sigma^{lin}_{P_4(k)} N_modes
### header ###
0.00050000 0 0 0 0 0 0 0 0 0 0 0 0
0.00150000 0.00179520 29564.98956100 0 -22228.24568967 0 13672.88174880 0 -47487.54029845 0 -32143.73401127 0 3
0.00250000 0.00253879 46263.05189676 0 -14895.82002502 0 11000.39899662 0 18322.48310990 0 8562.36165016 0 6
0.00350000 0.00331552 51674.87209837 0 -1216.81528059 0 37473.06539298 0 -24549.11569491 0 80592.90572022 0 7
0.00450000 0.00420575 55311.02356881 0 6758.05988701 0 39641.69093196 0 13178.28099915 0 25825.42257676 0 24
0.00550000 0.00557378 66965.97411941 0 -8544.91166624 0 54067.04787544 0 33456.35811852 0 -6892.33397009 0 45
0.00650000 0.00659388 88090.97336416 0 -12769.82293659 0 29778.35326026 0 55451.64209401 0 43888.37039290 0 40
0.00750000 0.00754703 80042.61117673 0 -7750.25091401 0 27445.19297448 0 35497.43047559 0 7059.83609994 0 57
0.00850000 0.00846663 87422.64783810 0 10024.42892548 0 2428.33798993 0 25341.00836594 0 -326.81627551 0 75
0.00950000 0.00948925 86246.54549587 0 -5780.58397969 0 15701.88527182 0 -4690.23679318 0 -20919.49689611 0 112
0.01050000 0.01054430 78995.94431162 0 -1082.13041427 0 -23243.68859879 0 1125.49074549 0 7158.18048898 0 105
0.01150000 0.01145670 78764.42199967 0 -4997.13949250 0 -15437.47815515 0 -8775.06100992 0 -11456.09159686 0 144
0.01250000 0.01249090 87538.02146271 0 -9276.42695004 0 -26636.47036972 0 3381.42156567 0 -30625.16466239 0 169
0.01350000 0.01339930 93619.16369961 0 -1876.72583979 0 -17217.24364650 0 -20044.45106569 0 -39993.45869145 0 180
0.01450000 0.01448870 75985.48991668 0 17743.06835214 0 -21352.64624301 0 -21515.29869460 0 -10723.29192339 0 267
0.01550000 0.01550050 69988.27590191 0 4025.90837638 0 -12901.25143219 0 -22068.36131929 0 764.26168444 0 238
0.01650000 0.01653350 71193.49845842 0 -2917.14791370 0 11230.54834030 0 -5761.69459355 0 -20268.00130378 0 315
0.01750000 0.01747870 74008.19415057 0 7745.17978924 0 22396.10213392 0 -24118.18081297 0 10727.21152637 0 297
0.01850000 0.01844180 70612.09068219 0 11374.59928620 0 31342.87275713 0 -7408.74719963 0 -2456.14059755 0 388
0.01950000 0.01947590 64198.77870074 0 -2774.70245490 0 32910.82467470 0 -6844.03648923 0 12031.63104093 0 399
0.02050000 0.02045430 72504.90460994 0 -1126.91907539 0 44772.60625292 0 12610.04928946 0 -2079.82549393 0 462
0.02150000 0.02154770 72784.25936512 0 -2878.64944030 0 36644.85549654 0 18035.70989709 0 5102.84697755 0 571
0.02250000 0.02255340 74522.61436164 0 218.72934786 0 36634.11534147 0 16765.93568689 0 9439.41157137 0 510
0.02350000 0.02348930 76036.64405735 0 278.89414646 0 15007.87195219 0 9964.92625191 0 4063.10031545 0 555
0.02450000 0.02439640 73386.70455850 0 -2579.27592185 0 21795.98212875 0 7428.87668615 0 5645.86700363 0 592
0.02550000 0.02547300 71981.40509252 0 3757.09447444 0 17720.59153275 0 -4782.43604194 0 4873.88237262 0 837
0.02650000 0.02652900 72068.65501209 0 3367.10504968 0 23087.01520261 0 -1279.11925235 0 16541.27821632 0 723
0.02750000 0.02749970 65431.34989955 0 5189.38826833 0 30577.55366567 0 983.79377586 0 1108.46150992 0 826
0.02850000 0.02848090 65439.98631291 0 906.54216560 0 22399.86672436 0 4005.65709429 0 7805.80076762 0 831
0.02950000 0.02946900 66148.06148506 0 4108.04288189 0 23066.08850870 0 3259.17202734 0 -1492.50509625 0 996
0.03050000 0.03053250 60431.75235094 0 3991.03055321 0 24212.51702042 0 -4102.15240509 0 8852.89945340 0 1041
0.03150000 0.03150510 58137.34520202 0 1844.74896571 0 29533.65488177 0 -4282.87489078 0 813.71622325 0 1036
0.03250000 0.03246190 58234.89238367 0 1179.39082271 0 31785.32285689 0 -879.00529377 0 4227.12573531 0 1059
0.03350000 0.03345080 53300.28938174 0 2317.53723547 0 27841.13930999 0 4881.19010700 0 1397.67063418 0 1302
0.03450000 0.03451200 55627.58133538 0 -1400.95911465 0 31230.71010672 0 8004.94760181 0 3838.62000208 0 1339
0.03550000 0.03553350 56262.91133347 0 -4084.69134885 0 23500.89870433 0 12327.70500658 0 2671.95128059 0 1365
0.03650000 0.03647120 58510.37182516 0 1527.49364268 0 24551.55160637 0 7808.42490861 0 1092.72220019 0 1308
0.03750000 0.03744890 56316.94427858 0 4678.89873256 0 21823.99511054 0 -565.40494517 0 -217.32980601 0 1579
0.03850000 0.03847530 51326.42603632 0 5036.12514819 0 20315.83374700 0 -5307.68498669 0 3506.79349959 0 1662
0.03950000 0.03950240 46306.12324030 0 4741.84489916 0 21144.37581318 0 2962.05726316 0 5256.87408810 0 1683
0.04050000 0.04050350 44676.60919674 0 747.38856865 0 17701.43641082 0 4031.22309230 0 1024.91417577 0 1822
0.04150000 0.04152450 43337.96512617 0 -896.85388138 0 15662.02490247 0 3949.45397351 0 -4811.86628131 0 1887
0.04250000 0.04250150 44055.78394416 0 1472.01022301 0 14531.87270823 0 -3188.55273965 0 -3846.49242502 0 1920
0.04350000 0.04349210 42083.47072421 0 2541.27570308 0 17524.16849047 0 -659.24400524 0 -4697.10163457 0 2005
0.04450000 0.04448520 38814.14537501 0 2601.49807777 0 15856.12275654 0 -2276.55856131 0 -2424.61768879 0 2151
0.04550000 0.04548030 38388.41448574 0 1217.86715145 0 16573.27723505 0 1584.23930738 0 319.13761825 0 2274
0.04650000 0.04648670 39141.66474315 0 -566.96725020 0 19346.56243237 0 3812.17929041 0 -263.53793917 0 2311
0.04750000 0.04749250 38236.83435897 0 -301.16612783 0 18607.37402748 0 2743.32348637 0 -622.45731326 0 2568
0.04850000 0.04851840 39483.57813355 0 1353.60278140 0 18579.36104569 0 117.57812448 0 90.76516125 0 2493
0.04950000 0.04949480 36118.80934441 0 2888.63667729 0 16194.60372625 0 3008.02955581 0 533.23984157 0 2644
0.05050000 0.05050630 37028.62227476 0 285.22419456 0 16706.92019561 0 -1517.94929869 0 1396.13158103 0 2829
0.05150000 0.05149060 35203.01735866 0 -453.41059409 0 14269.23716353 0 2852.91735742 0 -3021.13918839 0 2784
0.05250000 0.05249300 34823.90095687 0 1120.80715209 0 13414.78585728 0 1152.72866454 0 -2482.82490036 0 3055
0.05350000 0.05348950 33867.69498553 0 906.50009076 0 12351.06761195 0 308.56576251 0 -4884.94362511 0 3009
0.05450000 0.05448610 33961.69902324 0 -292.38134532 0 12010.48290053 0 2547.49834962 0 -3238.68822643 0 3336
0.05550000 0.05550870 33665.07144135 0 -1248.53749120 0 11628.70914078 0 430.59385434 0 -4229.53950212 0 3349
0.05650000 0.05647670 35056.64122456 0 -1118.95807385 0 10487.10816268 0 2597.50096851 0 -3907.71130895 0 3324
0.05750000 0.05747970 36608.98116413 0 -1073.01346201 0 13886.79906430 0 1361.04338368 0 -1295.36235286 0 3639
0.05850000 0.05849280 37055.97091706 0 181.26281514 0 11900.20254534 0 137.19053343 0 -1078.21634744 0 3846
0.05950000 0.05951020 36238.61189895 0 1711.84785091 0 12195.72289475 0 1400.87053606 0 2782.99562619 0 3787
0.06050000 0.06049470 35106.57740949 0 1571.77186963 0 11293.54986852 0 -127.18890242 0 2741.52976975 0 3930
0.06150000 0.06148310 34218.35551254 0 1059.40003865 0 12919.52076814 0 1550.93375432 0 4717.85117128 0 4083
0.06250000 0.06249100 33084.10655812 0 1462.26657717 0 13516.98341536 0 -625.30843690 0 2448.10208973 0 4303
0.06350000 0.06350600 31921.84462190 0 667.62686236 0 12388.04917685 0 289.97090021 0 3402.07145145 0 4470
0.06450000 0.06451750 31347.19096381 0 -126.06838315 0 12991.15870972 0 405.27366194 0 3243.19466263 0 4479
0.06550000 0.06550280 32285.34904570 0 29.40322290 0 13468.70807915 0 1549.81544952 0 3104.56915590 0 4636
0.06650000 0.06648880 33643.59113120 0 -563.97772250 0 12939.45095281 0 359.76640694 0 969.22702533 0 4653
0.06750000 0.06749660 31299.57996709 0 1269.37560651 0 14157.73885261 0 -1201.46903840 0 4208.09240895 0 5220
0.06850000 0.06852730 32015.84865961 0 2257.01590801 0 13798.44191225 0 -1203.67243104 0 3167.84749224 0 5029
0.06950000 0.06949320 29321.50913824 0 579.95730168 0 14840.67984742 0 1349.20706845 0 4842.68056128 0 5040
0.07050000 0.07048030 28929.88100941 0 1017.77584796 0 12548.93005646 0 2895.34650613 0 2623.94168017 0 5475
0.07150000 0.07148790 27978.21469124 0 390.49321554 0 11290.44961757 0 3329.47021762 0 1783.03182717 0 5509
0.07250000 0.07249820 27635.30479161 0 -408.32519466 0 10217.82922309 0 2534.27799379 0 727.07417431 0 5916
0.07350000 0.07351270 27837.15327306 0 -3.63522140 0 8487.70096390 0 2316.88396830 0 2298.96894675 0 5721
0.07450000 0.07449140 27625.89331552 0 -58.17089435 0 8049.54692618 0 -762.37717476 0 1572.33655820 0 6028
0.07550000 0.07549160 28399.73809709 0 23.80106943 0 8789.21144104 0 -429.45008318 0 3274.04215957 0 6183
0.07650000 0.07648840 28176.74147524 0 395.59534282 0 11160.12835446 0 -218.11040491 0 2661.80903105 0 6330
0.07750000 0.07749960 28326.66075329 0 1079.25936044 0 11027.84728985 0 -1435.72621458 0 4577.76411767 0 6583
0.07850000 0.07848650 26711.09783900 0 717.36374544 0 11230.43761706 0 1739.31828879 0 4211.32552780 0 6549
0.07950000 0.07947320 27380.97349053 0 142.28933901 0 11617.85826246 0 956.29565717 0 6731.29807792 0 6828
0.08050000 0.08048110 26776.64600193 0 444.58927291 0 11630.36998951 0 1341.71110455 0 2999.44850407 0 7147
0.08150000 0.08149960 25431.24781321 0 1544.65574615 0 11175.62960920 0 -193.59074159 0 4525.35880430 0 7386
0.08250000 0.08250610 24091.82867990 0 2440.49540258 0 10908.70907480 0 356.63847518 0 5328.06913668 0 7227
0.08350000 0.08350160 22492.43135985 0 587.04912572 0 9469.62794580 0 1131.13763115 0 6003.99027756 0 7798
0.08450000 0.08449610 21762.98660079 0 -57.68614797 0 9850.95881255 0 2380.19552161 0 3788.27414113 0 7371
0.08550000 0.08548940 22173.32695857 0 -237.05847437 0 8479.89497491 0 1436.76701312 0 3506.00736453 0 8256
0.08650000 0.08650700 21244.35890629 0 810.92489016 0 7403.70929183 0 434.14253444 0 1937.19180562 0 8037
0.08750000 0.08749060 21581.62192026 0 586.90075657 0 6947.03125469 0 -580.21528684 0 1977.06324729 0 8155
0.08850000 0.08849210 20378.72455197 0 381.30318594 0 6997.18888612 0 -866.49245950 0 1462.99735061 0 8718
0.08950000 0.08949900 20076.11791467 0 662.13388201 0 7158.63445430 0 -516.79633198 0 992.65052848 0 8571
0.09050000 0.09049190 20132.69749450 0 96.99234746 0 7481.87990505 0 -67.40266661 0 342.46922111 0 8932
0.09150000 0.09150830 19949.22907225 0 -432.49054358 0 7656.45725047 0 299.20743357 0 150.83717377 0 9285
0.09250000 0.09250820 19899.62505706 0 508.57180911 0 7067.66423359 0 283.47366001 0 -1626.45808191 0 9204
0.09350000 0.09350330 19937.27096145 0 536.33455636 0 7933.58646836 0 -477.23270094 0 -735.16915098 0 9349
0.09450000 0.09448040 19261.63770101 0 532.26658422 0 7525.67094971 0 -134.67490123 0 -212.24650168 0 9564
0.09550000 0.09549270 18761.39006571 0 413.27673832 0 7340.97349941 0 -93.71117472 0 -616.29999343 0 10155
0.09650000 0.09649430 18969.43904905 0 152.68625202 0 7275.83501250 0 476.67908470 0 -1195.56748927 0 9913
0.09750000 0.09749140 18689.75212413 0 -166.89979539 0 7177.42418952 0 293.14755020 0 -2046.25420508 0 10476
0.09850000 0.09850240 18398.66070465 0 726.89701711 0 7091.95691424 0 -303.19347051 0 -2059.66279044 0 10575
0.09950000 0.09950330 18137.35383893 0 529.05561002 0 7304.81128655 0 -534.41904416 0 -1760.56608011 0 10882
0.10050000 0.10051200 17383.66068852 0 387.93993744 0 7406.26699887 0 241.42539928 0 -1384.22883185 0 10875
0.10150000 0.10150300 17370.92751498 0 205.31965527 0 7544.00671961 0 1143.78222609 0 -1578.42633685 0 11118
0.10250000 0.10250800 17032.77871502 0 272.46001851 0 7119.89238976 0 581.62700826 0 -1533.38411948 0 11575
0.10350000 0.10349800 17180.48352810 0 356.99168234 0 6981.14508746 0 329.73383310 0 -881.83648723 0 11364
0.10450000 0.10450100 16381.28312269 0 282.64766458 0 6686.32229451 0 -119.95313816 0 -895.72561148 0 12093
0.10550000 0.10551000 16264.35937261 0 456.75554342 0 6904.63532296 0 800.81253590 0 -402.41921660 0 12067
0.10650000 0.10649700 15725.69077018 0 -7.40540336 0 6254.06980591 0 1022.95548151 0 -1045.56406155 0 12054
0.10750000 0.10749900 15656.26729357 0 108.42629440 0 5767.59614268 0 1344.19130531 0 -489.80754023 0 12807
0.10850000 0.10850100 15476.45273851 0 218.22112815 0 5453.46321525 0 1055.36196179 0 -269.16157295 0 12736
0.10950000 0.10950300 15165.32041111 0 281.80063173 0 5357.15613398 0 152.86783814 0 360.36652694 0 12933
0.11050000 0.11050200 15278.36884751 0 367.34209158 0 5716.16519390 0 -306.43212552 0 1051.33938618 0 13428
0.11150000 0.11150900 14664.07626657 0 182.81072615 0 5380.95056002 0 -463.04573115 0 535.47312948 0 13453
0.11250000 0.11250000 14817.64941180 0 257.72939757 0 6474.37585283 0 -588.13753525 0 776.76012470 0 13668
0.11350000 0.11349100 14826.17510191 0 100.94948562 0 6462.43988668 0 -427.01417172 0 390.41792373 0 13791
0.11450000 0.11448600 14888.06939765 0 248.08208096 0 6900.80429857 0 -163.31679108 0 208.35125781 0 14205
0.11550000 0.11549300 14642.37450992 0 125.00543997 0 6492.60089948 0 -3.95327393 0 713.63015751 0 14776
0.11650000 0.11649800 14527.66522480 0 105.70637781 0 6683.27740518 0 677.52552075 0 872.80811357 0 14553
0.11750000 0.11747300 14398.67264066 0 42.45217914 0 6532.79343857 0 713.34006260 0 1002.36427904 0 14568
0.11850000 0.11849100 14512.60686305 0 189.21274436 0 5734.70026565 0 1285.26439262 0 896.38884374 0 16015
0.11950000 0.11950300 14268.12993105 0 -205.10485217 0 5767.43005781 0 474.65063479 0 637.46031339 0 15270
0.12050000 0.12050700 14119.20716224 0 59.29285302 0 4818.16643413 0 871.47389843 0 674.25586323 0 15999
0.12150000 0.12150000 14388.59682508 0 65.82685334 0 4540.74933580 0 265.27297247 0 398.05672063 0 15670
0.12250000 0.12250700 14092.52285943 0 170.48833586 0 4265.01523084 0 -348.73394249 0 65.76263386 0 16887
0.12350000 0.12352200 13757.58503366 0 461.35498715 0 4378.49548791 0 -65.17624354 0 -352.77755551 0 16407
0.12450000 0.12449800 13477.01232276 0 420.74723588 0 3966.73787255 0 -14.39601528 0 -727.28565571 0 16306
0.12550000 0.12549900 13100.99617192 0 177.31885304 0 4227.41361576 0 281.75634243 0 -664.89421259 0 17523
0.12650000 0.12650100 13136.09544159 0 187.80434464 0 4527.99401761 0 248.20941269 0 -432.25802476 0 17154
0.12750000 0.12750600 12977.98264318 0 203.11847710 0 4253.92076138 0 176.28137621 0 275.23142141 0 18007
0.12850000 0.12850300 12798.94315087 0 298.00940803 0 3994.20831043 0 768.20121762 0 1034.66667947 0 17496
0.12950000 0.12949900 12769.15859710 0 32.87428600 0 3937.81696013 0 631.25538256 0 1569.46882607 0 18405
0.13050000 0.13049000 12779.23441269 0 -97.75445557 0 4086.54042709 0 636.46491139 0 1315.11538033 0 18100
0.13150000 0.13148800 12719.11168892 0 170.36543305 0 3696.06382004 0 156.13860290 0 1227.47792940 0 19059
0.13250000 0.13249300 12573.62134081 0 161.34259556 0 3442.13112265 0 83.79967243 0 1601.48998944 0 18957
0.13350000 0.13349100 12379.52348674 0 173.93182888 0 3461.54090805 0 -449.69472188 0 1502.64734579 0 19468
0.13450000 0.13450700 12250.75234909 0 84.30844576 0 3741.24997762 0 -401.86006420 0 1025.33381688 0 19953
0.13550000 0.13551000 12382.84518418 0 127.18336626 0 3984.17678414 0 -142.95478573 0 1082.21456394 0 19956
0.13650000 0.13649900 12103.93332200 0 97.99140332 0 3883.47398992 0 45.45499363 0 923.42746095 0 19723
0.13750000 0.13749600 12238.24062205 0 148.55295316 0 4011.81330689 0 355.23007546 0 1034.22600094 0 20946
0.13850000 0.13851100 12007.27192633 0 85.97184112 0 4181.00950244 0 250.96642157 0 724.12561421 0 20955
0.13950000 0.13949800 11813.72768850 0 409.73580884 0 3737.90613553 0 118.17935172 0 762.15462103 0 20506
0.14050000 0.14048300 11585.08418100 0 210.36199200 0 3818.67874508 0 346.38993132 0 725.83185946 0 21447
0.14150000 0.14148400 11360.31598718 0 134.47227769 0 3261.34220301 0 433.77382603 0 1060.63792456 0 21771
0.14250000 0.14249400 11414.34893229 0 183.63007819 0 3345.66902883 0 228.34012581 0 894.80550129 0 22470
0.14350000 0.14350900 10944.22909282 0 98.36155114 0 3066.10389948 0 354.80268372 0 814.07496657 0 22519
0.14450000 0.14449900 11059.96810415 0 197.88569639 0 3109.21953232 0 43.53837421 0 1095.81802221 0 22218
0.14550000 0.14550500 10910.97890139 0 190.41519884 0 3197.18915301 0 -96.12759889 0 1185.42523973 0 23559
0.14650000 0.14650700 10663.39064612 0 235.63789509 0 3400.36631343 0 -74.37878486 0 1522.76575998 0 23044
0.14750000 0.14750500 10622.53376754 0 196.18830900 0 3494.15997697 0 -211.18355850 0 1158.22053765 0 23649
0.14850000 0.14849900 10436.69586778 0 204.26114102 0 3876.28805111 0 81.50460095 0 1445.01589511 0 23640
0.14950000 0.14949500 10368.77822734 0 43.64046104 0 3530.54363632 0 144.34436250 0 1290.91127828 0 24457
0.15050000 0.15050000 10294.33898759 0 -23.96228248 0 3348.66962885 0 326.42985137 0 846.19910257 0 24591
0.15150000 0.15149900 10285.27075356 0 42.91478087 0 3077.26480290 0 322.74165998 0 381.82469244 0 25020
0.15250000 0.15250500 10011.68467962 0 177.22141658 0 2633.69639834 0 483.22504313 0 343.17009927 0 25297
0.15350000 0.15350100 9974.58131915 0 239.43570251 0 2537.63290821 0 -93.37346881 0 152.73497025 0 25452
0.15450000 0.15450400 9505.45798891 0 292.03035263 0 2517.48127704 0 46.33646141 0 103.58049145 0 26061
0.15550000 0.15549900 9604.82103183 0 207.71238467 0 2630.89510016 0 -90.27089267 0 520.80562080 0 26128
0.15650000 0.15649500 9347.92095139 0 72.84006388 0 2526.49414944 0 -70.32254939 0 912.71277222 0 26331
0.15750000 0.15749700 9556.51247865 0 -125.66867223 0 2745.83690410 0 160.86094943 0 743.13236699 0 27345
0.15850000 0.15849900 9512.46677052 0 -67.78820496 0 2810.74287219 0 301.64555950 0 469.36027799 0 26980
0.15950000 0.15949700 9499.09140214 0 125.34868204 0 2905.05693499 0 -30.87595282 0 543.39980682 0 27777
0.16050000 0.16050000 9406.05065669 0 285.73352150 0 2668.66280011 0 16.27997135 0 424.80967185 0 28224
0.16150000 0.16150500 9198.03489032 0 206.07257336 0 2819.52322577 0 35.38338553 0 704.58406814 0 28075
0.16250000 0.16249700 9010.02681490 0 102.47724500 0 2543.53445734 0 187.30276833 0 685.12113557 0 28590
0.16350000 0.16349900 8974.77253268 0 111.18717860 0 2545.39460791 0 238.63738789 0 250.06070540 0 29163
0.16450000 0.16449100 8888.80700279 0 51.21725291 0 2441.53620111 0 123.56382328 0 318.22525868 0 28996
0.16550000 0.16550500 8719.44472236 0 105.33180106 0 2019.96850596 0 229.71641578 0 152.17028168 0 30777
0.16650000 0.16650700 8749.72753074 0 83.58531223 0 2014.50984983 0 101.09564031 0 282.42178915 0 29211
0.16750000 0.16749900 8646.84348852 0 64.45864616 0 2054.85740147 0 115.41459221 0 266.94157182 0 30922
0.16850000 0.16850800 8651.90354097 0 88.88895581 0 2089.85702022 0 166.04279745 0 580.48212987 0 30867
0.16950000 0.16949900 8548.87555853 0 102.11108322 0 2095.75856935 0 126.06063253 0 320.80289590 0 30852
0.17050000 0.17049200 8529.05609710 0 210.17708417 0 2255.97510947 0 -247.12764656 0 621.48627037 0 31257
0.17150000 0.17149500 8396.42071810 0 237.03632972 0 2399.95962142 0 -242.25028747 0 531.76168621 0 32608
0.17250000 0.17250900 8198.11538060 0 222.14737453 0 2750.54264215 0 -333.10203431 0 894.78003494 0 32361
0.17350000 0.17350400 8145.57719933 0 148.49648431 0 2666.34868423 0 -157.34216460 0 749.97063480 0 32508
0.17450000 0.17449800 7980.90958463 0 12.42879533 0 2865.52873539 0 161.16654560 0 513.59532288 0 32791
0.17550000 0.17549800 8047.85286048 0 98.23045482 0 2555.47042349 0 420.63651263 0 638.74802477 0 33633
0.17650000 0.17650100 7905.49598029 0 22.80699611 0 2465.54100132 0 338.51086498 0 423.11117722 0 33984
0.17750000 0.17750300 7990.96325557 0 30.52307783 0 2188.35642181 0 298.38808154 0 371.70901649 0 34069
0.17850000 0.17849800 7829.61733831 0 28.92500919 0 2199.72769940 0 41.17875106 0 738.25611514 0 34536
0.17950000 0.17950400 7745.30158481 0 144.53369925 0 1993.99283194 0 287.09984639 0 564.86129402 0 35343
0.18050000 0.18050100 7779.49292385 0 110.08204986 0 2021.83972886 0 -40.78014737 0 719.58042487 0 34990
0.18150000 0.18150500 7643.35869021 0 152.74382811 0 1982.00150416 0 -10.47651195 0 345.97804084 0 36243
0.18250000 0.18250200 7447.58891509 0 191.75384291 0 2130.27100581 0 -212.33729474 0 601.31692348 0 35694
0.18350000 0.18350400 7369.29650630 0 102.29709828 0 2157.69715438 0 -14.83038259 0 669.16037934 0 37087
0.18450000 0.18450600 7360.06218740 0 -45.07200192 0 2048.09221100 0 234.11545043 0 508.15216799 0 36651
0.18550000 0.18550700 7380.70100086 0 18.55887724 0 1983.10873664 0 119.23011534 0 253.31929060 0 37818
0.18650000 0.18651000 7369.01969818 0 58.75163778 0 1806.37228789 0 177.63219983 0 414.92430025 0 37267
0.18750000 0.18750100 7300.90275589 0 64.12204749 0 1734.75649096 0 48.76606165 0 124.01889583 0 38334
0.18850000 0.18850000 7299.46335367 0 37.22161290 0 1763.56668014 0 26.53947680 0 272.96602375 0 38223
0.18950000 0.18949500 7126.13718096 0 199.28191655 0 1622.36132173 0 8.15997122 0 170.74521380 0 39064
0.19050000 0.19050000 7050.10352643 0 88.13160880 0 1562.27181494 0 18.44992557 0 181.53519433 0 39609
0.19150000 0.19149800 7021.88017046 0 8.49993588 0 1626.65738376 0 55.93871366 0 200.27288962 0 39576
0.19250000 0.19250400 7000.59916216 0 78.74471326 0 1610.63572974 0 132.96754875 0 57.08813170 0 40909
0.19350000 0.19350500 6905.53218127 0 146.06832347 0 1609.88281166 0 76.31300928 0 189.58256001 0 40191
0.19450000 0.19450100 6835.67688399 0 105.35837464 0 1528.63409214 0 58.16956567 0 217.33312770 0 41232
0.19550000 0.19549800 6800.63297594 0 55.00387728 0 1671.98748156 0 16.43930210 0 637.27540556 0 40873
0.19650000 0.19649700 6734.32082260 0 49.30694471 0 1539.42960884 0 26.47957553 0 329.85452144 0 42816
0.19750000 0.19750200 6743.62157545 0 115.35590889 0 1676.53820706 0 -25.93725306 0 270.96414743 0 41727
0.19850000 0.19849000 6616.56664815 0 97.28299598 0 1657.70418255 0 -171.34644103 0 311.00831737 0 42610
0.19950000 0.19949900 6652.82851193 0 37.47505841 0 1557.24497947 0 20.28870655 0 320.54491073 0 43863
0.20050000 0.20050100 6550.29878411 0 34.03333696 0 1676.99217238 0 -7.26766364 0 164.64657729 0 43302
0.20150000 0.20150100 6628.55797593 0 20.75939108 0 1798.69916679 0 -121.61066518 0 -39.78640622 0 44487
0.20250000 0.20249700 6615.86909169 0 139.60430024 0 1804.70036684 0 -88.03406161 0 -2.06090289 0 43759
0.20350000 0.20349100 6497.42843310 0 61.86329323 0 1881.87447083 0 -48.70593892 0 39.32967282 0 45282
0.20450000 0.20449700 6525.84001859 0 29.18443376 0 1904.11877139 0 14.32592747 0 -82.98851392 0 45483
0.20550000 0.20549900 6532.25089466 0 22.77676866 0 1953.66742495 0 48.09596455 0 -96.35912120 0 46138
0.20650000 0.20650200 6419.05851804 0 91.32542089 0 1899.88914331 0 -17.01938120 0 -208.20842482 0 46227
0.20750000 0.20749300 6404.79736367 0 226.64606011 0 1912.50052128 0 -45.64388749 0 37.32934662 0 46236
0.20850000 0.20850300 6197.78917886 0 147.15562577 0 1756.51360923 0 224.54785455 0 99.18721440 0 48361
0.20950000 0.20950400 6116.64011027 0 62.03137112 0 1633.45579120 0 373.06205458 0 249.24799676 0 46812
0.21050000 0.21050300 6036.56505718 0 55.14316712 0 1507.58560266 0 374.02645407 0 137.27689757 0 48813
0.21150000 0.21149700 6060.21554299 0 13.10675378 0 1334.14870670 0 344.14557108 0 185.92869282 0 47215
0.21250000 0.21249000 5904.98154903 0 73.96789089 0 1292.39496981 0 -24.72870880 0 244.62973008 0 50004
0.21350000 0.21350300 5899.71112242 0 151.52587238 0 1270.07316297 0 -53.29010284 0 485.10844558 0 49509
0.21450000 0.21449800 5816.34758886 0 8.05222643 0 1287.35706201 0 -81.58299301 0 340.96559940 0 49660
0.21550000 0.21550100 5843.50800164 0 37.84465261 0 1385.39142596 0 15.07818121 0 505.93881026 0 50841
0.21650000 0.21649800 5803.64763229 0 54.83867819 0 1442.36960948 0 56.31661211 0 352.52289204 0 50424
0.21750000 0.21750300 5837.34071672 0 18.07667750 0 1280.62508852 0 16.96545898 0 358.07455571 0 52231
0.21850000 0.21850300 5845.82211753 0 18.17411396 0 1258.82368096 0 121.54533846 0 388.83568852 0 51078
0.21950000 0.21950100 5809.60454304 0 71.65953261 0 1273.59416226 0 0.71735599 0 315.09068353 0 52791
0.22050000 0.22050700 5726.15243089 0 96.16435901 0 1098.40894622 0 182.44201773 0 423.24736682 0 52969
0.22150000 0.22150000 5669.15210272 0 -1.58933258 0 1045.74564768 0 211.32971319 0 387.44389729 0 52704
0.22250000 0.22250100 5631.38440276 0 40.02800434 0 1000.13320559 0 129.94701854 0 278.52986698 0 54051
0.22350000 0.22349900 5620.50030747 0 161.14661541 0 883.84389972 0 20.89425200 0 195.25159032 0 53938
0.22450000 0.22449800 5433.84305567 0 205.52006435 0 1057.90084587 0 -140.58420099 0 312.18973442 0 54735
0.22550000 0.22549100 5331.46834040 0 180.25191189 0 1088.81034783 0 -180.26962760 0 477.56929961 0 54774
0.22650000 0.22649900 5228.36285169 0 80.66166486 0 1129.36605918 0 -75.17344561 0 401.68955040 0 56911
0.22750000 0.22749800 5165.37239580 0 78.94866548 0 1120.48605467 0 38.03055695 0 451.33896212 0 54879
0.22850000 0.22849100 5175.96861065 0 47.05295155 0 1199.19921181 0 131.32109405 0 363.40698734 0 57210
0.22950000 0.22949800 5167.89688585 0 9.78732616 0 1075.19692447 0 95.75512588 0 421.67288223 0 57375
0.23050000 0.23049600 5159.72551014 0 57.90925531 0 1116.31178822 0 81.16977384 0 501.14892255 0 57604
0.23150000 0.23150100 5147.92241188 0 -7.31371344 0 977.72171293 0 144.71749984 0 448.55980859 0 58629
0.23250000 0.23250200 5087.48966302 0 7.92193838 0 855.13889763 0 80.90104852 0 482.34257884 0 58560
0.23350000 0.23350400 5189.07824323 0 11.32687757 0 898.54462538 0 4.01851206 0 239.08470981 0 59305
0.23450000 0.23449700 5104.83999601 0 37.44593820 0 821.20886545 0 -24.19568709 0 285.79441929 0 59196
0.23550000 0.23549300 5095.99320848 0 59.96184289 0 709.89546235 0 -40.27558153 0 186.68161091 0 60063
0.23650000 0.23649900 5073.20636401 0 21.91412383 0 749.22436011 0 1.71312117 0 96.09482481 0 61537
0.23750000 0.23750400 5118.99042713 0 58.80467422 0 724.31162927 0 9.17941124 0 -31.46046085 0 61224
0.23850000 0.23850100 4949.14096441 0 92.15606670 0 724.43785377 0 82.78555820 0 129.62924281 0 61221
0.23950000 0.23949400 4972.19354469 0 63.06552626 0 720.78287935 0 53.27127989 0 81.25115543 0 62332
0.24050000 0.24050100 4922.66703577 0 32.20562831 0 755.86996946 0 9.69755175 0 149.57271428 0 63447
0.24150000 0.24150500 4873.26232243 0 125.56569961 0 808.49008593 0 17.05160167 0 136.75428384 0 63342
0.24250000 0.24250300 4899.11620088 0 84.68291178 0 977.73499972 0 -174.79547021 0 315.41399541 0 63379
0.24350000 0.24349600 4810.98049533 0 40.56290836 0 937.63325369 0 -33.12928164 0 400.58785408 0 64266
0.24450000 0.24449500 4843.11238195 0 38.69146402 0 1106.42420215 0 -112.61218680 0 370.46337994 0 64695
0.24550000 0.24549600 4804.45889601 0 59.97202942 0 1060.32347054 0 74.78336761 0 347.85037097 0 65947
0.24650000 0.24650000 4761.80830081 0 82.95762213 0 1110.26629886 0 84.67815069 0 206.62286791 0 66018
0.24750000 0.24750000 4727.86055291 0 125.18702610 0 988.57923464 0 21.85355822 0 388.31750371 0 66303
0.24850000 0.24849600 4664.37184240 0 45.20564488 0 989.29893576 0 173.06597308 0 364.94050433 0 66958
0.24950000 0.24949200 4633.53541778 0 21.32075795 0 931.76049260 0 116.59268757 0 429.68370924 0 66975
0.25050000 0.25048900 4583.01239963 0 64.42509702 0 766.03989981 0 141.95606203 0 478.88912073 0 68676
0.25150000 0.25150000 4549.65148496 0 76.20737931 0 745.42765993 0 180.46450052 0 510.44303200 0 69349
0.25250000 0.25249900 4491.47749036 0 35.84908751 0 595.57149414 0 78.72899056 0 562.24379643 0 68592
0.25350000 0.25349900 4480.90342016 0 24.01244011 0 615.66997815 0 104.58541565 0 460.56553039 0 70437
0.25450000 0.25450100 4501.46472735 0 30.91448451 0 616.06968907 0 -36.89575438 0 450.44763997 0 70099
0.25550000 0.25550100 4428.09950310 0 64.85525684 0 600.46324724 0 -45.97893604 0 399.96337496 0 71064
0.25650000 0.25650300 4422.74049788 0 91.59868587 0 631.21552219 0 -83.62605838 0 446.12278990 0 71409
0.25750000 0.25750600 4344.42594444 0 77.64312767 0 638.81445871 0 -33.16415947 0 423.12114232 0 72612
0.25850000 0.25850600 4308.98343270 0 61.08479807 0 571.40725245 0 30.53946487 0 330.91635739 0 71845
0.25950000 0.25949600 4316.39081800 0 38.55604948 0 589.55147113 0 24.01697976 0 334.86253396 0 72816
0.26050000 0.26049800 4242.26160334 0 68.48122177 0 567.73234784 0 8.34014009 0 -24.75262503 0 73743
0.26150000 0.26149900 4173.03742857 0 118.87358649 0 482.00376570 0 -17.68560299 0 65.92130027 0 74662
0.26250000 0.26250300 4120.38852406 0 58.41193886 0 506.50571329 0 -80.95530291 0 15.41898737 0 74931
0.26350000 0.26350100 4099.82721687 0 37.71499569 0 531.70964628 0 -28.40472064 0 31.06241077 0 75087
0.26450000 0.26450200 4082.80905363 0 44.95142430 0 493.22224521 0 38.12965425 0 34.90583616 0 76678
0.26550000 0.26550600 4087.62551492 0 34.61485546 0 572.86547763 0 42.63730841 0 48.97986824 0 76035
0.26650000 0.26650100 4059.54609918 0 61.41652492 0 469.35031290 0 23.29351406 0 167.52095281 0 77094
0.26750000 0.26750600 4062.35846969 0 31.60262950 0 551.79484350 0 66.80664337 0 99.28121844 0 78463
0.26850000 0.26850100 4018.55635271 0 42.85598683 0 622.35987680 0 -69.61691013 0 182.54388312 0 77076
0.26950000 0.26949700 4023.43924795 0 83.38634255 0 526.40710992 0 0.05466617 0 111.22703897 0 79149
0.27050000 0.27049900 3927.89615709 0 77.16934289 0 620.30817501 0 -19.39074101 0 193.72471672 0 79648
0.27150000 0.27150200 3928.21725451 0 71.22870845 0 635.99212312 0 -13.86576165 0 188.77095860 0 80241
0.27250000 0.27250500 3888.58940398 0 29.17823326 0 658.62284781 0 74.97204003 0 260.73442653 0 80835
0.27350000 0.27350000 3920.37804854 0 35.14898441 0 605.11362366 0 55.13408782 0 256.79932229 0 80680
0.27450000 0.27450400 3888.23508959 0 2.90181274 0 629.49156122 0 46.54528546 0 288.65440079 0 82617
0.27550000 0.27550800 3904.48926242 0 66.32975834 0 597.78928080 0 -2.00173239 0 240.18972783 0 82548
0.27650000 0.27649900 3831.06867655 0 82.78533676 0 616.85250244 0 -60.07898808 0 138.27229957 0 81181
0.27750000 0.27748900 3789.79104963 0 82.30601582 0 564.54241106 0 -72.58573258 0 248.56151262 0 84096
0.27850000 0.27849800 3763.38355493 0 53.33228840 0 532.62754201 0 15.50778742 0 83.23354447 0 85215
0.27950000 0.27950200 3758.54494899 0 13.10265702 0 553.79229090 0 3.41819276 0 160.82662522 0 84514
0.28050000 0.28050300 3744.81526621 0 39.22271416 0 536.89481599 0 70.07308991 0 -12.28485511 0 85815
0.28150000 0.28150100 3729.66832586 0 63.30214184 0 519.70392448 0 -55.76764624 0 -134.30065666 0 85485
0.28250000 0.28250000 3656.55776508 0 80.99294882 0 545.24667060 0 26.40273359 0 -44.62955182 0 87220
0.28350000 0.28350400 3650.60085433 0 60.41038276 0 564.08512405 0 -24.83145998 0 22.96056925 0 87147
0.28450000 0.28449700 3632.20972281 0 25.24445769 0 534.59066520 0 6.10748330 0 -3.99460691 0 87102
0.28550000 0.28549800 3652.36135398 0 -41.51302455 0 482.91169634 0 67.93535616 0 -13.96496968 0 88971
0.28650000 0.28649900 3718.18632502 0 25.10239977 0 485.24906411 0 -7.84282662 0 -85.62361650 0 89434
0.28750000 0.28750100 3675.04854753 0 60.75893955 0 424.49853952 0 -4.83489672 0 -103.87080780 0 89619
0.28850000 0.28849900 3609.85469900 0 77.66228279 0 471.84490768 0 59.79819392 0 41.84508357 0 90240
0.28950000 0.28950100 3593.40122432 0 36.88601073 0 344.70915242 0 104.72282320 0 -9.41082283 0 91333
0.29050000 0.29050500 3558.77806461 0 28.13909557 0 275.19709721 0 186.00287740 0 100.01143826 0 92139
0.29150000 0.29150600 3582.51712902 0 -25.52735559 0 199.44689419 0 222.86707565 0 40.36427085 0 92370
0.29250000 0.29250200 3568.46634883 0 11.24604960 0 169.47632537 0 139.30534747 0 51.00643585 0 91819
0.29350000 0.29349600 3571.78804627 0 43.91494397 0 43.33508632 0 -3.29550033 0 84.88830341 0 93552
0.29450000 0.29450000 3543.12179732 0 67.06263552 0 53.96451815 0 -50.87046770 0 117.42754086 0 94701
0.29550000 0.29550200 3517.87689673 0 34.79655231 0 74.51364578 0 -78.08613138 0 235.31901214 0 95020
0.29650000 0.29650300 3505.66412246 0 73.17090495 0 159.11927274 0 -64.99742549 0 62.43097132 0 95151
0.29750000 0.29749800 3459.91327631 0 99.76386108 0 205.70275771 0 -21.37534451 0 137.97002510 0 95802
0.29850000 0.29850000 3410.03245300 0 51.87649913 0 234.19960010 0 -45.51755227 0 118.50155637 0 97399
0.29950000 0.29950700 3405.79175259 0 58.02850425 0 241.74649670 0 71.54449116 0 262.95442765 0 97881
0.30050000 0.30050300 3377.07014201 0 30.11174096 0 247.56168169 0 61.50908956 0 156.68003958 0 97188
0.30150000 0.30149700 3396.64601229 0 19.65846982 0 213.20204331 0 -14.97919463 0 201.30040137 0 98263
0.30250000 0.30249700 3382.06376051 0 82.48317301 0 257.70393122 0 -12.58004329 0 173.44243212 0 100050
0.30350000 0.30350600 3316.57095920 0 83.40649418 0 266.48982097 0 -22.83888440 0 330.23762388 0 100779
0.30450000 0.30450500 3271.55088649 0 58.52177632 0 255.70094766 0 21.73895966 0 276.67857427 0 99982
0.30550000 0.30550300 3258.09801184 0 25.32340337 0 211.80250146 0 92.18407968 0 295.59564122 0 101559
0.30650000 0.30649700 3292.82082247 0 -11.22025108 0 186.95399010 0 86.84101862 0 223.16270672 0 100935
0.30750000 0.30749800 3261.48614323 0 34.42086833 0 110.25787837 0 3.49249913 0 256.90783107 0 103762
0.30850000 0.30850200 3273.43318171 0 53.07541046 0 66.70145628 0 38.05447317 0 297.09040507 0 102951
0.30950000 0.30950100 3209.51265053 0 54.76803676 0 73.25461172 0 4.82226319 0 277.09600091 0 104394
0.31050000 0.31050000 3196.27015005 0 46.65357279 0 16.71478155 0 84.19074695 0 220.29829629 0 103963
0.31150000 0.31149700 3201.72880618 0 15.47357393 0 14.97443353 0 26.27351956 0 244.53118639 0 105936
0.31250000 0.31250000 3189.85927398 0 32.71816622 0 -54.71112501 0 40.99971157 0 163.10088074 0 105717
0.31350000 0.31349800 3159.18893423 0 66.75404982 0 -22.67789280 0 -38.81990298 0 294.97005487 0 106776
0.31450000 0.31450400 3132.84787349 0 75.14975084 0 -44.35739407 0 -24.44979694 0 291.68489609 0 108733
0.31550000 0.31549900 3092.63318975 0 46.14103488 0 15.06888046 0 -3.84520804 0 260.33360837 0 105891
0.31650000 0.31650000 3082.23627674 0 37.69340466 0 -9.21498662 0 -5.16171853 0 140.92965752 0 111072
0.31750000 0.31750600 3053.12713479 0 55.14848184 0 -18.10967303 0 -8.56519617 0 168.40784603 0 108121
0.31850000 0.31849900 3014.68402302 0 44.24667082 0 -68.43150703 0 18.39345671 0 96.27519298 0 110484
0.31950000 0.31950100 3029.24413016 0 -7.46658902 0 -32.64309586 0 1.49796375 0 59.83384681 0 110817
0.32050000 0.32049800 3034.72493094 0 8.31629030 0 -79.13124812 0 -46.72997183 0 21.29041978 0 111088
0.32150000 0.32149900 3030.70567704 0 67.18155228 0 14.07336774 0 -50.80624822 0 49.17009078 0 112635
0.32250000 0.32250100 2976.31841753 0 89.89775533 0 -30.99121572 0 -72.86320504 0 90.18098540 0 113202
0.32350000 0.32350400 2963.20878494 0 91.55495018 0 23.81258465 0 57.15268336 0 170.66660029 0 113863
0.32450000 0.32450300 2938.72787477 0 28.14795343 0 0.15899194 0 58.05419204 0 200.61502446 0 114045
0.32550000 0.32549900 2955.97855683 0 -8.45312209 0 -9.19827848 0 106.88259088 0 202.51060647 0 114828
0.32650000 0.32650300 2936.92308582 0 19.72191424 0 -20.34705770 0 69.15430840 0 184.71405879 0 116431
0.32750000 0.32750400 2948.96977522 0 65.86771022 0 -71.19493786 0 -1.19989677 0 253.60717104 0 116442
0.32850000 0.32850400 2920.30352627 0 40.83661623 0 -23.32030909 0 -52.81963976 0 216.23475308 0 116955
0.32950000 0.32949800 2906.97244719 0 37.33233614 0 -69.18021764 0 34.43648031 0 234.73328616 0 117028
0.33050000 0.33049700 2898.88965007 0 16.34385866 0 -19.06388598 0 -50.65278579 0 83.26797940 0 119061
0.33150000 0.33150100 2873.36794136 0 64.07499011 0 -36.89143617 0 -52.11300399 0 156.77858327 0 120060
0.33250000 0.33250400 2880.42101227 0 21.14293641 0 37.88152346 0 4.87968427 0 170.24585195 0 119737
0.33350000 0.33350100 2859.68254789 0 34.09091305 0 4.93055053 0 4.89557306 0 156.91920179 0 120531
0.33450000 0.33450000 2868.10858707 0 64.94760003 0 -22.25847314 0 -2.19064839 0 51.08615659 0 121704
0.33550000 0.33550300 2821.43873796 0 59.39792938 0 -0.47905299 0 -36.19432260 0 189.47626569 0 122761
0.33650000 0.33650300 2802.21718208 0 81.88083854 0 13.04973131 0 -18.99889143 0 153.26422737 0 122472
0.33750000 0.33749900 2762.87721200 0 70.37912897 0 40.37202148 0 -30.31624680 0 203.82932035 0 122985
0.33850000 0.33849800 2750.38762960 0 45.31182847 0 37.03150108 0 24.13711449 0 239.19543306 0 125380
0.33950000 0.33950300 2727.49006188 0 29.24721384 0 26.86588894 0 15.30117784 0 217.47374623 0 125223
0.34050000 0.34050000 2726.46033567 0 31.00904216 0 18.98161861 0 85.18459882 0 314.94895777 0 125178
0.34150000 0.34149900 2721.49993415 0 18.59010120 0 -3.19588262 0 1.25522518 0 178.83686877 0 127059
0.34250000 0.34250300 2719.99409797 0 40.98686767 0 -63.02422648 0 62.24573133 0 262.73962455 0 127957
0.34350000 0.34349800 2706.16476428 0 54.62763968 0 -69.46942676 0 -26.12902572 0 201.28268565 0 126732
0.34450000 0.34449700 2651.17959923 0 59.63985968 0 -103.04337297 0 23.54186631 0 265.74354627 0 129639
0.34550000 0.34550000 2642.03385893 0 41.40684095 0 -80.84701557 0 -4.91466174 0 218.36839007 0 129826
0.34650000 0.34650400 2618.01798639 0 63.07615569 0 -101.50963454 0 27.59588732 0 201.46537901 0 130875
0.34750000 0.34750200 2578.47871447 0 40.92630206 0 -139.01193087 0 63.26848197 0 211.61648640 0 130686
0.34850000 0.34850200 2561.26124937 0 25.68812575 0 -162.91486568 0 78.34090558 0 236.78498794 0 132211
0.34950000 0.34950400 2574.02763989 0 12.49478639 0 -199.73809633 0 52.01711766 0 335.45379610 0 132768
0.35050000 0.35050300 2563.69716083 0 15.28755888 0 -190.37312400 0 72.38399482 0 252.97051236 0 132957
0.35150000 0.35150100 2562.92209810 0 32.91879675 0 -228.97014109 0 -17.61219347 0 322.02970949 0 133987
0.35250000 0.35249800 2546.85615479 0 60.92657455 0 -211.14480536 0 10.27775265 0 273.51299660 0 134778
0.35350000 0.35349800 2528.26572141 0 85.08229054 0 -197.04419971 0 -76.51939742 0 346.60916336 0 135699
0.35450000 0.35450100 2479.93502358 0 50.79218636 0 -208.88715833 0 -15.71860448 0 323.51118655 0 137380
0.35550000 0.35550100 2506.01034853 0 17.34645768 0 -215.21277750 0 33.86071942 0 345.69126763 0 136161
0.35650000 0.35649900 2500.54062007 0 12.79030674 0 -233.36585404 0 -5.33000679 0 352.63804422 0 138792
0.35750000 0.35750000 2536.44816946 0 17.79189730 0 -233.06690127 0 62.41989900 0 291.16671129 0 138097
0.35850000 0.35849800 2519.62930806 0 43.14796403 0 -265.20543129 0 -24.40927223 0 301.36100075 0 140028
0.35950000 0.35950300 2492.97822222 0 71.91906790 0 -229.71752301 0 -29.04381523 0 292.30716075 0 141099
0.36050000 0.36050500 2465.21990390 0 57.00420348 0 -252.56194358 0 -34.29464383 0 274.80070798 0 140821
0.36150000 0.36150200 2418.52791014 0 40.85499629 0 -212.50116515 0 -50.60650348 0 165.91878741 0 141756
0.36250000 0.36250400 2415.62696103 0 52.53950994 0 -222.52272635 0 -38.23251615 0 182.20064105 0 142971
0.36350000 0.36349900 2391.28999108 0 64.20807945 0 -160.95284973 0 -37.52886991 0 75.63970121 0 142270
0.36450000 0.36450000 2348.51760031 0 45.89700084 0 -203.89907600 0 -35.46022746 0 189.66338798 0 145311
0.36550000 0.36550300 2350.59919737 0 35.29004583 0 -201.89830691 0 72.98655074 0 150.18833554 0 145434
0.36650000 0.36650100 2361.11790595 0 31.00383817 0 -207.90615035 0 68.35200774 0 128.88961152 0 144547
0.36750000 0.36749600 2332.54023560 0 52.54194585 0 -219.78454042 0 39.44847886 0 187.91396066 0 146892
0.36850000 0.36849900 2295.44794745 0 51.73953448 0 -266.12775595 0 26.86810340 0 205.43702192 0 148113
0.36950000 0.36949900 2280.13492223 0 43.46695771 0 -258.16786163 0 20.66483343 0 288.92456552 0 147387
0.37050000 0.37049800 2279.45951041 0 45.02605177 0 -260.02690497 0 -31.32449270 0 245.40700728 0 149758
0.37150000 0.37150100 2266.92563872 0 52.96944832 0 -228.95796153 0 -33.70637121 0 257.78033027 0 150099
0.37250000 0.37250000 2251.40223932 0 49.08782340 0 -238.24985652 0 -110.03521392 0 253.45769466 0 150468
0.37350000 0.37349800 2233.76402589 0 46.55026800 0 -196.07537128 0 -38.68814232 0 229.89578744 0 150709
0.37450000 0.37449700 2236.01170783 0 19.24292547 0 -197.20031949 0 -21.30547814 0 217.94432003 0 153108
0.37550000 0.37550100 2232.61250411 0 23.01626305 0 -199.31181183 0 -2.80293688 0 143.26923976 0 153189
0.37650000 0.37649900 2250.40573009 0 26.10555239 0 -190.83926888 0 29.85907051 0 175.24943553 0 153547
0.37750000 0.37749900 2218.28491579 0 44.07372111 0 -210.16047569 0 -10.17235519 0 72.23163963 0 155424
0.37850000 0.37850200 2222.39274830 0 41.88959432 0 -260.21845619 0 25.44575256 0 145.48702642 0 155313
0.37950000 0.37949900 2213.94456446 0 22.12638030 0 -273.29487180 0 -12.26038527 0 97.53533426 0 156100
0.38050000 0.38050000 2221.80591508 0 3.27134051 0 -236.63329709 0 50.87390012 0 152.85122966 0 157557
0.38150000 0.38149800 2250.78218913 0 -1.57595721 0 -303.93531627 0 -7.63673744 0 96.49032825 0 157692
0.38250000 0.38250100 2234.14048493 0 47.13267229 0 -288.07863990 0 30.20884525 0 125.40072197 0 159703
0.38350000 0.38350500 2236.04492480 0 48.00085328 0 -294.21270785 0 -9.56511568 0 138.40406023 0 160338
0.38450000 0.38450600 2212.10655854 0 42.64771640 0 -326.69669440 0 26.77387792 0 159.95744773 0 160167
0.38550000 0.38550000 2204.34485885 0 60.00878954 0 -296.47699827 0 -33.69673829 0 118.42847903 0 160033
0.38650000 0.38649600 2178.69028224 0 63.84014610 0 -315.58229475 0 -16.67403539 0 139.75377663 0 162444
0.38750000 0.38750200 2118.58970312 0 54.16703097 0 -241.92254666 0 17.11504609 0 154.00385867 0 164307
0.38850000 0.38850400 2119.14331937 0 38.42849630 0 -304.01392978 0 16.63638949 0 144.72303601 0 163882
0.38950000 0.38950500 2123.40616442 0 21.25675991 0 -305.93940706 0 63.60962030 0 196.26138634 0 164595
0.39050000 0.39050100 2112.77673259 0 38.19686327 0 -341.10621792 0 22.55631867 0 185.81243341 0 165006
0.39150000 0.39150100 2124.49125225 0 50.72652748 0 -318.10235588 0 -30.76046847 0 167.96606027 0 166687
0.39250000 0.39250100 2082.90360023 0 63.40256782 0 -308.56576251 0 -44.66099722 0 201.83298019 0 167256
0.39350000 0.39350100 2050.59455641 0 69.75575708 0 -273.56614376 0 -91.62326643 0 202.71544448 0 167937
0.39450000 0.39449600 2051.25889590 0 16.90943302 0 -246.97041954 0 -4.08811270 0 134.20986359 0 167719
0.39550000 0.39549700 2050.59455641 0 -9.55976774 0 -260.40447125 0 52.10182094 0 149.94031546 0 171636
0.39650000 0.39650400 2075.72873375 0 15.99220163 0 -285.63276335 0 104.58685505 0 77.54436253 0 171093
0.39750000 0.39750000 2073.18209904 0 25.91998023 0 -355.44598579 0 60.70756396 0 127.15236375 0 170464
0.39850000 0.39849800 2065.68613514 0 47.21626834 0 -396.60846054 0 9.11030886 0 150.89032093 0 172113
0.39950000 0.39949500 2050.98208778 0 39.64301961 0 -443.61490832 0 29.32372360 0 178.40394087 0 173232
