### header ###
fiducial parameters:
Omega_m = 0.31
Omega_nu = 0
Omega_de = 0.69
Omega_k = 0
H_0 = 100
w_de = -1
zeff = 0
beta = 0
fgrowth = 0
b_1 = 2
gamma = 0.55
Lx = 3500 Ly = 3500 Lz = 3500
nx = 700 ny = 700 nz = 700
xoffset = -685.467585 yoffset = -31.7331281 zoffset = 572.489161
bins = 400 dk = 0.001
kx_ny = 0.628318531 ky_ny = 0.628318531 kz_ny = 0.628318531
############################
A(data) = 8.03130815 (not used)
A(ran) = 8.03328207 (used)
Ngal = 477527
weighted Ngal = 0
Nran = 23820508
weighted Nran = 0
SN(data) = 3485.18536
SN(ran) = 69.9728002
SN(data+ran) = 3555.15816
############################
13 columns: k_central k_mean P_0(k) sigma^{lin}_{P_0(k)} P^img_1(k) sigma^{lin}_{P_1(k)} P_2(k) sigma^{lin}_{P_2(k)} P^img_3(k) sigma^{lin}_{P_3(k)} P_4(k) sigma^{lin}_{P_4(k)} N_modes
### header ###
0.00050000 0 0 0 0 0 0 0 0 0 0 0 0
0.00150000 0.00179520 24390.78145000 0 -30203.30908680 0 -6749.39025668 0 55787.24425926 0 -28918.58723809 0 3
0.00250000 0.00253879 29217.87217794 0 -9112.42367482 0 14421.03873680 0 -3032.06757299 0 45641.00868845 0 6
0.00350000 0.00331552 33886.40721447 0 1594.02724252 0 2882.31437982 0 -22438.28769148 0 1656.61909472 0 7
0.00450000 0.00420575 25341.34053568 0 2043.54148550 0 -11762.90571759 0 6253.97015499 0 5108.73745435 0 24
0.00550000 0.00557378 39898.79031425 0 -18669.04687672 0 -27651.69183234 0 -3508.01145532 0 -15668.55757411 0 45
0.00650000 0.00659388 52125.73716498 0 -33007.59679362 0 -45932.43227767 0 26076.98579663 0 -3645.96155023 0 40
0.00750000 0.00754703 85463.62140794 0 -21071.74136237 0 -38239.04882393 0 -28821.92584243 0 -29401.11915369 0 57
0.00850000 0.00846663 95265.17550715 0 -8293.48131426 0 -42271.70024613 0 -52818.08963589 0 -14138.14083768 0 75
0.00950000 0.00948925 100202.87876003 0 -1725.16785767 0 -17079.83609550 0 -42300.48829066 0 -28019.07156983 0 112
0.01050000 0.01054430 93729.22260831 0 6318.51073636 0 921.45215820 0 -27050.90748768 0 -31161.17590686 0 105
0.01150000 0.01145670 97242.91416626 0 -1968.82543763 0 23131.41522513 0 -33225.61086930 0 -43606.35827977 0 144
0.01250000 0.01249090 88942.54586596 0 19389.63377592 0 26801.66945602 0 -16966.34476611 0 -48296.15217996 0 169
0.01350000 0.01339930 83635.35913389 0 19663.56309193 0 18418.14799633 0 -16253.61921753 0 -21297.39534217 0 180
0.01450000 0.01448870 71922.83249423 0 5390.27345751 0 41699.37177626 0 -8624.00128242 0 -10813.66423856 0 267
0.01550000 0.01550050 70908.60754084 0 1378.57087387 0 36852.68303339 0 24589.97257349 0 -14533.97644995 0 238
0.01650000 0.01653350 67824.52218585 0 -792.68655672 0 36651.16672169 0 28920.58025656 0 -23095.98378571 0 315
0.01750000 0.01747870 64470.82572153 0 1831.37359733 0 26644.11027385 0 15822.90578209 0 -8597.94810212 0 297
0.01850000 0.01844180 64476.36188394 0 -2377.16170461 0 17928.19762310 0 7912.90336559 0 -16419.92553631 0 388
0.01950000 0.01947590 67961.15467411 0 2224.46327304 0 25599.87932020 0 -2302.74460951 0 11851.15214639 0 399
0.02050000 0.02045430 68793.12916099 0 -3524.11061560 0 23858.86696572 0 -5527.19382622 0 18320.49009143 0 462
0.02150000 0.02154770 77091.72588931 0 -5254.46032129 0 39428.43795595 0 -5650.36236750 0 4791.28282947 0 571
0.02250000 0.02255340 80346.76793950 0 2648.99835124 0 54506.39772424 0 -13220.57727996 0 7626.38481626 0 510
0.02350000 0.02348930 82294.38987510 0 3779.01767758 0 42336.14117658 0 1388.50274923 0 8707.19873111 0 555
0.02450000 0.02439640 80518.72114393 0 1671.45600997 0 55860.43232631 0 161.26398205 0 19185.12793652 0 592
0.02550000 0.02547300 83582.10125151 0 -1652.43375593 0 52382.94727052 0 12141.80067288 0 5469.61773716 0 837
0.02650000 0.02652900 80232.94444036 0 2813.45559177 0 46370.67489399 0 23119.90000732 0 373.97441414 0 723
0.02750000 0.02749970 75765.37209929 0 4744.80120988 0 31081.34444492 0 13407.58884615 0 -1882.69382286 0 826
0.02850000 0.02848090 70839.51623397 0 3874.88186586 0 31993.37184023 0 12360.36836480 0 2071.04514035 0 831
0.02950000 0.02946900 68036.11431314 0 6015.36155515 0 30055.16138073 0 1525.42311794 0 152.17692507 0 996
0.03050000 0.03053250 63458.92595636 0 2460.06020053 0 32550.19905536 0 4348.13517326 0 7391.46330059 0 1041
0.03150000 0.03150510 62083.96466038 0 1606.21787214 0 29444.52266698 0 4685.79679093 0 12552.47320040 0 1036
0.03250000 0.03246190 59286.20962520 0 4668.18072214 0 36111.72305653 0 538.65420840 0 6158.36063018 0 1059
0.03350000 0.03345080 55499.80670697 0 4641.77322745 0 33810.22961972 0 1047.43528445 0 10816.28837954 0 1302
0.03450000 0.03451200 50612.92542501 0 4859.31119316 0 29784.99665515 0 2571.62494540 0 4833.41302541 0 1339
0.03550000 0.03553350 47819.15642677 0 1438.23963232 0 30789.92085569 0 3127.66602547 0 5251.96904820 0 1365
0.03650000 0.03647120 48541.62562119 0 -2892.96595629 0 25510.30421242 0 6248.00217191 0 -3343.88638453 0 1308
0.03750000 0.03744890 50859.72754522 0 -1264.41520499 0 26823.14976616 0 1361.36448110 0 -9445.68957954 0 1579
0.03850000 0.03847530 50453.26250113 0 381.46152019 0 20440.50812445 0 2407.05698162 0 -3287.98221652 0 1662
0.03950000 0.03950240 50229.26937004 0 2875.33881518 0 26710.98711575 0 -1890.71018603 0 -997.07835117 0 1683
0.04050000 0.04050350 47485.21511024 0 3639.27386604 0 26088.27956795 0 2485.57083691 0 5172.84621505 0 1822
0.04150000 0.04152450 45540.91487209 0 2622.54656725 0 26797.46197258 0 5179.05778927 0 6628.24795084 0 1887
0.04250000 0.04250150 44121.88572333 0 1634.20870928 0 26803.44102799 0 2622.02616798 0 7725.89179941 0 1920
0.04350000 0.04349210 42115.13757320 0 1081.45278799 0 25651.80852360 0 4794.64881622 0 9506.62058302 0 2005
0.04450000 0.04448520 42767.18678177 0 -1588.60180336 0 22426.44030393 0 5333.51672049 0 8310.15623544 0 2151
0.04550000 0.04548030 40893.52797595 0 -41.80577682 0 16884.85245544 0 5456.22022413 0 7877.13975643 0 2274
0.04650000 0.04648670 44174.03637322 0 -683.77363364 0 15338.15940153 0 5125.48988180 0 -91.65659413 0 2311
0.04750000 0.04749250 39769.68700686 0 1892.50390265 0 11517.43227636 0 -1224.94236701 0 -979.69812291 0 2568
0.04850000 0.04851840 41823.82470722 0 2256.01939877 0 12389.93147207 0 -4156.66146017 0 97.08469064 0 2493
0.04950000 0.04949480 38687.47797909 0 31.98063867 0 14150.98473447 0 164.93888666 0 4387.09868429 0 2644
0.05050000 0.05050630 38626.58019258 0 421.21448798 0 13925.55220116 0 -36.62902207 0 835.77229429 0 2829
0.05150000 0.05149060 39990.46916375 0 657.31742072 0 15142.62214523 0 2842.33221490 0 881.93945985 0 2784
0.05250000 0.05249300 37978.51702095 0 882.18526546 0 16432.43726335 0 2102.24695169 0 1836.03504608 0 3055
0.05350000 0.05348950 37270.44184880 0 2334.83220683 0 14101.49144253 0 3407.95085593 0 3480.35278792 0 3009
0.05450000 0.05448610 35702.71137773 0 514.60844060 0 14423.14247851 0 588.35012389 0 3051.77631116 0 3336
0.05550000 0.05550870 34917.46210159 0 682.58114426 0 12546.71559150 0 2352.61436049 0 366.77408132 0 3349
0.05650000 0.05647670 34947.13593210 0 115.96599399 0 12524.57094186 0 -632.41576220 0 2590.76899502 0 3324
0.05750000 0.05747970 34763.55678661 0 -593.76781242 0 11337.72844455 0 916.46961203 0 -1093.94790655 0 3639
0.05850000 0.05849280 35952.61374888 0 -1193.25337338 0 10570.60456414 0 -1165.24039159 0 -1280.66937782 0 3846
0.05950000 0.05951020 36379.23042414 0 144.06755438 0 9865.79572781 0 455.47004651 0 -2691.40535529 0 3787
0.06050000 0.06049470 36103.41881291 0 -91.92963766 0 9139.37371343 0 1731.57873374 0 -293.82185478 0 3930
0.06150000 0.06148310 36787.79920995 0 -402.91304229 0 9798.64207778 0 1793.63911435 0 -4773.29030164 0 4083
0.06250000 0.06249100 34941.93193944 0 2693.85233908 0 8941.43376265 0 1405.14445344 0 -1756.09286089 0 4303
0.06350000 0.06350600 32416.44537155 0 2644.03794972 0 9102.13748507 0 1996.52839432 0 -2890.14251346 0 4470
0.06450000 0.06451750 30712.63602846 0 929.40983804 0 7844.28816869 0 354.65985073 0 1533.70521690 0 4479
0.06550000 0.06550280 30876.83860552 0 463.38011536 0 8719.56651793 0 1212.87353296 0 -351.34036775 0 4636
0.06650000 0.06648880 28829.56574655 0 990.84131060 0 6995.63876064 0 3307.48058053 0 2899.70900211 0 4653
0.06750000 0.06749660 29641.16715576 0 -278.46232579 0 5604.12433906 0 1615.92830101 0 1632.30426941 0 5220
0.06850000 0.06852730 29402.55855592 0 -831.98334473 0 6100.28628651 0 1006.08125848 0 1972.32429227 0 5029
0.06950000 0.06949320 30001.46060536 0 780.56678997 0 6601.75187754 0 -257.15474391 0 1995.65368066 0 5040
0.07050000 0.07048030 28774.42556895 0 1377.77366648 0 5554.03314158 0 -1274.97820287 0 2964.24958347 0 5475
0.07150000 0.07148790 28013.97830041 0 577.75169457 0 6373.10837004 0 -1371.91640665 0 4078.13653255 0 5509
0.07250000 0.07249820 28127.24818330 0 -13.73023639 0 7697.11482720 0 211.60319961 0 3033.61769846 0 5916
0.07350000 0.07351270 28001.24512687 0 126.16914131 0 7690.09497327 0 673.16966816 0 2217.06696006 0 5721
0.07450000 0.07449140 27964.70645497 0 401.95417896 0 8291.79832089 0 -796.79106753 0 2279.62559529 0 6028
0.07550000 0.07549160 27587.91524139 0 1210.92480379 0 9141.58817839 0 -1409.48480476 0 1292.49462073 0 6183
0.07650000 0.07648840 26963.21467512 0 623.99415194 0 10001.24347731 0 11.38888259 0 2222.52561620 0 6330
0.07750000 0.07749960 26258.23975392 0 571.79478382 0 9927.72324052 0 -672.02257531 0 1163.20308382 0 6583
0.07850000 0.07848650 26447.90867806 0 500.99723170 0 10575.75319518 0 -537.59237245 0 -128.96933226 0 6549
0.07950000 0.07947320 25279.00334696 0 788.54218554 0 10305.15664894 0 156.70329146 0 -1403.62754493 0 6828
0.08050000 0.08048110 24972.52139597 0 961.07557979 0 9277.04700023 0 349.20340906 0 75.69207331 0 7147
0.08150000 0.08149960 23866.94976283 0 750.15332816 0 9453.61736411 0 -384.78653933 0 -1414.74415905 0 7386
0.08250000 0.08250610 23518.17153105 0 1160.02532660 0 9588.35648483 0 344.89627471 0 -1106.06878053 0 7227
0.08350000 0.08350160 22178.75239773 0 699.67349208 0 8297.54485747 0 1021.88810939 0 -1811.98595657 0 7798
0.08450000 0.08449610 21672.52570703 0 497.30461137 0 7632.57424584 0 1000.38344013 0 -1471.96593372 0 7371
0.08550000 0.08548940 21140.05760650 0 196.94344155 0 7923.99783506 0 277.92310358 0 -1809.84899788 0 8256
0.08650000 0.08650700 21163.86310486 0 24.83843554 0 7928.30496942 0 398.60369347 0 -3687.77064875 0 8037
0.08750000 0.08749060 20811.54172913 0 149.32690867 0 7221.23737882 0 -777.32149157 0 -2480.66579702 0 8155
0.08850000 0.08849210 20639.14563170 0 589.51714692 0 8114.47503892 0 -44.60353185 0 -3042.94059596 0 8718
0.08950000 0.08949900 20681.88480550 0 285.69366113 0 7987.88514927 0 -655.31111546 0 -2911.70032988 0 8571
0.09050000 0.09049190 19936.82806845 0 349.14804744 0 7959.85002283 0 847.34730265 0 -2820.67474755 0 8932
0.09150000 0.09150830 19976.02409831 0 705.37906106 0 7797.03148637 0 693.57928450 0 -2679.19258102 0 9285
0.09250000 0.09250820 19223.99179663 0 426.42955297 0 7618.39059774 0 743.92071652 0 -1847.08522625 0 9204
0.09350000 0.09350330 19145.15684392 0 160.73693939 0 7694.72320504 0 634.67451646 0 -1987.96948724 0 9349
0.09450000 0.09448040 18862.36966805 0 111.91905927 0 7098.91033423 0 547.39027269 0 -750.34266492 0 9564
0.09550000 0.09549270 19057.57475461 0 -335.63759669 0 7037.58072706 0 1324.41613318 0 -1001.99114170 0 10155
0.09650000 0.09649430 18991.58369869 0 42.82110900 0 6671.82862132 0 1341.24606691 0 187.30387556 0 9913
0.09750000 0.09749140 18839.67140217 0 289.66751851 0 5450.88336357 0 1612.79483308 0 -231.02295011 0 10476
0.09850000 0.09850240 18401.31806260 0 188.01914775 0 4748.41078778 0 945.81459450 0 109.72906414 0 10575
0.09950000 0.09950330 18102.25456925 0 343.57202466 0 4705.25086563 0 1024.20665421 0 19.14393889 0 10882
0.10050000 0.10051200 17735.76061776 0 210.06303923 0 4556.19522892 0 148.49316261 0 1003.30764112 0 10875
0.10150000 0.10150300 17535.13009204 0 568.20513611 0 4582.02696273 0 -39.88583569 0 1348.47629501 0 11118
0.10250000 0.10250800 17453.74850462 0 155.71785455 0 4609.20952016 0 -169.25044995 0 1658.99964455 0 11575
0.10350000 0.10349800 17057.02710637 0 366.73311371 0 5282.13006101 0 -426.35647563 0 1893.92116023 0 11364
0.10450000 0.10450100 17067.10292196 0 590.17484302 0 5144.34605097 0 15.19266905 0 1231.01000101 0 12093
0.10550000 0.10551000 16750.10226240 0 306.11434980 0 5529.44150816 0 -52.80546719 0 1620.76690695 0 12067
0.10650000 0.10649700 16372.09309309 0 144.18934995 0 5338.84250873 0 -64.75881689 0 1241.50656494 0 12054
0.10750000 0.10749900 16278.97484137 0 236.96214514 0 5337.56919138 0 -106.30638709 0 876.94584136 0 12807
0.10850000 0.10850100 16073.02959974 0 56.07302096 0 5701.54972514 0 445.79283462 0 847.78244502 0 12736
0.10950000 0.10950300 15918.34922202 0 335.48369138 0 5210.60284268 0 -241.95133470 0 32.58972725 0 12933
0.11050000 0.11050200 16019.32882437 0 328.97537885 0 5153.32570639 0 -77.11896381 0 1089.06058237 0 13428
0.11150000 0.11150900 15477.55997099 0 -18.85329036 0 5228.66180446 0 -39.31162493 0 -27.67671529 0 13453
0.11250000 0.11250000 15789.68880763 0 -89.75204353 0 4919.77715899 0 372.30138586 0 -151.23245577 0 13668
0.11350000 0.11349100 15449.43626595 0 158.72509797 0 5530.85876574 0 154.89628805 0 -1242.12661513 0 13791
0.11450000 0.11448600 15252.01671444 0 617.49137558 0 4244.80823805 0 227.79758189 0 -1019.36915550 0 14205
0.11550000 0.11549300 14792.40451122 0 264.37500693 0 4148.54544608 0 173.06929478 0 -227.01698299 0 14776
0.11650000 0.11649800 14600.18895236 0 -152.74714980 0 3883.88366594 0 728.83910288 0 -992.43129645 0 14553
0.11750000 0.11747300 14875.33622411 0 9.26332839 0 4214.68044222 0 408.67950906 0 -1220.92311310 0 14568
0.11850000 0.11849100 14543.27720280 0 301.70424282 0 3549.79840918 0 25.40345628 0 -762.41592790 0 16015
0.11950000 0.11950300 14242.88503047 0 380.54251723 0 3795.72581573 0 -110.29840308 0 471.11967041 0 15270
0.12050000 0.12050700 14047.23705092 0 193.49441237 0 3949.56469676 0 291.16006790 0 82.74890881 0 15999
0.12150000 0.12150000 14056.42708052 0 88.14722077 0 4365.39692765 0 229.60015637 0 658.62284781 0 15670
0.12250000 0.12250700 13713.07428789 0 385.98788657 0 4413.11864762 0 443.88396582 0 748.88333250 0 16887
0.12350000 0.12352200 13546.98941561 0 210.47935864 0 4543.49527236 0 479.53242280 0 1385.84539128 0 16407
0.12450000 0.12449800 13606.66924639 0 -132.93543901 0 4176.69129576 0 104.15658451 0 1381.40538902 0 16306
0.12550000 0.12549900 13529.49514240 0 157.56914726 0 4504.29924250 0 159.36729281 0 1259.93091344 0 17523
0.12650000 0.12650100 13418.99334071 0 349.07829179 0 4035.54129898 0 155.08562480 0 872.50251741 0 17154
0.12750000 0.12750600 13159.12587722 0 231.39165853 0 3965.30954265 0 22.24086814 0 1166.04867130 0 18007
0.12850000 0.12850300 12921.29234011 0 79.57757353 0 3505.13265086 0 36.78259522 0 519.31085695 0 17496
0.12950000 0.12949900 12884.31077522 0 252.52651214 0 4001.71534666 0 -108.28722600 0 -39.11442682 0 18405
0.13050000 0.13049000 12589.67621179 0 327.36657005 0 3668.25014009 0 -93.82987004 0 216.78283316 0 18100
0.13150000 0.13148800 12387.49556061 0 250.35965817 0 3687.21703251 0 -57.31467147 0 671.50549774 0 19059
0.13250000 0.13249300 12210.89197975 0 131.22808652 0 3301.96656277 0 239.27404656 0 1052.71899785 0 18957
0.13350000 0.13349100 12180.44308650 0 23.61992620 0 3806.26666896 0 772.70986828 0 277.27647981 0 19468
0.13450000 0.13450700 12042.59264250 0 129.83408082 0 3172.48679634 0 137.54152613 0 501.31722188 0 19953
0.13550000 0.13551000 11963.20407355 0 347.77840086 0 3714.41066226 0 -70.66612363 0 -64.90120699 0 19956
0.13650000 0.13649900 11632.36300797 0 163.98666673 0 3417.35125970 0 -408.01627680 0 655.65214307 0 19723
0.13750000 0.13749600 11779.51420481 0 -51.28302252 0 3908.98462630 0 -261.96013288 0 629.96877842 0 20946
0.13850000 0.13851100 11700.12563586 0 -39.89845814 0 3952.12240379 0 44.96581832 0 193.40583377 0 20955
0.13950000 0.13949800 11917.80754180 0 157.90685317 0 4002.54577102 0 177.18266345 0 84.95451591 0 20506
0.14050000 0.14048300 11620.73706691 0 250.66303987 0 3992.10456871 0 -140.88315376 0 370.71915065 0 21447
0.14150000 0.14148400 11556.40685972 0 276.58667397 0 3973.91273904 0 382.83781016 0 653.21844607 0 21771
0.14250000 0.14249400 11279.93090900 0 186.27082766 0 4024.53540811 0 235.11306690 0 570.67315732 0 22470
0.14350000 0.14350900 11059.90167020 0 204.84133084 0 3831.24583375 0 413.73845427 0 408.32740913 0 22519
0.14450000 0.14449900 10884.10636905 0 163.41312030 0 3568.57707208 0 435.92739320 0 590.96097808 0 22218
0.14550000 0.14550500 10713.39326500 0 -13.59703632 0 3198.68391686 0 382.06606912 0 121.78892961 0 23559
0.14650000 0.14650700 10759.97453551 0 69.31851097 0 2834.72552775 0 359.11313977 0 383.83321216 0 23044
0.14750000 0.14750500 10782.32955932 0 13.37769357 0 2873.14649487 0 -357.14558765 0 46.53842061 0 23649
0.14850000 0.14849900 10621.55940295 0 121.07365743 0 2978.64360574 0 -60.36166453 0 -84.34177346 0 23640
0.14950000 0.14949500 10590.82262926 0 201.64364343 0 3143.90912598 0 -394.35967137 0 -323.38496205 0 24457
0.15050000 0.15050000 10339.46978355 0 192.12808749 0 3019.04651900 0 -133.60088573 0 -432.52043886 0 24591
0.15150000 0.15149900 10281.82726054 0 177.48493791 0 3263.98848864 0 -71.83757559 0 -483.41548712 0 25020
0.15250000 0.15250500 10252.55203372 0 268.23592659 0 3430.91485761 0 -37.74289795 0 -306.66353711 0 25297
0.15350000 0.15350100 9908.05879164 0 66.43262023 0 3261.58579415 0 218.21227029 0 -288.35544802 0 25452
0.15450000 0.15450400 9910.79365587 0 130.02341758 0 3175.53168566 0 249.04094429 0 -286.77321280 0 26061
0.15550000 0.15549900 9681.64082142 0 184.62326572 0 3356.23202670 0 232.53542968 0 -364.34149155 0 26128
0.15650000 0.15649500 9752.78050838 0 139.27988113 0 3237.80244044 0 117.43861319 0 -544.27230602 0 26331
0.15750000 0.15749700 9386.66301593 0 346.73870956 0 3254.97561624 0 -262.20372403 0 -270.84124462 0 27345
0.15850000 0.15849900 9327.12712538 0 157.44624446 0 3458.45172943 0 -224.04406378 0 -564.04969261 0 26980
0.15950000 0.15949700 9202.07628888 0 24.88294629 0 3486.69723004 0 152.73939918 0 -357.93282995 0 27777
0.16050000 0.16050000 9101.34027768 0 82.05234885 0 3157.98205083 0 77.48158245 0 -847.43034509 0 28224
0.16150000 0.16150500 8970.79756807 0 188.09222509 0 3144.05306620 0 136.97351587 0 -741.74279023 0 28075
0.16250000 0.16249700 8942.75136930 0 184.67309119 0 2854.97680984 0 24.59816609 0 -706.86607428 0 28590
0.16350000 0.16349900 8719.48901166 0 112.03310421 0 2859.26179954 0 -36.20882735 0 -690.62075931 0 29163
0.16450000 0.16449100 8711.79374591 0 195.98789992 0 2843.68303852 0 201.02691494 0 -648.69540138 0 28996
0.16550000 0.16550500 8647.36388779 0 67.32250298 0 2886.10111490 0 51.88491410 0 -515.51858570 0 30777
0.16650000 0.16650700 8587.67298469 0 62.64001681 0 2925.57395288 0 402.35942605 0 -294.94348129 0 29211
0.16750000 0.16749900 8649.35690626 0 -40.19685730 0 2746.76697939 0 160.72586707 0 -553.95062514 0 30922
0.16850000 0.16850800 8561.32085162 0 10.93724246 0 2581.42395287 0 320.05108505 0 -315.70741202 0 30867
0.16950000 0.16949900 8522.31305129 0 84.80337868 0 2503.43049685 0 329.17357346 0 -450.86506662 0 30852
0.17050000 0.17049200 8416.05195000 0 61.22585949 0 2234.51694398 0 299.70458096 0 -76.72312820 0 31257
0.17150000 0.17149500 8370.06858503 0 39.54237218 0 2111.34840269 0 333.31905188 0 -106.04175853 0 32608
0.17250000 0.17250900 8308.20750627 0 76.79731277 0 1826.94466740 0 301.94119057 0 -246.14220965 0 32361
0.17350000 0.17350400 8243.37904446 0 212.56095571 0 1842.64522399 0 15.69269524 0 -106.60456480 0 32508
0.17450000 0.17449800 8133.49729296 0 279.42340359 0 1885.46190407 0 -126.42380478 0 -101.98530161 0 32791
0.17550000 0.17549800 7775.19686182 0 278.11133310 0 1838.94706750 0 -193.46119539 0 196.28795992 0 33633
0.17650000 0.17650100 7701.21158739 0 99.84269603 0 1899.41303334 0 103.93657741 0 230.85132907 0 33984
0.17750000 0.17750300 7596.35667135 0 -28.31580987 0 2055.62139188 0 205.64407439 0 -121.20209639 0 34069
0.17850000 0.17849800 7728.26127692 0 0.44239585 0 2082.20604377 0 131.71748328 0 -177.51261873 0 34536
0.17950000 0.17950400 7613.31947298 0 103.95329662 0 1904.98241272 0 -138.56239448 0 -217.27776608 0 35343
0.18050000 0.18050100 7588.30709121 0 179.55214096 0 2132.17544568 0 -194.61382441 0 101.23005833 0 34990
0.18150000 0.18150500 7492.33217968 0 43.06912908 0 2114.89154664 0 -88.55667535 0 143.68888087 0 36243
0.18250000 0.18250200 7560.99166588 0 -27.08744616 0 2077.75496919 0 92.86502766 0 170.90465527 0 35694
0.18350000 0.18350400 7594.46330381 0 -45.50836224 0 1986.26434922 0 310.68057655 0 43.39498760 0 37087
0.18450000 0.18450600 7586.73482109 0 35.97564418 0 2089.13731911 0 196.66884789 0 67.73915456 0 36651
0.18550000 0.18550700 7522.33817994 0 169.83839039 0 1792.78654534 0 200.82429140 0 -113.59983817 0 37818
0.18650000 0.18651000 7287.31701334 0 229.17830079 0 1759.71351110 0 41.77632443 0 121.08030082 0 37267
0.18750000 0.18750100 7158.75624987 0 156.11645825 0 1639.61200379 0 130.25815086 0 240.23733882 0 38334
0.18850000 0.18850000 7076.37815322 0 84.71147838 0 1665.49909922 0 265.19768066 0 471.39426406 0 38223
0.18950000 0.18949500 7066.36877158 0 -57.70729611 0 1446.74317778 0 276.80036984 0 543.04770689 0 39064
0.19050000 0.19050000 7047.94442309 0 -95.77572040 0 1363.76717559 0 393.20039896 0 643.49251595 0 39609
0.19150000 0.19149800 7213.54211307 0 -23.28764573 0 1350.38073488 0 130.01123802 0 336.47577168 0 39576
0.19250000 0.19250400 7122.30615657 0 42.64683061 0 1270.94787663 0 -102.01209664 0 346.18509331 0 40909
0.19350000 0.19350500 7056.69155969 0 139.64969678 0 1297.01212926 0 -261.31350911 0 272.58181408 0 40191
0.19450000 0.19450100 6995.57232669 0 214.94150554 0 1404.50225860 0 -376.80782207 0 320.52719501 0 41232
0.19550000 0.19549800 6881.59381501 0 170.28128339 0 1594.63622038 0 -70.87251176 0 241.33682068 0 40873
0.19650000 0.19649700 6715.84111248 0 148.16985072 0 1483.73581500 0 86.10338034 0 165.43603405 0 42816
0.19750000 0.19750200 6701.28100534 0 30.62959359 0 1512.60136580 0 95.37767033 0 177.99205039 0 41727
0.19850000 0.19849000 6624.35049250 0 48.22141399 0 1592.94215468 0 110.93140789 0 4.99583296 0 42610
0.19950000 0.19949900 6667.12288327 0 135.51861239 0 1586.17696422 0 12.88608235 0 43.91272951 0 43863
0.20050000 0.20050100 6477.18822334 0 144.16941977 0 1436.32412012 0 -151.59009186 0 345.41778120 0 43302
0.20150000 0.20150100 6418.29452762 0 63.38042317 0 1606.08500424 0 93.50788684 0 333.84166561 0 44487
0.20250000 0.20249700 6375.34497965 0 -20.85383801 0 1159.06203434 0 383.26077297 0 571.77928256 0 43759
0.20350000 0.20349100 6463.91250588 0 -13.07707995 0 1185.58025228 0 367.80048583 0 233.13554968 0 45282
0.20450000 0.20449700 6361.60422455 0 0.90898915 0 1064.73136305 0 223.80379433 0 -66.42265514 0 45483
0.20550000 0.20549900 6398.51935550 0 97.35662694 0 1040.13308623 0 -127.18115180 0 -13.16300119 0 46138
0.20650000 0.20650200 6282.87999509 0 167.94945178 0 1074.48718845 0 -354.39854387 0 -17.95133878 0 46227
0.20750000 0.20749300 6256.42821110 0 111.85373255 0 1265.56672677 0 -325.51527734 0 89.94304114 0 46236
0.20850000 0.20850300 6140.12451121 0 105.79772449 0 1409.93877008 0 -31.15265022 0 258.02392141 0 48361
0.20950000 0.20950400 6223.94201008 0 -27.70118512 0 1553.63540158 0 160.07149267 0 293.17744548 0 46812
0.21050000 0.21050300 6208.80614206 0 -56.56939328 0 1361.81844642 0 328.46715914 0 323.61083747 0 48813
0.21150000 0.21149700 6229.56675109 0 55.92775206 0 1341.79968315 0 291.41805306 0 203.18933998 0 47215
0.21250000 0.21249000 6096.37775585 0 165.33749035 0 1267.75904709 0 48.92118492 0 393.80384066 0 50004
0.21350000 0.21350300 6099.50015145 0 118.21035423 0 1175.83660644 0 31.51504741 0 543.91245546 0 49509
0.21450000 0.21449800 5890.58752677 0 36.59779812 0 1110.34380514 0 -83.41391264 0 329.02963324 0 49660
0.21550000 0.21550100 5965.79075694 0 75.95005848 0 1199.75282805 0 -121.06258510 0 125.59448765 0 50841
0.21650000 0.21649800 5925.54285622 0 42.33957360 0 1139.26471756 0 -65.38927507 0 168.47538721 0 50424
0.21750000 0.21750300 5918.81088273 0 -10.71685890 0 1140.27229912 0 -74.37734546 0 -54.76892255 0 52231
0.21850000 0.21850300 5894.08638141 0 74.19265908 0 1194.19452099 0 42.43789584 0 25.23194597 0 51078
0.21950000 0.21950100 5890.63181607 0 104.01574453 0 1167.01196356 0 -23.05855933 0 -169.12643991 0 52791
0.22050000 0.22050700 5720.69377475 0 139.05289847 0 1137.47100094 0 115.75229812 0 8.59588865 0 52969
0.22150000 0.22150000 5731.37856820 0 135.44332058 0 1154.99849113 0 89.91270297 0 67.41827859 0 52704
0.22250000 0.22250100 5551.38685595 0 99.01902579 0 1112.74649962 0 135.66919600 0 68.14063706 0 54051
0.22350000 0.22349900 5478.63060957 0 106.78759033 0 1108.25113575 0 93.39583491 0 150.91468005 0 53938
0.22450000 0.22449800 5409.42857945 0 104.46395224 0 926.97724828 0 179.76694406 0 153.20332959 0 54735
0.22550000 0.22549100 5307.24209370 0 80.37400586 0 914.05695245 0 105.29891626 0 173.68380880 0 54774
0.22650000 0.22649900 5267.03848228 0 -23.88090089 0 722.98405752 0 245.70817452 0 155.57834326 0 56911
0.22750000 0.22749800 5280.87888830 0 -34.50833970 0 688.11287774 0 160.81223120 0 337.29955265 0 54879
0.22850000 0.22849100 5374.56182860 0 -18.13237129 0 537.17937474 0 169.83839039 0 81.59639052 0 57210
0.22950000 0.22949800 5326.84010863 0 44.24268479 0 507.74138474 0 -105.49157471 0 154.12343978 0 57375
0.23050000 0.23049600 5304.20827670 0 135.59944036 0 559.75916674 0 -208.82736778 0 235.13078262 0 57604
0.23150000 0.23150100 5237.16534992 0 187.21308250 0 760.22250035 0 -270.56000757 0 136.43318642 0 58629
0.23250000 0.23250200 5091.65285715 0 118.24357120 0 841.17669603 0 -229.87696449 0 211.76153385 0 58560
0.23350000 0.23350400 5090.97744534 0 136.43207918 0 1011.00955026 0 -23.50964584 0 196.78289284 0 59305
0.23450000 0.23449700 5070.61544000 0 -22.48623086 0 888.56071009 0 56.79161484 0 459.31103599 0 59196
0.23550000 0.23549300 5092.11789480 0 -92.14754101 0 968.83617226 0 126.92870279 0 287.66896388 0 60063
0.23650000 0.23649900 5191.84632444 0 50.03517152 0 929.82172853 0 183.75740992 0 303.04177966 0 61537
0.23750000 0.23750400 5144.99931813 0 82.41297447 0 981.02348019 0 -1.31357633 0 325.42448428 0 61224
0.23850000 0.23850100 5045.96844495 0 104.52584654 0 905.91325755 0 15.99962009 0 378.12210702 0 61221
0.23950000 0.23949400 4956.40440949 0 94.26257649 0 1000.04351976 0 -27.91632040 0 413.01653869 0 62332
0.24050000 0.24050100 4908.78234045 0 103.86139633 0 951.61427824 0 98.81839526 0 451.05883230 0 63447
0.24150000 0.24150500 4865.01344044 0 72.23551495 0 891.44394347 0 105.30644544 0 425.98444552 0 63342
0.24250000 0.24250300 4758.55303731 0 25.98907154 0 823.11662702 0 143.04336433 0 393.02102730 0 63379
0.24350000 0.24349600 4795.61210848 0 51.12136658 0 757.48652889 0 57.82045527 0 460.75043821 0 64266
0.24450000 0.24449500 4779.95584118 0 43.35224843 0 676.22009365 0 43.48035522 0 383.01828906 0 64695
0.24550000 0.24549600 4761.93009638 0 -19.76465342 0 710.20548745 0 33.62266444 0 391.85068256 0 65947
0.24650000 0.24650000 4810.88084440 0 29.02144914 0 664.89421259 0 12.77679850 0 468.32501562 0 66018
0.24750000 0.24750000 4798.67914245 0 33.02154792 0 665.27177887 0 -23.78346443 0 408.17571828 0 66303
0.24850000 0.24849600 4761.31004619 0 39.22570369 0 678.23857846 0 71.99004151 0 365.96690884 0 66958
0.24950000 0.24949200 4770.59972671 0 50.41517370 0 679.76877375 0 1.71260077 0 322.99743068 0 66975
0.25050000 0.25048900 4741.19163199 0 51.77031554 0 659.38351653 0 -19.07839073 0 303.90874269 0 68676
0.25150000 0.25150000 4709.76837416 0 76.62690969 0 710.09476420 0 -76.29418633 0 310.34729957 0 69349
0.25250000 0.25249900 4650.56465335 0 76.90205697 0 742.06720935 0 -67.14335276 0 262.44177901 0 68592
0.25350000 0.25349900 4569.38236778 0 136.42765025 0 784.36127569 0 49.25014369 0 96.83866359 0 70437
0.25450000 0.25450100 4442.62639326 0 176.38434883 0 698.48210993 0 -75.35846416 0 193.81440256 0 70099
0.25550000 0.25550100 4385.83643926 0 99.87602373 0 729.83229042 0 73.82417211 0 254.99231888 0 71064
0.25650000 0.25650300 4325.32618413 0 67.53763825 0 661.75299404 0 91.32021690 0 278.00946771 0 71409
0.25750000 0.25750600 4329.38972734 0 15.44201781 0 559.97839877 0 177.86028972 0 252.53204830 0 72612
0.25850000 0.25850600 4236.31576491 0 -9.59573065 0 493.61974167 0 201.67464594 0 328.19145825 0 71845
0.25950000 0.25949600 4265.96745078 0 -4.88860856 0 441.31961539 0 157.32887781 0 195.12647305 0 72816
0.26050000 0.26049800 4305.86103710 0 6.29205895 0 439.19262179 0 26.66404046 0 111.37983705 0 73743
0.26150000 0.26149900 4242.32803729 0 31.74601610 0 361.38185913 0 -48.91531658 0 159.85004617 0 74662
0.26250000 0.26250300 4269.69882424 0 36.14748667 0 365.71335260 0 -116.23062255 0 95.84802269 0 74931
0.26350000 0.26350100 4252.47028682 0 86.09551899 0 413.58454895 0 -164.05420791 0 152.24557349 0 75087
0.26450000 0.26450200 4190.67564201 0 95.07373501 0 422.44794497 0 -59.98321247 0 -15.80319704 0 76678
0.26550000 0.26550600 4160.23782108 0 56.86679593 0 417.72892013 0 -73.46985772 0 -30.20175896 0 76035
0.26650000 0.26650100 4135.42474117 0 44.96194301 0 472.58896791 0 7.61001992 0 -79.76536016 0 77094
0.26750000 0.26750600 4108.53006418 0 67.50076741 0 435.10471947 0 35.99070255 0 -10.03834684 0 78463
0.26850000 0.26850100 4071.52635464 0 16.87023699 0 436.74674524 0 65.67671262 0 9.11819236 0 77076
0.26950000 0.26949700 4085.66571343 0 21.92408893 0 438.07653145 0 162.40553874 0 79.59373913 0 79149
0.27050000 0.27049900 4092.89594154 0 53.35819764 0 370.99817323 0 20.91351784 0 52.40055227 0 79648
0.27150000 0.27150200 3997.96182854 0 134.46231260 0 396.02937795 0 29.81754929 0 47.77099181 0 80241
0.27250000 0.27250500 3952.14454844 0 82.67118109 0 381.57113620 0 -35.51525692 0 91.28157448 0 80835
0.27350000 0.27350000 3882.66571021 0 40.53987792 0 302.78379449 0 -38.77694236 0 81.01398623 0 80680
0.27450000 0.27450400 3941.03900665 0 10.81474933 0 326.60036518 0 23.79575471 0 47.02538146 0 82617
0.27550000 0.27550800 3937.92768338 0 -12.74767829 0 277.17682888 0 2.87456375 0 -50.15984589 0 82548
0.27650000 0.27649900 3928.67121983 0 31.21587319 0 231.19235668 0 72.65006279 0 30.52883544 0 81181
0.27750000 0.27748900 3927.27610690 0 54.11786985 0 218.52561709 0 27.31365376 0 59.70407916 0 84096
0.27850000 0.27849800 3920.67700131 0 59.24778866 0 292.82977448 0 40.08679839 0 24.40750066 0 85215
0.27950000 0.27950200 3842.06349510 0 89.76466598 0 259.11565264 0 38.33260997 0 150.43192668 0 84514
0.28050000 0.28050300 3813.79584983 0 70.05028092 0 274.78963565 0 9.64209048 0 126.15474729 0 85815
0.28150000 0.28150100 3781.43144439 0 43.70158027 0 310.75254666 0 27.92949646 0 167.24635915 0 85485
0.28250000 0.28250000 3732.08209267 0 51.45707947 0 290.29089040 0 27.19130457 0 107.78587114 0 87220
0.28350000 0.28350400 3710.95609692 0 100.80155936 0 274.14190465 0 -12.97787192 0 110.11969576 0 87147
0.28450000 0.28449700 3631.74468517 0 88.36534557 0 275.13841388 0 -77.43142481 0 103.45183103 0 87102
0.28550000 0.28549800 3595.88142508 0 59.64240631 0 272.31275659 0 -62.13113276 0 57.91955257 0 88971
0.28650000 0.28649900 3573.73677544 0 47.29288883 0 347.11849030 0 34.54166740 0 65.18211187 0 89434
0.28750000 0.28750100 3608.54816467 0 28.94471792 0 293.13537064 0 61.75611312 0 119.51135240 0 89619
0.28850000 0.28849900 3548.59152578 0 46.34620506 0 293.96136608 0 77.54801640 0 298.90958804 0 90240
0.28950000 0.28950100 3565.34395323 0 36.02347663 0 239.17218118 0 144.77507593 0 393.99539188 0 91333
0.29050000 0.29050500 3517.60008861 0 18.23589753 0 202.24929960 0 192.64295059 0 418.96569881 0 92139
0.29150000 0.29150600 3533.28957288 0 24.97761467 0 105.07370517 0 165.34634821 0 441.37608425 0 92370
0.29250000 0.29250200 3512.07499853 0 43.02517195 0 136.44315151 0 -30.44579300 0 456.09231116 0 91819
0.29350000 0.29349600 3498.58890690 0 70.90517512 0 125.80707629 0 -121.42243566 0 373.59131171 0 93552
0.29450000 0.29450000 3422.96492839 0 101.05367620 0 184.49925569 0 -128.14998022 0 460.07502640 0 94701
0.29550000 0.29550200 3408.86985889 0 37.11908317 0 294.89919199 0 -152.01748360 0 393.65104258 0 95020
0.29650000 0.29650300 3386.91343878 0 42.80217533 0 308.56244081 0 -68.74186430 0 371.49974955 0 95151
0.29750000 0.29749800 3401.27424407 0 61.88067678 0 384.14213003 0 -21.69555614 0 438.15514496 0 95802
0.29850000 0.29850000 3375.56430584 0 84.18709308 0 429.36814798 0 31.43709824 0 512.56006050 0 97399
0.29950000 0.29950700 3320.21375407 0 67.12154028 0 379.08761375 0 38.71227999 0 504.47726339 0 97881
0.30050000 0.30050300 3306.16297387 0 1.27277481 0 395.87547264 0 111.82162281 0 520.52216928 0 97188
0.30150000 0.30149700 3316.59310385 0 36.71073583 0 434.25990108 0 60.59252251 0 507.84546460 0 98263
0.30250000 0.30249700 3286.99677961 0 49.02138946 0 415.42587657 0 42.35441051 0 466.98637155 0 100050
0.30350000 0.30350600 3285.74560691 0 1.43127514 0 255.24476788 0 71.53430462 0 456.19860548 0 100779
0.30450000 0.30450500 3281.84814857 0 -43.40428835 0 140.19113346 0 108.06422938 0 523.57702370 0 99982
0.30550000 0.30550300 3322.40607438 0 32.64785696 0 159.81018580 0 47.91061383 0 361.48483175 0 101559
0.30650000 0.30649700 3345.10434026 0 42.87591701 0 69.49688613 0 14.70781195 0 324.25413955 0 100935
0.30750000 0.30749800 3284.77124232 0 71.07015276 0 51.15203692 0 -52.84610262 0 253.04248248 0 103762
0.30850000 0.30850200 3203.10177446 0 104.97161834 0 26.15869955 0 -120.24987646 0 296.15368639 0 102951
0.30950000 0.30950100 3193.88960021 0 63.36658277 0 89.75558668 0 -35.16171759 0 128.57183579 0 104394
0.31050000 0.31050000 3125.38512656 0 84.00484261 0 149.34240992 0 -105.48127745 0 68.26210046 0 103963
0.31150000 0.31149700 3075.47108628 0 102.52142358 0 103.01713156 0 -17.48430812 0 147.03272296 0 105936
0.31250000 0.31250000 3019.24582085 0 67.36280624 0 127.60522184 0 2.02438636 0 131.34545316 0 105717
0.31350000 0.31349800 3027.01859287 0 31.39491268 0 124.96447237 0 12.12818171 0 170.45622612 0 106776
0.31450000 0.31450400 3016.06806362 0 29.64149933 0 184.58451259 0 69.26702466 0 80.69654268 0 108733
0.31550000 0.31549900 2981.45597624 0 38.75911592 0 115.68807864 0 28.74729837 0 134.74022795 0 105891
0.31650000 0.31650000 2980.82485373 0 11.59006673 0 141.67814668 0 44.98552706 0 233.36031788 0 111072
0.31750000 0.31750600 2979.47403010 0 17.44799090 0 116.23394425 0 79.70069779 0 208.42322792 0 108121
0.31850000 0.31849900 3041.20224096 0 -46.80448858 0 92.34783936 0 78.00607847 0 172.34295027 0 110484
0.31950000 0.31950100 3053.72504033 0 18.26180677 0 -35.50518110 0 66.60136246 0 215.90369057 0 110817
0.32050000 0.32049800 3054.02399310 0 50.53420120 0 -23.34887568 0 -47.40483003 0 198.95085404 0 111088
0.32150000 0.32149900 3042.36483507 0 53.87571810 0 -39.36964391 0 4.29089125 0 162.39889535 0 112635
0.32250000 0.32250100 3009.72362150 0 58.01599252 0 -16.49665675 0 21.11913091 0 237.25334728 0 113202
0.32350000 0.32350400 2953.22154795 0 44.80449455 0 -53.89719841 0 27.10826213 0 262.17050706 0 113863
0.32450000 0.32450300 2954.94883063 0 49.43327994 0 -39.48667838 0 63.00042099 0 214.28491668 0 114045
0.32550000 0.32549900 2929.03959055 0 42.92197788 0 -46.14402440 0 33.72663357 0 181.25617175 0 114828
0.32650000 0.32650300 2928.68527616 0 45.60900967 0 -56.02131321 0 -84.57097058 0 242.77400844 0 116431
0.32750000 0.32750400 2917.69045761 0 63.93658605 0 24.72549783 0 -81.86899116 0 194.78323098 0 116442
0.32850000 0.32850400 2895.98870097 0 41.29512120 0 78.50389020 0 -79.84751681 0 200.55523391 0 116955
0.32950000 0.32949800 2862.64993094 0 43.16656554 0 89.75215426 0 -44.51838568 0 197.02094782 0 117028
0.33050000 0.33049700 2871.08704245 0 70.50347118 0 98.29345635 0 -40.45417813 0 193.84319060 0 119061
0.33150000 0.33150100 2830.15265759 0 41.92115044 0 94.73392536 0 26.96365757 0 213.83759476 0 120060
0.33250000 0.33250400 2828.61360445 0 37.76415681 0 116.79309665 0 81.73136216 0 190.11735330 0 119737
0.33350000 0.33350100 2805.82675997 0 57.93793263 0 48.88054948 0 46.24721847 0 189.64345780 0 120531
0.33450000 0.33450000 2741.49655277 0 55.73033251 0 15.28401573 0 10.46220650 0 206.87199521 0 121704
0.33550000 0.33550300 2750.12189381 0 42.86340528 0 5.30614593 0 64.61033701 0 251.96071634 0 122761
0.33650000 0.33650300 2729.23948920 0 34.93661722 0 -34.30693411 0 -10.39050213 0 138.58896806 0 122472
0.33750000 0.33749900 2732.98193499 0 35.90201322 0 -24.39543183 0 -25.97534185 0 69.62532509 0 122985
0.33850000 0.33849800 2692.16934570 0 51.44534280 0 -96.56838814 0 -86.96115334 0 96.85759726 0 125380
0.33950000 0.33950300 2689.22410730 0 59.64473150 0 -53.60965014 0 -92.56995020 0 40.43136914 0 125223
0.34050000 0.34050000 2685.18270874 0 52.95295055 0 -49.37271432 0 -59.81491314 0 59.16552128 0 125178
0.34150000 0.34149900 2658.31017641 0 23.68381351 0 -78.61793514 0 91.15512853 0 57.95332316 0 127059
0.34250000 0.34250300 2677.28814115 0 -29.21344325 0 -121.22313381 0 107.17346085 0 40.03486919 0 127957
0.34350000 0.34349800 2713.91539165 0 -28.61155167 0 -138.59339699 0 142.22511953 0 86.95340271 0 126732
0.34450000 0.34449700 2767.87083049 0 10.64278505 0 -188.43768162 0 85.86798271 0 26.36708071 0 129639
0.34550000 0.34550000 2713.63858353 0 72.33859829 0 -160.66829098 0 -8.17903776 0 139.69066438 0 129826
0.34650000 0.34650400 2663.61382000 0 126.52788463 0 -173.44132489 0 -48.75554294 0 165.37735072 0 130875
0.34750000 0.34750200 2612.70327048 0 86.15874196 0 -103.90911805 0 -43.52663754 0 225.36831382 0 130686
0.34850000 0.34850200 2539.34911856 0 36.98931552 0 -101.75156483 0 20.59197753 0 146.30084229 0 132211
0.34950000 0.34950400 2556.96518734 0 49.08671617 0 -154.73906104 0 15.95809887 0 153.48345940 0 132768
0.35050000 0.35050300 2528.21035979 0 10.52617132 0 -211.41829178 0 44.56367148 0 58.31882061 0 132957
0.35150000 0.35150100 2518.73244975 0 28.97793490 0 -217.79816535 0 21.79686791 0 86.12497137 0 133987
0.35250000 0.35249800 2529.90442549 0 23.12288954 0 -207.65480858 0 -49.79556641 0 11.36585215 0 134778
0.35350000 0.35349800 2515.52147555 0 57.23295771 0 -202.19615244 0 -57.66953948 0 16.97254527 0 135699
0.35450000 0.35450100 2508.10301792 0 52.33777219 0 -174.60281176 0 -1.09263473 0 104.07907823 0 137380
0.35550000 0.35550100 2479.70250476 0 24.13401424 0 -187.28394538 0 49.21504442 0 175.23282704 0 136161
0.35650000 0.35649900 2485.59298156 0 49.67786759 0 -151.72406699 0 85.23763526 0 160.45459511 0 138792
0.35750000 0.35750000 2464.89880648 0 41.30785437 0 -212.26753910 0 61.85653911 0 140.73367737 0 138097
0.35850000 0.35849800 2460.25950238 0 31.82927999 0 -210.32213163 0 -11.25280371 0 170.88361786 0 140028
0.35950000 0.35950300 2435.34677154 0 49.40305249 0 -224.87780983 0 14.38483223 0 180.75680990 0 141099
0.36050000 0.36050500 2429.61130728 0 46.17890223 0 -268.40533316 0 -2.25790169 0 257.19238982 0 140821
0.36150000 0.36150200 2399.45029447 0 51.34414176 0 -330.79788351 0 10.21570334 0 170.18495416 0 141756
0.36250000 0.36250400 2402.55054542 0 34.06079633 0 -315.79709785 0 92.96877534 0 224.59989448 0 142971
0.36350000 0.36349900 2362.71232073 0 25.30015149 0 -360.72194857 0 65.81157353 0 162.56055129 0 142270
0.36450000 0.36450000 2345.92667630 0 63.42581971 0 -387.99308460 0 -2.62125111 0 114.14570379 0 145311
0.36550000 0.36550300 2362.44658493 0 36.76377227 0 -336.71382666 0 -83.05472642 0 134.37816293 0 145434
0.36650000 0.36650100 2322.05474399 0 70.05028092 0 -270.62311982 0 -122.34918925 0 151.94772795 0 144547
0.36750000 0.36749600 2323.16197647 0 52.00217002 0 -235.44523664 0 -110.34811782 0 212.57534973 0 146892
0.36850000 0.36849900 2300.39727665 0 14.12463260 0 -174.97373464 0 -59.47189251 0 197.86244451 0 148113
0.36950000 0.36949900 2339.10612421 0 7.52909230 0 -119.48699328 0 9.44453806 0 192.56765878 0 147387
0.37050000 0.37049800 2335.83978839 0 9.93232933 0 -107.94309815 0 53.70752949 0 153.64732981 0 149758
0.37150000 0.37150100 2338.27569985 0 58.20588289 0 -170.10855512 0 59.40246904 0 173.88975404 0 150099
0.37250000 0.37250000 2316.57394321 0 57.78734901 0 -179.23657970 0 10.22099591 0 245.82443393 0 150468
0.37350000 0.37349800 2254.23675448 0 48.83847465 0 -209.08535295 0 50.24798160 0 187.68476354 0 150709
0.37450000 0.37449700 2230.34267752 0 95.69267797 0 -224.75379980 0 -3.24962768 0 195.10322116 0 153108
0.37550000 0.37550100 2183.11921217 0 65.80426580 0 -285.98818497 0 31.19450360 0 212.76247202 0 153189
0.37650000 0.37649900 2164.47341717 0 3.10706043 0 -295.93223989 0 43.33874019 0 212.46573371 0 153547
0.37750000 0.37749900 2180.65008373 0 2.55528219 0 -377.90730392 0 21.78568487 0 115.08574417 0 155424
0.37850000 0.37850200 2218.66137484 0 4.61060463 0 -365.92372677 0 -25.98508550 0 109.48857325 0 155313
0.37950000 0.37949900 2192.99572591 0 60.81518696 0 -397.36912925 0 -42.69244859 0 56.42445655 0 156100
0.38050000 0.38050000 2192.84071336 0 53.56646807 0 -407.31207694 0 -47.10011965 0 129.32696835 0 157557
0.38150000 0.38149800 2141.47619852 0 35.25815754 0 -402.73477786 0 3.90022642 0 109.81941431 0 157692
0.38250000 0.38250100 2164.15231975 0 33.88795734 0 -374.30104773 0 47.22047582 0 85.58995663 0 159703
0.38350000 0.38350500 2131.43359991 0 38.55804250 0 -363.37598483 0 -5.73414665 0 75.32225766 0 160338
0.38450000 0.38450600 2134.38991064 0 71.50097692 0 -318.33155300 0 -25.72366791 0 107.31629384 0 160167
0.38550000 0.38550000 2093.79876786 0 82.21356190 0 -282.24795365 0 -104.81948459 0 156.86605464 0 160033
0.38650000 0.38649600 2069.11855583 0 46.78422623 0 -221.47749888 0 -75.77921251 0 177.55247909 0 162444
0.38750000 0.38750200 2076.59237509 0 34.52937712 0 -171.65425166 0 -1.26044024 0 236.05642897 0 164307
0.38850000 0.38850400 2083.54579507 0 14.48935498 0 -202.59807783 0 -1.91250052 0 208.68342755 0 163882
0.38950000 0.38950500 2098.58201218 0 26.38391064 0 -182.60367368 0 69.10448293 0 212.81451194 0 164595
0.39050000 0.39050100 2097.76266014 0 5.89535970 0 -235.69436395 0 38.36981298 0 201.56170823 0 165006
0.39150000 0.39150100 2095.89143725 0 41.55498866 0 -227.07123738 0 30.27660788 0 166.99723184 0 166687
0.39250000 0.39250100 2069.87147392 0 68.83586833 0 -247.95142752 0 -2.73829665 0 158.09508269 0 167256
0.39350000 0.39350100 2044.16153569 0 72.50634401 0 -252.69813317 0 -16.74611623 0 199.83774726 0 167937
0.39450000 0.39449600 1996.15193528 0 53.08227531 0 -266.72344702 0 -31.95893691 0 244.06393428 0 167719
0.39550000 0.39549700 2004.99872281 0 10.37315180 0 -278.77567259 0 49.39386246 0 210.45610676 0 171636
0.39650000 0.39650400 2020.02386759 0 -22.27851404 0 -360.21372886 0 93.64086546 0 247.45317291 0 171093
0.39750000 0.39750000 2052.93081695 0 13.89831428 0 -386.82716879 0 29.37233111 0 121.38257529 0 170464
0.39850000 0.39849800 2028.17309866 0 60.10589383 0 -401.19793918 0 5.94126556 0 145.57117609 0 172113
0.39950000 0.39949500 2005.59662835 0 55.66998834 0 -411.17964000 0 6.70139173 0 96.27630021 0 173232
