### header ###
fiducial parameters:
Omega_m = 0.31
Omega_nu = 0
Omega_de = 0.69
Omega_k = 0
H_0 = 100
w_de = -1
zeff = 0
beta = 0
fgrowth = 0
b_1 = 2
gamma = 0.55
Lx = 3500 Ly = 3500 Lz = 3500
nx = 700 ny = 700 nz = 700
xoffset = -685.467585 yoffset = -31.7331281 zoffset = 572.489161
bins = 400 dk = 0.001
kx_ny = 0.628318531 ky_ny = 0.628318531 kz_ny = 0.628318531
############################
A(data) = 8.04506175 (not used)
A(ran) = 8.04273252 (used)
Ngal = 477891
weighted Ngal = 0
Nran = 23820508
weighted Nran = 0
SN(data) = 3488.41538
SN(ran) = 70.0551171
SN(data+ran) = 3558.4705
############################
13 columns: k_central k_mean P_0(k) sigma^{lin}_{P_0(k)} P^img_1(k) sigma^{lin}_{P_1(k)} P_2(k) sigma^{lin}_{P_2(k)} P^img_3(k) sigma^{lin}_{P_3(k)} P_4(k) sigma^{lin}_{P_4(k)} N_modes
### header ###
0.00050000 0 0 0 0 0 0 0 0 0 0 0 0
0.00150000 0.00179520 40371.46786076 0 -27635.52623811 0 14684.67079073 0 -26819.60662222 0 -77704.57906803 0 3
0.00250000 0.00253879 60137.44995726 0 -3442.44114774 0 22218.50204383 0 -8761.26489320 0 60078.43446597 0 6
0.00350000 0.00331552 59551.94542085 0 -5572.60143030 0 -12001.84648717 0 -7927.28631553 0 41890.48010263 0 7
0.00450000 0.00420575 43546.12483276 0 2285.25033629 0 5453.04246691 0 -593.43896438 0 32636.89535869 0 24
0.00550000 0.00557378 87554.18705695 0 -23818.34225688 0 35106.90957923 0 -10435.68828622 0 -46755.43818144 0 45
0.00650000 0.00659388 76420.07866582 0 -11156.36376402 0 97381.09677999 0 -6641.24686017 0 47933.09064915 0 40
0.00750000 0.00754703 82627.99902189 0 49970.28769254 0 68945.81652024 0 -28816.50040326 0 38300.38950343 0 57
0.00850000 0.00846663 64597.71456395 0 29687.11730375 0 86683.45943321 0 30117.05567646 0 70073.31135652 0 75
0.00950000 0.00948925 66437.49205582 0 -20062.72040164 0 95831.74636812 0 62399.08302472 0 13495.61382846 0 112
0.01050000 0.01054430 72938.93974283 0 -6301.44828381 0 88405.42738901 0 64517.55093227 0 9168.31677051 0 105
0.01150000 0.01145670 77882.95422085 0 4554.05827023 0 56752.19736721 0 53362.73729372 0 -7320.13538410 0 144
0.01250000 0.01249090 75258.92396208 0 4657.06410802 0 24735.46292161 0 28271.29912919 0 32842.50843057 0 169
0.01350000 0.01339930 71033.28191830 0 -2710.68227280 0 12718.77951918 0 25855.76074676 0 39093.61085344 0 180
0.01450000 0.01448870 71038.70735746 0 -13732.89374932 0 -8547.43615630 0 32310.92611603 0 5161.49708211 0 267
0.01550000 0.01550050 77801.79407993 0 -5877.57754511 0 -15575.66076889 0 23306.91157351 0 -6573.83854668 0 238
0.01650000 0.01653350 76599.22888138 0 1290.08085392 0 -25623.13120232 0 -2985.16520506 0 -8334.73679654 0 315
0.01750000 0.01747870 65901.92370434 0 10942.78969059 0 -17317.89107910 0 -14172.24359812 0 15441.24274559 0 297
0.01850000 0.01844180 66843.51420692 0 4268.15977109 0 -14124.74332465 0 -23803.28389513 0 9085.30755134 0 388
0.01950000 0.01947590 63646.82330853 0 2072.07486656 0 -713.35334939 0 -16575.93459300 0 25406.77797536 0 399
0.02050000 0.02045430 69605.28418643 0 -478.00001305 0 4733.11990720 0 -4246.14798935 0 3468.05143505 0 462
0.02150000 0.02154770 70834.09079481 0 -1543.11669300 0 4515.64837544 0 -6895.07990664 0 -839.98642111 0 571
0.02250000 0.02255340 71098.94080447 0 1516.45453484 0 8148.33420821 0 -2497.48465842 0 -1051.21316168 0 510
0.02350000 0.02348930 70662.69120662 0 -61.05789232 0 11951.79957899 0 -521.30166095 0 -4820.35875445 0 555
0.02450000 0.02439640 65883.76509164 0 1794.05986269 0 4855.54660272 0 9459.79572136 0 -5544.25627877 0 592
0.02550000 0.02547300 66108.09039247 0 2997.09009889 0 4375.61668346 0 2428.40442388 0 -7333.45539086 0 837
0.02650000 0.02652900 62090.60805527 0 1747.24607336 0 3708.32088361 0 -2592.37448211 0 1205.48829231 0 723
0.02750000 0.02749970 65130.84700397 0 1076.50788773 0 4462.88874768 0 208.72550239 0 -2220.84262282 0 826
0.02850000 0.02848090 65433.23219477 0 -2648.11256525 0 11753.93713448 0 -1734.10322380 0 12867.48084149 0 831
0.02950000 0.02946900 66271.29646029 0 -1146.67210287 0 15624.48972134 0 2241.25998979 0 9216.24886465 0 996
0.03050000 0.03053250 66153.92981721 0 4596.60921451 0 17954.88192592 0 4626.65950407 0 5239.97772042 0 1041
0.03150000 0.03150510 60921.48127767 0 3429.73011885 0 18939.32232554 0 -1587.30634135 0 4486.62781209 0 1036
0.03250000 0.03246190 58395.44109354 0 7285.53436905 0 17185.46607427 0 1269.28702791 0 9465.19901587 0 1059
0.03350000 0.03345080 53512.54584852 0 4036.31636171 0 19524.27324571 0 -4378.58406651 0 9052.99850752 0 1302
0.03450000 0.03451200 51712.07510976 0 729.56655463 0 17049.27647900 0 3238.88752828 0 458.74413296 0 1339
0.03550000 0.03553350 50448.72284795 0 2105.22540707 0 16174.11992533 0 -3650.78908385 0 -6130.43622699 0 1365
0.03650000 0.03647120 47797.67611662 0 3751.82404782 0 17352.87962553 0 -3401.25209942 0 -6526.73687690 0 1308
0.03750000 0.03744890 46589.46403241 0 2317.11648712 0 17609.31466833 0 -1620.02506119 0 -9170.94091149 0 1579
0.03850000 0.03847530 44822.43171460 0 -1478.02249539 0 20139.89450563 0 1202.52090925 0 -10039.75302303 0 1662
0.03950000 0.03950240 47895.33402152 0 -1245.02756423 0 20655.31122594 0 416.77005680 0 -8212.98551283 0 1683
0.04050000 0.04050350 47426.08889571 0 638.90193008 0 20956.92135400 0 2966.20938497 0 -8240.66632488 0 1822
0.04150000 0.04152450 48728.30501763 0 2243.16442966 0 20295.23922283 0 595.65121487 0 -4354.23602423 0 1887
0.04250000 0.04250150 44474.53926880 0 1016.89559813 0 22752.63099308 0 904.99536182 0 135.61051268 0 1920
0.04350000 0.04349210 45189.03638935 0 2719.87230240 0 21843.48240223 0 4212.35525401 0 -3604.16352404 0 2005
0.04450000 0.04448520 43596.83608043 0 300.75423735 0 23694.11077241 0 4125.06104514 0 829.67697947 0 2151
0.04550000 0.04548030 40928.51652238 0 1321.65912430 0 17650.72516315 0 3552.17895902 0 -734.65982404 0 2274
0.04650000 0.04648670 41728.27054403 0 -92.87787155 0 16858.50032237 0 4422.06508607 0 1667.76892581 0 2311
0.04750000 0.04749250 40930.84171059 0 793.43947481 0 16059.18919372 0 1543.94711736 0 -4506.63550304 0 2568
0.04850000 0.04851840 38996.17439503 0 1776.18913043 0 12585.46872836 0 787.09060376 0 -1306.50111163 0 2493
0.04950000 0.04949480 38429.04991782 0 2010.21378780 0 13332.51848388 0 -3050.70229566 0 -4874.09274679 0 2644
0.05050000 0.05050630 36744.83858966 0 1096.12029668 0 9685.27254396 0 -1630.57698674 0 -3588.65119697 0 2829
0.05150000 0.05149060 35715.77672101 0 -297.93300899 0 11872.74317979 0 2391.82146267 0 -5062.68765543 0 2784
0.05250000 0.05249300 36753.80717276 0 -347.72525370 0 10169.97463523 0 1339.46342261 0 -7162.27724916 0 3055
0.05350000 0.05348950 35690.97471342 0 -41.24330272 0 12082.12084211 0 1037.53551883 0 -5919.14305248 0 3009
0.05450000 0.05448610 36168.19191310 0 1666.62847635 0 12142.24356587 0 -1105.26603698 0 -7887.69168198 0 3336
0.05550000 0.05550870 34721.14978255 0 1076.13253591 0 12059.09040648 0 -697.95728173 0 -5438.02839446 0 3349
0.05650000 0.05647670 34606.88339042 0 -213.16218294 0 11725.92415269 0 -866.27765639 0 -5097.52118931 0 3324
0.05750000 0.05747970 35317.06230429 0 -164.47052732 0 14081.11836487 0 -52.18165241 0 -5711.41516655 0 3639
0.05850000 0.05849280 34609.98364137 0 118.69975099 0 12561.66323000 0 386.00892399 0 -6894.68130295 0 3846
0.05950000 0.05951020 34687.15774536 0 1114.08625093 0 11350.35089484 0 318.75008688 0 -4349.10953784 0 3787
0.06050000 0.06049470 35169.02532147 0 -336.08602585 0 11408.03770715 0 2390.32669882 0 -3364.37018544 0 3930
0.06150000 0.06148310 34502.80353713 0 -532.48913795 0 12117.10938853 0 2805.15134815 0 -3843.64683754 0 4083
0.06250000 0.06249100 35503.63097749 0 -141.36037096 0 10491.47065866 0 2239.33340527 0 -4120.85356170 0 4303
0.06350000 0.06350600 35267.67973560 0 144.84704605 0 11204.30693048 0 1890.06799119 0 -1718.24765466 0 4470
0.06450000 0.06451750 34693.46897051 0 1204.22604728 0 10643.09507473 0 -678.56078312 0 -127.54875298 0 4479
0.06550000 0.06550280 33794.50691848 0 1552.73854327 0 10420.41955030 0 -115.58399878 0 346.79960734 0 4636
0.06650000 0.06648880 32583.85892281 0 1426.82406543 0 11105.76323960 0 -83.07842120 0 1696.13622199 0 4653
0.06750000 0.06749660 30475.46683084 0 2061.89940005 0 11065.30496471 0 1016.27001178 0 1766.68907574 0 5220
0.06850000 0.06852730 29258.39688678 0 1411.00171326 0 11243.28151385 0 1656.41979287 0 1111.70570109 0 5029
0.06950000 0.06949320 28238.41432448 0 258.21547263 0 12184.65056993 0 631.95736795 0 1426.41438941 0 5040
0.07050000 0.07048030 28543.89976623 0 -317.20439033 0 11991.54922509 0 317.87869492 0 -299.16203704 0 5475
0.07150000 0.07148790 29074.37484829 0 -49.49362411 0 12799.27532061 0 -660.66237005 0 1555.97166211 0 5509
0.07250000 0.07249820 29356.38696142 0 220.49759814 0 12621.23233753 0 -1357.57774601 0 2320.10601482 0 5916
0.07350000 0.07351270 29056.99129833 0 448.09698541 0 12821.53069350 0 -609.64220451 0 2220.18935566 0 5721
0.07450000 0.07449140 28913.49396868 0 341.55575431 0 12168.81714544 0 1226.92431315 0 135.33813349 0 6028
0.07550000 0.07549160 28376.37549172 0 425.28246012 0 11635.24181243 0 1004.30193589 0 -1858.72223963 0 6183
0.07650000 0.07648840 27219.87116442 0 825.18493729 0 10290.58546948 0 2368.07132594 0 -77.01643408 0 6330
0.07750000 0.07749960 27002.29998173 0 841.76463648 0 9359.21472271 0 1923.20745937 0 -1616.90266559 0 6583
0.07850000 0.07848650 25564.55860403 0 360.08639712 0 7713.60151886 0 1378.42693365 0 -520.27304197 0 6549
0.07950000 0.07947320 26002.02615761 0 580.80322729 0 9272.28590055 0 771.03573277 0 -538.07069689 0 6828
0.08050000 0.08048110 25042.83065857 0 621.13749214 0 8533.11964031 0 -448.41254667 0 1771.98164700 0 7147
0.08150000 0.08149960 25009.72440737 0 514.90628613 0 9256.82893511 0 -54.46963761 0 1457.31724798 0 7386
0.08250000 0.08250610 24271.97540470 0 34.51365442 0 9925.82987297 0 -939.46240175 0 1448.11614606 0 7227
0.08350000 0.08350160 24597.72320086 0 315.94657424 0 9784.94561198 0 948.82405238 0 783.09460173 0 7798
0.08450000 0.08449610 23639.63493431 0 1345.85215403 0 10844.51173550 0 -136.68452819 0 -150.63676469 0 7371
0.08550000 0.08548940 22530.40943397 0 1375.88029894 0 9306.32222705 0 88.74545848 0 426.98649091 0 8256
0.08650000 0.08650700 21352.86768951 0 585.01735412 0 8875.87452740 0 1727.67020308 0 115.80544528 0 8037
0.08750000 0.08749060 21176.04266216 0 195.01353533 0 8655.01486424 0 543.13185656 0 703.82118496 0 8155
0.08850000 0.08849210 20984.49144279 0 -110.97680442 0 7420.08526024 0 2316.54072623 0 -366.60688921 0 8718
0.08950000 0.08949900 20806.11628997 0 -25.15023221 0 7521.40810466 0 386.61568739 0 774.88779457 0 8571
0.09050000 0.09049190 21091.78227029 0 34.22433457 0 7781.62988254 0 -501.12234897 0 705.03360452 0 8932
0.09150000 0.09150830 20839.66543417 0 436.55851572 0 8035.08646997 0 -572.70049999 0 1391.51442158 0 9285
0.09250000 0.09250820 21159.98779117 0 466.91329421 0 8340.68263496 0 -297.05275916 0 422.62731663 0 9204
0.09350000 0.09350330 19871.50135202 0 190.94113427 0 8524.45000998 0 -664.63844189 0 -274.49954074 0 9349
0.09450000 0.09448040 20100.03413628 0 810.40670536 0 8105.47323884 0 -124.14179863 0 -809.75565266 0 9564
0.09550000 0.09549270 19463.59690571 0 620.38125236 0 8396.45393507 0 371.01588895 0 -2153.55610490 0 10155
0.09650000 0.09649430 18707.35712059 0 812.45729992 0 7864.77196961 0 253.45548019 0 -1458.53520371 0 9913
0.09750000 0.09749140 18269.77884376 0 684.84764915 0 7946.92861976 0 206.63836916 0 -1638.47155434 0 10476
0.09850000 0.09850240 17524.16849047 0 521.67036937 0 7630.78052922 0 566.42913521 0 -1167.37735028 0 10575
0.09950000 0.09950330 17518.63232806 0 66.14418617 0 7428.35628688 0 599.17332140 0 -65.88143990 0 10882
0.10050000 0.10051200 17229.86609679 0 -204.51801896 0 7469.09136989 0 1095.83020177 0 -594.68681538 0 10875
0.10150000 0.10150300 17602.56055019 0 33.53840405 0 7450.84417859 0 1136.31947916 0 60.09515368 0 11118
0.10250000 0.10250800 17319.77337432 0 297.67613105 0 7123.15872558 0 482.16209995 0 -274.30577506 0 11575
0.10350000 0.10349800 16576.48820924 0 484.77516860 0 6569.12173630 0 1006.70241591 0 1426.30366616 0 11364
0.10450000 0.10450100 16580.03135319 0 560.90625959 0 6689.02394177 0 148.40458401 0 1471.39017283 0 12093
0.10550000 0.10551000 16043.90938547 0 175.24943553 0 6178.46797205 0 493.79246994 0 2270.61272288 0 12067
0.10650000 0.10649700 16099.16028631 0 101.25585685 0 7023.24206642 0 448.76464660 0 1544.25714246 0 12054
0.10750000 0.10749900 15733.77356730 0 284.09924636 0 6606.92265324 0 -77.61212516 0 2521.07978261 0 12807
0.10850000 0.10850100 15657.81741904 0 196.24145616 0 7037.76895658 0 163.70432244 0 2103.02201443 0 12736
0.10950000 0.10950300 15623.05031911 0 148.40790571 0 6648.29993108 0 506.86224215 0 3229.48712450 0 12933
0.11050000 0.11050200 15513.10213366 0 14.45945970 0 6773.22897201 0 318.66261551 0 2877.69722037 0 13428
0.11150000 0.11150900 15561.04530013 0 -16.49632458 0 6562.85480046 0 629.21586033 0 1736.72736478 0 13453
0.11250000 0.11250000 15213.26357757 0 300.51618237 0 6223.14480270 0 378.34798245 0 2309.56516160 0 13668
0.11350000 0.11349100 15253.67756316 0 300.82288577 0 5918.31262811 0 257.87665949 0 1656.34228660 0 13791
0.11450000 0.11448600 15159.34135571 0 35.61989039 0 5815.32893498 0 105.10636853 0 1834.21918481 0 14205
0.11550000 0.11549300 14831.71126432 0 170.60680974 0 5498.10682892 0 -29.68800309 0 587.74668219 0 14776
0.11650000 0.11649800 14692.31069485 0 691.78556788 0 5804.35626108 0 -472.06967588 0 1274.46887593 0 14553
0.11750000 0.11747300 14410.29858172 0 329.58103502 0 5791.37949639 0 -158.65977126 0 930.16386336 0 14568
0.11850000 0.11849100 14116.66052753 0 -175.88055805 0 5713.15352155 0 535.78426181 0 494.32837046 0 16015
0.11950000 0.11950300 14318.06611598 0 -60.10666889 0 5325.33427245 0 576.89358940 0 263.14265717 0 15270
0.12050000 0.12050700 14345.85765128 0 -43.45544249 0 5078.41035667 0 534.78221642 0 -54.67879382 0 15999
0.12150000 0.12150000 14439.41879600 0 161.33816663 0 4938.50046026 0 616.80267697 0 1008.77736958 0 15670
0.12250000 0.12250700 14216.42217415 0 95.85477680 0 4188.97050399 0 867.50225552 0 685.09456199 0 16887
0.12350000 0.12352200 14053.32682957 0 95.88135038 0 3835.90728250 0 766.98879805 0 828.37044514 0 16407
0.12450000 0.12449800 13656.16253833 0 247.52403579 0 4078.96695692 0 143.83171386 0 306.06895326 0 16306
0.12550000 0.12549900 13457.41430783 0 531.12059860 0 3934.30703316 0 -218.42264446 0 146.34402436 0 17523
0.12650000 0.12650100 13102.98919039 0 269.86134387 0 3763.19532541 0 -150.61240558 0 284.86102231 0 17154
0.12750000 0.12750600 13126.35179575 0 4.62131157 0 3776.36031962 0 -441.51116661 0 29.83759020 0 18007
0.12850000 0.12850300 13147.49993616 0 32.21348966 0 4020.31685235 0 -35.55821754 0 198.03185108 0 17496
0.12950000 0.12949900 13203.52589974 0 290.59980826 0 4050.73252863 0 -98.83146061 0 -333.91917188 0 18405
0.13050000 0.13049000 12877.00304084 0 351.89841292 0 4438.88394747 0 -490.05998924 0 -327.45957758 0 18100
0.13150000 0.13148800 12628.54007191 0 344.76008511 0 4723.02194697 0 -64.68341436 0 -232.46567403 0 19059
0.13250000 0.13249300 12409.86165674 0 465.63001176 0 4966.05947674 0 -201.24393251 0 160.04713356 0 18957
0.13350000 0.13349100 12395.13546473 0 -143.39989319 0 5139.10884133 0 497.53270126 0 462.33156620 0 19468
0.13450000 0.13450700 12203.25207562 0 -81.53615707 0 5162.75932714 0 635.51379869 0 534.76228623 0 19953
0.13550000 0.13551000 12437.65319203 0 48.34531330 0 4956.47084344 0 509.60153531 0 1077.73913025 0 19956
0.13650000 0.13649900 12199.48748518 0 165.48918120 0 4283.69424281 0 748.53898320 0 868.06915855 0 19723
0.13750000 0.13749600 12208.34534504 0 -5.03294739 0 4139.45506740 0 436.90729395 0 1080.99107204 0 20946
0.13850000 0.13851100 12056.54377178 0 66.35710698 0 3638.96384095 0 376.23981180 0 669.94651441 0 20955
0.13950000 0.13949800 12088.98568349 0 328.06301928 0 3705.27599429 0 -147.21430909 0 973.01486765 0 20506
0.14050000 0.14048300 11598.48169403 0 388.14145375 0 3262.36085689 0 3.28927768 0 630.33527237 0 21447
0.14150000 0.14148400 11373.82422346 0 123.45199280 0 3108.34481866 0 365.38450455 0 617.60320606 0 21771
0.14250000 0.14249400 11461.84920577 0 -237.45375636 0 3026.17709618 0 395.13805580 0 163.60688599 0 22470
0.14350000 0.14350900 11416.00978102 0 71.59143781 0 2991.14426046 0 121.31724857 0 -697.18996962 0 22519
0.14450000 0.14449900 11218.47950625 0 356.06603598 0 3062.18429649 0 -76.16685460 0 -361.75942540 0 22218
0.14550000 0.14550500 10848.01059015 0 621.91366211 0 3010.94157723 0 -424.45978639 0 -805.89030407 0 23559
0.14650000 0.14650700 10479.80042830 0 381.26886174 0 2993.36979775 0 -419.65771911 0 -603.79490978 0 23044
0.14750000 0.14750500 10260.18086552 0 5.77223545 0 3293.16406454 0 -195.83288737 0 -1141.77813530 0 23649
0.14850000 0.14849900 10293.70786507 0 120.37831543 0 3436.03027167 0 -129.69567676 0 -1152.65115827 0 23640
0.14950000 0.14949500 10205.87111229 0 66.96132374 0 3159.91970767 0 279.43004698 0 -1345.76357543 0 24457
0.15050000 0.15050000 10225.28089770 0 66.07531631 0 3355.35731304 0 21.14437581 0 -1474.84473817 0 24591
0.15150000 0.15149900 10003.39150833 0 255.63672818 0 3010.37688867 0 -24.18007511 0 -1327.16206974 0 25020
0.15250000 0.15250500 9990.83549199 0 144.14395342 0 3133.75580412 0 393.07638892 0 -858.39526836 0 25297
0.15350000 0.15350100 9811.74063804 0 69.13360315 0 3084.72754983 0 284.51667300 0 -392.81729652 0 25452
0.15450000 0.15450400 9750.64354969 0 17.13287253 0 3145.90214445 0 655.58460188 0 -262.57021798 0 26061
0.15550000 0.15549900 9763.31028929 0 37.97918136 0 2856.79267111 0 448.06266120 0 -177.89129223 0 26128
0.15650000 0.15649500 9644.79212443 0 146.55329130 0 2680.63198324 0 100.07056448 0 -129.35797086 0 26331
0.15750000 0.15749700 9619.70223639 0 153.87541970 0 2838.92193885 0 -160.92627615 0 413.15494275 0 27345
0.15850000 0.15849900 9443.77406735 0 157.67654881 0 2858.76354493 0 -225.42367545 0 530.66884775 0 26980
0.15950000 0.15949700 9514.03904064 0 120.48903868 0 2940.58802534 0 -27.37344431 0 573.05924331 0 27777
0.16050000 0.16050000 9385.32326463 0 64.75305928 0 3057.73322192 0 -148.81093833 0 518.87128565 0 28224
0.16150000 0.16150500 9235.18254009 0 260.20738387 0 3469.50190960 0 18.93843654 0 683.54886545 0 28075
0.16250000 0.16249700 9134.91156653 0 248.41867963 0 3372.77407998 0 78.38630211 0 738.45763145 0 28590
0.16350000 0.16349900 8910.79663988 0 150.11747266 0 3345.19291886 0 339.28371326 0 854.16785474 0 29163
0.16450000 0.16449100 8787.16306095 0 100.19391018 0 3345.69117348 0 69.15397623 0 683.28977305 0 28996
0.16550000 0.16550500 8773.46659515 0 71.74213215 0 3274.13073817 0 271.66613282 0 410.63377439 0 30777
0.16650000 0.16650700 8609.05364392 0 113.68841677 0 2986.77069215 0 96.33575859 0 594.84847132 0 29211
0.16750000 0.16749900 8595.89972203 0 54.84576448 0 2834.22727313 0 134.60071666 0 278.61180218 0 30922
0.16850000 0.16850800 8490.08151374 0 -21.42395201 0 2657.13650998 0 189.64124333 0 167.07805982 0 30867
0.16950000 0.16949900 8555.36394087 0 135.28830803 0 2641.08163899 0 175.44984461 0 18.41272256 0 30852
0.17050000 0.17049200 8430.91100991 0 64.46938632 0 2464.16803304 0 184.33870698 0 215.89261824 0 31257
0.17150000 0.17149500 8390.56345827 0 52.95461140 0 2344.11081503 0 101.66852240 0 15.86232326 0 32608
0.17250000 0.17250900 8353.33830223 0 -42.65269894 0 2272.27357161 0 233.14551478 0 19.09012739 0 32361
0.17350000 0.17350400 8311.25239559 0 138.79269883 0 2372.59990679 0 -42.63564756 0 -48.88243178 0 32508
0.17450000 0.17449800 8330.59574705 0 198.57328776 0 2332.57345257 0 117.06769031 0 109.19283145 0 32791
0.17550000 0.17549800 8087.85717005 0 163.77629256 0 2275.98280042 0 -86.04026808 0 462.26513225 0 33633
0.17650000 0.17650100 7995.90151244 0 103.78156486 0 2021.66257166 0 120.53664967 0 53.15136661 0 33984
0.17750000 0.17750300 7970.92234764 0 48.87423826 0 1894.38619787 0 284.75804969 0 -14.83625092 0 34069
0.17850000 0.17849800 7824.39120099 0 89.65471780 0 1840.46397601 0 93.55073673 0 -146.60865292 0 34536
0.17950000 0.17950400 7792.58041179 0 92.09671904 0 1701.38450396 0 95.90427010 0 19.56623736 0 35343
0.18050000 0.18050100 7803.46450709 0 -83.79247542 0 1645.24781713 0 260.24613700 0 -168.10335709 0 34990
0.18150000 0.18150500 7819.28685925 0 -89.51443144 0 1447.30786634 0 256.83475373 0 -532.68954703 0 36243
0.18250000 0.18250200 7910.58924971 0 96.08541333 0 1444.94946116 0 -138.08960621 0 -538.21352988 0 35694
0.18350000 0.18350400 7805.87827390 0 153.68054679 0 1505.38221002 0 -308.90346842 0 -482.47433951 0 37087
0.18450000 0.18450600 7711.33169227 0 114.78789863 0 1630.52162512 0 -184.10397369 0 -148.55959656 0 36651
0.18550000 0.18550700 7639.23978538 0 173.21655670 0 1913.34201796 0 -93.14947568 0 -466.85239642 0 37818
0.18650000 0.18651000 7585.68295023 0 182.87826733 0 1938.40976135 0 39.27995808 0 -243.19586401 0 37267
0.18750000 0.18750100 7409.58869631 0 111.39976723 0 2144.02283323 0 42.99937343 0 -99.89683970 0 38334
0.18850000 0.18850000 7345.30277842 0 116.36016875 0 2064.37960081 0 179.09042501 0 119.48034989 0 38223
0.18950000 0.18949500 7315.29677816 0 91.90970747 0 2246.91794777 0 155.30485684 0 402.80564074 0 39064
0.19050000 0.19050000 7267.71899841 0 46.98264229 0 2179.49856195 0 282.49265203 0 492.44607524 0 39609
0.19150000 0.19149800 7242.65125502 0 74.64440993 0 2196.00739826 0 68.75404385 0 518.85799886 0 39576
0.19250000 0.19250400 7077.64039825 0 178.63867416 0 2106.36585652 0 -38.30005733 0 486.01969791 0 40909
0.19350000 0.19350500 7034.96765840 0 205.58871277 0 2226.88811218 0 -147.37375057 0 590.77828472 0 40191
0.19450000 0.19450100 6827.61623152 0 72.84294269 0 1994.23642309 0 205.33515653 0 895.47537694 0 41232
0.19550000 0.19549800 6887.05247115 0 -83.90098421 0 1944.15629793 0 462.24741653 0 524.57021124 0 40873
0.19650000 0.19649700 6889.36658703 0 -96.47980954 0 1625.05189666 0 561.20521236 0 640.53509799 0 42816
0.19750000 0.19750200 6916.69308469 0 82.57972369 0 1430.15683520 0 178.72060936 0 102.66735682 0 41727
0.19850000 0.19849000 6829.98570903 0 206.98714739 0 1334.04905577 0 -54.03715260 0 522.17637461 0 42610
0.19950000 0.19949900 6597.17900739 0 295.81708771 0 1314.31817295 0 -308.26238081 0 463.85511809 0 43863
0.20050000 0.20050100 6468.88397972 0 203.34656699 0 1438.20641534 0 -187.01045895 0 646.87400395 0 43302
0.20150000 0.20150100 6403.63476956 0 -14.86891428 0 1570.90822830 0 28.77641859 0 397.15986231 0 44487
0.20250000 0.20249700 6387.18129488 0 -15.07474879 0 1688.93921086 0 -119.80698347 0 201.45541391 0 43759
0.20350000 0.20349100 6382.12124244 0 49.04918099 0 1620.00291654 0 83.20320630 0 -8.63861675 0 45282
0.20450000 0.20449700 6408.09691647 0 52.12064390 0 1703.58789660 0 -197.15603019 0 284.80787515 0 45483
0.20550000 0.20549900 6417.46410326 0 -1.21420221 0 1751.47570144 0 91.22344478 0 344.99924733 0 46138
0.20650000 0.20650200 6465.91659667 0 -37.29192216 0 1904.96026807 0 67.12408692 0 399.88033252 0 46227
0.20750000 0.20749300 6514.49088565 0 9.43095232 0 1764.88428679 0 159.71717828 0 347.42408646 0 46236
0.20850000 0.20850300 6508.06893725 0 62.56727164 0 1777.75032823 0 98.49497266 0 161.59504457 0 48361
0.20950000 0.20950400 6334.59882432 0 140.44690416 0 1708.78081694 0 176.27805451 0 371.70680202 0 46812
0.21050000 0.21050300 6319.44081164 0 132.65973812 0 1657.11734933 0 24.90121562 0 248.79513867 0 48813
0.21150000 0.21149700 6093.79790416 0 141.63164292 0 1419.61598197 0 -28.19822179 0 77.78197462 0 47215
0.21250000 0.21249000 6060.65843598 0 114.60963420 0 1425.18536136 0 -31.58945343 0 177.18044898 0 50004
0.21350000 0.21350300 6008.78459421 0 -1.99980580 0 1334.66910596 0 59.27746249 0 142.01695982 0 49509
0.21450000 0.21449800 5980.50587662 0 32.99586013 0 1284.68863173 0 113.17244644 0 -38.35508679 0 49660
0.21550000 0.21550100 6001.45471518 0 103.79009055 0 1316.39977001 0 -61.31366302 0 -130.52056496 0 50841
0.21650000 0.21649800 5898.50423901 0 107.21631075 0 1328.01463875 0 -31.59986142 0 -184.30770447 0 50424
0.21750000 0.21750300 5793.33929789 0 127.74473313 0 1317.75059364 0 -124.02996815 0 -129.98023551 0 52231
0.21850000 0.21850300 5736.52719924 0 99.21865981 0 1519.85373856 0 -12.26725011 0 13.39574146 0 51078
0.21950000 0.21950100 5679.88118547 0 115.15882151 0 1508.83677536 0 67.80138103 0 -77.11287403 0 52791
0.22050000 0.22050700 5580.34098535 0 107.61458227 0 1417.01398564 0 120.35063462 0 9.77266640 0 52969
0.22150000 0.22150000 5550.71144413 0 14.22627654 0 1309.22490353 0 222.92797343 0 194.79098160 0 52704
0.22250000 0.22250100 5510.24209692 0 15.91535969 0 1223.10436109 0 261.68775369 0 80.03663212 0 54051
0.22350000 0.22349900 5452.12346395 0 81.09182468 0 1134.96865554 0 141.09574240 0 153.80566406 0 53938
0.22450000 0.22449800 5403.30558382 0 84.57063841 0 984.54115778 0 191.07400216 0 164.76062223 0 54735
0.22550000 0.22549100 5390.95994165 0 24.98791193 0 951.43379934 0 14.19283812 0 291.71036244 0 54774
0.22650000 0.22649900 5407.86738165 0 -12.52113852 0 960.98146503 0 -70.38986912 0 -54.74400981 0 56911
0.22750000 0.22749800 5331.41297878 0 107.55357376 0 1039.86181427 0 -152.31643637 0 72.36616838 0 54879
0.22850000 0.22849100 5284.36667062 0 159.64299370 0 1053.66235993 0 -162.76206760 0 16.03936973 0 57210
0.22950000 0.22949800 5273.37185208 0 60.40207852 0 1043.64412043 0 -22.41326424 0 -50.44839068 0 57375
0.23050000 0.23049600 5172.40332206 0 34.14871059 0 1055.10397662 0 -37.38072220 0 -196.91686797 0 57604
0.23150000 0.23150100 5242.49113816 0 68.54964874 0 1122.65623034 0 60.54380428 0 -258.17782673 0 58629
0.23250000 0.23250200 5190.69480266 0 -12.77480548 0 1134.18252047 0 -18.08874633 0 -73.74279052 0 58560
0.23350000 0.23350400 5210.17102201 0 71.68832065 0 1112.00465386 0 3.60592402 0 -45.56394531 0 59305
0.23450000 0.23449700 5203.83765222 0 48.01557947 0 1170.34473333 0 -4.66221274 0 -11.56050362 0 59196
0.23550000 0.23549300 5183.74138267 0 64.63048865 0 1106.68329455 0 118.61892301 0 58.75274502 0 60063
0.23650000 0.23649900 5094.84168670 0 97.60331834 0 1162.52767201 0 104.15370570 0 134.62175408 0 61537
0.23750000 0.23750400 5059.12236684 0 55.19498560 0 976.61005151 0 215.61027396 0 77.06769894 0 61224
0.23850000 0.23850100 5001.87844752 0 17.99762110 0 1019.29939985 0 130.83501899 0 232.54539477 0 61221
0.23950000 0.23949400 4973.17898159 0 122.90169825 0 916.44303845 0 131.82377759 0 115.06470675 0 62332
0.24050000 0.24050100 4889.87080966 0 99.79442070 0 980.70349000 0 -0.24696821 0 301.09194326 0 63447
0.24150000 0.24150500 4838.22948670 0 79.90265699 0 893.09371987 0 -17.81780654 0 283.09166480 0 63342
0.24250000 0.24250300 4731.97945774 0 -24.82714177 0 897.49939792 0 -27.77990935 0 327.65002157 0 63379
0.24350000 0.24349600 4891.31021189 0 15.71218253 0 969.34328474 0 48.26802847 0 235.10088734 0 64266
0.24450000 0.24449500 4804.41460671 0 44.79663320 0 854.40480249 0 -57.12854569 0 255.48946626 0 64695
0.24550000 0.24549600 4830.39028073 0 127.27858826 0 963.01877280 0 -33.21165974 0 237.25888345 0 65947
0.24650000 0.24650000 4689.12956070 0 102.47469837 0 968.43203240 0 -68.10310188 0 319.90382313 0 66018
0.24750000 0.24750000 4642.22719276 0 83.09934789 0 962.60023892 0 81.61211322 0 88.42568974 0 66303
0.24850000 0.24849600 4603.64014077 0 61.56234744 0 915.81413040 0 49.17739851 0 182.01794769 0 66958
0.24950000 0.24949200 4572.91443940 0 106.19998205 0 888.14660514 0 78.18478580 0 88.13758785 0 66975
0.25050000 0.25048900 4505.87151262 0 24.65020602 0 916.60580162 0 71.75575111 0 245.56534153 0 68676
0.25150000 0.25150000 4519.29117030 0 54.16592374 0 875.55737182 0 81.03192340 0 240.96146887 0 69349
0.25250000 0.25249900 4479.88476627 0 9.85607423 0 896.38441481 0 58.34351189 0 309.88558363 0 68592
0.25350000 0.25349900 4511.38553038 0 34.65250137 0 874.44128148 0 20.81829585 0 264.99394988 0 70437
0.25450000 0.25450100 4501.87440336 0 93.99429406 0 880.79458146 0 -54.02497304 0 318.22968761 0 70099
0.25550000 0.25550100 4429.04065071 0 69.74269174 0 921.21299598 0 -23.15023818 0 404.23175618 0 71064
0.25650000 0.25650300 4428.76384259 0 44.39891529 0 962.42418896 0 -74.58517300 0 385.66900362 0 71409
0.25750000 0.25750600 4366.43772618 0 46.31188085 0 904.86692285 0 74.75878705 0 340.36105046 0 72612
0.25850000 0.25850600 4371.27633213 0 42.70717478 0 938.28873532 0 -19.65725187 0 236.72962632 0 71845
0.25950000 0.25949600 4327.00917750 0 55.48995234 0 888.50977740 0 107.15164837 0 196.76296265 0 72816
0.26050000 0.26049800 4300.91170791 0 26.97428700 0 772.38655640 0 54.22837165 0 127.45020929 0 73743
0.26150000 0.26149900 4246.08155540 0 10.72483098 0 756.79672305 0 27.92429247 0 240.56729410 0 74662
0.26250000 0.26250300 4348.24589651 0 -44.54506998 0 704.67707567 0 13.78460151 0 15.03688144 0 74931
0.26350000 0.26350100 4311.35291021 0 9.65278634 0 772.21161366 0 55.75214499 0 302.43612349 0 75087
0.26450000 0.26450200 4323.13386382 0 103.68390696 0 736.12247815 0 38.32663091 0 115.36587398 0 76678
0.26550000 0.26550600 4310.51141352 0 88.33124281 0 754.05521543 0 49.96995552 0 227.31925746 0 76035
0.26650000 0.26650100 4230.89032575 0 136.92479764 0 841.49115005 0 -19.14460323 0 353.40646356 0 77094
0.26750000 0.26750600 4089.67389502 0 116.34577473 0 874.12350576 0 -21.12743516 0 302.53798888 0 78463
0.26850000 0.26850100 4025.26618155 0 110.20661351 0 816.36915227 0 35.27753410 0 531.31436428 0 77076
0.26950000 0.26949700 3992.07135174 0 14.42092801 0 762.29966849 0 161.14993711 0 463.42661912 0 79149
0.27050000 0.27049900 4005.85639614 0 -67.03761206 0 585.07935914 0 245.24978027 0 392.55820412 0 79648
0.27150000 0.27150200 4025.10009667 0 -10.17163548 0 525.58222172 0 166.56984011 0 245.68049370 0 80241
0.27250000 0.27250500 3983.70067418 0 73.96999463 0 356.08264447 0 98.63791637 0 221.80302523 0 80835
0.27350000 0.27350000 3995.29339826 0 70.89543147 0 257.47030517 0 -11.93884496 0 166.17787981 0 80680
0.27450000 0.27450400 3893.72696270 0 94.93809903 0 291.26746945 0 -130.87598659 0 219.04380189 0 82617
0.27550000 0.27550800 3873.35388503 0 97.00297689 0 306.67128773 0 -107.31729035 0 143.43421740 0 82548
0.27650000 0.27649900 3840.36942940 0 43.41004596 0 329.18907472 0 -64.01486739 0 147.56087286 0 81181
0.27750000 0.27748900 3809.16761806 0 27.25707418 0 374.64539703 0 -20.55698898 0 72.88579258 0 84096
0.27850000 0.27849800 3816.55285871 0 38.54630584 0 367.38305918 0 -15.67542242 0 -47.39984749 0 85215
0.27950000 0.27950200 3804.46188001 0 61.01592821 0 464.71765220 0 3.22877850 0 102.44967491 0 84514
0.28050000 0.28050300 3770.02694983 0 42.39404944 0 388.39500999 0 -14.11378172 0 36.80130745 0 85815
0.28150000 0.28150100 3767.94535276 0 42.90049757 0 384.82307800 0 65.38894290 0 52.03494410 0 85485
0.28250000 0.28250000 3745.96678799 0 13.66125581 0 324.64831431 0 135.80760006 0 52.69441177 0 87220
0.28350000 0.28350400 3746.08858357 0 47.06712413 0 298.38143814 0 123.30473088 0 -1.43871574 0 87147
0.28450000 0.28449700 3683.18670627 0 91.97658431 0 282.03868671 0 20.84719462 0 34.09047016 0 87102
0.28550000 0.28549800 3641.83157308 0 82.54539948 0 265.83212487 0 -35.57715121 0 68.40216537 0 88971
0.28650000 0.28649900 3586.11563459 0 42.04837145 0 275.25135160 0 -30.00212494 0 198.95306850 0 89434
0.28750000 0.28750100 3628.15725192 0 -3.11889674 0 320.63791826 0 17.19853142 0 153.56318014 0 89619
0.28850000 0.28849900 3613.43105992 0 -3.23733740 0 318.99589249 0 25.23748213 0 292.02924539 0 90240
0.28950000 0.28950100 3686.59698232 0 21.90227645 0 295.85473362 0 69.82473766 0 232.80670164 0 91333
0.29050000 0.29050500 3641.96444097 0 31.76716424 0 280.98238692 0 107.77568460 0 362.47580482 0 92139
0.29150000 0.29150600 3597.86337122 0 58.94329973 0 233.37914083 0 109.30012228 0 375.02517777 0 92370
0.29250000 0.29250200 3572.65168761 0 80.11602069 0 188.72445484 0 105.19273266 0 409.71477143 0 91819
0.29350000 0.29349600 3554.59272583 0 42.45649735 0 127.29408951 0 29.11312799 0 322.92103164 0 93552
0.29450000 0.29450000 3493.94960280 0 63.26870342 0 150.62679960 0 -6.89117138 0 426.78718906 0 94701
0.29550000 0.29550200 3479.97632888 0 67.13515924 0 114.83993855 0 -36.48928933 0 359.15742907 0 95020
0.29650000 0.29650300 3456.80195303 0 53.67519830 0 200.21863523 0 -30.75792184 0 343.86101234 0 95151
0.29750000 0.29749800 3402.87973116 0 107.60284561 0 177.01214964 0 -60.84220343 0 392.07102183 0 95802
0.29850000 0.29850000 3360.76060755 0 81.24916241 0 237.21791584 0 35.63395224 0 320.86490092 0 97399
0.29950000 0.29950700 3316.98063522 0 4.56470985 0 178.04630478 0 99.36182497 0 401.29759010 0 97881
0.30050000 0.30050300 3325.15201094 0 -19.35896344 0 130.99335323 0 88.68057466 0 295.34540668 0 97188
0.30150000 0.30149700 3353.75182594 0 23.56068926 0 105.67183216 0 52.21243347 0 306.22618028 0 98263
0.30250000 0.30249700 3340.16608339 0 56.44184010 0 70.18547401 0 -24.03690995 0 311.87749486 0 100050
0.30350000 0.30350600 3321.12168470 0 59.12599309 0 109.92161187 0 -90.95095486 0 316.76924797 0 100779
0.30450000 0.30450500 3286.75318847 0 76.23572446 0 52.38992284 0 -95.85931646 0 349.06721947 0 99982
0.30550000 0.30550300 3291.14890142 0 14.72309176 0 160.20878950 0 -32.98844167 0 293.46200423 0 101559
0.30650000 0.30649700 3287.32894936 0 15.96142057 0 116.42992440 0 -35.79117925 0 244.56440336 0 100935
0.30750000 0.30749800 3321.76387954 0 38.07274251 0 180.30284458 0 -13.29177233 0 111.27797166 0 103762
0.30850000 0.30850200 3259.68135428 0 56.60416038 0 216.74408002 0 -61.38308650 0 111.02441542 0 102951
0.30950000 0.30950100 3256.41501846 0 97.26306580 0 283.90548067 0 -80.18234392 0 69.86692322 0 104394
0.31050000 0.31050000 3174.36909156 0 92.45479802 0 284.46241861 0 -21.74272425 0 89.85944508 0 103963
0.31150000 0.31149700 3132.93645209 0 58.83335154 0 255.33888264 0 27.65601004 0 166.31185494 0 105936
0.31250000 0.31250000 3123.54712064 0 64.83687678 0 276.00869861 0 54.92138846 0 182.30361367 0 105717
0.31350000 0.31349800 3076.13542577 0 24.65087036 0 164.39302105 0 119.65418539 0 300.08989786 0 106776
0.31450000 0.31450400 3093.95079640 0 0.61158983 0 145.67857764 0 139.05622016 0 145.46377454 0 108733
0.31550000 0.31549900 3068.65053419 0 26.64455317 0 8.29196441 0 71.89548385 0 193.15338476 0 105891
0.31650000 0.31650000 3095.60057280 0 30.80497922 0 -34.01938584 0 59.70120036 0 101.47829986 0 111072
0.31750000 0.31750600 3038.13520699 0 16.30355540 0 -58.61400879 0 -26.87928645 0 172.17907986 0 108121
0.31850000 0.31849900 3068.26300282 0 30.71684351 0 -112.13386237 0 8.70201688 0 41.32601298 0 110484
0.31950000 0.31950100 3044.10319007 0 3.73940090 0 -66.70411364 0 -29.10349506 0 -7.49340620 0 110817
0.32050000 0.32049800 3071.68435119 0 58.81397497 0 -77.37550957 0 -44.52569341 0 -38.37778505 0 111088
0.32150000 0.32149900 3048.01172073 0 55.45197426 0 -49.23674617 0 -98.62562609 0 -28.18714946 0 112635
0.32250000 0.32250100 3005.88152479 0 84.42082986 0 -0.39266561 0 -89.55894219 0 -133.22664115 0 113202
0.32350000 0.32350400 2953.44299445 0 100.99421781 0 35.57449386 0 -28.86078970 0 -109.95172859 0 113863
0.32450000 0.32450300 2905.25623684 0 65.08378962 0 74.55140241 0 -6.62547987 0 -101.15864184 0 114045
0.32550000 0.32549900 2895.59009727 0 -0.39143658 0 33.24531961 0 82.29206469 0 -63.01769381 0 114828
0.32650000 0.32650300 2897.42810319 0 6.31668380 0 14.68677453 0 148.97480874 0 -42.36537211 0 116431
0.32750000 0.32750400 2932.23949242 0 9.65464649 0 -44.83549706 0 67.72808224 0 -57.52615287 0 116442
0.32850000 0.32850400 2889.59996955 0 35.41892769 0 -90.91286607 0 56.52831496 0 10.75839119 0 116955
0.32950000 0.32949800 2909.67409444 0 36.45108981 0 -188.72334760 0 4.73417178 0 179.64514849 0 117028
0.33050000 0.33049700 2887.09762414 0 54.60449852 0 -162.26381298 0 33.76250790 0 201.22953849 0 119061
0.33150000 0.33150100 2884.14131341 0 33.55855568 0 -174.67699634 0 4.33968699 0 202.70437215 0 120060
0.33250000 0.33250400 2866.82419739 0 41.59008793 0 -150.67994676 0 54.86680190 0 236.14611480 0 119737
0.33350000 0.33350100 2819.91075714 0 58.61079781 0 -162.15087527 0 9.43662135 0 249.88686990 0 120531
0.33450000 0.33450000 2803.88910313 0 62.80012263 0 -178.16145696 0 4.50501894 0 188.36238981 0 121704
0.33550000 0.33550300 2799.64840272 0 45.02095850 0 -111.85926871 0 -33.83126704 0 217.56011036 0 122761
0.33650000 0.33650300 2757.10853077 0 57.52393841 0 -121.55973249 0 -78.60132666 0 281.28133969 0 122472
0.33750000 0.33749900 2736.99011657 0 62.57291852 0 -75.94086845 0 5.42584884 0 406.66213147 0 122985
0.33850000 0.33849800 2738.76168854 0 67.84389875 0 9.90033031 0 4.83188504 0 384.94265911 0 125380
0.33950000 0.33950300 2701.40366460 0 27.86372685 0 -38.77395284 0 62.10688437 0 367.54250066 0 125223
0.34050000 0.34050000 2707.02840561 0 28.69138313 0 19.40602082 0 12.51394151 0 353.36217426 0 125178
0.34150000 0.34149900 2702.96486240 0 75.71908978 0 46.84279882 0 -59.53124017 0 289.03750323 0 127059
0.34250000 0.34250300 2656.95935278 0 54.03006631 0 71.86780304 0 -87.57544592 0 372.23827361 0 127957
0.34350000 0.34349800 2667.04624069 0 30.19622280 0 47.71075837 0 -9.31976403 0 354.60338187 0 126732
0.34450000 0.34449700 2678.80504965 0 -31.02631499 0 17.15501718 0 37.05663526 0 339.94362381 0 129639
0.34550000 0.34550000 2695.29174130 0 21.01959071 0 34.03798734 0 85.42896503 0 238.98616612 0 129826
0.34650000 0.34650400 2677.46529835 0 50.03948972 0 -99.30568828 0 50.28352376 0 274.10647321 0 130875
0.34750000 0.34750200 2672.72634332 0 35.27675904 0 -82.88675925 0 46.84623124 0 264.29528619 0 130686
0.34850000 0.34850200 2662.72803401 0 24.24064073 0 -164.14278651 0 -17.26363669 0 263.10611850 0 132211
0.34950000 0.34950400 2627.75055991 0 62.98868432 0 -87.75138516 0 34.63666794 0 208.88383663 0 132768
0.35050000 0.35050300 2602.22885120 0 82.68911825 0 -168.03692315 0 -25.31864227 0 288.07753267 0 132957
0.35150000 0.35150100 2566.05556602 0 53.71505867 0 -128.64491314 0 6.96460303 0 270.07836144 0 133987
0.35250000 0.35249800 2524.65614352 0 33.34375258 0 -164.82373448 0 -7.55620842 0 248.69548775 0 134778
0.35350000 0.35349800 2521.29015678 0 55.84913855 0 -135.97811387 0 13.53038093 0 230.98308974 0 135699
0.35450000 0.35450100 2514.41424307 0 64.74962686 0 -186.32397482 0 -10.00756577 0 303.34626859 0 137380
0.35550000 0.35550100 2459.58409056 0 70.20496130 0 -141.53974262 0 3.68916576 0 281.65226257 0 136161
0.35650000 0.35649900 2440.60612583 0 48.86405172 0 -160.54206648 0 -3.57959404 0 300.79299049 0 138792
0.35750000 0.35750000 2442.01231108 0 21.60409874 0 -123.16854128 0 -45.05384330 0 205.79465801 0 138097
0.35850000 0.35849800 2418.55005479 0 23.88211885 0 -189.80843544 0 2.03698667 0 274.59365550 0 140028
0.35950000 0.35950300 2442.26697455 0 26.98768451 0 -170.16502398 0 -6.71393667 0 174.21860209 0 141099
0.36050000 0.36050500 2433.75235676 0 24.66991476 0 -200.74899959 0 18.90488740 0 231.19567838 0 140821
0.36150000 0.36150200 2430.15385120 0 36.96207760 0 -198.81466444 0 15.06843757 0 175.85730616 0 141756
0.36250000 0.36250400 2394.03592764 0 47.94992058 0 -200.79882505 0 9.72988294 0 196.35660833 0 142971
0.36350000 0.36349900 2412.44920381 0 36.46692324 0 -178.87119298 0 13.72503240 0 157.08196497 0 142270
0.36450000 0.36450000 2372.55561749 0 52.34640860 0 -173.97390371 0 -14.69729324 0 236.85031466 0 145311
0.36550000 0.36550300 2362.36907866 0 55.26241606 0 -178.51466412 0 -3.28563488 0 191.59440143 0 145434
0.36650000 0.36650100 2329.10781490 0 51.53558225 0 -150.39206631 0 -3.54418474 0 359.16739416 0 144547
0.36750000 0.36749600 2332.13055958 0 47.66923715 0 -189.04223056 0 31.40875309 0 273.54067741 0 146892
0.36850000 0.36849900 2305.60126931 0 31.19073901 0 -195.89821409 0 15.20650946 0 329.93645664 0 148113
0.36950000 0.36949900 2329.14103188 0 22.72074270 0 -233.09901101 0 52.62698131 0 331.84421821 0 147387
0.37050000 0.37049800 2316.39678601 0 -8.53706139 0 -267.46086385 0 90.79594232 0 329.54560358 0 149758
0.37150000 0.37150100 2338.47500170 0 8.14000782 0 -300.53389809 0 71.70526131 0 226.15001996 0 150099
0.37250000 0.37250000 2326.77155436 0 59.24236322 0 -333.47295719 0 8.70138576 0 206.73137669 0 150468
0.37350000 0.37349800 2287.55337986 0 72.24625510 0 -362.31082718 0 -5.90549088 0 259.22194696 0 150709
0.37450000 0.37449700 2272.67217530 0 63.95064790 0 -320.26367368 0 -74.46559189 0 368.50911461 0 153108
0.37550000 0.37550100 2237.76113515 0 39.83656385 0 -334.47721705 0 -30.82513085 0 247.41331254 0 153189
0.37650000 0.37649900 2242.31186065 0 26.48090421 0 -305.10787547 0 -13.52672706 0 239.87748827 0 153547
0.37750000 0.37749900 2242.73260899 0 25.41962187 0 -325.60496317 0 -43.77642919 0 175.60374993 0 155424
0.37850000 0.37850200 2255.56543346 0 9.45637437 0 -281.66112043 0 -16.74445538 0 151.38525385 0 155313
0.37950000 0.37949900 2253.50598104 0 24.89999767 0 -321.99981421 0 2.56092908 0 169.31688389 0 156100
0.38050000 0.38050000 2258.37780396 0 49.93430264 0 -308.41185720 0 -48.02908771 0 55.78801932 0 157557
0.38150000 0.38149800 2225.22726345 0 84.41529369 0 -276.59442460 0 -76.48573755 0 61.62457390 0 157692
0.38250000 0.38250100 2168.02763344 0 87.46815509 0 -248.32567210 0 -25.11579728 0 111.08531321 0 159703
0.38350000 0.38350500 2135.57464940 0 65.84944088 0 -265.95502768 0 36.37989476 0 184.52361480 0 160338
0.38450000 0.38450600 2131.46681689 0 32.45121247 0 -241.98898061 0 20.04511541 0 205.44145085 0 160167
0.38550000 0.38550000 2148.44069084 0 -0.55763328 0 -213.57518066 0 56.00547978 0 206.07810952 0 160033
0.38650000 0.38649600 2119.35369354 0 12.25396332 0 -273.81748553 0 70.74097254 0 238.59974198 0 162444
0.38750000 0.38750200 2174.53816043 0 3.33128608 0 -286.00368623 0 31.55712224 0 261.06106011 0 164307
0.38850000 0.38850400 2168.73626223 0 17.30582225 0 -313.24049805 0 36.86674489 0 228.80073452 0 163882
0.38950000 0.38950500 2165.76887918 0 56.32702009 0 -312.75995915 0 -12.32969803 0 210.95657584 0 164595
0.39050000 0.39050100 2133.49305233 0 90.77235827 0 -341.23908582 0 -40.15456102 0 250.48698991 0 165006
0.39150000 0.39150100 2101.77084173 0 64.78206877 0 -297.85328825 0 -20.48125428 0 240.31263063 0 166687
0.39250000 0.39250100 2062.91805394 0 30.41833363 0 -274.12197447 0 29.59233820 0 288.04763739 0 167256
0.39350000 0.39350100 2050.66099036 0 46.50387496 0 -317.94402163 0 25.50842192 0 291.08256162 0 167937
0.39450000 0.39449600 2073.68035366 0 -9.87641409 0 -338.89950358 0 73.00016970 0 336.56545751 0 167719
0.39550000 0.39549700 2063.31665763 0 3.02530238 0 -362.25103663 0 45.03601686 0 334.57576074 0 171636
0.39650000 0.39650400 2117.10601160 0 27.78810287 0 -393.27679800 0 -19.76376763 0 329.48913472 0 171093
0.39750000 0.39750000 2071.93092634 0 49.73134692 0 -407.25782255 0 -30.47679551 0 333.84830900 0 170464
0.39850000 0.39849800 2064.16922664 0 82.83726596 0 -360.27573388 0 -72.31412845 0 243.26119073 0 172113
0.39950000 0.39949500 2031.66088097 0 75.57238148 0 -333.93467314 0 -76.43602281 0 232.11246687 0 173232
