### header ###
fiducial parameters:
Omega_m = 0.31
Omega_nu = 0
Omega_de = 0.69
Omega_k = 0
H_0 = 100
w_de = -1
zeff = 0
beta = 0
fgrowth = 0
b_1 = 2
gamma = 0.55
Lx = 3500 Ly = 3500 Lz = 3500
nx = 700 ny = 700 nz = 700
xoffset = -685.467585 yoffset = -31.7331281 zoffset = 572.489161
bins = 400 dk = 0.001
kx_ny = 0.628318531 ky_ny = 0.628318531 kz_ny = 0.628318531
############################
A(data) = 8.00185262 (not used)
A(ran) = 7.99533625 (used)
Ngal = 475254
weighted Ngal = 0
Nran = 23820508
weighted Nran = 0
SN(data) = 3492.46624
SN(ran) = 69.6422783
SN(data+ran) = 3562.10852
############################
13 columns: k_central k_mean P_0(k) sigma^{lin}_{P_0(k)} P^img_1(k) sigma^{lin}_{P_1(k)} P_2(k) sigma^{lin}_{P_2(k)} P^img_3(k) sigma^{lin}_{P_3(k)} P_4(k) sigma^{lin}_{P_4(k)} N_modes
### header ###
0.00050000 0 0 0 0 0 0 0 0 0 0 0 0
0.00150000 0.00179520 38991.63474186 0 -20543.14857552 0 26157.03870507 0 62951.92420291 0 -24359.44677077 0 3
0.00250000 0.00253879 65317.52640041 0 -10894.99046435 0 28158.47213929 0 -41320.14465122 0 8624.36666914 0 6
0.00350000 0.00331552 59217.89338107 0 6170.63983841 0 3579.38366110 0 -30369.72612882 0 49468.82210150 0 7
0.00450000 0.00420575 47571.24707408 0 12955.72727030 0 1026.25724877 0 -8589.98710058 0 27479.73862791 0 24
0.00550000 0.00557378 43526.74826433 0 -881.61171904 0 12422.59483028 0 3012.30347319 0 4058.01811836 0 45
0.00650000 0.00659388 45354.78909188 0 -8694.52091919 0 1845.52402845 0 23283.43824489 0 -9011.23369830 0 40
0.00750000 0.00754703 54811.21882650 0 -8154.66757801 0 7660.13326231 0 -16854.51428544 0 6291.93715679 0 57
0.00850000 0.00846663 57196.86193192 0 -1885.09651735 0 3707.46831460 0 -446.89674540 0 9658.33357768 0 75
0.00950000 0.00948925 66200.10141171 0 1531.21394382 0 20719.75215638 0 -5221.08833428 0 -533.77574209 0 112
0.01050000 0.01054430 52677.58183394 0 3223.89560047 0 7917.11084903 0 -966.45008626 0 9093.03603407 0 105
0.01150000 0.01145670 61184.33826886 0 3998.13898574 0 26760.48040769 0 -6143.08082193 0 -4644.57452563 0 144
0.01250000 0.01249090 53919.67523210 0 1913.39737959 0 28115.95441199 0 -1268.23515705 0 -838.95558767 0 169
0.01350000 0.01339930 61441.88054414 0 5224.41003173 0 49534.25954118 0 7037.03818314 0 1278.97531213 0 180
0.01450000 0.01448870 61289.30390814 0 -2987.80041836 0 39200.23734144 0 15162.99522290 0 -4127.30872707 0 267
0.01550000 0.01550050 62958.78904430 0 -4039.46090196 0 42482.96020367 0 3659.77981161 0 4822.06389247 0 238
0.01650000 0.01653350 69562.32356614 0 5147.82276096 0 42144.36851072 0 13446.00981327 0 -3932.83441396 0 315
0.01750000 0.01747870 65255.85355117 0 171.25121904 0 42768.51546074 0 4651.76046443 0 12463.23026236 0 297
0.01850000 0.01844180 64281.59969038 0 -2760.79561493 0 40527.91981044 0 3481.60396062 0 3140.45456064 0 388
0.01950000 0.01947590 73932.68089531 0 -3184.57777504 0 41406.17661506 0 -2766.36499431 0 2947.75181949 0 399
0.02050000 0.02045430 75510.15501222 0 2572.12320002 0 45365.52924696 0 -467.98288078 0 -10142.12773831 0 462
0.02150000 0.02154770 68778.29224573 0 5910.00838450 0 39547.02255476 0 -1299.22659422 0 -966.39915357 0 571
0.02250000 0.02255340 70318.67407450 0 1046.32362304 0 41474.16068944 0 5781.23724686 0 -2534.64338051 0 510
0.02350000 0.02348930 67403.55239625 0 231.80354901 0 47476.35725038 0 11262.99025202 0 7319.00600697 0 555
0.02450000 0.02439640 69622.00339691 0 578.25437812 0 35002.60827944 0 23988.52388934 0 8336.41978991 0 592
0.02550000 0.02547300 70719.27078644 0 1854.22687575 0 38041.51854917 0 17850.24845638 0 16601.17949359 0 837
0.02650000 0.02652900 68574.11857607 0 3071.78400211 0 33853.07951677 0 11198.77076808 0 24313.05372978 0 723
0.02750000 0.02749970 65497.11950897 0 3721.85126454 0 39528.97466530 0 6651.72127945 0 23923.75078915 0 826
0.02850000 0.02848090 62263.55776893 0 6297.92728452 0 30419.10869752 0 7337.66287429 0 26482.45433149 0 831
0.02950000 0.02946900 58954.48277363 0 2032.93419833 0 34170.41234607 0 1865.06668175 0 24618.98206452 0 996
0.03050000 0.03053250 58354.47349171 0 1014.57705332 0 38817.46707246 0 -3950.33975950 0 15086.37473515 0 1041
0.03150000 0.03150510 54852.85076781 0 3375.15462982 0 35955.16038359 0 6493.66384267 0 17297.29655494 0 1036
0.03250000 0.03246190 53186.24443611 0 384.00261873 0 31040.93045933 0 9253.47402069 0 11003.21136713 0 1059
0.03350000 0.03345080 53620.94390849 0 -797.44433469 0 34956.65813144 0 4283.77174909 0 15390.86366766 0 1302
0.03450000 0.03451200 53023.59198453 0 1920.40616120 0 33014.46163501 0 8518.96920919 0 7610.60675340 0 1339
0.03550000 0.03553350 51743.74195874 0 2503.65194334 0 29215.43626648 0 1778.09357030 0 12021.77667185 0 1365
0.03650000 0.03647120 49517.87250045 0 1740.54731684 0 25739.05844317 0 3662.57003746 0 11169.20766081 0 1308
0.03750000 0.03744890 49356.65945109 0 -1467.99096911 0 23287.97789807 0 3030.60602611 0 4193.57659111 0 1579
0.03850000 0.03847530 50208.23195289 0 -1765.28289049 0 22315.82777899 0 144.61341999 0 -2062.84054766 0 1662
0.03950000 0.03950240 50287.62052184 0 2000.07153827 0 19361.28862438 0 831.54598790 0 105.22916061 0 1683
0.04050000 0.04050350 47687.28503818 0 2919.40666796 0 15621.72164013 0 -1171.81735253 0 -3163.39641766 0 1822
0.04150000 0.04152450 48167.04887257 0 281.00674604 0 16573.16651180 0 1528.08047590 0 -5730.95781986 0 1887
0.04250000 0.04250150 44663.21168371 0 1784.70374822 0 14811.11674016 0 1413.98016864 0 -7262.63680132 0 1920
0.04350000 0.04349210 43441.04847023 0 4238.95097822 0 18163.04163251 0 1136.52985333 0 -7192.95866124 0 2005
0.04450000 0.04448520 40278.90322527 0 3638.70917748 0 17632.78799694 0 -1750.44597523 0 -106.37558912 0 2151
0.04550000 0.04548030 39808.21869723 0 91.01174193 0 20007.35877755 0 4827.27895746 0 556.33338944 0 2274
0.04650000 0.04648670 38447.09780727 0 94.32103837 0 18053.64706330 0 2613.97658784 0 3035.76572948 0 2311
0.04750000 0.04749250 38422.18507643 0 312.71456262 0 16624.32065246 0 7136.58945558 0 549.66895713 0 2568
0.04850000 0.04851840 38304.92915660 0 212.03169858 0 14552.79940214 0 3514.23410187 0 3236.77271423 0 2493
0.04950000 0.04949480 38258.20394587 0 -1255.76771931 0 9786.51788211 0 3034.64742467 0 2682.91288216 0 2644
0.05050000 0.05050630 39296.78801386 0 -1243.16741366 0 11839.30475883 0 -7.68327442 0 -771.35129403 0 2829
0.05150000 0.05149060 38885.45114684 0 1635.65918383 0 10620.93935276 0 -1785.63382350 0 -900.73583846 0 2784
0.05250000 0.05249300 37139.56696944 0 2397.39084206 0 11063.20122300 0 -3372.99552648 0 -2717.38102932 0 3055
0.05350000 0.05348950 35901.45960822 0 486.68293017 0 11064.93957799 0 -526.35728446 0 872.38404353 0 3009
0.05450000 0.05448610 34892.21720100 0 410.55848258 0 10184.50152539 0 2518.83210067 0 -506.00192251 0 3336
0.05550000 0.05550870 35879.86857482 0 14.40885918 0 9657.54744262 0 5595.86438475 0 -836.39566617 0 3349
0.05650000 0.05647670 34331.84684193 0 -461.90417446 0 6702.17786365 0 3403.58835995 0 660.94028540 0 3324
0.05750000 0.05747970 34518.52623837 0 1664.62438556 0 5816.10399771 0 2954.60558856 0 1028.93564414 0 3639
0.05850000 0.05849280 33564.53473200 0 -458.90468167 0 4891.93026208 0 319.10440127 0 3019.35654410 0 3846
0.05950000 0.05951020 35077.45719522 0 -1157.79978931 0 7063.10243576 0 -2195.91881966 0 -208.20399589 0 3787
0.06050000 0.06049470 35316.06579506 0 22.44083433 0 8454.00787948 0 -2151.21984437 0 781.10158326 0 3930
0.06150000 0.06148310 34562.81553765 0 1151.54392579 0 7854.71829867 0 -2474.86389881 0 -98.62927996 0 4083
0.06250000 0.06249100 34464.71473975 0 1316.28904677 0 8885.90605368 0 -261.84719517 0 -541.95376120 0 4303
0.06350000 0.06350600 33466.76610385 0 939.28635178 0 9813.99939231 0 1698.64963973 0 737.18320687 0 4470
0.06450000 0.06451750 32868.08550090 0 896.67229525 0 7351.59185891 0 2658.36553803 0 140.11584165 0 4479
0.06550000 0.06550280 31476.07282470 0 -107.23214417 0 6421.16225975 0 1930.23838563 0 -358.84186782 0 4636
0.06650000 0.06648880 32006.65863001 0 405.44860467 0 6602.53801261 0 753.50934981 0 -2556.88768107 0 4653
0.06750000 0.06749660 30646.53424929 0 1655.23505411 0 6666.02672312 0 1.72003030 0 -1841.91445056 0 5220
0.06850000 0.06852730 29255.62880557 0 1529.33164860 0 5723.27362643 0 -1490.52315011 0 -1496.09252950 0 5029
0.06950000 0.06949320 28515.44389145 0 451.04222381 0 5794.57939827 0 -964.48917754 0 -558.69733079 0 5040
0.07050000 0.07048030 29023.22070763 0 -159.53448492 0 7294.35901193 0 -118.95995062 0 -3251.37711067 0 5475
0.07150000 0.07148790 28084.95190250 0 387.35642592 0 6656.98063374 0 -191.33641626 0 -1999.83901944 0 5509
0.07250000 0.07249820 28113.73994702 0 712.58382282 0 7306.83752200 0 712.36459079 0 -2032.12591862 0 5916
0.07350000 0.07351270 27487.04636229 0 1006.23627103 0 7311.36610285 0 118.27789541 0 -644.42369847 0 5721
0.07450000 0.07449140 27460.91567572 0 707.61456344 0 7158.42408013 0 933.83433904 0 732.81517473 0 6028
0.07550000 0.07549160 26135.00477868 0 700.15845991 0 7770.72364260 0 1173.71072008 0 1293.36933439 0 6183
0.07650000 0.07648840 26207.97139924 0 561.80422514 0 7366.65022067 0 1770.59760640 0 4064.09682468 0 6330
0.07750000 0.07749960 25494.02789493 0 239.58739336 0 7213.97393374 0 1649.63245776 0 3004.65249674 0 6583
0.07850000 0.07848650 25719.57115149 0 242.88805338 0 7865.66882792 0 1079.42765978 0 4127.02084663 0 6549
0.07950000 0.07947320 24896.45452447 0 733.86372389 0 7372.07565983 0 -874.01831867 0 3844.34439401 0 6828
0.08050000 0.08048110 24153.16935940 0 803.64040766 0 7753.66119005 0 -456.81201228 0 4309.72527846 0 7147
0.08150000 0.08149960 23665.98706737 0 404.75769161 0 7363.61640367 0 701.88020642 0 3752.94235263 0 7386
0.08250000 0.08250610 22629.39601785 0 644.72486570 0 7613.12017113 0 269.09513900 0 2593.30455740 0 7227
0.08350000 0.08350160 22618.54513953 0 1063.58648466 0 6773.38398456 0 1220.91204078 0 3471.80495316 0 7798
0.08450000 0.08449610 21665.32869589 0 119.10167638 0 6303.92848457 0 -102.23177156 0 3367.09397735 0 7371
0.08550000 0.08548940 21841.48938376 0 -130.21607603 0 6298.60269634 0 343.42919167 0 3856.14749227 0 8256
0.08650000 0.08650700 21691.23793597 0 113.99954910 0 6716.29507779 0 -324.36707726 0 1904.73882158 0 8037
0.08750000 0.08749060 21525.04234044 0 657.00075223 0 7248.91819087 0 -179.97288930 0 3472.12605058 0 8155
0.08850000 0.08849210 21345.55995513 0 350.88750967 0 6889.59910586 0 -493.32189613 0 1590.05227791 0 8718
0.08950000 0.08949900 20712.55514525 0 290.33407246 0 6618.53752197 0 476.39009702 0 2265.68553834 0 8571
0.09050000 0.09049190 20675.35213386 0 475.33158277 0 6454.03599214 0 489.32700134 0 279.73121422 0 8932
0.09150000 0.09150830 19982.77821645 0 431.81291730 0 6624.59408365 0 185.25106654 0 -795.30405431 0 9285
0.09250000 0.09250820 19453.18892038 0 770.86411173 0 5765.13808657 0 170.58134339 0 765.01903146 0 9204
0.09350000 0.09350330 19085.25556665 0 -119.78151712 0 5822.01661917 0 425.03997621 0 -66.05704698 0 9349
0.09450000 0.09448040 19075.17975107 0 20.22404417 0 5986.67316154 0 -61.22386647 0 -1381.39431670 0 9564
0.09550000 0.09549270 19217.79129473 0 594.05015671 0 6577.12702715 0 -697.10692719 0 -1364.29864718 0 10155
0.09650000 0.09649430 18567.51365813 0 795.56093224 0 5713.92858429 0 -596.07417768 0 -74.70785436 0 9913
0.09750000 0.09749140 18134.25358798 0 230.46379771 0 6307.09516947 0 -617.01305115 0 309.13709447 0 10476
0.09850000 0.09850240 18181.86458470 0 -281.21712021 0 5970.05360199 0 932.20892176 0 -306.64360692 0 10575
0.09950000 0.09950330 18618.55707555 0 -301.93565441 0 5881.92896876 0 1534.38062872 0 -1109.38051288 0 10882
0.10050000 0.10051200 18434.53503706 0 212.67500065 0 4981.58287613 0 814.86663780 0 -1192.87691434 0 10875
0.10150000 0.10150300 18046.00715917 0 439.91232290 0 5070.19469166 0 674.63785843 0 -255.88253379 0 11118
0.10250000 0.10250800 17629.46629950 0 547.76562450 0 5162.50466367 0 268.20049515 0 303.35291199 0 11575
0.10350000 0.10349800 16894.81754778 0 827.95191127 0 5174.57349772 0 317.46791167 0 654.05883552 0 11364
0.10450000 0.10450100 16454.80335949 0 563.89135836 0 5244.11876991 0 38.70397574 0 1168.90533110 0 12093
0.10550000 0.10551000 16058.63557748 0 321.43069672 0 5372.40272526 0 -1.23353449 0 1773.74214665 0 12067
0.10650000 0.10649700 15782.71324299 0 223.74400377 0 5195.48911930 0 555.22504973 0 1640.20990933 0 12054
0.10750000 0.10749900 15704.65335302 0 -146.54000451 0 5293.96637624 0 449.18871664 0 2228.50467160 0 12807
0.10850000 0.10850100 16157.40071486 0 -38.63355576 0 5254.31638106 0 414.94312321 0 1068.36308559 0 12736
0.10950000 0.10950300 15610.98148506 0 416.77227127 0 4516.75560792 0 -58.90355008 0 662.95101959 0 12933
0.11050000 0.11050200 15440.79985260 0 540.15007949 0 4807.31555581 0 -85.19533898 0 869.31036616 0 13428
0.11150000 0.11150900 14846.32673308 0 498.04977883 0 4397.21878918 0 50.32570932 0 1091.43116712 0 13453
0.11250000 0.11250000 14676.92016336 0 40.52648041 0 4587.45240189 0 792.24144926 0 798.61467943 0 13668
0.11350000 0.11349100 14598.74955014 0 -155.90165514 0 4570.26815377 0 264.21777991 0 185.58545075 0 13791
0.11450000 0.11448600 14894.49134604 0 14.21011095 0 4456.58859486 0 -52.16150077 0 421.82346585 0 14205
0.11550000 0.11549300 14958.48938349 0 55.50755733 0 4898.40757209 0 -493.72271429 0 316.47583136 0 14776
0.11650000 0.11649800 14777.12470297 0 254.27593946 0 5006.20772653 0 -759.25477916 0 1150.87958630 0 14553
0.11750000 0.11747300 14702.49723369 0 503.73541762 0 5655.26740740 0 -105.83094147 0 743.70259172 0 14568
0.11850000 0.11849100 14289.61024120 0 324.55309232 0 5433.52195825 0 297.70270463 0 1037.37275565 0 16015
0.11950000 0.11950300 13990.32530135 0 211.28874558 0 5150.33617869 0 1072.07895780 0 1144.32477001 0 15270
0.12050000 0.12050700 13972.38813515 0 -80.09099724 0 4527.28538882 0 855.12007467 0 490.87823404 0 15999
0.12150000 0.12150000 13888.45991302 0 -202.62465141 0 4186.36850766 0 879.32196226 0 439.73405848 0 15670
0.12250000 0.12250700 13999.07243796 0 -88.17822328 0 3448.36484152 0 214.46207388 0 23.22187612 0 16887
0.12350000 0.12352200 13841.51325579 0 294.60023922 0 3220.34138420 0 101.21455708 0 -46.72000674 0 16407
0.12450000 0.12449800 13842.62048827 0 137.77625942 0 3066.63537107 0 -203.49936507 0 -141.57849576 0 16306
0.12550000 0.12549900 13374.92548793 0 312.65255760 0 3071.86150839 0 123.45420726 0 -29.38096752 0 17523
0.12650000 0.12650100 13446.56342951 0 278.93622130 0 3123.33674647 0 -32.33185281 0 -193.44901584 0 17154
0.12750000 0.12750600 13055.48891691 0 281.36438213 0 3315.53016067 0 254.98678271 0 -73.73913666 0 18007
0.12850000 0.12850300 12721.99049338 0 298.64274501 0 3256.92434540 0 127.56979040 0 432.61566085 0 17496
0.12950000 0.12949900 12598.31262515 0 163.25810775 0 3376.07363278 0 251.19008253 0 57.89419695 0 18405
0.13050000 0.13049000 12616.36051461 0 -44.20049923 0 3477.58470672 0 311.23972895 0 672.81313930 0 18100
0.13150000 0.13148800 12601.41287610 0 92.94663069 0 3625.43346002 0 67.99359659 0 489.68020850 0 19059
0.13250000 0.13249300 12476.62777540 0 265.02273793 0 3632.15436118 0 -705.36466704 0 441.63849834 0 18957
0.13350000 0.13349100 12613.81387990 0 126.12263754 0 3573.31602710 0 -207.56290828 0 492.03750645 0 19468
0.13450000 0.13450700 12373.87660108 0 33.01601176 0 4038.97371967 0 -569.80951598 0 358.10555821 0 19953
0.13550000 0.13551000 12579.04677997 0 137.58802989 0 3865.61432999 0 131.59568770 0 278.38481952 0 19956
0.13650000 0.13649900 12423.03772327 0 70.81659652 0 4145.12409771 0 258.04606606 0 451.35003444 0 19723
0.13750000 0.13749600 12266.36432709 0 423.34258881 0 4082.54331783 0 332.56613379 0 611.03067405 0 20946
0.13850000 0.13851100 11959.55020636 0 439.15719035 0 3920.52198876 0 321.94777429 0 334.83042421 0 20955
0.13950000 0.13949800 11408.70204664 0 339.13312964 0 3888.29045121 0 516.81294047 0 523.94794658 0 20506
0.14050000 0.14048300 11250.47852498 0 280.48081061 0 3585.60630765 0 535.20850092 0 983.90782080 0 21447
0.14150000 0.14148400 10960.97044795 0 -3.31371430 0 3194.75324155 0 492.80924749 0 899.93088045 0 21771
0.14250000 0.14249400 11012.48997533 0 -17.53047972 0 2999.68102289 0 417.44768308 0 594.13652084 0 22470
0.14350000 0.14350900 10780.04866041 0 238.39601121 0 2707.10591189 0 225.41260312 0 495.12668508 0 22519
0.14450000 0.14449900 10632.39920895 0 223.28671676 0 2431.61539807 0 4.34456988 0 479.65643284 0 22218
0.14550000 0.14550500 10566.68496115 0 -70.30217631 0 2510.62750798 0 300.65790813 0 473.11822504 0 23559
0.14650000 0.14650700 10467.59872635 0 -1.43288063 0 2267.94429260 0 405.18508334 0 247.11657423 0 23044
0.14750000 0.14750500 10505.08961819 0 88.27798493 0 2349.20408445 0 195.68673268 0 -8.49758855 0 23649
0.14850000 0.14849900 10399.88038776 0 244.39942572 0 2136.13933796 0 4.34381697 0 74.22100423 0 23640
0.14950000 0.14949500 10201.92936465 0 91.07662575 0 2043.47505155 0 -123.73544431 0 284.93409965 0 24457
0.15050000 0.15050000 10229.63232135 0 129.54620038 0 2389.40769586 0 -204.46376457 0 217.78044963 0 24591
0.15150000 0.15149900 10057.73447854 0 244.35956535 0 2585.93038907 0 -348.15043097 0 171.51031144 0 25020
0.15250000 0.15250500 9946.82300083 0 257.91651986 0 2803.02546179 0 -434.72493873 0 69.31718229 0 25297
0.15350000 0.15350100 9915.65440647 0 119.31205055 0 2926.60367909 0 -212.47569880 0 440.96197930 0 25452
0.15450000 0.15450400 9737.13531342 0 48.72321175 0 3201.35234714 0 -33.29448073 0 216.45841404 0 26061
0.15550000 0.15549900 9796.32796190 0 102.79491000 0 3160.51761321 0 22.98094233 0 -36.90771249 0 26128
0.15650000 0.15649500 9713.23016413 0 120.24766200 0 2926.79190861 0 226.00607973 0 -339.95248167 0 26331
0.15750000 0.15749700 9576.80805004 0 117.44304212 0 2932.64916844 0 126.83901696 0 184.77938550 0 27345
0.15850000 0.15849900 9552.95826238 0 125.75946529 0 2688.36046597 0 58.12682649 0 -307.63236553 0 26980
0.15950000 0.15949700 9309.27853777 0 179.77026576 0 2630.00931417 0 329.01523922 0 223.12284635 0 27777
0.16050000 0.16050000 9226.64577765 0 176.79845377 0 2579.03233071 0 136.12316132 0 224.59325109 0 28224
0.16150000 0.16150500 8954.90878195 0 180.52761277 0 2425.49240245 0 686.38005890 0 448.96505568 0 28075
0.16250000 0.16249700 8891.78545816 0 154.44896613 0 2319.25344581 0 331.11787370 0 578.27763000 0 28590
0.16350000 0.16349900 8709.33568980 0 68.91813571 0 2227.61888561 0 14.92250433 0 407.38404705 0 29163
0.16450000 0.16449100 8628.95061162 0 187.33266361 0 2299.86580506 0 -78.59125084 0 754.08843240 0 28996
0.16550000 0.16550500 8479.64031144 0 151.99976788 0 2031.59444702 0 -8.54846588 0 919.43256615 0 30777
0.16650000 0.16650700 8409.86252043 0 46.80714594 0 1961.58413720 0 60.76591511 0 499.74716622 0 29211
0.16750000 0.16749900 8418.27748729 0 -42.54906198 0 2061.11326499 0 336.05834504 0 412.08867787 0 30922
0.16850000 0.16850800 8331.28223119 0 22.51512963 0 1751.94073908 0 202.21718986 0 11.51023527 0 30867
0.16950000 0.16949900 8440.69894505 0 10.54719767 0 1688.44095625 0 187.44449409 0 25.36492459 0 30852
0.17050000 0.17049200 8499.96909980 0 -32.74385402 0 1709.62231362 0 -68.44003272 0 352.24165499 0 31257
0.17150000 0.17149500 8496.86884885 0 86.52833616 0 1807.13627830 0 -167.87858890 0 321.17492601 0 32608
0.17250000 0.17250900 8423.40397368 0 178.59217039 0 1824.45339432 0 -157.91128210 0 509.75322616 0 32361
0.17350000 0.17350400 8295.09787368 0 249.37754296 0 2006.11702762 0 -258.35166223 0 558.39062739 0 32508
0.17450000 0.17449800 8154.66757801 0 217.83138232 0 2236.47674547 0 -95.65724653 0 341.08960943 0 32791
0.17550000 0.17549800 8039.80328034 0 28.23077442 0 2316.95040225 0 130.36887411 0 421.21891691 0 33633
0.17650000 0.17650100 7950.95894600 0 75.43464176 0 2328.34382449 0 165.83353051 0 192.07826202 0 33984
0.17750000 0.17750300 7957.27017114 0 39.41426538 0 2232.93360153 0 192.28310003 0 137.14402967 0 34069
0.17850000 0.17849800 7815.66620904 0 155.01476193 0 2184.24858930 0 116.80970514 0 56.37739917 0 34536
0.17950000 0.17950400 7765.30927576 0 240.72119942 0 1985.12389976 0 -135.25730552 0 315.88678368 0 35343
0.18050000 0.18050100 7639.00726656 0 97.81734638 0 2288.39487654 0 -67.27444909 0 657.81678257 0 34990
0.18150000 0.18150500 7552.20023998 0 44.48118266 0 2355.60388819 0 183.39202320 0 930.74183872 0 36243
0.18250000 0.18250200 7569.30698182 0 62.13179710 0 2393.05049073 0 259.48546829 0 771.24057078 0 35694
0.18350000 0.18350400 7480.72838327 0 72.66722489 0 2208.45269135 0 167.29507738 0 659.34919232 0 37087
0.18450000 0.18450600 7441.41055784 0 193.90076669 0 2360.09925207 0 -73.63937501 0 954.36685819 0 36651
0.18550000 0.18550700 7294.18185473 0 199.30627567 0 2300.95089289 0 -147.78674828 0 746.38098710 0 37818
0.18650000 0.18651000 7243.28237754 0 -3.38619374 0 2364.35102480 0 -61.66509861 0 825.84263339 0 37267
0.18750000 0.18750100 7209.50071452 0 -39.43585641 0 2182.84240405 0 35.93212995 0 449.01377391 0 38334
0.18850000 0.18850000 7366.03017048 0 -48.65832792 0 2216.87873054 0 149.74544254 0 420.10946997 0 38223
0.18950000 0.18949500 7323.86675757 0 -46.23924640 0 1964.64009885 0 302.29439773 0 296.84681392 0 39064
0.19050000 0.19050000 7349.05629653 0 87.25158042 0 1784.26085523 0 171.59224664 0 148.63156667 0 39609
0.19150000 0.19149800 7288.95571741 0 103.53288045 0 1651.58118692 0 243.95874719 0 92.96179978 0 39576
0.19250000 0.19250400 7095.69936003 0 174.45665708 0 1579.75501583 0 58.97120198 0 258.64950776 0 40909
0.19350000 0.19350500 6952.88851452 0 169.76642028 0 1423.44700636 0 214.08340037 0 382.66729636 0 40191
0.19450000 0.19450100 6957.79355441 0 -34.95466511 0 1359.39360728 0 199.41589168 0 188.51186620 0 41232
0.19550000 0.19549800 6931.23104717 0 -21.49448272 0 1350.13714374 0 49.49882810 0 269.80819672 0 40873
0.19650000 0.19649700 6952.97709312 0 118.67428464 0 1379.72239565 0 -12.12939967 0 409.74577394 0 42816
0.19750000 0.19750200 6890.58454276 0 188.48529262 0 1366.30273797 0 27.68978063 0 553.45569222 0 41727
0.19850000 0.19849000 6772.27675208 0 31.96635537 0 1366.15879775 0 -47.80985567 0 574.09561292 0 42610
0.19950000 0.19949900 6754.72711724 0 21.09300023 0 1494.65312727 0 204.45379947 0 545.03186750 0 43863
0.20050000 0.20050100 6777.01570710 0 119.24893830 0 1466.09760156 0 8.26144908 0 483.50628018 0 43302
0.20150000 0.20150100 6598.67377125 0 184.81260248 0 1493.09192947 0 -105.67504313 0 633.18196708 0 44487
0.20250000 0.20249700 6531.83014632 0 161.05692958 0 1632.88003031 0 -67.09773478 0 852.12722528 0 43759
0.20350000 0.20349100 6413.63307888 0 76.37811455 0 1639.37948497 0 -57.65647414 0 594.81746881 0 45282
0.20450000 0.20449700 6341.98406497 0 13.88059856 0 1668.65471179 0 61.46136784 0 609.73521204 0 45483
0.20550000 0.20549900 6480.74243960 0 -36.28456205 0 1539.51818743 0 83.28292703 0 406.26131332 0 46138
0.20650000 0.20650200 6387.46917533 0 16.59663984 0 1499.48066089 0 115.70247266 0 469.61937039 0 46227
0.20750000 0.20749300 6384.11426091 0 91.55716465 0 1422.59443735 0 24.84906497 0 472.45831448 0 46236
0.20850000 0.20850300 6330.98924643 0 124.32892092 0 1449.54447596 0 -6.91876361 0 352.59375492 0 48361
0.20950000 0.20950400 6214.72983583 0 196.48394007 0 1347.94482342 0 8.36700155 0 400.68307607 0 46812
0.21050000 0.21050300 6118.13487412 0 124.88696609 0 1474.67865330 0 -122.83858600 0 383.24195002 0 48813
0.21150000 0.21149700 5989.75126784 0 12.32382969 0 1392.45556919 0 -5.71379572 0 351.33372436 0 47215
0.21250000 0.21249000 6075.92717191 0 55.05934963 0 1617.63343903 0 -23.77870333 0 130.33787160 0 50004
0.21350000 0.21350300 5971.44871492 0 166.65509701 0 1496.85651991 0 -34.41311771 0 162.85175343 0 49509
0.21450000 0.21449800 5834.62799713 0 135.62601394 0 1536.99369738 0 102.85990455 0 367.04756774 0 49660
0.21550000 0.21550100 5766.14566813 0 47.69370699 0 1342.54152891 0 263.74277718 0 360.85038754 0 50841
0.21650000 0.21649800 5749.44860230 0 -55.88855603 0 1157.44547492 0 349.66844670 0 164.91674201 0 50424
0.21750000 0.21750300 5805.85102493 0 -36.47954569 0 1146.41743940 0 302.58449264 0 147.47450872 0 52231
0.21850000 0.21850300 5861.60018039 0 -8.05415301 0 883.77082237 0 67.00528087 0 158.43278860 0 51078
0.21950000 0.21950100 5790.61550598 0 59.41387353 0 906.51337755 0 -50.73881776 0 138.46717248 0 52791
0.22050000 0.22050700 5781.97909262 0 88.80082011 0 885.04192526 0 -269.08185221 0 180.35488451 0 52969
0.22150000 0.22150000 5784.71395685 0 74.96993628 0 1035.95881977 0 -144.57688132 0 144.90240767 0 52704
0.22250000 0.22250100 5697.76299005 0 47.62838027 0 1144.72337370 0 -87.91326255 0 198.88774179 0 54051
0.22350000 0.22349900 5731.87682282 0 40.62435976 0 1119.83278751 0 193.75793370 0 120.51671949 0 53938
0.22450000 0.22449800 5673.53674335 0 76.20527556 0 1064.59738792 0 120.27091388 0 144.41411814 0 54735
0.22550000 0.22549100 5702.09226906 0 53.60212096 0 1048.84589863 0 78.90526197 0 235.33562063 0 54774
0.22650000 0.22649900 5546.20500793 0 83.16046712 0 1011.66392466 0 -74.65027827 0 278.71588203 0 56911
0.22750000 0.22749800 5549.94745372 0 112.16375765 0 958.98401764 0 127.97282302 0 408.21004248 0 54879
0.22850000 0.22849100 5492.18313514 0 54.66639282 0 925.26435963 0 96.56717018 0 423.52860387 0 57210
0.22950000 0.22949800 5406.71585987 0 81.34936695 0 870.51724957 0 199.79788689 0 435.05267954 0 57375
0.23050000 0.23049600 5333.12918912 0 118.31111238 0 786.75511231 0 78.54662937 0 349.25544899 0 57604
0.23150000 0.23150100 5291.45295851 0 87.94249349 0 756.77125670 0 130.08874429 0 567.45553972 0 58629
0.23250000 0.23250200 5163.72261940 0 90.12440582 0 704.64718039 0 136.01133084 0 616.76613830 0 58560
0.23350000 0.23350400 5137.22654611 0 13.48797392 0 708.60996544 0 125.15159466 0 688.13945132 0 59305
0.23450000 0.23449700 5155.98306435 0 -28.22844923 0 653.79974312 0 110.78968214 0 621.66785650 0 59196
0.23550000 0.23549300 5102.41515688 0 86.92162514 0 650.46808059 0 24.00657178 0 540.80888281 0 60063
0.23650000 0.23649900 5160.45628358 0 77.78297113 0 628.07098194 0 -101.41563050 0 597.42832301 0 61537
0.23750000 0.23750400 4998.57889473 0 113.53340423 0 731.54185737 0 -109.22139805 0 535.38565812 0 61224
0.23850000 0.23850100 4996.87375671 0 139.41385626 0 765.44088704 0 -264.30525128 0 629.19482291 0 61221
0.23950000 0.23949400 4888.36497348 0 118.93005534 0 830.94918959 0 26.95867502 0 447.58322954 0 62332
0.24050000 0.24050100 4847.27557608 0 29.22706221 0 857.12748716 0 -30.59848036 0 547.78887638 0 63447
0.24150000 0.24150500 4853.83039237 0 21.06454435 0 743.71809298 0 80.48926876 0 326.85724311 0 63342
0.24250000 0.24250300 4835.36175458 0 30.09911851 0 773.86471176 0 61.61527315 0 333.69329645 0 63379
0.24350000 0.24349600 4802.90877053 0 107.26082149 0 679.05239434 0 82.04780920 0 250.91548888 0 64266
0.24450000 0.24449500 4658.18241283 0 113.32192282 0 623.24123386 0 33.36811169 0 351.29164952 0 64695
0.24550000 0.24549600 4659.54430878 0 55.27669936 0 611.76476918 0 37.81807903 0 333.55932132 0 65947
0.24650000 0.24650000 4627.76673655 0 12.81444441 0 656.13268196 0 69.93678959 0 229.61455039 0 66018
0.24750000 0.24750000 4628.05461700 0 40.45008137 0 529.15968987 0 55.00941344 0 227.13988579 0 66303
0.24850000 0.24849600 4602.34467877 0 -20.91008542 0 458.83381879 0 -0.42427820 0 204.96644811 0 66958
0.24950000 0.24949200 4604.50378211 0 -1.05447618 0 463.12323742 0 29.38384633 0 129.23838975 0 66975
0.25050000 0.25048900 4719.48987535 0 -15.98887993 0 363.04602955 0 66.28856929 0 -31.99813294 0 68676
0.25150000 0.25150000 4584.51823581 0 104.45686596 0 409.08364891 0 -38.98842377 0 -56.03460000 0 69349
0.25250000 0.25249900 4569.17199361 0 157.84152645 0 384.65920759 0 -128.25738177 0 122.31265057 0 68592
0.25350000 0.25349900 4411.50208819 0 148.73121759 0 494.47563238 0 -114.36604305 0 23.78778264 0 70437
0.25450000 0.25450100 4384.62955586 0 96.50505444 0 532.52899832 0 50.54892739 0 261.48734461 0 70099
0.25550000 0.25550100 4401.00552427 0 -23.29495346 0 500.61412926 0 47.29510329 0 249.64770769 0 71064
0.25650000 0.25650300 4416.36283879 0 -51.84948266 0 475.64382233 0 157.90796040 0 279.59613186 0 71409
0.25750000 0.25750600 4435.92763674 0 8.88436700 0 495.65594220 0 104.05294755 0 267.71774179 0 72612
0.25850000 0.25850600 4428.65311934 0 46.36890332 0 515.70902968 0 21.98686901 0 226.56412490 0 71845
0.25950000 0.25949600 4415.22238933 0 75.19082916 0 488.08025756 0 23.53898750 0 274.37220901 0 72816
0.26050000 0.26049800 4321.92698041 0 94.59042803 0 521.84752656 0 -70.04241957 0 303.78473265 0 73743
0.26150000 0.26149900 4294.92158018 0 91.11227864 0 493.08384115 0 47.31248684 0 424.58379643 0 74662
0.26250000 0.26250300 4305.75031385 0 26.19756341 0 470.24938568 0 103.86903623 0 373.23810454 0 74931
0.26350000 0.26350100 4277.65982579 0 10.09469390 0 417.29820670 0 90.71566796 0 527.82436750 0 75087
0.26450000 0.26450200 4281.47977785 0 39.74931393 0 482.07019965 0 38.50312377 0 321.28564926 0 76678
0.26550000 0.26550600 4221.47884966 0 91.48884840 0 349.32077570 0 40.86573644 0 359.32905011 0 76035
0.26650000 0.26650100 4164.40101522 0 54.77135846 0 358.58277541 0 18.26878233 0 459.12723539 0 77094
0.26750000 0.26750600 4150.18415015 0 34.62880659 0 300.90149927 0 -44.32118757 0 426.84587239 0 78463
0.26850000 0.26850100 4107.31210845 0 53.52251094 0 386.63783204 0 33.10614048 0 361.95208386 0 77076
0.26950000 0.26949700 4097.32487146 0 100.92844821 0 392.74200471 0 5.02752195 0 426.69196707 0 79149
0.27050000 0.27049900 4025.05580737 0 84.66840704 0 325.62932229 0 1.91917713 0 466.24563302 0 79648
0.27150000 0.27150200 3993.26716282 0 54.87089866 0 312.42446771 0 7.96486579 0 606.35593851 0 80241
0.27250000 0.27250500 3989.07075171 0 12.36623670 0 316.25217040 0 22.76447838 0 521.55410995 0 80835
0.27350000 0.27350000 3994.73978202 0 44.76839877 0 348.82141385 0 14.16936479 0 484.72866484 0 80680
0.27450000 0.27450400 3937.31870551 0 86.34874305 0 283.41608392 0 -35.75297973 0 390.52200359 0 82617
0.27550000 0.27550800 3900.83539523 0 53.85379490 0 326.63468938 0 27.79253180 0 419.41302074 0 82548
0.27650000 0.27649900 3873.69712710 0 19.12622317 0 222.51276125 0 30.28756948 0 325.08124221 0 81181
0.27750000 0.27748900 3879.72047180 0 39.57171384 0 230.41618671 0 28.56582297 0 233.83642784 0 84096
0.27850000 0.27849800 3863.77632407 0 42.52425998 0 216.37094268 0 22.95558671 0 256.49704782 0 85215
0.27950000 0.27950200 3816.50856941 0 68.91082797 0 185.42268758 0 -65.98762350 0 213.47663697 0 84514
0.28050000 0.28050300 3806.89779147 0 82.13815937 0 341.43174427 0 -44.84734445 0 320.82282609 0 85815
0.28150000 0.28150100 3772.55143988 0 57.65957439 0 337.14675457 0 -35.22006874 0 363.87977561 0 85485
0.28250000 0.28250000 3734.25226834 0 52.19383196 0 370.00609293 0 13.90584346 0 334.51818465 0 87220
0.28350000 0.28350400 3743.30943004 0 8.46438265 0 351.20749985 0 28.96653040 0 375.07721770 0 87147
0.28450000 0.28449700 3760.95871580 0 9.51586597 0 345.09004039 0 99.10594354 0 340.74304567 0 87102
0.28550000 0.28549800 3703.40477139 0 32.78891838 0 261.64678609 0 53.15579554 0 324.22313704 0 88971
0.28650000 0.28649900 3718.68457964 0 64.20431486 0 205.49681247 0 27.78323105 0 289.42060567 0 89434
0.28750000 0.28750100 3654.56474662 0 64.69216149 0 256.28556641 0 -46.20514364 0 228.97346278 0 89619
0.28850000 0.28849900 3671.90400728 0 35.31385133 0 166.66727657 0 -7.85195022 0 97.00186965 0 90240
0.28950000 0.28950100 3601.03005612 0 27.48283888 0 224.35741057 0 -57.28477619 0 141.63164292 0 91333
0.29050000 0.29050500 3692.83070119 0 19.39384126 0 180.92178754 0 -19.03841963 0 85.60855814 0 92139
0.29150000 0.29150600 3670.85213643 0 -8.29507573 0 203.43182389 0 -17.95753928 0 98.54579463 0 92370
0.29250000 0.29250200 3705.80746588 0 41.60104953 0 126.11156522 0 114.38265154 0 184.02757465 0 91819
0.29350000 0.29349600 3699.98342302 0 24.82625599 0 168.44438470 0 47.70655088 0 85.62627386 0 93552
0.29450000 0.29450000 3687.72635945 0 76.45562083 0 154.86307108 0 -5.52383891 0 75.41736893 0 94701
0.29550000 0.29550200 3625.85420836 0 80.68912422 0 174.69914099 0 -25.29527966 0 147.38039396 0 95020
0.29650000 0.29650300 3545.76808295 0 93.29629471 0 207.75556673 0 -28.58187784 0 140.05937279 0 95151
0.29750000 0.29749800 3533.23421125 0 76.44266621 0 208.17520785 0 -26.62329430 0 178.42054936 0 95802
0.29850000 0.29850000 3470.70879300 0 76.12145807 0 234.06562497 0 20.80058013 0 68.12114977 0 97399
0.29950000 0.29950700 3428.66717567 0 71.89515168 0 201.76986794 0 -1.20267592 0 196.65445387 0 97881
0.30050000 0.30050300 3361.45816402 0 94.31982041 0 259.36035102 0 -13.12081563 0 98.49630134 0 97188
0.30150000 0.30149700 3320.61235776 0 106.90473553 0 200.79328889 0 -4.22546489 0 119.51135240 0 98263
0.30250000 0.30249700 3261.47507091 0 38.33393865 0 264.83229394 0 37.13912408 0 226.50987051 0 100050
0.30350000 0.30350600 3250.72384351 0 12.08256374 0 196.69209978 0 60.28659417 0 102.10754008 0 100779
0.30450000 0.30450500 3305.84187645 0 -18.75640752 0 212.19335452 0 77.21385363 0 221.43542405 0 99982
0.30550000 0.30550300 3308.70960858 0 16.80479955 0 167.36483303 0 37.82527605 0 180.46450052 0 101559
0.30650000 0.30649700 3299.92925500 0 42.35031375 0 170.19713372 0 -42.43446342 0 218.50236520 0 100935
0.30750000 0.30749800 3297.60406679 0 47.81993149 0 137.01005454 0 -15.95400211 0 212.59306545 0 103762
0.30850000 0.30850200 3239.39685522 0 88.39413362 0 168.83302330 0 -65.70383981 0 265.80001513 0 102951
0.30950000 0.30950100 3238.97610687 0 43.53804204 0 208.63138763 0 -9.50846966 0 189.64567226 0 104394
0.31050000 0.31050000 3228.24702412 0 -19.73863345 0 156.60364054 0 85.53138404 0 195.11429349 0 103963
0.31150000 0.31149700 3219.62168309 0 16.43719836 0 107.98096550 0 69.16837025 0 196.52047874 0 105936
0.31250000 0.31250000 3259.47098011 0 72.49183927 0 89.34491415 0 60.61422426 0 152.97634693 0 105717
0.31350000 0.31349800 3145.12708171 0 94.57215870 0 50.69630003 0 65.30778275 0 249.29228606 0 106776
0.31450000 0.31450400 3122.58382838 0 93.18778592 0 33.21254553 0 6.69658634 0 134.82991378 0 108733
0.31550000 0.31549900 3039.14278855 0 69.68721939 0 42.10583682 0 -57.02092269 0 214.78760023 0 105891
0.31650000 0.31650000 3027.76043863 0 60.73590911 0 50.44606549 0 -66.80332167 0 173.91411316 0 111072
0.31750000 0.31750600 2997.78765535 0 26.01619873 0 -0.21991741 0 -1.86876484 0 183.35327007 0 108121
0.31850000 0.31849900 3034.60313537 0 -16.93545298 0 4.69053575 0 3.45042429 0 66.82325185 0 110484
0.31950000 0.31950100 3046.14049783 0 -21.10041868 0 -53.13697259 0 83.11806012 0 77.55355256 0 110817
0.32050000 0.32049800 3090.19727829 0 18.98106499 0 -101.75599376 0 36.94358682 0 -13.16787301 0 111088
0.32150000 0.32149900 3029.21091318 0 59.18511930 0 -170.35325350 0 56.51768553 0 -29.29648568 0 112635
0.32250000 0.32250100 3019.16831457 0 79.90321061 0 -144.21592353 0 39.94806216 0 1.32911080 0 113202
0.32350000 0.32350400 2936.44697585 0 123.02792276 0 -157.83045413 0 -11.56493255 0 46.32660704 0 113863
0.32450000 0.32450300 2897.26201832 0 96.67711837 0 -138.21140178 0 -37.46166090 0 162.74213742 0 114045
0.32550000 0.32549900 2841.94468353 0 31.58148136 0 -136.38889712 0 33.91408803 0 178.09834471 0 114828
0.32650000 0.32650300 2857.02518993 0 -22.73447238 0 -39.82061970 0 16.64380794 0 167.67928705 0 116431
0.32750000 0.32750400 2875.23916426 0 34.14738191 0 -51.29564497 0 -9.90400632 0 167.35929687 0 116442
0.32850000 0.32850400 2865.69482026 0 82.41707123 0 23.14204466 0 -54.73880582 0 233.94161493 0 116955
0.32950000 0.32949800 2819.44571950 0 83.45975206 0 -1.66549910 0 -41.20377452 0 295.27897273 0 117028
0.33050000 0.33049700 2794.15652961 0 29.78422159 0 -13.38943023 0 24.07776683 0 267.86500371 0 119061
0.33150000 0.33150100 2805.68281975 0 7.69136829 0 -32.45453417 0 42.49967941 0 235.49727657 0 120060
0.33250000 0.33250400 2817.00980804 0 15.91690982 0 -71.77390973 0 15.01163654 0 121.54090953 0 119737
0.33350000 0.33350100 2777.19372799 0 63.72931213 0 -113.92757899 0 -20.93953780 0 183.00227737 0 120531
0.33450000 0.33450000 2768.97806297 0 43.69582266 0 -105.67659326 0 -11.51942529 0 189.09759218 0 121704
0.33550000 0.33550300 2764.39412050 0 20.16048903 0 -181.38018178 0 58.80423133 0 123.58596793 0 122761
0.33650000 0.33650300 2756.82065032 0 42.77449452 0 -98.21860743 0 25.32639290 0 188.86618059 0 122472
0.33750000 0.33749900 2721.15669208 0 75.01765800 0 -171.05856059 0 17.55683185 0 111.77401181 0 122985
0.33850000 0.33849800 2701.72476202 0 19.20849054 0 -127.02613925 0 -45.35844296 0 217.09285825 0 125380
0.33950000 0.33950300 2684.76196040 0 53.75049011 0 -81.27761829 0 -44.51174228 0 146.15579484 0 125223
0.34050000 0.34050000 2698.98989779 0 23.79032928 0 -29.36291963 0 -64.68020338 0 147.89525707 0 125178
0.34150000 0.34149900 2702.03478712 0 15.28667309 0 -122.48094991 0 31.05233495 0 177.11955119 0 127059
0.34250000 0.34250300 2707.07269491 0 26.58996661 0 -114.13906039 0 2.93042363 0 154.42903594 0 127957
0.34350000 0.34349800 2692.03647781 0 42.87359182 0 -113.12483544 0 43.77709353 0 98.75528301 0 126732
0.34450000 0.34449700 2678.10749319 0 61.14591730 0 -168.61379127 0 33.46001199 0 128.83978605 0 129639
0.34550000 0.34550000 2664.42209971 0 38.90848158 0 -211.14148366 0 67.21067250 0 193.98934529 0 129826
0.34650000 0.34650400 2623.54307648 0 4.38600252 0 -236.89238949 0 118.34211489 0 182.70111014 0 130875
0.34750000 0.34750200 2652.60792913 0 4.56918307 0 -271.68827747 0 50.97731563 0 136.66238354 0 130686
0.34850000 0.34850200 2625.49180565 0 40.02778290 0 -282.88461233 0 22.44681338 0 107.81820232 0 132211
0.34950000 0.34950400 2638.42428104 0 80.03785008 0 -293.47418378 0 -47.92146471 0 62.72051261 0 132768
0.35050000 0.35050300 2569.32190184 0 77.11486705 0 -216.18049869 0 -132.15705457 0 75.44305672 0 132957
0.35150000 0.35150100 2557.24199546 0 81.23410405 0 -251.46689065 0 -117.35778522 0 116.43435333 0 133987
0.35250000 0.35249800 2545.04029351 0 26.32445226 0 -159.06723281 0 -80.06641668 0 47.84063674 0 134778
0.35350000 0.35349800 2559.06892906 0 30.94548702 0 -206.32945130 0 6.47884907 0 -1.16756558 0 135699
0.35450000 0.35450100 2536.48138643 0 45.91216992 0 -148.31600541 0 37.56994824 0 -37.12572656 0 137380
0.35550000 0.35550100 2486.63378010 0 78.73663046 0 -189.98891433 0 50.63639875 0 -9.25573277 0 136161
0.35650000 0.35649900 2443.52921958 0 84.34675600 0 -200.24742328 0 1.87407955 0 34.96695539 0 138792
0.35750000 0.35750000 2403.07094469 0 44.24080249 0 -237.19687843 0 106.44445898 0 131.66101442 0 138097
0.35850000 0.35849800 2408.11992481 0 12.32227957 0 -244.58322631 0 126.02187939 0 109.57050845 0 140028
0.35950000 0.35950300 2404.44391297 0 -1.61135543 0 -292.31158968 0 54.30820311 0 121.01386687 0 141099
0.36050000 0.36050500 2428.41549620 0 2.47363487 0 -285.03264334 0 -15.20817031 0 110.54841618 0 140821
0.36150000 0.36150200 2438.96742175 0 40.95974048 0 -318.67036614 0 -51.28291180 0 185.88218906 0 141756
0.36250000 0.36250400 2443.71744910 0 54.81199389 0 -267.02572149 0 -105.01325028 0 217.73173140 0 142971
0.36350000 0.36349900 2420.25519281 0 51.26453174 0 -226.96715753 0 -76.47211859 0 225.15240349 0 142270
0.36450000 0.36450000 2386.72819326 0 72.91679509 0 -198.80802105 0 -50.65931847 0 187.90510280 0 145311
0.36550000 0.36550300 2391.75502873 0 23.25797190 0 -180.44346310 0 2.26675955 0 156.82287257 0 145434
0.36650000 0.36650100 2352.76937304 0 32.81881366 0 -146.19344074 0 30.20253402 0 98.46850980 0 144547
0.36750000 0.36749600 2369.73217466 0 36.99130854 0 -180.65826621 0 32.62194772 0 55.31899564 0 146892
0.36850000 0.36849900 2331.34442451 0 73.93400957 0 -208.86612091 0 5.87121096 0 162.25384789 0 148113
0.36950000 0.36949900 2297.93922054 0 63.77337998 0 -272.70582412 0 46.84290955 0 206.91849898 0 147387
0.37050000 0.37049800 2260.10508663 0 -11.13510490 0 -303.82237856 0 105.07547674 0 240.51193248 0 149758
0.37150000 0.37150100 2319.41953069 0 20.69937908 0 -330.00731952 0 92.77678123 0 178.40615534 0 150099
0.37250000 0.37250000 2309.59837857 0 19.42927270 0 -313.40547569 0 37.48613074 0 199.85878467 0 150468
0.37350000 0.37349800 2290.03358062 0 67.75554160 0 -350.66163424 0 -79.06138175 0 213.98707114 0 150709
0.37450000 0.37449700 2271.15526680 0 54.67547212 0 -335.10612510 0 -95.31411518 0 300.79631219 0 153108
0.37550000 0.37550100 2257.37022240 0 15.86642002 0 -261.12527959 0 -32.06534195 0 256.75171129 0 153189
0.37650000 0.37649900 2276.74679083 0 26.48533314 0 -288.25690433 0 4.67522272 0 222.20495062 0 153547
0.37750000 0.37749900 2282.16115767 0 35.64923205 0 -289.54683017 0 73.79925938 0 231.86223233 0 155424
0.37850000 0.37850200 2247.11724962 0 27.75211782 0 -343.87762082 0 76.62967777 0 230.58116435 0 155313
0.37950000 0.37949900 2256.24084527 0 21.66145338 0 -368.09168797 0 80.71780154 0 241.53722976 0 156100
0.38050000 0.38050000 2256.44014712 0 30.69514176 0 -371.78098660 0 39.01034697 0 270.12375797 0 157557
0.38150000 0.38149800 2249.69710130 0 46.09951366 0 -469.91721593 0 56.08055014 0 320.30353405 0 157692
0.38250000 0.38250100 2224.92831068 0 49.90186073 0 -481.19991492 0 21.73120903 0 341.52696626 0 159703
0.38350000 0.38350500 2193.12859380 0 37.83645909 0 -494.96392190 0 15.96673528 0 382.22108167 0 160338
0.38450000 0.38450600 2216.42476522 0 10.23834624 0 -482.69024984 0 -36.42927733 0 302.47266216 0 160167
0.38550000 0.38550000 2196.95961819 0 47.38512129 0 -448.76021767 0 -30.39342090 0 323.25098692 0 160033
0.38650000 0.38649600 2207.66655629 0 68.65671812 0 -422.75021944 0 -82.72288885 0 264.58316663 0 162444
0.38750000 0.38750200 2151.89525618 0 48.90690162 0 -390.94939532 0 -76.24923269 0 282.25459704 0 164307
0.38850000 0.38850400 2157.17675512 0 50.01169819 0 -354.46387058 0 -48.92716397 0 245.60188020 0 163882
0.38950000 0.38950500 2156.68957283 0 26.24196344 0 -350.88086627 0 -6.78547496 0 241.18734429 0 164595
0.39050000 0.39050100 2158.71580827 0 31.80503160 0 -318.25072503 0 5.47039280 0 247.95696369 0 165006
0.39150000 0.39150100 2131.07928552 0 48.91897045 0 -338.33370779 0 -13.61076601 0 219.49112381 0 166687
0.39250000 0.39250100 2138.95170847 0 52.81642879 0 -293.17633825 0 -41.56827545 0 209.10639036 0 167256
0.39350000 0.39350100 2082.49392422 0 73.96755872 0 -283.30978960 0 -18.98106499 0 247.20404560 0 167937
0.39450000 0.39449600 2092.08255751 0 55.37358220 0 -251.41927966 0 -36.51398062 0 225.74034394 0 167719
0.39550000 0.39549700 2050.83814756 0 24.75284647 0 -288.17275466 0 28.58663894 0 218.16908823 0 171636
0.39650000 0.39650400 2080.50090575 0 15.38311304 0 -293.82628371 0 -9.05557836 0 155.02029809 0 171093
0.39750000 0.39750000 2071.28873150 0 47.76589854 0 -295.09074321 0 -30.20530211 0 146.59093720 0 170464
0.39850000 0.39849800 2054.10448338 0 57.57232447 0 -331.37142994 0 -32.00510850 0 123.46749405 0 172113
0.39950000 0.39949500 2025.56003000 0 32.60511779 0 -326.54057462 0 28.47901594 0 168.99467924 0 173232
