### header ###
fiducial parameters:
Omega_m = 0.31
Omega_nu = 0
Omega_de = 0.69
Omega_k = 0
H_0 = 100
w_de = -1
zeff = 0
beta = 0
fgrowth = 0
b_1 = 2
gamma = 0.55
Lx = 3500 Ly = 3500 Lz = 3500
nx = 700 ny = 700 nz = 700
xoffset = -685.467585 yoffset = -31.7331281 zoffset = 572.489161
bins = 400 dk = 0.001
kx_ny = 0.628318531 ky_ny = 0.628318531 kz_ny = 0.628318531
############################
A(data) = 8.00587319 (not used)
A(ran) = 8.00700081 (used)
Ngal = 476277
weighted Ngal = 0
Nran = 23820508
weighted Nran = 0
SN(data) = 3488.55258
SN(ran) = 69.7438809
SN(data+ran) = 3558.29646
############################
13 columns: k_central k_mean P_0(k) sigma^{lin}_{P_0(k)} P^img_1(k) sigma^{lin}_{P_1(k)} P_2(k) sigma^{lin}_{P_2(k)} P^img_3(k) sigma^{lin}_{P_3(k)} P_4(k) sigma^{lin}_{P_4(k)} N_modes
### header ###
0.00050000 0 0 0 0 0 0 0 0 0 0 0 0
0.00150000 0.00179520 61130.74821674 0 -49459.63207190 0 49589.28899553 0 -68875.83942738 0 -32600.24596354 0 3
0.00250000 0.00253879 92632.50883502 0 -22654.41947194 0 10735.52684231 0 -27717.79361151 0 6189.08633155 0 6
0.00350000 0.00331552 101015.14450872 0 -12828.83842788 0 -10286.79873439 0 -7063.05814646 0 69428.12698934 0 7
0.00450000 0.00420575 84135.27459945 0 11444.68710230 0 14325.37385036 0 -45231.55411665 0 57460.49398585 0 24
0.00550000 0.00557378 86910.66353849 0 1292.62748863 0 39925.58534031 0 -1714.40555794 0 4076.37603291 0 45
0.00650000 0.00659388 78451.85027004 0 -19028.67598683 0 50325.15570297 0 802.86313046 0 29005.17281817 0 40
0.00750000 0.00754703 92306.42886911 0 -2226.47843616 0 24430.08820311 0 -2349.02692725 0 -10872.41399405 0 57
0.00850000 0.00846663 112812.59587974 0 -18210.43118273 0 30164.88811968 0 -6875.11650499 0 4061.81592577 0 75
0.00950000 0.00948925 118265.71585293 0 -609.86918717 0 40442.22001635 0 -11780.84288379 0 12509.84474985 0 112
0.01050000 0.01054430 119215.72132236 0 17364.94845958 0 27507.53016320 0 -34450.43144074 0 -14577.60140973 0 105
0.01150000 0.01145670 120057.21800858 0 18716.65787344 0 72541.00038885 0 -37104.91059276 0 734.96763467 0 144
0.01250000 0.01249090 109287.05693424 0 4440.46728992 0 56491.22267123 0 -13830.44093097 0 -1018.41361387 0 169
0.01350000 0.01339930 99522.92729291 0 13551.52906879 0 76445.10211991 0 26263.88663957 0 -21873.37767924 0 180
0.01450000 0.01448870 115231.89885262 0 2789.36221296 0 86939.67302951 0 19699.32670109 0 -24251.93449678 0 267
0.01550000 0.01550050 96506.49384257 0 2450.27226539 0 65409.86958940 0 18511.15552481 0 -21708.62148593 0 238
0.01650000 0.01653350 96080.09861380 0 15010.64003339 0 63076.70930362 0 27914.99171653 0 -25949.43261472 0 315
0.01750000 0.01747870 81197.56537856 0 5994.30199334 0 52391.69440713 0 14635.95256153 0 -26973.40121395 0 297
0.01850000 0.01844180 80544.74110726 0 4543.73886350 0 50018.00941250 0 13278.92843175 0 -38868.06759688 0 388
0.01950000 0.01947590 77376.61680690 0 1455.04742139 0 28443.03088713 0 -633.57724908 0 -31917.41569197 0 399
0.02050000 0.02045430 77274.52997207 0 -6163.76392469 0 22837.33427795 0 -11.59549217 0 -29706.16170244 0 462
0.02150000 0.02154770 76281.67460558 0 -2662.51765984 0 29985.40573437 0 -8243.96587767 0 -38634.22009671 0 571
0.02250000 0.02255340 78216.89553738 0 9394.73474072 0 20351.04373992 0 2550.54323895 0 -33570.62451065 0 510
0.02350000 0.02348930 67462.23571779 0 7880.02963321 0 22208.42622825 0 -760.62885467 0 -26214.61479413 0 555
0.02450000 0.02439640 66343.26657161 0 4679.78451855 0 17525.05427646 0 10169.17742784 0 -23531.34759758 0 592
0.02550000 0.02547300 63865.05883070 0 -5464.38052752 0 16393.68412649 0 8967.19906250 0 -20404.08017580 0 837
0.02650000 0.02652900 67231.82063831 0 -313.31357539 0 19613.95907674 0 3275.40405553 0 -11365.07708685 0 723
0.02750000 0.02749970 67079.13327906 0 2197.74575325 0 21135.96084631 0 -4416.27426019 0 -9385.37862625 0 826
0.02850000 0.02848090 67385.50450679 0 4093.60457033 0 19711.39553515 0 -1726.72905547 0 5878.68477759 0 831
0.02950000 0.02946900 66287.79422427 0 721.79488984 0 20284.83123750 0 -1188.13795931 0 722.50130416 0 996
0.03050000 0.03053250 62875.30371516 0 2095.98001584 0 27116.45565061 0 -1214.00291009 0 -12431.78485988 0 1041
0.03150000 0.03150510 63057.77562818 0 4231.92005196 0 24673.23645613 0 2208.00979836 0 -7595.52624699 0 1036
0.03250000 0.03246190 60464.96932539 0 2185.34474946 0 25063.75735248 0 1580.71830808 0 -13646.86178548 0 1059
0.03350000 0.03345080 56723.40932268 0 1101.40954624 0 19446.65624873 0 1793.89377782 0 -8315.52631297 0 1302
0.03450000 0.03451200 57927.41392346 0 171.45273535 0 18421.13752403 0 9077.40191142 0 -12183.43261420 0 1339
0.03550000 0.03553350 55467.36479525 0 -153.60193328 0 11785.93615321 0 8500.22376327 0 -5747.06805247 0 1365
0.03650000 0.03647120 55765.32105612 0 -111.29790184 0 7037.17105104 0 12258.61369972 0 -10153.18899080 0 1308
0.03750000 0.03744890 52890.28119371 0 1173.06852524 0 5234.98410193 0 2362.46872958 0 -9471.79812146 0 1579
0.03850000 0.03847530 51322.99361563 0 4733.88389761 0 7779.58150245 0 -3531.39620533 0 -7802.96625247 0 1662
0.03950000 0.03950240 48113.45882045 0 3888.60047631 0 9561.10749345 0 -8438.09694872 0 -1778.97935629 0 1683
0.04050000 0.04050350 45313.37859706 0 2937.75351018 0 15567.13507878 0 -5666.93763776 0 -174.78550512 0 1822
0.04150000 0.04152450 46698.74787837 0 -44.33004543 0 19052.70293169 0 -3364.91272936 0 3508.31040809 0 1887
0.04250000 0.04250150 44889.53000300 0 717.98379563 0 23224.86564660 0 234.09441301 0 1111.43996530 0 1920
0.04350000 0.04349210 45374.60855331 0 2062.19835282 0 24767.79411008 0 663.18575287 0 -172.92867625 0 2005
0.04450000 0.04448520 44478.41458249 0 1962.31491063 0 27470.54859831 0 -292.18868687 0 3055.21980418 0 2151
0.04550000 0.04548030 41942.74147577 0 2905.05693499 0 25590.80001385 0 3163.88359995 0 5094.00019002 0 2274
0.04650000 0.04648670 41932.11204394 0 -707.16945598 0 23802.06593940 0 1660.37261283 0 -1911.16076997 0 2311
0.04750000 0.04749250 40306.25186757 0 622.28015606 0 22527.53062952 0 3867.75128868 0 1587.51671552 0 2568
0.04850000 0.04851840 42536.77170229 0 677.35611418 0 23368.47369950 0 2378.61217917 0 -1213.40500455 0 2493
0.04950000 0.04949480 39080.65623340 0 659.05023955 0 19971.59516839 0 3750.04140353 0 3299.03239669 0 2644
0.05050000 0.05050630 39433.64194862 0 1162.61625061 0 19461.05027100 0 2011.48710515 0 -1838.01699222 0 2829
0.05150000 0.05149060 38121.46073436 0 1889.51437495 0 19666.10972664 0 -785.22159533 0 -514.38367240 0 2784
0.05250000 0.05249300 36633.22955548 0 2327.28088131 0 20707.46187583 0 -666.44987423 0 2455.07765436 0 3055
0.05350000 0.05348950 36793.22464911 0 476.93817710 0 23226.85866507 0 376.99383712 0 5638.74749877 0 3009
0.05450000 0.05448610 36225.87872541 0 -740.54476468 0 23570.54362744 0 2362.51301888 0 4264.61662715 0 3336
0.05550000 0.05550870 37128.38392137 0 -311.31723523 0 25302.14450583 0 1132.01234481 0 3277.07597657 0 3349
0.05650000 0.05647670 36416.43343553 0 966.11791652 0 23790.10782859 0 2890.65184040 0 998.78127473 0 3324
0.05750000 0.05747970 35696.84304557 0 1076.07606706 0 22964.77673661 0 -23.98475930 0 984.59319771 0 3639
0.05850000 0.05849280 35520.46091121 0 374.01206005 0 23706.51177621 0 1527.49364268 0 1025.40135806 0 3846
0.05950000 0.05951020 35308.20444444 0 -575.42539913 0 19973.80963335 0 923.56143608 0 -371.29712600 0 3787
0.06050000 0.06049470 35373.30971437 0 -302.43501626 0 17814.37412397 0 5132.04469809 0 -1710.81812470 0 3930
0.06150000 0.06148310 35163.26771256 0 340.52934980 0 13668.00992588 0 3235.89800057 0 -3098.49044957 0 4083
0.06250000 0.06249100 34276.59594108 0 1906.62111680 0 12858.29081189 0 2438.94527710 0 -3124.24467710 0 4303
0.06350000 0.06350600 32166.54300039 0 2270.33591476 0 11412.57736032 0 1571.39541059 0 -1615.97259031 0 4470
0.06450000 0.06451750 30496.28280150 0 1382.76728498 0 12073.81659849 0 1177.48638284 0 -699.41772138 0 4479
0.06550000 0.06550280 30808.63308464 0 -517.33998313 0 11482.22228343 0 2811.73938142 0 198.42048968 0 4636
0.06650000 0.06648880 30406.70769372 0 -776.29951599 0 12304.89601746 0 1107.60894091 0 488.44675151 0 4653
0.06750000 0.06749660 31477.06933394 0 18.74699604 0 11039.49537556 0 935.26488341 0 537.28899075 0 5220
0.06850000 0.06852730 31424.58651430 0 -706.55272749 0 10929.01571852 0 -233.98811870 0 1506.26799600 0 5029
0.06950000 0.06949320 31651.90134282 0 630.95421533 0 10989.20487623 0 -337.45677966 0 1311.68295964 0 5040
0.07050000 0.07048030 29888.19072246 0 1719.88635873 0 9710.52851688 0 681.85037082 0 -1936.46103218 0 5475
0.07150000 0.07148790 29244.55648075 0 1114.51807160 0 9597.53544210 0 -78.35828913 0 -1179.46832898 0 5509
0.07250000 0.07249820 28508.24688031 0 335.53683854 0 9573.39777400 0 893.94850335 0 -2594.35642826 0 5916
0.07350000 0.07351270 27638.40504256 0 5.84391768 0 9663.43791942 0 195.13090198 0 -1162.57196131 0 5721
0.07450000 0.07449140 28906.85057378 0 164.92006371 0 9701.15025775 0 1467.23805102 0 -705.29823309 0 6028
0.07550000 0.07549160 28233.21033182 0 147.31617448 0 9817.62004252 0 241.88600799 0 -549.54605433 0 6183
0.07650000 0.07648840 28149.72500269 0 742.50345894 0 10649.25128733 0 -50.38682855 0 240.67912458 0 6330
0.07750000 0.07749960 27971.68201960 0 540.23201469 0 11036.14046114 0 306.13760168 0 1015.69092919 0 6583
0.07850000 0.07848650 27035.40623294 0 811.91586323 0 10670.39942773 0 421.67398946 0 1514.36186545 0 6549
0.07950000 0.07947320 26747.30434116 0 718.43665372 0 10156.96465356 0 513.92859985 0 750.76452049 0 6828
0.08050000 0.08048110 25734.40806675 0 456.57063559 0 10289.19035655 0 594.21624158 0 1149.32946083 0 7147
0.08150000 0.08149960 25725.66093014 0 322.85902662 0 8888.87343673 0 447.89989803 0 -948.08885001 0 7386
0.08250000 0.08250610 24736.12726110 0 90.79428147 0 7892.67422815 0 1185.86813273 0 -1696.33552384 0 7227
0.08350000 0.08350160 24941.74033298 0 511.18487776 0 8010.66092142 0 -299.82194760 0 -3254.28913210 0 7798
0.08450000 0.08449610 23615.38654295 0 1227.72152054 0 7500.68071260 0 -228.37445001 0 -2734.86423021 0 7371
0.08550000 0.08548940 23155.22072349 0 893.48457294 0 7532.53579110 0 87.46870871 0 -2175.26893387 0 8256
0.08650000 0.08650700 22329.66818501 0 502.50306787 0 7305.95173601 0 697.32283752 0 -2446.93949562 0 8037
0.08750000 0.08749060 22407.72807498 0 167.42019465 0 8048.70542950 0 289.92771814 0 -2589.09707397 0 8155
0.08850000 0.08849210 21702.19953754 0 382.33844831 0 8950.13660996 0 -548.91493181 0 -2379.45367585 0 8718
0.08950000 0.08949900 21642.07681377 0 848.56858008 0 8980.78480505 0 68.60733555 0 -922.35565990 0 8571
0.09050000 0.09049190 20696.83244401 0 868.04147774 0 8829.52577571 0 -443.42003541 0 -1824.32052642 0 8932
0.09150000 0.09150830 20510.59594056 0 576.98438246 0 9745.30668913 0 53.87859691 0 -223.90455248 0 9285
0.09250000 0.09250820 19766.42498950 0 383.21648367 0 9257.37147902 0 1112.46969150 0 -903.75193974 0 9204
0.09350000 0.09350330 19601.22590320 0 349.79245674 0 8313.45578823 0 800.45489981 0 -1538.59918447 0 9349
0.09450000 0.09448040 19236.94641667 0 111.90909417 0 8360.93391706 0 1043.80024021 0 -751.77874544 0 9564
0.09550000 0.09549270 18947.73729240 0 126.37730102 0 6541.58486448 0 1528.92197258 0 -697.16450328 0 10155
0.09650000 0.09649430 18684.99102446 0 187.41459881 0 6466.65844243 0 1209.12001485 0 -572.63517327 0 9913
0.09750000 0.09749140 18572.38548105 0 240.34695484 0 5574.92661851 0 1345.30961012 0 -411.85394458 0 10476
0.09850000 0.09850240 17871.83948978 0 581.91710317 0 6071.60896523 0 694.55807801 0 -91.17295498 0 10575
0.09950000 0.09950330 17550.18845380 0 551.15154143 0 5597.49201649 0 -33.03704918 0 472.39077330 0 10882
0.10050000 0.10051200 17130.43661992 0 374.50034957 0 6051.54591266 0 -281.68547955 0 941.88834812 0 10875
0.10150000 0.10150300 17261.86511552 0 90.60250880 0 6767.39385683 0 -186.21768050 0 1438.21748767 0 11118
0.10250000 0.10250800 16933.90285439 0 37.38382245 0 6204.23327191 0 88.27887072 0 1376.07960079 0 11575
0.10350000 0.10349800 17142.61617722 0 116.85399444 0 7416.44246538 0 278.40142801 0 1872.27476521 0 11364
0.10450000 0.10450100 17113.49596295 0 298.12123851 0 6837.78062570 0 262.17050706 0 1130.13004959 0 12093
0.10550000 0.10551000 16943.97866997 0 424.93700359 0 6874.82862455 0 -33.72165102 0 1238.63883281 0 12067
0.10650000 0.10649700 16225.38478924 0 598.14913135 0 6409.97921169 0 -362.64742586 0 840.29312451 0 12054
0.10750000 0.10749900 16039.92334853 0 515.39125396 0 6742.29289647 0 221.13204235 0 1460.01889524 0 12807
0.10850000 0.10850100 15396.17838358 0 240.45103469 0 6221.46180932 0 220.04141835 0 244.20898174 0 12736
0.10950000 0.10950300 15630.35805349 0 110.34291383 0 5980.16263455 0 700.81615600 0 -150.50832572 0 12933
0.11050000 0.11050200 15094.45753227 0 147.16780533 0 5557.87523829 0 584.98967331 0 -354.84586579 0 13428
0.11150000 0.11150900 15035.99565723 0 187.51646420 0 5376.76522123 0 597.77488677 0 384.94376634 0 13453
0.11250000 0.11250000 14860.94220184 0 221.08775305 0 5360.23424028 0 478.48940981 0 554.34701437 0 13668
0.11350000 0.11349100 14635.39894529 0 372.44421885 0 5178.62596860 0 678.85752142 0 1016.63761297 0 13791
0.11450000 0.11448600 14650.01441405 0 282.27452723 0 5493.13535508 0 406.05979700 0 1591.87921150 0 14205
0.11550000 0.11549300 14200.92091940 0 46.61504110 0 5101.89475761 0 449.63271686 0 1958.37316300 0 14776
0.11650000 0.11649800 14298.80027080 0 63.25298071 0 5463.52795851 0 469.41010345 0 1691.91766624 0 14553
0.11750000 0.11747300 14098.83408458 0 213.38473667 0 4997.84812129 0 336.85001626 0 1564.58593082 0 14568
0.11850000 0.11849100 14226.83015948 0 -95.28377701 0 4581.57299741 0 182.45530452 0 1172.73635549 0 16015
0.11950000 0.11950300 13796.55961703 0 11.79944439 0 4358.29956744 0 323.59976515 0 1131.65803041 0 15270
0.12050000 0.12050700 14300.12894978 0 44.16495707 0 3939.76568930 0 106.87484025 0 84.58724690 0 15999
0.12150000 0.12150000 13820.25439214 0 262.52260699 0 4135.32509024 0 -175.63696690 0 -166.61191494 0 15670
0.12250000 0.12250700 13501.14999086 0 518.28555967 0 3473.95298418 0 -447.45036164 0 -666.55616855 0 16887
0.12350000 0.12352200 13064.56822327 0 217.72398077 0 4078.21403883 0 172.76591308 0 -71.57538294 0 16407
0.12450000 0.12449800 13258.88752383 0 88.21354400 0 3791.54047695 0 162.66020221 0 -505.69964805 0 16306
0.12550000 0.12549900 13215.15184080 0 -220.09456551 0 3827.83555770 0 479.66971963 0 -216.78726209 0 17523
0.12650000 0.12650100 13200.75781853 0 63.70030264 0 3756.76230469 0 310.65068127 0 -101.73329550 0 17154
0.12750000 0.12750600 13277.37830628 0 216.58020962 0 3523.36876984 0 132.46154350 0 145.05409852 0 18007
0.12850000 0.12850300 13171.52688101 0 134.77455216 0 3753.09736518 0 147.89082814 0 296.00421000 0 17496
0.12950000 0.12949900 12887.30030292 0 73.19183164 0 3694.51369456 0 -91.72867496 0 546.37936943 0 18405
0.13050000 0.13049000 12899.25841372 0 176.08539606 0 3863.46629897 0 108.44711037 0 242.01333972 0 18100
0.13150000 0.13148800 12738.48825736 0 313.12313141 0 3937.04189739 0 -142.96032190 0 587.01369428 0 19059
0.13250000 0.13249300 12463.00881587 0 129.51630510 0 3777.20181631 0 -9.12173550 0 438.04663617 0 18957
0.13350000 0.13349100 12465.55545058 0 197.60224488 0 4168.94066839 0 3.26594829 0 193.28182373 0 19468
0.13450000 0.13450700 12331.13742728 0 124.10636719 0 3915.80517839 0 304.29959576 0 -6.25248646 0 19953
0.13550000 0.13551000 12174.13186135 0 77.70081448 0 3812.87684687 0 51.94282236 0 -148.80540217 0 19956
0.13650000 0.13649900 12100.83307105 0 77.18163317 0 3297.65942841 0 318.93056577 0 -375.74820058 0 19723
0.13750000 0.13749600 12065.29090838 0 100.37981451 0 3071.95008698 0 610.55013515 0 -394.42831978 0 20946
0.13850000 0.13851100 11671.00542159 0 169.88600139 0 2680.14480095 0 306.41219533 0 -1100.28016911 0 20955
0.13950000 0.13949800 11575.56198165 0 209.67550786 0 2272.21820998 0 335.23234960 0 -1085.19191208 0 20506
0.14050000 0.14048300 11355.22271776 0 474.89865487 0 2460.29271935 0 -537.77395858 0 -1325.93304168 0 21447
0.14150000 0.14148400 11031.53437401 0 346.78853502 0 2691.49393389 0 -542.25382120 0 -491.07199973 0 21771
0.14250000 0.14249400 10784.17863757 0 183.38980874 0 3128.82861958 0 -229.30673976 0 -360.80499101 0 22470
0.14350000 0.14350900 10793.02542510 0 151.49597710 0 3546.83102613 0 5.09041276 0 -32.23773805 0 22519
0.14450000 0.14449900 10907.25860025 0 45.96299189 0 3703.70372416 0 116.10107635 0 -15.45109711 0 22218
0.14550000 0.14550500 10742.40275603 0 166.22991973 0 3905.77365210 0 73.42678637 0 367.86138361 0 23559
0.14650000 0.14650700 10675.00551485 0 278.45125347 0 4032.92823032 0 203.50711570 0 1088.45824790 0 23044
0.14750000 0.14750500 10597.11170975 0 48.63551894 0 4053.10200614 0 -60.24662308 0 512.25003541 0 23649
0.14850000 0.14849900 10467.29977358 0 196.32782029 0 4301.79749389 0 282.18594863 0 683.49793275 0 23640
0.14950000 0.14949500 10300.03016255 0 176.84827924 0 3955.22265474 0 160.53985201 0 490.49402437 0 24457
0.15050000 0.15050000 10118.80942224 0 232.04714015 0 4119.08198973 0 178.55563172 0 536.22272587 0 24591
0.15150000 0.15149900 9990.70262409 0 123.93253170 0 3730.07800188 0 82.73794721 0 376.51994162 0 25020
0.15250000 0.15250500 9923.02857480 0 89.26508269 0 3635.97431325 0 451.27474263 0 390.11897096 0 25297
0.15350000 0.15350100 9871.12151605 0 28.98867505 0 3365.01238028 0 59.58405516 0 187.60172110 0 25452
0.15450000 0.15450400 9696.03484369 0 218.45807590 0 3400.16701158 0 194.06020817 0 344.33047891 0 26061
0.15550000 0.15549900 9654.85686769 0 244.91871776 0 3288.64655601 0 184.53800882 0 119.89999100 0 26128
0.15650000 0.15649500 9365.35986298 0 241.55494548 0 3142.66902560 0 161.10011165 0 365.30146211 0 26331
0.15750000 0.15749700 9169.83367901 0 148.54852423 0 3035.65500623 0 289.90668073 0 346.54494387 0 27345
0.15850000 0.15849900 9015.90621938 0 47.23420551 0 2934.91899503 0 307.58918346 0 339.05119443 0 26980
0.15950000 0.15949700 9102.22606366 0 -28.55275763 0 2797.40072078 0 492.66752174 0 456.62156829 0 27777
0.16050000 0.16050000 8899.68002576 0 65.01004794 0 2519.03140252 0 181.45325913 0 414.49690852 0 28224
0.16150000 0.16150500 8890.93288915 0 219.43465495 0 2496.86460823 0 248.51943779 0 631.58755231 0 28075
0.16250000 0.16249700 8652.56788045 0 135.60386929 0 2369.86504256 0 84.95141566 0 912.44260749 0 28590
0.16350000 0.16349900 8665.30105400 0 24.84363954 0 2254.66857515 0 155.69017374 0 707.53373547 0 29163
0.16450000 0.16449100 8699.62526093 0 -68.58563379 0 2208.24231718 0 277.54885900 0 701.70304922 0 28996
0.16550000 0.16550500 8667.52659128 0 -37.34850174 0 2084.37621943 0 115.49099125 0 835.68814462 0 30777
0.16650000 0.16650700 8824.83110998 0 15.90805196 0 2126.04137773 0 -1.46538897 0 714.72521044 0 29211
0.16750000 0.16749900 8666.14255068 0 71.66750468 0 2085.62739214 0 21.30868911 0 623.04636094 0 30922
0.16850000 0.16850800 8824.76467603 0 75.33122624 0 1943.11549940 0 -40.07495100 0 529.50071748 0 30867
0.16950000 0.16949900 8595.94401133 0 78.56633811 0 2125.10023012 0 -113.27984799 0 545.09940868 0 30852
0.17050000 0.17049200 8664.79172705 0 107.73792797 0 2172.82195009 0 37.69572985 0 411.26268244 0 31257
0.17150000 0.17149500 8649.22403836 0 0.48979536 0 2104.40605503 0 -53.03211767 0 440.06622822 0 32608
0.17250000 0.17250900 8564.01142656 0 128.82871373 0 2194.13617536 0 43.62839221 0 25.68103946 0 32361
0.17350000 0.17350400 8401.11538382 0 171.07184738 0 1997.48061426 0 -94.81918226 0 133.65846182 0 32508
0.17450000 0.17449800 8346.19665272 0 249.25796185 0 2189.61866684 0 22.57469873 0 105.33545493 0 32791
0.17550000 0.17549800 8165.60703493 0 166.04944084 0 2116.04306842 0 -72.10187199 0 222.39871631 0 33633
0.17650000 0.17650100 8001.76984459 0 96.06681182 0 2136.40507376 0 337.78119878 0 232.37598820 0 33984
0.17750000 0.17750300 8055.54812623 0 66.25800967 0 2042.41210837 0 94.88140873 0 288.75073002 0 34069
0.17850000 0.17849800 8047.93036676 0 66.65705626 0 2083.83367552 0 144.00554936 0 300.42206761 0 34536
0.17950000 0.17950400 7934.88193036 0 123.31691044 0 2085.51666889 0 -33.39734263 0 477.53054648 0 35343
0.18050000 0.18050100 7819.76296922 0 174.26953479 0 2030.22147875 0 8.42306073 0 660.46971159 0 34990
0.18150000 0.18150500 7864.81625891 0 52.22383796 0 2214.98536300 0 73.07346849 0 536.51060632 0 36243
0.18250000 0.18250200 7796.58859337 0 54.24564447 0 2281.44145656 0 -29.50685986 0 434.01963164 0 35694
0.18350000 0.18350400 7658.87101728 0 118.30889792 0 2322.57514326 0 43.45488888 0 686.71112141 0 37087
0.18450000 0.18450600 7562.64144228 0 136.47193955 0 2360.28748159 0 76.33161079 0 667.37330612 0 36651
0.18550000 0.18550700 7544.41639563 0 64.28702513 0 2303.69682944 0 327.25473957 0 490.50731116 0 37818
0.18650000 0.18651000 7397.20983717 0 44.15919946 0 2122.14391939 0 185.89215415 0 877.11414069 0 37267
0.18750000 0.18750100 7322.73738044 0 140.48233560 0 2042.04672165 0 327.02554245 0 511.50929688 0 38334
0.18850000 0.18850000 7303.01756993 0 66.05106792 0 1827.24362017 0 -68.60855351 0 507.18112511 0 38223
0.18950000 0.18949500 7161.59076503 0 211.23781289 0 1926.30771032 0 -112.75280533 0 182.36894039 0 39064
0.19050000 0.19050000 6930.14595934 0 265.74797520 0 1741.51060910 0 -370.89187892 0 201.19189258 0 39609
0.19150000 0.19149800 6867.34373297 0 136.89047343 0 1819.42655885 0 -29.73760710 0 365.66020544 0 39576
0.19250000 0.19250400 6785.96214555 0 -68.45066215 0 1780.92808546 0 151.92447607 0 131.13175729 0 40909
0.19350000 0.19350500 6878.96967403 0 -23.91400714 0 1698.50569951 0 330.57865148 0 38.08270760 0 40191
0.19450000 0.19450100 6831.55797916 0 15.13099620 0 1511.31697612 0 279.78989754 0 -93.36018202 0 41232
0.19550000 0.19549800 6843.59359623 0 106.53702362 0 1613.11593050 0 72.11327648 0 253.84744049 0 40873
0.19650000 0.19649700 6723.92390959 0 158.78599576 0 1500.20036200 0 -15.47678491 0 402.76024421 0 42816
0.19750000 0.19750200 6721.74266160 0 58.43906605 0 1565.43849983 0 -48.41462606 0 483.13646453 0 41727
0.19850000 0.19849000 6622.51248658 0 68.15281662 0 1690.92115700 0 98.84563318 0 692.03801689 0 42610
0.19950000 0.19949900 6628.53583128 0 36.79388899 0 1596.09776726 0 38.00309758 0 666.79865246 0 43863
0.20050000 0.20050100 6574.32572897 0 -31.70903454 0 1613.23772608 0 339.01797746 0 616.98426310 0 43302
0.20150000 0.20150100 6600.30140299 0 -53.08404688 0 1292.10708936 0 290.26985298 0 437.75100510 0 44487
0.20250000 0.20249700 6632.45543427 0 52.43930540 0 1281.80982728 0 33.05808659 0 254.95024404 0 43759
0.20350000 0.20349100 6593.95696087 0 207.42893315 0 1215.82984369 0 -170.11519851 0 261.46852166 0 45282
0.20450000 0.20449700 6453.29414638 0 152.80583312 0 1225.57348953 0 -354.54248409 0 176.99111223 0 45483
0.20550000 0.20549900 6333.28121767 0 159.13255953 0 1359.39360728 0 -314.35105223 0 363.52546121 0 46138
0.20650000 0.20650200 6301.22683732 0 98.34184240 0 1496.41362692 0 42.73086956 0 362.63192460 0 46227
0.20750000 0.20749300 6256.12925833 0 5.37527046 0 1523.76226922 0 142.71451628 0 369.65510023 0 46236
0.20850000 0.20850300 6298.48090076 0 -65.76960942 0 1490.39028221 0 411.79415403 0 114.92740992 0 48361
0.20950000 0.20950400 6236.09942273 0 32.84007252 0 1397.98065928 0 186.42916190 0 147.77346149 0 46812
0.21050000 0.21050300 6271.54193448 0 87.42109771 0 1287.81102733 0 133.35397288 0 262.36870167 0 48813
0.21150000 0.21149700 6092.70174401 0 133.67617754 0 1222.81648065 0 96.93632149 0 328.30328873 0 47215
0.21250000 0.21249000 6095.14872779 0 100.36863146 0 1128.36954994 0 50.62599077 0 354.07080305 0 50004
0.21350000 0.21350300 5976.87415408 0 19.83595919 0 1170.95371120 0 92.23966275 0 254.74540603 0 49509
0.21450000 0.21449800 5964.32921006 0 96.97928211 0 1126.34331450 0 0.07932081 0 101.48937218 0 49660
0.21550000 0.21550100 5953.71085056 0 116.09221849 0 1190.11990546 0 -200.78332380 0 25.40899244 0 50841
0.21650000 0.21649800 5812.61621540 0 104.31303646 0 1271.55685450 0 -154.48218310 0 143.09983319 0 50424
0.21750000 0.21750300 5805.91745888 0 107.54006552 0 1273.79346411 0 -57.14891877 0 -35.23280191 0 52231
0.21850000 0.21850300 5714.33826030 0 83.60003842 0 1238.29559074 0 12.71745084 0 179.69940288 0 51078
0.21950000 0.21950100 5682.06243346 0 83.49817303 0 1296.13741560 0 136.73103195 0 47.52374680 0 52791
0.22050000 0.22050700 5624.53063370 0 35.01113397 0 1085.31481489 0 222.94126022 0 301.03547440 0 52969
0.22150000 0.22150000 5634.55108766 0 -60.12161653 0 1214.64510493 0 312.59276705 0 180.91071521 0 52704
0.22250000 0.22250100 5645.08086856 0 -19.20339727 0 989.49491591 0 194.84634323 0 183.13182357 0 54051
0.22350000 0.22349900 5649.29942432 0 19.91999813 0 1038.59181862 0 133.96627245 0 231.50459624 0 53938
0.22450000 0.22449800 5583.75126139 0 184.38078181 0 986.83645072 0 -93.53279957 0 282.54469195 0 54735
0.22550000 0.22549100 5497.38712781 0 178.24117770 0 1002.02103697 0 -203.64773423 0 488.48661188 0 54774
0.22650000 0.22649900 5391.81251066 0 96.77411193 0 997.84012712 0 -67.54992853 0 608.80402953 0 56911
0.22750000 0.22749800 5375.18187878 0 58.72019238 0 1098.89502128 0 37.05619236 0 580.19867836 0 54879
0.22850000 0.22849100 5343.43752353 0 24.43285628 0 988.99998299 0 182.52727464 0 429.35375396 0 57210
0.22950000 0.22949800 5322.42225102 0 17.96528991 0 913.90083267 0 190.79830127 0 408.71272603 0 57375
0.23050000 0.23049600 5318.76838383 0 19.29828710 0 928.84625671 0 54.64192298 0 351.99252768 0 57604
0.23150000 0.23150100 5272.66322329 0 101.00274350 0 846.96641468 0 -59.17770084 0 468.37151939 0 58629
0.23250000 0.23250200 5216.12793277 0 169.61362220 0 905.97194087 0 1.48364724 0 456.99470563 0 58560
0.23350000 0.23350400 4995.91046445 0 174.41901117 0 842.25956940 0 -128.41793048 0 463.75768163 0 59305
0.23450000 0.23449700 4930.73876056 0 157.29455361 0 960.99475182 0 -39.32612967 0 309.77486038 0 59196
0.23550000 0.23549300 4803.79455652 0 74.45197293 0 902.98130594 0 27.45615458 0 228.89595651 0 60063
0.23650000 0.23649900 4808.66637944 0 50.91697146 0 889.42988759 0 79.28947164 0 312.16094638 0 61537
0.23750000 0.23750400 4798.10338156 0 -27.78145948 0 793.35421791 0 112.42063558 0 198.46145728 0 61224
0.23850000 0.23850100 4806.72872260 0 -44.67195882 0 695.10615809 0 219.73360772 0 346.56044513 0 61221
0.23950000 0.23949400 4854.35079164 0 14.53154054 0 682.51581754 0 147.07036887 0 313.12202417 0 62332
0.24050000 0.24050100 4906.42393526 0 6.48107461 0 577.51917575 0 119.17253926 0 270.57440159 0 63447
0.24150000 0.24150500 4845.11647274 0 80.72665940 0 628.15513161 0 -5.19391685 0 341.90121084 0 63342
0.24250000 0.24250300 4822.59536406 0 83.42675653 0 614.85948397 0 -109.31196967 0 344.87855899 0 63379
0.24350000 0.24349600 4779.36900797 0 16.19803615 0 700.32786648 0 -110.65382471 0 519.22892174 0 64266
0.24450000 0.24449500 4804.25959416 0 119.77376649 0 718.26171099 0 -32.47435363 0 457.68008254 0 64695
0.24550000 0.24549600 4767.14516137 0 42.21866381 0 705.29823309 0 42.16463087 0 427.92099513 0 65947
0.24650000 0.24650000 4688.59808911 0 66.65783132 0 646.30488645 0 98.25149223 0 440.78039317 0 66018
0.24750000 0.24750000 4721.88149751 0 -6.75237978 0 618.87984511 0 175.06784941 0 391.93261777 0 66303
0.24850000 0.24849600 4656.70979363 0 5.03433143 0 521.08685785 0 180.10354273 0 337.58632586 0 66958
0.24950000 0.24949200 4697.01305597 0 -3.38356960 0 468.17443200 0 97.60298617 0 354.86801044 0 66975
0.25050000 0.25048900 4674.62481518 0 66.49916491 0 392.69550095 0 -22.61389476 0 279.53191237 0 68676
0.25150000 0.25150000 4670.32875315 0 33.49256462 0 347.06534314 0 -75.47184477 0 321.39969421 0 69349
0.25250000 0.25249900 4609.98458289 0 52.47562263 0 302.75279198 0 -35.14588416 0 392.12970515 0 68592
0.25350000 0.25349900 4635.32913440 0 80.69687485 0 457.79966365 0 -2.51847779 0 190.11624607 0 70437
0.25450000 0.25450100 4524.70553714 0 72.69213762 0 417.59826670 0 -17.76477011 0 318.82759315 0 70099
0.25550000 0.25550100 4517.38673043 0 71.31064366 0 373.62452868 0 84.56620948 0 150.94236086 0 71064
0.25650000 0.25650300 4469.63179349 0 50.78543225 0 415.79237052 0 -29.22407268 0 331.58623304 0 71409
0.25750000 0.25750600 4482.38711168 0 98.92291801 0 382.40709673 0 42.36659007 0 231.51677580 0 72612
0.25850000 0.25850600 4401.73629770 0 77.33686716 0 378.70340407 0 -68.64553507 0 208.07112799 0 71845
0.25950000 0.25949600 4296.18382521 0 117.91472316 0 412.86041891 0 -98.01974848 0 227.16424491 0 72816
0.26050000 0.26049800 4232.44045123 0 125.18591886 0 498.48935013 0 -82.60740450 0 129.23174635 0 73743
0.26150000 0.26149900 4199.27883839 0 65.40156535 0 476.96807238 0 12.24942367 0 193.70146484 0 74662
0.26250000 0.26250300 4167.67842336 0 39.09017843 0 463.77871905 0 35.41106634 0 114.69267663 0 74931
0.26350000 0.26350100 4191.14067965 0 -39.86236237 0 448.11248667 0 107.98749817 0 239.22865003 0 75087
0.26450000 0.26450200 4152.22145792 0 -12.00516818 0 309.03412185 0 147.58412474 0 211.84014736 0 76678
0.26550000 0.26550600 4245.11826314 0 -29.70339362 0 320.98337480 0 180.22201661 0 139.05400570 0 76035
0.26650000 0.26650100 4226.94857812 0 -17.51243183 0 222.35110531 0 80.01736628 0 185.61423879 0 77094
0.26750000 0.26750600 4234.32274645 0 58.99157506 0 165.02192910 0 -23.56423240 0 169.84503379 0 78463
0.26850000 0.26850100 4205.57899122 0 61.19485698 0 114.29185848 0 -54.62608956 0 216.24139648 0 77076
0.26950000 0.26949700 4168.05488241 0 100.52076521 0 175.63253797 0 -76.25166861 0 95.16486024 0 79149
0.27050000 0.27049900 4094.02531867 0 110.42174878 0 188.90050480 0 -68.07187792 0 89.24792058 0 79648
0.27150000 0.27150200 4013.08662424 0 165.37402903 0 244.79692218 0 -88.95738278 0 34.40403840 0 80241
0.27250000 0.27250500 3887.38252058 0 137.87148141 0 288.37869990 0 -77.56274259 0 116.78866772 0 80835
0.27350000 0.27350000 3859.59098528 0 73.78774416 0 352.14421853 0 -84.41285778 0 97.66366251 0 80680
0.27450000 0.27450400 3823.22947058 0 30.79102809 0 365.71445983 0 48.94908717 0 138.60779101 0 82617
0.27550000 0.27550800 3834.42359097 0 -26.85249143 0 292.49539027 0 166.46576025 0 239.43459527 0 82548
0.27650000 0.27649900 3896.94900922 0 -74.91047790 0 200.71135369 0 96.91174093 0 157.52928689 0 81181
0.27750000 0.27748900 3970.15922092 0 -43.48068739 0 177.58569607 0 122.32150843 0 165.34081205 0 84096
0.27850000 0.27849800 3950.94873736 0 68.14595178 0 159.61531289 0 4.96794177 0 136.72106686 0 85215
0.27950000 0.27950200 3918.93864631 0 128.50540185 0 170.28903401 0 -26.08362919 0 234.18742054 0 84514
0.28050000 0.28050300 3783.57947540 0 104.99298792 0 196.32117689 0 -62.40207255 0 229.37649541 0 85815
0.28150000 0.28150100 3772.52929523 0 83.70611129 0 229.28902404 0 78.50377947 0 284.69825913 0 85485
0.28250000 0.28250000 3725.13974501 0 18.50074754 0 236.90456905 0 119.63425520 0 227.50416528 0 87220
0.28350000 0.28350400 3738.28259457 0 29.31486574 0 173.80006821 0 -12.15874133 0 239.11349785 0 87147
0.28450000 0.28449700 3745.66783522 0 60.54236488 0 248.53604627 0 -18.23479030 0 220.13442588 0 87102
0.28550000 0.28549800 3698.56616545 0 54.02286930 0 171.69632650 0 -4.32726384 0 279.05358794 0 88971
0.28650000 0.28649900 3649.65970672 0 43.05163481 0 221.51846648 0 -1.75375660 0 322.89335083 0 89434
0.28750000 0.28750100 3663.66619762 0 57.84691812 0 187.56739689 0 49.84871357 0 110.08758602 0 89619
0.28850000 0.28849900 3590.66636009 0 65.49512649 0 171.85466074 0 -38.64983207 0 129.77318304 0 90240
0.28950000 0.28950100 3587.30037334 0 56.47450346 0 159.74485909 0 -92.49155814 0 88.88264459 0 91333
0.29050000 0.29050500 3547.91611396 0 20.95083158 0 207.39018002 0 -29.69420359 0 158.61769642 0 92139
0.29150000 0.29150600 3551.93536787 0 45.63192938 0 246.87630478 0 72.63112911 0 111.90466524 0 92370
0.29250000 0.29250200 3522.38333293 0 50.52766852 0 157.66215479 0 79.22237335 0 252.93508092 0 91819
0.29350000 0.29349600 3525.45036691 0 28.16201528 0 212.56317017 0 110.51697078 0 177.19152131 0 93552
0.29450000 0.29450000 3482.14650454 0 62.71708019 0 160.44463002 0 14.60428571 0 231.06059601 0 94701
0.29550000 0.29550200 3458.16384898 0 86.77270237 0 215.90147610 0 -13.92964896 0 258.35276946 0 95020
0.29650000 0.29650300 3370.48210874 0 90.00925364 0 160.77679976 0 -36.21657797 0 340.61017777 0 95151
0.29750000 0.29749800 3374.31313313 0 27.89472936 0 122.23514430 0 -15.75990425 0 359.53167365 0 95802
0.29850000 0.29850000 3376.71582762 0 0.71399665 0 108.72801525 0 43.66205207 0 274.09761535 0 97399
0.29950000 0.29950700 3387.32311479 0 25.06010349 0 119.77819542 0 -56.35857622 0 179.46577682 0 97881
0.30050000 0.30050300 3355.63412116 0 66.13743205 0 86.57760801 0 -35.42335662 0 170.64777734 0 97188
0.30150000 0.30149700 3308.24457094 0 79.20498980 0 126.05066743 0 8.76848405 0 227.86290861 0 98263
0.30250000 0.30249700 3323.62403011 0 6.16096263 0 130.54270961 0 72.35011351 0 270.11379288 0 100050
0.30350000 0.30350600 3298.33484023 0 -0.34795445 0 103.31807735 0 132.34417686 0 214.67244805 0 100779
0.30450000 0.30450500 3329.95739991 0 48.15010822 0 164.81044769 0 30.60589882 0 211.52790780 0 99982
0.30550000 0.30550300 3288.62441136 0 80.86993529 0 54.09207133 0 -28.55131822 0 290.76589313 0 101559
0.30650000 0.30649700 3238.23426111 0 58.73060037 0 107.58025806 0 34.04695592 0 338.96150860 0 100935
0.30750000 0.30749800 3227.92592670 0 58.07456512 0 81.59616907 0 -46.08988074 0 352.42545558 0 103762
0.30850000 0.30850200 3233.88283746 0 44.80549106 0 153.43917010 0 -30.29642734 0 316.06061918 0 102951
0.30950000 0.30950100 3195.55044894 0 42.11812710 0 101.78865712 0 -68.64686375 0 206.68044399 0 104394
0.31050000 0.31050000 3176.90465394 0 75.99600863 0 150.79288447 0 -74.90084498 0 208.73103855 0 103963
0.31150000 0.31149700 3149.77745813 0 86.61669331 0 172.19568835 0 -109.75840580 0 203.04207806 0 105936
0.31250000 0.31250000 3100.53882967 0 29.64304945 0 246.67811017 0 11.47535744 0 48.66552494 0 105717
0.31350000 0.31349800 3074.45243239 0 53.68261676 0 183.39534490 0 20.01555230 0 111.70204170 0 106776
0.31450000 0.31450400 3068.69482349 0 63.97401051 0 149.95913841 0 52.76693550 0 5.86220916 0 108733
0.31550000 0.31549900 3014.20791306 0 42.55481959 0 114.01394312 0 73.77279652 0 103.17314062 0 105891
0.31650000 0.31650000 3005.36112553 0 26.81982807 0 122.89837656 0 40.85521773 0 91.20993654 0 111072
0.31750000 0.31750600 3001.90656018 0 5.52034006 0 84.11877684 0 82.35661634 0 163.16399299 0 108121
0.31850000 0.31849900 3017.89499722 0 26.59417409 0 89.61696117 0 47.04409369 0 79.02705754 0 110484
0.31950000 0.31950100 3016.88741566 0 36.92299230 0 48.71114291 0 5.42768684 0 212.02173349 0 110817
0.32050000 0.32049800 2991.83074460 0 57.19542253 0 62.45466610 0 50.63053042 0 292.26065698 0 111088
0.32150000 0.32149900 2985.65238735 0 18.30133497 0 23.92175777 0 42.14049320 0 293.03571972 0 112635
0.32250000 0.32250100 2976.10804335 0 32.31236552 0 8.03183121 0 58.31572035 0 269.06745819 0 113202
0.32350000 0.32350400 2987.04750028 0 4.32816070 0 -69.24476929 0 45.83521727 0 251.12918475 0 113863
0.32450000 0.32450300 2974.80150903 0 49.35433426 0 -31.49688880 0 -54.99557303 0 281.66554936 0 114045
0.32550000 0.32549900 2946.77745491 0 79.19956437 0 38.63056623 0 -60.16856319 0 249.06973233 0 114828
0.32650000 0.32650300 2888.13842267 0 70.83021548 0 11.38135340 0 -74.36117987 0 188.97358214 0 116431
0.32750000 0.32750400 2857.92204824 0 66.33507305 0 67.41672846 0 -48.67881173 0 207.16651905 0 116442
0.32850000 0.32850400 2860.86728664 0 32.31435854 0 72.07396973 0 24.87176324 0 148.02923220 0 116955
0.32950000 0.32949800 2833.98368198 0 24.45666178 0 -17.99706748 0 52.26303399 0 158.02864874 0 117028
0.33050000 0.33049700 2842.06647910 0 11.42830006 0 -64.09613825 0 48.41097219 0 130.77965736 0 119061
0.33150000 0.33150100 2829.64333065 0 60.35679271 0 -83.56106383 0 18.10413686 0 115.80101635 0 120060
0.33250000 0.33250400 2802.21718208 0 67.50586068 0 -89.03643918 0 24.15084417 0 77.82205643 0 119737
0.33350000 0.33350100 2741.45226347 0 89.26320039 0 -92.79460767 0 -96.63736872 0 101.48018215 0 120531
0.33450000 0.33450000 2683.86510209 0 100.72947853 0 -121.55530356 0 -32.16565721 0 104.58419769 0 121704
0.33550000 0.33550300 2658.43197198 0 50.12983989 0 -45.94162231 0 -10.24253158 0 176.88924684 0 122761
0.33650000 0.33650300 2644.10438367 0 -0.28493631 0 -113.28427692 0 87.01562918 0 156.66453832 0 122472
0.33750000 0.33749900 2669.21641636 0 29.46301345 0 -114.78236246 0 124.92018307 0 97.81745710 0 122985
0.33850000 0.33849800 2630.89510016 0 64.98070628 0 -126.02298662 0 65.00063646 0 202.71433724 0 125380
0.33950000 0.33950300 2601.12161872 0 69.22926804 0 -130.43309360 0 3.52349057 0 196.67770575 0 125223
0.34050000 0.34050000 2586.39542671 0 35.46842098 0 -169.17737260 0 34.87649450 0 321.90348499 0 125178
0.34150000 0.34149900 2563.55322061 0 0.55729557 0 -126.04845297 0 -25.04260921 0 229.57026109 0 127059
0.34250000 0.34250300 2584.41348057 0 14.63827775 0 -182.15192282 0 -18.20046609 0 277.18679397 0 127957
0.34350000 0.34349800 2593.68101644 0 21.15755188 0 -138.11285809 0 -60.10965842 0 183.39645213 0 126732
0.34450000 0.34449700 2616.40142697 0 18.64513066 0 -136.89158066 0 -73.10834631 0 152.73386301 0 129639
0.34550000 0.34550000 2636.20981607 0 24.37926623 0 -121.09137315 0 -41.93377289 0 98.74753239 0 129826
0.34650000 0.34650400 2607.86466454 0 44.24334913 0 -127.19997475 0 -51.54012191 0 46.11379696 0 130875
0.34750000 0.34750200 2624.45100711 0 42.32728332 0 -106.62648800 0 2.38460231 0 12.40310754 0 130686
0.34850000 0.34850200 2605.30695750 0 30.66081755 0 -164.01766924 0 26.99322068 0 -35.39955112 0 132211
0.34950000 0.34950400 2579.26484953 0 44.41186991 0 -136.94029889 0 6.28078733 0 7.69280769 0 132768
0.35050000 0.35050300 2557.50773126 0 66.21106301 0 -183.63339988 0 9.49586936 0 25.01359972 0 132957
0.35150000 0.35150100 2556.32299250 0 40.76818926 0 -120.71269964 0 14.20003513 0 59.28620963 0 133987
0.35250000 0.35249800 2520.96905936 0 28.16035443 0 -204.84022361 0 45.78184866 0 139.55668925 0 134778
0.35350000 0.35349800 2517.07160102 0 81.41823681 0 -165.61429847 0 48.39978914 0 144.82711586 0 135699
0.35450000 0.35450100 2485.06150997 0 45.92036344 0 -206.85981566 0 11.01588918 0 147.01611448 0 137380
0.35550000 0.35550100 2450.05081890 0 30.37371217 0 -193.99488145 0 42.34898507 0 187.68254907 0 136161
0.35650000 0.35649900 2482.73632176 0 21.41775151 0 -207.18644924 0 -10.94221393 0 210.22580240 0 138792
0.35750000 0.35750000 2458.01182044 0 -9.62006762 0 -262.40634757 0 36.75779321 0 233.84860740 0 138097
0.35850000 0.35849800 2520.96905936 0 7.49851054 0 -249.54362783 0 35.19792409 0 205.77583506 0 140028
0.35950000 0.35950300 2528.40966164 0 10.15827119 0 -308.26570251 0 42.75744314 0 182.21503508 0 141099
0.36050000 0.36050500 2532.36248160 0 68.83586833 0 -289.82031659 0 -8.78282271 0 203.91457726 0 140821
0.36150000 0.36150200 2473.49093054 0 59.78811811 0 -318.40684481 0 2.30864616 0 238.27421563 0 141756
0.36250000 0.36250400 2439.55425497 0 56.98349823 0 -286.66691848 0 62.84186529 0 276.56563655 0 142971
0.36350000 0.36349900 2423.26686516 0 41.13722985 0 -345.03357153 0 43.23554612 0 179.92417107 0 142270
0.36450000 0.36450000 2379.55332678 0 45.25967782 0 -312.52301140 0 -4.19192681 0 165.18690674 0 145311
0.36550000 0.36550300 2361.58294359 0 78.82277315 0 -354.31993036 0 3.19574975 0 166.73481775 0 145434
0.36650000 0.36650100 2323.53843552 0 37.34695161 0 -354.72517745 0 -63.39404213 0 203.23916544 0 144547
0.36750000 0.36749600 2340.36836924 0 34.20296498 0 -341.36420309 0 -37.30465533 0 132.27442121 0 146892
0.36850000 0.36849900 2306.95209294 0 38.25598948 0 -329.29647627 0 -9.68324631 0 185.01522602 0 148113
0.36950000 0.36949900 2291.31797030 0 81.41369716 0 -263.92104161 0 -5.08229674 0 184.64208868 0 147387
0.37050000 0.37049800 2253.99316333 0 71.34651799 0 -274.87378532 0 -3.29417165 0 178.74053955 0 149758
0.37150000 0.37150100 2216.60192242 0 43.88250206 0 -225.69162571 0 31.04436288 0 245.75689274 0 150099
0.37250000 0.37250000 2206.91363820 0 43.33774368 0 -276.78486858 0 28.57014118 0 256.45608022 0 150468
0.37350000 0.37349800 2233.75295356 0 19.52781639 0 -259.64048083 0 32.96275388 0 268.29350268 0 150709
0.37450000 0.37449700 2214.37638513 0 15.81316214 0 -302.87126586 0 22.18140976 0 329.06285022 0 153108
0.37550000 0.37550100 2236.72033661 0 25.85387845 0 -302.48927065 0 -68.67221937 0 198.91763706 0 153189
0.37650000 0.37649900 2232.09210484 0 43.36797113 0 -309.18581270 0 -66.13566048 0 237.07840455 0 153547
0.37750000 0.37749900 2224.71793651 0 54.98394709 0 -220.11671016 0 -82.31841682 0 150.93350300 0 155424
0.37850000 0.37850200 2182.64310220 0 66.83731371 0 -222.49726000 0 -42.32119354 0 205.81237373 0 155313
0.37950000 0.37949900 2171.28289694 0 57.36737573 0 -215.60695226 0 21.85964800 0 203.68870183 0 156100
0.38050000 0.38050000 2160.55381419 0 17.00487646 0 -235.23929140 0 44.96426820 0 213.83095136 0 157557
0.38150000 0.38149800 2168.17157366 0 11.88304044 0 -258.26972702 0 95.27026878 0 203.24802330 0 157692
0.38250000 0.38250100 2147.90921924 0 32.25600738 0 -282.34317564 0 23.81712430 0 193.66824787 0 159703
0.38350000 0.38350500 2138.49774315 0 59.55648507 0 -295.47384565 0 29.53741947 0 242.26800319 0 160338
0.38450000 0.38450600 2083.37971020 0 86.95063463 0 -308.12397675 0 -36.45574019 0 180.60179735 0 160167
0.38550000 0.38550000 2054.96812472 0 76.66987031 0 -281.16397305 0 -67.34210099 0 275.94337190 0 160033
0.38650000 0.38649600 2010.94456124 0 51.20806288 0 -251.90314025 0 -35.83369698 0 205.99728155 0 162444
0.38750000 0.38750200 2039.92083529 0 33.18907220 0 -273.24615357 0 -22.08840223 0 304.02278764 0 164307
0.38850000 0.38850400 2042.85500137 0 6.64814492 0 -226.32496269 0 -28.66458811 0 205.20893203 0 163882
0.38950000 0.38950500 2053.32942064 0 26.07842520 0 -211.89661622 0 -9.61403321 0 231.87219742 0 164595
0.39050000 0.39050100 2059.14239117 0 6.54464083 0 -221.15529423 0 9.52950708 0 198.27212053 0 165006
0.39150000 0.39150100 2056.34109299 0 44.26084340 0 -259.19758784 0 8.56918220 0 229.94672014 0 166687
0.39250000 0.39250100 2058.36732844 0 37.09959588 0 -239.83209173 0 17.95654277 0 206.25415949 0 167256
0.39350000 0.39350100 2027.65269939 0 13.81228232 0 -296.34080868 0 79.35834150 0 217.26005036 0 167937
0.39450000 0.39449600 2034.40681753 0 35.89503766 0 -353.12965544 0 81.27064272 0 224.13042791 0 167719
0.39550000 0.39549700 2031.33978355 0 -3.48648686 0 -459.86243776 0 103.45227392 0 227.21296314 0 171636
0.39650000 0.39650400 2055.26707749 0 0.56025299 0 -480.67176503 0 34.92155886 0 192.49236697 0 171093
0.39750000 0.39750000 2079.30509467 0 15.19167254 0 -491.13843368 0 -0.45286251 0 208.82072438 0 170464
0.39850000 0.39849800 2075.09761124 0 56.39799370 0 -492.40067871 0 -38.95719981 0 183.17500564 0 172113
0.39950000 0.39949500 2034.80542122 0 68.96718611 0 -474.53216092 0 0.75259810 0 239.02049033 0 173232
