### header ###
fiducial parameters:
Omega_m = 0.31
Omega_nu = 0
Omega_de = 0.69
Omega_k = 0
H_0 = 100
w_de = -1
zeff = 0
beta = 0
fgrowth = 0
b_1 = 2
gamma = 0.55
Lx = 3500 Ly = 3500 Lz = 3500
nx = 700 ny = 700 nz = 700
xoffset = -685.467585 yoffset = -31.7331281 zoffset = 572.489161
bins = 400 dk = 0.001
kx_ny = 0.628318531 ky_ny = 0.628318531 kz_ny = 0.628318531
############################
A(data) = 8.04758516 (not used)
A(ran) = 8.04719674 (used)
Ngal = 478400
weighted Ngal = 0
Nran = 23820508
weighted Nran = 0
SN(data) = 3485.99345
SN(ran) = 70.094002
SN(data+ran) = 3556.08746
############################
13 columns: k_central k_mean P_0(k) sigma^{lin}_{P_0(k)} P^img_1(k) sigma^{lin}_{P_1(k)} P_2(k) sigma^{lin}_{P_2(k)} P^img_3(k) sigma^{lin}_{P_3(k)} P_4(k) sigma^{lin}_{P_4(k)} N_modes
### header ###
0.00050000 0 0 0 0 0 0 0 0 0 0 0 0
0.00150000 0.00179520 3161.59162872 0 -5000.59405785 0 1749.54911692 0 -20998.11040232 0 -10891.29230786 0 3
0.00250000 0.00253879 8668.23522007 0 -7235.71997969 0 -4124.54064587 0 -10681.46068022 0 -8524.49429928 0 6
0.00350000 0.00331552 17111.06005149 0 -12134.27149200 0 3901.52187937 0 -4416.06388602 0 -2905.61055123 0 7
0.00450000 0.00420575 28158.91503228 0 -16542.49617205 0 6287.96219218 0 688.81818483 0 12377.19829852 0 24
0.00550000 0.00557378 39175.87822684 0 -8941.16802685 0 10618.55880293 0 -1971.12848119 0 7358.89959329 0 45
0.00650000 0.00659388 52627.53492576 0 -2303.79648037 0 15295.97384397 0 -7138.18387036 0 21696.88482163 0 40
0.00750000 0.00754703 53730.33847770 0 2054.23735128 0 22153.95039014 0 7085.00349425 0 14339.54642613 0 57
0.00850000 0.00846663 55996.51119833 0 4482.81893235 0 32027.36387742 0 -10628.29137644 0 28234.20684105 0 75
0.00950000 0.00948925 55689.58635436 0 3519.47131150 0 14534.41934294 0 14944.53825422 0 44852.32699161 0 112
0.01050000 0.01054430 62020.40951592 0 -16978.63504666 0 18443.28217367 0 32533.81201463 0 42524.37069849 0 105
0.01150000 0.01145670 73628.96702553 0 -20472.17497344 0 9049.26713406 0 31797.28096769 0 24664.04642653 0 144
0.01250000 0.01249090 93672.31085874 0 -14505.29912867 0 3592.38257044 0 33549.03347725 0 2264.48972726 0 169
0.01350000 0.01339930 94246.85379358 0 -3103.26262157 0 -14438.20084027 0 9440.82882894 0 10685.65709133 0 180
0.01450000 0.01448870 92258.59642590 0 11674.43784228 0 -29796.40114971 0 -9621.01984304 0 16014.34627820 0 267
0.01550000 0.01550050 74754.13667360 0 2143.02632400 0 -4425.61930234 0 -19236.17135393 0 14329.24916405 0 238
0.01650000 0.01653350 83904.85951997 0 -3309.77255176 0 -26602.81050227 0 -13283.57880818 0 7553.85001638 0 315
0.01750000 0.01747870 85375.04280939 0 927.73459530 0 -5329.68569611 0 -10331.14339529 0 2938.66144082 0 297
0.01850000 0.01844180 86649.91028901 0 -946.96279458 0 -9418.55131141 0 -21855.66195953 0 -11288.67804560 0 388
0.01950000 0.01947590 85464.06430093 0 3339.37994833 0 19795.65592702 0 -11689.27475754 0 -300.69223233 0 399
0.02050000 0.02045430 84769.60808831 0 11376.92447441 0 17472.12856382 0 -29886.19770399 0 -10920.27965424 0 462
0.02150000 0.02154770 76153.45708418 0 10744.03038777 0 40544.19612793 0 1802.23123841 0 -7855.69266326 0 571
0.02250000 0.02255340 74666.77603078 0 1881.30978226 0 43538.92782163 0 -1717.01862660 0 -5968.13808980 0 510
0.02350000 0.02348930 67139.80961907 0 3232.65380940 0 43968.42330134 0 23521.82539824 0 3266.32474918 0 555
0.02450000 0.02439640 68600.13853940 0 -94.79128000 0 38156.67072728 0 19930.95973630 0 -4539.67532029 0 592
0.02550000 0.02547300 66383.12694096 0 -2093.85412948 0 28005.00971731 0 18298.56688829 0 2804.48700867 0 837
0.02650000 0.02652900 66096.68589790 0 3498.67748550 0 18869.23450944 0 15257.55287685 0 3848.77332394 0 723
0.02750000 0.02749970 65185.65501182 0 3217.87225577 0 20972.97622498 0 7047.34651755 0 16722.86434335 0 826
0.02850000 0.02848090 60437.28851335 0 1099.97235848 0 13677.75357172 0 4223.25042163 0 16014.45700145 0 831
0.02950000 0.02946900 61880.67677671 0 -491.17497235 0 13355.32747300 0 4604.70308395 0 14819.42098377 0 996
0.03050000 0.03053250 61144.58862276 0 -682.83248603 0 9844.00539256 0 -2774.51422538 0 4675.61025209 0 1041
0.03150000 0.03150510 59816.90615376 0 5384.12831724 0 14096.28744987 0 -7226.59638404 0 4417.74687939 0 1036
0.03250000 0.03246190 54609.70251480 0 4423.50448830 0 14878.21502856 0 -8037.22342866 0 995.05322296 0 1059
0.03350000 0.03345080 51167.75962167 0 4197.23045830 0 12995.14474665 0 -3289.54341432 0 3256.03855942 0 1302
0.03450000 0.03451200 50715.78732258 0 -2095.00565126 0 12533.87169471 0 -68.89145141 0 -12823.96660496 0 1339
0.03550000 0.03553350 50930.81187055 0 -455.92954799 0 16031.17621193 0 485.55244581 0 -9694.66187541 0 1365
0.03650000 0.03647120 50991.70965706 0 2191.77777018 0 12283.85860030 0 -2788.98575392 0 -16635.94659352 0 1308
0.03750000 0.03744890 50103.81992985 0 1745.57415231 0 16528.87721252 0 -2108.24815174 0 -2843.63874922 0 1579
0.03850000 0.03847530 49234.08881534 0 256.57012516 0 14747.67231895 0 1415.92889781 0 -6743.74337102 0 1662
0.03950000 0.03950240 46853.98187233 0 1241.73908376 0 14274.66260270 0 6376.50757376 0 -4241.26509411 0 1683
0.04050000 0.04050350 47077.75355691 0 778.08991091 0 14124.74332465 0 4992.59983933 0 124.29681118 0 1822
0.04150000 0.04152450 46814.78584247 0 1838.12771547 0 14412.95593968 0 3092.38959860 0 -3042.43126902 0 1887
0.04250000 0.04250150 42887.76439904 0 3305.62042996 0 12783.77406586 0 3643.87995317 0 7684.87990828 0 1920
0.04350000 0.04349210 41691.73187213 0 3183.07193886 0 16534.19192844 0 -2002.07562906 0 6537.27773013 0 2005
0.04450000 0.04448520 39777.99125048 0 582.60580177 0 15479.33154296 0 -1105.24610679 0 9485.31743006 0 2151
0.04550000 0.04548030 41489.21905120 0 -695.71513596 0 18856.50133590 0 149.72883406 0 5303.96468555 0 2274
0.04650000 0.04648670 40681.93584867 0 188.58715801 0 19710.17757942 0 -1013.28380578 0 4173.54675552 0 2311
0.04750000 0.04749250 40924.53048545 0 2527.85604540 0 21596.45883552 0 -3002.89199709 0 2810.89788474 0 2568
0.04850000 0.04851840 37007.91702735 0 2939.94583050 0 17951.78167497 0 906.11698832 0 -1308.07338175 0 2493
0.04950000 0.04949480 36042.96391940 0 1675.48633621 0 19102.97128636 0 -493.40826027 0 -884.68428917 0 2644
0.05050000 0.05050630 34307.70917382 0 593.84753316 0 16079.00865514 0 4603.90587657 0 -4959.11712907 0 2829
0.05150000 0.05149060 33735.49142720 0 -651.22432037 0 13880.48783915 0 3379.25139000 0 -7866.45496298 0 2784
0.05250000 0.05249300 34490.62397983 0 -1980.94963330 0 10720.39097429 0 3805.11514718 0 -8661.39252333 0 3055
0.05350000 0.05348950 35675.58418192 0 -1690.46719169 0 9091.25338977 0 1568.49446148 0 -6963.54009099 0 3009
0.05450000 0.05448610 37307.86630668 0 -682.83470050 0 9279.98116630 0 -846.98302316 0 -10809.86643115 0 3336
0.05550000 0.05550870 37260.03386347 0 1026.44104936 0 9624.44119141 0 -4794.25021252 0 -6167.45100886 0 3349
0.05650000 0.05647670 36830.98127675 0 2235.55774251 0 12307.22120567 0 -2854.12424083 0 -6698.66793668 0 3324
0.05750000 0.05747970 35074.24622102 0 1966.36738152 0 13306.16635081 0 -3654.78619311 0 -6276.50233600 0 3639
0.05850000 0.05849280 34557.16865199 0 1409.88340846 0 15077.73832179 0 745.24385934 0 -4332.24638714 0 3846
0.05950000 0.05951020 33639.60509427 0 574.45657071 0 15565.36350680 0 4171.43194148 0 -5062.18940081 0 3787
0.06050000 0.06049470 32956.11048321 0 307.86156265 0 13809.62496031 0 3658.69472377 0 -4568.25299065 0 3930
0.06150000 0.06148310 32934.18728007 0 878.93221643 0 13179.72040138 0 3483.26480935 0 -3742.57865660 0 4083
0.06250000 0.06249100 31817.98621510 0 542.06005552 0 11130.67597044 0 2315.47778305 0 -2258.33351466 0 4303
0.06350000 0.06350600 31220.85573763 0 778.94358715 0 11029.06524558 0 2986.17278661 0 416.55303923 0 4470
0.06450000 0.06451750 31266.03082289 0 -309.98855625 0 11506.80284453 0 940.33047201 0 1625.81588707 0 4479
0.06550000 0.06550280 30997.30549954 0 118.31111238 0 10364.62610554 0 1969.29047527 0 2169.31202312 0 4636
0.06650000 0.06648880 30569.02797556 0 485.64102441 0 9582.14491060 0 1129.41034848 0 5052.55647822 0 4653
0.06750000 0.06749660 30837.31040592 0 -250.06734880 0 10239.94065575 0 257.80911831 0 3009.91185103 0 5220
0.06850000 0.06852730 31002.73093871 0 258.95510393 0 10950.23029287 0 308.62555307 0 3246.74887890 0 5029
0.06950000 0.06949320 29998.36035441 0 1245.37080630 0 10854.23323669 0 -1278.06738149 0 3171.80031220 0 5040
0.07050000 0.07048030 29025.32444934 0 1203.45098454 0 9629.70054570 0 456.79761825 0 3463.33462467 0 5475
0.07150000 0.07148790 28625.72424664 0 588.08106640 0 10605.05056665 0 1111.38460367 0 4654.40675007 0 5509
0.07250000 0.07249820 28250.59388178 0 -25.84147745 0 10013.30123904 0 1319.50002096 0 2653.50478744 0 5916
0.07350000 0.07351270 27494.46481992 0 407.77932905 0 8908.41609004 0 2185.37796643 0 2551.44009726 0 5721
0.07450000 0.07449140 27558.01996438 0 481.46786518 0 9333.37191658 0 442.19322182 0 1225.39633233 0 6028
0.07550000 0.07549160 26719.18063612 0 141.46334358 0 8889.58206552 0 -678.65157618 0 3722.85884610 0 6183
0.07650000 0.07648840 27695.98113162 0 100.25713315 0 10187.01494312 0 -87.05781474 0 3113.53773900 0 6330
0.07750000 0.07749960 27018.79774571 0 30.12037737 0 10525.58449143 0 -222.43525498 0 3497.47060209 0 6583
0.07850000 0.07848650 27148.34394609 0 1557.10103925 0 11694.25730371 0 -415.78572712 0 3583.95653125 0 6549
0.07950000 0.07947320 25729.97913682 0 1465.92044436 0 10495.65599744 0 307.38877438 0 4648.23946514 0 6828
0.08050000 0.08048110 25002.19522649 0 593.98704445 0 9982.97414136 0 1138.84396922 0 5289.81425443 0 7147
0.08150000 0.08149960 24335.41982591 0 -151.48047584 0 10482.09239954 0 2684.35228438 0 4377.79793145 0 7386
0.08250000 0.08250610 24885.49292290 0 -59.38209596 0 9111.30537002 0 1308.73772124 0 2111.65842779 0 7227
0.08350000 0.08350160 24254.59185473 0 773.05200312 0 9004.16955507 0 933.62175041 0 3872.77812414 0 7798
0.08450000 0.08449610 23310.45471745 0 1191.60359698 0 7322.20590884 0 138.10067853 0 3904.66641962 0 7371
0.08550000 0.08548940 22516.01541171 0 753.98988871 0 7862.75680649 0 48.70826411 0 4185.33878145 0 8256
0.08650000 0.08650700 22012.99969520 0 189.16513336 0 7405.12654941 0 438.03334938 0 1875.90648775 0 8037
0.08750000 0.08749060 21481.19593416 0 393.37312723 0 7870.60708479 0 341.50149992 0 1372.53645684 0 8155
0.08850000 0.08849210 21230.07560727 0 277.61086402 0 6167.93819115 0 167.30725694 0 284.68497234 0 8718
0.08950000 0.08949900 20946.51336867 0 86.11190603 0 6633.72875162 0 213.93392398 0 -281.60908051 0 8571
0.09050000 0.09049190 21304.37090681 0 -324.82879320 0 5285.87250680 0 236.03428432 0 -399.29239207 0 8932
0.09150000 0.09150830 20839.66543417 0 435.75687940 0 5815.20713940 0 230.98973313 0 -691.88854050 0 9285
0.09250000 0.09250820 20743.66837799 0 933.31393978 0 5285.21923963 0 -8.50981240 0 -850.20839138 0 9204
0.09350000 0.09350330 19738.63345420 0 825.74076800 0 5373.81998283 0 761.24226147 0 -508.79657730 0 9349
0.09450000 0.09448040 18976.19316719 0 930.42738470 0 5589.45350868 0 725.23506116 0 246.99588589 0 9564
0.09550000 0.09549270 18287.27311697 0 661.18387655 0 4791.92502431 0 790.75665050 0 -174.06026785 0 10155
0.09650000 0.09649430 17801.19805743 0 171.39737373 0 5237.37572409 0 846.73943202 0 626.47103101 0 9913
0.09750000 0.09749140 17757.90526739 0 378.79530437 0 4009.29988916 0 -82.48992713 0 -442.85423961 0 10476
0.09850000 0.09850240 16990.26098772 0 243.83362992 0 4427.97770752 0 -554.38466027 0 -238.64513851 0 10575
0.09950000 0.09950330 17371.59185447 0 -139.08500821 0 3997.27534440 0 -18.47749566 0 -927.62940821 0 10882
0.10050000 0.10051200 17021.81711345 0 -47.67986658 0 3885.22341724 0 421.58208917 0 -1316.75408441 0 10875
0.10150000 0.10150300 17152.13837657 0 257.16360177 0 3741.36070087 0 848.91403661 0 -543.96892432 0 11118
0.10250000 0.10250800 16804.91027025 0 341.30994870 0 3810.98347933 0 590.52362125 0 -508.21860194 0 11575
0.10350000 0.10349800 16663.84885206 0 457.54057125 0 3852.62649297 0 653.88832172 0 129.30260923 0 11364
0.10450000 0.10450100 16117.65106876 0 603.09070992 0 4425.73002559 0 -153.54103549 0 1075.26225118 0 12093
0.10550000 0.10551000 15648.73811269 0 540.74909226 0 5141.35652326 0 -735.11932552 0 1601.72250827 0 12067
0.10650000 0.10649700 15495.05424421 0 390.23855207 0 5596.84982165 0 -539.28533092 0 1614.66605598 0 12054
0.10750000 0.10749900 15403.81828770 0 120.70162731 0 5857.62521578 0 -527.21428240 0 2262.19775602 0 12807
0.10850000 0.10850100 15362.18634638 0 -238.53995143 0 5892.19301387 0 664.17008255 0 1470.71476101 0 12736
0.10950000 0.10950300 15635.11915316 0 -111.40530340 0 5222.77132766 0 704.83208821 0 1047.73866615 0 12933
0.11050000 0.11050200 15441.46419208 0 302.27889648 0 5321.84649013 0 197.47491314 0 809.78665517 0 13428
0.11150000 0.11150900 15437.81032489 0 268.47398158 0 4930.14085502 0 388.07169810 0 512.05516249 0 13453
0.11250000 0.11250000 14972.10834302 0 9.01947151 0 4830.68923350 0 118.85144184 0 1212.79602669 0 13668
0.11350000 0.11349100 15104.75479435 0 163.63678126 0 4750.10485347 0 308.70748827 0 337.09914357 0 13791
0.11450000 0.11448600 14991.15274171 0 113.04843640 0 4832.50509477 0 212.28193312 0 670.40712312 0 14205
0.11550000 0.11549300 14696.40745504 0 317.49669971 0 4591.54916207 0 -44.63840968 0 580.88184080 0 14776
0.11650000 0.11649800 14615.80093036 0 313.71882248 0 4709.20368559 0 307.61797151 0 1093.99108861 0 14553
0.11750000 0.11747300 14248.64263937 0 -58.91838699 0 4071.40455906 0 439.01546459 0 -36.29762739 0 14568
0.11850000 0.11849100 14439.41879600 0 173.56201323 0 4183.02466556 0 223.10955956 0 -146.98621920 0 16015
0.11950000 0.11950300 14068.05302158 0 401.78477239 0 3902.25265281 0 -11.39142922 0 -1.09229259 0 15270
0.12050000 0.12050700 13797.11323327 0 206.81109743 0 3740.64099976 0 58.95702941 0 -74.64684585 0 15999
0.12150000 0.12150000 13543.66771817 0 114.11137958 0 3248.14399182 0 448.73807302 0 67.98994272 0 15670
0.12250000 0.12250700 13408.91752513 0 286.11551671 0 3084.53932030 0 285.65380076 0 -841.53876105 0 16887
0.12350000 0.12352200 13443.79534830 0 29.67914523 0 3597.46476753 0 -172.19236665 0 -537.88689629 0 16407
0.12450000 0.12449800 13203.19372999 0 257.06062915 0 3334.53027006 0 -313.77529134 0 -165.04739544 0 16306
0.12550000 0.12549900 13129.45204670 0 300.85388827 0 3347.18593733 0 -171.79376296 0 286.90165177 0 17523
0.12650000 0.12650100 13125.13384002 0 -10.37088197 0 3854.94060886 0 -82.71059857 0 222.03665129 0 17154
0.12750000 0.12750600 13277.93192252 0 -79.03514034 0 3724.30932065 0 129.36904318 0 207.20195049 0 18007
0.12850000 0.12850300 13298.63716993 0 -116.11768484 0 3799.03644085 0 492.10172594 0 129.27382119 0 17496
0.12950000 0.12949900 13244.27205507 0 106.33495369 0 3856.13641994 0 224.52460267 0 165.75713147 0 18405
0.13050000 0.13049000 13238.07155317 0 201.81194277 0 3772.78395871 0 -242.76847228 0 144.04651696 0 18100
0.13150000 0.13148800 12932.69683468 0 456.15210172 0 4532.94334680 0 92.25826426 0 302.13495626 0 19059
0.13250000 0.13249300 12532.32156923 0 478.61674154 0 3998.11684109 0 -259.96379272 0 944.33533190 0 18957
0.13350000 0.13349100 12350.18182597 0 156.19839345 0 4157.42545058 0 410.77550014 0 570.36866838 0 19468
0.13450000 0.13450700 12252.63464431 0 -59.26716523 0 4000.19843816 0 161.65926405 0 461.23208434 0 19953
0.13550000 0.13551000 12381.62722845 0 -73.78619404 0 4068.75827343 0 247.06121261 0 -265.55420952 0 19956
0.13650000 0.13649900 12172.02811963 0 144.24803327 0 3549.69875826 0 18.17090298 0 -333.21607925 0 19723
0.13750000 0.13749600 12046.46795619 0 112.35530886 0 3458.49601873 0 -7.04777834 0 -50.40498716 0 20946
0.13850000 0.13851100 12006.38614035 0 128.37917734 0 3023.89619727 0 389.70597325 0 -346.83393155 0 20955
0.13950000 0.13949800 11878.27934220 0 61.66399138 0 3133.10253696 0 639.40572086 0 -225.00181987 0 20506
0.14050000 0.14048300 11871.96811705 0 63.33923413 0 2759.96519057 0 287.45305355 0 -87.05216785 0 21447
0.14150000 0.14148400 11618.19043221 0 311.47003331 0 2750.99660747 0 390.26069672 0 240.90278554 0 21771
0.14250000 0.14249400 11507.91007701 0 318.89956326 0 2747.58633142 0 77.97828694 0 386.39202643 0 22470
0.14350000 0.14350900 11093.25151255 0 432.76181554 0 3067.75367588 0 -90.62642502 0 663.55224682 0 22519
0.14450000 0.14449900 10931.45162998 0 114.94623287 0 3310.22651708 0 -14.28540276 0 1131.91269389 0 22218
0.14550000 0.14550500 10898.99864594 0 88.10481377 0 3305.69793623 0 40.96926268 0 706.24823856 0 23559
0.14650000 0.14650700 10756.19887275 0 110.94248022 0 3199.86865561 0 -100.48334075 0 998.07818210 0 23044
0.14750000 0.14750500 10759.87488459 0 9.90057390 0 3239.50757847 0 375.15472397 0 518.04307575 0 23649
0.14850000 0.14849900 10574.95598779 0 174.61166962 0 2984.01368327 0 139.58437006 0 538.40397386 0 23640
0.14950000 0.14949500 10577.59120110 0 167.64164115 0 2859.41681209 0 -242.88362445 0 134.29844219 0 24457
0.15050000 0.15050000 10349.85562423 0 360.82492119 0 2851.65511239 0 -50.30766143 0 118.86362139 0 24591
0.15150000 0.15149900 10150.86380259 0 174.22856718 0 2772.99731688 0 -337.01167220 0 -252.65052218 0 25020
0.15250000 0.15250500 9966.33243716 0 170.94008671 0 3025.31345485 0 25.77105746 0 -191.55564829 0 25297
0.15350000 0.15350100 9932.91616086 0 128.12008494 0 2855.29790726 0 201.08559826 0 -681.82601170 0 25452
0.15450000 0.15450400 9727.00413621 0 192.14691044 0 2731.71968996 0 138.32876842 0 -597.53793902 0 26061
0.15550000 0.15549900 9512.51105982 0 249.53144828 0 2632.79954003 0 512.76489851 0 97.54131332 0 26128
0.15650000 0.15649500 9391.77843000 0 77.04378272 0 2253.99316333 0 502.68797570 0 -1.06725253 0 26331
0.15750000 0.15749700 9317.87066183 0 62.29046352 0 2267.08065127 0 444.04340729 0 555.16415194 0 27345
0.15850000 0.15849900 9260.92569529 0 112.20915418 0 2253.41740244 0 367.91785247 0 218.07054454 0 26980
0.15950000 0.15949700 9192.19977514 0 124.92904093 0 2157.57535881 0 -66.90629429 0 895.50416499 0 27777
0.16050000 0.16050000 9190.81573454 0 -35.33721394 0 2324.73424660 0 -156.47187987 0 645.92621295 0 28224
0.16150000 0.16150500 9091.78486136 0 120.51671949 0 2757.92788280 0 -194.28386913 0 722.78254121 0 28075
0.16250000 0.16249700 9123.24133617 0 191.48699988 0 2933.23600166 0 -422.98605995 0 711.47437587 0 28590
0.16350000 0.16349900 8928.73380608 0 227.65696336 0 2719.35190313 0 -139.78256467 0 625.79672643 0 29163
0.16450000 0.16449100 8842.63540829 0 69.61702085 0 2786.45019154 0 145.35748022 0 559.43917655 0 28996
0.16550000 0.16550500 8831.75131299 0 -38.32995261 0 2604.31044827 0 285.81656394 0 72.50711907 0 30777
0.16650000 0.16650700 8716.92023230 0 104.02382733 0 2443.73959375 0 250.79147884 0 -24.05883315 0 29211
0.16750000 0.16749900 8691.14386012 0 112.79045123 0 2226.53379778 0 172.05949875 0 -206.74909241 0 30922
0.16850000 0.16850800 8473.90484718 0 130.91363249 0 2150.77695137 0 100.58974579 0 -98.17287873 0 30867
0.16950000 0.16949900 8464.05047809 0 47.28580254 0 1958.12957185 0 168.26501304 0 -30.57766439 0 30852
0.17050000 0.17049200 8303.55712985 0 83.74752178 0 1904.16306069 0 124.88807333 0 176.37106204 0 31257
0.17150000 0.17149500 8472.67581913 0 8.69706755 0 1845.20293103 0 193.45676646 0 144.80607844 0 32608
0.17250000 0.17250900 8367.02369571 0 19.77705442 0 1976.27711223 0 285.90735700 0 148.89951693 0 32361
0.17350000 0.17350400 8259.28997522 0 310.05499020 0 1942.87190825 0 -92.43874315 0 463.61484864 0 32508
0.17450000 0.17449800 8126.02347370 0 252.16444712 0 1881.71945828 0 69.59819790 0 435.05821570 0 32791
0.17550000 0.17549800 8012.69822918 0 -53.48121117 0 2061.32363916 0 89.44168627 0 650.03515269 0 33633
0.17650000 0.17650100 7917.44301877 0 -116.72555547 0 1827.44292202 0 314.81166094 0 636.19363943 0 33984
0.17750000 0.17750300 8102.84909786 0 114.33946947 0 2051.72393354 0 435.83660014 0 453.26665387 0 34069
0.17850000 0.17849800 7951.10288622 0 163.19056657 0 1780.23052899 0 -19.28699332 0 484.14515332 0 34536
0.17950000 0.17950400 7720.13419050 0 263.27441784 0 1609.56171424 0 2.87133063 0 620.70234978 0 35343
0.18050000 0.18050100 7652.82552793 0 177.14723201 0 1512.15847281 0 -106.34336866 0 566.95507064 0 34990
0.18150000 0.18150500 7445.46302873 0 18.39257093 0 1450.74028704 0 -23.23715593 0 318.83091485 0 36243
0.18250000 0.18250200 7489.40908593 0 84.65301651 0 1383.91880676 0 110.24747039 0 72.03322357 0 35694
0.18350000 0.18350400 7455.25096387 0 24.01731193 0 1289.58259930 0 82.19008858 0 -43.03823729 0 37087
0.18450000 0.18450600 7377.22429087 0 51.09800398 0 1171.79520788 0 144.18270656 0 -71.94530931 0 36651
0.18550000 0.18550700 7316.01647927 0 48.25717760 0 970.13163426 0 84.08234889 0 -314.95338670 0 37818
0.18650000 0.18651000 7351.45899102 0 -51.92045626 0 897.92457519 0 227.70678883 0 -221.14200744 0 37267
0.18750000 0.18750100 7343.96302711 0 -39.41293670 0 790.09341825 0 52.02486829 0 -299.39566310 0 38334
0.18850000 0.18850000 7346.07784115 0 201.35576299 0 918.89223670 0 -88.67736369 0 -231.17242649 0 38223
0.18950000 0.18949500 7197.43188046 0 203.34767422 0 1092.24276853 0 -431.84613427 0 -219.32503894 0 39064
0.19050000 0.19050000 6984.94289487 0 289.39071039 0 1161.26542698 0 -211.13705473 0 -27.92340668 0 39609
0.19150000 0.19149800 6915.48620128 0 149.95470948 0 1488.34190212 0 -46.02555053 0 97.50765345 0 39576
0.19250000 0.19250400 6893.38584094 0 -35.09351207 0 1361.70772317 0 166.24320652 0 77.35281131 0 40909
0.19350000 0.19350500 7007.81831794 0 -185.08719613 0 1397.81457441 0 271.12691060 0 110.74982177 0 40191
0.19450000 0.19450100 7137.59703714 0 -130.18175182 0 1264.39306034 0 204.02197881 0 238.22992633 0 41232
0.19550000 0.19549800 7215.40226364 0 61.16750834 0 1209.88400526 0 100.74996233 0 143.52058153 0 40873
0.19650000 0.19649700 7079.34553627 0 157.23808475 0 1195.96609296 0 -30.86056229 0 456.59167301 0 42816
0.19750000 0.19750200 6984.05710888 0 200.73792726 0 1348.34342712 0 -100.46651081 0 435.05378677 0 41727
0.19850000 0.19849000 6919.98156516 0 153.99610804 0 1476.17341715 0 -83.07576384 0 488.02711040 0 42610
0.19950000 0.19949900 6769.61939412 0 78.73995216 0 1523.82870317 0 -72.88236016 0 361.51694149 0 43863
0.20050000 0.20050100 6811.69422843 0 77.09327601 0 1700.49871797 0 -227.96698846 0 602.01226548 0 43302
0.20150000 0.20150100 6738.45079976 0 3.86190510 0 1600.72599903 0 -30.65860308 0 97.53179112 0 44487
0.20250000 0.20249700 6736.47992594 0 58.39699122 0 1652.37839431 0 15.59658746 0 325.72897321 0 43759
0.20350000 0.20349100 6706.47392568 0 101.61681464 0 1552.73854327 0 127.51775047 0 120.92971720 0 45282
0.20450000 0.20449700 6581.45630615 0 58.73347917 0 1458.96702438 0 352.53839330 0 128.14998022 0 45483
0.20550000 0.20549900 6542.19384235 0 95.78479971 0 1229.98027480 0 248.40428561 0 -50.66618331 0 46138
0.20650000 0.20650200 6386.98199304 0 207.59280356 0 1199.09956088 0 98.96089609 0 64.30717676 0 46227
0.20750000 0.20749300 6281.04198917 0 193.22314041 0 1112.24824501 0 -94.53694870 0 166.71710203 0 46236
0.20850000 0.20850300 6113.78345046 0 137.21489255 0 1208.28959048 0 -117.36332138 0 283.58216879 0 48361
0.20950000 0.20950400 6110.12958327 0 44.78545015 0 1211.03552704 0 30.42597354 0 204.81918619 0 46812
0.21050000 0.21050300 6075.99360586 0 50.33932828 0 1202.79771737 0 124.49832749 0 239.07917365 0 48813
0.21150000 0.21149700 6061.87639171 0 6.81586849 0 1074.31335295 0 268.34775707 0 292.23740510 0 47215
0.21250000 0.21249000 6024.68445265 0 -41.13999793 0 973.53969584 0 202.84056175 0 302.22132039 0 50004
0.21350000 0.21350300 6036.42111695 0 38.15600639 0 832.44506068 0 42.01958341 0 211.87114987 0 49509
0.21450000 0.21449800 6076.01575051 0 50.11588876 0 768.47691850 0 -46.91820136 0 127.58307719 0 49660
0.21550000 0.21550100 5903.54214681 0 109.04435157 0 939.62959385 0 -101.65291042 0 209.79951790 0 50841
0.21650000 0.21649800 5942.85997224 0 133.99727496 0 942.65787469 0 -215.25042340 0 151.90122419 0 50424
0.21750000 0.21750300 5832.00385615 0 80.58349424 0 909.48518953 0 40.28532517 0 205.71604450 0 52231
0.21850000 0.21850300 5839.06799939 0 40.71271691 0 993.26614974 0 24.08651396 0 101.51893529 0 51078
0.21950000 0.21950100 5795.70877540 0 37.24087874 0 1066.97461606 0 -31.44817057 0 -103.26980201 0 52791
0.22050000 0.22050700 5805.31955334 0 103.95938640 0 1143.72686447 0 -45.10145430 0 -93.89541820 0 52969
0.22150000 0.22150000 5651.94570995 0 82.81722505 0 965.16791105 0 -33.60162702 0 75.19503665 0 52704
0.22250000 0.22250100 5671.96447322 0 63.01426139 0 937.88459546 0 95.13895100 0 -8.48114615 0 54051
0.22350000 0.22349900 5608.79686013 0 9.81616957 0 961.63362496 0 151.17930861 0 82.70007986 0 53938
0.22450000 0.22449800 5653.98301772 0 46.44164850 0 837.13086854 0 246.72350670 0 -76.76476014 0 54735
0.22550000 0.22549100 5516.91870879 0 114.47344460 0 754.39845750 0 29.72155223 0 56.06980999 0 54774
0.22650000 0.22649900 5502.73506070 0 121.50769256 0 751.01475503 0 -5.91660749 0 5.67557405 0 56911
0.22750000 0.22749800 5395.10099113 0 123.98567885 0 782.83772379 0 -48.22119254 0 142.69126440 0 54879
0.22850000 0.22849100 5298.99321171 0 154.93614842 0 869.31036616 0 -204.65199409 0 -57.53921822 0 57210
0.22950000 0.22949800 5221.97412027 0 133.02733930 0 1002.76509720 0 -57.03830624 0 140.96066003 0 57375
0.23050000 0.23049600 5134.43632025 0 79.56705483 0 1040.93915148 0 -119.29876376 0 72.19443662 0 57604
0.23150000 0.23150100 5111.81556065 0 67.64315751 0 1127.11837724 0 82.39105127 0 226.76010505 0 58629
0.23250000 0.23250200 5118.75790831 0 -13.96862354 0 1091.23518697 0 -2.19962805 0 50.08134311 0 58560
0.23350000 0.23350400 5082.00886224 0 64.73733658 0 1127.04087097 0 150.43303392 0 164.30112075 0 59305
0.23450000 0.23449700 5113.97466399 0 56.34440364 0 1107.22583847 0 -16.82517262 0 243.13496623 0 59196
0.23550000 0.23549300 5089.62662171 0 20.62940199 0 1090.94509206 0 172.39056126 0 351.75447270 0 60063
0.23650000 0.23649900 5082.71749103 0 30.12779583 0 1029.51804843 0 14.61092911 0 453.71397579 0 61537
0.23750000 0.23750400 5043.61003977 0 48.50641563 0 1020.22061728 0 121.80221640 0 369.38825720 0 61224
0.23850000 0.23850100 5037.42061019 0 42.10583682 0 983.65094287 0 131.63886977 0 474.91637059 0 61221
0.23950000 0.23949400 4952.46266186 0 35.89725212 0 868.48990689 0 122.33922415 0 392.37329630 0 62332
0.24050000 0.24050100 4909.05914857 0 101.55469890 0 833.98189936 0 146.42153063 0 380.75953479 0 63447
0.24150000 0.24150500 4884.15749005 0 89.15734897 0 779.35547764 0 -14.69219997 0 189.43086916 0 63342
0.24250000 0.24250300 4790.89529810 0 94.20544330 0 738.73333234 0 -30.09502175 0 312.13437280 0 63379
0.24350000 0.24349600 4707.35460735 0 61.30137274 0 735.21897645 0 -58.20488638 0 332.67021364 0 64266
0.24450000 0.24449500 4691.15579614 0 83.03900372 0 758.98682890 0 -34.38477255 0 278.44903900 0 64695
0.24550000 0.24549600 4626.29411735 0 49.83598039 0 814.40049292 0 4.09610692 0 205.44809424 0 65947
0.24650000 0.24650000 4650.30998988 0 68.24250245 0 778.67452966 0 27.97732891 0 239.80994708 0 66018
0.24750000 0.24750000 4612.57550690 0 55.01971070 0 756.03051817 0 11.87927585 0 259.59176261 0 66303
0.24850000 0.24849600 4594.89300417 0 10.45046984 0 852.17594350 0 -51.90938394 0 205.28422384 0 66958
0.24950000 0.24949200 4574.61957742 0 43.85559631 0 749.31183147 0 -27.06131547 0 229.04986183 0 66975
0.25050000 0.25048900 4570.21279214 0 51.74507064 0 813.69297137 0 78.60287678 0 222.72977882 0 68676
0.25150000 0.25150000 4547.11592257 0 6.50162484 0 770.80764288 0 31.70017668 0 248.85603646 0 69349
0.25250000 0.25249900 4597.01889053 0 -31.38317602 0 678.27400990 0 109.47916177 0 146.05614392 0 68592
0.25350000 0.25349900 4607.53759911 0 -22.74975219 0 644.77912009 0 106.81250306 0 71.60262086 0 70437
0.25450000 0.25450100 4561.42136624 0 91.68084252 0 621.25375155 0 -16.08842013 0 121.19545300 0 70099
0.25550000 0.25550100 4542.38803988 0 102.35401003 0 678.35815957 0 18.18729002 0 154.92396886 0 71064
0.25650000 0.25650300 4459.16844654 0 122.05245094 0 583.09298406 0 60.89025732 0 241.35564363 0 71409
0.25750000 0.25750600 4417.20433548 0 83.35279340 0 663.97963856 0 58.15561454 0 247.68679896 0 72612
0.25850000 0.25850600 4345.96499759 0 72.41090057 0 544.76281001 0 58.61378734 0 198.31640983 0 71845
0.25950000 0.25949600 4334.07332074 0 37.51148636 0 443.86957179 0 13.95345446 0 288.24583200 0 72816
0.26050000 0.26049800 4350.51572309 0 13.15657924 0 502.17754152 0 -52.71268110 0 72.73089076 0 73743
0.26150000 0.26149900 4311.93974342 0 -5.49301356 0 491.43406475 0 -38.32718453 0 163.65338975 0 74662
0.26250000 0.26250300 4352.03263159 0 46.75045564 0 514.45564251 0 -33.34596704 0 -120.47907358 0 74931
0.26350000 0.26350100 4287.74671370 0 66.76944035 0 440.63423848 0 -18.00193931 0 67.07857966 0 75087
0.26450000 0.26450200 4252.85781819 0 84.94023261 0 510.97118189 0 96.53849286 0 -27.10494043 0 76678
0.26550000 0.26550600 4225.59775449 0 30.83509594 0 456.42780260 0 118.71082331 0 111.94784731 0 76035
0.26650000 0.26650100 4181.83992681 0 67.67039542 0 489.18638281 0 111.04102391 0 25.92197325 0 77094
0.26750000 0.26750600 4155.23313027 0 111.64114391 0 458.53154432 0 -43.08241587 0 68.97394023 0 78463
0.26850000 0.26850100 4091.12436957 0 65.35007904 0 464.12417559 0 -91.40248427 0 234.27157021 0 77076
0.26950000 0.26949700 4040.44633887 0 71.04889390 0 511.58126699 0 -86.38395305 0 231.20121454 0 79149
0.27050000 0.27049900 4071.53742696 0 15.95090186 0 578.91096698 0 -14.49621982 0 263.69405895 0 79648
0.27150000 0.27150200 4019.08782430 0 27.13627511 0 501.94391547 0 103.98130960 0 211.07726418 0 80241
0.27250000 0.27250500 4044.10020606 0 68.11040961 0 549.26703174 0 73.15473935 0 125.85579452 0 80835
0.27350000 0.27350000 3968.17727478 0 64.15238566 0 412.92020946 0 40.62757073 0 104.60091690 0 80680
0.27450000 0.27450400 3942.99880814 0 87.00931795 0 469.98143541 0 -43.74033341 0 85.26952355 0 82617
0.27550000 0.27550800 3868.90281046 0 65.66530812 0 315.62104789 0 -40.89363870 0 119.72061933 0 82548
0.27650000 0.27649900 3828.09022117 0 57.76000037 0 351.82865727 0 13.39972750 0 81.09614288 0 81181
0.27750000 0.27748900 3809.33370293 0 39.83800325 0 276.02862880 0 9.24152698 0 -72.36118583 0 84096
0.27850000 0.27849800 3787.52122304 0 49.37802904 0 333.67558073 0 24.19900878 0 -87.21659187 0 85215
0.27950000 0.27950200 3739.14623591 0 76.07074682 0 301.44293596 0 32.90285260 0 -39.18052860 0 84514
0.28050000 0.28050300 3718.05345713 0 27.60452373 0 308.92229137 0 129.34357683 0 36.59801956 0 85815
0.28150000 0.28150100 3730.78663067 0 -23.74216466 0 239.46449055 0 158.07293804 0 169.47743260 0 85485
0.28250000 0.28250000 3774.82126647 0 -13.19677178 0 241.90815264 0 147.72142157 0 151.02429606 0 87220
0.28350000 0.28350400 3781.05498535 0 46.11003237 0 238.89980198 0 -27.91986354 0 171.02091468 0 87147
0.28450000 0.28449700 3799.91115451 0 90.04656737 0 312.90500661 0 -124.98661702 0 242.82715560 0 87102
0.28550000 0.28549800 3711.06682017 0 86.12342124 0 346.98562240 0 -148.28168120 0 327.42414614 0 88971
0.28650000 0.28649900 3689.43149747 0 90.83148448 0 319.11325913 0 -12.46810209 0 267.99787161 0 89434
0.28750000 0.28750100 3571.62196140 0 91.15147467 0 347.69757289 0 98.53206494 0 192.21334439 0 89619
0.28850000 0.28849900 3554.37127933 0 79.82769735 0 312.77767487 0 62.85891667 0 134.06592337 0 90240
0.28950000 0.28950100 3503.83718886 0 25.67140654 0 170.91351313 0 127.01174523 0 58.64478985 0 91333
0.29050000 0.29050500 3475.92385799 0 18.60438450 0 134.86313076 0 7.13624621 0 106.40138764 0 92139
0.29150000 0.29150600 3473.17792144 0 1.70368755 0 107.66717581 0 52.97653460 0 58.37252138 0 92370
0.29250000 0.29250200 3548.83511692 0 21.00098921 0 96.52365595 0 -0.13806082 0 120.87546281 0 91819
0.29350000 0.29349600 3491.43618506 0 21.56224535 0 95.86961372 0 -4.56653678 0 83.94095530 0 93552
0.29450000 0.29450000 3482.01363664 0 75.87365944 0 148.82754682 0 13.51454750 0 151.06858536 0 94701
0.29550000 0.29550200 3465.10619665 0 39.84331797 0 114.90415804 0 83.62949080 0 186.07484751 0 95020
0.29650000 0.29650300 3437.75755434 0 78.17138828 0 111.51270495 0 42.87381327 0 252.65605834 0 95151
0.29750000 0.29749800 3400.59883225 0 44.40112976 0 159.49351732 0 2.68482839 0 246.48213002 0 95802
0.29850000 0.29850000 3344.11890335 0 59.91810720 0 165.93428866 0 -14.43377191 0 255.12186508 0 97399
0.29950000 0.29950700 3336.53436085 0 68.83298953 0 101.24445236 0 40.03287617 0 417.45321924 0 97881
0.30050000 0.30050300 3326.29246039 0 10.04603103 0 127.20218921 0 25.38009367 0 393.84037933 0 97188
0.30150000 0.30149700 3318.08786770 0 37.43951625 0 77.73270277 0 22.89491037 0 387.66977271 0 98263
0.30250000 0.30249700 3302.89663805 0 34.22156649 0 118.08855866 0 7.47389676 0 305.15991540 0 100050
0.30350000 0.30350600 3285.67917296 0 63.88576408 0 43.51678317 0 -40.40092024 0 429.80218311 0 100779
0.30450000 0.30450500 3278.23857068 0 69.79838553 0 153.76691092 0 -49.90141783 0 363.53431907 0 99982
0.30550000 0.30550300 3232.35485663 0 64.30496230 0 198.76594621 0 -48.72011150 0 420.41395890 0 101559
0.30650000 0.30649700 3217.36292883 0 15.00344302 0 183.24033235 0 31.74579466 0 386.95117883 0 100935
0.30750000 0.30749800 3244.35725674 0 -2.12168995 0 163.52273632 0 40.07284726 0 431.06664261 0 103762
0.30850000 0.30850200 3282.45712644 0 7.21467149 0 210.00324867 0 70.26475185 0 417.49418684 0 102951
0.30950000 0.30950100 3271.78340531 0 47.13289373 0 143.51172367 0 -22.81585397 0 381.46594912 0 104394
0.31050000 0.31050000 3241.57810321 0 90.30532760 0 206.79891787 0 -54.64945216 0 372.15523118 0 103963
0.31150000 0.31149700 3173.08470188 0 83.60214216 0 142.19633148 0 -1.46978469 0 415.70600639 0 105936
0.31250000 0.31250000 3115.76327629 0 55.33505051 0 104.32222649 0 74.80385141 0 374.42284330 0 105717
0.31350000 0.31349800 3117.49055896 0 7.65210583 0 75.48324926 0 55.47223662 0 320.41868623 0 106776
0.31450000 0.31450400 3098.70082375 0 2.18422644 0 -6.37397201 0 94.03924770 0 183.56475147 0 108733
0.31550000 0.31549900 3118.02203055 0 43.21140845 0 -13.03312282 0 1.19543462 0 160.49888441 0 105891
0.31650000 0.31650000 3097.88147171 0 58.22459512 0 -68.49074397 0 -34.81969347 0 198.25551204 0 111072
0.31750000 0.31750600 3047.18129637 0 43.65097975 0 -62.03303197 0 5.18787136 0 224.06842289 0 108121
0.31850000 0.31849900 3052.69531412 0 69.19649395 0 -88.49079501 0 92.04146814 0 191.04742858 0 110484
0.31950000 0.31950100 3067.11148104 0 22.34671957 0 -73.67491717 0 12.92262102 0 141.84644602 0 110817
0.32050000 0.32049800 3033.03086525 0 25.05744613 0 -109.68344616 0 -3.49658482 0 165.30427338 0 111088
0.32150000 0.32149900 3044.83396350 0 24.10279028 0 -118.37533187 0 -70.35598781 0 150.18279938 0 112635
0.32250000 0.32250100 3090.10869969 0 3.56851064 0 -58.80888170 0 -54.12484541 0 168.10889326 0 113202
0.32350000 0.32350400 3095.54521117 0 24.22668960 0 -88.70404799 0 -52.48348398 0 132.72506483 0 113863
0.32450000 0.32450300 3060.16913338 0 81.00645705 0 -72.72945136 0 -33.40343241 0 173.92297102 0 114045
0.32550000 0.32549900 3031.59146302 0 92.10912004 0 -21.46392311 0 -44.48981908 0 123.16743405 0 114828
0.32650000 0.32650300 2988.80799992 0 65.75654408 0 6.73347933 0 -45.92977492 0 171.58671048 0 116431
0.32750000 0.32750400 2942.80249030 0 78.42760188 0 38.81724563 0 96.90410103 0 186.91523696 0 116442
0.32850000 0.32850400 2894.58251571 0 30.81970541 0 -5.31348688 0 52.99491466 0 300.01792775 0 116955
0.32950000 0.32949800 2912.96257491 0 28.49706383 0 -21.98709046 0 94.13491259 0 248.09426051 0 117028
0.33050000 0.33049700 2870.59986016 0 26.00025459 0 -29.38750019 0 57.48695684 0 268.44962246 0 119061
0.33150000 0.33150100 2892.86630537 0 36.46205141 0 -113.76481581 0 -13.44722777 0 351.52416834 0 120060
0.33250000 0.33250400 2836.13171300 0 73.59287125 0 -74.26352196 0 21.35851458 0 290.32410737 0 119737
0.33350000 0.33350100 2847.82408801 0 48.83149908 0 -66.92190627 0 -53.40603008 0 287.10427532 0 120531
0.33450000 0.33450000 2776.31901433 0 55.46526105 0 -103.47242556 0 14.35969806 0 230.85575800 0 121704
0.33550000 0.33550300 2782.28699740 0 68.55274899 0 -95.33205235 0 -17.77263146 0 238.44694390 0 122761
0.33650000 0.33650300 2722.60716663 0 49.27538859 0 -110.56591045 0 0.50718888 0 246.99367143 0 122472
0.33750000 0.33749900 2723.80297771 0 32.48653319 0 -63.85420795 0 -7.12272690 0 185.88218906 0 122985
0.33850000 0.33849800 2696.41004611 0 67.60672956 0 -68.07243154 0 -69.15895877 0 176.39763562 0 125380
0.33950000 0.33950300 2672.81492192 0 83.08484314 0 -46.75986711 0 -3.69916407 0 183.09639213 0 125223
0.34050000 0.34050000 2626.43295326 0 49.06988624 0 -58.18683849 0 -26.85680963 0 279.70574787 0 125178
0.34150000 0.34149900 2646.72852465 0 8.90015614 0 -44.35429382 0 60.33885555 0 157.37759604 0 127059
0.34250000 0.34250300 2618.54945799 0 31.89172790 0 -59.19242703 0 -10.32469930 0 144.80829291 0 127957
0.34350000 0.34349800 2616.74466904 0 32.11328512 0 -86.98108352 0 25.34521585 0 158.62766151 0 126732
0.34450000 0.34449700 2636.42019024 0 7.45238323 0 -123.41323966 0 29.41407377 0 243.35309103 0 129639
0.34550000 0.34550000 2643.15216373 0 -21.49902238 0 -169.74538286 0 51.04098150 0 216.25800496 0 129826
0.34650000 0.34650400 2670.22399791 0 12.59631961 0 -169.65237534 0 83.72648437 0 125.72403385 0 130875
0.34750000 0.34750200 2667.72165251 0 57.97347479 0 -191.42056593 0 39.29800597 0 196.34442878 0 130686
0.34850000 0.34850200 2614.99524172 0 51.79766418 0 -192.63298550 0 7.26341186 0 187.96157166 0 132211
0.34950000 0.34950400 2604.08900177 0 62.75682984 0 -205.74483255 0 32.33583885 0 261.43419746 0 132768
0.35050000 0.35050300 2574.01656757 0 39.78308452 0 -242.28239722 0 63.99006538 0 246.12670839 0 132957
0.35150000 0.35150100 2577.49327756 0 32.76101612 0 -296.96750226 0 57.02734464 0 257.96634532 0 133987
0.35250000 0.35249800 2573.06434763 0 9.66584061 0 -316.83789638 0 29.88055082 0 237.47479378 0 134778
0.35350000 0.35349800 2568.48040516 0 48.61115982 0 -367.76062546 0 -4.11877196 0 252.65827280 0 135699
0.35450000 0.35450100 2551.31830169 0 67.60218990 0 -272.19428271 0 -76.13994885 0 274.48071779 0 137380
0.35550000 0.35550100 2483.73283099 0 73.98660312 0 -305.57512758 0 -20.73447835 0 243.80816358 0 136161
0.35650000 0.35649900 2464.11267142 0 64.84994212 0 -279.19974263 0 25.21910207 0 369.30410754 0 138792
0.35750000 0.35750000 2483.53352915 0 1.75055670 0 -286.04354660 0 48.36214324 0 337.76680476 0 138097
0.35850000 0.35849800 2484.85113580 0 15.92133875 0 -281.25033718 0 35.68222758 0 308.03096922 0 140028
0.35950000 0.35950300 2482.69203246 0 42.52669589 0 -284.76469308 0 -53.82855000 0 283.26992923 0 141099
0.36050000 0.36050500 2463.01651126 0 53.39385053 0 -259.79770785 0 -125.85358005 0 256.77717764 0 140821
0.36150000 0.36150200 2444.93540483 0 73.39279434 0 -237.77374655 0 -95.49016515 0 248.53604627 0 141756
0.36250000 0.36250400 2415.85947986 0 40.82665113 0 -216.82490799 0 -28.96808053 0 131.53811161 0 142971
0.36350000 0.36349900 2429.41200543 0 24.42200541 0 -252.39696594 0 -5.08485445 0 72.04639964 0 142270
0.36450000 0.36450000 2411.92880455 0 19.98942161 0 -224.37955522 0 -14.32537385 0 46.39104797 0 145311
0.36550000 0.36550300 2406.68052258 0 56.34528943 0 -222.03665129 0 25.68004295 0 130.95238563 0 145434
0.36650000 0.36650100 2369.48858352 0 49.21094766 0 -278.72031096 0 52.65510501 0 155.10112606 0 144547
0.36750000 0.36749600 2395.95143983 0 6.87355531 0 -225.95182534 0 114.38708047 0 178.16367142 0 146892
0.36850000 0.36849900 2376.48629280 0 46.37089634 0 -301.39421773 0 51.47413085 0 155.63591935 0 148113
0.36950000 0.36949900 2344.54263570 0 80.26461129 0 -273.20075704 0 0.66950141 0 239.21314878 0 147387
0.37050000 0.37049800 2305.26909957 0 66.70267424 0 -333.10867770 0 -44.38131029 0 277.37280903 0 149758
0.37150000 0.37150100 2301.46021983 0 26.26244724 0 -323.69941607 0 -18.06948049 0 319.23837640 0 150099
0.37250000 0.37250000 2298.07208843 0 7.01833703 0 -307.10532287 0 25.04128053 0 253.26060727 0 150468
0.37350000 0.37349800 2303.35358737 0 33.49931874 0 -267.64023552 0 -20.32989560 0 197.76279359 0 150709
0.37450000 0.37449700 2296.18979322 0 43.54833930 0 -342.22230826 0 16.15917229 0 221.68787305 0 153108
0.37550000 0.37550100 2278.06439749 0 45.35755717 0 -288.36430588 0 -45.02826623 0 257.66739255 0 153189
0.37650000 0.37649900 2264.36793169 0 48.01469368 0 -283.05401890 0 25.28132854 0 292.80873706 0 153547
0.37750000 0.37749900 2257.93491097 0 36.54265794 0 -285.80770608 0 15.69413464 0 343.35279263 0 155424
0.37850000 0.37850200 2215.70506411 0 87.34768820 0 -261.13303022 0 -18.70159951 0 356.82559747 0 155313
0.37950000 0.37949900 2204.74346254 0 66.47115192 0 -249.12841565 0 -16.79715964 0 377.85304953 0 156100
0.38050000 0.38050000 2165.15990131 0 43.09215952 0 -235.05438358 0 6.40832944 0 366.93684449 0 157557
0.38150000 0.38149800 2155.53805104 0 13.00854226 0 -267.86721818 0 18.05065754 0 338.07018646 0 157692
0.38250000 0.38250100 2165.35920316 0 14.74590075 0 -300.07993277 0 41.93631953 0 288.58243068 0 159703
0.38350000 0.38350500 2172.71122684 0 24.78473477 0 -296.81691865 0 56.59397385 0 254.46749068 0 160338
0.38450000 0.38450600 2192.23173549 0 9.63369765 0 -386.97664518 0 -23.62424440 0 231.47802266 0 160167
0.38550000 0.38550000 2168.74733455 0 52.65632297 0 -328.58009685 0 -78.13806058 0 229.31891932 0 160033
0.38650000 0.38649600 2192.77427941 0 41.39864743 0 -360.08528989 0 -33.73693083 0 244.82792469 0 162444
0.38750000 0.38750200 2153.58932188 0 26.26100784 0 -326.61254473 0 -50.83282180 0 284.92081286 0 164307
0.38850000 0.38850400 2134.60028481 0 63.13561407 0 -344.91509766 0 40.30392668 0 238.89205136 0 163882
0.38950000 0.38950500 2133.61484790 0 61.42438627 0 -339.43540411 0 -17.09135131 0 143.45304035 0 164595
0.39050000 0.39050100 2091.63966452 0 54.74888164 0 -375.50460943 0 10.91694688 0 158.50808041 0 165006
0.39150000 0.39150100 2066.05152186 0 62.06226290 0 -337.37595169 0 -54.97841093 0 125.20142012 0 166687
0.39250000 0.39250100 2035.24831421 0 33.71511835 0 -390.88849754 0 20.02983560 0 116.82188470 0 167256
0.39350000 0.39350100 2043.55255783 0 -0.93080384 0 -427.16918427 0 53.26164697 0 132.53240638 0 167937
0.39450000 0.39449600 2072.96065255 0 5.13482385 0 -480.84117160 0 62.56206765 0 107.56752489 0 167719
0.39550000 0.39549700 2094.17522690 0 14.93136219 0 -472.49817485 0 46.83903423 0 99.38396962 0 171636
0.39650000 0.39650400 2071.28873150 0 51.40548244 0 -482.35365117 0 -3.40595784 0 122.68689515 0 171093
0.39750000 0.39750000 2058.24553286 0 52.72618934 0 -483.39002077 0 -13.05460313 0 226.53312239 0 170464
0.39850000 0.39849800 2038.41499911 0 48.05311465 0 -426.89791231 0 -16.21641621 0 225.74145117 0 172113
0.39950000 0.39949500 2065.18788052 0 40.04494500 0 -398.65130447 0 -15.47545623 0 201.33804727 0 173232
