### header ###
fiducial parameters:
Omega_m = 0.31
Omega_nu = 0
Omega_de = 0.69
Omega_k = 0
H_0 = 100
w_de = -1
zeff = 0
beta = 0
fgrowth = 0
b_1 = 2
gamma = 0.55
Lx = 3500 Ly = 3500 Lz = 3500
nx = 700 ny = 700 nz = 700
xoffset = -685.467585 yoffset = -31.7331281 zoffset = 572.489161
bins = 400 dk = 0.001
kx_ny = 0.628318531 ky_ny = 0.628318531 kz_ny = 0.628318531
############################
A(data) = 8.05904954 (not used)
A(ran) = 8.05997735 (used)
Ngal = 479272
weighted Ngal = 0
Nran = 23820508
weighted Nran = 0
SN(data) = 3485.82901
SN(ran) = 70.2053258
SN(data+ran) = 3556.03434
############################
13 columns: k_central k_mean P_0(k) sigma^{lin}_{P_0(k)} P^img_1(k) sigma^{lin}_{P_1(k)} P_2(k) sigma^{lin}_{P_2(k)} P^img_3(k) sigma^{lin}_{P_3(k)} P_4(k) sigma^{lin}_{P_4(k)} N_modes
### header ###
0.00050000 0 0 0 0 0 0 0 0 0 0 0 0
0.00150000 0.00179520 13180.60618736 0 -24436.17798176 0 -3396.91174809 0 -22451.79592776 0 49487.42360720 0 3
0.00250000 0.00253879 20424.34253022 0 -15796.88581876 0 -4112.29465462 0 -10280.65359411 0 -4277.68197044 0 6
0.00350000 0.00331552 29821.31388056 0 -3508.14432322 0 4620.00503685 0 -20897.90586271 0 -6821.41572962 0 7
0.00450000 0.00420575 35475.72871894 0 -11.27727355 0 -338.66809200 0 -12367.12248294 0 18584.78648485 0 24
0.00550000 0.00557378 37456.67835225 0 -3010.64262446 0 -588.63246817 0 1812.46206654 0 13306.05562756 0 45
0.00650000 0.00659388 46781.79031451 0 -11355.55488751 0 6393.18249494 0 24961.00617816 0 -3145.12708171 0 40
0.00750000 0.00754703 48717.45413931 0 -10944.55019024 0 10391.00038326 0 221.37674073 0 -19460.38593151 0 57
0.00850000 0.00846663 59227.63702691 0 -13290.33292632 0 -11019.95272225 0 11651.62885316 0 -10816.05586072 0 75
0.00950000 0.00948925 61726.99290822 0 -7062.96956787 0 -12687.99845618 0 -6735.72700785 0 -28894.78173973 0 112
0.01050000 0.01054430 75363.00381538 0 -10095.22537038 0 62.75284380 0 -41206.54259858 0 -35892.93391811 0 105
0.01150000 0.01145670 84879.00265752 0 -6929.83593425 0 2777.71412725 0 -52719.54594501 0 -49030.13659219 0 144
0.01250000 0.01249090 80747.36465144 0 4236.63686233 0 10777.83419544 0 -36752.58921703 0 -17672.20547330 0 169
0.01350000 0.01339930 86385.50317234 0 -1014.99890889 0 2443.57350888 0 -29768.94178416 0 -45947.37991618 0 180
0.01450000 0.01448870 86277.88017510 0 -1362.44956893 0 14649.12862806 0 -1897.10998978 0 -54386.15227671 0 267
0.01550000 0.01550050 91741.96174986 0 1052.99802044 0 7206.74370564 0 -235.68439886 0 -48908.67318892 0 238
0.01650000 0.01653350 78473.66274993 0 6845.79698887 0 -3522.58263478 0 6061.97604264 0 -34537.34919056 0 315
0.01750000 0.01747870 74742.84290229 0 6842.82960582 0 -1410.74704979 0 10028.13815430 0 -21041.18174587 0 297
0.01850000 0.01844180 72937.83251035 0 263.39953511 0 -9697.38566732 0 8615.25414582 0 -18632.50820482 0 388
0.01950000 0.01947590 74283.89503855 0 520.88534154 0 -5660.60426796 0 -3319.92587362 0 -12234.03313862 0 399
0.02050000 0.02045430 69747.78500685 0 4080.28456357 0 427.19575785 0 -10198.84018603 0 -2285.09532375 0 462
0.02150000 0.02154770 69321.38977808 0 3908.02133404 0 12245.32690993 0 -18730.16610972 0 6756.47654456 0 571
0.02250000 0.02255340 69459.01877558 0 3737.02034954 0 28358.21687902 0 -5365.75933036 0 5966.51045805 0 510
0.02350000 0.02348930 69206.45904647 0 1270.69321316 0 40299.16557969 0 -3553.33048080 0 8894.91892609 0 555
0.02450000 0.02439640 63102.61854369 0 9382.83199154 0 38454.07337191 0 -757.99474860 0 3218.34836574 0 592
0.02550000 0.02547300 57432.14883432 0 7023.34171734 0 36705.97472954 0 12211.55631924 0 7566.83785339 0 837
0.02650000 0.02652900 55148.14967073 0 -99.60143008 0 33637.94424554 0 17557.93908117 0 5765.03843565 0 723
0.02750000 0.02749970 56029.61744954 0 -4013.52951724 0 24548.89424841 0 19388.08365044 0 -2100.43109042 0 826
0.02850000 0.02848090 57323.52932785 0 -3532.07161715 0 20262.57586462 0 8798.54541086 0 -2230.43125612 0 831
0.02950000 0.02946900 57678.28661504 0 -1404.61298184 0 16841.55966540 0 -877.16064446 0 592.67386673 0 996
0.03050000 0.03053250 60987.02944059 0 1374.17516092 0 14048.89789964 0 -5056.16605611 0 1283.18279556 0 1041
0.03150000 0.03150510 59643.84571684 0 1299.34838979 0 17267.73344767 0 1512.59029348 0 6375.96502984 0 1036
0.03250000 0.03246190 55879.14455526 0 1012.23082769 0 15555.28769122 0 -1480.62449172 0 2328.49883704 0 1059
0.03350000 0.03345080 61330.60367972 0 652.62164776 0 17819.35667014 0 7416.46461003 0 2379.99621977 0 1302
0.03450000 0.03451200 54309.31034247 0 2282.99158203 0 13961.31581033 0 1961.31840140 0 964.51685835 0 1339
0.03550000 0.03553350 54442.84257978 0 3995.44841081 0 11787.15410894 0 3969.67203863 0 3252.72793430 0 1365
0.03650000 0.03647120 52232.91726923 0 1274.00383828 0 13021.49687972 0 -4190.29918297 0 1129.99718169 0 1308
0.03750000 0.03744890 48800.93946844 0 1803.47133879 0 11181.16577161 0 2476.86798961 0 2204.85418579 0 1579
0.03850000 0.03847530 49485.43058873 0 2697.39548302 0 12721.54760038 0 -713.80288578 0 -650.32746206 0 1662
0.03950000 0.03950240 46798.84169473 0 400.53581415 0 12472.08812222 0 385.79301366 0 3095.76665767 0 1683
0.04050000 0.04050350 46332.80754311 0 294.39983014 0 14265.14040335 0 3822.75336061 0 3101.40247100 0 1822
0.04150000 0.04152450 46799.28458772 0 2385.12270616 0 12900.14419971 0 -390.85195887 0 4236.38219886 0 1887
0.04250000 0.04250150 44724.99525620 0 1304.43058688 0 15787.91723566 0 2159.45765403 0 10072.82605727 0 1920
0.04350000 0.04349210 43569.04454513 0 3557.29437309 0 15524.39590498 0 -288.92235105 0 6819.99847205 0 2005
0.04450000 0.04448520 42001.42479731 0 1471.01371378 0 16651.11567852 0 689.81469406 0 13654.72313610 0 2151
0.04550000 0.04548030 40270.37753516 0 355.89884388 0 18035.82062034 0 1247.19773990 0 6348.19563920 0 2274
0.04650000 0.04648670 38847.25162622 0 1320.98371249 0 17464.04576671 0 3417.21839180 0 5704.19601077 0 2311
0.04750000 0.04749250 40104.18193963 0 674.55592323 0 17616.29023296 0 2484.06500074 0 3031.30358258 0 2568
0.04850000 0.04851840 37103.80336028 0 709.10046943 0 15085.26750267 0 -1799.47422953 0 3659.74659463 0 2493
0.04950000 0.04949480 38625.58368335 0 752.03451615 0 15317.34343087 0 -3097.44965104 0 4011.47006482 0 2644
0.05050000 0.05050630 38444.66189581 0 -1201.53547235 0 16955.16171804 0 900.71922997 0 4334.31691188 0 2829
0.05150000 0.05149060 39190.27224910 0 -172.26655123 0 19882.90584659 0 -701.22140309 0 2212.32800504 0 2784
0.05250000 0.05249300 39189.94007936 0 512.81583121 0 18364.55794421 0 1274.33600803 0 435.44685431 0 3055
0.05350000 0.05348950 39610.02408298 0 1577.76199736 0 21000.10342079 0 -1577.90593758 0 1584.10643948 0 3009
0.05450000 0.05448610 37149.97495477 0 2058.69949818 0 18850.41155725 0 1438.90397181 0 1527.26112386 0 3336
0.05550000 0.05550870 35982.17685615 0 1202.57627088 0 18855.61554991 0 2672.79277727 0 505.33315410 0 3349
0.05650000 0.05647670 34825.56180559 0 -47.14219449 0 16435.09462131 0 2610.92062619 0 -1499.63567344 0 3324
0.05750000 0.05747970 35221.17597136 0 -55.83529815 0 16100.48896529 0 1484.61052866 0 -1261.68034076 0 3639
0.05850000 0.05849280 35235.12710063 0 163.33893572 0 14686.77453245 0 1463.37380966 0 -1867.93441388 0 3846
0.05950000 0.05951020 33718.32932373 0 378.11989256 0 12290.61271844 0 1235.43893094 0 -3717.61056413 0 3787
0.06050000 0.06049470 34215.47670808 0 1048.39857671 0 14636.17400802 0 782.15456135 0 -3605.96831299 0 3930
0.06150000 0.06148310 33492.67534392 0 1022.77389538 0 12348.41025400 0 1450.62956379 0 -3952.06704217 0 4083
0.06250000 0.06249100 32799.32636378 0 1222.78326367 0 13106.08944134 0 -643.30096473 0 -1207.89098679 0 4303
0.06350000 0.06350600 31910.44012734 0 18.26202822 0 12895.05093029 0 1610.61358509 0 741.85794241 0 4470
0.06450000 0.06451750 31849.32089434 0 -124.91796860 0 13039.98766217 0 2393.28300955 0 618.55431876 0 4479
0.06550000 0.06550280 32817.92786947 0 297.91972220 0 12576.38942201 0 1158.78522622 0 2046.33171136 0 4636
0.06650000 0.06648880 32001.12246760 0 496.44429173 0 12431.89558313 0 1539.05314979 0 2350.70992062 0 4653
0.06750000 0.06749660 31702.61259049 0 794.02187909 0 12877.00304084 0 -613.41233112 0 4630.54589008 0 5220
0.06850000 0.06852730 30694.80958550 0 1489.53771320 0 12937.90082734 0 1566.36857512 0 2056.75076901 0 5029
0.06950000 0.06949320 29621.67986408 0 645.76234254 0 13127.23758174 0 -813.92327572 0 3864.49602518 0 5040
0.07050000 0.07048030 28280.15698905 0 1421.71972369 0 12123.30989043 0 2128.10083014 0 2958.22623877 0 5475
0.07150000 0.07148790 28291.89365336 0 586.87307576 0 11532.71208461 0 349.08936411 0 2968.22454808 0 5509
0.07250000 0.07249820 27346.31711384 0 -225.01289220 0 10434.53676444 0 2174.94783645 0 4093.94781240 0 5916
0.07350000 0.07351270 27829.29192243 0 -256.90561660 0 9705.61240466 0 1383.59770934 0 2427.26397442 0 5721
0.07450000 0.07449140 27868.15578255 0 246.87851925 0 8378.31746702 0 1469.95077060 0 2586.56151158 0 6028
0.07550000 0.07549160 27320.07570402 0 604.47475052 0 8890.61179173 0 -48.34177016 0 1785.62275118 0 6183
0.07650000 0.07648840 26369.18444860 0 889.10657570 0 8835.21695066 0 -213.68811837 0 3163.25247744 0 6330
0.07750000 0.07749960 26065.47057882 0 312.09119073 0 8602.39917670 0 9.57751668 0 1571.94902683 0 6583
0.07850000 0.07848650 25762.42104854 0 527.23531982 0 9803.24816491 0 1070.10254782 0 1926.39628892 0 6549
0.07950000 0.07947320 25774.48988259 0 -349.02071570 0 8480.29357860 0 366.51609615 0 192.97069140 0 6828
0.08050000 0.08048110 25332.03978284 0 531.92555661 0 8291.65438067 0 176.70876794 0 597.36853245 0 7147
0.08150000 0.08149960 24724.16915029 0 915.34134213 0 7492.77507268 0 216.76290297 0 -500.33621390 0 7386
0.08250000 0.08250610 24169.66712337 0 950.90122052 0 8483.54884210 0 -1535.41035493 0 672.35474505 0 7227
0.08350000 0.08350160 23291.07814902 0 1187.97187444 0 7957.97879993 0 -733.64227739 0 252.99708594 0 7798
0.08450000 0.08449610 22853.49987218 0 439.48382393 0 9790.51499137 0 -856.69677373 0 692.48312434 0 7371
0.08550000 0.08548940 22753.18460933 0 -54.91275205 0 9790.06102605 0 397.09010667 0 697.48227900 0 8256
0.08650000 0.08650700 22645.00799585 0 179.70383181 0 10853.35852303 0 626.48321056 0 902.96026852 0 8037
0.08750000 0.08749060 22167.34790317 0 507.02168363 0 10337.37711416 0 420.54682680 0 -78.43369166 0 8155
0.08850000 0.08849210 21630.45087271 0 1064.20432039 0 10844.68889270 0 652.96267537 0 -411.66792952 0 8718
0.08950000 0.08949900 20928.02258622 0 1053.99785137 0 10612.91191727 0 668.74516716 0 107.26303596 0 8571
0.09050000 0.09049190 20202.01024786 0 107.06661292 0 9553.31257678 0 421.39496688 0 638.62401473 0 8932
0.09150000 0.09150830 19932.39913853 0 251.00738917 0 9769.38899561 0 563.67876973 0 -863.65462264 0 9285
0.09250000 0.09250820 20115.86756077 0 230.51694486 0 9058.57895923 0 788.26427019 0 -95.63111584 0 9204
0.09350000 0.09350330 19663.89526167 0 220.21193216 0 8606.34092434 0 973.52530182 0 -724.18872646 0 9349
0.09450000 0.09448040 19183.79925754 0 -46.95728666 0 7339.92162855 0 1266.75146553 0 834.86657812 0 9564
0.09550000 0.09549270 19486.95951107 0 167.82433451 0 7122.48331377 0 1359.75899400 0 -88.01966759 0 10155
0.09650000 0.09649430 19165.19775184 0 428.24209255 0 6784.07985033 0 1396.99522237 0 1397.34953676 0 9913
0.09750000 0.09749140 18322.04021690 0 567.42675168 0 5968.03843887 0 782.98498571 0 1520.26341457 0 10476
0.09850000 0.09850240 18016.66549840 0 366.23485910 0 5821.24155643 0 338.54629642 0 2477.94200511 0 10575
0.09950000 0.09950330 18071.25205976 0 14.06262758 0 6715.77467853 0 510.73423414 0 2544.98493189 0 10882
0.10050000 0.10051200 17394.06867385 0 398.89821731 0 6250.63738522 0 643.76710961 0 3254.64344649 0 10875
0.10150000 0.10150300 17681.28477965 0 361.31099625 0 6352.97888352 0 680.15962682 0 2481.60694463 0 11118
0.10250000 0.10250800 17018.93830900 0 181.49201226 0 6333.82376158 0 32.60412128 0 3372.08759584 0 11575
0.10350000 0.10349800 16855.17862493 0 701.32437571 0 5782.17839447 0 34.86974038 0 2341.79669914 0 11364
0.10450000 0.10450100 16356.25966860 0 307.45077940 0 6246.07558740 0 -474.81561243 0 2013.11473690 0 12093
0.10550000 0.10551000 16396.56293094 0 356.52443023 0 6453.31629103 0 -66.12957070 0 1508.61532887 0 12067
0.10650000 0.10649700 15902.40507428 0 138.45499293 0 6204.17791028 0 -411.31250790 0 1214.78904515 0 12054
0.10750000 0.10749900 15992.64452156 0 125.02315569 0 5854.28137369 0 275.99430459 0 343.87540636 0 12807
0.10850000 0.10850100 16176.44511355 0 -12.82695613 0 6152.55873198 0 -123.85945435 0 25.16174743 0 12736
0.10950000 0.10950300 15720.70822401 0 165.32531080 0 5707.62843146 0 -75.78818109 0 -680.52501354 0 12933
0.11050000 0.11050200 15907.05545071 0 367.58125379 0 6092.97855213 0 307.95789188 0 -657.75699201 0 13428
0.11150000 0.11150900 15562.26325586 0 107.00327922 0 5780.13001438 0 -134.30508559 0 -299.04467040 0 13453
0.11250000 0.11250000 15494.61135121 0 167.10241893 0 5956.17997899 0 92.00326862 0 -203.29120537 0 13668
0.11350000 0.11349100 15309.03918725 0 325.04581077 0 5762.86825998 0 586.50436734 0 -558.79476725 0 13791
0.11450000 0.11448600 14975.87293346 0 289.25452079 0 5364.82925508 0 391.39118108 0 -817.32469391 0 14205
0.11550000 0.11549300 14625.32312970 0 447.25659596 0 5338.27782016 0 499.49582445 0 -543.92463502 0 14776
0.11650000 0.11649800 14362.02324551 0 188.75656458 0 5067.63698462 0 602.41972704 0 -79.95779717 0 14553
0.11750000 0.11747300 14295.03568036 0 -207.14658887 0 4547.31522442 0 470.95358553 0 51.12081296 0 14568
0.11850000 0.11849100 14450.82329056 0 -253.59056255 0 4639.09372484 0 914.15992507 0 -72.04241360 0 16015
0.11950000 0.11950300 14605.17149853 0 167.58074336 0 4625.78479041 0 92.03283172 0 390.85417333 0 15270
0.12050000 0.12050700 14134.48697049 0 504.01444021 0 4654.73891981 0 -353.66887766 0 305.01265348 0 15999
0.12150000 0.12150000 14086.32235753 0 560.14005472 0 4905.20597953 0 -511.52036920 0 1294.39906060 0 15670
0.12250000 0.12250700 13542.22831594 0 309.24338879 0 4981.12891081 0 216.55806497 0 1625.01867968 0 16887
0.12350000 0.12352200 13589.28569642 0 -80.90625251 0 5316.12209820 0 758.77202580 0 1460.97111517 0 16407
0.12450000 0.12449800 13524.51259623 0 -258.97060518 0 4810.18328794 0 1199.74175572 0 1685.56215179 0 16306
0.12550000 0.12549900 13697.79447964 0 -78.51363384 0 4650.32106221 0 413.16712231 0 1036.30870524 0 17523
0.12650000 0.12650100 13614.41987376 0 180.45674989 0 4303.49155959 0 168.70569156 0 1243.55494503 0 17154
0.12750000 0.12750600 13366.62124432 0 364.87407038 0 3988.25139968 0 -483.17411044 0 1232.94765786 0 18007
0.12850000 0.12850300 13272.50648336 0 225.70159080 0 4358.05597629 0 -215.12752060 0 1233.63414199 0 17496
0.12950000 0.12949900 13264.42368624 0 142.93928448 0 4376.19244435 0 -291.92073661 0 814.71051802 0 18405
0.13050000 0.13049000 13040.20910866 0 414.34521767 0 4775.53798358 0 -388.88551398 0 951.14038273 0 18100
0.13150000 0.13148800 12830.05638361 0 350.19548936 0 4609.81849802 0 -9.85492270 0 507.35053168 0 19059
0.13250000 0.13249300 12503.75497120 0 9.50820393 0 4843.26739450 0 259.09793692 0 823.58277189 0 18957
0.13350000 0.13349100 12458.46916269 0 174.02705087 0 4647.11008801 0 568.10437796 0 366.80729829 0 19468
0.13450000 0.13450700 12248.98077712 0 282.48600863 0 4565.99423639 0 409.46342965 0 323.45582493 0 19953
0.13550000 0.13551000 12108.58369842 0 189.83058009 0 4463.25413440 0 -57.22819661 0 451.62905703 0 19956
0.13650000 0.13649900 12009.70783779 0 -26.75040459 0 4432.07446771 0 -197.00544657 0 516.67564364 0 19723
0.13750000 0.13749600 12023.54824382 0 0.80753897 0 4641.19746656 0 106.10121691 0 448.58084601 0 20946
0.13850000 0.13851100 12133.49642927 0 80.81335571 0 4430.74578873 0 316.07833490 0 -146.59536613 0 20955
0.13950000 0.13949800 11814.83492098 0 386.76405654 0 4281.40227157 0 -120.51561226 0 120.49125314 0 20506
0.14050000 0.14048300 11801.76957770 0 212.16013755 0 4495.07599593 0 24.00734684 0 408.12589282 0 21447
0.14150000 0.14148400 11428.63223131 0 203.39639245 0 4065.70231178 0 556.77628244 0 459.53801865 0 21771
0.14250000 0.14249400 11356.88356649 0 173.96283139 0 3754.50355043 0 452.89573099 0 481.72363588 0 22470
0.14350000 0.14350900 11298.31096819 0 -39.58023953 0 3438.56583405 0 723.28301029 0 295.69418491 0 22519
0.14450000 0.14449900 11324.55237802 0 -111.68100428 0 3265.29502297 0 466.95979797 0 9.41348019 0 22218
0.14550000 0.14550500 11114.95326920 0 260.48419199 0 2829.14507604 0 2.30394042 0 118.02212471 0 23559
0.14650000 0.14650700 11044.44470475 0 262.04206809 0 3120.79011176 0 -180.81549322 0 318.63714917 0 23044
0.14750000 0.14750500 10694.19385376 0 245.55205474 0 2881.17393036 0 -50.04203636 0 346.97012114 0 23649
0.14850000 0.14849900 10519.37291720 0 346.23491878 0 3058.06539166 0 89.63002651 0 352.16968488 0 23640
0.14950000 0.14949500 10371.42451298 0 171.08070524 0 3211.02955903 0 168.95814057 0 267.57933773 0 24457
0.15050000 0.15050000 10155.54739599 0 140.37604128 0 3335.32747745 0 -116.82963532 0 71.88596165 0 24591
0.15150000 0.15149900 9948.53921118 0 163.60577875 0 3246.43885380 0 -88.74855874 0 73.40076641 0 25020
0.15250000 0.15250500 9944.07706428 0 229.14065489 0 3467.11028744 0 176.59250853 0 209.91688454 0 25297
0.15350000 0.15350100 9710.62816780 0 154.41464192 0 3076.98799478 0 212.26311017 0 311.58961442 0 25452
0.15450000 0.15450400 9645.39002997 0 83.09635836 0 3208.07324830 0 286.26831479 0 540.01056820 0 26061
0.15550000 0.15549900 9696.57738760 0 73.00825250 0 2982.59642570 0 204.91330095 0 606.25075142 0 26128
0.15650000 0.15649500 9499.27963166 0 102.29211573 0 3238.40034598 0 247.39116789 0 847.24100833 0 26331
0.15750000 0.15749700 9444.20588801 0 179.62300384 0 3179.50665027 0 13.01551782 0 946.69152262 0 27345
0.15850000 0.15849900 9342.65052478 0 206.37374060 0 3412.39085818 0 183.92349480 0 1064.24085906 0 26980
0.15950000 0.15949700 9153.33591503 0 118.34211489 0 3421.76911730 0 85.41191365 0 1236.39115087 0 27777
0.16050000 0.16050000 9095.17299276 0 149.08663922 0 3195.36221941 0 194.91831334 0 1274.14777851 0 28224
0.16150000 0.16150500 8941.92094494 0 66.76467925 0 3136.34672813 0 401.22783445 0 1420.47962331 0 28075
0.16250000 0.16249700 8875.16589861 0 116.21069237 0 3023.09898988 0 300.07439661 0 1074.03543759 0 28590
0.16350000 0.16349900 8719.51115631 0 98.18738347 0 2755.70234551 0 -21.69710627 0 441.42480247 0 29163
0.16450000 0.16449100 8641.28518146 0 231.81019240 0 2841.60144146 0 -155.12659241 0 735.42492169 0 28996
0.16550000 0.16550500 8555.05391578 0 163.66556931 0 2869.30439815 0 -224.36073227 0 538.00204847 0 30777
0.16650000 0.16650700 8467.15072904 0 -25.28409662 0 2793.62505802 0 -59.71050111 0 715.05405849 0 29211
0.16750000 0.16749900 8561.91875716 0 -23.65602198 0 2995.44032249 0 161.22412168 0 192.34289059 0 30922
0.16850000 0.16850800 8444.17565504 0 77.72683444 0 2895.65653122 0 -7.04960527 0 372.57265782 0 30867
0.16950000 0.16949900 8517.59624092 0 145.36190915 0 2847.90159428 0 166.39157568 0 220.20639599 0 30852
0.17050000 0.17049200 8274.97945949 0 176.82059842 0 2718.76506992 0 142.33695001 0 760.10956264 0 31257
0.17150000 0.17149500 8240.74383115 0 130.88373722 0 2624.65030896 0 294.66224424 0 618.27197448 0 32608
0.17250000 0.17250900 8196.07807283 0 30.58774020 0 2574.48160521 0 174.06026785 0 777.77656412 0 32361
0.17350000 0.17350400 7998.74709991 0 -5.05855768 0 2541.02103961 0 184.42285664 0 817.28151184 0 32508
0.17450000 0.17449800 8037.97634675 0 203.09411799 0 2624.17419899 0 169.01903836 0 657.95740109 0 32791
0.17550000 0.17549800 7847.26662407 0 171.88344879 0 2476.83477263 0 103.76362770 0 1077.02717976 0 33633
0.17650000 0.17650100 7753.93799817 0 82.76762104 0 2451.60094437 0 277.05835501 0 800.82360823 0 33984
0.17750000 0.17750300 7625.28865611 0 139.22562673 0 2285.85931416 0 100.58697771 0 1156.02821734 0 34069
0.17850000 0.17849800 7701.57697411 0 80.92629342 0 2282.93622041 0 173.70484622 0 906.91087401 0 34536
0.17950000 0.17950400 7491.53497230 0 41.17343635 0 2024.62995471 0 246.66703784 0 1200.89327751 0 35343
0.18050000 0.18050100 7552.76492854 0 -35.02253846 0 2182.84240405 0 65.57761531 0 939.62295046 0 34990
0.18150000 0.18150500 7557.68104076 0 -13.29620126 0 2019.83563807 0 104.96696796 0 612.90300417 0 36243
0.18250000 0.18250200 7556.26378319 0 26.12426462 0 1872.80623680 0 153.01177837 0 763.56080628 0 35694
0.18350000 0.18350400 7581.94050444 0 68.23585905 0 1793.31801693 0 -77.14609100 0 659.75111771 0 37087
0.18450000 0.18450600 7522.79214526 0 104.80963022 0 1734.46861052 0 -46.38252228 0 569.16289221 0 36651
0.18550000 0.18550700 7374.61122221 0 178.44269401 0 1690.47826401 0 -191.15372290 0 87.96043065 0 37818
0.18650000 0.18651000 7303.74834337 0 158.50365148 0 1961.46234162 0 -197.30218487 0 303.09492682 0 37267
0.18750000 0.18750100 7197.94120740 0 108.88147768 0 1819.37119723 0 -147.99269353 0 48.29116963 0 38334
0.18850000 0.18850000 7025.78870112 0 161.16211667 0 2005.77378555 0 90.69086595 0 83.58963043 0 38223
0.18950000 0.18949500 7022.90989667 0 96.16214454 0 1861.41281456 0 98.21750020 0 -75.90654424 0 39064
0.19050000 0.19050000 6960.06338100 0 93.09632852 0 1997.31452939 0 259.19869507 0 61.38098276 0 39609
0.19150000 0.19149800 6886.15561284 0 66.76600793 0 1732.12127765 0 102.32887585 0 406.11294416 0 39576
0.19250000 0.19250400 6797.62130359 0 -1.93604028 0 1781.63671424 0 218.17905332 0 444.95355239 0 40909
0.19350000 0.19350500 6914.05787138 0 -47.27993421 0 1710.64096751 0 264.84004457 0 444.74207099 0 40191
0.19450000 0.19450100 6989.49362037 0 -52.50308199 0 1618.62994826 0 137.91023455 0 404.78980135 0 41232
0.19550000 0.19549800 6973.06229034 0 40.50356070 0 1524.61483823 0 -51.51487700 0 335.36743197 0 40873
0.19650000 0.19649700 6895.76639078 0 169.84060486 0 1611.13398436 0 -207.22409514 0 299.98471078 0 42816
0.19750000 0.19750200 6816.05672441 0 189.45412104 0 1514.18470825 0 -207.44000548 0 135.36470707 0 41727
0.19850000 0.19849000 6633.71767930 0 176.26255325 0 1797.22654759 0 -241.16409241 0 105.44363154 0 42610
0.19950000 0.19949900 6503.66215198 0 142.13100477 0 1754.97455608 0 -128.89293321 0 -9.57781563 0 43863
0.20050000 0.20050100 6532.40590721 0 142.12103967 0 1932.56357385 0 19.98499268 0 -70.07342208 0 43302
0.20150000 0.20150100 6401.36494298 0 65.49789457 0 1814.06755364 0 62.92955811 0 91.16930111 0 44487
0.20250000 0.20249700 6340.07962511 0 23.83273628 0 1823.49010206 0 206.08918185 0 126.72497201 0 43759
0.20350000 0.20349100 6412.88016079 0 -5.80711327 0 1939.55021081 0 214.65583956 0 126.44041327 0 45282
0.20450000 0.20449700 6416.81083610 0 30.88248549 0 1826.64571463 0 170.05872966 0 327.49279456 0 45483
0.20550000 0.20549900 6415.70360362 0 35.60139961 0 1714.26161772 0 109.71422723 0 504.03658486 0 46138
0.20650000 0.20650200 6368.79016336 0 10.81347601 0 1707.39677633 0 -8.49600521 0 527.88858698 0 46227
0.20750000 0.20749300 6375.35605198 0 112.34312931 0 1827.18825855 0 1.12029783 0 573.41909387 0 46236
0.20850000 0.20850300 6319.13078655 0 77.71786586 0 1780.80628988 0 16.68256108 0 430.92270238 0 48361
0.20950000 0.20950400 6236.65303897 0 40.84802072 0 1684.97531858 0 116.34134580 0 458.35106543 0 46812
0.21050000 0.21050300 6103.66334558 0 84.99437628 0 1702.61353201 0 110.14571572 0 221.38781305 0 48813
0.21150000 0.21149700 6134.90944622 0 93.16807719 0 1591.75741593 0 150.39538801 0 377.90066053 0 47215
0.21250000 0.21249000 6016.50200461 0 94.93998133 0 1404.46904162 0 240.10004199 0 124.65112558 0 50004
0.21350000 0.21350300 5968.51454884 0 25.82486896 0 1314.98251244 0 -6.83373923 0 335.81918282 0 49509
0.21450000 0.21449800 5934.76610279 0 90.08000579 0 1348.19948689 0 -92.15429513 0 173.87978895 0 49660
0.21550000 0.21550100 5871.48776646 0 47.26720103 0 1391.04938394 0 -88.14223823 0 154.65048244 0 50841
0.21650000 0.21649800 5841.12745180 0 82.15166761 0 1491.37571912 0 -112.12943344 0 257.68842997 0 50424
0.21750000 0.21750300 5871.97494875 0 32.80574831 0 1418.98485946 0 94.42722196 0 226.66931199 0 52231
0.21850000 0.21850300 5876.39280635 0 -53.09323691 0 1450.24203242 0 258.34834053 0 352.90599448 0 51078
0.21950000 0.21950100 5900.35331726 0 38.67718072 0 1335.10092663 0 129.08116274 0 148.52305788 0 52791
0.22050000 0.22050700 5842.15717801 0 147.06151101 0 1442.38068180 0 -73.43497989 0 130.44970208 0 52969
0.22150000 0.22150000 5738.57557933 0 173.32506548 0 1340.71459532 0 -78.48196699 0 116.64472750 0 52704
0.22250000 0.22250100 5542.80580421 0 164.00327521 0 1273.58308994 0 28.55264690 0 232.45792341 0 54051
0.22350000 0.22349900 5511.17217221 0 71.74146781 0 1214.06934404 0 198.71944245 0 220.30936861 0 53938
0.22450000 0.22449800 5495.63770049 0 -19.77926889 0 962.15180977 0 333.20279246 0 15.65028824 0 54735
0.22550000 0.22549100 5435.42639812 0 49.86321831 0 956.30119333 0 183.47838734 0 10.61396379 0 54774
0.22650000 0.22649900 5403.17271593 0 105.10614708 0 852.27005827 0 32.96452545 0 110.08304637 0 56911
0.22750000 0.22749800 5291.49724781 0 86.47828925 0 1037.89315492 0 -123.73544431 0 378.08667558 0 54879
0.22850000 0.22849100 5298.20707665 0 131.32995191 0 1088.25119543 0 -125.65206374 0 494.26082928 0 57210
0.22950000 0.22949800 5238.75976469 0 55.27658864 0 1115.12704946 0 -3.45584973 0 659.55513756 0 57375
0.23050000 0.23049600 5187.59455171 0 43.44625246 0 1311.25113897 0 47.73766412 0 713.58918991 0 57604
0.23150000 0.23150100 5231.57382589 0 65.86416708 0 1229.80311761 0 104.95390262 0 777.47871858 0 58629
0.23250000 0.23250200 5133.97128261 0 60.78030914 0 1345.51998429 0 142.58607732 0 710.46236538 0 58560
0.23350000 0.23350400 5089.92557448 0 72.57167073 0 1142.44247479 0 151.38193215 0 661.00450488 0 59305
0.23450000 0.23449700 5018.86339380 0 82.91333283 0 1092.06561133 0 73.07402211 0 607.15868206 0 59196
0.23550000 0.23549300 4971.30775870 0 117.12748086 0 1035.62554280 0 -0.50948085 0 556.88811292 0 60063
0.23650000 0.23649900 4902.77006807 0 77.46840638 0 909.09987263 0 -13.14019220 0 425.80839555 0 61537
0.23750000 0.23750400 4800.92682439 0 48.59410844 0 842.81761457 0 28.68783999 0 535.83630174 0 61224
0.23850000 0.23850100 4858.97902341 0 2.37984121 0 822.76674155 0 26.18239433 0 350.64281129 0 61221
0.23950000 0.23949400 4852.23597760 0 38.48939409 0 868.70692446 0 -0.50254182 0 321.37754956 0 62332
0.24050000 0.24050100 4834.89671693 0 55.83662683 0 763.87415308 0 15.61452463 0 353.72756098 0 63447
0.24150000 0.24150500 4833.85591840 0 5.39817910 0 773.77391870 0 72.12169145 0 422.14567050 0 63342
0.24250000 0.24250300 4835.47247782 0 -80.39781136 0 643.51466060 0 175.28486697 0 206.37706229 0 63379
0.24350000 0.24349600 4917.49626008 0 -4.95379134 0 663.23557833 0 87.46738003 0 87.10575790 0 64266
0.24450000 0.24449500 4839.23706826 0 151.61555821 0 658.54866324 0 -52.09860997 0 145.61878708 0 64695
0.24550000 0.24549600 4783.02287516 0 115.07688631 0 633.84187764 0 -153.55764398 0 160.18885931 0 65947
0.24650000 0.24650000 4704.45365825 0 92.00736538 0 635.06204783 0 -117.40650345 0 250.00866548 0 66018
0.24750000 0.24750000 4678.38940562 0 73.32381375 0 701.81487970 0 -19.74284094 0 183.31783863 0 66303
0.24850000 0.24849600 4673.50651038 0 -9.74460913 0 656.65972462 0 4.84263627 0 100.23897454 0 66958
0.24950000 0.24949200 4629.87047827 0 13.16421915 0 731.70240608 0 57.12854569 0 48.38284848 0 66975
0.25050000 0.25048900 4664.47149333 0 59.07517111 0 654.75528476 0 97.18201638 0 57.58937585 0 68676
0.25150000 0.25150000 4547.44809232 0 84.71225345 0 689.39173125 0 120.69719838 0 119.79701838 0 69349
0.25250000 0.25249900 4552.43063849 0 25.01005658 0 485.62109422 0 214.47203897 0 167.84426469 0 68592
0.25350000 0.25349900 4471.21513594 0 19.54099246 0 423.55074852 0 227.15427982 0 149.33355206 0 70437
0.25450000 0.25450100 4497.54512436 0 73.59419993 0 298.04262500 0 194.46324079 0 132.57780291 0 70099
0.25550000 0.25550100 4403.68502687 0 58.69195795 0 288.42409643 0 -91.59016018 0 177.82264382 0 71064
0.25650000 0.25650300 4388.43843560 0 89.07563521 0 318.54857057 0 -39.24574460 0 202.56818256 0 71409
0.25750000 0.25750600 4295.34232852 0 93.60377317 0 460.95084729 0 -166.65841871 0 114.57420276 0 72612
0.25850000 0.25850600 4265.86779985 0 110.55262366 0 526.36614232 0 -131.92342852 0 282.04643734 0 71845
0.25950000 0.25949600 4257.54141159 0 79.71365241 0 541.48983079 0 -71.51393154 0 299.66250612 0 72816
0.26050000 0.26049800 4212.77600235 0 84.10515788 0 707.51601975 0 -78.09399273 0 244.73823886 0 73743
0.26150000 0.26149900 4216.38558024 0 -19.70962396 0 664.73809281 0 46.49867097 0 259.48436105 0 74662
0.26250000 0.26250300 4244.66429783 0 -21.91966000 0 664.00178321 0 42.67285057 0 185.22117126 0 74931
0.26350000 0.26350100 4262.69004263 0 12.51006620 0 585.76584328 0 102.23332169 0 215.52833876 0 75087
0.26450000 0.26450200 4234.47775899 0 79.22137684 0 539.75922642 0 97.76918176 0 164.10956953 0 76678
0.26550000 0.26550600 4147.42714127 0 94.07800084 0 446.71848097 0 142.95921466 0 283.48694680 0 76035
0.26650000 0.26650100 4135.60189836 0 71.23070147 0 381.34858247 0 79.93233082 0 296.09832477 0 77094
0.26750000 0.26750600 4056.71158403 0 58.51026110 0 464.58478430 0 67.78986581 0 287.47851989 0 78463
0.26850000 0.26850100 4032.04244433 0 71.90777413 0 363.26969051 0 -14.71423390 0 302.79929575 0 77076
0.26950000 0.26949700 3999.68911121 0 77.08740768 0 313.10430845 0 7.28214624 0 411.12095668 0 79149
0.27050000 0.27049900 4005.93390241 0 -23.77272428 0 302.73839796 0 19.18811746 0 298.24857024 0 79648
0.27150000 0.27150200 4028.36643249 0 9.58166880 0 271.70820765 0 32.10730606 0 346.90368720 0 80241
0.27250000 0.27250500 4064.65044093 0 -7.35028532 0 296.13818513 0 -25.11779030 0 136.75539107 0 80835
0.27350000 0.27350000 4014.55924345 0 49.29343648 0 251.82341951 0 -27.33203381 0 142.15314942 0 80680
0.27450000 0.27450400 3996.20132890 0 119.85570170 0 394.81031499 0 -115.02595361 0 175.34022860 0 82617
0.27550000 0.27550800 3920.14552972 0 93.35398152 0 390.27509074 0 -109.51946503 0 118.22474825 0 82548
0.27650000 0.27649900 3860.88644729 0 83.28912754 0 547.34930508 0 -58.79803082 0 118.63442427 0 81181
0.27750000 0.27748900 3841.97491650 0 58.46929350 0 457.00688519 0 68.82811771 0 197.97206052 0 84096
0.27850000 0.27849800 3803.84182982 0 38.03919336 0 489.52962488 0 77.33708861 0 242.69871663 0 85215
0.27950000 0.27950200 3795.84761130 0 53.16675714 0 438.29022732 0 101.33912073 0 285.62833442 0 84514
0.28050000 0.28050300 3741.07282042 0 58.26035873 0 367.38527365 0 67.46732899 0 333.01013401 0 85815
0.28150000 0.28150100 3723.20208817 0 48.45293630 0 370.74129530 0 52.17102297 0 286.47536727 0 85485
0.28250000 0.28250000 3667.46400503 0 59.89197652 0 291.00837705 0 79.10711045 0 367.36755793 0 87220
0.28350000 0.28350400 3715.14143570 0 18.57758947 0 319.87392785 0 -23.58626633 0 372.13862269 0 87147
0.28450000 0.28449700 3651.91846099 0 59.69178888 0 343.95069817 0 -28.11307561 0 413.02761101 0 87102
0.28550000 0.28549800 3670.42031576 0 66.61132756 0 393.62114730 0 14.56232160 0 433.07073340 0 88971
0.28650000 0.28649900 3622.75395741 0 21.55892365 0 359.65125476 0 -24.29943477 0 535.08227642 0 89434
0.28750000 0.28750100 3666.79966554 0 46.52380515 0 420.55789912 0 85.55585387 0 413.60447914 0 89619
0.28850000 0.28849900 3580.22515778 0 60.64799485 0 389.16785826 0 -7.50169937 0 522.65248458 0 90240
0.28950000 0.28950100 3564.29208237 0 138.39409514 0 361.17037772 0 27.14092549 0 404.75326268 0 91333
0.29050000 0.29050500 3493.18561239 0 47.46661360 0 349.80131460 0 3.04697092 0 505.68193233 0 92139
0.29150000 0.29150600 3441.13461341 0 5.90677527 0 254.29697688 0 35.82384261 0 401.12707630 0 92370
0.29250000 0.29250200 3488.69024851 0 -12.58701885 0 125.74950020 0 100.82259678 0 348.22129385 0 91819
0.29350000 0.29349600 3499.28646336 0 2.35510563 0 146.84781514 0 21.48230317 0 35.32625233 0 93552
0.29450000 0.29450000 3463.60036047 0 53.71948760 0 131.68648077 0 -85.94194584 0 28.26100187 0 94701
0.29550000 0.29550200 3463.42320327 0 92.35990820 0 143.62355415 0 -103.60961166 0 103.87213648 0 95020
0.29650000 0.29650300 3406.45609208 0 33.19970163 0 154.80217329 0 -0.01620302 0 224.79476740 0 95151
0.29750000 0.29749800 3466.67846677 0 -23.76929186 0 172.75041182 0 57.81115451 0 172.17575816 0 95802
0.29850000 0.29850000 3476.28924471 0 17.70874415 0 146.67619411 0 125.92001400 0 175.05899155 0 97399
0.29950000 0.29950700 3481.94720269 0 37.85162818 0 121.51212149 0 34.02470055 0 312.25284668 0 97881
0.30050000 0.30050300 3433.19575652 0 41.10799891 0 145.39069719 0 22.26090905 0 259.32713404 0 97188
0.30150000 0.30149700 3399.17050235 0 57.51009800 0 168.96146227 0 -63.95452322 0 187.91617512 0 98263
0.30250000 0.30249700 3387.89887568 0 102.21328078 0 144.90683660 0 -108.39518117 0 83.20409208 0 100050
0.30350000 0.30350600 3294.02770587 0 71.03627145 0 168.15650425 0 -131.97436121 0 80.11889949 0 100779
0.30450000 0.30450500 3249.86020217 0 85.17153348 0 178.36186604 0 -2.23313290 0 43.28736460 0 99982
0.30550000 0.30550300 3247.42429071 0 16.12562314 0 167.90848418 0 43.07200788 0 27.15531951 0 101559
0.30650000 0.30649700 3246.37241985 0 18.41028665 0 39.48867140 0 142.81859614 0 -30.28092608 0 100935
0.30750000 0.30749800 3226.59724773 0 53.70830455 0 39.51446992 0 30.23298292 0 -61.40523115 0 103762
0.30850000 0.30850200 3212.02606827 0 45.99510164 0 3.15771632 0 57.18977564 0 -46.96348716 0 102951
0.30950000 0.30950100 3195.76082311 0 25.59323593 0 50.92328269 0 -5.49506194 0 -91.01152048 0 104394
0.31050000 0.31050000 3126.84667344 0 52.53995284 0 -44.33104194 0 14.76981697 0 1.70007797 0 103963
0.31150000 0.31149700 3143.30014812 0 42.83362073 0 15.18558277 0 -18.78364544 0 -50.21044642 0 105936
0.31250000 0.31250000 3129.42652512 0 60.86313013 0 -30.88016030 0 9.23413067 0 -53.09622644 0 105717
0.31350000 0.31349800 3079.78929296 0 56.18440855 0 2.02839455 0 5.91677357 0 -64.52928760 0 106776
0.31450000 0.31450400 3046.15157016 0 102.70732791 0 -18.95980613 0 -61.87912665 0 -21.33880584 0 108733
0.31550000 0.31549900 2984.67802276 0 63.68856597 0 -12.11079816 0 40.84813144 0 43.57424854 0 105891
0.31650000 0.31650000 3003.71134913 0 23.77560308 0 -15.81404792 0 58.61611253 0 90.20888766 0 111072
0.31750000 0.31750600 3008.25100230 0 -40.45938212 0 -0.03103827 0 91.78968347 0 66.70511015 0 108121
0.31850000 0.31849900 3001.50795649 0 27.65235617 0 -56.00182591 0 106.48564803 0 97.45550280 0 110484
0.31950000 0.31950100 3059.49372156 0 33.58136467 0 -37.74644109 0 -57.85090416 0 68.78615360 0 110817
0.32050000 0.32049800 3020.05410056 0 47.83498985 0 7.11559633 0 -79.71177011 0 66.12436671 0 111088
0.32150000 0.32149900 2984.11333420 0 79.99046053 0 68.38345314 0 -178.28214530 0 37.64712234 0 112635
0.32250000 0.32250100 2954.42843136 0 97.61815525 0 125.56237791 0 -110.58429051 0 106.29564694 0 113202
0.32350000 0.32350400 2908.12396897 0 76.00708095 0 146.68173027 0 -18.40940086 0 41.84530502 0 113863
0.32450000 0.32450300 2904.10471506 0 34.76244955 0 126.95859807 0 76.15091045 0 121.94394216 0 114045
0.32550000 0.32549900 2897.11807810 0 9.53404673 0 49.43505151 0 105.18254612 0 78.66764988 0 114828
0.32650000 0.32650300 2860.81192502 0 23.23018036 0 24.89003258 0 149.85616579 0 173.21655670 0 116431
0.32750000 0.32750400 2878.37263218 0 8.98824755 0 -47.74076437 0 160.11467474 0 192.84668137 0 116442
0.32850000 0.32850400 2919.68347608 0 -7.67209137 0 -140.84107893 0 61.84779197 0 179.38051992 0 116955
0.32950000 0.32949800 2896.74161905 0 29.83227548 0 -118.83040442 0 24.88250340 0 209.13960734 0 117028
0.33050000 0.33049700 2897.39488622 0 65.35782966 0 -145.80480214 0 -86.80359416 0 195.35345571 0 119061
0.33150000 0.33150100 2862.28454422 0 72.77573368 0 -164.84698636 0 -3.03845630 0 279.60720418 0 120060
0.33250000 0.33250400 2825.10367748 0 28.75161658 0 -122.94377309 0 -25.59832919 0 261.55488580 0 119737
0.33350000 0.33350100 2830.28552549 0 54.81343329 0 -126.91541600 0 -18.82638461 0 211.44043643 0 120531
0.33450000 0.33450000 2813.97599103 0 48.08378499 0 -119.00313269 0 3.47374261 0 150.38320845 0 121704
0.33550000 0.33550300 2810.35534082 0 27.23326868 0 -87.96330946 0 -49.78615493 0 215.95019433 0 122761
0.33650000 0.33650300 2795.17518349 0 37.57614874 0 -169.69666464 0 18.74843545 0 226.66599029 0 122472
0.33750000 0.33749900 2804.12162195 0 30.86753785 0 -116.55614890 0 43.76690699 0 269.26454557 0 122985
0.33850000 0.33849800 2806.31394226 0 37.03094746 0 -142.96475083 0 5.91641926 0 183.96556963 0 125380
0.33950000 0.33950300 2773.67272869 0 52.39711985 0 -140.89201162 0 18.73481649 0 194.37134049 0 125223
0.34050000 0.34050000 2716.08556731 0 83.47403536 0 -130.41205618 0 3.08979867 0 225.49232386 0 125178
0.34150000 0.34149900 2699.14491034 0 63.74769219 0 -115.68918587 0 -60.30408845 0 122.50752349 0 127059
0.34250000 0.34250300 2646.60672908 0 63.96592771 0 -115.01598852 0 -22.92447347 0 137.70096761 0 127957
0.34350000 0.34349800 2613.54476717 0 41.26079699 0 -94.04068711 0 3.39788611 0 126.88441349 0 126732
0.34450000 0.34449700 2584.15881710 0 48.81001877 0 -114.72367914 0 29.98075536 0 133.86551429 0 129639
0.34550000 0.34550000 2597.64490873 0 37.06361082 0 -137.11745609 0 29.70173277 0 74.47876796 0 129826
0.34650000 0.34650400 2562.75601322 0 39.01920483 0 -146.91314186 0 22.25570506 0 44.75167956 0 130875
0.34750000 0.34750200 2519.92826083 0 55.68648610 0 -224.10163986 0 41.40805891 0 125.00101104 0 130686
0.34850000 0.34850200 2539.33804623 0 10.02164977 0 -272.81654737 0 86.40410468 0 98.88006811 0 132211
0.34950000 0.34950400 2520.75868519 0 -13.80375663 0 -336.69057478 0 81.15980875 0 107.22483644 0 132768
0.35050000 0.35050300 2575.81028419 0 -7.84439889 0 -361.57008865 0 47.20010275 0 31.71623155 0 132957
0.35150000 0.35150100 2543.57874664 0 87.24017593 0 -347.61010152 0 -29.27666622 0 84.10338630 0 133987
0.35250000 0.35249800 2541.13176285 0 79.34405820 0 -343.06048325 0 -126.12374478 0 46.50398568 0 134778
0.35350000 0.35349800 2515.45504160 0 25.80493878 0 -291.21542952 0 -114.18113523 0 124.78288624 0 135699
0.35450000 0.35450100 2520.89155309 0 37.87809103 0 -207.14326717 0 -55.39794132 0 91.60665794 0 137380
0.35550000 0.35550100 2484.65183395 0 30.49750076 0 -211.61316470 0 18.49875452 0 101.60806750 0 136161
0.35650000 0.35649900 2502.85473596 0 34.71162758 0 -228.26704846 0 70.70199796 0 74.19919175 0 138792
0.35750000 0.35750000 2484.40824281 0 21.30259933 0 -308.85807189 0 82.92551239 0 110.15656660 0 138097
0.35850000 0.35849800 2483.46709520 0 13.24283265 0 -275.96551655 0 52.27532427 0 74.39018936 0 140028
0.35950000 0.35950300 2463.69192307 0 72.40137837 0 -340.65668153 0 12.20613088 0 156.55713677 0 141099
0.36050000 0.36050500 2472.45013200 0 39.70679620 0 -366.20828552 0 -30.66258912 0 159.61420566 0 140821
0.36150000 0.36150200 2422.27035593 0 22.15372894 0 -371.48092660 0 9.67772122 0 185.99734123 0 141756
0.36250000 0.36250400 2454.92264182 0 56.12793969 0 -385.75426052 0 3.10535529 0 158.50586594 0 142971
0.36350000 0.36349900 2435.61250733 0 42.50842655 0 -329.50352874 0 17.83419359 0 175.34908646 0 142270
0.36450000 0.36450000 2412.50456544 0 51.75868960 0 -308.39414148 0 -73.01412083 0 150.78291938 0 145311
0.36550000 0.36550300 2384.15941390 0 71.57350065 0 -264.03619379 0 -70.55141434 0 181.21188245 0 145434
0.36650000 0.36650100 2347.06712576 0 57.50533690 0 -172.30530436 0 -34.66623105 0 232.77902082 0 144547
0.36750000 0.36749600 2332.42951235 0 50.09141893 0 -208.94030549 0 1.14388188 0 228.31576669 0 146892
0.36850000 0.36849900 2310.31807968 0 58.64312900 0 -183.08974874 0 46.86682577 0 200.49655058 0 148113
0.36950000 0.36949900 2290.01143597 0 13.58961787 0 -241.53501529 0 -12.61813209 0 188.33470900 0 147387
0.37050000 0.37049800 2297.06450688 0 36.18778993 0 -210.73180765 0 23.64173868 0 157.18825929 0 149758
0.37150000 0.37150100 2296.62161388 0 4.58623445 0 -271.95401327 0 -19.99152535 0 112.11503942 0 150099
0.37250000 0.37250000 2318.95449304 0 1.53395988 0 -273.79201919 0 35.32359498 0 76.85798911 0 150468
0.37350000 0.37349800 2316.05354394 0 30.68982704 0 -306.67128773 0 -42.22298202 0 12.88818609 0 150709
0.37450000 0.37449700 2333.66961273 0 75.29059081 0 -313.80961555 0 -26.52386483 0 20.08508650 0 153108
0.37550000 0.37550100 2283.54519827 0 45.88227465 0 -281.54596826 0 -0.95567007 0 45.27672920 0 153189
0.37650000 0.37649900 2251.02578028 0 62.69050661 0 -372.64352070 0 39.25814560 0 123.81184335 0 153547
0.37750000 0.37749900 2238.07116024 0 67.03561904 0 -331.55080160 0 51.68107260 0 -32.37270969 0 155424
0.37850000 0.37850200 2199.27373408 0 43.42455071 0 -352.18407890 0 8.07813567 0 -0.09736958 0 155313
0.37950000 0.37949900 2182.90883800 0 53.32808092 0 -375.26987615 0 -25.23969659 0 -52.70581626 0 156100
0.38050000 0.38050000 2164.05266883 0 62.29854632 0 -348.94210219 0 -63.65999938 0 73.57725927 0 157557
0.38150000 0.38149800 2131.26751504 0 31.43554812 0 -314.78287290 0 -15.82046987 0 -17.92111134 0 157692
0.38250000 0.38250100 2130.28207813 0 27.61714618 0 -334.13729668 0 -12.78377407 0 22.95580815 0 159703
0.38350000 0.38350500 2147.58812182 0 42.77792694 0 -316.54890871 0 18.39888215 0 39.41980154 0 160338
0.38450000 0.38450600 2101.57153988 0 58.13579508 0 -295.53252897 0 30.87052738 0 185.27210396 0 160167
0.38550000 0.38550000 2099.99926975 0 42.53411434 0 -326.16743728 0 73.99346796 0 106.97980589 0 160033
0.38650000 0.38649600 2083.92225412 0 19.94014977 0 -336.10817050 0 55.50611793 0 158.50143701 0 162444
0.38750000 0.38750200 2085.09592055 0 35.92493294 0 -336.77250999 0 34.98998583 0 95.13363629 0 164307
0.38850000 0.38850400 2055.54388561 0 61.53101276 0 -395.27535263 0 -25.78844101 0 108.95400140 0 163882
0.38950000 0.38950500 2032.01519537 0 56.11908183 0 -387.28667027 0 -36.26751067 0 170.14509379 0 164595
0.39050000 0.39050100 2035.33689281 0 19.13164861 0 -424.18851443 0 -32.53635865 0 137.04327151 0 165006
0.39150000 0.39150100 2026.61190086 0 26.48533314 0 -387.74838622 0 14.08510440 0 110.51353835 0 166687
0.39250000 0.39250100 2035.81300278 0 45.17431020 0 -377.80433130 0 -43.46120010 0 96.22791415 0 167256
0.39350000 0.39350100 2021.24182332 0 48.67526858 0 -417.99133423 0 -14.61380791 0 110.19465540 0 167937
0.39450000 0.39449600 2026.60082853 0 -1.07079568 0 -365.54394603 0 -5.90578983 0 185.71942588 0 167719
0.39550000 0.39549700 2044.17260802 0 9.22977925 0 -372.37889214 0 22.46087523 0 116.92485732 0 171636
0.39650000 0.39650400 2059.19775280 0 15.95953827 0 -349.22998264 0 37.48469133 0 135.59501143 0 171093
0.39750000 0.39750000 2050.53919479 0 43.24905436 0 -420.01756967 0 4.09519899 0 84.21842776 0 170464
0.39850000 0.39849800 2031.11833706 0 75.76016811 0 -391.20848772 0 -16.79926338 0 137.22707210 0 172113
0.39950000 0.39949500 2004.23473240 0 55.88158047 0 -418.43090552 0 5.36343414 0 127.44578036 0 173232
