### header ###
fiducial parameters:
Omega_m = 0.31
Omega_nu = 0
Omega_de = 0.69
Omega_k = 0
H_0 = 100
w_de = -1
zeff = 0
beta = 0
fgrowth = 0
b_1 = 2
gamma = 0.55
Lx = 3500 Ly = 3500 Lz = 3500
nx = 700 ny = 700 nz = 700
xoffset = -685.467585 yoffset = -31.7331281 zoffset = 572.489161
bins = 400 dk = 0.001
kx_ny = 0.628318531 ky_ny = 0.628318531 kz_ny = 0.628318531
############################
A(data) = 8.05114624 (not used)
A(ran) = 8.05297502 (used)
Ngal = 478237
weighted Ngal = 0
Nran = 23820508
weighted Nran = 0
SN(data) = 3484.14099
SN(ran) = 70.1443329
SN(data+ran) = 3554.28532
############################
13 columns: k_central k_mean P_0(k) sigma^{lin}_{P_0(k)} P^img_1(k) sigma^{lin}_{P_1(k)} P_2(k) sigma^{lin}_{P_2(k)} P^img_3(k) sigma^{lin}_{P_3(k)} P_4(k) sigma^{lin}_{P_4(k)} N_modes
### header ###
0.00050000 0 0 0 0 0 0 0 0 0 0 0 0
0.00150000 0.00179520 74004.54028338 0 -63687.23729412 0 73335.21824809 0 -38139.06573082 0 -66930.32123350 0 3
0.00250000 0.00253879 129251.67653799 0 -48756.65016916 0 16368.43922590 0 -10528.00933056 0 74637.10220027 0 6
0.00350000 0.00331552 123195.11486219 0 8570.62160447 0 26831.89690277 0 -71708.69373223 0 83124.03917376 0 7
0.00450000 0.00420575 103179.45184102 0 46003.07371002 0 -9346.71406799 0 -40879.68756993 0 65721.22336330 0 24
0.00550000 0.00557378 61127.42651929 0 14902.90631291 0 14009.14825354 0 9197.80237150 0 4477.16097437 0 45
0.00650000 0.00659388 49760.35641397 0 -2812.92412018 0 17161.77129916 0 8260.55222025 0 -8598.13633165 0 40
0.00750000 0.00754703 70764.99948794 0 -15635.89421590 0 8603.72785568 0 41135.34754999 0 -8850.96179656 0 57
0.00850000 0.00846663 57157.77662531 0 -3061.32065516 0 7819.67439062 0 -3268.55028646 0 3659.90160718 0 75
0.00950000 0.00948925 79870.10435606 0 -10241.28040706 0 -2123.59439394 0 -14462.67067812 0 713.41867611 0 112
0.01050000 0.01054430 81186.93594674 0 -1592.57676797 0 3911.50911636 0 -5404.55675653 0 18872.11331389 0 105
0.01150000 0.01145670 83384.57097674 0 -5352.30645571 0 9615.26223414 0 -19038.19818617 0 -12436.32451306 0 144
0.01250000 0.01249090 76622.92365649 0 5107.34234142 0 14968.67592233 0 -6846.08486932 0 4792.64472543 0 169
0.01350000 0.01339930 84551.15111964 0 7775.94977991 0 22541.37103554 0 -5582.64402891 0 -8511.22965414 0 180
0.01450000 0.01448870 68709.75455510 0 1859.82947211 0 1402.85248220 0 1797.02724574 0 -18632.84037456 0 267
0.01550000 0.01550050 72681.06529781 0 2301.77024492 0 -10216.15730204 0 -687.17615906 0 -15413.11904055 0 238
0.01650000 0.01653350 72966.28838513 0 -6576.11944559 0 -11545.44525815 0 -7203.13412774 0 -18611.36006441 0 315
0.01750000 0.01747870 77632.83040320 0 -2925.37465104 0 -2573.02005833 0 -7032.40995137 0 -24504.38350264 0 297
0.01850000 0.01844180 80675.50526337 0 -2153.88827465 0 -20087.96530223 0 -4942.38684627 0 -11910.27836092 0 388
0.01950000 0.01947590 84056.77181648 0 3679.38889886 0 1998.93108881 0 -16122.96578467 0 -7285.83332182 0 399
0.02050000 0.02045430 84085.33841452 0 4629.73761037 0 14842.11924965 0 -3853.40155571 0 -9249.82015350 0 462
0.02150000 0.02154770 79309.95544348 0 6876.86593231 0 33213.20986550 0 -10358.76884571 0 -5309.60049888 0 571
0.02250000 0.02255340 68226.77974651 0 10441.06943609 0 37415.93219691 0 3970.17029325 0 7053.23699435 0 510
0.02350000 0.02348930 68644.76000842 0 4219.56333746 0 44826.63919803 0 3625.03485633 0 1978.90125321 0 555
0.02450000 0.02439640 63125.20608632 0 1615.82865008 0 39870.22371622 0 12881.54269401 0 9545.87197450 0 592
0.02550000 0.02547300 65807.80894338 0 382.95517681 0 39667.04655579 0 6775.88632997 0 -5797.44713039 0 837
0.02650000 0.02652900 63146.90784297 0 1489.69272575 0 39736.69147890 0 -5526.05337676 0 5023.24803442 0 723
0.02750000 0.02749970 59775.82782868 0 3273.03457802 0 32001.78680709 0 6794.13352127 0 -2775.75432576 0 826
0.02850000 0.02848090 58913.51517181 0 1775.56908024 0 28258.89812540 0 6051.21374291 0 7737.28522165 0 831
0.02950000 0.02946900 58289.14677528 0 -512.43383600 0 27722.00109494 0 12230.60071792 0 394.24009026 0 996
0.03050000 0.03053250 60842.42487846 0 -3482.99907355 0 23840.15473677 0 12013.14025849 0 -2253.57241499 0 1041
0.03150000 0.03150510 60137.33923401 0 -354.88461892 0 18505.28719265 0 9200.94691175 0 1629.53618821 0 1036
0.03250000 0.03246190 57464.92291578 0 4867.02860356 0 17203.29251723 0 1244.27464615 0 5551.08790318 0 1059
0.03350000 0.03345080 54938.88273166 0 4976.01349675 0 15644.08773627 0 3134.71909638 0 11278.15933702 0 1302
0.03450000 0.03451200 49444.46298690 0 1452.71116086 0 10063.54744907 0 1854.17151413 0 4447.40963758 0 1339
0.03550000 0.03553350 49131.55908752 0 -921.51527045 0 10064.57717528 0 4625.22010184 0 4203.35345393 0 1365
0.03650000 0.03647120 51163.33069175 0 -1497.76445054 0 9590.44915422 0 -4293.93614327 0 -1925.24476714 0 1308
0.03750000 0.03744890 50428.34977028 0 2130.69175415 0 10714.46728051 0 -4346.09786549 0 105.16272666 0 1579
0.03850000 0.03847530 52627.42420252 0 -528.24400861 0 14715.89474672 0 -7554.53650051 0 -473.17137219 0 1662
0.03950000 0.03950240 53568.23964236 0 803.76773940 0 18740.79554154 0 -5004.80154128 0 3866.61083922 0 1683
0.04050000 0.04050350 53991.09172718 0 992.92844383 0 23627.89827000 0 -3988.43962920 0 -1435.21688764 0 1822
0.04150000 0.04152450 51570.90296832 0 2993.77947376 0 24209.63821597 0 -2857.87775894 0 468.13124994 0 1887
0.04250000 0.04250150 51215.03844865 0 3417.48412760 0 25863.84354388 0 2610.01269555 0 -2517.47020472 0 1920
0.04350000 0.04349210 48316.85742737 0 830.36124915 0 26503.82391839 0 5371.09619093 0 1365.20657781 0 2005
0.04450000 0.04448520 48389.04898519 0 -326.92810599 0 22009.34582801 0 9289.85768004 0 -4426.22828020 0 2151
0.04550000 0.04548030 45871.53449117 0 514.92953802 0 20784.08236358 0 4474.06072342 0 -7586.94519526 0 2274
0.04650000 0.04648670 45623.84658498 0 2440.45111328 0 17864.08886240 0 1554.15580084 0 -5989.48553205 0 2311
0.04750000 0.04749250 42839.48906283 0 2763.02115222 0 17734.76410852 0 -1313.65383346 0 -4445.49412539 0 2568
0.04850000 0.04851840 40766.52841028 0 3015.35943484 0 17638.98849884 0 -144.73743003 0 -3026.68642313 0 2493
0.04950000 0.04949480 39768.13688139 0 1787.28359990 0 21406.23629514 0 73.41062078 0 189.19392141 0 2644
0.05050000 0.05050630 37957.59032704 0 514.87085469 0 20386.47517934 0 465.26019611 0 -1890.20085909 0 2829
0.05150000 0.05149060 38962.84669733 0 403.31828938 0 21058.78674233 0 407.03969775 0 -3607.62916171 0 2784
0.05250000 0.05249300 38086.02929494 0 -638.93182536 0 20699.60052521 0 1514.87119239 0 -1924.63578928 0 3055
0.05350000 0.05348950 37997.45069639 0 -143.95129497 0 19124.89448950 0 1785.37916003 0 -2448.81071852 0 3009
0.05450000 0.05448610 39237.32962958 0 -952.07599418 0 17076.95729105 0 4510.18971930 0 -4435.37402050 0 3336
0.05550000 0.05550870 38072.85322840 0 1556.84637578 0 14704.04735916 0 4577.89698557 0 -2606.21488814 0 3349
0.05650000 0.05647670 35542.27339110 0 2913.07329816 0 12060.52980871 0 2366.00080120 0 -1959.75720360 0 3324
0.05750000 0.05747970 34260.20890035 0 1159.91460335 0 10406.22482988 0 2196.80460564 0 2180.98225348 0 3639
0.05850000 0.05849280 32134.65470492 0 1075.44383731 0 10207.88627540 0 616.99090650 0 2470.33531796 0 3846
0.05950000 0.05951020 32845.60868152 0 -44.49347294 0 11461.40631277 0 236.57461377 0 3175.94136168 0 3787
0.06050000 0.06049470 32940.16633547 0 309.58552363 0 11555.41035048 0 -863.79413394 0 3066.58000945 0 3930
0.06150000 0.06148310 33238.12259634 0 -566.91963920 0 13836.86287937 0 351.61496141 0 3223.18697168 0 4083
0.06250000 0.06249100 33004.71798917 0 513.75476435 0 14940.22004754 0 95.64274178 0 3143.72089646 0 4303
0.06350000 0.06350600 33448.82893764 0 759.90472463 0 15484.64625888 0 650.26434981 0 2030.80831196 0 4470
0.06450000 0.06451750 31952.51496165 0 1089.31856754 0 14161.06055006 0 316.26988612 0 1574.78354198 0 4479
0.06550000 0.06550280 31077.02623824 0 2091.65073684 0 14046.46198818 0 1333.42900558 0 3565.46574880 0 4636
0.06650000 0.06648880 29917.31093673 0 589.39092242 0 12729.18750451 0 1611.16720134 0 1301.10888944 0 4653
0.06750000 0.06749660 29109.80628771 0 -410.78325077 0 11190.13435472 0 2650.94708041 0 773.87024792 0 5220
0.06850000 0.06852730 29380.08173653 0 -227.31925746 0 9053.49676214 0 2163.34404004 0 -2705.64436501 0 5029
0.06950000 0.06949320 29443.52615774 0 -175.49967007 0 7499.29667199 0 84.18354994 0 -1467.28234032 0 5040
0.07050000 0.07048030 29923.73288513 0 107.84710109 0 6622.45712496 0 54.47362364 0 -3674.69423314 0 5475
0.07150000 0.07148790 28571.58057828 0 807.99293855 0 6528.95134186 0 -1998.89787184 0 -2716.72776215 0 5509
0.07250000 0.07249820 28456.98201640 0 1236.28042763 0 8292.28550318 0 -1633.00182588 0 -2433.55305492 0 5916
0.07350000 0.07351270 27319.41136454 0 895.92602056 0 8213.18481468 0 458.91686122 0 -539.16132088 0 5721
0.07450000 0.07449140 26913.94282968 0 141.68368284 0 8234.87549900 0 2105.48007054 0 -1865.12204338 0 6028
0.07550000 0.07549160 27000.41768651 0 -171.61771299 0 9433.06712925 0 723.93295576 0 -2003.59253756 0 6183
0.07650000 0.07648840 26684.30281294 0 472.84141692 0 9577.78241463 0 525.89556852 0 -667.55489225 0 6330
0.07750000 0.07749960 25891.85652567 0 737.53973573 0 7969.35007752 0 416.17325849 0 -584.06734865 0 6583
0.07850000 0.07848650 25607.40850108 0 798.81841020 0 9653.08529572 0 -868.96823132 0 158.97754698 0 6549
0.07950000 0.07947320 25518.27628629 0 458.91021783 0 9556.11387496 0 -1006.34367258 0 -2753.97506284 0 6828
0.08050000 0.08048110 24245.95544138 0 1237.85269775 0 9923.29431059 0 -217.94764173 0 -1038.92841729 0 7147
0.08150000 0.08149960 24106.22270216 0 503.14083378 0 9392.50920344 0 -937.21361258 0 -2336.93594855 0 7386
0.08250000 0.08250610 23612.50773850 0 53.75912652 0 9757.34230621 0 479.50031306 0 -1640.04382446 0 7227
0.08350000 0.08350160 23716.03397555 0 577.45052734 0 9631.30603280 0 1048.77614298 0 -3373.11732205 0 7798
0.08450000 0.08449610 23146.80575663 0 85.46018899 0 8809.21913199 0 574.87731905 0 -3111.21255079 0 7371
0.08550000 0.08548940 22662.05937607 0 380.79385900 0 8147.28233736 0 888.18867998 0 -2934.94113968 0 8256
0.08650000 0.08650700 22861.91483904 0 222.75967410 0 8200.86131715 0 -192.22220225 0 -4599.05619830 0 8037
0.08750000 0.08749060 22316.60284173 0 391.75103164 0 8635.82652533 0 352.29369492 0 -3943.60778601 0 8155
0.08850000 0.08849210 21885.44651329 0 580.92280840 0 7561.56742677 0 274.73538126 0 -3908.49744401 0 8718
0.08950000 0.08949900 21194.75489110 0 515.53851588 0 7556.79525478 0 654.34450150 0 -1939.53913848 0 8571
0.09050000 0.09049190 20877.53278505 0 470.75096199 0 7679.78663886 0 1390.29646585 0 -1683.90130307 0 8932
0.09150000 0.09150830 20428.99290664 0 322.52021348 0 7906.25997070 0 1501.81692143 0 -523.53273440 0 9285
0.09250000 0.09250820 19918.00511626 0 849.02254540 0 7610.14171575 0 1182.40249506 0 945.66954704 0 9204
0.09350000 0.09350330 19427.50112680 0 749.03280889 0 7934.20651855 0 537.53701083 0 1894.86230784 0 9349
0.09450000 0.09448040 19293.08310350 0 134.21097082 0 7536.84292545 0 358.10334375 0 3413.86347738 0 9564
0.09550000 0.09549270 18696.50624227 0 408.54442669 0 7822.74142460 0 247.44652951 0 2639.98547883 0 10155
0.09650000 0.09649430 18558.76652153 0 575.46525950 0 7384.08913226 0 131.29119877 0 2858.45351983 0 9913
0.09750000 0.09749140 17800.64444119 0 609.30671307 0 7115.30844728 0 1110.57632396 0 2147.92029157 0 10476
0.09850000 0.09850240 17151.58476032 0 504.61898914 0 6455.59718994 0 535.77651118 0 1965.69196970 0 10575
0.09950000 0.09950330 16997.34727560 0 17.81559208 0 5831.47238456 0 819.89790219 0 1168.61745066 0 10882
0.10050000 0.10051200 16936.22804260 0 -145.96535085 0 5284.77634664 0 88.95461470 0 -248.43085919 0 10875
0.10150000 0.10150300 16923.49486906 0 93.57598163 0 5131.48000953 0 -629.19039398 0 -423.65815007 0 11118
0.10250000 0.10250800 16727.51471977 0 130.34340777 0 5109.11391339 0 -854.23539592 0 -828.96724345 0 11575
0.10350000 0.10349800 16638.60395148 0 440.82578970 0 5210.92394010 0 -532.28983610 0 -645.25080113 0 11364
0.10450000 0.10450100 16311.74892283 0 432.46064830 0 5880.60028978 0 566.00617240 0 -1126.74191820 0 12093
0.10550000 0.10551000 16003.27395338 0 326.06778635 0 5365.11713552 0 919.73262615 0 -842.63713567 0 12067
0.10650000 0.10649700 15591.49419338 0 328.00544320 0 5049.77732469 0 834.00072231 0 -973.60612979 0 12054
0.10750000 0.10749900 15494.38990472 0 336.21889375 0 4670.71628452 0 473.28873884 0 -623.86792744 0 12807
0.10850000 0.10850100 15291.54491404 0 346.55490896 0 5265.07868079 0 -295.70082830 0 -214.72116628 0 12736
0.10950000 0.10950300 14870.68584768 0 479.39401874 0 5103.42273844 0 -551.20247412 0 356.31294883 0 12933
0.11050000 0.11050200 14947.19561218 0 -103.54915677 0 5284.36667062 0 -415.22214579 0 495.88403210 0 13428
0.11150000 0.11150900 15057.36524413 0 32.19798840 0 5676.23839060 0 -336.79022571 0 -234.76761036 0 13453
0.11250000 0.11250000 15243.38030108 0 87.65018411 0 6268.31988796 0 781.86778814 0 134.05595828 0 13668
0.11350000 0.11349100 15148.04758439 0 -241.23827699 0 5770.92891245 0 485.92004699 0 -206.48557108 0 13791
0.11450000 0.11448600 15296.85962995 0 -92.48015365 0 5787.30488086 0 989.60563915 0 237.89443489 0 14205
0.11550000 0.11549300 15355.54295149 0 -36.47434169 0 5363.40092518 0 372.97347598 0 111.42634081 0 14776
0.11650000 0.11649800 15236.18328995 0 116.23948041 0 5379.83225521 0 442.50989031 0 714.93004845 0 14553
0.11750000 0.11747300 15166.75981333 0 410.16541505 0 5523.48459741 0 -25.55049675 0 793.07187362 0 14568
0.11850000 0.11849100 14660.75456912 0 665.65488131 0 5672.52916179 0 -193.01498070 0 1085.35910419 0 16015
0.11950000 0.11950300 14128.06502210 0 645.03267633 0 5830.40944138 0 -167.15999502 0 1214.06934404 0 15270
0.12050000 0.12050700 13790.35911513 0 96.79658875 0 5495.28338609 0 514.45010635 0 1449.40053574 0 15999
0.12150000 0.12150000 13669.33860486 0 -131.11847050 0 5658.13513953 0 652.52531854 0 1421.83044694 0 15670
0.12250000 0.12250700 13773.41845816 0 84.05666109 0 4935.43342629 0 822.82763934 0 913.99494743 0 16887
0.12350000 0.12352200 13537.79938601 0 152.52016714 0 4508.01954364 0 326.23276399 0 1252.78926393 0 16407
0.12450000 0.12449800 13335.72945807 0 173.24091581 0 4048.35197879 0 617.30868222 0 1182.34713343 0 16306
0.12550000 0.12549900 13188.13536824 0 178.98413069 0 3764.87831879 0 431.73762549 0 1542.69594466 0 17523
0.12650000 0.12650100 12999.13078359 0 335.82914791 0 3895.11100330 0 274.03228863 0 813.75054745 0 17154
0.12750000 0.12750600 12644.81638939 0 482.08570091 0 4079.37663293 0 -273.53403402 0 1439.44651572 0 18007
0.12850000 0.12850300 12181.43959573 0 616.78053233 0 3954.50295363 0 -419.40969904 0 1256.33240787 0 17496
0.12950000 0.12949900 11933.08735005 0 30.06711949 0 4330.65197237 0 -204.92769498 0 1481.21132494 0 18405
0.13050000 0.13049000 11836.09378464 0 -51.66424267 0 4281.72336899 0 31.39148026 0 1302.65901491 0 18100
0.13150000 0.13148800 12219.41766986 0 -104.03689267 0 4361.87592836 0 190.20150297 0 524.53145810 0 19059
0.13250000 0.13249300 12262.04612041 0 -228.17404093 0 3923.79939691 0 -94.76526004 0 691.38917865 0 18957
0.13350000 0.13349100 12408.09008477 0 154.91953993 0 4385.88072856 0 36.23772611 0 -368.17251594 0 19468
0.13450000 0.13450700 11944.04895162 0 308.30334841 0 3813.54118636 0 186.53545622 0 218.28313317 0 19953
0.13550000 0.13551000 11918.47188129 0 224.86341581 0 3927.01037110 0 -64.82613662 0 -241.14305499 0 19956
0.13650000 0.13649900 11567.36846129 0 215.97676791 0 3608.00562075 0 746.95010459 0 239.43680974 0 19723
0.13750000 0.13749600 11566.03978231 0 22.48855605 0 3509.17404942 0 435.18997637 0 -53.42640316 0 20946
0.13850000 0.13851100 11375.48507218 0 65.92141100 0 3269.92325474 0 469.11557961 0 390.93943023 0 20955
0.13950000 0.13949800 11377.25664415 0 154.32938502 0 3219.28951335 0 381.38733561 0 454.88321329 0 20506
0.14050000 0.14048300 11351.34740408 0 -59.30215377 0 3073.43377851 0 68.47778935 0 601.17519773 0 21447
0.14150000 0.14148400 11277.27355104 0 55.62802423 0 3022.50108434 0 86.24986719 0 261.82947945 0 21771
0.14250000 0.14249400 11448.67313923 0 228.47520817 0 3148.55950240 0 -570.69530197 0 129.63920791 0 22470
0.14350000 0.14350900 11189.91290822 0 243.18146999 0 3547.01925565 0 -452.90348161 0 202.56153916 0 22519
0.14450000 0.14449900 11075.53579284 0 116.31145052 0 3424.17181179 0 -148.53855914 0 85.04984863 0 22218
0.14550000 0.14550500 11061.70645915 0 47.63945259 0 3449.68244817 0 27.02632693 0 -398.49186299 0 23559
0.14650000 0.14650700 11009.91012364 0 59.95497804 0 3446.61541420 0 95.91069204 0 -518.52140019 0 23044
0.14750000 0.14750500 10773.13952972 0 218.16798099 0 3573.13886990 0 192.07826202 0 -435.32062980 0 23649
0.14850000 0.14849900 10851.99662708 0 218.88878934 0 3210.19913467 0 483.00138217 0 321.98099126 0 23640
0.14950000 0.14949500 10503.56163736 0 31.83381964 0 3220.27495026 0 641.58918331 0 106.14428826 0 24457
0.15050000 0.15050000 10401.82911693 0 164.86691655 0 2913.35010628 0 364.37360129 0 400.19367932 0 24591
0.15150000 0.15149900 10340.66559463 0 219.19217104 0 3234.60253857 0 463.35907794 0 480.61861787 0 25020
0.15250000 0.15250500 10091.91474525 0 358.16424154 0 2826.31056088 0 -352.08110628 0 1019.04252192 0 25297
0.15350000 0.15350100 9877.21129470 0 351.62935543 0 3083.87498081 0 -292.46770946 0 1089.08826318 0 25452
0.15450000 0.15450400 9544.78688667 0 248.37992649 0 3059.16155182 0 54.97165681 0 800.98415694 0 26061
0.15550000 0.15549900 9468.23283287 0 51.53048898 0 3076.96585013 0 43.12670517 0 785.66448832 0 26128
0.15650000 0.15649500 9481.89608170 0 -60.73900936 0 3087.22989523 0 77.99877074 0 501.38697753 0 26331
0.15750000 0.15749700 9615.25116181 0 -70.06489639 0 2977.92390462 0 62.74730764 0 575.59148400 0 27345
0.15850000 0.15849900 9506.80881254 0 167.24968085 0 3092.89892554 0 110.14726585 0 633.24397210 0 26980
0.15950000 0.15949700 9387.92526096 0 191.26001722 0 2847.21511014 0 155.00479683 0 627.27488179 0 27777
0.16050000 0.16050000 9253.50723766 0 128.95383100 0 3196.85698326 0 23.43058944 0 367.98317919 0 28224
0.16150000 0.16150500 9149.49381832 0 317.79565248 0 3035.23425789 0 -176.95900248 0 365.54173156 0 28075
0.16250000 0.16249700 8850.64069914 0 261.17289059 0 3320.62343009 0 -330.44799805 0 147.80114231 0 28590
0.16350000 0.16349900 8686.17238628 0 224.47145551 0 3220.14208236 0 -123.78748424 0 239.81548325 0 29163
0.16450000 0.16449100 8555.03177113 0 76.29529357 0 3396.25848092 0 -16.03626948 0 0.54976086 0 28996
0.16550000 0.16550500 8661.87970563 0 -18.23556536 0 3045.16613325 0 247.00585098 0 -196.83604000 0 30777
0.16650000 0.16650700 8631.51939097 0 -67.28275333 0 3030.60602611 0 217.76384114 0 -124.45514543 0 29211
0.16750000 0.16749900 8791.63628018 0 -82.23083473 0 2795.04231559 0 300.06000259 0 -10.39051320 0 30922
0.16850000 0.16850800 8793.51857540 0 -10.30686179 0 2894.27249062 0 140.47015604 0 14.03693979 0 30867
0.16950000 0.16949900 8743.02877422 0 129.81747234 0 2656.40573654 0 268.11302379 0 151.31106927 0 30852
0.17050000 0.17049200 8694.01159225 0 82.14889953 0 2544.24308613 0 295.22139664 0 243.60775450 0 31257
0.17150000 0.17149500 8681.71023938 0 84.83493480 0 2407.43344067 0 392.09980987 0 321.89905606 0 32608
0.17250000 0.17250900 8491.53198829 0 54.23811529 0 2289.16993928 0 266.04582074 0 359.78080096 0 32361
0.17350000 0.17350400 8433.08118557 0 157.49496269 0 2028.58277467 0 302.42837286 0 412.34334134 0 32508
0.17450000 0.17449800 8372.32733929 0 88.00250549 0 2029.75644110 0 74.21923266 0 394.40617513 0 32791
0.17550000 0.17549800 8115.29439095 0 138.31326717 0 1778.00499170 0 -14.21963315 0 392.67889246 0 33633
0.17650000 0.17650100 8158.49860240 0 102.83067361 0 1947.45585073 0 -16.24885812 0 211.59987791 0 33984
0.17750000 0.17750300 8115.16152306 0 12.35317135 0 1919.23249476 0 38.40524442 0 611.62857959 0 34069
0.17850000 0.17849800 8026.74900938 0 161.87185269 0 1965.65875273 0 -93.62791084 0 409.13236714 0 34536
0.17950000 0.17950400 7913.42376486 0 154.71802362 0 1935.77454804 0 22.87730537 0 618.15460784 0 35343
0.18050000 0.18050100 7919.01528889 0 106.44036222 0 2094.67348152 0 210.67644602 0 834.65952564 0 34990
0.18150000 0.18150500 7773.05990314 0 108.35853177 0 2102.15837309 0 96.73535880 0 709.63415549 0 36243
0.18250000 0.18250200 7687.78085738 0 87.30738494 0 2126.59499397 0 -56.70945819 0 795.95621424 0 35694
0.18350000 0.18350400 7656.40188885 0 113.05065086 0 2157.81894996 0 125.71739046 0 319.54729427 0 37087
0.18450000 0.18450600 7500.85786979 0 144.49051719 0 2100.33143950 0 -74.27282271 0 331.57516072 0 36651
0.18550000 0.18550700 7378.07685988 0 204.53462744 0 2134.99888851 0 -128.68588074 0 87.78072682 0 37818
0.18650000 0.18651000 7069.66832438 0 308.41850059 0 2015.97139671 0 -185.90986987 0 362.59870763 0 37267
0.18750000 0.18750100 7013.94131357 0 109.82650060 0 1961.41805232 0 162.20180797 0 179.49677933 0 38334
0.18850000 0.18850000 6996.82349940 0 -49.64088603 0 2087.36574714 0 120.77138296 0 159.42265444 0 38223
0.18950000 0.18949500 7038.72117651 0 -35.67790937 0 1873.52593791 0 196.33003475 0 -2.30105054 0 39064
0.19050000 0.19050000 7104.66794313 0 -5.46430302 0 1643.39873888 0 242.73636253 0 26.67533423 0 39609
0.19150000 0.19149800 7084.21735919 0 -29.35970866 0 1721.72436465 0 15.94658365 0 201.96474085 0 39576
0.19250000 0.19250400 7126.32541048 0 122.96148881 0 1771.98164700 0 93.91723068 0 129.91158710 0 40909
0.19350000 0.19350500 7065.99231254 0 89.29774605 0 1714.72665536 0 -71.89027986 0 316.81243004 0 40191
0.19450000 0.19450100 6901.49078271 0 120.86660495 0 1846.68662255 0 -55.83197645 0 119.48145712 0 41232
0.19550000 0.19549800 6914.53398135 0 146.57322148 0 1977.73865911 0 -47.12193213 0 265.16889262 0 40873
0.19650000 0.19649700 6740.43274590 0 136.11098176 0 1964.75082209 0 54.21054521 0 232.58968407 0 42816
0.19750000 0.19750200 6658.94043523 0 71.83170726 0 1874.32314530 0 62.47227109 0 260.15977287 0 41727
0.19850000 0.19849000 6578.85430982 0 17.94945649 0 1728.77743556 0 226.24192025 0 242.84376408 0 42610
0.19950000 0.19949900 6715.11033904 0 -37.19049966 0 1649.56602381 0 231.67400281 0 -98.79049301 0 43863
0.20050000 0.20050100 6620.61911904 0 -10.00560597 0 1408.89797155 0 171.73729410 0 -92.52488584 0 43302
0.20150000 0.20150100 6677.76338742 0 39.00171056 0 1310.35428066 0 24.42577000 0 -187.66261889 0 44487
0.20250000 0.20249700 6639.84067492 0 50.73361377 0 1351.53225666 0 -104.01297645 0 -229.46950294 0 43759
0.20350000 0.20349100 6559.07913769 0 116.92375008 0 1292.31746353 0 -83.24505968 0 -463.53512791 0 45282
0.20450000 0.20449700 6458.61993461 0 242.89248231 0 1525.88815558 0 -167.80108263 0 -364.87628484 0 45483
0.20550000 0.20549900 6289.97735530 0 185.78475260 0 1516.14450974 0 -151.10733850 0 -274.92361078 0 46138
0.20650000 0.20650200 6174.30477792 0 72.05293231 0 1565.06204079 0 107.65831795 0 -350.20545446 0 46227
0.20750000 0.20749300 6208.15287489 0 -3.57002755 0 1563.01366070 0 139.06618526 0 -230.95762339 0 46236
0.20850000 0.20850300 6161.95913575 0 74.82754619 0 1409.93877008 0 246.94163150 0 -268.85044062 0 48361
0.20950000 0.20950400 6139.54875032 0 59.89585183 0 1333.22970374 0 177.56798035 0 -226.78224970 0 46812
0.21050000 0.21050300 6109.22165264 0 21.40612557 0 1207.92420377 0 42.96316693 0 -108.80840033 0 48813
0.21150000 0.21149700 6041.64725427 0 110.20882798 0 1140.43838400 0 140.66502896 0 18.16414886 0 47215
0.21250000 0.21249000 6045.05753031 0 -7.13689948 0 1005.99267989 0 204.98416383 0 -3.77782187 0 50004
0.21350000 0.21350300 6001.28863030 0 28.99996883 0 1085.58165791 0 189.83833071 0 111.44073483 0 49509
0.21450000 0.21449800 6020.68734339 0 71.13016476 0 1032.13665325 0 139.85453478 0 219.31396661 0 49660
0.21550000 0.21550100 5895.48149434 0 126.05177467 0 985.65835536 0 56.66539034 0 461.82666819 0 50841
0.21650000 0.21649800 5844.30520903 0 141.48880993 0 1092.63472882 0 28.06457882 0 470.08883697 0 50424
0.21750000 0.21750300 5742.60590557 0 122.10559810 0 1076.63632669 0 -34.89797481 0 613.27060536 0 52231
0.21850000 0.21850300 5677.20168286 0 18.65199550 0 953.84978062 0 73.58290615 0 438.78294577 0 51078
0.21950000 0.21950100 5691.47390955 0 -30.23220785 0 1058.07911030 0 5.71269956 0 266.44885337 0 52791
0.22050000 0.22050700 5733.34944202 0 -10.84820989 0 950.98315572 0 -40.20494010 0 178.12159659 0 52969
0.22150000 0.22150000 5777.00761878 0 66.60789513 0 1007.09437620 0 -57.75446421 0 33.75564306 0 52704
0.22250000 0.22250100 5662.32047831 0 178.64421032 0 1008.41751902 0 -245.62291761 0 127.90638907 0 54051
0.22350000 0.22349900 5605.80733243 0 84.69896666 0 986.06360244 0 -8.25232548 0 239.17328841 0 53938
0.22450000 0.22449800 5540.24809718 0 2.59307204 0 999.16769887 0 260.24392254 0 163.06877100 0 54735
0.22550000 0.22549100 5559.20391727 0 -50.14788778 0 883.35118126 0 353.76188519 0 301.40307559 0 54774
0.22650000 0.22649900 5616.76893400 0 40.83606261 0 949.88588833 0 272.00716042 0 228.24379658 0 56911
0.22750000 0.22749800 5506.68788066 0 114.64728010 0 717.45010958 0 104.15724885 0 564.55569785 0 54879
0.22850000 0.22849100 5432.21542393 0 183.90910077 0 757.94603037 0 -39.82648803 0 597.43275194 0 57210
0.22950000 0.22949800 5295.66044194 0 155.56394924 0 755.16023344 0 -189.47737292 0 736.90861321 0 57375
0.23050000 0.23049600 5262.95279442 0 58.52864116 0 984.70724265 0 -214.41889181 0 439.70194873 0 57604
0.23150000 0.23150100 5162.50466367 0 104.89964822 0 950.45943476 0 -221.78088058 0 568.98573501 0 58629
0.23250000 0.23250200 5172.69120250 0 110.75535793 0 1192.53367227 0 -119.14707291 0 400.56903113 0 58560
0.23350000 0.23350400 5093.86732212 0 23.23472002 0 1055.32763758 0 -20.57260096 0 363.77458852 0 59305
0.23450000 0.23449700 5103.71061888 0 35.67458767 0 1079.73104148 0 142.05571296 0 273.24172464 0 59196
0.23550000 0.23549300 5080.68018326 0 35.34972566 0 1000.93041298 0 69.35615688 0 246.71686331 0 60063
0.23650000 0.23649900 5060.08565910 0 39.06437992 0 1052.99137704 0 190.62668024 0 175.63696690 0 61537
0.23750000 0.23750400 5028.82848613 0 34.62614924 0 936.06873419 0 2.65352693 0 131.73741346 0 61224
0.23850000 0.23850100 4938.97657023 0 146.29087720 0 900.16118480 0 107.90766671 0 334.52372082 0 61221
0.23950000 0.23949400 4947.84550241 0 5.70835920 0 900.33169861 0 66.80664337 0 336.88766216 0 62332
0.24050000 0.24050100 4909.92278991 0 -0.06172633 0 769.01503349 0 158.73949200 0 471.38651343 0 63447
0.24150000 0.24150500 4959.50466044 0 59.15433824 0 799.02989161 0 24.44093908 0 304.04161059 0 63342
0.24250000 0.24250300 4857.30710237 0 88.74291185 0 857.41868931 0 -79.67102396 0 239.86198701 0 63379
0.24350000 0.24349600 4828.64085341 0 90.00925364 0 860.46690033 0 -105.51626599 0 276.77933242 0 64266
0.24450000 0.24449500 4777.45349578 0 90.92681720 0 925.32857912 0 -133.45030211 0 165.07175456 0 64695
0.24550000 0.24549600 4723.71950343 0 33.99469455 0 959.10249151 0 27.79463555 0 292.13775418 0 65947
0.24650000 0.24650000 4734.68110500 0 10.43597617 0 874.80334650 0 175.65578985 0 114.25864150 0 66018
0.24750000 0.24750000 4648.64914116 0 19.46647571 0 794.73604404 0 252.93175923 0 349.86442685 0 66303
0.24850000 0.24849600 4742.78604677 0 43.82714044 0 661.24809603 0 193.55973908 0 232.03606783 0 66958
0.24950000 0.24949200 4683.03978205 0 43.10588920 0 617.79365005 0 88.86083211 0 329.40166335 0 66975
0.25050000 0.25048900 4621.77660882 0 69.26957130 0 638.49557576 0 47.72614890 0 416.34266506 0 68676
0.25150000 0.25150000 4617.44732982 0 52.16006137 0 600.76109278 0 -44.53676573 0 357.15555275 0 69349
0.25250000 0.25249900 4575.22855529 0 38.84968754 0 607.30262228 0 -12.75841844 0 393.97324723 0 68592
0.25350000 0.25349900 4628.64145021 0 37.13569166 0 512.11938198 0 -52.63052445 0 208.75318320 0 70437
0.25450000 0.25450100 4561.87533156 0 56.90267026 0 519.23556514 0 52.60771546 0 317.51109373 0 70099
0.25550000 0.25550100 4562.25179060 0 9.88364432 0 454.71269949 0 30.68705896 0 235.66225421 0 71064
0.25650000 0.25650300 4543.99352697 0 19.68891872 0 449.39687634 0 111.40751786 0 222.35331978 0 71409
0.25750000 0.25750600 4523.10005004 0 69.36811499 0 338.80649606 0 66.58253951 0 212.90309054 0 72612
0.25850000 0.25850600 4489.40696562 0 105.28795466 0 429.26738982 0 -40.39992374 0 249.46279986 0 71845
0.25950000 0.25949600 4448.66081029 0 60.36354683 0 363.78676808 0 37.98981079 0 239.19432582 0 72816
0.26050000 0.26049800 4372.72680668 0 50.34929337 0 431.05557028 0 50.55734235 0 251.73262645 0 73743
0.26150000 0.26149900 4372.04032254 0 59.52647907 0 326.94028555 0 -16.29148657 0 168.52964160 0 74662
0.26250000 0.26250300 4332.70035246 0 43.89601030 0 410.62934546 0 87.34015902 0 172.58543418 0 74931
0.26350000 0.26350100 4277.77054903 0 64.93852072 0 317.78900908 0 87.68705495 0 172.79691558 0 75087
0.26450000 0.26450200 4262.29143894 0 74.99883505 0 234.21842305 0 20.16724315 0 137.24589506 0 76678
0.26550000 0.26550600 4181.19773197 0 99.66166352 0 380.98098129 0 -63.91366634 0 154.64605351 0 76035
0.26650000 0.26650100 4147.41606894 0 47.40427642 0 358.15649091 0 -53.94015903 0 255.79616966 0 77094
0.26750000 0.26750600 4161.61078936 0 45.61897476 0 403.54527204 0 -90.60317314 0 231.39498022 0 78463
0.26850000 0.26850100 4203.91814249 0 -7.70146625 0 427.48585276 0 -89.46383092 0 349.04839651 0 77076
0.26950000 0.26949700 4211.41410640 0 -9.59517704 0 534.33268003 0 -64.73611862 0 186.06488241 0 79149
0.27050000 0.27049900 4216.50737581 0 95.22143982 0 602.03330290 0 -85.24372504 0 154.11015299 0 79648
0.27150000 0.27150200 4184.07653642 0 118.56799032 0 589.97775564 0 -24.83976422 0 120.60529809 0 80241
0.27250000 0.27250500 4031.89850411 0 95.79996880 0 561.87730248 0 -20.54547376 0 170.00115357 0 80835
0.27350000 0.27350000 3999.24621822 0 69.61613506 0 589.46732146 0 114.51994837 0 63.86970921 0 80680
0.27450000 0.27450400 4013.41879399 0 13.73167579 0 558.39394909 0 135.13550995 0 166.11587479 0 82617
0.27550000 0.27550800 4008.59126037 0 -6.62291109 0 453.58775129 0 143.62355415 0 120.80238547 0 82548
0.27650000 0.27649900 3970.52460764 0 70.95322901 0 405.46189146 0 23.15964965 0 294.66224424 0 81181
0.27750000 0.27748900 3946.27621629 0 97.98376342 0 464.31351234 0 -15.87228835 0 306.71114810 0 84096
0.27850000 0.27849800 3874.39468357 0 90.36102140 0 472.31991042 0 11.34525763 0 286.03468874 0 85215
0.27950000 0.27950200 3815.56742180 0 54.24963051 0 447.32745884 0 -18.65919251 0 375.91096376 0 84514
0.28050000 0.28050300 3785.20710715 0 47.80132998 0 471.01891225 0 49.18016659 0 370.30726016 0 85815
0.28150000 0.28150100 3807.32961214 0 0.31324936 0 433.44829968 0 65.90557757 0 369.23103019 0 85485
0.28250000 0.28250000 3769.31832104 0 38.42428882 0 362.08384452 0 32.88181518 0 240.13325897 0 87220
0.28350000 0.28350400 3779.57129382 0 52.64879379 0 291.64614296 0 25.75378464 0 268.21046024 0 87147
0.28450000 0.28449700 3726.80059373 0 34.55572925 0 259.63162297 0 -34.87516582 0 219.45569237 0 87102
0.28550000 0.28549800 3728.95969707 0 24.96776030 0 247.74216058 0 84.18100330 0 251.19451146 0 88971
0.28650000 0.28649900 3755.73257848 0 25.96249796 0 236.92782093 0 73.33853995 0 269.95878033 0 89434
0.28750000 0.28750100 3684.30501108 0 72.46637292 0 205.17903675 0 94.42290376 0 205.71936620 0 89619
0.28850000 0.28849900 3684.51538525 0 65.11678515 0 183.02552925 0 20.09361219 0 337.14896903 0 90240
0.28950000 0.28950100 3620.90487917 0 81.91759866 0 183.63672158 0 61.48561623 0 288.34659016 0 91333
0.29050000 0.29050500 3588.48511210 0 46.48128742 0 162.50076074 0 -28.79280563 0 272.77225807 0 92139
0.29150000 0.29150600 3580.03692826 0 -21.89109340 0 104.22135761 0 8.07379532 0 209.86705908 0 92370
0.29250000 0.29250200 3637.15905200 0 13.89798211 0 145.36965978 0 -64.98812474 0 210.66315923 0 91819
0.29350000 0.29349600 3608.52602002 0 57.47145559 0 101.17912564 0 -2.64757002 0 203.21702079 0 93552
0.29450000 0.29450000 3584.03403752 0 86.10636986 0 121.06590680 0 -37.81896482 0 156.56267294 0 94701
0.29550000 0.29550200 3521.32038975 0 91.28810716 0 119.65639985 0 16.96302307 0 189.32236038 0 95020
0.29650000 0.29650300 3443.27157210 0 84.61979953 0 233.77995899 0 5.75848362 0 211.13262580 0 95151
0.29750000 0.29749800 3435.87525912 0 52.80690659 0 242.72196851 0 92.80645506 0 235.27693730 0 95802
0.29850000 0.29850000 3400.58775993 0 15.07962062 0 184.75281192 0 43.46009287 0 295.60117738 0 97399
0.29950000 0.29950700 3416.00043607 0 51.66147459 0 210.72627148 0 -20.64512469 0 294.15956069 0 97881
0.30050000 0.30050300 3367.33756850 0 48.63529749 0 192.48129465 0 -2.99307084 0 276.71843464 0 97188
0.30150000 0.30149700 3341.70513654 0 61.96770525 0 198.03295831 0 -3.39415474 0 291.85873159 0 98263
0.30250000 0.30249700 3291.23748002 0 68.09114377 0 150.18279938 0 -7.56205461 0 286.67134741 0 100050
0.30350000 0.30350600 3284.20655376 0 67.52114049 0 174.41568947 0 25.52846283 0 237.06511776 0 100779
0.30450000 0.30450500 3215.67993546 0 51.46848396 0 141.53863539 0 -8.75255097 0 286.49419022 0 99982
0.30550000 0.30550300 3237.52563232 0 60.07168035 0 150.81170742 0 -9.01743420 0 272.07580884 0 101559
0.30650000 0.30649700 3191.94087104 0 18.43243130 0 143.09540426 0 -5.42155278 0 408.29529939 0 100935
0.30750000 0.30749800 3237.00523306 0 8.80030591 0 146.00964015 0 54.32614028 0 370.42462681 0 103762
0.30850000 0.30850200 3250.52454166 0 -4.46125004 0 108.15457955 0 43.06990414 0 332.79422368 0 102951
0.30950000 0.30950100 3242.72962499 0 21.34711008 0 131.32773744 0 8.22312776 0 307.66115357 0 104394
0.31050000 0.31050000 3230.47256141 0 77.71620501 0 120.46578679 0 -23.48218648 0 270.32195259 0 103963
0.31150000 0.31149700 3196.12620983 0 66.26609247 0 53.87427870 0 12.16294881 0 295.52256387 0 105936
0.31250000 0.31250000 3161.71342429 0 38.78159274 0 110.06865234 0 -31.15597191 0 277.74262468 0 105717
0.31350000 0.31349800 3158.77925821 0 56.87510017 0 66.50602975 0 63.01813671 0 322.97750049 0 106776
0.31450000 0.31450400 3124.12288153 0 50.19405938 0 70.83276212 0 68.94869532 0 218.96297392 0 108733
0.31550000 0.31549900 3081.11797193 0 61.51661874 0 58.66914896 0 -4.98195934 0 235.26143605 0 105891
0.31650000 0.31650000 3047.98957608 0 62.66548316 0 85.96087952 0 26.42875356 0 252.15226756 0 111072
0.31750000 0.31750600 3061.56424630 0 45.92888913 0 14.92416518 0 -14.64182089 0 267.98569205 0 108121
0.31850000 0.31849900 3002.08371738 0 31.64514722 0 -3.02337580 0 23.04615832 0 312.31817339 0 110484
0.31950000 0.31950100 2999.81389079 0 34.06954347 0 62.42466010 0 -12.15564108 0 213.98485668 0 110817
0.32050000 0.32049800 2995.42925016 0 35.29292464 0 -2.39869738 0 -19.16043665 0 164.85695146 0 111088
0.32150000 0.32149900 2973.78285514 0 96.19403284 0 0.95908810 0 -39.30642094 0 238.52887910 0 112635
0.32250000 0.32250100 2927.94343039 0 43.36697462 0 7.14534766 0 -4.79794837 0 209.60132328 0 113202
0.32350000 0.32350400 2938.21854782 0 32.07508560 0 -12.29858479 0 9.47858546 0 190.22032592 0 113863
0.32450000 0.32450300 2922.88337795 0 37.75884210 0 14.56597547 0 24.89778320 0 164.47052732 0 114045
0.32550000 0.32549900 2905.40017706 0 15.42684872 0 -43.72339275 0 42.84281076 0 180.29177225 0 114828
0.32650000 0.32650300 2933.85605185 0 4.88318313 0 -26.98912392 0 43.37882200 0 227.91827023 0 116431
0.32750000 0.32750400 2928.67420383 0 9.88861579 0 -44.94334150 0 41.79913342 0 177.08854868 0 116442
0.32850000 0.32850400 2936.49126515 0 62.75051861 0 -57.82333407 0 -35.62431932 0 205.92752591 0 116955
0.32950000 0.32949800 2898.86750542 0 57.93682540 0 -28.94028899 0 7.89285139 0 255.14733142 0 117028
0.33050000 0.33049700 2883.95308389 0 65.27002613 0 -25.95485805 0 -21.17106012 0 347.84815650 0 119061
0.33150000 0.33150100 2859.38359512 0 64.35312691 0 -16.21851995 0 69.99458713 0 307.75194664 0 120060
0.33250000 0.33250400 2814.72890912 0 49.75969207 0 -54.84111410 0 52.57073390 0 288.41634581 0 119737
0.33350000 0.33350100 2774.95711837 0 76.90593228 0 -59.96638254 0 22.41304279 0 344.57517729 0 120531
0.33450000 0.33450000 2743.25705242 0 43.32013868 0 -93.43204141 0 28.54866087 0 348.51360322 0 121704
0.33550000 0.33550300 2734.95280880 0 22.27541379 0 -113.63416238 0 34.82888350 0 388.51459110 0 122761
0.33650000 0.33650300 2731.31001394 0 6.73804112 0 -146.90206953 0 31.81986851 0 352.97685736 0 122472
0.33750000 0.33749900 2734.17774607 0 23.09376932 0 -190.39526865 0 35.68211685 0 311.36484623 0 122985
0.33850000 0.33849800 2743.53386054 0 45.66680721 0 -193.55973908 0 -54.49687552 0 300.07882554 0 125380
0.33950000 0.33950300 2710.52726025 0 45.85559034 0 -255.87589040 0 -0.94770353 0 249.08855528 0 125223
0.34050000 0.34050000 2699.88675610 0 46.67494238 0 -178.43383615 0 -17.95709639 0 284.75140629 0 125178
0.34150000 0.34149900 2689.53413240 0 52.18741001 0 -231.23886044 0 -47.04974058 0 195.97904206 0 127059
0.34250000 0.34250300 2690.01024237 0 50.62344413 0 -150.21380188 0 -38.81735635 0 246.96488338 0 127957
0.34350000 0.34349800 2635.23545149 0 49.39895573 0 -153.19447173 0 -43.86290405 0 272.88741025 0 126732
0.34450000 0.34449700 2669.34928425 0 43.03624427 0 -137.90248392 0 33.23280788 0 317.29186170 0 129639
0.34550000 0.34550000 2621.76043218 0 -1.42122147 0 -120.14026044 0 54.58600774 0 348.66750854 0 129826
0.34650000 0.34650400 2694.18450882 0 4.37911554 0 -88.76383854 0 65.08810783 0 327.37653515 0 130875
0.34750000 0.34750200 2649.39695493 0 18.45512956 0 -125.62327569 0 -1.07327145 0 261.13745915 0 130686
0.34850000 0.34850200 2663.15985468 0 60.27308594 0 -124.68102085 0 -24.78462404 0 296.39727754 0 132211
0.34950000 0.34950400 2637.71565225 0 49.58818176 0 -165.02082186 0 -62.66825124 0 334.34877808 0 132768
0.35050000 0.35050300 2616.87753694 0 60.61123474 0 -130.02563204 0 -13.08195177 0 212.80343962 0 132957
0.35150000 0.35150100 2590.13787250 0 71.19228050 0 -111.43409144 0 -3.59313549 0 283.74161027 0 133987
0.35250000 0.35249800 2543.54552966 0 67.20657574 0 -174.68585420 0 29.01535936 0 183.68322535 0 134778
0.35350000 0.35349800 2508.30231977 0 47.42088490 0 -199.70930829 0 43.09370964 0 273.32476708 0 135699
0.35450000 0.35450100 2485.29402879 0 34.24548271 0 -200.11234091 0 39.58389340 0 281.85820782 0 137380
0.35550000 0.35550100 2488.94789598 0 57.69146268 0 -155.03579934 0 34.30494109 0 298.89187232 0 136161
0.35650000 0.35649900 2465.28633785 0 38.55294923 0 -192.86550432 0 -17.06953883 0 327.67880961 0 138792
0.35750000 0.35750000 2469.41631500 0 26.15858883 0 -224.62314636 0 37.94817885 0 372.73874269 0 138097
0.35850000 0.35849800 2444.23784837 0 40.44044844 0 -236.61336691 0 -5.17349948 0 333.41095217 0 140028
0.35950000 0.35950300 2458.28862856 0 19.83728787 0 -230.51251593 0 9.04333237 0 271.06490558 0 141099
0.36050000 0.36050500 2449.37540708 0 41.36797709 0 -230.34200213 0 -30.42231967 0 226.57187553 0 140821
0.36150000 0.36150200 2405.04181851 0 90.73714827 0 -257.71057462 0 -98.95137389 0 198.00638473 0 141756
0.36250000 0.36250400 2395.20959407 0 70.98766394 0 -235.17950085 0 -115.47991893 0 189.74532318 0 142971
0.36350000 0.36349900 2353.01296418 0 29.78178568 0 -184.33538528 0 -56.85173757 0 163.47955425 0 142270
0.36450000 0.36450000 2345.94882095 0 15.94459063 0 -196.29460331 0 8.77625682 0 144.83154479 0 145311
0.36550000 0.36550300 2389.73986561 0 -16.81066788 0 -202.36445178 0 109.15252819 0 101.78821423 0 145434
0.36650000 0.36650100 2409.89149678 0 -4.45250291 0 -165.23451773 0 47.66602617 0 60.87398100 0 144547
0.36750000 0.36749600 2413.19104957 0 48.75166762 0 -239.47888457 0 51.49705056 0 76.28931451 0 146892
0.36850000 0.36849900 2385.47702055 0 78.22342821 0 -208.01465914 0 -65.12453578 0 133.64738949 0 148113
0.36950000 0.36949900 2357.55261736 0 93.84780721 0 -203.11847710 0 -57.75822880 0 126.82351571 0 147387
0.37050000 0.37049800 2306.22131950 0 55.78049014 0 -206.60072326 0 -47.43151433 0 166.98394505 0 149758
0.37150000 0.37150100 2282.28295324 0 54.24331929 0 -210.47714418 0 -5.01506559 0 168.17200551 0 150099
0.37250000 0.37250000 2294.14141312 0 -4.76615972 0 -228.46745754 0 94.26656253 0 155.01697639 0 150468
0.37350000 0.37349800 2281.90649420 0 4.37814117 0 -295.83369620 0 101.14136901 0 128.18541166 0 150709
0.37450000 0.37449700 2303.84076967 0 21.38829913 0 -299.65254103 0 56.88384731 0 89.07065266 0 153108
0.37550000 0.37550100 2271.17741145 0 41.50560609 0 -330.10586321 0 42.12875653 0 111.58135336 0 153189
0.37650000 0.37649900 2275.38489488 0 68.26752590 0 -298.52537837 0 -36.37712668 0 145.73283203 0 153547
0.37750000 0.37749900 2248.74488137 0 56.93267626 0 -306.92927290 0 -79.80942802 0 161.48321409 0 155424
0.37850000 0.37850200 2226.96561845 0 41.28858853 0 -259.43675006 0 -0.24670911 0 231.21893026 0 155313
0.37950000 0.37949900 2222.42596527 0 32.16765023 0 -311.51875154 0 16.56297997 0 252.59958948 0 156100
0.38050000 0.38050000 2216.05937850 0 36.02115144 0 -305.93276367 0 68.92931876 0 225.14686733 0 157557
0.38150000 0.38149800 2200.11523076 0 47.71795538 0 -318.72019160 0 33.13337840 0 296.07618012 0 157692
0.38250000 0.38250100 2153.48967095 0 47.08683286 0 -379.89589346 0 43.95668664 0 279.09455554 0 159703
0.38350000 0.38350500 2146.28158750 0 73.85849632 0 -408.09489031 0 45.35722500 0 267.03679381 0 160338
0.38450000 0.38450600 2117.82571271 0 41.45378761 0 -418.47630206 0 -15.26220325 0 285.71580578 0 160167
0.38550000 0.38550000 2111.07159457 0 28.69082952 0 -391.80750050 0 -66.11495523 0 207.02700776 0 160033
0.38650000 0.38649600 2103.96316204 0 41.22580844 0 -375.57768678 0 -87.56116262 0 227.19856912 0 162444
0.38750000 0.38750200 2076.48165184 0 56.46254535 0 -357.48550802 0 -29.73583553 0 222.87814797 0 164307
0.38850000 0.38850400 2070.87905548 0 39.83135986 0 -342.58548052 0 2.36871352 0 239.39805660 0 163882
0.38950000 0.38950500 2077.48923340 0 6.00567327 0 -386.13514849 0 95.22653309 0 238.98062996 0 164595
0.39050000 0.39050100 2071.34409312 0 -4.68604038 0 -395.09598097 0 108.04330269 0 190.14835581 0 165006
0.39150000 0.39150100 2102.45732586 0 14.94442753 0 -451.79071297 0 93.47422697 0 178.45598080 0 166687
0.39250000 0.39250100 2088.78300471 0 55.38066849 0 -499.26441286 0 21.35740734 0 196.24920678 0 167256
0.39350000 0.39350100 2069.60573813 0 66.31093538 0 -507.64505552 0 -53.63146262 0 287.59810100 0 167937
0.39450000 0.39449600 2033.77569501 0 64.77011066 0 -457.80741428 0 -83.43052112 0 242.16945950 0 167719
0.39550000 0.39549700 2025.90327207 0 57.98487929 0 -447.53561854 0 -93.92575637 0 244.73713163 0 171636
0.39650000 0.39650400 2014.14446311 0 36.14183978 0 -385.95356237 0 -57.74339188 0 239.81880494 0 171093
0.39750000 0.39750000 2006.58206526 0 26.39874756 0 -352.26158518 0 -78.30325967 0 201.23396742 0 170464
0.39850000 0.39849800 2006.95852430 0 37.96799831 0 -307.01563704 0 -4.96611484 0 161.00599689 0 172113
0.39950000 0.39949500 2033.23315110 0 -11.93962002 0 -376.23649011 0 36.80894735 0 167.28400506 0 173232
