### header ###
fiducial parameters:
Omega_m = 0.31
Omega_nu = 0
Omega_de = 0.69
Omega_k = 0
H_0 = 100
w_de = -1
zeff = 0
beta = 0
fgrowth = 0
b_1 = 2
gamma = 0.55
Lx = 3500 Ly = 3500 Lz = 3500
nx = 700 ny = 700 nz = 700
xoffset = -685.467585 yoffset = -31.7331281 zoffset = 572.489161
bins = 400 dk = 0.001
kx_ny = 0.628318531 ky_ny = 0.628318531 kz_ny = 0.628318531
############################
A(data) = 8.06311239 (not used)
A(ran) = 8.06399155 (used)
Ngal = 479490
weighted Ngal = 0
Nran = 23820508
weighted Nran = 0
SN(data) = 3486.47256
SN(ran) = 70.2402909
SN(data+ran) = 3556.71285
############################
13 columns: k_central k_mean P_0(k) sigma^{lin}_{P_0(k)} P^img_1(k) sigma^{lin}_{P_1(k)} P_2(k) sigma^{lin}_{P_2(k)} P^img_3(k) sigma^{lin}_{P_3(k)} P_4(k) sigma^{lin}_{P_4(k)} N_modes
### header ###
0.00050000 0 0 0 0 0 0 0 0 0 0 0 0
0.00150000 0.00179520 45478.57768336 0 -39506.16567618 0 -17100.76278941 0 54438.08148011 0 -126720.54308444 0 3
0.00250000 0.00253879 70048.28790243 0 -22466.85428952 0 24556.75559903 0 -21484.29618511 0 58580.79181100 0 6
0.00350000 0.00331552 69665.07474046 0 10520.14797994 0 22028.72239644 0 -82272.46667196 0 56554.11347620 0 7
0.00450000 0.00420575 60359.67151637 0 28490.97405360 0 21587.82242216 0 -31525.01250040 0 55318.44202644 0 24
0.00550000 0.00557378 46261.16960154 0 -10969.09753436 0 37635.82856781 0 11605.01436567 0 2277.55507055 0 45
0.00650000 0.00659388 44328.27385795 0 -5206.21820205 0 35192.94154307 0 44373.44894321 0 12479.50657985 0 40
0.00750000 0.00754703 78376.00484503 0 -18764.71176315 0 21542.53661365 0 33250.63432339 0 -69093.07844032 0 57
0.00850000 0.00846663 70529.93403204 0 -8962.58190305 0 16586.01040859 0 -12006.16469385 0 -35956.48906257 0 75
0.00950000 0.00948925 91028.57186179 0 10049.25307773 0 17021.70639020 0 -35529.20804782 0 -36586.61506800 0 112
0.01050000 0.01054430 74965.39663114 0 2464.64414301 0 14197.37777546 0 -29670.28737003 0 -26069.56733901 0 105
0.01150000 0.01145670 71371.43071826 0 5948.79473834 0 27567.43144047 0 -11512.56045344 0 -41377.49929378 0 144
0.01250000 0.01249090 78527.25280205 0 -1673.52653471 0 22184.73145314 0 8253.76488514 0 -34347.56954317 0 169
0.01350000 0.01339930 78925.96721877 0 -9942.11726278 0 17504.57047554 0 23965.27200722 0 -17617.06529570 0 180
0.01450000 0.01448870 93185.23928997 0 -11470.70706562 0 -12145.23309357 0 25135.17384756 0 -42984.20434821 0 267
0.01550000 0.01550050 87349.23832456 0 -8465.68918217 0 -7424.71349202 0 9051.42623740 0 -4260.92954299 0 238
0.01650000 0.01653350 93655.81309476 0 10276.28002581 0 -13641.10417657 0 -20126.93988559 0 -32549.09182288 0 315
0.01750000 0.01747870 84891.51438456 0 13346.69105964 0 -4102.28527298 0 -17102.53436138 0 15126.67799749 0 297
0.01850000 0.01844180 76995.17521690 0 6701.35851161 0 9266.30684515 0 -13277.71047602 0 -5784.64752290 0 388
0.01950000 0.01947590 72828.43794114 0 -1499.97891551 0 6494.63820725 0 8673.93746735 0 3243.63755562 0 399
0.02050000 0.02045430 76243.69653145 0 1014.69774166 0 4670.47269338 0 6683.76458748 0 -8196.78670162 0 462
0.02150000 0.02154770 74216.02168742 0 3062.76005739 0 10665.73797898 0 6398.22040273 0 -15408.91155712 0 571
0.02250000 0.02255340 74137.07601146 0 2251.80084302 0 9793.21663862 0 -8296.02794897 0 -8197.18530531 0 510
0.02350000 0.02348930 66633.02931212 0 10075.69378940 0 16471.96546296 0 -9432.07062001 0 1106.82280585 0 555
0.02450000 0.02439640 64621.85223206 0 1841.93659521 0 13122.25503557 0 -7128.49558614 0 12786.09925408 0 592
0.02550000 0.02547300 65039.27887772 0 -1998.34425559 0 26669.24445118 0 7253.93395401 0 6990.11367056 0 837
0.02650000 0.02652900 69102.93280941 0 838.34882427 0 23690.01401223 0 13620.95254540 0 -2297.97243751 0 723
0.02750000 0.02749970 62711.54403110 0 3138.62762704 0 16900.24298694 0 5950.48880404 0 -11918.80405103 0 826
0.02850000 0.02848090 62152.17018126 0 4948.60949282 0 16488.02033394 0 -5864.87758854 0 1235.06247190 0 831
0.02950000 0.02946900 58657.52302200 0 4111.74103838 0 22041.56629323 0 -3415.90078515 0 -2180.43970956 0 996
0.03050000 0.03053250 53763.33400566 0 3173.20649745 0 20088.74036497 0 3701.40068060 0 -7636.25025768 0 1041
0.03150000 0.03150510 52458.23907929 0 -3222.14617315 0 10566.61852720 0 4631.64205024 0 -5141.20151072 0 1036
0.03250000 0.03246190 54157.50876920 0 -2142.76058820 0 14139.46951666 0 5134.48060955 0 -11665.24781268 0 1059
0.03350000 0.03345080 58013.22444080 0 -3558.56769044 0 8572.75856316 0 3135.25056797 0 -5835.43627685 0 1302
0.03450000 0.03451200 57638.86913868 0 1259.16692303 0 13988.11083639 0 1787.57148035 0 -883.58480732 0 1339
0.03550000 0.03553350 59064.76312883 0 2223.52212543 0 14907.00307309 0 -4118.92697719 0 2062.89590929 0 1365
0.03650000 0.03647120 56138.90129550 0 2573.68439782 0 19144.38178118 0 -3608.10527168 0 2416.85598909 0 1308
0.03750000 0.03744890 53346.12880649 0 4076.88535985 0 22810.53925189 0 -2442.23375757 0 6034.07378409 0 1579
0.03850000 0.03847530 51883.91759094 0 2995.67284131 0 24226.13597995 0 -105.03661288 0 10517.71206848 0 1662
0.03950000 0.03950240 50917.19291103 0 1911.89154341 0 27554.69826693 0 1493.46838851 0 9350.11327170 0 1683
0.04050000 0.04050350 48721.10800650 0 1377.35291814 0 26075.21422466 0 5667.17015658 0 7520.44481240 0 1822
0.04150000 0.04152450 46465.56471769 0 3426.18697491 0 27399.57499622 0 5459.71907878 0 13042.20212713 0 1887
0.04250000 0.04250150 45648.98076232 0 239.29951291 0 23157.43518845 0 6062.36357400 0 11747.73663258 0 1920
0.04350000 0.04349210 44278.22694977 0 112.09732370 0 17378.01380287 0 7758.40014508 0 11973.61205888 0 2005
0.04450000 0.04448520 44835.49705789 0 -463.58716783 0 20359.34798353 0 4058.60495157 0 10600.48876882 0 2151
0.04550000 0.04548030 44870.37488107 0 983.31766589 0 18769.02996983 0 2583.68270713 0 11372.27409798 0 2274
0.04650000 0.04648670 43501.17119399 0 2213.45738217 0 18875.10284159 0 -808.31957213 0 10124.67775439 0 2311
0.04750000 0.04749250 41249.61394212 0 2075.10868356 0 16884.52028570 0 1614.48889878 0 14537.29814739 0 2568
0.04850000 0.04851840 40566.34077756 0 648.16835872 0 15985.66895692 0 3424.81400663 0 10782.90532021 0 2493
0.04950000 0.04949480 39091.83928146 0 -7.14634417 0 15270.72894338 0 4940.54884035 0 12754.32168185 0 2644
0.05050000 0.05050630 39995.89460291 0 455.01940289 0 13457.08213809 0 4036.53780821 0 7873.20908112 0 2829
0.05150000 0.05149060 38166.08220338 0 810.26165790 0 13021.82904947 0 149.79083908 0 4994.58178547 0 2784
0.05250000 0.05249300 38309.91170277 0 2908.45613871 0 11847.49827920 0 -5340.72480395 0 848.79556274 0 3055
0.05350000 0.05348950 35049.22276693 0 2419.02616475 0 15248.58429374 0 -5444.68286167 0 3280.30909542 0 3009
0.05450000 0.05448610 34047.28809409 0 1046.66797234 0 13651.40143865 0 -3198.22995154 0 -1165.59470598 0 3336
0.05550000 0.05550870 34671.76721386 0 -1017.15690500 0 15294.86661149 0 1014.60251966 0 -2803.05867876 0 3349
0.05650000 0.05647670 35699.83257327 0 -1676.98110006 0 14395.01877347 0 4151.65676935 0 -7272.98942503 0 3324
0.05750000 0.05747970 35053.09808062 0 498.87023810 0 13653.28373387 0 1541.45584428 0 -8328.59165626 0 3639
0.05850000 0.05849280 35007.59082561 0 1079.10988406 0 12681.35506129 0 893.78574017 0 -6755.34716743 0 3846
0.05950000 0.05951020 33154.08365097 0 1733.16207619 0 13429.17987954 0 -939.83443186 0 -6834.14890316 0 3787
0.06050000 0.06049470 32281.91662500 0 976.53033078 0 13632.35703997 0 112.74505470 0 -3155.94474306 0 3930
0.06150000 0.06148310 32243.93855088 0 506.31748377 0 13428.29409356 0 1755.30672582 0 -3565.41038718 0 4083
0.06250000 0.06249100 31986.28555235 0 -92.33942440 0 11949.91728377 0 3596.57898154 0 -1451.08352911 0 4303
0.06350000 0.06350600 31908.77927862 0 -329.45038158 0 10604.35301019 0 2255.63186740 0 -1708.91368483 0 4470
0.06450000 0.06451750 32608.21803741 0 216.07752607 0 11165.88596336 0 2942.03849989 0 -1583.92928228 0 4479
0.06550000 0.06550280 31000.29502725 0 1266.87326110 0 10083.12331935 0 95.49625493 0 -1071.12120170 0 4636
0.06650000 0.06648880 30349.46377441 0 2027.79663961 0 11080.29689252 0 -953.43567567 0 1651.75834412 0 4653
0.06750000 0.06749660 28927.88799094 0 1542.66272768 0 11352.56535981 0 -1035.35537807 0 3304.51319748 0 5220
0.06850000 0.06852730 28561.28331619 0 -50.30090731 0 12732.95209495 0 474.87318852 0 4203.71884065 0 5029
0.06950000 0.06949320 29080.35390369 0 -488.03596826 0 11290.11744783 0 765.81291715 0 3423.28602580 0 5040
0.07050000 0.07048030 29424.26031256 0 -798.29358201 0 11904.63147526 0 2310.79418965 0 -1307.36475296 0 5475
0.07150000 0.07148790 29949.53140196 0 -340.56035231 0 11542.01283745 0 -986.83534348 0 -783.60946483 0 5509
0.07250000 0.07249820 29161.07115162 0 589.11965046 0 10794.77485242 0 -964.16032949 0 -1534.53564127 0 5916
0.07350000 0.07351270 29729.63503106 0 1103.61515335 0 11494.95545697 0 -2488.02889302 0 -1978.09297350 0 5721
0.07450000 0.07449140 28010.32443322 0 1027.45638155 0 12309.21422414 0 442.06256838 0 -2250.11784965 0 6028
0.07550000 0.07549160 27922.52089741 0 934.06796510 0 12243.99823096 0 150.04107362 0 -487.79237712 0 6183
0.07650000 0.07648840 27034.52044695 0 620.16755649 0 12227.38974373 0 2611.29708523 0 1578.70314497 0 6330
0.07750000 0.07749960 26850.60913171 0 -24.16147360 0 11438.92949339 0 3274.88365626 0 214.09557993 0 6583
0.07850000 0.07848650 25898.61064381 0 -207.16430459 0 9590.92526419 0 3779.50485987 0 1248.65928677 0 6549
0.07950000 0.07947320 26148.29156847 0 588.56049806 0 8642.90174089 0 1558.85046657 0 111.40973233 0 6828
0.08050000 0.08048110 25327.05723667 0 517.30898062 0 7891.57806799 0 -134.65054212 0 2255.17790209 0 7147
0.08150000 0.08149960 24628.50426386 0 733.53598307 0 7697.41377997 0 -683.84781822 0 2672.27237801 0 7386
0.08250000 0.08250610 24393.99242420 0 687.14294208 0 6624.71587922 0 455.03158244 0 1769.40179532 0 7227
0.08350000 0.08350160 23849.01259663 0 110.17317509 0 7514.90864999 0 378.98907006 0 1903.21084075 0 7798
0.08450000 0.08449610 23726.10979114 0 408.96406780 0 8018.04616207 0 803.22519548 0 1235.50536489 0 7371
0.08550000 0.08548940 23669.08731832 0 254.24493695 0 7686.75113117 0 671.71476468 0 1915.82221872 0 8256
0.08650000 0.08650700 22966.65903183 0 988.14077058 0 8405.97613442 0 -81.94151488 0 3097.35000012 0 8037
0.08750000 0.08749060 22724.61801129 0 758.71998587 0 9102.25928064 0 -94.86812194 0 3606.89838827 0 8155
0.08850000 0.08849210 21821.00558284 0 457.19068578 0 8601.72376489 0 386.06760731 0 3254.32234907 0 8718
0.08950000 0.08949900 22050.97776933 0 149.11099833 0 8526.63125797 0 119.16368140 0 2931.94053965 0 8571
0.09050000 0.09049190 21521.05630351 0 -179.16903852 0 8928.40163634 0 331.64048743 0 2557.49665894 0 8932
0.09150000 0.09150830 21759.22201036 0 194.98253282 0 8231.31021040 0 792.32006277 0 2019.12700928 0 9285
0.09250000 0.09250820 21463.92310744 0 358.45765814 0 7722.60331894 0 914.69250390 0 2212.69339176 0 9204
0.09350000 0.09350330 21074.84161332 0 499.48696659 0 7000.62130681 0 1008.65778847 0 927.88517892 0 9349
0.09450000 0.09448040 20158.16384158 0 989.95441739 0 6595.15277195 0 810.59714935 0 1850.62837019 0 9564
0.09550000 0.09549270 19536.34207976 0 677.02726613 0 5564.90616455 0 1375.93566056 0 1807.71203919 0 10155
0.09650000 0.09649430 18530.31064674 0 299.00481003 0 5024.74279827 0 315.00542663 0 1985.36749091 0 9913
0.09750000 0.09749140 18503.29417418 0 520.98167076 0 4040.55706212 0 1154.35629629 0 919.85995789 0 10476
0.09850000 0.09850240 17713.72669137 0 348.71401230 0 4462.34620376 0 -359.69443683 0 1031.06706667 0 10575
0.09950000 0.09950330 17621.93711862 0 489.89390437 0 4165.19822260 0 -76.90139263 0 -416.96160802 0 10882
0.10050000 0.10051200 17000.00463356 0 249.73960798 0 4110.48986567 0 -801.49459111 0 739.64458468 0 10875
0.10150000 0.10150300 16936.56021235 0 271.72703061 0 4708.90473282 0 -100.92102975 0 9.71657401 0 11118
0.10250000 0.10250800 17114.60319543 0 137.60131668 0 4975.37130191 0 -308.64437602 0 -640.76540235 0 11575
0.10350000 0.10349800 16994.24702465 0 -22.95957274 0 5350.12520772 0 -549.81843352 0 351.24736022 0 11364
0.10450000 0.10450100 17115.26753492 0 344.97488821 0 5866.46093099 0 -215.01236842 0 445.37872967 0 12093
0.10550000 0.10551000 16930.58115694 0 94.62165199 0 5693.92089334 0 44.48096122 0 1301.60714406 0 12067
0.10650000 0.10649700 17013.40214659 0 207.88622017 0 6335.09707894 0 1021.41864282 0 703.86768872 0 12054
0.10750000 0.10749900 16443.84175792 0 430.14099625 0 5812.83766189 0 893.25094688 0 2106.96376207 0 12807
0.10850000 0.10850100 16341.53347659 0 477.61469614 0 5563.34496675 0 1039.18750969 0 1740.43659359 0 12736
0.10950000 0.10950300 15832.98159767 0 388.46033670 0 5228.50679191 0 -127.56646870 0 1449.26766784 0 12933
0.11050000 0.11050200 15480.21732895 0 432.93011487 0 5264.82401732 0 206.90078326 0 1562.03929612 0 13428
0.11150000 0.11150900 15003.99663850 0 342.35628339 0 5061.38112110 0 -527.91626780 0 1397.09487329 0 13453
0.11250000 0.11250000 15020.05150949 0 54.60682371 0 5040.23298070 0 -216.10188518 0 1127.49483628 0 13668
0.11350000 0.11349100 14957.27142776 0 -156.10206422 0 5114.40648466 0 663.56774808 0 461.68383520 0 13791
0.11450000 0.11448600 14939.22353831 0 113.89104032 0 4883.71459706 0 422.90080305 0 358.08452080 0 14205
0.11550000 0.11549300 14842.78358914 0 198.12707307 0 4454.10839410 0 555.70669586 0 181.63484526 0 14776
0.11650000 0.11649800 14651.34309303 0 181.32703463 0 4650.15497734 0 81.95967350 0 1326.75239372 0 14553
0.11750000 0.11747300 14626.43036218 0 320.55819752 0 4744.77906524 0 105.77414044 0 872.36854228 0 14568
0.11850000 0.11849100 14298.02520806 0 333.33787483 0 4872.28795785 0 -10.29790428 0 1213.49358315 0 16015
0.11950000 0.11950300 14016.67743442 0 399.01004779 0 5027.36693926 0 -38.82023515 0 1465.64363624 0 15270
0.12050000 0.12050700 13728.13264965 0 386.56032577 0 5057.02969745 0 -74.06233782 0 1096.95182827 0 15999
0.12150000 0.12150000 13604.78695117 0 -25.81556821 0 5310.67451439 0 -45.95302680 0 630.73498329 0 15670
0.12250000 0.12250700 13622.83484062 0 -49.21880901 0 5035.71547217 0 -22.61057307 0 -36.51796665 0 16887
0.12350000 0.12352200 13480.55546670 0 62.68131658 0 4830.08025564 0 -321.94113089 0 -228.70883422 0 16407
0.12450000 0.12449800 13743.96607414 0 119.69736745 0 5188.51355467 0 -32.69723953 0 -564.30767778 0 16306
0.12550000 0.12549900 13525.39838222 0 108.61385959 0 5062.14511151 0 -90.89747554 0 32.20706771 0 17523
0.12650000 0.12650100 13509.12206473 0 126.93534619 0 4996.22048954 0 568.63695678 0 -106.64088203 0 17154
0.12750000 0.12750600 13576.77396938 0 -126.38726611 0 4729.33317211 0 693.15964339 0 -128.83535712 0 18007
0.12850000 0.12850300 13452.09959192 0 130.59585677 0 5092.35041362 0 510.45299709 0 426.62885482 0 17496
0.12950000 0.12949900 13276.27107380 0 425.80618109 0 4653.08914341 0 527.61952949 0 892.08946001 0 18405
0.13050000 0.13049000 12792.74264897 0 295.92227480 0 4826.63676262 0 113.69616740 0 1548.48677054 0 18100
0.13150000 0.13148800 12760.74363024 0 212.11474102 0 4619.65072246 0 228.28919311 0 1199.71961107 0 19059
0.13250000 0.13249300 12558.89514880 0 112.17704444 0 4266.48785004 0 262.91124559 0 1150.90173095 0 18957
0.13350000 0.13349100 12430.67762740 0 46.50132833 0 4380.17848128 0 -142.40559842 0 752.18731423 0 19468
0.13450000 0.13450700 12474.19186394 0 33.70448892 0 4118.77196464 0 132.54790764 0 653.72666578 0 19953
0.13550000 0.13551000 12413.95841692 0 -24.23056491 0 4001.16173041 0 217.56232483 0 575.22831175 0 19956
0.13650000 0.13649900 12344.53494031 0 113.66405766 0 3667.30899248 0 143.95793836 0 160.56088943 0 19723
0.13750000 0.13749600 12407.86863827 0 172.58654141 0 3803.11105638 0 328.44944342 0 172.26212230 0 20946
0.13850000 0.13851100 12304.78529421 0 357.09244049 0 4221.48992198 0 -216.01441382 0 -111.76958288 0 20955
0.13950000 0.13949800 11704.00094955 0 480.25876731 0 4065.59158853 0 49.21593020 0 916.77188650 0 20506
0.14050000 0.14048300 11565.48616607 0 227.82969163 0 4202.03584727 0 280.75318980 0 1112.04894316 0 21447
0.14150000 0.14148400 11478.56841624 0 35.54448786 0 3780.56780305 0 712.64250614 0 1243.49958341 0 21771
0.14250000 0.14249400 11575.89415140 0 -77.67069775 0 3808.28183207 0 521.60614988 0 912.74266750 0 22470
0.14350000 0.14350900 11173.41514424 0 218.14251465 0 3612.16881489 0 298.98487985 0 925.55888347 0 22519
0.14450000 0.14449900 11227.55881260 0 319.30259589 0 3271.10799350 0 -114.95951966 0 1016.32758787 0 22218
0.14550000 0.14550500 10791.04347895 0 158.96536742 0 2966.49726541 0 -43.37970779 0 1086.32903984 0 23559
0.14650000 0.14650700 10893.29639865 0 6.13875154 0 2992.88261545 0 348.40509444 0 1459.22168785 0 23044
0.14750000 0.14750500 10787.54462431 0 -108.87261982 0 2734.15560142 0 640.33911784 0 462.52643911 0 23649
0.14850000 0.14849900 10802.07151447 0 58.13435567 0 2378.93327659 0 326.46860451 0 573.12678450 0 23640
0.14950000 0.14949500 10635.69876175 0 289.51361320 0 2290.17752084 0 47.39973676 0 349.90871615 0 24457
0.15050000 0.15050000 10435.68828622 0 226.49326203 0 2217.21090028 0 -218.46582653 0 162.17966332 0 24591
0.15150000 0.15149900 10233.61835828 0 285.94168121 0 2549.15919835 0 -813.35083653 0 194.43334551 0 25020
0.15250000 0.15250500 10014.47490547 0 388.56220209 0 2853.88064968 0 -438.17618237 0 203.84149991 0 25297
0.15350000 0.15350100 9910.69400495 0 185.57991459 0 3302.61982993 0 -415.93077458 0 285.57518726 0 25452
0.15450000 0.15450400 9916.24123968 0 56.67269808 0 3661.62888985 0 -171.70407713 0 -33.68433729 0 26061
0.15550000 0.15549900 9752.95766558 0 105.27621799 0 3820.76034214 0 188.00475372 0 96.19591513 0 26128
0.15650000 0.15649500 9754.62958663 0 216.63114231 0 3570.89118796 0 360.24251690 0 175.93038351 0 26331
0.15750000 0.15749700 9531.47795223 0 31.97477033 0 3389.81438788 0 513.44363203 0 142.67465592 0 27345
0.15850000 0.15849900 9513.09789303 0 68.22312588 0 2983.83652608 0 599.35601476 0 -84.34653456 0 26980
0.15950000 0.15949700 9325.88702500 0 161.29498456 0 2753.69825472 0 425.08426551 0 -480.99950584 0 27777
0.16050000 0.16050000 9230.83111643 0 187.82095313 0 2305.77842651 0 -86.86748147 0 -439.41849722 0 28224
0.16150000 0.16150500 9029.95699957 0 162.15308974 0 2334.78791753 0 -27.66331777 0 -268.03330305 0 28075
0.16250000 0.16249700 8958.50728752 0 101.33347385 0 2605.01907706 0 -81.16401623 0 -98.37948831 0 28590
0.16350000 0.16349900 8911.30596682 0 51.30250981 0 2673.87786510 0 90.37929073 0 -106.81682127 0 29163
0.16450000 0.16449100 8863.48459592 0 81.15969803 0 2767.90404746 0 162.36900007 0 305.88958160 0 28996
0.16550000 0.16550500 8846.67680685 0 33.22627521 0 2872.98040999 0 163.72425263 0 348.64314942 0 30777
0.16650000 0.16650700 8840.50952193 0 38.60720362 0 2852.83985115 0 224.32862252 0 776.64054359 0 29211
0.16750000 0.16749900 8864.68040701 0 220.24404190 0 2915.60886055 0 179.07713822 0 840.32744872 0 30922
0.16850000 0.16850800 8603.00815457 0 155.99134098 0 2713.40606471 0 49.48531987 0 1233.10267040 0 30867
0.16950000 0.16949900 8510.54317001 0 224.14371470 0 2686.44495377 0 203.91679172 0 1049.74718587 0 30852
0.17050000 0.17049200 8313.06825687 0 28.48377704 0 2463.82479097 0 199.38156747 0 992.50880272 0 31257
0.17150000 0.17149500 8324.15165401 0 -53.11770675 0 2213.20271870 0 489.83300658 0 951.17138524 0 32608
0.17250000 0.17250900 8364.01202336 0 -41.50184150 0 2100.89612806 0 437.52955860 0 648.75629917 0 32361
0.17350000 0.17350400 8250.14423492 0 83.26454698 0 1760.97575613 0 144.87472686 0 979.70365907 0 32508
0.17450000 0.17449800 8285.43173412 0 140.75028586 0 1789.85237926 0 183.66218793 0 543.78623096 0 32791
0.17550000 0.17549800 8112.37129720 0 167.72689805 0 1654.65929322 0 -271.68606301 0 973.44668831 0 33633
0.17650000 0.17650100 7999.99827262 0 123.99896564 0 1874.40065157 0 -195.62583490 0 569.28800948 0 33984
0.17750000 0.17750300 7998.31527925 0 131.59458047 0 2048.19186193 0 -130.29247507 0 604.81909982 0 34069
0.17850000 0.17849800 8016.13064988 0 -14.46787467 0 2046.43136228 0 -285.15554615 0 451.86932648 0 34536
0.17950000 0.17950400 8026.97045588 0 59.14846990 0 2214.16601096 0 -97.59368542 0 115.27397369 0 35343
0.18050000 0.18050100 8007.10670515 0 -9.31988582 0 2243.03156176 0 -151.54580256 0 29.25895050 0 34990
0.18150000 0.18150500 7897.02565180 0 175.62035841 0 2130.74711578 0 -89.77319167 0 -117.86157600 0 36243
0.18250000 0.18250200 7821.43489027 0 222.41200310 0 2165.63601128 0 10.13947038 0 81.45355753 0 35694
0.18350000 0.18350400 7632.09813587 0 218.57987148 0 2096.77722323 0 256.18702272 0 60.36465406 0 37087
0.18450000 0.18450600 7432.96237401 0 116.80416898 0 1982.03472114 0 295.34319221 0 -10.32359207 0 36651
0.18550000 0.18550700 7428.93204777 0 14.96358265 0 1985.89896250 0 161.46217667 0 -199.92854032 0 37818
0.18650000 0.18651000 7344.06267804 0 45.12227027 0 2010.08091990 0 -20.38060685 0 45.37804097 0 37267
0.18750000 0.18750100 7374.12403992 0 86.66463648 0 2006.09488297 0 30.39951068 0 287.98231067 0 38334
0.18850000 0.18850000 7415.46810079 0 -6.98878499 0 2089.77951395 0 14.38328211 0 291.16117513 0 38223
0.18950000 0.18949500 7325.91513766 0 -22.54469273 0 2040.93948917 0 120.64737292 0 337.01831560 0 39064
0.19050000 0.19050000 7383.85661343 0 131.51928866 0 1926.71738634 0 141.28950808 0 162.25938405 0 39609
0.19150000 0.19149800 7320.25717968 0 109.41328144 0 1866.51715630 0 48.85353301 0 384.55291328 0 39576
0.19250000 0.19250400 7213.39817285 0 52.63362470 0 1771.22872891 0 175.55503170 0 310.57317500 0 40909
0.19350000 0.19350500 7092.63232605 0 106.30417263 0 1730.23898244 0 131.25023117 0 314.52378050 0 40191
0.19450000 0.19450100 6955.41300458 0 209.01006114 0 1691.43048395 0 99.22242440 0 -68.26442565 0 41232
0.19550000 0.19549800 6829.27708024 0 251.55325479 0 1638.13938459 0 -36.66511785 0 371.82527590 0 40873
0.19650000 0.19649700 6680.11072029 0 153.41370376 0 1767.61915102 0 -29.76351635 0 394.44271380 0 42816
0.19750000 0.19750200 6530.85578173 0 -22.06957928 0 1561.00956991 0 287.81068964 0 487.00513482 0 41727
0.19850000 0.19849000 6727.90994653 0 -139.88664453 0 1601.42355550 0 463.26164148 0 428.84221255 0 42610
0.19950000 0.19949900 6745.13848395 0 -72.57598894 0 1432.74775921 0 225.81231405 0 436.92390244 0 43863
0.20050000 0.20050100 6800.30080619 0 135.07239770 0 1417.27972144 0 -6.14217289 0 412.23261809 0 43302
0.20150000 0.20150100 6625.14769989 0 118.83040442 0 1279.96074904 0 -57.52150250 0 623.65976774 0 44487
0.20250000 0.20249700 6673.50054237 0 107.25694618 0 1324.11718041 0 -39.56152730 0 673.70003252 0 43759
0.20350000 0.20349100 6612.94599794 0 15.26508206 0 1227.99832866 0 130.44305869 0 591.32747203 0 45282
0.20450000 0.20449700 6583.01750395 0 41.96123226 0 1184.46194747 0 50.40875176 0 498.05088606 0 45483
0.20550000 0.20549900 6585.95167003 0 77.23123718 0 1310.83039063 0 -97.25365432 0 365.54062433 0 46138
0.20650000 0.20650200 6448.95379505 0 204.04965962 0 1409.91662543 0 -174.88737051 0 417.93486537 0 46227
0.20750000 0.20749300 6321.21238361 0 146.78248842 0 1415.61887271 0 -199.31734799 0 550.18049854 0 46236
0.20850000 0.20850300 6281.99420911 0 35.92847608 0 1585.84479448 0 39.79393540 0 413.93443442 0 48361
0.20950000 0.20950400 6224.94959164 0 54.92160990 0 1554.36617502 0 53.13641897 0 267.22059441 0 46812
0.21050000 0.21050300 6167.09669446 0 120.80459993 0 1533.10731136 0 75.18418577 0 199.06489898 0 48813
0.21150000 0.21149700 6136.70316284 0 78.15688354 0 1579.88788372 0 -11.32300225 0 267.85836032 0 47215
0.21250000 0.21249000 6085.80368565 0 84.25651656 0 1508.12814657 0 11.83033618 0 519.59098676 0 50004
0.21350000 0.21350300 6091.84917500 0 20.34174299 0 1493.52375014 0 122.52856091 0 419.58574900 0 49509
0.21450000 0.21449800 6096.66563629 0 -75.36377888 0 1437.92960722 0 284.07156555 0 511.29781548 0 49660
0.21550000 0.21550100 6154.79534159 0 -0.86670726 0 1325.12476197 0 154.82653240 0 446.55239610 0 50841
0.21650000 0.21649800 6073.20338000 0 113.35071087 0 1248.22746611 0 239.46670502 0 547.27401328 0 50424
0.21750000 0.21750300 6004.53282148 0 122.86405235 0 1204.59143399 0 3.97363593 0 536.86602795 0 52231
0.21850000 0.21850300 5892.00478434 0 161.85081527 0 1189.94274826 0 55.17981652 0 687.60465803 0 51078
0.21950000 0.21950100 5822.53701843 0 53.81913852 0 1172.39311342 0 -90.11765170 0 551.91331738 0 52791
0.22050000 0.22050700 5702.09226906 0 85.58275962 0 1197.39442286 0 -85.73201456 0 465.03210622 0 52969
0.22150000 0.22150000 5787.71455688 0 37.85816085 0 1163.04807128 0 25.68613273 0 280.35680057 0 52704
0.22250000 0.22250100 5641.20555488 0 126.58324626 0 1196.27611806 0 -183.10082106 0 250.47370312 0 54051
0.22350000 0.22349900 5626.04754220 0 189.57591661 0 1166.61335987 0 -93.13065273 0 270.92650152 0 53938
0.22450000 0.22449800 5555.40610986 0 30.46959850 0 1049.62981923 0 -50.63285561 0 133.83561901 0 54735
0.22550000 0.22549100 5512.71122536 0 10.60327899 0 1138.66681202 0 105.53630690 0 200.63716911 0 54774
0.22650000 0.22649900 5506.34463859 0 60.91439499 0 1089.83564511 0 136.21284715 0 69.59697994 0 56911
0.22750000 0.22749800 5446.32156574 0 80.64815662 0 1114.01981698 0 151.67645599 0 215.93358585 0 54879
0.22850000 0.22849100 5377.68422419 0 63.07449484 0 1029.07626267 0 101.43489634 0 317.77572230 0 57210
0.22950000 0.22949800 5413.53641196 0 60.45644364 0 1106.63568356 0 181.84854112 0 356.91085437 0 57375
0.23050000 0.23049600 5285.85036215 0 89.17141082 0 1001.02784944 0 6.44930811 0 435.96946804 0 57604
0.23150000 0.23150100 5230.16764064 0 85.52806234 0 1056.76593257 0 -26.26787268 0 515.94154850 0 58629
0.23250000 0.23250200 5193.27465434 0 108.19377558 0 1178.84827879 0 35.41328081 0 629.74843915 0 58560
0.23350000 0.23350400 5101.67331111 0 73.16614385 0 988.56262616 0 28.38180093 0 541.50643928 0 59305
0.23450000 0.23449700 5074.49075368 0 72.41222925 0 1089.62859264 0 199.13022570 0 473.65301832 0 59196
0.23550000 0.23549300 5050.56345975 0 39.85693693 0 931.37185400 0 112.62768806 0 522.82853454 0 60063
0.23650000 0.23649900 5025.15247429 0 22.20521525 0 817.52288852 0 132.51801236 0 548.34359985 0 61537
0.23750000 0.23750400 5004.89011987 0 -42.43557065 0 703.62852651 0 107.51404556 0 560.99594542 0 61224
0.23850000 0.23850100 5086.39350286 0 8.20334152 0 727.81712730 0 41.17376852 0 529.18847792 0 61221
0.23950000 0.23949400 5050.55238743 0 40.93803872 0 624.50347889 0 59.94213415 0 431.88045848 0 62332
0.24050000 0.24050100 5019.12912959 0 102.03080886 0 712.60486024 0 -231.11485040 0 346.99448026 0 63447
0.24150000 0.24150500 4905.85924670 0 174.27507095 0 795.47567534 0 -197.31768613 0 418.33125460 0 63342
0.24250000 0.24250300 4871.24715931 0 141.66153819 0 886.96961701 0 -134.64500596 0 480.96407440 0 63379
0.24350000 0.24349600 4758.23193989 0 74.47101733 0 974.94920279 0 10.02693127 0 395.68170695 0 64266
0.24450000 0.24449500 4723.17695951 0 50.82894648 0 1032.74563111 0 76.23107408 0 383.02936138 0 64695
0.24550000 0.24549600 4716.87680669 0 47.25136761 0 965.58312323 0 85.18415593 0 273.17086176 0 65947
0.24650000 0.24650000 4669.52047344 0 51.32410085 0 935.93365183 0 97.13927721 0 361.86571972 0 66018
0.24750000 0.24750000 4676.07528974 0 28.29665475 0 891.06084104 0 91.24315352 0 337.11021589 0 66303
0.24850000 0.24849600 4595.62377760 0 73.34584768 0 888.00598662 0 3.91598234 0 185.03847790 0 66958
0.24950000 0.24949200 4642.85831528 0 60.48589602 0 912.71720115 0 -121.76899943 0 250.40173301 0 66975
0.25050000 0.25048900 4595.98916432 0 -12.94864098 0 868.60063014 0 12.63474057 0 271.81007304 0 68676
0.25150000 0.25150000 4586.74377310 0 40.86130751 0 916.59030037 0 70.84405589 0 264.16352552 0 69349
0.25250000 0.25249900 4662.05772652 0 13.32067110 0 876.10323744 0 62.15859213 0 309.22899477 0 68592
0.25350000 0.25349900 4575.02925344 0 59.52437533 0 832.45059684 0 47.02914605 0 172.24883551 0 70437
0.25450000 0.25450100 4548.58854177 0 88.90478924 0 836.34805518 0 -82.11678979 0 250.27329404 0 70099
0.25550000 0.25550100 4504.63141224 0 66.10078266 0 816.08127183 0 24.65651725 0 234.96359051 0 71064
0.25650000 0.25650300 4437.66599174 0 86.92837926 0 760.36754781 0 30.32521538 0 128.74234960 0 71409
0.25750000 0.25750600 4450.99707082 0 41.29633915 0 693.20614715 0 -19.92531285 0 121.25524355 0 72612
0.25850000 0.25850600 4396.78696851 0 15.80065041 0 731.81534380 0 90.35969272 0 63.31288199 0 71845
0.25950000 0.25949600 4350.85896516 0 89.19444126 0 576.86590859 0 69.25307353 0 146.72159064 0 72816
0.26050000 0.26049800 4312.05046667 0 43.30784840 0 556.28245675 0 224.24779455 0 59.65757540 0 73743
0.26150000 0.26149900 4273.37483608 0 43.20841893 0 454.90757241 0 125.84582942 0 117.42311193 0 74662
0.26250000 0.26250300 4262.14749872 0 33.87201319 0 385.11760184 0 118.56799032 0 134.24750950 0 74931
0.26350000 0.26350100 4228.26618477 0 134.50438743 0 430.54956504 0 -28.47392267 0 125.19699119 0 75087
0.26450000 0.26450200 4140.08618991 0 109.71699531 0 423.04142158 0 -75.77677659 0 159.31525289 0 76678
0.26550000 0.26550600 4089.64067804 0 26.52619001 0 495.11118382 0 -76.46104627 0 190.18710894 0 76035
0.26650000 0.26650100 4095.19898510 0 1.75896059 0 580.78329711 0 -81.66526038 0 182.27814733 0 77094
0.26750000 0.26750600 4143.74005710 0 -14.34320029 0 633.17643092 0 6.74027773 0 125.91890677 0 78463
0.26850000 0.26850100 4147.84788961 0 40.05103478 0 595.38437185 0 48.19583692 0 161.15768774 0 77076
0.26950000 0.26949700 4172.27343816 0 40.91235093 0 643.62427662 0 7.02588835 0 81.81263302 0 79149
0.27050000 0.27049900 4093.16167733 0 72.64663037 0 576.36654674 0 16.36766416 0 240.16979764 0 79648
0.27150000 0.27150200 4091.30152676 0 53.34546447 0 539.92974022 0 25.74846992 0 142.48864086 0 80241
0.27250000 0.27250500 4065.02689997 0 1.43578158 0 455.50326348 0 115.72683177 0 272.50209334 0 80835
0.27350000 0.27350000 4082.87548758 0 41.96555046 0 482.90283848 0 160.77569253 0 128.59730214 0 80680
0.27450000 0.27450400 4072.21283878 0 17.87028936 0 275.46615470 0 90.97498181 0 303.06170984 0 82617
0.27550000 0.27550800 4032.46319268 0 25.44697051 0 286.46318771 0 201.33472557 0 216.68982563 0 82548
0.27650000 0.27649900 4026.74987307 0 66.81550123 0 159.98734300 0 29.60097462 0 223.62220820 0 81181
0.27750000 0.27748900 3953.45108277 0 95.37600948 0 217.73948202 0 -38.98133748 0 344.38694776 0 84096
0.27850000 0.27849800 3883.83937664 0 77.84730133 0 179.28086900 0 -24.22436441 0 351.90948525 0 85215
0.27950000 0.27950200 3901.84297679 0 41.95392452 0 304.06375524 0 -41.99101681 0 403.72796540 0 84514
0.28050000 0.28050300 3869.34570345 0 61.25697272 0 261.15517487 0 -38.71936627 0 286.69681376 0 85815
0.28150000 0.28150100 3858.09622143 0 46.61393387 0 285.19762098 0 7.51331424 0 495.90949844 0 85485
0.28250000 0.28250000 3825.46608019 0 48.38207342 0 325.78987100 0 46.07759046 0 457.84063125 0 87220
0.28350000 0.28350400 3783.41339053 0 53.95300293 0 287.01016055 0 81.02118324 0 564.70185254 0 87147
0.28450000 0.28449700 3799.47933384 0 44.10394856 0 312.86846794 0 95.50821304 0 386.74412636 0 87102
0.28550000 0.28549800 3711.57614711 0 93.06056491 0 208.88605110 0 -16.31296688 0 467.28643155 0 88971
0.28650000 0.28649900 3670.55318365 0 74.89420158 0 269.53028136 0 5.10418673 0 473.20680363 0 89434
0.28750000 0.28750100 3636.49471251 0 14.83447935 0 219.27742794 0 -16.39899884 0 397.40788239 0 89619
0.28850000 0.28849900 3629.90667925 0 45.49208592 0 216.44069832 0 24.74786393 0 463.22731728 0 90240
0.28950000 0.28950100 3619.45440462 0 33.31330368 0 162.09772811 0 47.02715303 0 362.84340600 0 91333
0.29050000 0.29050500 3611.60412632 0 12.99957368 0 156.12420887 0 15.94514425 0 437.77647145 0 92139
0.29150000 0.29150600 3590.95424053 0 50.13415810 0 166.66284764 0 -46.90270010 0 337.65829597 0 92370
0.29250000 0.29250200 3623.63974340 0 73.89470282 0 238.92969726 0 -56.77456346 0 361.17369942 0 91819
0.29350000 0.29349600 3538.24997440 0 58.16712976 0 223.93998392 0 -39.88184966 0 396.92845073 0 93552
0.29450000 0.29450000 3521.61934252 0 50.28330232 0 209.52935317 0 -4.27868955 0 341.54025305 0 94701
0.29550000 0.29550200 3538.83680761 0 13.32631798 0 227.46873384 0 51.66590352 0 298.97380752 0 95020
0.29650000 0.29650300 3540.44229471 0 42.35418907 0 232.07371373 0 -38.63444154 0 152.40501497 0 95151
0.29750000 0.29749800 3462.29382614 0 78.24734443 0 236.11068336 0 15.01816921 0 307.80066487 0 95802
0.29850000 0.29850000 3477.58470672 0 56.83900439 0 156.09320636 0 -11.44867314 0 250.64200245 0 97399
0.29950000 0.29950700 3398.94905585 0 47.23774865 0 313.25378484 0 -19.48374854 0 209.36105383 0 97881
0.30050000 0.30050300 3425.88802214 0 97.62003755 0 298.48441076 0 -31.65478015 0 226.47001014 0 97188
0.30150000 0.30149700 3368.68839212 0 76.25499030 0 374.61882345 0 -76.32651752 0 286.17420003 0 98263
0.30250000 0.30249700 3370.50425339 0 8.81797734 0 290.60645166 0 52.93711713 0 405.99668475 0 100050
0.30350000 0.30350600 3390.30157017 0 -40.64251837 0 337.19658003 0 102.68761917 0 312.59165982 0 100779
0.30450000 0.30450500 3411.31684268 0 10.00483091 0 271.08926470 0 29.95772492 0 239.43791697 0 99982
0.30550000 0.30550300 3398.72760936 0 72.65725980 0 250.13378275 0 -7.16278658 0 219.17334809 0 101559
0.30650000 0.30649700 3354.26115289 0 80.97711539 0 177.03207983 0 36.65980314 0 410.76110612 0 100935
0.30750000 0.30749800 3297.85873026 0 31.01657134 0 129.13652436 0 64.06048536 0 349.19455120 0 103762
0.30850000 0.30850200 3338.39451142 0 25.13019130 0 74.33062025 0 144.45287128 0 386.01667462 0 102951
0.30950000 0.30950100 3323.13684782 0 -7.19083277 0 74.33349905 0 40.34256909 0 237.92654463 0 104394
0.31050000 0.31050000 3273.62141123 0 89.26929017 0 15.98699764 0 21.97679319 0 326.23940739 0 103963
0.31150000 0.31149700 3262.93661778 0 98.57967594 0 91.65172230 0 -107.75309705 0 286.23509782 0 105936
0.31250000 0.31250000 3158.66853496 0 67.02188936 0 84.28530460 0 -71.08321810 0 280.38337415 0 105717
0.31350000 0.31349800 3205.71484312 0 70.77286084 0 126.92870279 0 -30.94338328 0 228.80294898 0 106776
0.31450000 0.31450400 3126.93525203 0 58.69074000 0 77.64899600 0 12.24731993 0 154.11679638 0 108733
0.31550000 0.31549900 3075.19427816 0 12.81787683 0 61.69023279 0 86.74203203 0 226.76564122 0 105891
0.31650000 0.31650000 3126.16018930 0 11.83808680 0 16.08720218 0 59.67285521 0 79.28692501 0 111072
0.31750000 0.31750600 3082.85632693 0 44.95917493 0 13.71971768 0 78.71559305 0 70.06556073 0 108121
0.31850000 0.31849900 3097.21713222 0 34.11538289 0 -104.95611708 0 51.29741655 0 174.68474697 0 110484
0.31950000 0.31950100 3054.59975399 0 19.40424924 0 -86.70626842 0 12.15364806 0 189.56262983 0 110817
0.32050000 0.32049800 3079.83358226 0 51.11527680 0 -103.76052745 0 27.48317105 0 134.58853710 0 111088
0.32150000 0.32149900 3034.86887117 0 118.56577586 0 -36.36627580 0 -98.22768674 0 174.71685671 0 112635
0.32250000 0.32250100 2947.61895160 0 110.96130317 0 -64.20365052 0 -97.93869906 0 241.86939950 0 113202
0.32350000 0.32350400 2904.82441617 0 62.00568332 0 28.32300689 0 -49.07763687 0 246.44226965 0 113863
0.32450000 0.32450300 2911.44566641 0 20.46298494 0 99.01238240 0 -39.96887813 0 196.18388007 0 114045
0.32550000 0.32549900 2910.18342138 0 51.48786053 0 136.83068288 0 -26.76280560 0 162.90157889 0 114828
0.32650000 0.32650300 2897.89314084 0 45.47215573 0 135.79209881 0 -69.41007910 0 241.26706503 0 116431
0.32750000 0.32750400 2883.88664994 0 24.20365916 0 190.87470032 0 -63.46269055 0 227.90055451 0 116442
0.32850000 0.32850400 2899.73114676 0 10.23339691 0 173.36603308 0 59.82808920 0 178.70842981 0 116955
0.32950000 0.32949800 2908.94332100 0 -8.30828501 0 107.23336213 0 40.24092515 0 95.82897829 0 117028
0.33050000 0.33049700 2927.11300603 0 17.24868905 0 96.19148620 0 70.81715014 0 57.99019401 0 119061
0.33150000 0.33150100 2923.41484954 0 56.34207846 0 -15.11328048 0 34.05902476 0 30.75216423 0 120060
0.33250000 0.33250400 2874.05442550 0 45.29455564 0 -77.97441162 0 95.91091349 0 38.41011624 0 119737
0.33350000 0.33350100 2823.94108337 0 68.27881967 0 -133.61417252 0 21.40767570 0 76.35785220 0 120531
0.33450000 0.33450000 2817.98417262 0 50.25606440 0 -193.46119539 0 65.53985868 0 106.21127582 0 121704
0.33550000 0.33550300 2783.70425498 0 14.40354446 0 -195.50071763 0 88.98749950 0 80.34942530 0 122761
0.33650000 0.33650300 2782.24270810 0 52.10525336 0 -196.51051365 0 -23.58693067 0 33.48913220 0 122472
0.33750000 0.33749900 2777.12729404 0 60.59850156 0 -146.94082267 0 -88.25163280 0 63.90968030 0 122985
0.33850000 0.33849800 2720.55878654 0 75.52864579 0 -95.88589004 0 -75.44394251 0 165.67187456 0 125380
0.33950000 0.33950300 2694.71598041 0 51.53192838 0 -154.40135513 0 37.35713815 0 259.04700422 0 125223
0.34050000 0.34050000 2739.20458153 0 -9.17314430 0 -112.65647610 0 75.94562955 0 244.27652292 0 125178
0.34150000 0.34149900 2734.95280880 0 5.70926714 0 -140.51223088 0 95.59158764 0 106.82877938 0 127059
0.34250000 0.34250300 2722.21963526 0 65.99083447 0 -123.22611737 0 -12.36335789 0 164.69418828 0 127957
0.34350000 0.34349800 2654.35735645 0 108.08139148 0 -174.95823339 0 -88.69574375 0 218.08715302 0 126732
0.34450000 0.34449700 2655.25421476 0 45.73058380 0 -94.32591019 0 -41.05717694 0 229.37317371 0 129639
0.34550000 0.34550000 2607.51035014 0 22.55299698 0 -96.08065223 0 -29.73162805 0 170.90908420 0 129826
0.34650000 0.34650400 2644.82408478 0 28.61099805 0 -45.96575998 0 -23.09974838 0 167.13342144 0 130875
0.34750000 0.34750200 2632.89919095 0 49.29232924 0 -82.76075620 0 -16.51747272 0 163.33672126 0 130686
0.34850000 0.34850200 2618.87055541 0 39.60016971 0 -47.28779556 0 -12.48891806 0 191.01753331 0 132211
0.34950000 0.34950400 2589.70605183 0 44.90259535 0 -92.59851680 0 65.97079356 0 196.67770575 0 132768
0.35050000 0.35050300 2601.11054640 0 22.25326914 0 -85.22135894 0 80.29594597 0 82.93182361 0 132957
0.35150000 0.35150100 2584.84530124 0 -4.04570569 0 -161.16765283 0 38.92088259 0 158.62212535 0 133987
0.35250000 0.35249800 2605.03014938 0 29.60783946 0 -159.58873931 0 28.88470592 0 19.78967687 0 134778
0.35350000 0.35349800 2571.73566865 0 67.47519034 0 -210.07964771 0 -59.39471841 0 48.46168344 0 135699
0.35450000 0.35450100 2544.69705145 0 89.58285841 0 -188.74106332 0 -33.98472946 0 41.99732804 0 137380
0.35550000 0.35550100 2504.46022305 0 63.15022954 0 -171.41176775 0 -42.57962160 0 105.20070474 0 136161
0.35650000 0.35649900 2481.42978743 0 8.21930781 0 -193.05041214 0 39.89137186 0 49.18968879 0 138792
0.35750000 0.35750000 2482.85811733 0 20.57946580 0 -202.25705023 0 37.78995533 0 60.83389919 0 138097
0.35850000 0.35849800 2491.56096464 0 57.30204902 0 -156.86384017 0 -32.14960234 0 -52.86448268 0 140028
0.35950000 0.35950300 2451.53451042 0 82.91189343 0 -146.26873255 0 -42.63155080 0 100.12647972 0 141099
0.36050000 0.36050500 2387.16001393 0 92.48369679 0 -143.52058153 0 -21.56778151 0 142.32366322 0 140821
0.36150000 0.36150200 2364.45067572 0 46.54650341 0 -120.14247491 0 23.46491365 0 198.61868429 0 141756
0.36250000 0.36250400 2365.25895543 0 -3.84002619 0 -142.65361850 0 140.97283959 0 243.31433789 0 142971
0.36350000 0.36349900 2398.38735129 0 -18.86845945 0 -198.49910319 0 80.56422840 0 220.65814685 0 142270
0.36450000 0.36450000 2395.49747451 0 44.30524342 0 -217.68744210 0 71.92139309 0 268.56366741 0 145311
0.36550000 0.36550300 2384.49158364 0 85.97283763 0 -228.60586160 0 3.91130981 0 336.97070460 0 145434
0.36650000 0.36650100 2322.56407093 0 59.50056983 0 -199.82224600 0 -76.25975140 0 381.48366484 0 144547
0.36750000 0.36749600 2314.76915426 0 77.04289694 0 -129.40779632 0 -34.59758264 0 464.91916851 0 146892
0.36850000 0.36849900 2279.90240341 0 56.54038379 0 -93.11780883 0 11.43339333 0 455.32499905 0 148113
0.36950000 0.36949900 2282.58190601 0 5.13140250 0 -90.21984926 0 13.16809446 0 464.41205603 0 147387
0.37050000 0.37049800 2291.79408026 0 19.01693932 0 -110.46028047 0 7.91414347 0 358.24506951 0 149758
0.37150000 0.37150100 2285.34998722 0 51.11616259 0 -95.30016405 0 5.08190921 0 416.23747798 0 150099
0.37250000 0.37250000 2238.96801855 0 57.18534671 0 -146.96296732 0 18.26512847 0 385.43980649 0 150468
0.37350000 0.37349800 2223.86536750 0 50.18442645 0 -160.49999164 0 39.28826232 0 391.01250758 0 150709
0.37450000 0.37449700 2194.12510304 0 58.78186523 0 -195.89489239 0 -15.22987206 0 313.63245835 0 153108
0.37550000 0.37550100 2171.58184971 0 59.02135962 0 -244.63526624 0 2.46323796 0 336.52891884 0 153189
0.37650000 0.37649900 2162.74613450 0 -22.90653631 0 -270.53121953 0 4.54415961 0 355.63975148 0 153547
0.37750000 0.37749900 2210.91074746 0 -26.02394936 0 -279.95598241 0 38.45817013 0 303.08606896 0 155424
0.37850000 0.37850200 2249.90747547 0 -26.17741178 0 -303.38612896 0 27.68767689 0 227.53184609 0 155313
0.37950000 0.37949900 2272.72753692 0 70.34624416 0 -313.06223362 0 -40.56412631 0 183.54482129 0 156100
0.38050000 0.38050000 2225.95803689 0 77.23289803 0 -322.76380463 0 -57.09588233 0 265.36376553 0 157557
0.38150000 0.38149800 2187.20490003 0 72.37004369 0 -300.84724488 0 -12.04801808 0 252.03932985 0 157692
0.38250000 0.38250100 2164.86094854 0 39.80644713 0 -314.39755599 0 0.79640354 0 167.68593045 0 159703
0.38350000 0.38350500 2159.02583336 0 21.74482799 0 -346.04115309 0 73.80346686 0 229.66437585 0 160338
0.38450000 0.38450600 2151.52986946 0 35.86148852 0 -359.56046170 0 57.06753718 0 155.78207404 0 160167
0.38550000 0.38550000 2153.35680306 0 13.04674178 0 -432.13512195 0 75.32491502 0 201.24725421 0 160033
0.38650000 0.38649600 2148.47390781 0 12.05731883 0 -471.48727159 0 37.29812266 0 165.20462246 0 162444
0.38750000 0.38750200 2176.96299957 0 8.70590327 0 -501.82987052 0 25.51628327 0 223.47937521 0 164307
0.38850000 0.38850400 2172.61157591 0 51.18492173 0 -486.59656604 0 25.94256777 0 244.10158018 0 163882
0.38950000 0.38950500 2136.59330328 0 59.46657780 0 -528.23847245 0 -16.67990372 0 269.60335871 0 164595
0.39050000 0.39050100 2112.94281747 0 53.13143643 0 -500.65952579 0 -9.84538943 0 243.58118092 0 165006
0.39150000 0.39150100 2114.00576065 0 40.39826289 0 -471.35993985 0 -34.81936130 0 273.31148029 0 166687
0.39250000 0.39250100 2083.49043345 0 55.34014378 0 -433.89229990 0 -44.63685955 0 293.60705168 0 167256
0.39350000 0.39350100 2075.00903264 0 43.79990252 0 -447.90321973 0 -8.70217190 0 335.72285359 0 167937
0.39450000 0.39449600 2072.76135070 0 30.05693295 0 -356.56982676 0 -44.63685955 0 302.48041279 0 167719
0.39550000 0.39549700 2070.18149902 0 18.41571208 0 -415.60856993 0 -17.56092861 0 270.02521428 0 171636
0.39650000 0.39650400 2067.86738313 0 38.71405156 0 -361.37078680 0 -9.34335915 0 235.00677258 0 171093
0.39750000 0.39750000 2084.97412498 0 40.96140133 0 -382.47685237 0 -40.45296017 0 263.67523600 0 170464
0.39850000 0.39849800 2058.04623102 0 49.07520095 0 -410.24513579 0 -24.08906060 0 218.67177177 0 172113
0.39950000 0.39949500 2038.28213121 0 69.39125615 0 -339.46972831 0 9.32634099 0 262.76509090 0 173232
