### header ###
fiducial parameters:
Omega_m = 0.31
Omega_nu = 0
Omega_de = 0.69
Omega_k = 0
H_0 = 100
w_de = -1
zeff = 0
beta = 0
fgrowth = 0
b_1 = 2
gamma = 0.55
Lx = 3500 Ly = 3500 Lz = 3500
nx = 700 ny = 700 nz = 700
xoffset = -685.467585 yoffset = -31.7331281 zoffset = 572.489161
bins = 400 dk = 0.001
kx_ny = 0.628318531 ky_ny = 0.628318531 kz_ny = 0.628318531
############################
A(data) = 8.01885897 (not used)
A(ran) = 8.00966493 (used)
Ngal = 476239
weighted Ngal = 0
Nran = 23820508
weighted Nran = 0
SN(data) = 3499.17766
SN(ran) = 69.7670864
SN(data+ran) = 3568.94475
############################
13 columns: k_central k_mean P_0(k) sigma^{lin}_{P_0(k)} P^img_1(k) sigma^{lin}_{P_1(k)} P_2(k) sigma^{lin}_{P_2(k)} P^img_3(k) sigma^{lin}_{P_3(k)} P_4(k) sigma^{lin}_{P_4(k)} N_modes
### header ###
0.00050000 0 0 0 0 0 0 0 0 0 0 0 0
0.00150000 0.00179520 42308.90325752 0 -46197.94662682 0 8421.31130429 0 -12868.69879722 0 -97663.66250937 0 3
0.00250000 0.00253879 74813.81650437 0 -50406.20512065 0 -12514.82729602 0 -9186.54181716 0 55135.63794368 0 6
0.00350000 0.00331552 93532.46739628 0 -23018.03461899 0 -5279.86023442 0 -62405.39424986 0 -7103.29497486 0 7
0.00450000 0.00420575 104409.80857487 0 13449.22078747 0 -3906.91410156 0 -42393.71726563 0 34282.46427324 0 24
0.00550000 0.00557378 97774.71792730 0 -926.32841005 0 10485.83484533 0 -21096.21120022 0 -867.71041523 0 45
0.00650000 0.00659388 71650.01041069 0 9437.97216914 0 23574.86183412 0 -25685.13622130 0 -3900.42571921 0 40
0.00750000 0.00754703 111366.55025843 0 1869.73920283 0 35295.69271739 0 5888.47271273 0 -38665.66549919 0 57
0.00850000 0.00846663 98878.18581872 0 -5074.19180091 0 50188.52321471 0 -31369.11416696 0 -22673.24242413 0 75
0.00950000 0.00948925 97588.81359359 0 -147.82550142 0 46216.43740927 0 -2916.87110557 0 -471.26139616 0 112
0.01050000 0.01054430 107840.01480369 0 -17126.89347598 0 46438.54824513 0 8534.52582556 0 -20816.52427530 0 105
0.01150000 0.01145670 108127.89524897 0 6032.16934422 0 41108.88469368 0 31609.16216902 0 -33315.40742358 0 144
0.01250000 0.01249090 105316.52125427 0 12246.43414242 0 25358.83480890 0 6727.03523287 0 -22901.11086890 0 169
0.01350000 0.01339930 82555.36457108 0 18537.72910437 0 26200.33149511 0 -4852.70101524 0 535.94813222 0 180
0.01450000 0.01448870 77050.53684099 0 14067.49940534 0 34044.74145938 0 -2204.82096881 0 3917.42173781 0 267
0.01550000 0.01550050 67567.97641980 0 2842.47615512 0 37770.80020735 0 -3005.66007830 0 10986.10462528 0 238
0.01650000 0.01653350 75312.84618395 0 -2076.42629022 0 42596.00864007 0 1910.11997144 0 9828.86952454 0 315
0.01750000 0.01747870 69405.09655371 0 -1904.21842231 0 54582.24314925 0 1736.60556921 0 17468.03180364 0 297
0.01850000 0.01844180 84198.16540442 0 -1660.12902168 0 50798.60831222 0 8383.03427739 0 4966.76810552 0 388
0.01950000 0.01947590 80070.62415852 0 -1989.41996179 0 54460.66902274 0 8844.15231679 0 11027.95801310 0 399
0.02050000 0.02045430 81106.32942206 0 4583.80960702 0 45122.82388693 0 17792.56164408 0 -7055.76148441 0 462
0.02150000 0.02154770 76819.45742202 0 2472.73801245 0 36858.88353529 0 16438.08414901 0 -8724.84801687 0 571
0.02250000 0.02255340 70358.97733684 0 4468.70171821 0 24236.43324203 0 8153.09530789 0 -18806.23298122 0 510
0.02350000 0.02348930 71918.84645729 0 -671.75683951 0 10445.98554831 0 5160.56700683 0 -28339.83681982 0 555
0.02450000 0.02439640 66527.06716360 0 -2334.79898986 0 7676.49815839 0 10556.07767398 0 -16428.67267291 0 592
0.02550000 0.02547300 68877.27882961 0 1643.54267911 0 6496.63122572 0 1751.48677376 0 -22969.31638979 0 837
0.02650000 0.02652900 65617.69712625 0 3012.46955806 0 4114.16587751 0 761.69179785 0 -12743.24935703 0 723
0.02750000 0.02749970 61883.88775090 0 5693.89874869 0 11143.85203697 0 -4734.82504522 0 -13357.65266121 0 826
0.02850000 0.02848090 59825.32112062 0 5902.35740805 0 13488.97043356 0 -1504.10889266 0 4961.80770401 0 831
0.02950000 0.02946900 56785.96795790 0 -195.44314154 0 23318.53751457 0 -1844.82647198 0 4679.67379530 0 996
0.03050000 0.03053250 58306.19815550 0 1459.07774763 0 20584.11617735 0 859.61211685 0 3024.39445189 0 1041
0.03150000 0.03150510 58938.76007239 0 -874.68044370 0 28197.55744590 0 496.44650620 0 8456.10054887 0 1036
0.03250000 0.03246190 60239.42606884 0 -91.74439766 0 19819.35070213 0 -562.02567163 0 1067.54262632 0 1059
0.03350000 0.03345080 59455.72691817 0 2572.77646719 0 25996.15782546 0 3768.18894391 0 7337.85110381 0 1302
0.03450000 0.03451200 57749.03877063 0 1961.06373793 0 22177.75588850 0 589.87589025 0 1902.09253595 0 1339
0.03550000 0.03553350 54674.25416849 0 2475.86040805 0 23580.95161277 0 1681.99686320 0 3179.60630120 0 1365
0.03650000 0.03647120 52532.42365557 0 2216.13688478 0 22221.60229478 0 8023.08406986 0 8556.95835565 0 1308
0.03750000 0.03744890 50392.14326813 0 216.42519707 0 21151.68354756 0 7672.40139821 0 8502.70396403 0 1579
0.03850000 0.03847530 49855.91057716 0 1863.92623230 0 23064.53838323 0 10135.80544084 0 12861.16961635 0 1662
0.03950000 0.03950240 47658.27554715 0 2107.78311410 0 21693.78457068 0 6675.70393501 0 17109.73137251 0 1683
0.04050000 0.04050350 45221.03540807 0 3272.02699646 0 17407.90907988 0 1335.23379453 0 17789.68283962 0 1822
0.04150000 0.04152450 43183.61691820 0 1858.66687801 0 16592.87524998 0 354.71631959 0 16188.84611734 0 1887
0.04250000 0.04250150 42538.21110452 0 978.76140423 0 16709.90972331 0 -126.44594943 0 12662.31066260 0 1920
0.04350000 0.04349210 41589.86648380 0 -1152.47400107 0 16087.86651500 0 -3367.31542385 0 4690.52467362 0 2005
0.04450000 0.04448520 42733.19474457 0 1006.99915421 0 14201.80670539 0 -5103.07949637 0 236.06307237 0 2151
0.04550000 0.04548030 43199.22889619 0 493.78693377 0 21121.45610080 0 -7090.92718803 0 -3044.39107051 0 2274
0.04650000 0.04648670 42903.04420729 0 2424.77270133 0 21235.94393943 0 -2393.47123907 0 -4605.54458064 0 2311
0.04750000 0.04749250 41076.66422846 0 1396.22015963 0 21702.42098404 0 799.81602667 0 -2853.10558694 0 2568
0.04850000 0.04851840 40506.66094679 0 732.50072070 0 21970.59269114 0 5011.64423801 0 -3329.01625230 0 2493
0.04950000 0.04949480 39585.11135214 0 1328.70112289 0 24192.47611250 0 5747.96491078 0 -2258.03456189 0 2644
0.05050000 0.05050630 38148.14503717 0 2095.23817008 0 21876.92082318 0 5946.91244312 0 1229.82526226 0 2829
0.05150000 0.05149060 36569.12079478 0 1689.24923596 0 18995.45901237 0 2695.29174130 0 4054.71856556 0 2784
0.05250000 0.05249300 35949.40277468 0 53.88845128 0 17910.14973365 0 2442.55485499 0 3656.03736582 0 3055
0.05350000 0.05348950 35340.42490966 0 -1080.59468282 0 16501.86073997 0 1643.43195586 0 4440.21262645 0 3009
0.05450000 0.05448610 36801.97178572 0 -646.33478173 0 16623.87775947 0 1401.50165857 0 3560.27282846 0 3336
0.05550000 0.05550870 37508.60755565 0 119.86788125 0 15615.07824524 0 831.70985831 0 2236.47674547 0 3349
0.05650000 0.05647670 36281.01890300 0 995.94122341 0 16080.55878062 0 1545.48617051 0 4146.84030805 0 3324
0.05750000 0.05747970 36146.82232620 0 1268.79984562 0 15625.70767707 0 1671.97640924 0 7419.66451190 0 3639
0.05850000 0.05849280 34309.92363879 0 1079.24828812 0 16009.03156229 0 1131.14870347 0 5777.09619738 0 3846
0.05950000 0.05951020 34305.71615536 0 529.37560021 0 17366.60930830 0 1507.00984177 0 5062.02331594 0 3787
0.06050000 0.06049470 33029.96288975 0 1025.56079954 0 16452.69961777 0 2144.00068858 0 7992.91198473 0 3930
0.06150000 0.06148310 32737.21062155 0 -33.21099540 0 14425.02477373 0 1553.55789530 0 6206.54738779 0 4083
0.06250000 0.06249100 32498.93419145 0 104.75271847 0 13664.35605869 0 202.03338927 0 4594.56083442 0 4303
0.06350000 0.06350600 32335.50667713 0 506.34405735 0 12600.08419712 0 1026.55509431 0 2254.80144304 0 4470
0.06450000 0.06451750 32092.91204035 0 824.75422386 0 12177.78572854 0 289.91332412 0 3488.19199389 0 4479
0.06550000 0.06550280 31566.09082548 0 -21.97790043 0 12133.49642927 0 1366.41346122 0 1329.17723285 0 4636
0.06650000 0.06648880 30718.06146762 0 258.68383197 0 10576.24037747 0 913.15455798 0 2817.13160361 0 4653
0.06750000 0.06749660 31564.87286975 0 587.76439791 0 11724.92764346 0 1210.68121265 0 1961.53984790 0 5220
0.06850000 0.06852730 29806.25551880 0 989.69421775 0 10623.37526422 0 1114.28555277 0 3016.96492194 0 5029
0.06950000 0.06949320 29985.40573437 0 490.06995433 0 9970.04166598 0 2898.51319103 0 4036.63745913 0 5040
0.07050000 0.07048030 29083.12198490 0 -300.87160399 0 8973.28884115 0 700.66446515 0 1861.73391198 0 5475
0.07150000 0.07148790 29602.63546539 0 -36.84227505 0 9389.10999972 0 1420.03673032 0 623.53686493 0 5509
0.07250000 0.07249820 29025.21372610 0 830.82407232 0 7363.58318669 0 -499.37513611 0 1144.83409695 0 5916
0.07350000 0.07351270 28292.22582310 0 916.12304826 0 7805.80076762 0 -1720.61713217 0 2568.17038006 0 5721
0.07450000 0.07449140 27828.62758294 0 679.36131220 0 7923.35564022 0 -27.61028134 0 1167.25555471 0 6028
0.07550000 0.07549160 27274.78989552 0 825.19711685 0 8985.30231358 0 -74.93306544 0 -317.56202643 0 6183
0.07650000 0.07648840 26056.50199572 0 1472.67456250 0 9226.78971787 0 -622.87695437 0 -371.93378468 0 6330
0.07750000 0.07749960 25599.10425746 0 1054.84820592 0 9389.19857831 0 -1147.40287631 0 -1363.27999330 0 6583
0.07850000 0.07848650 24139.55039987 0 824.02787935 0 10287.23055506 0 -99.21555956 0 57.07860950 0 6549
0.07950000 0.07947320 24046.98576438 0 756.99048874 0 10103.79534978 0 962.98998475 0 -1430.93189794 0 6828
0.08050000 0.08048110 23721.34869147 0 -586.75460188 0 9421.19759704 0 395.84779182 0 -1871.40005155 0 7147
0.08150000 0.08149960 24061.49050990 0 -119.57225018 0 8830.98732258 0 1351.77584781 0 -2798.31972374 0 7386
0.08250000 0.08250610 23742.93972486 0 391.01582927 0 8801.24705812 0 -843.40112609 0 -3764.11432837 0 7227
0.08350000 0.08350160 23215.89706350 0 758.81410063 0 8881.43283446 0 105.17080946 0 -1494.85242912 0 7798
0.08450000 0.08449610 22647.66535380 0 789.99044563 0 9373.69732357 0 -4.66771568 0 -1881.37621621 0 7371
0.08550000 0.08548940 22833.79113401 0 67.91907984 0 9407.93295191 0 830.83514465 0 -1606.73827141 0 8256
0.08650000 0.08650700 22429.98344787 0 35.08066817 0 9531.10149319 0 1162.18442994 0 -1298.87227983 0 8037
0.08750000 0.08749060 22293.68312935 0 911.24126025 0 9551.56314945 0 -360.88692621 0 120.43146259 0 8155
0.08850000 0.08849210 21404.68616966 0 460.35072729 0 8614.02511776 0 1186.76499104 0 -798.59142754 0 8718
0.08950000 0.08949900 21247.79132698 0 15.15380519 0 8628.99490092 0 985.93073455 0 931.60658729 0 8571
0.09050000 0.09049190 20907.20661556 0 532.17025499 0 8329.01240460 0 1764.20887498 0 30.81239768 0 8932
0.09150000 0.09150830 20261.13646239 0 540.32280776 0 7821.65633676 0 1501.05293101 0 690.94074950 0 9285
0.09250000 0.09250820 19704.53069376 0 715.36629805 0 7272.73476155 0 831.27914487 0 216.65882312 0 9204
0.09350000 0.09350330 19011.40316011 0 588.99231873 0 6778.96443627 0 -353.16951581 0 193.60070669 0 9349
0.09450000 0.09448040 18700.82444895 0 887.33389650 0 7606.58749949 0 -746.93792503 0 1097.40136466 0 9564
0.09550000 0.09549270 17816.25641919 0 549.66231374 0 7556.55166363 0 -630.62204558 0 970.80372438 0 10155
0.09650000 0.09649430 17884.90483306 0 64.31160569 0 7776.39267291 0 486.39283526 0 1281.33371731 0 9913
0.09750000 0.09749140 17908.26743843 0 -247.31919778 0 6871.38513153 0 1213.63752337 0 57.49282517 0 10476
0.09850000 0.09850240 17744.28630787 0 84.61625639 0 6971.02498257 0 953.42238888 0 -482.21856880 0 10575
0.09950000 0.09950330 17935.83752723 0 180.28402163 0 6385.28792734 0 159.82790152 0 -599.02163055 0 10882
0.10050000 0.10051200 17235.62370570 0 668.67984045 0 6581.83276520 0 84.69387339 0 -537.89021799 0 10875
0.10150000 0.10150300 16867.69035197 0 436.88736376 0 5729.68450250 0 -21.95741662 0 261.30354402 0 11118
0.10250000 0.10250800 16564.53009844 0 68.70598996 0 6490.40857917 0 597.65862736 0 952.89866791 0 11575
0.10350000 0.10349800 16763.72122193 0 -47.62129398 0 5905.54623760 0 672.44221642 0 563.88250050 0 11364
0.10450000 0.10450100 16869.12975420 0 291.22982354 0 6099.46693447 0 471.12188487 0 1257.00781969 0 12093
0.10550000 0.10551000 16376.52202302 0 344.41573581 0 5629.76784334 0 181.91608231 0 1773.69785735 0 12067
0.10650000 0.10649700 16493.88866610 0 101.08932909 0 5817.14479625 0 952.93077766 0 1606.25108912 0 12054
0.10750000 0.10749900 15986.77618940 0 29.28984229 0 4983.62018390 0 571.14040942 0 1734.42432122 0 12807
0.10850000 0.10850100 16192.16781479 0 224.59989448 0 5420.23516847 0 407.76604226 0 1258.87904258 0 12736
0.10950000 0.10950300 15763.55812106 0 355.27547199 0 4865.60027366 0 542.57270416 0 1848.59106242 0 12933
0.11050000 0.11050200 15518.30612633 0 426.19149799 0 5059.69812773 0 -212.00069607 0 1591.67990965 0 13428
0.11150000 0.11150900 15137.52887581 0 262.36316551 0 5010.92453690 0 350.08365888 0 2570.21876015 0 13453
0.11250000 0.11250000 14968.56519908 0 160.01059488 0 5341.27842019 0 476.72448123 0 2654.98847896 0 13668
0.11350000 0.11349100 15029.46298558 0 -16.50640039 0 5273.50471998 0 347.30339812 0 2324.90033147 0 13791
0.11450000 0.11448600 14855.73820918 0 104.98579091 0 5376.47734079 0 -145.61546539 0 2419.35833450 0 14205
0.11550000 0.11549300 15065.22659475 0 136.88715173 0 5458.25753190 0 -228.03010071 0 2061.73331518 0 14776
0.11650000 0.11649800 14831.37909458 0 66.74297750 0 5304.49615714 0 -308.81156812 0 2276.09352367 0 14553
0.11750000 0.11747300 14963.80409941 0 63.57108861 0 6025.50380468 0 2.39052600 0 1533.73843388 0 14568
0.11850000 0.11849100 14782.99303512 0 45.68485509 0 4946.49467878 0 300.28477078 0 1380.91820673 0 16015
0.11950000 0.11950300 14761.06983198 0 310.98395825 0 5186.24372808 0 165.58218873 0 488.66819801 0 15270
0.12050000 0.12050700 14450.49112082 0 271.25092064 0 4366.12770109 0 138.21693794 0 594.39450601 0 15999
0.12150000 0.12150000 14462.89212461 0 -51.72901577 0 4853.97433260 0 260.91379819 0 536.23711990 0 15670
0.12250000 0.12250700 14138.25156093 0 215.85718680 0 4447.44285456 0 -92.70746847 0 -237.69402581 0 16887
0.12350000 0.12352200 14227.49449897 0 282.77278185 0 4986.51006068 0 140.43583184 0 135.20305113 0 16407
0.12450000 0.12449800 13835.09130739 0 272.36922545 0 4424.71137170 0 303.64743583 0 -167.69700277 0 16306
0.12550000 0.12549900 13586.40689197 0 284.97728172 0 4103.35928849 0 868.10569722 0 438.71540459 0 17523
0.12650000 0.12650100 13289.22569384 0 209.74747797 0 3883.03109692 0 834.49344077 0 583.19374222 0 17154
0.12750000 0.12750600 13083.94479170 0 206.10468310 0 3480.00954585 0 995.77403131 0 246.03148640 0 18007
0.12850000 0.12850300 12666.96103903 0 206.74244901 0 2840.00702668 0 438.34669618 0 648.03549082 0 17496
0.12950000 0.12949900 12656.66377695 0 262.84259717 0 2898.28067220 0 -40.76652841 0 953.33159582 0 18405
0.13050000 0.13049000 12486.81431423 0 -27.56887084 0 2805.43922860 0 -326.84284909 0 550.34436895 0 18100
0.13150000 0.13148800 12627.76500917 0 33.40055360 0 3128.03141219 0 -526.49679575 0 -56.58024416 0 19059
0.13250000 0.13249300 12537.30411540 0 121.27295927 0 3329.59201319 0 -413.80710268 0 381.64642801 0 18957
0.13350000 0.13349100 12547.82282398 0 306.37897836 0 3639.15207047 0 -794.16581931 0 -34.41610723 0 19468
0.13450000 0.13450700 12451.49359806 0 254.90152581 0 4013.66238514 0 -248.71763240 0 182.73764881 0 19953
0.13550000 0.13551000 12230.26854818 0 143.49179349 0 4258.09502783 0 242.71532512 0 72.03709889 0 19956
0.13650000 0.13649900 12253.74187680 0 -58.60825118 0 4025.41012177 0 690.07489369 0 624.24992265 0 19723
0.13750000 0.13749600 12128.62460635 0 128.64048421 0 4066.63238707 0 487.66725985 0 392.56595475 0 20946
0.13850000 0.13851100 12036.28141736 0 184.39296137 0 3783.60162005 0 201.77208240 0 552.30749214 0 20955
0.13950000 0.13949800 11803.31970317 0 288.94449570 0 3970.33637812 0 -46.94532855 0 469.26616323 0 20506
0.14050000 0.14048300 11471.37140511 0 528.22740012 0 4175.79443745 0 -410.58394893 0 437.76429189 0 21447
0.14150000 0.14148400 11161.34631019 0 497.05991299 0 4205.82258236 0 -263.31317098 0 982.21818403 0 21771
0.14250000 0.14249400 10871.36212319 0 48.83094547 0 3975.25249034 0 435.97057527 0 673.80854130 0 22470
0.14350000 0.14350900 10825.98773608 0 -184.58119089 0 3639.48424021 0 615.43745932 0 694.62229750 0 22519
0.14450000 0.14449900 11068.96990423 0 -122.49091500 0 3459.29322612 0 981.45972978 0 -141.97931392 0 22218
0.14550000 0.14550500 11014.54942774 0 -85.87905504 0 2711.44626321 0 461.31734124 0 -4.61722588 0 23559
0.14650000 0.14650700 10819.54364304 0 255.16393991 0 2730.86712095 0 25.04260921 0 -143.79074626 0 23044
0.14750000 0.14750500 10739.93362759 0 391.26717105 0 2717.34781234 0 -228.41431038 0 -112.98532415 0 23649
0.14850000 0.14849900 10330.18010303 0 419.08417269 0 2728.12118439 0 -324.24085276 0 188.78313816 0 23640
0.14950000 0.14949500 10002.66073489 0 223.94441285 0 2879.91168533 0 -39.81873741 0 69.70338498 0 24457
0.15050000 0.15050000 10014.31989293 0 78.75434618 0 2934.05535369 0 101.26737207 0 227.57170646 0 24591
0.15150000 0.15149900 9929.72733131 0 82.65922298 0 3005.68222294 0 359.67339941 0 222.01782833 0 25020
0.15250000 0.15250500 9818.06293551 0 34.42729028 0 2520.70332356 0 454.34399107 0 311.92953479 0 25297
0.15350000 0.15350100 9814.18762183 0 -23.06475983 0 2412.93638610 0 698.16654867 0 435.34388168 0 25452
0.15450000 0.15450400 9863.68091377 0 -19.87006195 0 2113.85074810 0 225.59197479 0 420.38627809 0 26061
0.15550000 0.15549900 9679.31563321 0 273.69901166 0 2174.06205047 0 65.41784166 0 -131.67651567 0 26128
0.15650000 0.15649500 9478.92869864 0 305.65927725 0 2059.50777789 0 -272.37365438 0 95.23118347 0 26331
0.15750000 0.15749700 9222.63759607 0 339.84618736 0 2335.19759355 0 -369.79128983 0 321.87912587 0 27345
0.15850000 0.15849900 9186.90720388 0 100.58354529 0 2339.41614931 0 -53.72269857 0 278.40696417 0 26980
0.15950000 0.15949700 9061.84529505 0 -58.50406060 0 2642.27745007 0 1.46780274 0 216.25357603 0 27777
0.16050000 0.16050000 9114.23953609 0 53.56170697 0 2523.37175384 0 63.72167222 0 149.41991620 0 28224
0.16150000 0.16150500 9121.09330516 0 110.31047192 0 2448.92144176 0 99.07029065 0 531.70521735 0 28075
0.16250000 0.16249700 8960.74389713 0 99.67218223 0 2460.96813117 0 186.07927644 0 597.70291666 0 28590
0.16350000 0.16349900 8913.16611739 0 65.86981396 0 2463.17152381 0 244.67512661 0 714.16495080 0 29163
0.16450000 0.16449100 8884.69917028 0 16.49366722 0 2469.41631500 0 380.08855191 0 604.77259606 0 28996
0.16550000 0.16550500 8855.85576412 0 89.16897491 0 2277.64364914 0 238.18010087 0 408.62746913 0 30777
0.16650000 0.16650700 8763.81152791 0 201.26607716 0 2333.90213155 0 -178.14041954 0 997.53785265 0 29211
0.16750000 0.16749900 8680.75801944 0 164.03759942 0 2397.16939556 0 -193.04598321 0 787.23232951 0 30922
0.16850000 0.16850800 8552.95017406 0 124.39867657 0 2683.58829397 0 -41.45865943 0 1074.49383184 0 30867
0.16950000 0.16949900 8520.95115534 0 129.61152709 0 2638.69001683 0 -25.80516022 0 693.27368833 0 30852
0.17050000 0.17049200 8382.23707001 0 92.19028018 0 2798.85119533 0 -257.43819543 0 637.98846328 0 31257
0.17150000 0.17149500 8460.24159835 0 137.48727174 0 2890.09822416 0 -98.32789128 0 212.25203784 0 32608
0.17250000 0.17250900 8243.67799723 0 142.74551879 0 2960.09746167 0 -149.09881878 0 422.09805950 0 32361
0.17350000 0.17350400 8114.29788172 0 252.90407842 0 2768.44659138 0 -17.22100824 0 400.35533526 0 32508
0.17450000 0.17449800 7941.44781898 0 38.09422282 0 2643.76114160 0 410.86186428 0 438.53603293 0 32791
0.17550000 0.17549800 7966.38269447 0 -42.63963360 0 2503.75159427 0 538.48369460 0 351.57620827 0 33633
0.17650000 0.17650100 7989.13632197 0 67.45304569 0 2283.26839015 0 339.38668588 0 287.79075945 0 33984
0.17750000 0.17750300 7939.05619682 0 83.14861973 0 2221.48481766 0 178.26885851 0 370.00609293 0 34069
0.17850000 0.17849800 7834.01305126 0 124.50829259 0 2072.47347025 0 -95.37501297 0 427.79255616 0 34536
0.17950000 0.17950400 7800.64106426 0 16.05453882 0 2144.00068858 0 -193.14563414 0 185.01190432 0 35343
0.18050000 0.18050100 7731.73798691 0 31.19693952 0 2265.44194719 0 45.94129014 0 156.68225404 0 34990
0.18150000 0.18150500 7630.65873364 0 106.30915517 0 2000.81338403 0 53.89409816 0 46.45227793 0 36243
0.18250000 0.18250200 7699.44001542 0 76.56767276 0 1937.62362629 0 323.31852810 0 124.79174410 0 35694
0.18350000 0.18350400 7604.80485519 0 -75.45257892 0 1801.05757198 0 299.95260103 0 -199.14461972 0 37087
0.18450000 0.18450600 7552.87565179 0 22.87564452 0 1595.12340267 0 448.70042711 0 -110.35907942 0 36651
0.18550000 0.18550700 7571.52144679 0 170.30342804 0 1470.34937429 0 78.21169154 0 -205.17792952 0 37818
0.18650000 0.18651000 7356.08722279 0 206.24087270 0 1356.11619914 0 26.31127619 0 107.29071677 0 37267
0.18750000 0.18750100 7259.89086477 0 178.71285874 0 1549.61614767 0 -206.85981566 0 33.62532180 0 38334
0.18850000 0.18850000 7184.23366928 0 100.54091684 0 1611.66545595 0 -69.75376406 0 181.39789750 0 38223
0.18950000 0.18949500 7138.41638918 0 63.24556226 0 1825.58277145 0 -70.13620216 0 286.49751191 0 39064
0.19050000 0.19050000 7018.84635346 0 146.47024886 0 1757.62084171 0 -95.03232452 0 426.05420116 0 39609
0.19150000 0.19149800 7029.02181997 0 110.58927306 0 1865.99675704 0 22.76890731 0 540.54868318 0 39576
0.19250000 0.19250400 6978.65381437 0 54.54504014 0 1931.82172808 0 64.34504411 0 563.27352264 0 40909
0.19350000 0.19350500 6927.77648183 0 25.32473205 0 1798.88739631 0 166.23213420 0 510.38656314 0 40191
0.19450000 0.19450100 6879.68937514 0 34.47169030 0 1794.58026196 0 254.07220868 0 582.21827040 0 41232
0.19550000 0.19549800 6857.61115945 0 67.97067687 0 1752.95939296 0 284.04609920 0 611.48353213 0 40873
0.19650000 0.19649700 6689.81007683 0 160.40698411 0 1746.49315527 0 97.15987173 0 686.08996399 0 42816
0.19750000 0.19750200 6625.56844823 0 184.32209849 0 1465.69899787 0 142.86842160 0 545.58769821 0 41727
0.19850000 0.19849000 6456.21724013 0 224.69068754 0 1533.84915713 0 -34.45109578 0 736.41478753 0 42610
0.19950000 0.19949900 6329.21767446 0 93.16265175 0 1248.98038419 0 -21.06111193 0 724.14000823 0 43863
0.20050000 0.20050100 6287.54144384 0 -70.82800102 0 1213.52680012 0 185.32303665 0 543.03663457 0 43302
0.20150000 0.20150100 6347.18805764 0 -21.38885275 0 1112.17073873 0 185.42933097 0 428.51890067 0 44487
0.20250000 0.20249700 6343.22416535 0 -37.89004915 0 971.01742025 0 83.37892409 0 261.35115502 0 43759
0.20350000 0.20349100 6352.66885842 0 10.61657686 0 955.09430993 0 142.10443119 0 140.98723361 0 45282
0.20450000 0.20449700 6320.12729578 0 129.24724761 0 949.08203755 0 -134.53649717 0 192.69499052 0 45483
0.20550000 0.20549900 6205.05262394 0 164.21143492 0 999.74899592 0 -104.84771902 0 418.92140951 0 46138
0.20650000 0.20650200 6194.03566075 0 49.18426335 0 1160.20248380 0 -44.66542615 0 358.38458080 0 46227
0.20750000 0.20749300 6195.32005043 0 -13.29431896 0 1137.30491607 0 31.97388455 0 454.48128790 0 46236
0.20850000 0.20850300 6200.98908073 0 18.18463267 0 1158.61914135 0 51.35875722 0 257.39944229 0 48361
0.20950000 0.20950400 6185.02278835 0 24.09980075 0 1145.40985784 0 -6.24050621 0 265.56085292 0 46812
0.21050000 0.21050300 6244.85763167 0 150.31788174 0 1196.74115570 0 3.46614700 0 161.06468021 0 48813
0.21150000 0.21149700 6065.77385005 0 148.56845442 0 1158.76308157 0 14.81366337 0 451.82725164 0 47215
0.21250000 0.21249000 6047.54880340 0 137.08423911 0 1082.53123243 0 63.90126533 0 419.32333490 0 50004
0.21350000 0.21350300 5885.49425735 0 22.31549561 0 1113.49941771 0 178.60877888 0 589.18940611 0 49509
0.21450000 0.21449800 5938.47533161 0 -42.01138989 0 1034.83940774 0 264.28642833 0 534.47994195 0 49660
0.21550000 0.21550100 5949.69159665 0 70.72015657 0 1109.02619849 0 92.69440313 0 380.83482660 0 50841
0.21650000 0.21649800 5888.35091715 0 46.12287626 0 1009.12836227 0 -104.38611380 0 260.52737405 0 50424
0.21750000 0.21750300 5797.00423740 0 154.78445757 0 1103.00174655 0 -104.66546855 0 548.69237809 0 52231
0.21850000 0.21850300 5748.07563403 0 130.11421064 0 1208.53318163 0 -171.10395712 0 480.97957566 0 51078
0.21950000 0.21950100 5644.39438443 0 82.17281575 0 1123.25413588 0 150.19165724 0 425.59912861 0 52791
0.22050000 0.22050700 5607.90000182 0 52.09761346 0 1054.05210576 0 121.36485957 0 282.34206841 0 52969
0.22150000 0.22150000 5564.46327156 0 59.92109673 0 870.23158359 0 169.06664935 0 227.80976145 0 52704
0.22250000 0.22250100 5485.20757051 0 49.91869066 0 852.12501081 0 78.53478198 0 -40.88599880 0 54051
0.22350000 0.22349900 5436.11288226 0 118.68535696 0 721.58008673 0 -74.57454357 0 1.62999015 0 53938
0.22450000 0.22449800 5332.58664521 0 148.65814025 0 746.05324628 0 -164.19039750 0 -92.16625324 0 54735
0.22550000 0.22549100 5268.96506680 0 89.10541976 0 769.39924316 0 -132.78264092 0 145.04191896 0 54774
0.22650000 0.22649900 5181.94766605 0 112.75280533 0 825.22701213 0 -25.35119490 0 34.31346678 0 56911
0.22750000 0.22749800 5189.15574951 0 36.53856118 0 886.08050933 0 113.74599286 0 -21.45628320 0 54879
0.22850000 0.22849100 5130.08489660 0 -24.28526219 0 863.48521607 0 96.14896847 0 70.00599162 0 57210
0.22950000 0.22949800 5237.33143479 0 1.33869943 0 839.26229107 0 88.47772967 0 83.68208434 0 57375
0.23050000 0.23049600 5180.24252803 0 18.70104590 0 747.68419973 0 108.07640894 0 97.07361832 0 57604
0.23150000 0.23150100 5216.63725971 0 48.08998549 0 756.56531146 0 -25.59855064 0 167.66600026 0 58629
0.23250000 0.23250200 5148.70854694 0 77.61389673 0 731.44109922 0 112.15822148 0 206.86535182 0 58560
0.23350000 0.23350400 5115.14833042 0 84.62245689 0 824.17735574 0 10.19183140 0 -50.48459718 0 59305
0.23450000 0.23449700 4970.30017714 0 148.42783589 0 704.16774872 0 -73.52422283 0 100.70932690 0 59196
0.23550000 0.23549300 4989.42208210 0 107.63860922 0 861.25635709 0 -118.94998553 0 -2.92203081 0 60063
0.23650000 0.23649900 4875.38820880 0 59.60631054 0 919.01846120 0 -112.06299949 0 90.15208663 0 61537
0.23750000 0.23750400 4847.60774583 0 68.97604397 0 870.03228174 0 4.74732570 0 153.63072132 0 61224
0.23850000 0.23850100 4809.06498313 0 34.79001964 0 929.37108491 0 153.78130494 0 218.18348225 0 61221
0.23950000 0.23949400 4808.69959641 0 59.15677415 0 791.80962859 0 246.99477866 0 30.37094408 0 62332
0.24050000 0.24050100 4705.74912025 0 50.89859141 0 693.45527446 0 186.27857828 0 132.84575317 0 63447
0.24150000 0.24150500 4735.85477143 0 39.21130967 0 550.13842371 0 -4.09436856 0 179.40045011 0 63342
0.24250000 0.24250300 4703.13605159 0 31.62864946 0 533.04386142 0 2.65993781 0 139.04736231 0 63379
0.24350000 0.24349600 4695.33006260 0 28.52762345 0 585.81677597 0 -0.32242721 0 201.66800255 0 64266
0.24450000 0.24449500 4685.28746398 0 -6.40844016 0 566.03053152 0 -39.05397193 0 100.36043794 0 64695
0.24550000 0.24549600 4678.68835839 0 110.91922834 0 665.50983385 0 -86.22572953 0 35.07302827 0 65947
0.24650000 0.24650000 4643.53372709 0 141.49545332 0 677.62849337 0 -124.29791841 0 114.37268645 0 66018
0.24750000 0.24750000 4583.51065425 0 33.09617539 0 823.33475182 0 -33.74899966 0 239.86973764 0 66303
0.24850000 0.24849600 4577.63124977 0 32.85933836 0 846.86454929 0 -2.99055743 0 337.68154785 0 66958
0.24950000 0.24949200 4626.81451662 0 34.15402531 0 933.99267329 0 107.38992480 0 296.07728735 0 66975
0.25050000 0.25048900 4590.71873771 0 12.56088817 0 916.09758192 0 106.33030331 0 366.75525836 0 68676
0.25150000 0.25150000 4524.48409064 0 93.68437969 0 824.79297700 0 94.06371754 0 381.17363974 0 69349
0.25250000 0.25249900 4495.47459962 0 121.18770237 0 842.13777382 0 9.92863117 0 406.12955265 0 68592
0.25350000 0.25349900 4350.22784265 0 58.60780828 0 716.53110662 0 122.73450615 0 378.20293499 0 70437
0.25450000 0.25450100 4375.67204508 0 52.81211058 0 588.20286197 0 97.71714184 0 370.58738998 0 70099
0.25550000 0.25550100 4356.67193569 0 -30.88093537 0 504.53926841 0 103.87125070 0 331.53087142 0 71064
0.25650000 0.25650300 4347.41547214 0 6.74278008 0 442.75237422 0 92.02120578 0 239.90295461 0 71409
0.25750000 0.25750600 4345.06813928 0 58.11221102 0 428.18894539 0 -47.01486275 0 106.72414591 0 72612
0.25850000 0.25850600 4330.18693473 0 95.51297414 0 465.94889472 0 -59.92076456 0 375.29091357 0 71845
0.25950000 0.25949600 4273.06481099 0 95.94014443 0 465.89574756 0 -1.37857087 0 331.14776898 0 72816
0.26050000 0.26049800 4224.57910061 0 40.79786309 0 490.29693699 0 55.18424545 0 489.76989433 0 73743
0.26150000 0.26149900 4239.95855978 0 32.29863584 0 465.43403161 0 120.12697365 0 468.80666175 0 74662
0.26250000 0.26250300 4257.20924185 0 22.19713246 0 454.94411108 0 20.50827075 0 334.59901262 0 74931
0.26350000 0.26350100 4216.59595441 0 20.49210516 0 460.66961024 0 -26.79225798 0 478.09855674 0 75087
0.26450000 0.26450200 4187.44252316 0 90.13426019 0 553.64170728 0 -92.22615451 0 358.35136383 0 76678
0.26550000 0.26550600 4134.50573821 0 42.56710987 0 524.11956762 0 25.12388008 0 430.72561500 0 76035
0.26650000 0.26650100 4168.23203960 0 27.79673929 0 473.99847486 0 61.51196836 0 304.04936122 0 77094
0.26750000 0.26750600 4172.90456068 0 -14.13880518 0 467.15356366 0 11.63247373 0 286.17752173 0 78463
0.26850000 0.26850100 4176.76880204 0 21.04682863 0 462.25738162 0 70.34137234 0 162.95694052 0 77076
0.26950000 0.26949700 4140.85018033 0 97.63310289 0 431.09985958 0 -56.26722954 0 182.31468600 0 79149
0.27050000 0.27049900 4062.95637523 0 110.03012065 0 449.75451244 0 -26.30673654 0 114.47344460 0 79648
0.27150000 0.27150200 4043.87875957 0 46.69764065 0 384.99802073 0 97.32030972 0 266.15875846 0 80241
0.27250000 0.27250500 3968.55373382 0 64.43938032 0 313.61806433 0 101.79895438 0 263.18694647 0 80835
0.27350000 0.27350000 4000.99564554 0 45.91770609 0 248.70323838 0 195.12425858 0 240.90610724 0 80680
0.27450000 0.27450400 3887.88077520 0 18.94341909 0 117.04997459 0 87.87949196 0 284.54435382 0 82617
0.27550000 0.27550800 3932.60189514 0 63.76330417 0 224.53678223 0 -41.25515010 0 251.42924475 0 82548
0.27650000 0.27649900 3845.91666413 0 106.49915627 0 225.58311693 0 -93.98720778 0 321.70418314 0 81181
0.27750000 0.27748900 3781.95184366 0 114.39040217 0 377.47216155 0 -125.28446256 0 305.11341163 0 84096
0.27850000 0.27849800 3751.03791276 0 57.50467256 0 407.55566809 0 -94.08785521 0 307.18725807 0 85215
0.27950000 0.27950200 3753.18594378 0 22.81507891 0 371.28826814 0 -50.51416029 0 233.70134548 0 84514
0.28050000 0.28050300 3738.44867944 0 39.07810960 0 481.30399477 0 -19.45329964 0 167.69035938 0 85815
0.28150000 0.28150100 3708.65305336 0 51.66634641 0 459.93883680 0 -76.06111390 0 224.22232820 0 85485
0.28250000 0.28250000 3717.40018996 0 55.45684609 0 362.45366017 0 80.16927857 0 294.25256822 0 87220
0.28350000 0.28350400 3669.43487885 0 49.27727088 0 348.14821651 0 117.14630381 0 293.03018356 0 87147
0.28450000 0.28449700 3658.37362635 0 51.50646204 0 279.04473008 0 114.78125523 0 341.22690626 0 87102
0.28550000 0.28549800 3624.17121499 0 30.32056501 0 313.28257288 0 78.81568686 0 297.90643541 0 88971
0.28650000 0.28649900 3568.21168536 0 71.62498696 0 206.32170067 0 25.58869627 0 352.89935108 0 89434
0.28750000 0.28750100 3594.55274610 0 16.65233363 0 259.33045574 0 5.26420397 0 310.06716976 0 89619
0.28850000 0.28849900 3565.96400342 0 2.39994855 0 207.31488821 0 -22.34727318 0 361.08512082 0 90240
0.28950000 0.28950100 3608.07205470 0 25.31255249 0 238.03948235 0 -7.45630283 0 237.09390581 0 91333
0.29050000 0.29050500 3544.17366817 0 71.58634454 0 215.43311676 0 23.88599416 0 231.08938406 0 92139
0.29150000 0.29150600 3543.05536337 0 71.11809593 0 152.72721962 0 -41.74144661 0 142.27383776 0 92370
0.29250000 0.29250200 3479.26770009 0 50.35870485 0 210.39520897 0 42.05302183 0 236.92671370 0 91819
0.29350000 0.29349600 3487.05154444 0 35.37175959 0 159.60977673 0 -36.51663798 0 101.36613721 0 93552
0.29450000 0.29450000 3497.93563973 0 -25.83361610 0 186.34058330 0 43.59993633 0 203.22587865 0 94701
0.29550000 0.29550200 3517.56687164 0 -39.67103259 0 149.26047472 0 18.10181168 0 152.51463098 0 95020
0.29650000 0.29650300 3612.12452559 0 0.20806670 0 179.38605608 0 94.59319611 0 2.49519269 0 95151
0.29750000 0.29749800 3598.48342141 0 30.85679770 0 74.59945630 0 -23.32905622 0 115.28836771 0 95802
0.29850000 0.29850000 3575.20939464 0 81.41557945 0 113.47804260 0 -16.42070060 0 -35.95504966 0 97399
0.29950000 0.29950700 3528.76099203 0 61.68591458 0 133.16131443 0 -57.26949638 0 84.98607204 0 97881
0.30050000 0.30050300 3454.27746297 0 117.30131636 0 129.99573677 0 -33.67105050 0 19.33139335 0 97188
0.30150000 0.30149700 3416.15544862 0 102.56748445 0 120.00296362 0 31.69364401 0 78.77693373 0 98263
0.30250000 0.30249700 3329.48128994 0 85.98601369 0 105.86227614 0 95.39704690 0 152.14149364 0 100050
0.30350000 0.30350600 3282.12495669 0 67.44330204 0 80.67694467 0 130.20389647 0 217.82916785 0 100779
0.30450000 0.30450500 3248.95227154 0 34.69446548 0 111.46287948 0 113.71166866 0 216.57910238 0 99982
0.30550000 0.30550300 3231.48014297 0 45.22424638 0 65.54650208 0 4.73846784 0 252.16776881 0 101559
0.30650000 0.30649700 3213.93050813 0 84.97367103 0 103.60075380 0 -36.68925552 0 364.11893782 0 100935
0.30750000 0.30749800 3177.59113808 0 62.51168857 0 125.60888167 0 -76.26584118 0 334.88910753 0 103762
0.30850000 0.30850200 3160.00828627 0 51.18757908 0 102.99033653 0 -17.05082660 0 478.62559940 0 102951
0.30950000 0.30950100 3118.66422539 0 10.97523160 0 127.19333135 0 50.84776943 0 286.70567162 0 104394
0.31050000 0.31050000 3187.16869905 0 -3.30254232 0 86.11699930 0 8.99572137 0 266.48096311 0 103963
0.31150000 0.31149700 3139.18124328 0 30.79014230 0 105.71036385 0 8.09142246 0 229.07311371 0 105936
0.31250000 0.31250000 3150.29785740 0 93.64440860 0 131.03874976 0 -97.87935140 0 229.56029600 0 105717
0.31350000 0.31349800 3121.59839147 0 70.32321373 0 123.29476579 0 -15.34125965 0 339.11762838 0 106776
0.31450000 0.31450400 3065.35098139 0 45.41402603 0 158.52468889 0 -9.07535353 0 307.15625556 0 108733
0.31550000 0.31549900 3086.32196460 0 60.49209652 0 170.79725372 0 -45.37316915 0 308.81156812 0 105891
0.31650000 0.31650000 3065.53921091 0 -1.09217523 0 205.81680266 0 70.78194014 0 311.75348483 0 111072
0.31750000 0.31750600 3094.75907611 0 19.62536357 0 133.96405798 0 84.31697145 0 392.93023423 0 108121
0.31850000 0.31849900 3108.15658914 0 -10.10691775 0 80.68436312 0 65.24743858 0 398.73656137 0 110484
0.31950000 0.31950100 3094.31618312 0 25.88554530 0 64.78505830 0 104.72769502 0 361.16484156 0 110817
0.32050000 0.32049800 3092.50032185 0 82.51871518 0 7.71595992 0 18.49332908 0 323.08268758 0 111088
0.32150000 0.32149900 3019.83265406 0 74.33671003 0 69.16216975 0 -43.97672754 0 460.50241814 0 112635
0.32250000 0.32250100 2998.39663321 0 45.47259863 0 37.35337356 0 -7.69970575 0 444.75978671 0 113202
0.32350000 0.32350400 3000.07962659 0 -3.84168704 0 25.12388008 0 14.82274268 0 464.87155751 0 113863
0.32450000 0.32450300 3000.22356681 0 24.46828772 0 31.10581428 0 1.26051775 0 320.89368896 0 114045
0.32550000 0.32549900 3019.47833967 0 29.39547227 0 41.83755439 0 -24.14907260 0 304.86428432 0 114828
0.32650000 0.32650300 2996.44790405 0 65.61692206 0 58.47128652 0 -62.42244563 0 299.68243631 0 116431
0.32750000 0.32750400 2961.48150227 0 74.50877396 0 56.11099904 0 -57.65913149 0 293.00139551 0 116442
0.32850000 0.32850400 2916.71609303 0 73.48414102 0 74.72468429 0 48.71202870 0 332.87726612 0 116955
0.32950000 0.32949800 2878.51657240 0 53.28279511 0 8.39572316 0 34.65028690 0 187.81652420 0 117028
0.33050000 0.33049700 2829.85370482 0 65.41507358 0 54.27576120 0 85.04763416 0 256.30328213 0 119061
0.33150000 0.33150100 2831.85779562 0 40.23317452 0 12.48626070 0 -8.40335199 0 312.11112092 0 120060
0.33250000 0.33250400 2797.81039680 0 41.93011903 0 5.96551395 0 -28.23376395 0 263.17476692 0 119737
0.33350000 0.33350100 2785.78585205 0 41.25481793 0 15.99408392 0 -50.89803779 0 293.81742585 0 120531
0.33450000 0.33450000 2777.37088518 0 51.92887123 0 62.61078588 0 -40.50422504 0 215.77525160 0 121704
0.33550000 0.33550300 2759.26763411 0 59.44974786 0 54.92880692 0 -36.57797865 0 192.02732933 0 122761
0.33650000 0.33650300 2699.72067123 0 71.71345483 0 18.73127334 0 -41.44659060 0 156.59146098 0 122472
0.33750000 0.33749900 2695.62391105 0 64.62262729 0 51.41035426 0 3.26953572 0 143.47739946 0 122985
0.33850000 0.33849800 2671.28694110 0 8.11103155 0 7.90314865 0 40.28388577 0 149.05342224 0 125380
0.33950000 0.33950300 2704.95788087 0 6.70617497 0 -20.50406327 0 33.03173446 0 149.53839007 0 125223
0.34050000 0.34050000 2700.75039744 0 1.31749593 0 -25.85609292 0 39.77278726 0 99.04083827 0 125178
0.34150000 0.34149900 2719.32975849 0 3.76633987 0 -64.72803583 0 67.14578867 0 95.91822122 0 127059
0.34250000 0.34250300 2716.39559241 0 54.00692515 0 -31.35173062 0 7.82049374 0 115.67479185 0 127957
0.34350000 0.34349800 2682.53642311 0 56.33111685 0 -71.76981297 0 43.43008687 0 212.81229748 0 126732
0.34450000 0.34449700 2642.65390912 0 61.84624185 0 -120.35506355 0 63.22042808 0 198.83238016 0 129639
0.34550000 0.34550000 2638.09211129 0 36.42075164 0 -131.40524372 0 63.67671859 0 285.54750645 0 129826
0.34650000 0.34650400 2605.72770585 0 28.42919048 0 -194.03917075 0 117.64566566 0 255.00117674 0 130875
0.34750000 0.34750200 2605.73877817 0 52.40309890 0 -237.21459415 0 57.63742974 0 234.86283236 0 130686
0.34850000 0.34850200 2593.97996921 0 59.91401044 0 -332.10220338 0 -84.17435991 0 178.82579645 0 132211
0.34950000 0.34950400 2515.49933090 0 86.87822163 0 -236.89903289 0 -114.49448202 0 159.34293370 0 132768
0.35050000 0.35050300 2514.85713606 0 50.29769634 0 -240.44106960 0 -131.40967265 0 150.78070492 0 132957
0.35150000 0.35150100 2464.98738508 0 26.54955262 0 -216.96663375 0 18.86159461 0 81.23078235 0 133987
0.35250000 0.35249800 2501.68106952 0 -1.92311888 0 -202.02674587 0 -4.86450411 0 38.04196144 0 134778
0.35350000 0.35349800 2519.27499366 0 26.07920026 0 -205.38055306 0 54.94917999 0 -21.52858548 0 135699
0.35450000 0.35450100 2496.25563036 0 61.71093804 0 -165.86453302 0 -24.42898097 0 23.89042309 0 137380
0.35550000 0.35550100 2467.20185004 0 76.72523194 0 -183.09085597 0 -7.01401882 0 129.08337720 0 136161
0.35650000 0.35649900 2446.95056795 0 41.14874506 0 -157.18604482 0 54.28295821 0 181.95262098 0 138792
0.35750000 0.35750000 2435.47963943 0 20.77489233 0 -207.49868880 0 107.69219927 0 202.15961377 0 138097
0.35850000 0.35849800 2399.99283839 0 33.46754117 0 -294.09644844 0 134.77565939 0 268.23149766 0 140028
0.35950000 0.35950300 2419.46905775 0 50.28584895 0 -323.69498714 0 78.42228716 0 212.53770382 0 141099
0.36050000 0.36050500 2369.24499237 0 44.99914602 0 -381.58553023 0 6.30818026 0 247.30258929 0 140821
0.36150000 0.36150200 2342.29495376 0 61.33735780 0 -405.13082895 0 -73.33477536 0 200.19316888 0 141756
0.36250000 0.36250400 2349.63590512 0 25.56644090 0 -405.83835051 0 -90.63251480 0 173.72809810 0 142971
0.36350000 0.36349900 2341.70812055 0 10.69520144 0 -316.90100863 0 -54.14809729 0 121.12126842 0 142270
0.36450000 0.36450000 2355.73675609 0 60.03082347 0 -291.61846214 0 -71.50662380 0 118.85587077 0 145311
0.36550000 0.36550300 2314.72486496 0 95.39771124 0 -189.42865469 0 -88.38649371 0 112.10396709 0 145434
0.36650000 0.36650100 2290.36575036 0 63.65103079 0 -181.10448090 0 -18.02762710 0 141.11124365 0 144547
0.36750000 0.36749600 2277.02359895 0 35.79638325 0 -148.36029471 0 18.67701895 0 170.71642575 0 146892
0.36850000 0.36849900 2268.91865719 0 -6.85024806 0 -167.91623480 0 50.17667583 0 137.46180539 0 148113
0.36950000 0.36949900 2297.02021758 0 14.14843810 0 -154.78335034 0 63.68967321 0 219.41251030 0 147387
0.37050000 0.37049800 2293.01203599 0 15.91181655 0 -247.26051446 0 70.35775938 0 186.79787032 0 149758
0.37150000 0.37150100 2275.58419673 0 44.41696318 0 -272.78997379 0 22.10146757 0 171.00209173 0 150099
0.37250000 0.37250000 2253.79386149 0 78.94268643 0 -330.69269643 0 -22.08198028 0 163.92134001 0 150468
0.37350000 0.37349800 2206.06106919 0 69.61624579 0 -312.71677709 0 -50.41583804 0 134.66161444 0 150709
0.37450000 0.37449700 2171.84758550 0 60.63249360 0 -311.83652726 0 -29.95340672 0 153.25204781 0 153108
0.37550000 0.37550100 2173.10983053 0 11.43804371 0 -317.83883455 0 5.98929730 0 172.02738901 0 153189
0.37650000 0.37649900 2174.37207556 0 -4.91147292 0 -308.21698428 0 103.16162540 0 140.98391192 0 153547
0.37750000 0.37749900 2200.92351048 0 18.59309073 0 -376.33503380 0 32.81914583 0 195.90596471 0 155424
0.37850000 0.37850200 2227.31993284 0 36.26906079 0 -349.99286582 0 65.09154025 0 213.01824272 0 155313
0.37950000 0.37949900 2194.66764695 0 61.50366412 0 -343.05716155 0 -59.88278649 0 289.29327393 0 156100
0.38050000 0.38050000 2169.14593825 0 54.13879654 0 -305.71796057 0 -50.79218636 0 317.61406635 0 157557
0.38150000 0.38149800 2154.03221487 0 59.13130780 0 -296.55229008 0 -42.09576100 0 367.12285955 0 157692
0.38250000 0.38250100 2128.78731428 0 41.52952231 0 -227.46984107 0 30.92865709 0 360.21815779 0 159703
0.38350000 0.38350500 2147.37774765 0 24.57580000 0 -248.57479941 0 32.11284223 0 336.98177693 0 160338
0.38450000 0.38450600 2120.19519022 0 33.56232027 0 -267.93033043 0 47.88049711 0 339.72107009 0 160167
0.38550000 0.38550000 2131.55539549 0 20.02064557 0 -320.11751899 0 60.04510677 0 334.16165579 0 160033
0.38650000 0.38649600 2122.68646331 0 27.65601004 0 -373.17609953 0 7.41222391 0 236.01767583 0 162444
0.38750000 0.38750200 2125.23309802 0 22.27220282 0 -375.89435527 0 -50.24742798 0 278.67823613 0 164307
0.38850000 0.38850400 2130.61424788 0 35.90544565 0 -377.02926856 0 -67.89139903 0 184.35642270 0 163882
0.38950000 0.38950500 2109.43289050 0 46.00484528 0 -335.44936717 0 -75.49044627 0 232.66719034 0 164595
0.39050000 0.39050100 2113.77324183 0 42.46624099 0 -332.75879224 0 -22.76968237 0 156.78079773 0 165006
0.39150000 0.39150100 2088.15188220 0 59.58283721 0 -317.36272458 0 11.01850225 0 220.41455570 0 166687
0.39250000 0.39250100 2090.88674643 0 49.70355539 0 -342.20237808 0 28.55541498 0 218.65959222 0 167256
0.39350000 0.39350100 2059.89530926 0 27.26294251 0 -297.21441511 0 60.09105692 0 244.71055805 0 167937
0.39450000 0.39449600 2074.41112710 0 33.63816569 0 -333.71876280 0 48.83493151 0 208.58931279 0 167719
0.39550000 0.39549700 2047.33929292 0 22.32856095 0 -386.27244532 0 65.27390144 0 265.93066856 0 171636
0.39650000 0.39650400 2045.75595047 0 50.35339013 0 -381.43605384 0 13.54034602 0 222.47732981 0 171093
0.39750000 0.39750000 2020.07922921 0 63.44231747 0 -443.59276367 0 -2.41601449 0 250.77819205 0 170464
0.39850000 0.39849800 1999.14146298 0 49.53868847 0 -418.78300545 0 -39.40097859 0 238.33179172 0 172113
0.39950000 0.39949500 1966.48917709 0 49.25324394 0 -407.23567790 0 -42.82498432 0 258.48120843 0 173232
