### header ###
fiducial parameters:
Omega_m = 0.31
Omega_nu = 0
Omega_de = 0.69
Omega_k = 0
H_0 = 100
w_de = -1
zeff = 0
beta = 0
fgrowth = 0
b_1 = 2
gamma = 0.55
Lx = 3500 Ly = 3500 Lz = 3500
nx = 700 ny = 700 nz = 700
xoffset = -685.467585 yoffset = -31.7331281 zoffset = 572.489161
bins = 400 dk = 0.001
kx_ny = 0.628318531 ky_ny = 0.628318531 kz_ny = 0.628318531
############################
A(data) = 8.07073917 (not used)
A(ran) = 8.07088588 (used)
Ngal = 479073
weighted Ngal = 0
Nran = 23820508
weighted Nran = 0
SN(data) = 3485.18897
SN(ran) = 70.300343
SN(data+ran) = 3555.48931
############################
13 columns: k_central k_mean P_0(k) sigma^{lin}_{P_0(k)} P^img_1(k) sigma^{lin}_{P_1(k)} P_2(k) sigma^{lin}_{P_2(k)} P^img_3(k) sigma^{lin}_{P_3(k)} P_4(k) sigma^{lin}_{P_4(k)} N_modes
### header ###
0.00050000 0 0 0 0 0 0 0 0 0 0 0 0
0.00150000 0.00179520 10811.73765404 0 -17497.48418766 0 3612.13559791 0 -45467.17318879 0 474.83222092 0 3
0.00250000 0.00253879 20563.41092994 0 -14125.51838739 0 -6823.88485806 0 26950.59222483 0 68034.89635741 0 6
0.00350000 0.00331552 23147.24864962 0 -2116.91778208 0 12180.00019350 0 -22059.06056644 0 -31508.62545967 0 7
0.00450000 0.00420575 35990.37037651 0 -7486.05417151 0 4529.24519032 0 -19619.71668565 0 11044.06824571 0 24
0.00550000 0.00557378 51321.33276691 0 -12103.71187550 0 8433.29155975 0 -6620.43088951 0 2651.05780365 0 45
0.00650000 0.00659388 63547.83672465 0 -18189.72593532 0 6111.56898550 0 -2960.64000558 0 23269.48711562 0 40
0.00750000 0.00754703 80441.87920969 0 -20158.93890432 0 25986.30345637 0 -7449.06153429 0 7861.14024707 0 57
0.00850000 0.00846663 98456.77313613 0 5686.29206154 0 42039.73504118 0 -4343.71731565 0 21356.96444969 0 75
0.00950000 0.00948925 90736.04104008 0 9671.04460657 0 60811.53309222 0 15048.61810752 0 31860.50394241 0 112
0.01050000 0.01054430 95409.11572979 0 10767.29334222 0 49118.27229774 0 28964.20521635 0 47492.63356787 0 105
0.01150000 0.01145670 89700.44649980 0 5489.08288419 0 71529.21134692 0 38086.02929494 0 5009.66229187 0 144
0.01250000 0.01249090 83251.37090918 0 9935.92783321 0 63960.05937765 0 16227.04563797 0 7241.48866092 0 169
0.01350000 0.01339930 92137.46519238 0 46.59798972 0 74662.45782410 0 17255.88606012 0 4589.17968456 0 180
0.01450000 0.01448870 81175.08855918 0 -6624.56086667 0 57608.42024543 0 15610.09569907 0 3142.61366398 0 267
0.01550000 0.01550050 88464.88577328 0 -1487.04644012 0 41402.52274787 0 3356.33167763 0 -23329.72056263 0 238
0.01650000 0.01653350 87288.89415429 0 3213.80871256 0 45798.23570087 0 9125.02398047 0 -31609.82650851 0 315
0.01750000 0.01747870 80928.28643898 0 8751.79805548 0 30769.99067102 0 -3828.26737837 0 -25763.86045076 0 297
0.01850000 0.01844180 71673.04084632 0 5427.05572056 0 26416.79544532 0 14644.36752839 0 -21205.49504618 0 388
0.01950000 0.01947590 74306.59330443 0 -4534.09486859 0 22032.81915662 0 7155.24632290 0 -13842.06687203 0 399
0.02050000 0.02045430 75027.40165013 0 900.48228222 0 15561.15602337 0 13298.08355369 0 -16726.29676404 0 462
0.02150000 0.02154770 72924.54572057 0 6279.52508067 0 11490.74797354 0 3476.31138936 0 -10458.43084140 0 571
0.02250000 0.02255340 65332.91693191 0 4226.49461280 0 20742.11825251 0 3658.63936215 0 8165.90598770 0 510
0.02350000 0.02348930 66130.23504210 0 1443.27754011 0 21030.33086754 0 7204.57352997 0 -4636.92354918 0 555
0.02450000 0.02439640 65750.56502407 0 4737.42704156 0 24609.23841868 0 1673.63725796 0 6151.14147440 0 592
0.02550000 0.02547300 61234.60662354 0 3605.21539490 0 23249.44620770 0 5294.08817181 0 3252.79436825 0 837
0.02650000 0.02652900 62212.29290502 0 1368.47291364 0 26313.49065476 0 2285.67108464 0 17060.45952707 0 723
0.02750000 0.02749970 60485.56384956 0 -2368.80209938 0 18968.55326306 0 12310.87507286 0 12233.25807588 0 826
0.02850000 0.02848090 63565.10955137 0 -3104.30342010 0 20992.35279342 0 5255.13573310 0 13659.70568227 0 831
0.02950000 0.02946900 64226.90240578 0 3397.24391783 0 25072.28304259 0 2012.31752952 0 10418.63690600 0 996
0.03050000 0.03053250 61519.94043411 0 3673.40984346 0 27324.94752694 0 -2568.00429519 0 8129.86557042 0 1041
0.03150000 0.03150510 57611.52049638 0 4952.35193861 0 23179.02622185 0 -5210.82428918 0 14704.15808241 0 1036
0.03250000 0.03246190 54618.78182115 0 246.92391578 0 25008.39572839 0 -3.31225275 0 8067.60588796 0 1059
0.03350000 0.03345080 59188.33027380 0 -2032.33629279 0 33946.41921499 0 2093.97592505 0 8669.53068208 0 1302
0.03450000 0.03451200 56512.26008839 0 2283.46769200 0 30697.13477371 0 2516.19688736 0 -2930.30183558 0 1339
0.03550000 0.03553350 55623.81674494 0 4773.98785811 0 27147.45816010 0 -73.09096276 0 -5072.61953079 0 1365
0.03650000 0.03647120 52410.18518957 0 1591.10414876 0 22651.42994424 0 -1412.83971918 0 -6975.23246600 0 1308
0.03750000 0.03744890 49498.27448552 0 1684.45491931 0 23160.31399291 0 -640.49080869 0 -8095.75173765 0 1579
0.03850000 0.03847530 47507.02759013 0 3161.24838665 0 19549.62886955 0 2388.20081246 0 -17766.98457374 0 1662
0.03950000 0.03950240 46313.87386767 0 141.46334358 0 20543.92363826 0 3749.11132824 0 -9726.48373694 0 1683
0.04050000 0.04050350 46484.83056287 0 267.22613057 0 16511.05076957 0 4028.11176902 0 -12243.88750771 0 1822
0.04150000 0.04152450 43718.52093018 0 1083.85437524 0 18642.47329715 0 3246.93710842 0 -6365.15844082 0 1887
0.04250000 0.04250150 45042.99242499 0 1355.83939102 0 16510.60787657 0 3936.57685975 0 -902.89826350 0 1920
0.04350000 0.04349210 43911.06865878 0 625.84655189 0 19476.33007925 0 4765.04141965 0 6050.46082482 0 2005
0.04450000 0.04448520 43994.88615766 0 -1094.89459032 0 16958.48341549 0 6466.76916568 0 12363.69006225 0 2151
0.04550000 0.04548030 45286.25140126 0 -1571.09645782 0 15328.52647893 0 6912.08699756 0 10152.41392806 0 2274
0.04650000 0.04648670 45634.14384706 0 569.49727642 0 16081.77673635 0 3806.46597080 0 11752.38700901 0 2311
0.04750000 0.04749250 44276.67682429 0 2697.03009630 0 14259.82568744 0 62.70611859 0 15933.96120002 0 2568
0.04850000 0.04851840 42118.90216363 0 1861.43495921 0 11704.66528904 0 -1594.59193108 0 13279.70349449 0 2493
0.04950000 0.04949480 40208.37251618 0 869.51298971 0 12996.14125589 0 918.81030150 0 12668.51116450 0 2644
0.05050000 0.05050630 40062.43927507 0 -135.74780951 0 13553.30064076 0 1275.43216818 0 8295.60720063 0 2829
0.05150000 0.05149060 40405.90279094 0 579.21213422 0 13727.80047990 0 -273.92488708 0 6416.95477632 0 2784
0.05250000 0.05249300 39186.61838191 0 2046.05490324 0 14156.07800389 0 -2110.67299088 0 8235.22981339 0 3055
0.05350000 0.05348950 37758.17775706 0 1709.48944573 0 16516.36548548 0 -1798.94275794 0 6756.58726781 0 3009
0.05450000 0.05448610 36955.10203796 0 717.04596972 0 18332.44820223 0 221.87167365 0 5760.47663782 0 3336
0.05550000 0.05550870 35455.02347153 0 725.76431828 0 17712.39801239 0 2136.29435051 0 5255.40146890 0 3349
0.05650000 0.05647670 35905.00275216 0 1465.18967093 0 15289.99478857 0 4121.00857425 0 4057.28734492 0 3324
0.05750000 0.05747970 33868.35932502 0 517.72972896 0 12436.43523630 0 2414.65259645 0 4155.29956422 0 3639
0.05850000 0.05849280 34056.36740044 0 235.90473812 0 10296.81918835 0 3755.81008476 0 3275.94659944 0 3846
0.05950000 0.05951020 32493.73019878 0 868.31717863 0 10602.35999172 0 1719.06700669 0 4519.19151938 0 3787
0.06050000 0.06049470 31619.12726136 0 591.68289366 0 7378.38688497 0 1186.75391871 0 2554.18603381 0 3930
0.06150000 0.06148310 31324.71414443 0 482.26507257 0 9470.05976646 0 -666.75768486 0 3282.04745042 0 4083
0.06250000 0.06249100 31390.92664685 0 241.84614762 0 9863.09408055 0 -929.61467605 0 4439.28255116 0 4303
0.06350000 0.06350600 31571.95915763 0 537.47168411 0 10807.95091895 0 -376.87204155 0 4566.93538400 0 4470
0.06450000 0.06451750 31248.75799618 0 260.43768822 0 10228.37007632 0 408.20339909 0 6378.04662691 0 4479
0.06550000 0.06550280 31837.91639978 0 -278.05707871 0 10713.01680596 0 1612.30765079 0 4273.82880140 0 4636
0.06650000 0.06648880 31931.36682125 0 388.98295044 0 11054.60909894 0 178.12602552 0 3315.09834000 0 4653
0.06750000 0.06749660 30654.28487666 0 1368.01894832 0 10964.08177122 0 -420.08953978 0 1687.64374886 0 5220
0.06850000 0.06852730 29693.20708240 0 1287.93282290 0 11537.03029128 0 -1436.58985592 0 923.53264803 0 5029
0.06950000 0.06949320 28520.09426787 0 809.40687443 0 11531.05123588 0 -734.93663216 0 466.86679044 0 5040
0.07050000 0.07048030 28996.75785131 0 156.65900216 0 13122.58720532 0 -1813.76860087 0 -1101.12388026 0 5475
0.07150000 0.07148790 28268.42032474 0 672.93382764 0 13799.54914473 0 -1443.98616890 0 -200.49322889 0 5509
0.07250000 0.07249820 28304.73755015 0 720.30012598 0 13378.80080162 0 -558.79255279 0 25.24069310 0 5916
0.07350000 0.07351270 28724.48938402 0 -275.91569109 0 15835.97112537 0 1245.11614283 0 -688.97984077 0 5721
0.07450000 0.07449140 28234.09611780 0 -307.43195645 0 13517.75847809 0 342.31088686 0 -1434.87364557 0 6028
0.07550000 0.07549160 28194.45719495 0 1495.89322765 0 14156.29945038 0 1704.14151284 0 -2450.54907351 0 6183
0.07650000 0.07648840 27177.57488361 0 1041.52044853 0 14233.69500087 0 642.49379225 0 -475.85862543 0 6330
0.07750000 0.07749960 26262.11506760 0 215.58923654 0 12212.10993548 0 2879.15876724 0 -319.18633648 0 6583
0.07850000 0.07848650 26358.33357028 0 -297.99833570 0 11346.80775090 0 2100.68575389 0 -86.95949249 0 6549
0.07950000 0.07947320 26200.77438811 0 -45.22889676 0 10336.85671489 0 2197.02605214 0 -827.70278396 0 6828
0.08050000 0.08048110 25667.97411783 0 458.55147450 0 8537.37141304 0 2480.32255495 0 38.44742998 0 7147
0.08150000 0.08149960 25300.15148736 0 249.03097919 0 7524.14296889 0 1365.21765014 0 -188.28266908 0 7386
0.08250000 0.08250610 24827.91683384 0 315.60333217 0 6700.81596770 0 -307.35998634 0 -1008.04659614 0 7227
0.08350000 0.08350160 24807.21158643 0 805.13406428 0 6352.05988056 0 -476.40227658 0 -2038.17140797 0 7798
0.08450000 0.08449610 23444.20840126 0 1025.03707857 0 6077.07869369 0 181.67359839 0 -1865.52064707 0 7371
0.08550000 0.08548940 22486.67375094 0 609.67431426 0 5933.53707474 0 -13.25634089 0 -1474.32433890 0 8256
0.08650000 0.08650700 22247.17936511 0 181.85297005 0 6447.21544005 0 238.10038013 0 -1410.63632655 0 8037
0.08750000 0.08749060 22149.41073696 0 472.96542695 0 7184.78728552 0 727.47277800 0 -1761.21934728 0 8155
0.08850000 0.08849210 21196.85863282 0 1098.14431765 0 7537.24152915 0 -489.68795913 0 -973.58398514 0 8718
0.08950000 0.08949900 20870.66794366 0 1218.52041862 0 8017.99080045 0 -385.09434996 0 1436.85559172 0 8571
0.09050000 0.09049190 20002.70840113 0 571.40503799 0 9312.21270385 0 -745.19624834 0 1256.43205880 0 8932
0.09150000 0.09150830 19670.64937981 0 -2.40860711 0 9149.96992828 0 1675.15416646 0 2938.66144082 0 9285
0.09250000 0.09250820 19774.83995636 0 -266.12664871 0 8607.55888007 0 1820.55593598 0 1988.43452488 0 9204
0.09350000 0.09350330 19827.87639224 0 -125.96762500 0 7889.91721927 0 2196.50565287 0 2099.62281071 0 9349
0.09450000 0.09448040 19850.68538137 0 252.62062690 0 6367.25111021 0 1730.12825919 0 1786.65247739 0 9564
0.09550000 0.09549270 19274.48159780 0 740.52704896 0 5613.50259818 0 -89.01008705 0 1584.60469410 0 10155
0.09650000 0.09649430 18505.50863915 0 820.29429142 0 5794.21401155 0 -1107.04757404 0 1601.36819387 0 9913
0.09750000 0.09749140 18469.85575323 0 403.02265831 0 6598.38589080 0 -835.09466801 0 1491.07676635 0 10476
0.09850000 0.09850240 18277.86164088 0 -109.04745183 0 7111.08989153 0 -852.48929030 0 1920.68296932 0 10575
0.09950000 0.09950330 18192.93690952 0 -185.58212905 0 7446.82492468 0 766.35324660 0 1340.80317391 0 10882
0.10050000 0.10051200 18384.82029862 0 314.72529681 0 6949.89898682 0 954.08008497 0 1781.96888399 0 10875
0.10150000 0.10150300 18004.48594110 0 601.79303345 0 6552.62397232 0 650.06836966 0 1777.40708616 0 11118
0.10250000 0.10250800 17592.48473460 0 431.25044320 0 6927.71004788 0 481.26524164 0 1474.55685772 0 11575
0.10350000 0.10349800 16687.54362717 0 648.96224441 0 6293.99660921 0 479.29768952 0 711.30496930 0 11364
0.10450000 0.10450100 16654.76954571 0 320.60802298 0 5831.10699784 0 -22.26456292 0 802.66936478 0 12093
0.10550000 0.10551000 16178.43813201 0 -2.71350572 0 5077.42491976 0 213.98264221 0 -22.26445219 0 12067
0.10650000 0.10649700 16211.98727621 0 323.00518131 0 4955.06465819 0 -8.34018438 0 -730.85205154 0 12054
0.10750000 0.10749900 16019.77171736 0 280.24275562 0 4615.27715416 0 -297.07933274 0 -544.39520882 0 12807
0.10850000 0.10850100 16074.13683222 0 -121.14230584 0 4344.62524629 0 -255.51825430 0 -1305.28315590 0 12736
0.10950000 0.10950300 15727.90523514 0 139.19683869 0 4976.83284878 0 -68.77342042 0 -1387.93806067 0 12933
0.11050000 0.11050200 15990.87294959 0 294.87151118 0 5171.79434419 0 -300.15301011 0 -1683.87915842 0 13428
0.11150000 0.11150900 15382.89159379 0 682.26890470 0 5608.23217157 0 -539.64075255 0 -1155.03170811 0 13453
0.11250000 0.11250000 14928.48338324 0 621.49623547 0 5785.67724911 0 41.44991230 0 -837.44975150 0 13668
0.11350000 0.11349100 14662.85831084 0 97.24568225 0 6153.63274748 0 197.81040458 0 -1022.82925700 0 13791
0.11450000 0.11448600 14463.44574085 0 140.64399154 0 5966.23364993 0 844.64011923 0 -246.90730729 0 14205
0.11550000 0.11549300 14507.95648662 0 -139.00085854 0 5895.88009803 0 504.39975711 0 -861.32279104 0 14776
0.11650000 0.11649800 14654.88623697 0 11.34669703 0 5987.63645380 0 387.43503943 0 -616.45943491 0 14553
0.11750000 0.11747300 14462.78140136 0 122.69575301 0 5566.35663910 0 348.12275016 0 -455.54866001 0 14568
0.11850000 0.11849100 14252.96084605 0 355.14703302 0 5335.04470132 0 225.19780002 0 -578.07389922 0 16015
0.11950000 0.11950300 14109.35279315 0 273.80309151 0 5272.86252514 0 -8.97708665 0 90.71799315 0 15270
0.12050000 0.12050700 14024.87095479 0 -193.71032270 0 5289.85854373 0 -67.90114267 0 -77.34140681 0 15999
0.12150000 0.12150000 14252.85012280 0 170.52598176 0 5532.43103586 0 870.55378824 0 552.98733288 0 15670
0.12250000 0.12250700 13885.58110857 0 296.86342241 0 5064.43708275 0 -51.70498882 0 648.45513193 0 16887
0.12350000 0.12352200 13746.18053910 0 321.02544963 0 5384.99195857 0 949.97889586 0 992.82104228 0 16407
0.12450000 0.12449800 13498.27118641 0 -27.79972882 0 4876.76117707 0 548.86510635 0 862.70904610 0 16306
0.12550000 0.12549900 13387.54793823 0 365.71667429 0 4826.13850800 0 673.18184772 0 664.25976838 0 17523
0.12650000 0.12650100 13118.15827539 0 135.28830803 0 4460.10959415 0 -223.45058717 0 741.82361820 0 17154
0.12750000 0.12750600 13153.03609857 0 -43.88394146 0 4538.10305017 0 350.15009283 0 736.65505697 0 18007
0.12850000 0.12850300 13089.48095411 0 -72.99275124 0 3866.57762224 0 82.98652090 0 655.34986860 0 17496
0.12950000 0.12949900 13153.25754506 0 131.73519899 0 4232.36294495 0 238.27200117 0 324.77121712 0 18405
0.13050000 0.13049000 12980.64000114 0 245.83107732 0 3602.08192698 0 383.05593496 0 419.47945468 0 18100
0.13150000 0.13148800 12913.76315924 0 167.03709221 0 3735.09376502 0 -40.06365723 0 379.41646179 0 19059
0.13250000 0.13249300 12674.04732691 0 82.23493149 0 3592.02825604 0 -122.41008703 0 331.43011326 0 18957
0.13350000 0.13349100 12657.10666994 0 0.53365616 0 3649.92544252 0 -60.21938516 0 186.06266795 0 19468
0.13450000 0.13450700 12685.11965173 0 -67.87456909 0 3542.15850506 0 176.02560550 0 284.47459817 0 19953
0.13550000 0.13551000 12759.74712101 0 -35.79660469 0 3590.63314311 0 90.00150301 0 -322.33198396 0 19956
0.13650000 0.13649900 12637.95154800 0 233.54744017 0 3405.54816145 0 166.28417413 0 -289.77492006 0 19723
0.13750000 0.13749600 12399.34294816 0 311.21647707 0 3354.18364661 0 -36.66378917 0 -198.00084857 0 20946
0.13850000 0.13851100 12159.84856233 0 336.42151729 0 3425.42298449 0 226.71803022 0 -81.28492602 0 20955
0.13950000 0.13949800 12013.47242823 0 296.29430491 0 3556.87362474 0 -247.79530774 0 -69.12673831 0 20506
0.14050000 0.14048300 11792.35810160 0 180.56304421 0 3656.23666766 0 64.89068828 0 -88.17445869 0 21447
0.14150000 0.14148400 11614.64728826 0 204.72950036 0 3707.76726737 0 -15.06821612 0 637.55996431 0 21771
0.14250000 0.14249400 11497.94498468 0 108.45596823 0 3832.96204409 0 229.05207629 0 214.35024340 0 22470
0.14350000 0.14350900 11311.48703473 0 365.64027525 0 3772.15283619 0 160.88752301 0 402.85989513 0 22519
0.14450000 0.14449900 11114.06748321 0 313.49959045 0 3448.94060241 0 422.31175537 0 187.20201017 0 22218
0.14550000 0.14550500 10727.05651383 0 178.59770656 0 3439.68413886 0 188.06675874 0 481.76792518 0 23559
0.14650000 0.14650700 10657.79912209 0 152.55116965 0 3174.49088713 0 291.24532480 0 296.17693827 0 23044
0.14750000 0.14750500 10550.53043924 0 -58.60946913 0 2956.98613839 0 205.96295735 0 48.93425026 0 23649
0.14850000 0.14849900 10435.00180209 0 165.39728091 0 3007.12162517 0 112.35420163 0 24.51656306 0 23640
0.14950000 0.14949500 10343.83227953 0 246.57181585 0 2893.48635556 0 50.49876976 0 -76.97613082 0 24457
0.15050000 0.15050000 10036.73027836 0 300.04117963 0 2460.97920349 0 206.02164067 0 -99.99095446 0 24591
0.15150000 0.15149900 10081.36281970 0 -43.36387437 0 2622.03724030 0 88.21896944 0 -305.60834455 0 25020
0.15250000 0.15250500 10027.29665761 0 -70.83176561 0 2551.81655630 0 189.64788673 0 -258.38820090 0 25297
0.15350000 0.15350100 9871.08829907 0 247.75544737 0 2393.83662579 0 -68.62726574 0 -655.45394845 0 25452
0.15450000 0.15450400 9713.98308222 0 289.14933371 0 2170.07601353 0 -98.10179440 0 -311.59404335 0 26061
0.15550000 0.15549900 9667.78934308 0 77.51347074 0 2139.38352913 0 97.52226892 0 -434.13921274 0 26128
0.15650000 0.15649500 9501.64910917 0 74.02391685 0 2245.55605182 0 264.88765557 0 -642.54693941 0 26331
0.15750000 0.15749700 9383.54062033 0 221.82295542 0 1988.48988651 0 86.98772692 0 -457.64132940 0 27345
0.15850000 0.15849900 9246.95242137 0 164.75840777 0 2196.69388240 0 230.72178287 0 -237.69070411 0 26980
0.15950000 0.15949700 9099.38047619 0 -25.11280775 0 1943.15978870 0 3.46314640 0 -39.91373795 0 27777
0.16050000 0.16050000 9277.55632717 0 7.34435056 0 2053.71695201 0 366.77740301 0 84.97876430 0 28224
0.16150000 0.16150500 9219.81415324 0 -5.73641648 0 2086.82320322 0 41.11995702 0 182.77529471 0 28075
0.16250000 0.16249700 9223.80019017 0 175.39780468 0 2289.13672231 0 -0.85744858 0 426.45059039 0 28590
0.16350000 0.16349900 9183.33084296 0 128.51204524 0 2525.56407416 0 -252.58408823 0 363.55757096 0 29163
0.16450000 0.16449100 9080.92291071 0 195.83953076 0 2603.32501136 0 -127.92853372 0 549.67892223 0 28996
0.16550000 0.16550500 8894.64211796 0 206.99157632 0 3013.25569312 0 -223.02873159 0 607.06235283 0 30777
0.16650000 0.16650700 8851.24967700 0 126.49356043 0 2829.84263250 0 162.98683580 0 757.50203014 0 29211
0.16750000 0.16749900 8701.23074803 0 157.15947124 0 2842.06647910 0 174.33707597 0 821.14796767 0 30922
0.16850000 0.16850800 8614.34621518 0 159.21560196 0 2625.25928683 0 119.98746236 0 354.48712246 0 30867
0.16950000 0.16949900 8401.92366353 0 106.87461880 0 2573.15292623 0 52.12562644 0 582.24041505 0 30852
0.17050000 0.17049200 8295.16430763 0 190.35208658 0 2135.66322799 0 340.95341984 0 656.66858248 0 31257
0.17150000 0.17149500 8272.95322405 0 -12.64226975 0 2016.62466387 0 599.18439372 0 279.06687473 0 32608
0.17250000 0.17250900 8329.63245479 0 -219.16116853 0 1646.15574776 0 375.72384147 0 219.13127325 0 32361
0.17350000 0.17350400 8423.21574416 0 -75.92259911 0 1487.68863496 0 140.83554276 0 -43.40871728 0 32508
0.17450000 0.17449800 8406.03149604 0 94.67313830 0 1590.39551998 0 -256.28335195 0 -79.85194574 0 32791
0.17550000 0.17549800 8415.78621421 0 209.87038078 0 1862.38717915 0 -426.58567275 0 -143.42978847 0 33633
0.17650000 0.17650100 8138.28053728 0 297.59530308 0 2055.93141698 0 -545.61870072 0 45.08407075 0 33984
0.17750000 0.17750300 8156.43914998 0 219.35050528 0 2332.42951235 0 -100.73357529 0 69.05432530 0 34069
0.17850000 0.17849800 7940.61739462 0 124.30456181 0 2398.34306199 0 49.71119529 0 169.14194116 0 34536
0.17950000 0.17950400 7902.25178912 0 26.43617201 0 2331.73195588 0 418.18842161 0 243.98974970 0 35343
0.18050000 0.18050100 7881.94514540 0 37.69761214 0 2393.10585235 0 304.61847871 0 149.18629014 0 34990
0.18150000 0.18150500 7839.42741810 0 96.63260762 0 2144.89754689 0 113.20898511 0 192.79131974 0 36243
0.18250000 0.18250200 7775.79476737 0 88.45414562 0 2139.26173356 0 31.54870728 0 588.76644330 0 35694
0.18350000 0.18350400 7727.51943116 0 39.02806269 0 1903.90839722 0 -0.20988699 0 447.56440659 0 37087
0.18450000 0.18450600 7740.87265489 0 -49.65007606 0 1961.03052096 0 305.77553666 0 541.43557640 0 36651
0.18550000 0.18550700 7729.08062896 0 50.50353086 0 1898.80405547 0 202.31351909 0 540.35159580 0 37818
0.18650000 0.18651000 7550.01899199 0 139.23559183 0 1674.76663509 0 31.35726678 0 164.50817323 0 37267
0.18750000 0.18750100 7421.77932594 0 321.47830771 0 1709.66660292 0 -29.89195531 0 206.35159595 0 38334
0.18850000 0.18850000 7200.57642071 0 317.39926325 0 1697.59776887 0 -128.67591565 0 101.05600139 0 38223
0.18950000 0.18949500 7014.61672538 0 174.54080674 0 1877.40125160 0 -301.95779906 0 281.74859180 0 39064
0.19050000 0.19050000 6891.49247340 0 40.10838942 0 1899.83378168 0 -28.98745710 0 31.68478615 0 39609
0.19150000 0.19149800 6975.69750365 0 -39.72993736 0 2102.28016867 0 60.57270305 0 20.85649537 0 39576
0.19250000 0.19250400 6994.63117908 0 -26.51877156 0 1965.79162063 0 182.90816261 0 141.28950808 0 40909
0.19350000 0.19350500 7072.20388676 0 42.29174115 0 2049.11086489 0 233.86632312 0 282.14498103 0 40191
0.19450000 0.19450100 6995.99307504 0 16.57106277 0 1873.85810766 0 306.71446980 0 327.16394651 0 41232
0.19550000 0.19549800 6924.28869951 0 64.99797911 0 1767.04339013 0 207.39793064 0 488.61726532 0 40873
0.19650000 0.19649700 7021.22690330 0 31.24499341 0 1678.32085136 0 231.99620746 0 328.09955796 0 42816
0.19750000 0.19750200 6877.74064597 0 107.16681745 0 1588.93397310 0 86.87910741 0 535.25721915 0 41727
0.19850000 0.19849000 6744.10875774 0 116.15975967 0 1512.97782484 0 -71.24210596 0 502.03470853 0 42610
0.19950000 0.19949900 6688.10493881 0 87.70322055 0 1538.17843613 0 12.75963640 0 676.26991911 0 43863
0.20050000 0.20050100 6708.59981204 0 83.93564058 0 1693.02489872 0 22.42278644 0 458.54483111 0 43302
0.20150000 0.20150100 6556.54357531 0 80.54385532 0 1454.94777047 0 58.91683687 0 460.32636817 0 44487
0.20250000 0.20249700 6492.01406627 0 116.95253813 0 1483.60294710 0 -67.89150975 0 667.55821394 0 43759
0.20350000 0.20349100 6467.34492657 0 125.05858713 0 1479.82728434 0 -14.80192671 0 722.97077073 0 45282
0.20450000 0.20449700 6380.60433394 0 43.40506341 0 1527.19468991 0 152.49912973 0 502.06017488 0 45483
0.20550000 0.20549900 6356.73240163 0 69.60329117 0 1396.62983565 0 148.37358150 0 488.47443233 0 46138
0.20650000 0.20650200 6328.18794825 0 5.68535091 0 1271.09181686 0 160.47452529 0 424.20180122 0 46227
0.20750000 0.20749300 6328.59762427 0 17.00875177 0 1135.10152343 0 123.61807767 0 328.00765766 0 46236
0.20850000 0.20850300 6340.02426348 0 -28.79524154 0 1152.79509849 0 62.69737146 0 54.84089266 0 48361
0.20950000 0.20950400 6314.92330312 0 124.65444727 0 1066.35899480 0 -106.23762796 0 73.20489698 0 46812
0.21050000 0.21050300 6205.56195088 0 165.98189966 0 1027.19064575 0 -141.35704926 0 69.61270264 0 48813
0.21150000 0.21149700 6085.33864800 0 134.07810293 0 1075.90998219 0 124.42192845 0 175.81412410 0 47215
0.21250000 0.21249000 5960.86357239 0 80.69311026 0 1039.62818822 0 136.63913166 0 90.50507234 0 50004
0.21350000 0.21350300 5995.11027306 0 58.26179813 0 961.18298134 0 149.32580143 0 134.12682116 0 49509
0.21450000 0.21449800 5855.83149916 0 91.25632958 0 1035.15939792 0 55.71815295 0 107.35859012 0 49660
0.21550000 0.21550100 5830.03298233 0 97.18279144 0 1044.52437025 0 -111.99102938 0 236.46942669 0 50841
0.21650000 0.21649800 5726.50674528 0 109.16548281 0 1113.64335793 0 -67.81057106 0 288.15725341 0 50424
0.21750000 0.21750300 5706.37725876 0 149.25826025 0 1301.29711896 0 -217.01092305 0 253.95152034 0 52231
0.21850000 0.21850300 5598.84284012 0 61.36105257 0 1294.72015802 0 -75.14399323 0 247.44320781 0 51078
0.21950000 0.21950100 5599.81720471 0 28.95889050 0 1325.74481216 0 48.81931953 0 101.32361948 0 52791
0.22050000 0.22050700 5635.44794597 0 25.35872409 0 1279.81680881 0 54.19449033 0 323.45582493 0 52969
0.22150000 0.22150000 5645.92236525 0 -46.40555272 0 1169.34822410 0 199.73145294 0 139.12597581 0 52704
0.22250000 0.22250100 5667.82342374 0 -6.50826824 0 1089.12369462 0 139.24666415 0 59.48695087 0 54051
0.22350000 0.22349900 5644.74869882 0 62.22535825 0 1004.51673899 0 59.24546347 0 54.05619700 0 53938
0.22450000 0.22449800 5534.00330598 0 88.56597610 0 891.93444746 0 36.14283629 0 -3.61198059 0 54735
0.22550000 0.22549100 5548.75164264 0 93.30936005 0 859.18915404 0 46.35262700 0 -0.53455856 0 54774
0.22650000 0.22649900 5463.67189874 0 77.07611391 0 878.65319384 0 -17.12467901 0 -157.37095265 0 56911
0.22750000 0.22749800 5370.19933262 0 160.09363732 0 915.26605032 0 68.35643667 0 32.33262787 0 54879
0.22850000 0.22849100 5205.97461091 0 154.67373432 0 849.88397227 0 -28.19722528 0 120.91310872 0 57210
0.22950000 0.22949800 5156.84670569 0 61.47653692 0 738.37016009 0 113.42821714 0 221.64136929 0 57375
0.23050000 0.23049600 5132.16649367 0 30.87528848 0 816.53966608 0 186.04052330 0 188.61816052 0 57604
0.23150000 0.23150100 5165.18416627 0 -11.70267227 0 725.62259253 0 99.01791856 0 137.95120215 0 58629
0.23250000 0.23250200 5206.61680575 0 -41.55576372 0 768.67511312 0 -54.58445761 0 172.49021219 0 58560
0.23350000 0.23350400 5185.10327862 0 35.36899151 0 774.45929560 0 -101.66165755 0 214.06014849 0 59305
0.23450000 0.23449700 5272.59678934 0 106.77142474 0 877.16064446 0 -148.87737228 0 184.09954476 0 59196
0.23550000 0.23549300 5172.25938183 0 55.20650082 0 975.03667416 0 -143.87821762 0 170.12627084 0 60063
0.23650000 0.23649900 5108.63780343 0 109.63483866 0 1007.83511474 0 -65.08334673 0 105.26957460 0 61537
0.23750000 0.23750400 5104.64069417 0 98.40506538 0 1132.31129758 0 33.34020943 0 51.25999209 0 61224
0.23850000 0.23850100 5027.52195180 0 48.33900208 0 1047.45189294 0 -12.59045127 0 97.42206438 0 61221
0.23950000 0.23949400 4994.34926665 0 47.92423279 0 1091.04031405 0 12.07315226 0 87.99287257 0 62332
0.24050000 0.24050100 5053.18760073 0 42.22774312 0 1012.92616969 0 38.50079858 0 125.71517599 0 63447
0.24150000 0.24150500 4895.31839347 0 70.40736340 0 954.76767634 0 159.61309842 0 82.49258449 0 63342
0.24250000 0.24250300 4933.58434804 0 85.74685148 0 867.93961235 0 107.01058695 0 107.43831086 0 63379
0.24350000 0.24349600 4876.17434386 0 51.78803126 0 877.05102844 0 85.04099077 0 25.96714833 0 64266
0.24450000 0.24449500 4733.35242602 0 128.71134709 0 952.86766541 0 -40.89441376 0 154.68148495 0 64695
0.24550000 0.24549600 4761.47613106 0 99.38972723 0 948.44537887 0 -50.34973626 0 265.50770576 0 65947
0.24650000 0.24650000 4608.96592901 0 109.44162659 0 961.79970984 0 -20.82239261 0 376.97833587 0 66018
0.24750000 0.24750000 4633.79008125 0 65.94466288 0 1063.85222046 0 93.51154070 0 368.76820701 0 66303
0.24850000 0.24849600 4591.02876280 0 -19.41067119 0 954.71895812 0 119.48367158 0 363.25751095 0 66958
0.24950000 0.24949200 4590.81838863 0 55.01351020 0 959.83326495 0 96.18805378 0 272.48327039 0 66975
0.25050000 0.25048900 4550.63692187 0 66.79069922 0 909.15080532 0 87.78626299 0 522.86618045 0 68676
0.25150000 0.25150000 4573.57877889 0 14.48381882 0 747.66094784 0 135.34256242 0 399.09973362 0 69349
0.25250000 0.25249900 4544.36998602 0 -11.87440403 0 700.84715851 0 95.44720453 0 374.44166625 0 68592
0.25350000 0.25349900 4520.18802861 0 45.17873913 0 687.42196467 0 70.26873789 0 282.40850236 0 70437
0.25450000 0.25450100 4472.57703189 0 110.69390653 0 604.37399237 0 117.80732161 0 352.98128629 0 70099
0.25550000 0.25550100 4431.90838283 0 71.62941589 0 555.66683549 0 21.98985854 0 492.12608505 0 71064
0.25650000 0.25650300 4380.38885545 0 14.94420608 0 469.65812353 0 195.29034345 0 537.30006308 0 71409
0.25750000 0.25750600 4426.46079902 0 7.58025751 0 437.43987277 0 119.48699328 0 484.65448026 0 72612
0.25850000 0.25850600 4376.44710782 0 38.36682345 0 386.39645536 0 45.29245190 0 578.41935576 0 71845
0.25950000 0.25949600 4339.11122853 0 48.22119254 0 392.76747106 0 -39.09416447 0 565.44812723 0 72816
0.26050000 0.26049800 4346.26395036 0 89.68195572 0 334.49714724 0 -61.01825340 0 421.45254297 0 73743
0.26150000 0.26149900 4259.24654961 0 55.23861056 0 449.50317066 0 -100.05683480 0 321.61339008 0 74662
0.26250000 0.26250300 4272.07937408 0 42.21656007 0 406.68427612 0 -57.25731683 0 375.07500323 0 74931
0.26350000 0.26350100 4286.05264800 0 9.40376976 0 482.92719759 0 -78.72899056 0 224.72169005 0 75087
0.26450000 0.26450200 4289.56257497 0 44.61238971 0 463.70121278 0 -5.68491909 0 132.56119443 0 76678
0.26550000 0.26550600 4226.01850283 0 121.52097935 0 512.37072375 0 -108.33782653 0 74.11548498 0 76035
0.26650000 0.26650100 4159.51811997 0 110.22931178 0 552.68505842 0 -182.46194792 0 63.36403613 0 77094
0.26750000 0.26750600 4130.73007544 0 54.26734623 0 647.09434321 0 -92.34684285 0 32.03887910 0 78463
0.26850000 0.26850100 4095.73045669 0 72.90062950 0 634.11536406 0 -71.28883118 0 -23.68270628 0 77076
0.26950000 0.26949700 4043.12584148 0 77.90078066 0 756.58634888 0 33.52644593 0 78.75047087 0 79149
0.27050000 0.27049900 4014.38208625 0 28.35810616 0 666.50302139 0 132.42611206 0 146.74262805 0 79648
0.27150000 0.27150200 3980.71114647 0 43.16667626 0 770.37803667 0 202.22604772 0 265.14896243 0 80241
0.27250000 0.27250500 3989.34755983 0 -21.74538160 0 546.01287548 0 204.12605866 0 274.69552089 0 80835
0.27350000 0.27350000 3999.10227800 0 23.81280609 0 623.98972301 0 105.66585310 0 309.60988274 0 80680
0.27450000 0.27450400 3980.10216861 0 74.80307635 0 464.37219566 0 -16.89603550 0 335.63316776 0 82617
0.27550000 0.27550800 3917.11171272 0 92.05021527 0 497.04330450 0 34.14383877 0 397.48871036 0 82548
0.27650000 0.27649900 3900.66931036 0 60.93288577 0 423.08571088 0 -148.80540217 0 401.61204412 0 81181
0.27750000 0.27748900 3838.68643603 0 23.96128597 0 506.62307994 0 49.65029751 0 181.11001706 0 84096
0.27850000 0.27849800 3823.06338571 0 71.01578765 0 490.71214917 0 62.31327251 0 188.23616531 0 85215
0.27950000 0.27950200 3756.52978587 0 94.21806575 0 446.53135868 0 26.11917135 0 285.88410512 0 84514
0.28050000 0.28050300 3743.63052746 0 35.44682995 0 337.59186202 0 99.18499994 0 271.54876618 0 85815
0.28150000 0.28150100 3723.89964463 0 -4.83785303 0 346.07990623 0 123.29365855 0 308.76727882 0 85485
0.28250000 0.28250000 3759.19821615 0 23.01283063 0 199.94071988 0 111.77179735 0 298.31057526 0 87220
0.28350000 0.28350400 3749.56529356 0 31.49854964 0 189.83833071 0 72.98411483 0 334.20262340 0 87147
0.28450000 0.28449700 3703.42691604 0 52.37431086 0 155.25613861 0 -43.47337966 0 307.19500870 0 87102
0.28550000 0.28549800 3676.59867301 0 75.99944105 0 191.93653627 0 -94.69207197 0 209.91356284 0 88971
0.28650000 0.28649900 3644.81002845 0 49.71706362 0 193.69592868 0 -61.95619003 0 164.00327521 0 89434
0.28750000 0.28750100 3617.30637360 0 52.51825108 0 287.63463967 0 -40.41487137 0 127.70819446 0 89619
0.28850000 0.28849900 3615.00333004 0 14.25262868 0 215.91808459 0 -13.31579927 0 96.53074223 0 90240
0.28950000 0.28950100 3627.89151613 0 62.07267089 0 260.46426180 0 54.65432398 0 149.45756210 0 91333
0.29050000 0.29050500 3571.88769720 0 64.90187133 0 285.87967619 0 -48.96370264 0 149.92702867 0 92139
0.29150000 0.29150600 3545.46913018 0 101.51406347 0 337.46895922 0 14.47994350 0 250.49806223 0 92370
0.29250000 0.29250200 3547.41785935 0 54.78475597 0 360.55364923 0 -64.33474685 0 349.11593769 0 91819
0.29350000 0.29349600 3482.15757687 0 47.81782775 0 419.21704059 0 -72.31457135 0 360.47282126 0 93552
0.29450000 0.29450000 3514.24517419 0 36.88412844 0 518.47489642 0 -22.75495618 0 279.40125894 0 94701
0.29550000 0.29550200 3486.53114517 0 12.85408333 0 448.76686106 0 35.07778936 0 388.97077088 0 95020
0.29650000 0.29650300 3512.32966200 0 -36.74472787 0 416.42902920 0 113.41050142 0 225.43364054 0 95151
0.29750000 0.29749800 3528.58383483 0 -1.56302473 0 363.97167590 0 71.29835337 0 251.38495545 0 95802
0.29850000 0.29850000 3537.68528583 0 81.71486439 0 326.38002591 0 88.28097446 0 45.62229646 0 97399
0.29950000 0.29950700 3437.89042224 0 118.03651873 0 188.42771653 0 -13.86841901 0 275.26242392 0 97881
0.30050000 0.30050300 3389.26077164 0 83.98413737 0 195.88160560 0 19.64850473 0 283.62756532 0 97188
0.30150000 0.30149700 3314.56686841 0 33.53087486 0 151.80378773 0 73.80413120 0 224.97635353 0 98263
0.30250000 0.30249700 3346.80947828 0 11.43671503 0 131.47610659 0 103.76927458 0 144.76953977 0 100050
0.30350000 0.30350600 3308.28886024 0 -0.64615984 0 39.73569497 0 38.06100584 0 184.17372934 0 100779
0.30450000 0.30450500 3364.04908803 0 40.22675258 0 76.91102555 0 9.19563220 0 165.82688711 0 99982
0.30550000 0.30550300 3297.09473985 0 67.43732299 0 109.28052426 0 -57.46569798 0 274.38328133 0 101559
0.30650000 0.30649700 3286.73104382 0 122.01923397 0 188.49525771 0 -44.92197191 0 255.70869829 0 100935
0.30750000 0.30749800 3219.15664545 0 83.54190871 0 177.08744145 0 -42.12277748 0 217.06849914 0 103762
0.30850000 0.30850200 3188.82954777 0 52.28695021 0 256.97980118 0 7.74912154 0 291.93402340 0 102951
0.30950000 0.30950100 3140.00059532 0 37.46564694 0 217.07292807 0 30.53326437 0 311.08360917 0 104394
0.31050000 0.31050000 3159.12250028 0 30.04475340 0 155.88283219 0 113.80467618 0 302.84358504 0 103963
0.31150000 0.31149700 3119.40607116 0 19.97901363 0 72.17561367 0 53.46105954 0 211.81357378 0 105936
0.31250000 0.31250000 3110.44856038 0 52.37696822 0 -0.95444658 0 54.44893236 0 233.94936556 0 105717
0.31350000 0.31349800 3074.89532539 0 70.85457460 0 -1.96079800 0 7.40367607 0 282.27563446 0 106776
0.31450000 0.31450400 3093.10929971 0 13.42142925 0 -65.92484342 0 31.57339856 0 167.70032447 0 108733
0.31550000 0.31549900 3062.17322417 0 6.54023404 0 -48.41628690 0 -22.91849442 0 260.91490542 0 105891
0.31650000 0.31650000 3123.75749481 0 19.12279075 0 -40.61605552 0 7.59094230 0 239.09799660 0 111072
0.31750000 0.31750600 3127.34492805 0 9.46837677 0 53.72513449 0 -61.35618075 0 227.83633503 0 108121
0.31850000 0.31849900 3138.40618055 0 52.67636388 0 -0.65733624 0 -75.69450922 0 249.47497942 0 110484
0.31950000 0.31950100 3086.83129154 0 63.44298181 0 105.99171162 0 -27.45582241 0 223.41626296 0 110817
0.32050000 0.32049800 3078.26131213 0 52.77811854 0 11.32798480 0 -28.47602642 0 195.47192958 0 111088
0.32150000 0.32149900 3038.47844906 0 21.35519288 0 53.67840927 0 43.80920327 0 156.51063301 0 112635
0.32250000 0.32250100 3021.77031091 0 21.59789824 0 -31.99315039 0 19.72036412 0 65.83903290 0 113202
0.32350000 0.32350400 3032.89799735 0 47.79191851 0 -15.21780323 0 76.59203187 0 21.41442982 0 113863
0.32450000 0.32450300 2994.17807746 0 54.01489723 0 -66.80155010 0 -27.24832704 0 115.47659723 0 114045
0.32550000 0.32549900 2972.00021085 0 87.24693004 0 -54.07800948 0 -61.00994915 0 60.78606675 0 114828
0.32650000 0.32650300 2918.77554544 0 73.65432265 0 -14.38527513 0 -8.10142077 0 148.43780098 0 116431
0.32750000 0.32750400 2902.77603608 0 47.52529693 0 51.28324397 0 28.64200056 0 162.93036694 0 116442
0.32850000 0.32850400 2894.97004708 0 48.44850737 0 82.10970350 0 -29.16140332 0 208.49519803 0 116955
0.32950000 0.32949800 2867.13422249 0 53.58506958 0 44.86074196 0 38.10928118 0 266.47210525 0 117028
0.33050000 0.33049700 2859.66040324 0 14.72907081 0 97.29539699 0 10.27677828 0 268.30568224 0 119061
0.33150000 0.33150100 2865.25192727 0 26.50172018 0 73.88363050 0 43.69316531 0 308.89239609 0 120060
0.33250000 0.33250400 2870.14589484 0 43.64079321 0 64.00169132 0 64.85935360 0 275.94558636 0 119737
0.33350000 0.33350100 2826.86417712 0 41.39864743 0 -32.28114156 0 49.07918699 0 281.01449666 0 120531
0.33450000 0.33450000 2817.22018221 0 39.00503225 0 -17.98023755 0 16.22903866 0 246.43894795 0 121704
0.33550000 0.33550300 2801.15423889 0 66.43461325 0 -34.23695702 0 -67.99182501 0 175.83073259 0 122761
0.33650000 0.33650300 2742.40448341 0 80.89595525 0 -31.43377654 0 -64.85736058 0 208.04123271 0 122472
0.33750000 0.33749900 2729.74881614 0 39.50671929 0 -54.44439271 0 -19.14294238 0 179.85330819 0 122985
0.33850000 0.33849800 2716.65025588 0 18.28395142 0 -91.74893731 0 49.53104857 0 166.76582026 0 125380
0.33950000 0.33950300 2720.79130536 0 25.83383754 0 -58.31605252 0 24.30242430 0 63.96493120 0 125223
0.34050000 0.34050000 2704.31568603 0 54.40087847 0 -98.69039919 0 53.93960542 0 127.58196996 0 125178
0.34150000 0.34149900 2662.01940522 0 71.41693797 0 -90.81697973 0 36.59259412 0 205.37723136 0 127059
0.34250000 0.34250300 2653.92553578 0 43.98647119 0 -135.91721608 0 11.38434293 0 249.71414163 0 127957
0.34350000 0.34349800 2632.47844261 0 27.97876831 0 -80.46092361 0 57.37645504 0 238.42147755 0 126732
0.34450000 0.34449700 2618.23943289 0 58.97651670 0 -101.80183319 0 -5.14368171 0 316.09162169 0 129639
0.34550000 0.34550000 2576.88429969 0 49.09900645 0 -109.56851543 0 36.66445351 0 268.89140822 0 129826
0.34650000 0.34650400 2573.79512107 0 9.07292869 0 -166.71599479 0 14.53619091 0 249.36647064 0 130875
0.34750000 0.34750200 2619.62347349 0 1.30523887 0 -179.13914324 0 4.97798437 0 207.70684851 0 130686
0.34850000 0.34850200 2598.90715376 0 29.82463558 0 -219.68488949 0 11.86122796 0 195.04675231 0 132211
0.34950000 0.34950400 2583.26195879 0 61.50643220 0 -290.99841195 0 -0.17856117 0 228.26372676 0 132768
0.35050000 0.35050300 2596.29408510 0 4.26576815 0 -274.42092724 0 34.43182994 0 181.98694518 0 132957
0.35150000 0.35150100 2554.13067219 0 53.86298493 0 -280.46088042 0 25.33148617 0 182.20839168 0 133987
0.35250000 0.35249800 2557.55202056 0 65.96769331 0 -291.56531498 0 9.16171766 0 202.88042212 0 134778
0.35350000 0.35349800 2516.58441873 0 68.72348424 0 -274.11976000 0 -38.85743817 0 185.01744049 0 135699
0.35450000 0.35450100 2506.43109687 0 39.48291379 0 -254.51620891 0 -29.99348853 0 267.17409064 0 137380
0.35550000 0.35550100 2483.35637195 0 19.36826419 0 -253.95927097 0 -1.55092268 0 237.16366145 0 136161
0.35650000 0.35649900 2502.99867618 0 1.27843277 0 -229.12072470 0 -0.09617311 0 153.87652693 0 138792
0.35750000 0.35750000 2507.28366588 0 21.45362585 0 -259.48103936 0 -22.86590088 0 110.37413778 0 138097
0.35850000 0.35849800 2511.30291979 0 56.02031670 0 -264.71824900 0 -27.50398702 0 29.84523010 0 140028
0.35950000 0.35950300 2461.80962785 0 60.48833193 0 -270.89107008 0 -64.75228422 0 72.00521059 0 141099
0.36050000 0.36050500 2449.81830007 0 50.58181219 0 -242.78618800 0 2.56281137 0 52.40165950 0 140821
0.36150000 0.36150200 2435.98896638 0 48.31298211 0 -250.15482016 0 10.47565938 0 21.20593794 0 141756
0.36250000 0.36250400 2416.31344517 0 44.19363439 0 -250.05074031 0 40.48008737 0 59.90194161 0 142971
0.36350000 0.36349900 2389.47412981 0 31.28418944 0 -273.36794915 0 37.21319793 0 62.63425920 0 142270
0.36450000 0.36450000 2392.74046563 0 37.75518823 0 -276.46709286 0 51.16288780 0 111.73858037 0 145311
0.36550000 0.36550300 2398.05518155 0 33.72375476 0 -279.87847614 0 -0.20566068 0 137.68989528 0 145434
0.36650000 0.36650100 2384.23692017 0 55.44090194 0 -261.11199280 0 -49.06667526 0 157.23919198 0 144547
0.36750000 0.36749600 2366.07830747 0 59.76785575 0 -282.94329565 0 -6.05862113 0 234.08444792 0 146892
0.36850000 0.36849900 2352.55899887 0 32.11549958 0 -266.29162635 0 16.19416083 0 251.04835678 0 148113
0.36950000 0.36949900 2354.19770294 0 39.14398993 0 -247.47199586 0 52.41516774 0 305.62716750 0 147387
0.37050000 0.37049800 2352.76937304 0 20.10700970 0 -254.06002913 0 63.33469447 0 279.73232145 0 149758
0.37150000 0.37150100 2328.10023334 0 43.68430745 0 -261.40430218 0 49.01076002 0 304.44021428 0 150099
0.37250000 0.37250000 2322.78551743 0 56.64811751 0 -291.11688583 0 -11.82059253 0 303.43816889 0 150468
0.37350000 0.37349800 2292.73522787 0 61.39227653 0 -252.28624269 0 -50.90412757 0 295.65100284 0 150709
0.37450000 0.37449700 2225.92481992 0 67.87744790 0 -226.45007996 0 -65.38562120 0 335.54237470 0 153108
0.37550000 0.37550100 2240.87245842 0 75.96245948 0 -241.67452658 0 -11.99154923 0 343.78129160 0 153189
0.37650000 0.37649900 2191.16879231 0 29.29925377 0 -264.87547601 0 -19.45374254 0 304.23869797 0 153547
0.37750000 0.37749900 2190.28300633 0 33.98738682 0 -268.10859486 0 15.96108840 0 206.17333152 0 155424
0.37850000 0.37850200 2157.84109461 0 46.98297446 0 -259.87632135 0 -5.26066082 0 243.49370955 0 155313
0.37950000 0.37949900 2146.00477938 0 49.96497298 0 -328.15934851 0 -21.48684282 0 165.11825832 0 156100
0.38050000 0.38050000 2135.69644497 0 30.05604717 0 -323.05832847 0 39.57846796 0 219.47119363 0 157557
0.38150000 0.38149800 2145.22971664 0 20.90709589 0 -300.88821248 0 5.73074745 0 173.85875153 0 157692
0.38250000 0.38250100 2150.93196392 0 5.52573228 0 -321.61671177 0 34.37203938 0 178.24449940 0 159703
0.38350000 0.38350500 2155.20588130 0 26.79746197 0 -354.68974601 0 10.29910009 0 132.66195258 0 160338
0.38450000 0.38450600 2144.48787088 0 55.94579995 0 -344.98706777 0 -36.70265303 0 159.48023053 0 160167
0.38550000 0.38550000 2139.46103541 0 68.21947201 0 -299.60493004 0 -57.78823480 0 173.23205795 0 160033
0.38650000 0.38649600 2091.63966452 0 47.29986439 0 -319.07450600 0 -22.49331715 0 201.51963340 0 162444
0.38750000 0.38750200 2079.18329910 0 24.51246630 0 -319.81192283 0 49.46251088 0 245.62623931 0 164307
0.38850000 0.38850400 2105.28076869 0 0.01318360 0 -300.28587801 0 72.54897246 0 214.82081720 0 163882
0.38950000 0.38950500 2113.41892743 0 29.72786346 0 -381.49473716 0 64.24085354 0 158.86350203 0 164595
0.39050000 0.39050100 2128.54372314 0 30.65184897 0 -359.07327940 0 28.91183312 0 206.50439403 0 165006
0.39150000 0.39150100 2104.40605503 0 61.11635419 0 -389.63843207 0 -36.52073474 0 251.68390822 0 166687
0.39250000 0.39250100 2079.79227696 0 33.82916330 0 -372.82732129 0 -42.85067211 0 303.02295671 0 167256
0.39350000 0.39350100 2084.68624453 0 31.09418834 0 -365.83514817 0 33.98329006 0 274.75531144 0 167937
0.39450000 0.39449600 2084.94090800 0 38.99019534 0 -386.01003122 0 -3.93794983 0 252.28513546 0 167719
0.39550000 0.39549700 2062.88483696 0 49.53890992 0 -322.05739030 0 -33.50109031 0 174.17652726 0 171636
0.39650000 0.39650400 2043.37540063 0 69.01845097 0 -363.87202498 0 -43.78340475 0 246.68696803 0 171093
0.39750000 0.39750000 2001.28949400 0 43.44924199 0 -340.89695098 0 -28.78859814 0 221.89049660 0 170464
0.39850000 0.39849800 1995.47652347 0 50.97775853 0 -334.34767085 0 -16.84565643 0 223.14166930 0 172113
0.39950000 0.39949500 1997.71313308 0 33.86503763 0 -319.55393766 0 -1.56354513 0 193.44347967 0 173232
