### header ###
fiducial parameters:
Omega_m = 0.31
Omega_nu = 0
Omega_de = 0.69
Omega_k = 0
H_0 = 100
w_de = -1
zeff = 0
beta = 0
fgrowth = 0
b_1 = 2
gamma = 0.55
Lx = 3500 Ly = 3500 Lz = 3500
nx = 700 ny = 700 nz = 700
xoffset = -685.467585 yoffset = -31.7331281 zoffset = 572.489161
bins = 400 dk = 0.001
kx_ny = 0.628318531 ky_ny = 0.628318531 kz_ny = 0.628318531
############################
A(data) = 8.01665352 (not used)
A(ran) = 8.00777484 (used)
Ngal = 476025
weighted Ngal = 0
Nran = 23820508
weighted Nran = 0
SN(data) = 3498.69391
SN(ran) = 69.750623
SN(data+ran) = 3568.44453
############################
13 columns: k_central k_mean P_0(k) sigma^{lin}_{P_0(k)} P^img_1(k) sigma^{lin}_{P_1(k)} P_2(k) sigma^{lin}_{P_2(k)} P^img_3(k) sigma^{lin}_{P_3(k)} P_4(k) sigma^{lin}_{P_4(k)} N_modes
### header ###
0.00050000 0 0 0 0 0 0 0 0 0 0 0 0
0.00150000 0.00179520 11976.82303308 0 -26432.85031631 0 -10660.67792654 0 -72214.47752995 0 1987.21656915 0 3
0.00250000 0.00253879 16611.03386268 0 -20999.99269754 0 -28947.48600587 0 -2376.78524557 0 -3449.33920610 0 6
0.00350000 0.00331552 37571.38763737 0 -22365.43179418 0 -4428.69740864 0 -36188.01137453 0 -24611.23143714 0 7
0.00450000 0.00420575 49693.81174181 0 -15244.37681031 0 -1643.37659423 0 -44692.33189798 0 7146.17808888 0 24
0.00550000 0.00557378 55852.57097569 0 11468.93549365 0 13260.54837256 0 -33780.77723570 0 7861.87102051 0 45
0.00650000 0.00659388 32693.36421527 0 13774.19352089 0 21514.30218537 0 -36837.51394839 0 19411.99987205 0 40
0.00750000 0.00754703 47265.20801609 0 682.02199185 0 23306.69012701 0 15744.40299912 0 3455.93831170 0 57
0.00850000 0.00846663 49014.19244445 0 -14490.57293666 0 28276.72456836 0 18437.85673451 0 -1695.32794228 0 75
0.00950000 0.00948925 59092.55466412 0 -7065.79301069 0 30184.15396486 0 15248.36284725 0 -21088.46057284 0 112
0.01050000 0.01054430 71881.20055291 0 -5186.38766830 0 3899.06382326 0 13693.58699621 0 -4146.90674200 0 105
0.01150000 0.01145670 71034.16770428 0 -2584.49098684 0 12117.88445127 0 -5518.94494423 0 -9919.80652827 0 144
0.01250000 0.01249090 70679.96403333 0 5671.44407396 0 18699.05287698 0 -22356.02031808 0 -8264.11750884 0 169
0.01350000 0.01339930 70518.19736773 0 8246.24677658 0 31698.18366057 0 6132.40710081 0 -32019.83469655 0 180
0.01450000 0.01448870 67618.79839072 0 -3892.35399442 0 28056.71747421 0 -11651.62885316 0 -8036.35978732 0 267
0.01550000 0.01550050 63982.86836677 0 -6469.78083803 0 33742.35626858 0 7071.70563215 0 -18794.82848666 0 238
0.01650000 0.01653350 79298.10805593 0 -3208.00681436 0 41215.62190493 0 5663.35020451 0 -11849.38057442 0 315
0.01750000 0.01747870 74591.92711501 0 -259.27177242 0 31988.05712432 0 15447.44324749 0 -6113.91631836 0 297
0.01850000 0.01844180 71316.29054066 0 8019.71808312 0 14053.43755282 0 12463.45170886 0 -5521.94554426 0 388
0.01950000 0.01947590 68167.98570173 0 1164.37675025 0 16127.06254485 0 10265.01947147 0 15034.55625500 0 399
0.02050000 0.02045430 67546.38538641 0 4374.28800448 0 18866.46642824 0 12627.65428592 0 10078.67224477 0 462
0.02150000 0.02154770 61706.61983056 0 4679.45234881 0 6713.77058774 0 2011.78605792 0 13246.70796653 0 571
0.02250000 0.02255340 57814.80838005 0 1843.77460113 0 8444.13136574 0 5847.57154485 0 4245.28434802 0 510
0.02350000 0.02348930 61336.25056537 0 -1415.22026902 0 7459.10413290 0 -987.26716415 0 5830.07727163 0 555
0.02450000 0.02439640 61455.16733393 0 -4519.81156957 0 8275.96489640 0 -2912.55289890 0 2619.64561814 0 592
0.02550000 0.02547300 63262.17074433 0 -1404.03722095 0 5269.06471772 0 -2103.55348602 0 -4468.96745400 0 837
0.02650000 0.02652900 66190.91138211 0 -279.62934883 0 8683.71433017 0 -6122.54165939 0 -6109.38773751 0 723
0.02750000 0.02749970 65326.60570677 0 2044.29440359 0 12303.23516874 0 -8049.30333504 0 -8612.70751111 0 826
0.02850000 0.02848090 64547.44620928 0 2341.12128733 0 11968.29734297 0 -4538.21377342 0 -2677.50958765 0 831
0.02950000 0.02946900 63220.09591002 0 2670.26828721 0 17230.41971303 0 -2212.88162128 0 -266.44220997 0 996
0.03050000 0.03053250 63107.49036661 0 1390.27432120 0 19484.85576936 0 790.95595235 0 -6624.26191390 0 1041
0.03150000 0.03150510 60776.87671554 0 772.33783817 0 21424.94852408 0 -1378.42693365 0 -981.41876218 0 1036
0.03250000 0.03246190 59578.29755392 0 3626.90607922 0 23875.47545294 0 -3300.40536497 0 -14551.24927666 0 1059
0.03350000 0.03345080 56698.71803833 0 5633.80924190 0 28042.65562169 0 -3070.26709361 0 -5015.41990078 0 1302
0.03450000 0.03451200 53964.29670112 0 1753.44657526 0 26677.99158779 0 -3144.89456289 0 -4831.96255086 0 1339
0.03550000 0.03553350 53071.53515099 0 1519.70979833 0 30858.23709982 0 -1820.13518764 0 -8822.47270480 0 1365
0.03650000 0.03647120 54317.06096984 0 -148.19199537 0 34904.83965129 0 -2665.16394547 0 -20257.59331845 0 1308
0.03750000 0.03744890 53368.27345613 0 2233.87474914 0 34592.71081466 0 -6.30106075 0 -10373.58361632 0 1579
0.03850000 0.03847530 52741.91204114 0 3480.36386025 0 37713.44556479 0 404.31701308 0 25.55791521 0 1662
0.03950000 0.03950240 52485.14482860 0 -527.54423768 0 37760.72439177 0 8011.10381441 0 -3231.42478135 0 1683
0.04050000 0.04050350 50618.35086417 0 19.64429725 0 35171.46123293 0 10802.92408348 0 2283.25731783 0 1822
0.04150000 0.04152450 50010.25878513 0 1863.23974816 0 31319.73159826 0 11409.80927912 0 -5160.02446291 0 1887
0.04250000 0.04250150 46658.11244629 0 2176.61975750 0 24661.94268481 0 6515.35452698 0 5250.11996996 0 1920
0.04350000 0.04349210 43014.98541121 0 4626.78129964 0 24439.05678621 0 5285.27460126 0 2687.30859511 0 2005
0.04450000 0.04448520 41482.79710280 0 3104.59130055 0 21699.54217958 0 2761.20529095 0 11083.50786671 0 2151
0.04550000 0.04548030 37632.28542387 0 1237.83055310 0 20468.96399924 0 5407.46877796 0 8773.46659515 0 2274
0.04650000 0.04648670 38292.97104580 0 -442.84981068 0 18315.06465227 0 2913.08437049 0 8441.68438196 0 2311
0.04750000 0.04749250 39009.46118481 0 -1882.07377267 0 18608.37053671 0 4134.67182308 0 8168.12045266 0 2568
0.04850000 0.04851840 40409.33521164 0 223.64103115 0 17315.89806063 0 1613.83563162 0 9367.80684676 0 2493
0.04950000 0.04949480 40826.87258055 0 -529.10432825 0 16420.36842930 0 -119.42941719 0 4235.48534055 0 2644
0.05050000 0.05050630 39645.89841539 0 1283.06099998 0 17093.67650152 0 634.50953882 0 5156.20451085 0 2829
0.05150000 0.05149060 38242.37052138 0 1478.76434115 0 15961.42056557 0 -1722.55478901 0 3494.90182273 0 2784
0.05250000 0.05249300 37541.04946736 0 1660.52762538 0 14235.90946583 0 1813.99004736 0 -59.07428533 0 3055
0.05350000 0.05348950 35552.01703694 0 733.77957422 0 14468.42828702 0 -980.23623789 0 -2399.40600518 0 3009
0.05450000 0.05448610 34885.46308286 0 1285.56334539 0 12883.97860547 0 246.82869379 0 -3742.83332007 0 3336
0.05550000 0.05550870 33373.31568238 0 1502.03836792 0 13014.18914534 0 -44.45903801 0 -2224.45220072 0 3349
0.05650000 0.05647670 33233.47221992 0 168.98028522 0 14482.60086279 0 -1911.98012201 0 -6076.76866859 0 3324
0.05750000 0.05747970 33263.03532718 0 479.96424347 0 14986.83453503 0 -1154.84347858 0 -321.98209849 0 3639
0.05850000 0.05849280 33518.47386075 0 36.11493403 0 17150.69897434 0 574.70237632 0 -692.14431120 0 3846
0.05950000 0.05951020 33436.42793384 0 -976.05532804 0 15148.82264713 0 3804.79404976 0 -335.53462407 0 3787
0.06050000 0.06049470 34021.37885401 0 -380.53919553 0 15098.33284595 0 2970.22863888 0 -2703.18630890 0 3930
0.06150000 0.06148310 34101.21031596 0 714.26792342 0 12608.05627099 0 2629.18996214 0 176.48178528 0 4083
0.06250000 0.06249100 32468.04240521 0 1758.45126607 0 11978.37315856 0 -821.04610228 0 674.98331497 0 4303
0.06350000 0.06350600 31691.65098892 0 1127.74949975 0 11914.81801410 0 -130.42534297 0 -854.02391452 0 4470
0.06450000 0.06451750 31117.44022383 0 -537.91125541 0 12445.73598915 0 204.30210862 0 758.70448462 0 4479
0.06550000 0.06550280 32907.50297726 0 -1348.07769132 0 12805.36509926 0 517.94453206 0 -2699.47708009 0 4636
0.06650000 0.06648880 32502.36661214 0 -123.79634210 0 13083.05900571 0 1804.55642662 0 399.03662137 0 4653
0.06750000 0.06749660 33700.50288077 0 380.17380881 0 13353.88807078 0 1321.33802688 0 1909.34490870 0 5220
0.06850000 0.06852730 32877.49697700 0 274.62576524 0 12511.83776832 0 2225.19404648 0 4371.59742955 0 5029
0.06950000 0.06949320 32422.75659670 0 1459.26597715 0 12528.99987179 0 2409.44860379 0 4718.23870264 0 5040
0.07050000 0.07048030 30467.05186398 0 1495.68285348 0 11517.10010661 0 1767.51950010 0 3907.10233108 0 5475
0.07150000 0.07148790 29888.74433870 0 1423.35842776 0 11988.78114389 0 842.02594334 0 3632.45331395 0 5509
0.07250000 0.07249820 28274.51010339 0 942.18287196 0 10751.11667566 0 -189.29910849 0 4694.68786776 0 5916
0.07350000 0.07351270 27814.78717692 0 283.62313639 0 10142.89172872 0 -235.88923687 0 3375.81896931 0 5721
0.07450000 0.07449140 27469.55208908 0 268.12520334 0 10738.54958699 0 -384.99580627 0 2386.97178440 0 6028
0.07550000 0.07549160 27711.15021662 0 328.54245095 0 10220.40907477 0 -628.65781516 0 -677.88758577 0 6183
0.07650000 0.07648840 26790.37568470 0 930.19154418 0 10826.96210067 0 -314.93899268 0 951.01083653 0 6330
0.07750000 0.07749960 26381.14255940 0 715.38512100 0 11559.72855716 0 -15.15723761 0 -226.37368092 0 6583
0.07850000 0.07848650 26345.60039674 0 210.75727399 0 10847.53448018 0 1128.43598389 0 1958.01884860 0 6549
0.07950000 0.07947320 26200.33149511 0 101.34587485 0 10320.86827785 0 1124.15099419 0 452.84701276 0 6828
0.08050000 0.08048110 25650.36912137 0 668.13286760 0 9838.83461687 0 763.26296075 0 1026.93708951 0 7147
0.08150000 0.08149960 25043.16282832 0 510.64676278 0 9478.70725215 0 313.68560551 0 -76.22520575 0 7386
0.08250000 0.08250610 24309.28913934 0 942.53497188 0 8699.27094654 0 626.16764931 0 531.89123241 0 7227
0.08350000 0.08350160 23842.47992498 0 52.54061718 0 8224.70003249 0 347.80718890 0 -754.43388894 0 7798
0.08450000 0.08449610 23391.83630486 0 176.54711200 0 8179.36993468 0 1755.05206235 0 -1273.70488551 0 7371
0.08550000 0.08548940 23099.85909940 0 332.63478220 0 6771.54597864 0 892.56335551 0 -971.57214372 0 8256
0.08650000 0.08650700 22867.78317120 0 560.68370586 0 6888.85726009 0 1310.29891904 0 -278.32613620 0 8037
0.08750000 0.08749060 22445.70614911 0 292.73898142 0 5985.52163976 0 922.61696677 0 505.55902952 0 8155
0.08850000 0.08849210 22325.79287133 0 164.34430282 0 7072.96787718 0 18.29934195 0 986.17211123 0 8718
0.08950000 0.08949900 22449.02784656 0 342.85896694 0 7107.33637341 0 725.21955990 0 1497.55407637 0 8571
0.09050000 0.09049190 22054.07802028 0 532.08499809 0 7189.79197634 0 50.19129130 0 3396.50207207 0 8932
0.09150000 0.09150830 21614.06383198 0 675.24794353 0 6748.09479467 0 1000.26164456 0 3214.05230371 0 9285
0.09250000 0.09250820 20968.65801830 0 332.52405895 0 6904.75711853 0 1595.36699382 0 3140.65386248 0 9204
0.09350000 0.09350330 20469.40689223 0 836.17089798 0 6020.04514855 0 772.98556917 0 2841.33570566 0 9349
0.09450000 0.09448040 19435.47320067 0 834.63184483 0 6214.17621959 0 -381.08616838 0 2428.17190505 0 9564
0.09550000 0.09549270 19070.52937464 0 882.54179432 0 5853.52845560 0 -1838.51524684 0 1688.64025809 0 10155
0.09650000 0.09649430 18344.62775953 0 474.47790652 0 7287.18414544 0 -1050.59421872 0 1780.85057918 0 9913
0.09750000 0.09749140 17927.42256037 0 436.85193232 0 7032.71997646 0 -331.92947511 0 643.79368319 0 10476
0.09850000 0.09850240 17752.59055148 0 199.78902903 0 7952.02188918 0 250.33308459 0 225.37495722 0 10575
0.09950000 0.09950330 17411.56294707 0 304.34831399 0 7310.84570358 0 608.84499713 0 -534.16438069 0 10882
0.10050000 0.10051200 17078.50741652 0 375.94639519 0 7485.52269992 0 967.35026627 0 225.76138135 0 10875
0.10150000 0.10150300 16865.58661026 0 109.38914377 0 6242.63209438 0 933.97827926 0 588.14971481 0 11118
0.10250000 0.10250800 16881.53075800 0 234.04790925 0 6635.92107194 0 635.68431249 0 870.13082543 0 11575
0.10350000 0.10349800 16365.89259119 0 364.00710734 0 6217.84115911 0 604.77591776 0 805.43523152 0 11364
0.10450000 0.10450100 16130.60568880 0 376.38928819 0 5965.75753996 0 -153.32955409 0 1217.43533078 0 12093
0.10550000 0.10551000 15603.56302743 0 409.34384855 0 5236.02490046 0 758.57604565 0 1049.11827782 0 12067
0.10650000 0.10649700 15850.03297789 0 -134.57967924 0 5876.45924030 0 -492.84467893 0 18.46775201 0 12054
0.10750000 0.10749900 15722.47979598 0 -22.57181993 0 5292.31659984 0 33.63351532 0 -28.99941521 0 12807
0.10850000 0.10850100 15601.90217871 0 423.90617015 0 5747.99812775 0 -50.68899230 0 136.09326604 0 12736
0.10950000 0.10950300 15619.06428218 0 223.34761454 0 5681.75240836 0 -141.60728380 0 799.91567759 0 12933
0.11050000 0.11050200 15416.99435423 0 73.16093986 0 5701.87082256 0 1375.12738085 0 877.82276948 0 13428
0.11150000 0.11150900 15099.21863194 0 268.94898431 0 5700.63072218 0 863.24494663 0 1188.06045304 0 13453
0.11250000 0.11250000 15307.04616879 0 24.83909988 0 4912.15939952 0 1231.94007630 0 1637.23145396 0 13668
0.11350000 0.11349100 14752.54414187 0 13.04031983 0 4756.24999375 0 777.17201518 0 1469.19785251 0 13791
0.11450000 0.11448600 14745.45785398 0 180.09468487 0 4048.82808876 0 616.94772443 0 1800.75861921 0 14205
0.11550000 0.11549300 14611.48272368 0 240.07457565 0 3914.00038944 0 -35.13005074 0 1448.34866488 0 14776
0.11650000 0.11649800 14490.01932042 0 56.97873713 0 3861.83866722 0 -397.76330402 0 896.95353230 0 14553
0.11750000 0.11747300 14386.16091362 0 381.41169473 0 4366.55952176 0 -532.99403596 0 1142.28746224 0 14568
0.11850000 0.11849100 14201.47453564 0 219.17999148 0 4463.16555580 0 -607.72558509 0 766.25359568 0 16015
0.11950000 0.11950300 14205.23912608 0 145.10613845 0 4995.41220983 0 -185.98516168 0 1262.20074003 0 15270
0.12050000 0.12050700 14090.08694797 0 137.11081269 0 5350.96670441 0 60.31372137 0 323.64294722 0 15999
0.12150000 0.12150000 14144.34133958 0 145.36744531 0 5782.80951698 0 -434.13589105 0 629.20368077 0 15670
0.12250000 0.12250700 13841.95614878 0 184.64983930 0 5368.22845880 0 454.32738259 0 1132.21164666 0 16887
0.12350000 0.12352200 13739.64786746 0 16.25815887 0 5238.70440307 0 519.80911156 0 1305.28315590 0 16407
0.12450000 0.12449800 13824.68332207 0 -138.08407005 0 4857.53962119 0 717.06147098 0 254.60810920 0 16306
0.12550000 0.12549900 13840.84891630 0 163.77739979 0 4602.88722268 0 400.62549998 0 282.14940996 0 17523
0.12650000 0.12650100 13672.21740931 0 203.94668700 0 3817.77081444 0 160.16228573 0 215.41429381 0 17154
0.12750000 0.12750600 13316.35288964 0 -26.12371101 0 3869.05782300 0 497.23485572 0 802.27408278 0 18007
0.12850000 0.12850300 13496.94250743 0 59.89474460 0 3907.46771780 0 673.05340875 0 700.99442043 0 17496
0.12950000 0.12949900 13379.13297136 0 16.10724308 0 3683.57423764 0 347.81383230 0 47.63092690 0 18405
0.13050000 0.13049000 13239.51095540 0 281.41420759 0 3701.40068060 0 -144.20485121 0 168.22847436 0 18100
0.13150000 0.13148800 13043.08791312 0 544.40849561 0 3512.90542289 0 -484.63233561 0 41.94285220 0 19059
0.13250000 0.13249300 12683.90169600 0 436.26952804 0 3786.22576104 0 -650.01965143 0 87.43881343 0 18957
0.13350000 0.13349100 12369.22622465 0 406.21702402 0 3903.78063363 0 -317.85655027 0 -571.29320751 0 19468
0.13450000 0.13450700 12075.14527747 0 162.00582782 0 3860.35497570 0 -228.80959238 0 -688.03758593 0 19953
0.13550000 0.13551000 12063.63005966 0 86.85043009 0 3644.72144985 0 338.95043628 0 -1262.20074003 0 19956
0.13650000 0.13649900 11904.52075202 0 -82.58116309 0 3684.71468710 0 264.61416914 0 -1209.09787020 0 19723
0.13750000 0.13749600 12022.99462758 0 -68.18703010 0 3160.00828627 0 576.23035714 0 -973.89843917 0 20946
0.13850000 0.13851100 12103.04753601 0 52.60494738 0 3311.41125584 0 220.98588766 0 -985.17228030 0 20955
0.13950000 0.13949800 11909.94619118 0 259.53086482 0 3192.32840241 0 -78.89485399 0 -823.35246754 0 20506
0.14050000 0.14048300 11581.54103706 0 465.78502431 0 3667.25363086 0 -104.17308227 0 -545.50354854 0 21447
0.14150000 0.14148400 11185.04108530 0 415.03723797 0 3496.67339470 0 -160.54760264 0 -476.23729894 0 21771
0.14250000 0.14249400 10920.93292140 0 314.96667349 0 3827.62518353 0 244.35181473 0 -134.27961924 0 22470
0.14350000 0.14350900 10908.95266595 0 71.53375100 0 3783.45767983 0 85.64376813 0 -218.92975694 0 22519
0.14450000 0.14449900 10981.22173004 0 -114.43579870 0 3673.35448183 0 305.85636463 0 -374.90227496 0 22218
0.14550000 0.14550500 10861.58526037 0 -2.86538480 0 3618.90078838 0 22.04510944 0 -74.53313307 0 23559
0.14650000 0.14650700 10976.90352336 0 154.02378885 0 3697.61394551 0 31.04225914 0 -563.98547312 0 23044
0.14750000 0.14750500 10792.16178376 0 175.68900683 0 3649.12823513 0 -100.43761205 0 -260.98909000 0 23649
0.14850000 0.14849900 10590.23579604 0 242.39312046 0 3573.24959315 0 386.09528812 0 169.17294367 0 23640
0.14950000 0.14949500 10383.06152636 0 226.40689789 0 3460.30080767 0 439.91896630 0 150.33116853 0 24457
0.15050000 0.15050000 10215.23829908 0 103.79651250 0 3302.96307200 0 471.38651343 0 -471.11524148 0 24591
0.15150000 0.15149900 9959.62260832 0 260.80861110 0 3114.94392426 0 107.58280470 0 -181.79871566 0 25020
0.15250000 0.15250500 9775.65593146 0 265.41026930 0 2876.19138419 0 -63.21323107 0 -121.52208658 0 25297
0.15350000 0.15350100 9618.42891903 0 132.62762838 0 2892.77772677 0 -167.89187569 0 -279.43115422 0 25452
0.15450000 0.15450400 9534.87715595 0 237.80474906 0 3220.81749417 0 -364.63933709 0 -353.29352585 0 26061
0.15550000 0.15549900 9418.16378004 0 213.70472686 0 3155.82294749 0 -76.56257949 0 -162.29260103 0 26128
0.15650000 0.15649500 9337.77870186 0 42.95464124 0 3336.91081989 0 -48.86947716 0 173.99383390 0 26331
0.15750000 0.15749700 9398.56576511 0 -56.67756990 0 3587.72112169 0 273.78094686 0 132.01754328 0 27345
0.15850000 0.15849900 9384.22710447 0 29.32815253 0 3626.91715154 0 333.87377535 0 101.13062886 0 26980
0.15950000 0.15949700 9265.56499939 0 183.84931022 0 3483.86271489 0 293.20291183 0 75.36034646 0 27777
0.16050000 0.16050000 9184.24984592 0 165.39617368 0 3200.22297001 0 145.57339055 0 215.04779986 0 28224
0.16150000 0.16150500 9046.01187056 0 22.07899075 0 3166.81776603 0 569.49174026 0 364.10232934 0 28075
0.16250000 0.16249700 9136.80493407 0 -73.44151257 0 2767.71581794 0 438.96785360 0 504.72306900 0 28590
0.16350000 0.16349900 9091.34196837 0 -0.55807507 0 2427.27504674 0 552.74817067 0 138.83809537 0 29163
0.16450000 0.16449100 8928.68951678 0 160.63950293 0 2174.36100324 0 94.64667544 0 325.35805033 0 28996
0.16550000 0.16550500 8840.94134259 0 242.27575382 0 2372.99851048 0 18.54603335 0 328.73953833 0 30777
0.16650000 0.16650700 8522.83345055 0 260.44322438 0 2365.75721005 0 -45.91792753 0 469.37799371 0 29211
0.16750000 0.16749900 8482.95093656 0 84.06264015 0 2420.05589096 0 -80.39902931 0 281.64894088 0 30922
0.16850000 0.16850800 8365.11925584 0 40.36471374 0 2822.84492321 0 -66.76833312 0 600.15765108 0 30867
0.16950000 0.16949900 8538.02468021 0 -33.52079905 0 2594.05747549 0 10.04730435 0 250.58442637 0 30852
0.17050000 0.17049200 8483.75921627 0 -30.28325127 0 2572.55502069 0 213.74237276 0 712.81966334 0 31257
0.17150000 0.17149500 8482.46375427 0 152.51905991 0 2371.08299829 0 -76.57885580 0 467.78690064 0 32608
0.17250000 0.17250900 8439.83530371 0 152.06509459 0 2608.66187192 0 245.40700728 0 348.01534861 0 32361
0.17350000 0.17350400 8309.38117270 0 96.52742054 0 2435.11425272 0 103.48327643 0 537.88246737 0 32508
0.17450000 0.17449800 8200.58450903 0 85.27350959 0 2025.73718720 0 284.13689226 0 625.00173350 0 32791
0.17550000 0.17549800 8283.07332893 0 4.39832602 0 2054.80203984 0 250.66303987 0 332.49194921 0 33633
0.17650000 0.17650100 8122.62426998 0 43.53283804 0 1891.65133364 0 26.72117365 0 146.36063285 0 33984
0.17750000 0.17750300 8079.03252717 0 242.44848209 0 1943.40337984 0 -221.08886028 0 334.91125218 0 34069
0.17850000 0.17849800 7941.89071197 0 129.10552185 0 1863.43905000 0 39.16956700 0 113.55665611 0 34536
0.17950000 0.17950400 7873.04299625 0 31.03461923 0 1842.61200702 0 50.37907792 0 278.11686926 0 35343
0.18050000 0.18050100 7845.08537608 0 6.90048320 0 1787.89257777 0 297.69716847 0 225.57093737 0 34990
0.18150000 0.18150500 7799.79956757 0 101.45438363 0 1833.90915971 0 100.42831129 0 152.42715962 0 36243
0.18250000 0.18250200 7830.51419662 0 72.80717908 0 1847.06308160 0 140.51112365 0 357.49547312 0 35694
0.18350000 0.18350400 7648.29694708 0 146.98954090 0 1699.82330616 0 22.64379004 0 366.78183194 0 37087
0.18450000 0.18450600 7546.19903993 0 186.83551622 0 1792.46544792 0 14.04291884 0 515.59387751 0 36651
0.18550000 0.18550700 7453.91121256 0 58.28837171 0 1761.35221518 0 -113.43818223 0 101.81235190 0 37818
0.18650000 0.18651000 7365.76443468 0 142.20076041 0 1834.77280105 0 -104.79988658 0 103.20259300 0 37267
0.18750000 0.18750100 7272.25865159 0 134.73912072 0 1677.06967866 0 -172.64411750 0 -248.67445033 0 38334
0.18850000 0.18850000 7234.90062765 0 65.13726895 0 1789.33197999 0 -11.24328151 0 -272.94830803 0 38223
0.18950000 0.18949500 7119.31662887 0 8.63628049 0 1654.60393160 0 27.77370885 0 -434.43041489 0 39064
0.19050000 0.19050000 7259.65834594 0 30.95124463 0 1711.52675349 0 42.16894907 0 -504.27131815 0 39609
0.19150000 0.19149800 7149.68801585 0 56.47627503 0 1779.99801017 0 -5.98151346 0 -165.31866740 0 39576
0.19250000 0.19250400 7181.35486483 0 185.54226868 0 1908.71378619 0 18.72485139 0 -44.73662120 0 40909
0.19350000 0.19350500 6963.56223564 0 135.16429799 0 1881.36514389 0 212.57977866 0 390.30277155 0 40191
0.19450000 0.19450100 7057.16766966 0 -32.35765133 0 1926.86132656 0 454.80238532 0 496.98462118 0 41232
0.19550000 0.19549800 7012.85622574 0 -75.45014301 0 1676.75965356 0 334.57133181 0 656.25115584 0 40873
0.19650000 0.19649700 7114.96520521 0 -47.56094981 0 1642.78976102 0 304.33613443 0 490.65457308 0 42816
0.19750000 0.19750200 7036.63957945 0 124.19716026 0 1554.74263406 0 -22.00790643 0 604.88221208 0 41727
0.19850000 0.19849000 7006.07996295 0 143.30467120 0 1321.93593242 0 -104.35942950 0 504.05651504 0 42610
0.19950000 0.19949900 6829.33244187 0 76.89430634 0 1375.39311665 0 -110.26562900 0 327.23038046 0 43863
0.20050000 0.20050100 6830.46181900 0 166.75806963 0 1440.04442126 0 -139.55004585 0 342.81689210 0 43302
0.20150000 0.20150100 6721.28869629 0 100.24539649 0 1400.08440099 0 -129.01472879 0 -21.45174355 0 44487
0.20250000 0.20249700 6775.76453439 0 8.24893735 0 1485.72883347 0 -87.42309073 0 23.83173977 0 43759
0.20350000 0.20349100 6668.67300875 0 34.93971747 0 1455.44602509 0 -94.92625164 0 58.64578636 0 45282
0.20450000 0.20449700 6745.39314742 0 75.70336708 0 1588.28070594 0 55.17627338 0 -0.82685686 0 45483
0.20550000 0.20549900 6611.41801711 0 97.42671476 0 1420.83393770 0 229.67987711 0 66.24605156 0 46138
0.20650000 0.20650200 6649.42930821 0 12.78465985 0 1501.81692143 0 192.21998778 0 -126.44373496 0 46227
0.20750000 0.20749300 6504.93546933 0 137.55038399 0 1268.99914747 0 231.55663616 0 22.02684010 0 46236
0.20850000 0.20850300 6506.45237783 0 102.22346732 0 1213.96969312 0 56.11310278 0 -32.60788587 0 48361
0.20950000 0.20950400 6369.48771982 0 35.95604617 0 1227.15683198 0 -73.48148366 0 231.98845683 0 46812
0.21050000 0.21050300 6438.63438832 0 106.25589729 0 1304.12056179 0 96.64622658 0 2.43208044 0 48813
0.21150000 0.21149700 6216.82250522 0 149.57160705 0 1295.16305101 0 24.59628380 0 95.31311867 0 47215
0.21250000 0.21249000 6151.27434230 0 147.14676791 0 1287.50100224 0 24.84098218 0 98.37284491 0 50004
0.21350000 0.21350300 6092.51351449 0 82.45449569 0 1307.64156108 0 68.45542325 0 318.07688953 0 49509
0.21450000 0.21449800 6063.98013343 0 11.17917275 0 1231.90685932 0 177.15387540 0 159.48798115 0 49660
0.21550000 0.21550100 5956.01389412 0 140.34836047 0 1186.03421760 0 -41.20764983 0 341.24794368 0 50841
0.21650000 0.21649800 5890.67610537 0 196.75742649 0 1325.76695681 0 27.67726890 0 135.22298131 0 50424
0.21750000 0.21750300 5661.02501630 0 157.68429944 0 1308.36126220 0 -83.16722124 0 503.13751208 0 52231
0.21850000 0.21850300 5606.02877893 0 117.03447333 0 1367.09994536 0 48.75831102 0 366.30904367 0 51078
0.21950000 0.21950100 5556.76800581 0 36.89198979 0 1320.79548297 0 66.57346020 0 394.70955683 0 52791
0.22050000 0.22050700 5602.67386451 0 32.57987289 0 1362.80388333 0 69.05487892 0 166.70270800 0 52969
0.22150000 0.22150000 5525.34474798 0 36.51121254 0 1269.01021979 0 8.33361849 0 164.19150474 0 52704
0.22250000 0.22250100 5491.49665100 0 74.67264436 0 1275.22179401 0 -47.35810482 0 206.73137669 0 54051
0.22350000 0.22349900 5491.47450636 0 7.52362257 0 1221.90855001 0 -8.38907977 0 11.30617232 0 53938
0.22450000 0.22449800 5454.67009866 0 60.25913481 0 1226.52570946 0 90.35592813 0 7.30988241 0 54735
0.22550000 0.22549100 5435.68106159 0 29.25784327 0 1075.12273989 0 4.32356568 0 -76.43746222 0 54774
0.22650000 0.22649900 5402.71875061 0 65.80537303 0 1104.29610132 0 32.22976598 0 -53.42452087 0 56911
0.22750000 0.22749800 5380.95056002 0 27.95972391 0 1089.47468732 0 23.97789446 0 -129.30703816 0 54879
0.22850000 0.22849100 5364.80711043 0 24.04720721 0 1046.00141839 0 74.00741909 0 -48.13405334 0 57210
0.22950000 0.22949800 5371.19584185 0 28.05959628 0 995.81389168 0 51.73322325 0 130.68111367 0 57375
0.23050000 0.23049600 5378.73609505 0 50.94520589 0 1027.53167336 0 97.05291307 0 -38.46392774 0 57604
0.23150000 0.23150100 5293.44597697 0 103.97167668 0 930.69312049 0 110.04949722 0 199.91857523 0 58629
0.23250000 0.23250200 5233.71078458 0 143.31685076 0 1089.83232341 0 -35.86314936 0 90.40951818 0 58560
0.23350000 0.23350400 5110.96299164 0 186.76465334 0 1072.21071846 0 -82.14657434 0 242.63892608 0 59305
0.23450000 0.23449700 5032.73701679 0 87.39197750 0 1164.22173771 0 -15.31081076 0 437.70007241 0 59196
0.23550000 0.23549300 4994.22747107 0 13.30815937 0 1182.69037550 0 56.26169338 0 481.69041891 0 60063
0.23650000 0.23649900 5007.33710366 0 -7.79310081 0 1171.10872374 0 189.15184657 0 535.32586756 0 61537
0.23750000 0.23750400 5037.81921389 0 7.02278810 0 1135.25653598 0 196.73860354 0 475.74679495 0 61224
0.23850000 0.23850100 5029.39317470 0 55.19675718 0 1023.41609022 0 62.67777344 0 584.74165323 0 61221
0.23950000 0.23949400 4982.87833814 0 46.38385096 0 954.07344158 0 39.47759908 0 476.80198750 0 62332
0.24050000 0.24050100 4985.53569609 0 -4.57507354 0 932.75478737 0 62.88061843 0 490.53388474 0 63447
0.24150000 0.24150500 4955.54076816 0 12.06141559 0 840.25769307 0 -6.34389958 0 356.43917333 0 63342
0.24250000 0.24250300 5011.20134502 0 59.14060855 0 812.03544434 0 -73.30410502 0 186.02391481 0 63379
0.24350000 0.24349600 4929.69796203 0 37.00481678 0 806.99532208 0 -75.32303272 0 203.86253733 0 64266
0.24450000 0.24449500 4905.26134116 0 53.95654607 0 788.64183646 0 -14.26292594 0 35.22228320 0 64695
0.24550000 0.24549600 4896.10452853 0 114.13130977 0 814.87217396 0 30.36064682 0 -102.70323115 0 65947
0.24650000 0.24650000 4787.04212907 0 127.31734139 0 738.48309780 0 35.26745829 0 2.25619656 0 66018
0.24750000 0.24750000 4710.17805018 0 126.39612397 0 753.41080612 0 62.41059824 0 -16.84421702 0 66303
0.24850000 0.24849600 4577.75304535 0 65.58259786 0 669.33089315 0 67.81234263 0 73.71167729 0 66958
0.24950000 0.24949200 4624.15715866 0 15.93839013 0 662.14495434 0 134.57525031 0 -64.04254820 0 66975
0.25050000 0.25048900 4562.89398544 0 32.51377111 0 597.22680670 0 28.13090205 0 -66.03501305 0 68676
0.25150000 0.25150000 4546.76160818 0 104.24460949 0 603.38855546 0 -3.39719963 0 -10.41078663 0 69349
0.25250000 0.25249900 4514.14253926 0 62.98514118 0 606.91730538 0 -37.33621146 0 53.27869835 0 68592
0.25350000 0.25349900 4492.93903724 0 18.46443031 0 661.32892400 0 -20.86723552 0 16.40442428 0 70437
0.25450000 0.25450100 4452.06001400 0 92.26601488 0 618.49009928 0 38.09211907 0 183.00227737 0 70099
0.25550000 0.25550100 4452.68006419 0 45.91427366 0 704.11349433 0 18.85096517 0 179.63629063 0 71064
0.25650000 0.25650300 4384.10915659 0 4.97222676 0 580.97152663 0 157.52817966 0 173.43025256 0 71409
0.25750000 0.25750600 4486.91569253 0 21.14825113 0 548.77099159 0 75.19924413 0 185.32857281 0 72612
0.25850000 0.25850600 4411.34707565 0 66.05438962 0 525.18029633 0 -21.40623630 0 221.38338412 0 71845
0.25950000 0.25949600 4407.98108890 0 92.96478930 0 570.96989562 0 35.38117106 0 325.52081351 0 72816
0.26050000 0.26049800 4330.65197237 0 72.95920210 0 527.25746447 0 -52.24310381 0 338.44775273 0 73743
0.26150000 0.26149900 4306.94612493 0 12.88165342 0 587.29825303 0 45.53117123 0 265.79780067 0 74662
0.26250000 0.26250300 4339.36589200 0 -38.99728163 0 558.38066230 0 128.85085838 0 179.87213114 0 74931
0.26350000 0.26350100 4335.36878274 0 31.02033594 0 558.74162009 0 -25.09730650 0 225.54436379 0 75087
0.26450000 0.26450200 4372.71573435 0 68.33229900 0 525.39399220 0 -2.01209608 0 216.40748135 0 76678
0.26550000 0.26550600 4296.98103259 0 68.73887477 0 588.13642802 0 -81.10644015 0 288.34326846 0 76035
0.26650000 0.26650100 4268.72445966 0 87.27162133 0 545.37068064 0 -32.55518160 0 253.62045783 0 77094
0.26750000 0.26750600 4235.89501657 0 87.67365744 0 546.30739932 0 21.47001289 0 240.57947366 0 78463
0.26850000 0.26850100 4158.67662329 0 54.18076065 0 582.66448509 0 64.64864726 0 114.37157921 0 77076
0.26950000 0.26949700 4181.37488916 0 6.01342390 0 512.52684353 0 4.02112513 0 127.77573564 0 79149
0.27050000 0.27049900 4189.70127743 0 61.68447518 0 534.83093465 0 -64.12725148 0 62.37870995 0 79648
0.27150000 0.27150200 4064.31827118 0 142.98910994 0 582.18394620 0 -81.95280865 0 170.32335822 0 80241
0.27250000 0.27250500 4026.17411218 0 85.87872287 0 535.22510941 0 8.34456902 0 111.99767277 0 80835
0.27350000 0.27350000 3919.82443230 0 107.09130420 0 581.20183099 0 75.13126006 0 146.86885256 0 80680
0.27450000 0.27450400 3839.46149876 0 119.77708819 0 457.26819206 0 78.87957418 0 119.14928737 0 82617
0.27550000 0.27550800 3758.62245526 0 38.86164565 0 536.69772861 0 128.32713742 0 242.93344992 0 82548
0.27650000 0.27649900 3738.07222040 0 15.10043659 0 365.61702337 0 179.15464450 0 261.93355930 0 81181
0.27750000 0.27748900 3774.33408418 0 -11.15636376 0 335.12826975 0 178.52352198 0 291.87091115 0 84096
0.27850000 0.27849800 3782.10685620 0 -1.12473783 0 280.81076589 0 53.24780656 0 237.07176116 0 85215
0.27950000 0.27950200 3807.45140771 0 39.04201382 0 247.96692878 0 -58.92181942 0 291.12685092 0 84514
0.28050000 0.28050300 3757.38235488 0 99.72311493 0 244.24109148 0 -25.78877318 0 195.66458803 0 85815
0.28150000 0.28150100 3683.15348930 0 68.82833915 0 303.51346070 0 -77.50284131 0 335.59441463 0 85485
0.28250000 0.28250000 3653.65681598 0 63.38285908 0 232.07482097 0 62.91195311 0 176.36774034 0 87220
0.28350000 0.28350400 3668.52694821 0 24.84862208 0 226.41021959 0 69.80923641 0 258.08592643 0 87147
0.28450000 0.28449700 3633.52732946 0 -32.58186590 0 157.52817966 0 102.75549252 0 56.91473910 0 87102
0.28550000 0.28549800 3651.84095471 0 30.82845255 0 153.91860177 0 -10.08910237 0 220.03698942 0 88971
0.28650000 0.28649900 3636.49471251 0 121.41136333 0 174.79989914 0 -50.97111513 0 150.67108890 0 89434
0.28750000 0.28750100 3595.13957932 0 42.06088318 0 207.55626489 0 -14.47872555 0 256.00211490 0 89619
0.28850000 0.28849900 3588.95014974 0 27.95463064 0 273.76876730 0 -18.46797346 0 383.97272346 0 90240
0.28950000 0.28950100 3586.20421319 0 52.46410741 0 274.86049853 0 -7.26166244 0 175.15642800 0 91333
0.29050000 0.29050500 3564.15921447 0 31.46931871 0 387.01539832 0 -13.25534438 0 279.57177274 0 92139
0.29150000 0.29150600 3562.71981225 0 59.72655598 0 341.35755969 0 -88.28606773 0 229.88914405 0 92370
0.29250000 0.29250200 3512.00856458 0 88.55390726 0 377.81208193 0 -51.28390831 0 218.72602616 0 91819
0.29350000 0.29349600 3505.86342430 0 41.75661570 0 398.55165354 0 -49.06988624 0 194.42891658 0 93552
0.29450000 0.29450000 3468.93722103 0 21.97203209 0 408.83009267 0 -64.06314272 0 121.88193714 0 94701
0.29550000 0.29550200 3478.07188901 0 53.20551028 0 380.00550947 0 18.56286328 0 99.84291748 0 95020
0.29650000 0.29650300 3486.25433705 0 -18.30421377 0 404.77983626 0 29.57927286 0 114.17670630 0 95151
0.29750000 0.29749800 3522.67121338 0 -7.49651752 0 355.21568144 0 64.83687678 0 128.40132199 0 95802
0.29850000 0.29850000 3527.22193888 0 61.61394447 0 368.88668089 0 54.95349820 0 93.98078583 0 97399
0.29950000 0.29950700 3487.40585883 0 67.60241135 0 278.34938808 0 -1.15362552 0 165.74495191 0 97881
0.30050000 0.30050300 3484.70421157 0 70.55584327 0 318.28062031 0 63.12254873 0 192.96847694 0 97188
0.30150000 0.30149700 3412.66766630 0 63.83339198 0 257.43044480 0 -22.91661212 0 215.32571521 0 98263
0.30250000 0.30249700 3341.97087234 0 74.49537644 0 278.05707871 0 84.86017971 0 215.43643846 0 100050
0.30350000 0.30350600 3337.97376308 0 61.57286615 0 203.31002832 0 60.60436989 0 147.70149138 0 100779
0.30450000 0.30450500 3265.10679345 0 54.03947779 0 206.37595506 0 77.23588756 0 180.25191189 0 99982
0.30550000 0.30550300 3268.91567318 0 12.04425349 0 159.51455473 0 79.30220482 0 177.18598514 0 101559
0.30650000 0.30649700 3235.78727733 0 36.67043257 0 79.96909094 0 75.77500502 0 269.73290491 0 100935
0.30750000 0.30749800 3276.12375664 0 24.89213632 0 82.83726596 0 82.91654381 0 204.39622338 0 103762
0.30850000 0.30850200 3204.89549108 0 23.52902241 0 38.73829995 0 43.69681917 0 341.77830804 0 102951
0.30950000 0.30950100 3218.65839083 0 79.20997235 0 -20.67479852 0 53.64452796 0 335.22238451 0 104394
0.31050000 0.31050000 3159.97506929 0 49.72946463 0 -19.29651552 0 10.62710664 0 365.01690337 0 103963
0.31150000 0.31149700 3166.65168116 0 30.66358563 0 -37.44925989 0 12.78620998 0 447.57326445 0 105936
0.31250000 0.31250000 3135.49415912 0 45.56782062 0 26.22358338 0 4.35803383 0 376.61405638 0 105717
0.31350000 0.31349800 3140.36598204 0 49.43239415 0 -3.13793007 0 -77.85892728 0 418.27921467 0 106776
0.31450000 0.31450400 3123.65784389 0 43.60547249 0 33.47418456 0 -40.67673186 0 405.04114312 0 108733
0.31550000 0.31549900 3118.50921285 0 54.15440852 0 54.89514705 0 -105.12186978 0 338.08125878 0 105891
0.31650000 0.31650000 3109.52955742 0 47.39741157 0 116.14979458 0 -66.21748496 0 265.16003476 0 111072
0.31750000 0.31750600 3058.29791048 0 72.35365665 0 173.56533493 0 -131.03985700 0 224.39837817 0 108121
0.31850000 0.31849900 3036.82867266 0 60.90487279 0 178.91437505 0 -4.59709640 0 196.58912716 0 110484
0.31950000 0.31950100 3025.77849249 0 13.09424205 0 165.48696674 0 79.41259589 0 245.16230890 0 110817
0.32050000 0.32049800 3033.50697521 0 17.35996591 0 112.85909964 0 126.90102198 0 208.68564202 0 111088
0.32150000 0.32149900 3047.25880264 0 25.46734359 0 82.38994404 0 194.29937038 0 259.34374253 0 112635
0.32250000 0.32250100 3009.95614032 0 35.89260175 0 -0.92285170 0 11.97483001 0 207.89618526 0 113202
0.32350000 0.32350400 2999.84710777 0 94.90931099 0 60.83611365 0 -61.88831668 0 192.54219243 0 113863
0.32450000 0.32450300 2978.85397991 0 69.22417477 0 111.60681971 0 -151.50262049 0 304.32838380 0 114045
0.32550000 0.32549900 2906.55169884 0 40.50577516 0 60.17354574 0 -80.32218738 0 232.86649219 0 114828
0.32650000 0.32650300 2921.96437499 0 13.93496368 0 124.05986343 0 -26.84529442 0 248.06657970 0 116431
0.32750000 0.32750400 2962.94304914 0 -14.23801321 0 41.50527392 0 87.50270075 0 99.58548593 0 116442
0.32850000 0.32850400 2941.61775154 0 38.44499407 0 77.79636864 0 106.12945134 0 75.38935595 0 116955
0.32950000 0.32949800 2929.03959055 0 52.33212530 0 -72.06123655 0 18.75828981 0 78.24679081 0 117028
0.33050000 0.33049700 2896.91877625 0 24.76103999 0 -51.69745964 0 82.42393608 0 138.54246429 0 119061
0.33150000 0.33150100 2913.78192695 0 44.29627484 0 -113.03293514 0 10.18305105 0 89.11494196 0 120060
0.33250000 0.33250400 2869.28225350 0 57.84813608 0 -54.74799585 0 5.16409908 0 119.60325269 0 119737
0.33350000 0.33350100 2867.32245201 0 37.46210379 0 -67.28197827 0 -47.20287083 0 168.07789075 0 120531
0.33450000 0.33450000 2860.65691247 0 0.36695013 0 -157.68319221 0 15.73986335 0 184.22687650 0 121704
0.33550000 0.33550300 2873.26829044 0 12.91642052 0 -66.68285477 0 60.50505114 0 206.02274790 0 122761
0.33650000 0.33650300 2862.07417005 0 50.81975645 0 -145.02198878 0 8.92537889 0 100.71342366 0 122472
0.33750000 0.33749900 2851.38937660 0 75.05486102 0 -140.93519369 0 44.53089740 0 71.46942079 0 122985
0.33850000 0.33849800 2774.09347704 0 90.11731953 0 -192.55547922 0 -75.49808618 0 146.77473780 0 125380
0.33950000 0.33950300 2737.48837119 0 69.22805008 0 -142.53514462 0 -24.13611798 0 79.42632558 0 125223
0.34050000 0.34050000 2703.99458861 0 47.76833446 0 -136.46861785 0 -1.35446642 0 19.76354619 0 125178
0.34150000 0.34149900 2691.30570437 0 52.95782238 0 -133.39272602 0 -11.95600706 0 51.36396122 0 127059
0.34250000 0.34250300 2657.15865463 0 59.10528784 0 -160.34719356 0 8.60978442 0 60.55111201 0 127957
0.34350000 0.34349800 2640.17370836 0 26.91947899 0 -158.22573612 0 50.85341632 0 151.46497459 0 126732
0.34450000 0.34449700 2665.23037942 0 5.76331115 0 -161.45221158 0 55.75856694 0 86.20668513 0 129639
0.34550000 0.34550000 2618.05120337 0 58.96511221 0 -174.33929043 0 62.76303034 0 164.11953462 0 129826
0.34650000 0.34650400 2641.24772386 0 58.03758356 0 -221.00138892 0 -0.72606770 0 193.30396838 0 130875
0.34750000 0.34750200 2571.46993286 0 56.29945001 0 -237.79921290 0 22.17199828 0 226.68370601 0 130686
0.34850000 0.34850200 2597.72241500 0 45.71486109 0 -245.78900249 0 -12.86892024 0 191.15925906 0 132211
0.34950000 0.34950400 2578.19083402 0 13.10553583 0 -268.68324851 0 -14.99735324 0 276.48813028 0 132768
0.35050000 0.35050300 2546.16967065 0 70.55119290 0 -268.59909885 0 -17.75513719 0 134.00724005 0 132957
0.35150000 0.35150100 2526.16197970 0 47.80908061 0 -288.70422625 0 34.34701593 0 156.33901197 0 133987
0.35250000 0.35249800 2512.55409250 0 30.88791093 0 -236.03428432 0 -3.94195801 0 132.08508446 0 134778
0.35350000 0.35349800 2476.55796451 0 24.86711286 0 -272.24964434 0 51.59869450 0 194.30712101 0 135699
0.35450000 0.35450100 2540.57814661 0 22.81862205 0 -209.73419118 0 27.59079405 0 254.21836337 0 137380
0.35550000 0.35550100 2502.83259131 0 28.98269600 0 -266.25951661 0 32.15967816 0 266.87181617 0 136161
0.35650000 0.35649900 2507.11758101 0 46.59178922 0 -199.19776688 0 11.88835516 0 340.10085083 0 138792
0.35750000 0.35750000 2480.30041030 0 52.60638679 0 -252.21980874 0 10.23361836 0 386.20158244 0 138097
0.35850000 0.35849800 2492.67926945 0 30.60025193 0 -204.81365003 0 -16.60051515 0 341.90121084 0 140028
0.35950000 0.35950300 2454.81191857 0 66.53902527 0 -175.20846793 0 -112.46824658 0 330.31955908 0 141099
0.36050000 0.36050500 2423.45509468 0 94.83689798 0 -132.31981775 0 -87.12900978 0 310.15242666 0 140821
0.36150000 0.36150200 2366.90873183 0 92.24331662 0 -94.94673545 0 -99.34621299 0 239.83319897 0 141756
0.36250000 0.36250400 2348.58403426 0 35.72230939 0 -52.11754364 0 -50.47031388 0 213.21754457 0 142971
0.36350000 0.36349900 2335.49654632 0 13.02647943 0 -66.84750024 0 -27.74735672 0 94.61578366 0 142270
0.36450000 0.36450000 2370.57367135 0 10.80303481 0 -86.40676204 0 17.03399667 0 104.60191341 0 145311
0.36550000 0.36550300 2368.92389495 0 20.71432672 0 -89.32598047 0 44.22054014 0 106.77851102 0 145434
0.36650000 0.36650100 2374.03930902 0 -0.48105930 0 -185.49244322 0 60.75827521 0 103.25430076 0 144547
0.36750000 0.36749600 2380.49447438 0 6.21779687 0 -240.97143396 0 130.90366740 0 127.68051365 0 146892
0.36850000 0.36849900 2397.35762508 0 25.16949805 0 -366.93795172 0 96.04998189 0 95.95786015 0 148113
0.36950000 0.36949900 2376.90704114 0 49.92001934 0 -379.47514511 0 67.99038561 0 78.42162282 0 147387
0.37050000 0.37049800 2341.76348217 0 55.07772968 0 -418.24156877 0 6.07841844 0 73.22527006 0 149758
0.37150000 0.37150100 2324.25813663 0 57.16851678 0 -417.08118913 0 -11.07064183 0 29.01292345 0 150099
0.37250000 0.37250000 2294.77253564 0 50.89859141 0 -408.19232676 0 -75.13635333 0 82.54816756 0 150468
0.37350000 0.37349800 2266.59346898 0 62.99588133 0 -390.62386897 0 -76.60554011 0 57.14670430 0 150709
0.37450000 0.37449700 2258.88713090 0 58.62652051 0 -348.76494500 0 -56.57249354 0 94.14122381 0 153108
0.37550000 0.37550100 2242.63295807 0 41.23566281 0 -326.39220547 0 -8.53390578 0 81.04742465 0 153189
0.37650000 0.37649900 2223.95394610 0 48.50929443 0 -281.89142479 0 -26.52320049 0 103.89804572 0 153547
0.37750000 0.37749900 2230.08801405 0 41.97629062 0 -281.96893106 0 -7.14498228 0 73.45778888 0 155424
0.37850000 0.37850200 2221.50696231 0 33.46853768 0 -257.17910303 0 15.74551023 0 130.78187183 0 155313
0.37950000 0.37949900 2215.67184713 0 20.23622373 0 -281.45628243 0 19.39229113 0 142.91381813 0 156100
0.38050000 0.38050000 2210.01388915 0 39.04921083 0 -303.47027863 0 39.51092678 0 141.58292469 0 157557
0.38150000 0.38149800 2204.71024556 0 70.44667015 0 -227.00812513 0 0.25640847 0 191.46042630 0 157692
0.38250000 0.38250100 2154.81834993 0 68.99032727 0 -282.14940996 0 5.37463933 0 217.07182084 0 159703
0.38350000 0.38350500 2133.24946118 0 40.35818107 0 -263.33531563 0 58.37241066 0 266.24622982 0 160338
0.38450000 0.38450600 2111.65842779 0 25.07759776 0 -303.64300690 0 44.93869113 0 289.53354338 0 160167
0.38550000 0.38550000 2137.64517414 0 9.44740579 0 -289.90446626 0 13.35300228 0 260.34800239 0 160033
0.38650000 0.38649600 2137.08048557 0 12.09585052 0 -311.01385353 0 -39.96954247 0 214.39674716 0 162444
0.38750000 0.38750200 2145.84976683 0 50.81610259 0 -325.95927757 0 -63.33259073 0 240.13879513 0 164307
0.38850000 0.38850400 2122.08855777 0 68.86188830 0 -328.25567774 0 -39.86313743 0 231.59871100 0 163882
0.38950000 0.38950500 2094.55168594 0 29.47796109 0 -330.08925473 0 1.65976363 0 171.84801735 0 164595
0.39050000 0.39050100 2091.69502614 0 43.27474215 0 -329.54449634 0 5.77067425 0 125.81704138 0 165006
0.39150000 0.39150100 2066.58299345 0 58.91750121 0 -347.80165274 0 -3.20737569 0 40.61184803 0 166687
0.39250000 0.39250100 2026.33509274 0 57.12777063 0 -355.05291826 0 -9.64967502 0 83.44070766 0 167256
0.39350000 0.39350100 2001.88739954 0 56.54758080 0 -381.92434336 0 -33.78288098 0 42.02013703 0 167937
0.39450000 0.39449600 1996.58375595 0 29.71125497 0 -369.58866628 0 18.38238439 0 78.13053140 0 167719
0.39550000 0.39549700 2009.41658041 0 -12.17612488 0 -409.50218279 0 37.19371064 0 -59.58826265 0 171636
0.39650000 0.39650400 2014.38805426 0 34.94503219 0 -381.43051768 0 17.37568861 0 94.35115509 0 171093
0.39750000 0.39750000 2010.32451105 0 54.68986615 0 -402.90529166 0 41.24119898 0 57.67241828 0 170464
0.39850000 0.39849800 2009.68231621 0 30.13997539 0 -436.74231631 0 57.31212483 0 129.56613056 0 172113
0.39950000 0.39949500 2005.68520695 0 41.63194132 0 -445.60792679 0 15.89520806 0 153.81009299 0 173232
