### header ###
fiducial parameters:
Omega_m = 0.31
Omega_nu = 0
Omega_de = 0.69
Omega_k = 0
H_0 = 100
w_de = -1
zeff = 0
beta = 0
fgrowth = 0
b_1 = 2
gamma = 0.55
Lx = 3500 Ly = 3500 Lz = 3500
nx = 700 ny = 700 nz = 700
xoffset = -685.467585 yoffset = -31.7331281 zoffset = 572.489161
bins = 400 dk = 0.001
kx_ny = 0.628318531 ky_ny = 0.628318531 kz_ny = 0.628318531
############################
A(data) = 8.07625532 (not used)
A(ran) = 8.07821223 (used)
Ngal = 479872
weighted Ngal = 0
Nran = 23820508
weighted Nran = 0
SN(data) = 3480.32497
SN(ran) = 70.3641582
SN(data+ran) = 3550.68913
############################
13 columns: k_central k_mean P_0(k) sigma^{lin}_{P_0(k)} P^img_1(k) sigma^{lin}_{P_1(k)} P_2(k) sigma^{lin}_{P_2(k)} P^img_3(k) sigma^{lin}_{P_3(k)} P_4(k) sigma^{lin}_{P_4(k)} N_modes
### header ###
0.00050000 0 0 0 0 0 0 0 0 0 0 0 0
0.00150000 0.00179520 58760.93853580 0 -44335.36014583 0 24979.71840711 0 23470.56053433 0 -109615.01919536 0 3
0.00250000 0.00253879 97837.60873227 0 -31714.23853155 0 19489.28469928 0 1697.16594820 0 73762.60998609 0 6
0.00350000 0.00331552 89969.94688588 0 17359.96591341 0 50314.08337816 0 -87620.39955936 0 88369.44233335 0 7
0.00450000 0.00420575 81498.06827414 0 42633.54382120 0 35302.88972852 0 -10515.91835186 0 39386.69529139 0 24
0.00550000 0.00557378 56487.67952729 0 8945.39765493 0 52153.30725378 0 31690.21158670 0 -11325.21671750 0 45
0.00650000 0.00659388 58889.82039669 0 6312.27701749 0 71189.73386798 0 35779.44258872 0 6870.36647765 0 40
0.00750000 0.00754703 46706.83067549 0 4671.35847936 0 52955.94007988 0 29657.55419649 0 436.02593689 0 57
0.00850000 0.00846663 61560.35441970 0 -111.61014140 0 45150.83686872 0 34896.31396118 0 1601.57856804 0 75
0.00950000 0.00948925 66480.67412261 0 -10780.92337407 0 48459.57969428 0 19113.26854844 0 4877.29264866 0 112
0.01050000 0.01054430 69269.46057469 0 -4299.35051011 0 36670.87545987 0 15604.55953666 0 12502.53701547 0 105
0.01150000 0.01145670 74431.93202138 0 9109.55594269 0 56453.02315061 0 16529.65227526 0 18682.22294325 0 144
0.01250000 0.01249090 73589.77099567 0 5130.15133055 0 46179.56656762 0 8028.71988320 0 24789.82803647 0 169
0.01350000 0.01339930 69537.41083530 0 4369.78156828 0 71551.79888955 0 14074.14280023 0 43757.16334380 0 180
0.01450000 0.01448870 69806.68977489 0 10815.07042381 0 64249.15777866 0 26428.86427937 0 39494.20756537 0 267
0.01550000 0.01550050 66193.12584707 0 -1581.65945569 0 55094.33817211 0 22098.58876605 0 47399.18314640 0 238
0.01650000 0.01653350 67855.74614184 0 -4218.34538173 0 53115.71372702 0 38337.03889858 0 32357.54060352 0 315
0.01750000 0.01747870 68451.21577059 0 -6548.83723724 0 37569.06244916 0 19279.13197423 0 34546.53922016 0 297
0.01850000 0.01844180 78120.45558821 0 -2169.46703567 0 27411.86527677 0 25688.01502576 0 -3794.82895742 0 388
0.01950000 0.01947590 72092.46051045 0 -4077.59398864 0 17530.36899237 0 8029.46172896 0 12405.98634305 0 399
0.02050000 0.02045430 72290.21223171 0 2309.77553577 0 9868.97348503 0 -8214.23668553 0 7608.71338585 0 462
0.02150000 0.02154770 73757.29527018 0 1250.84053476 0 10613.79770326 0 -2870.55557086 0 -5805.80673563 0 571
0.02250000 0.02255340 73428.77939281 0 733.66885097 0 14578.81936546 0 -5080.70232791 0 -487.27529955 0 510
0.02350000 0.02348930 71115.66001495 0 3064.17731496 0 15297.08107645 0 -6201.42090140 0 -491.82048889 0 555
0.02450000 0.02439640 67473.19731936 0 5826.88844209 0 10755.68954581 0 7391.95048288 0 7290.04080525 0 592
0.02550000 0.02547300 70234.41368263 0 -1937.31360119 0 11269.74437016 0 9972.94261508 0 -4634.19975727 0 837
0.02650000 0.02652900 66786.04884111 0 166.23324143 0 11490.08363405 0 7294.93477282 0 -4191.33998150 0 723
0.02750000 0.02749970 67643.26822857 0 3543.52040101 0 5706.76479013 0 -697.15896711 0 -12999.46295333 0 826
0.02850000 0.02848090 62736.67820844 0 5224.89721402 0 14335.11749621 0 -9896.59893545 0 -7218.71288876 0 831
0.02950000 0.02946900 55846.81336678 0 6377.09440697 0 14203.57827736 0 -12088.43206725 0 -4255.30480198 0 996
0.03050000 0.03053250 52393.68742559 0 5311.11740738 0 16992.14328294 0 -7859.22473487 0 -6065.41953565 0 1041
0.03150000 0.03150510 48657.77430853 0 2011.23244168 0 22920.93033033 0 -1987.59302820 0 -8369.30459462 0 1036
0.03250000 0.03246190 50585.79822920 0 -1712.32396088 0 22407.94952148 0 8747.16982371 0 -11676.09869101 0 1059
0.03350000 0.03345080 49062.35705741 0 -2589.44031604 0 23373.56696891 0 5770.98427408 0 -7090.24070389 0 1302
0.03450000 0.03451200 51716.94693268 0 -197.91669890 0 18093.72887914 0 7500.07173473 0 -8803.92656073 0 1339
0.03550000 0.03553350 51142.29327459 0 -121.75903433 0 17668.77305260 0 2112.33383960 0 -821.66393800 0 1365
0.03650000 0.03647120 51495.16826656 0 886.01186092 0 15704.54262978 0 3478.48156503 0 -2965.73327500 0 1308
0.03750000 0.03744890 49755.26314456 0 561.24064380 0 15396.06766033 0 -66.86754115 0 -2813.05698807 0 1579
0.03850000 0.03847530 49272.39905922 0 1270.82608106 0 15203.63065498 0 -2945.10553386 0 -6406.95646701 0 1662
0.03950000 0.03950240 48511.73034418 0 3085.90121626 0 15097.44705997 0 199.47236054 0 -1049.57335037 0 1683
0.04050000 0.04050350 45732.35536820 0 3065.77172974 0 14290.49602719 0 1942.08577319 0 4794.94776899 0 1822
0.04150000 0.04152450 45570.58870260 0 -127.31291246 0 11066.94366878 0 6958.84542527 0 2934.07749834 0 1887
0.04250000 0.04250150 44275.56959181 0 -1121.34969601 0 13825.90127780 0 4361.65448186 0 1523.65154597 0 1920
0.04350000 0.04349210 44877.68261545 0 1329.39867935 0 11557.62481545 0 4043.56873447 0 -121.77564282 0 2005
0.04450000 0.04448520 43718.63165343 0 1327.35029926 0 10328.19815688 0 121.05483447 0 5749.79184437 0 2151
0.04550000 0.04548030 41716.75532622 0 2215.92651061 0 11297.97879845 0 -1641.28392484 0 4246.36943585 0 2274
0.04650000 0.04648670 42091.99641432 0 -448.90194342 0 11894.22348993 0 -555.72108988 0 3376.07363278 0 2311
0.04750000 0.04749250 40774.50048415 0 1137.12775887 0 12251.97030482 0 -1959.50254013 0 729.29638990 0 2568
0.04850000 0.04851840 40333.60050988 0 2277.37791335 0 13221.57378919 0 -1200.79362658 0 -1516.11129277 0 2493
0.04950000 0.04949480 38012.06616515 0 831.63788820 0 10924.22140187 0 -46.96913405 0 -1628.71683617 0 2644
0.05050000 0.05050630 38388.30376249 0 55.92553760 0 10359.24495568 0 1761.76189119 0 44.42371730 0 2829
0.05150000 0.05149060 37351.49126647 0 424.93921805 0 12116.11287930 0 2442.30019152 0 -236.94442942 0 2784
0.05250000 0.05249300 36817.03014747 0 1001.23711638 0 9343.94598678 0 3523.54592704 0 158.29106284 0 3055
0.05350000 0.05348950 35951.06362341 0 1525.40097329 0 9946.49083109 0 2048.12542798 0 5636.18979173 0 3009
0.05450000 0.05448610 34611.53376685 0 976.62001661 0 8607.01633615 0 1618.46386339 0 4744.87871616 0 3336
0.05550000 0.05550870 34839.84510461 0 -24.93232886 0 9186.05463487 0 -780.56789721 0 4557.44640163 0 3349
0.05650000 0.05647670 33885.07853550 0 618.32622887 0 9771.55917128 0 1373.41117050 0 4567.40042164 0 3324
0.05750000 0.05747970 33990.37634452 0 748.41386593 0 11580.10163483 0 -2100.92934504 0 4456.74360740 0 3639
0.05850000 0.05849280 33258.82784375 0 1092.98018536 0 10530.23486785 0 -1249.85509785 0 2420.62057953 0 3846
0.05950000 0.05951020 32346.35755545 0 1329.52047492 0 13448.99934097 0 -285.40245899 0 1181.92638509 0 3787
0.06050000 0.06049470 31798.16675368 0 901.57844238 0 13937.84248171 0 -3125.69515165 0 -421.47911655 0 3930
0.06150000 0.06148310 31609.38361552 0 865.92223477 0 14842.11924965 0 -1010.62201889 0 -513.02288368 0 4083
0.06250000 0.06249100 31534.09180675 0 250.36851603 0 16325.58932885 0 -1313.66490578 0 -581.61815040 0 4303
0.06350000 0.06350600 31304.23034352 0 -20.37208116 0 15651.06330090 0 -133.89873126 0 -349.56215238 0 4470
0.06450000 0.06451750 31489.69178423 0 177.24577570 0 15709.19300620 0 1231.71862980 0 679.00589057 0 4479
0.06550000 0.06550280 31612.48386647 0 -348.00538352 0 16418.81830383 0 4094.30212679 0 335.61434481 0 4636
0.06650000 0.06648880 31691.09737268 0 -360.14397321 0 14484.70460450 0 3971.65398477 0 -355.10827989 0 4653
0.06750000 0.06749660 30562.05241092 0 1074.69645539 0 12599.08768789 0 2493.56505543 0 -187.79105785 0 5220
0.06850000 0.06852730 30087.82473894 0 1160.37964099 0 11631.92011498 0 1794.61347893 0 212.40372869 0 5029
0.06950000 0.06949320 29603.74269787 0 373.09527155 0 10256.94774668 0 -109.88606971 0 424.02132232 0 5040
0.07050000 0.07048030 28791.14477943 0 706.32463760 0 11688.05680181 0 -2383.93796740 0 316.89436524 0 5475
0.07150000 0.07148790 28930.54534890 0 27.83427447 0 12233.36879913 0 -1802.71842070 0 653.89164342 0 5509
0.07250000 0.07249820 28527.84489524 0 292.42563462 0 12964.03151391 0 -327.77181714 0 -240.11886495 0 5916
0.07350000 0.07351270 28543.12470349 0 691.59623112 0 12641.38396870 0 496.72552878 0 -2225.39334833 0 5721
0.07450000 0.07449140 27759.86844582 0 1084.57296912 0 13084.60913119 0 438.37880592 0 -1764.35281520 0 6028
0.07550000 0.07549160 26748.63302013 0 642.65987712 0 12148.99768401 0 690.45245997 0 -2710.71548978 0 6183
0.07650000 0.07648840 26155.15640985 0 727.40523682 0 12437.43174554 0 1052.66917239 0 -1989.69676991 0 6330
0.07750000 0.07749960 25248.44373046 0 727.18932649 0 10221.15092054 0 998.29298521 0 -2735.90502874 0 6583
0.07850000 0.07848650 25011.60670258 0 381.50248779 0 10700.64901913 0 130.80512371 0 -2204.21199095 0 6549
0.07950000 0.07947320 24679.87985102 0 -375.62086885 0 9544.00075160 0 1142.73035523 0 -2981.93208621 0 6828
0.08050000 0.08048110 24818.28391125 0 -24.25282028 0 9510.18587161 0 1152.51829037 0 -1679.33950524 0 7147
0.08150000 0.08149960 24917.15977188 0 102.45366095 0 8550.32603308 0 978.77247655 0 -3166.12020957 0 7386
0.08250000 0.08250610 25150.56437906 0 -68.80032617 0 8359.06269416 0 393.20372066 0 -3517.02432772 0 7227
0.08350000 0.08350160 25352.96647674 0 531.32543661 0 8956.27067791 0 -989.11513516 0 -2526.32806457 0 7798
0.08450000 0.08449610 24032.25957238 0 1326.51987490 0 8795.69982339 0 -304.23537627 0 -1132.47738245 0 7371
0.08550000 0.08548940 23307.68663624 0 1117.51867162 0 8669.80749020 0 966.85090442 0 -203.78945998 0 8256
0.08650000 0.08650700 22501.62138945 0 357.84425135 0 7514.53219094 0 2868.44075682 0 -1049.78815347 0 8037
0.08750000 0.08749060 21919.10638074 0 453.54789092 0 8209.55309214 0 1674.37910373 0 -1569.65705559 0 8155
0.08850000 0.08849210 21209.37035986 0 429.15888104 0 6361.26098248 0 1263.08652601 0 -1932.51928455 0 8718
0.08950000 0.08949900 20884.28690319 0 451.46518662 0 7135.99155004 0 -44.15144883 0 -719.99563705 0 8571
0.09050000 0.09049190 20778.87837091 0 24.33453404 0 6270.14682155 0 255.83492279 0 -411.57602923 0 8932
0.09150000 0.09150830 20519.67524691 0 335.65309795 0 7303.18365481 0 -110.52627153 0 872.14266685 0 9285
0.09250000 0.09250820 20529.97250899 0 371.96146549 0 6404.05551791 0 172.28648141 0 1110.89742138 0 9204
0.09350000 0.09350330 19811.37862826 0 350.80557446 0 7307.07004082 0 834.10148047 0 1244.80611774 0 9349
0.09450000 0.09448040 19787.68385315 0 686.11875204 0 6993.98898425 0 694.15615262 0 930.55693090 0 9564
0.09550000 0.09549270 18948.95524813 0 567.73899124 0 7143.09998258 0 391.99019386 0 938.99957857 0 10155
0.09650000 0.09649430 18637.04785799 0 679.69791087 0 6806.91098411 0 -161.90728413 0 1189.74344641 0 9913
0.09750000 0.09749140 18222.94290978 0 199.61962246 0 6245.79877928 0 -212.93741475 0 325.90170148 0 10476
0.09850000 0.09850240 17924.87592566 0 -173.21323500 0 6463.30352801 0 448.85543966 0 274.72873787 0 10575
0.09950000 0.09950330 18275.20428292 0 169.86939290 0 6354.07504368 0 -289.31984751 0 -539.29861771 0 10882
0.10050000 0.10051200 17760.67334860 0 475.36369251 0 6407.54330023 0 270.68512484 0 -152.35851120 0 10875
0.10150000 0.10150300 17488.84777430 0 472.66315249 0 6467.21205867 0 64.00180204 0 100.91128610 0 11118
0.10250000 0.10250800 17144.16630270 0 350.38925505 0 5974.36073635 0 1285.50798377 0 -326.03456938 0 11575
0.10350000 0.10349800 16921.72329709 0 -145.14821328 0 5490.83231152 0 1360.17974235 0 617.09830805 0 11364
0.10450000 0.10450100 16973.87394698 0 -70.07530437 0 4803.80562884 0 1048.24245693 0 -533.05161205 0 12093
0.10550000 0.10551000 16712.56708126 0 251.28419729 0 4580.00072728 0 401.51682213 0 156.12642334 0 12067
0.10650000 0.10649700 16389.80881280 0 790.85297973 0 4743.87113460 0 -639.35257370 0 418.38993792 0 12054
0.10750000 0.10749900 15776.84491084 0 578.80910159 0 4606.65181312 0 -709.59097342 0 1148.49903646 0 12807
0.10850000 0.10850100 15727.01944916 0 -91.15125322 0 5065.23429014 0 -281.09089571 0 361.99969485 0 12736
0.10950000 0.10950300 15806.96163435 0 41.25603589 0 5260.46152134 0 418.67117497 0 11.20032089 0 12933
0.11050000 0.11050200 15719.82243802 0 225.22990976 0 5159.93588431 0 366.19832042 0 463.79311307 0 13428
0.11150000 0.11150900 15625.59695382 0 284.18561049 0 4903.06902084 0 673.33464580 0 565.95413248 0 13453
0.11250000 0.11250000 15144.72588694 0 199.86764253 0 4626.03945388 0 355.64418041 0 745.40772974 0 13668
0.11350000 0.11349100 15144.28299395 0 426.70968279 0 4375.98207018 0 83.07831047 0 242.46730504 0 13791
0.11450000 0.11448600 14733.83191292 0 196.41750612 0 4397.50666962 0 46.63652141 0 339.56273584 0 14205
0.11550000 0.11549300 14551.58144641 0 81.43794555 0 4169.72680345 0 -361.47597389 0 253.81200905 0 14776
0.11650000 0.11649800 14612.36850966 0 174.99698653 0 4199.84352696 0 96.43496662 0 -115.59064218 0 14553
0.11750000 0.11747300 14405.09458906 0 19.52704133 0 3959.67372932 0 210.97872049 0 -701.07746287 0 14568
0.11850000 0.11849100 14229.04462444 0 123.91038705 0 3833.33850314 0 681.60345798 0 -590.10176567 0 16015
0.11950000 0.11950300 14083.88644607 0 152.31975807 0 3768.94186199 0 333.51613926 0 -377.34815152 0 15270
0.12050000 0.12050700 14181.65507422 0 -68.33097032 0 3537.54134561 0 668.13729653 0 -703.85661640 0 15999
0.12150000 0.12150000 14089.20116198 0 -9.70867944 0 3840.96733494 0 -258.50003138 0 241.54940931 0 15670
0.12250000 0.12250700 14110.34930239 0 508.26953464 0 4076.81892590 0 -613.14770255 0 69.34829553 0 16887
0.12350000 0.12352200 13696.68724716 0 633.74222671 0 4823.09361868 0 -694.85813802 0 1119.73313658 0 16407
0.12450000 0.12449800 13409.13897162 0 249.17270495 0 4951.25577845 0 288.31005149 0 1449.90986268 0 16306
0.12550000 0.12549900 13407.58884615 0 -11.82557508 0 4721.25037500 0 688.17377552 0 1296.75746579 0 17523
0.12650000 0.12650100 13336.06162782 0 -33.26469618 0 4679.80666320 0 868.90290461 0 802.55421260 0 17154
0.12750000 0.12750600 13377.69356914 0 48.85098638 0 3933.62054902 0 468.91517053 0 1144.70122905 0 18007
0.12850000 0.12850300 13014.96420808 0 55.98399947 0 3813.08722105 0 -12.30965712 0 491.33884276 0 17496
0.12950000 0.12949900 13200.42564879 0 311.72691125 0 3851.06529517 0 -307.84273970 0 77.39643627 0 18405
0.13050000 0.13049000 12660.31764414 0 402.90972059 0 4286.26302217 0 -853.16359488 0 -249.17602665 0 18100
0.13150000 0.13148800 12503.75497120 0 289.44385755 0 4024.93401180 0 -340.98663681 0 148.46105287 0 19059
0.13250000 0.13249300 12755.31819108 0 -263.22680684 0 4503.57954139 0 110.84172206 0 -45.43960310 0 18957
0.13350000 0.13349100 12712.57901728 0 -237.16698315 0 4239.81461956 0 600.28387558 0 -476.71119444 0 19468
0.13450000 0.13450700 13016.18216381 0 73.63151366 0 4145.67771395 0 604.75155864 0 -953.06253832 0 19953
0.13550000 0.13551000 12643.26626392 0 300.96904045 0 3764.93368041 0 65.96725042 0 -558.98521124 0 19956
0.13650000 0.13649900 12427.24520670 0 346.73095893 0 3466.23557378 0 265.50770576 0 -934.73119735 0 19723
0.13750000 0.13749600 12124.86001591 0 318.26401182 0 3401.25209942 0 18.12340271 0 -445.40308878 0 20946
0.13850000 0.13851100 11949.14222103 0 151.33764285 0 3345.80189672 0 0.19391959 0 -696.13256260 0 20955
0.13950000 0.13949800 11561.61085238 0 263.24784426 0 3192.78236773 0 345.66137235 0 -580.05805983 0 20506
0.14050000 0.14048300 11536.47667504 0 141.49877502 0 3026.33210873 0 259.47993212 0 -924.80375092 0 21447
0.14150000 0.14148400 11370.83469576 0 17.15579224 0 2801.44211934 0 501.44344639 0 -944.04745145 0 21771
0.14250000 0.14249400 11540.68415848 0 -1.61497608 0 2940.30014489 0 218.22112815 0 -508.54855722 0 22470
0.14350000 0.14350900 11418.77786222 0 308.22362767 0 2950.56419000 0 180.01717860 0 -375.42156700 0 22519
0.14450000 0.14449900 11211.06104862 0 228.31355223 0 2742.83630408 0 -160.42469983 0 -67.50752153 0 22218
0.14550000 0.14550500 10945.22560205 0 188.70009572 0 2792.81677831 0 -287.50066454 0 -45.94140086 0 23559
0.14650000 0.14650700 10977.18033148 0 155.77210894 0 3104.40307103 0 27.89672238 0 -141.09242070 0 23044
0.14750000 0.14750500 10680.61918354 0 220.94159836 0 3236.48483379 0 9.33734688 0 -277.61086402 0 23649
0.14850000 0.14849900 10621.81406643 0 35.16038891 0 2776.29686968 0 209.71315376 0 -227.91605576 0 23640
0.14950000 0.14949500 10648.24370577 0 -170.72528361 0 2837.25001780 0 477.51947415 0 -226.23859855 0 24457
0.15050000 0.15050000 10668.22925207 0 -64.83488376 0 2644.86837408 0 460.76926117 0 -894.42129162 0 24591
0.15150000 0.15149900 10697.59305748 0 185.57105673 0 2593.34884670 0 -39.49066442 0 -770.75449572 0 25020
0.15250000 0.15250500 10426.63112452 0 352.17079211 0 2554.92787958 0 -196.80282302 0 -732.69780808 0 25297
0.15350000 0.15350100 10126.92543633 0 439.54140002 0 2390.49278370 0 -150.07982675 0 -267.52840504 0 25452
0.15450000 0.15450400 9820.00059236 0 216.77286807 0 2511.52436629 0 129.82190127 0 -551.90556675 0 26061
0.15550000 0.15549900 9667.40181171 0 222.14626730 0 2582.21008793 0 -12.09740065 0 -451.03558042 0 26128
0.15650000 0.15649500 9619.44757292 0 42.29871672 0 2463.06080056 0 -117.03336610 0 -532.65411559 0 26331
0.15750000 0.15749700 9483.78944924 0 130.98781707 0 2535.70632369 0 -143.48736456 0 -250.88005744 0 27345
0.15850000 0.15849900 9527.07116696 0 36.25621690 0 2692.74510660 0 -79.13235535 0 -505.46602199 0 26980
0.15950000 0.15949700 9426.78912107 0 90.57482799 0 2796.39313922 0 200.55634114 0 -164.53253234 0 27777
0.16050000 0.16050000 9331.34568114 0 206.68155123 0 2593.13847253 0 144.83929542 0 -138.72405042 0 28224
0.16150000 0.16150500 9205.24297378 0 145.19139535 0 2762.93257362 0 259.98261567 0 -182.30693537 0 28075
0.16250000 0.16249700 8966.34649349 0 197.31879336 0 2450.72623071 0 288.54146308 0 -145.68964996 0 28590
0.16350000 0.16349900 8832.78103920 0 230.66642125 0 2352.74722839 0 233.69470209 0 -69.16958820 0 29163
0.16450000 0.16449100 8632.49375556 0 49.88857394 0 2289.85642342 0 128.89293321 0 -276.73061419 0 28996
0.16550000 0.16550500 8636.51300947 0 98.53350435 0 2244.59275956 0 185.97187489 0 -389.82223266 0 30777
0.16650000 0.16650700 8554.44493791 0 49.87827667 0 2083.78938622 0 -109.22837361 0 -65.87368928 0 29211
0.16750000 0.16749900 8536.17560196 0 110.47279220 0 2048.04792171 0 -178.55452449 0 -481.91629434 0 30922
0.16850000 0.16850800 8411.47907985 0 218.66845008 0 2118.65613707 0 -233.47879175 0 -169.18844493 0 30867
0.16950000 0.16949900 8417.12596551 0 171.24346841 0 2379.50903748 0 -60.06038658 0 -264.07273246 0 30852
0.17050000 0.17049200 8305.88231806 0 61.61017988 0 2142.37305684 0 177.28120714 0 224.41609389 0 31257
0.17150000 0.17149500 8183.75457531 0 -83.22656890 0 2159.19191823 0 626.48431780 0 -167.71582573 0 32608
0.17250000 0.17250900 8343.49500547 0 -56.32314478 0 1821.05419060 0 331.74346005 0 -286.64588107 0 32361
0.17350000 0.17350400 8269.85297310 0 78.14835785 0 1827.66436851 0 299.99246140 0 -58.51834390 0 32508
0.17450000 0.17449800 8112.01698281 0 175.33026350 0 1651.57011460 0 -172.06503491 0 117.43086256 0 32791
0.17550000 0.17549800 8019.51878127 0 206.72362606 0 1879.58249959 0 -149.08442475 0 175.34022860 0 33633
0.17650000 0.17650100 7931.94776428 0 199.12911847 0 1820.79952713 0 -144.07419777 0 154.18433756 0 33984
0.17750000 0.17750300 7730.94077952 0 105.17944587 0 2029.36890974 0 2.92273944 0 -42.15167625 0 34069
0.17850000 0.17849800 7734.47285114 0 80.22785117 0 2000.80231170 0 -6.16477151 0 44.43423601 0 34536
0.17950000 0.17950400 7621.71229519 0 80.38507818 0 2010.59024684 0 256.48708273 0 134.32833747 0 35343
0.18050000 0.18050100 7558.60004372 0 119.54124767 0 1787.22823828 0 268.32229073 0 136.70002944 0 34990
0.18150000 0.18150500 7613.72914899 0 -10.18874223 0 1611.14505669 0 110.81847018 0 162.91375845 0 36243
0.18250000 0.18250200 7557.29350939 0 -44.88078287 0 1515.81234000 0 225.23212423 0 164.77612349 0 35694
0.18350000 0.18350400 7597.07637247 0 128.52090310 0 1696.49053639 0 -58.79050164 0 -125.08958964 0 37087
0.18450000 0.18450600 7441.37734087 0 170.13845040 0 1797.32619851 0 -252.79114070 0 -87.06180077 0 36651
0.18550000 0.18550700 7268.72657997 0 286.52297826 0 1912.69982312 0 -367.85584745 0 152.59103002 0 37818
0.18650000 0.18651000 7200.83108418 0 172.14475565 0 1995.01148582 0 -118.44730198 0 143.07215238 0 37267
0.18750000 0.18750100 7097.13876226 0 -4.57723265 0 2219.60252245 0 23.51595707 0 -60.34859919 0 38334
0.18850000 0.18850000 7106.60559998 0 33.81211191 0 2193.99223514 0 67.96790879 0 123.87163391 0 38223
0.18950000 0.18949500 7189.27157707 0 11.60911113 0 2125.56526776 0 18.00016773 0 146.42263787 0 39064
0.19050000 0.19050000 7081.02852964 0 -12.16494183 0 2017.46616056 0 354.22027944 0 30.43394561 0 39609
0.19150000 0.19149800 7157.42757089 0 -5.35798656 0 1793.25158298 0 154.59622805 0 48.23691524 0 39576
0.19250000 0.19250400 7131.92800684 0 40.26185185 0 1658.05849694 0 242.39865663 0 -108.40426048 0 40909
0.19350000 0.19350500 7132.85808212 0 110.22122898 0 1520.08625738 0 34.94846461 0 -34.86896532 0 40191
0.19450000 0.19450100 6916.16161310 0 162.84068111 0 1575.13785638 0 -42.42438761 0 -81.95203359 0 41232
0.19550000 0.19549800 6799.97970877 0 141.94277525 0 1643.29908796 0 -47.74297883 0 100.80687408 0 40873
0.19650000 0.19649700 6753.47594453 0 70.46062128 0 1681.80863368 0 80.75589034 0 -100.37715715 0 42816
0.19750000 0.19750200 6751.90367441 0 84.36469317 0 1871.43326852 0 -166.49344107 0 -42.10362236 0 41727
0.19850000 0.19849000 6728.78466019 0 142.44878049 0 1896.33492704 0 -84.37510116 0 192.63962889 0 42610
0.19950000 0.19949900 6720.95652654 0 -17.95543554 0 1986.30863852 0 -60.18760759 0 269.66647096 0 43863
0.20050000 0.20050100 6757.25160730 0 -27.45250071 0 1807.98884731 0 183.42413295 0 448.56091582 0 43302
0.20150000 0.20150100 6724.88720185 0 40.56434776 0 2023.45628828 0 173.48339972 0 290.58873594 0 44487
0.20250000 0.20249700 6702.18893597 0 60.14752577 0 1715.02560813 0 393.31998007 0 252.40582380 0 43759
0.20350000 0.20349100 6656.95848909 0 37.10181034 0 1648.14876623 0 364.22301768 0 349.46803762 0 45282
0.20450000 0.20449700 6573.18527951 0 60.57812849 0 1288.33142660 0 203.78503105 0 441.87544610 0 45483
0.20550000 0.20549900 6598.83985612 0 0.09893942 0 1330.97094948 0 158.93215045 0 479.76051269 0 46138
0.20650000 0.20650200 6523.04979273 0 101.32605539 0 1278.12274312 0 -60.34649545 0 453.41170132 0 46227
0.20750000 0.20749300 6421.07368115 0 151.18595200 0 1326.91847859 0 50.08078949 0 726.44526626 0 46236
0.20850000 0.20850300 6372.93121284 0 162.20955859 0 1256.32133555 0 -6.90376061 0 821.78573357 0 48361
0.20950000 0.20950400 6251.82212398 0 74.77417758 0 1206.62874176 0 85.26609113 0 728.44049919 0 46812
0.21050000 0.21050300 6265.21963701 0 -42.49624699 0 1204.77966352 0 231.60867609 0 745.99013403 0 48813
0.21150000 0.21149700 6280.37764968 0 -5.64030870 0 1078.69356464 0 119.52685365 0 545.01747348 0 47215
0.21250000 0.21249000 6217.76365283 0 90.10048960 0 1145.62023201 0 83.54810921 0 376.84103904 0 50004
0.21350000 0.21350300 6180.90388351 0 101.36790878 0 1066.21284011 0 -142.99464610 0 525.08507434 0 49509
0.21450000 0.21449800 6039.67638045 0 145.17367963 0 939.19112979 0 -101.49712281 0 448.34389825 0 49660
0.21550000 0.21550100 6022.75786813 0 150.27469967 0 1126.73084587 0 -45.19424038 0 379.91693087 0 50841
0.21650000 0.21649800 5919.76310267 0 109.69285764 0 1144.84516927 0 -95.11204525 0 280.41548389 0 50424
0.21750000 0.21750300 5809.08414378 0 157.93896291 0 1166.31440710 0 -18.94950886 0 267.77199618 0 52231
0.21850000 0.21850300 5806.39356885 0 25.30701633 0 1283.43745903 0 -126.77701194 0 358.27717925 0 51078
0.21950000 0.21950100 5736.53827157 0 -12.11644505 0 1346.57185514 0 -75.07589843 0 302.71071715 0 52791
0.22050000 0.22050700 5832.64605099 0 39.09471809 0 1349.79390167 0 24.10865861 0 125.01872676 0 52969
0.22150000 0.22150000 5795.49840123 0 51.45730092 0 1404.09258258 0 -21.49426128 0 89.92410746 0 52704
0.22250000 0.22250100 5728.65477630 0 122.11445596 0 1343.06192818 0 -69.99458713 0 122.52966814 0 54051
0.22350000 0.22349900 5627.86340347 0 140.35611110 0 1343.40517025 0 -11.19223810 0 139.21123271 0 53938
0.22450000 0.22449800 5570.88521995 0 82.82885099 0 1290.04763695 0 196.07647852 0 -6.61705383 0 54735
0.22550000 0.22549100 5469.98312388 0 48.54328647 0 1218.17717655 0 62.72405576 0 -71.20556729 0 54774
0.22650000 0.22649900 5390.62777191 0 153.83888103 0 1242.12661513 0 5.53397009 0 -127.89974568 0 56911
0.22750000 0.22749800 5302.22633055 0 108.67032844 0 1026.84297475 0 133.87215768 0 204.42168973 0 54879
0.22850000 0.22849100 5309.41226936 0 -40.59723256 0 954.01807995 0 224.02081189 0 104.47734976 0 57210
0.22950000 0.22949800 5289.42672306 0 -16.29336886 0 906.45912316 0 187.28505261 0 47.44037219 0 57375
0.23050000 0.23049600 5311.03990111 0 90.20966272 0 869.44212683 0 41.80289801 0 11.18249445 0 57604
0.23150000 0.23150100 5186.42088528 0 162.27599254 0 892.09721064 0 -17.40646968 0 270.15586772 0 58629
0.23250000 0.23250200 5170.85319658 0 61.05623147 0 956.15060971 0 -133.64185333 0 351.12888635 0 58560
0.23350000 0.23350400 5141.45617419 0 -11.01084020 0 1065.84745339 0 1.15031490 0 204.98084214 0 59305
0.23450000 0.23449700 5146.78196243 0 88.70438016 0 1075.33200683 0 9.52870987 0 279.42561805 0 59196
0.23550000 0.23549300 5131.96719182 0 65.73373509 0 1096.75141919 0 -113.07943891 0 259.68366290 0 60063
0.23650000 0.23649900 5122.73287292 0 13.35920279 0 1045.07687926 0 -19.98676425 0 241.95687087 0 61537
0.23750000 0.23750400 5092.73794499 0 -28.71895322 0 1151.26711767 0 82.81877518 0 160.05266972 0 61224
0.23850000 0.23850100 5167.13289544 0 -6.56654188 0 1054.06982148 0 43.13135555 0 26.72792777 0 61221
0.23950000 0.23949400 5112.64598501 0 118.09298759 0 1027.81733934 0 82.04216232 0 -47.58497676 0 62332
0.24050000 0.24050100 5020.86748459 0 181.76882039 0 971.35623339 0 -0.31787316 0 -36.96030603 0 63447
0.24150000 0.24150500 4865.54491203 0 123.81627228 0 888.02370234 0 59.88931916 0 24.26101380 0 63342
0.24250000 0.24250300 4827.57791023 0 45.11208373 0 922.27926086 0 13.57699542 0 -95.96062823 0 63379
0.24350000 0.24349600 4760.98894877 0 25.49734959 0 846.14374094 0 166.57205457 0 45.50492982 0 64266
0.24450000 0.24449500 4783.72043162 0 46.93303827 0 708.51252898 0 176.80177547 0 -77.47117446 0 64695
0.24550000 0.24549600 4798.26946643 0 -29.69497865 0 560.41797007 0 150.07761229 0 94.98460280 0 65947
0.24650000 0.24650000 4799.37669892 0 51.92510664 0 601.82292873 0 100.52320112 0 -88.83879818 0 66018
0.24750000 0.24750000 4701.74093867 0 130.79294415 0 580.25625445 0 -89.93041869 0 55.11869729 0 66303
0.24850000 0.24849600 4669.84157086 0 97.36725637 0 606.00273135 0 -28.99077880 0 43.02782931 0 66958
0.24950000 0.24949200 4553.94754699 0 104.75471149 0 668.20373048 0 -47.70854390 0 338.25066535 0 66975
0.25050000 0.25048900 4609.79635337 0 30.84948996 0 737.92948156 0 -74.58650168 0 251.21997781 0 68676
0.25150000 0.25150000 4581.62835903 0 -2.53650353 0 810.15757805 0 -17.62404086 0 337.95614151 0 69349
0.25250000 0.25249900 4591.05090745 0 68.29786407 0 980.98472705 0 -109.76726366 0 268.44519353 0 68592
0.25350000 0.25349900 4532.15721174 0 90.19106121 0 945.65847472 0 -62.30895430 0 312.29492151 0 70437
0.25450000 0.25450100 4499.63779375 0 59.72378790 0 1042.66975585 0 41.94384871 0 347.51930846 0 70099
0.25550000 0.25550100 4426.09541230 0 58.13014819 0 920.23863140 0 136.39332605 0 439.88464209 0 71064
0.25650000 0.25650300 4404.58188518 0 41.93288711 0 934.54075337 0 249.08080466 0 273.26276206 0 71409
0.25750000 0.25750600 4366.00590551 0 36.50766939 0 739.20612061 0 233.61165965 0 280.81298035 0 72612
0.25850000 0.25850600 4308.81734783 0 101.73196682 0 651.80008126 0 12.38395242 0 273.90827860 0 71845
0.25950000 0.25949600 4295.51948572 0 28.49219201 0 594.55173302 0 -21.70264243 0 307.98335823 0 72816
0.26050000 0.26049800 4249.87936282 0 -7.93368612 0 564.22131364 0 -29.29770364 0 215.51948090 0 73743
0.26150000 0.26149900 4255.27158500 0 37.90477534 0 488.11015284 0 20.35403327 0 290.13698508 0 74662
0.26250000 0.26250300 4304.57664742 0 0.28712421 0 507.16894555 0 52.05930322 0 193.47891111 0 74931
0.26350000 0.26350100 4264.33981903 0 25.02555783 0 508.75782416 0 56.96976855 0 193.57302587 0 75087
0.26450000 0.26450200 4293.02821263 0 97.53378414 0 533.15790636 0 26.64023496 0 99.10007521 0 76678
0.26550000 0.26550600 4222.02139357 0 90.65011980 0 463.28046443 0 -23.48218648 0 147.77789042 0 76035
0.26650000 0.26650100 4111.27600074 0 103.64238574 0 517.29790829 0 -36.25300592 0 307.04553231 0 77094
0.26750000 0.26750600 4099.27360063 0 59.11015966 0 480.67176503 0 3.76538765 0 262.58018307 0 78463
0.26850000 0.26850100 4074.82590743 0 5.45550052 0 506.22669071 0 173.85985877 0 282.97983432 0 77076
0.26950000 0.26949700 4087.38192378 0 16.53330614 0 347.29896919 0 117.57923171 0 252.88414823 0 79149
0.27050000 0.27049900 4044.46559278 0 5.38243425 0 295.92006034 0 78.14603266 0 291.56199329 0 79648
0.27150000 0.27150200 4073.30899893 0 56.49543015 0 330.02614247 0 -11.86853570 0 309.21127905 0 80241
0.27250000 0.27250500 4077.97044768 0 67.73151466 0 338.62158823 0 -71.32636636 0 268.49834069 0 80835
0.27350000 0.27350000 3973.35912280 0 102.21250571 0 395.67949249 0 -158.64759170 0 256.79046443 0 80680
0.27450000 0.27450400 3958.96510053 0 137.52934657 0 542.50516298 0 -140.71485442 0 311.18326010 0 82617
0.27550000 0.27550800 3847.32284938 0 91.28711065 0 472.70854902 0 0.12641938 0 349.58651150 0 82548
0.27650000 0.27649900 3830.28254149 0 48.04791066 0 554.81869541 0 40.31533117 0 191.27773294 0 81181
0.27750000 0.27748900 3806.69848963 0 17.71295163 0 496.65245144 0 61.24014279 0 270.25219694 0 84096
0.27850000 0.27849800 3808.21539813 0 23.38342134 0 520.44023408 0 62.19989190 0 135.69355512 0 85215
0.27950000 0.27950200 3802.15883645 0 7.43857604 0 448.85211796 0 84.52557405 0 285.75788062 0 84514
0.28050000 0.28050300 3783.13658241 0 27.70041006 0 329.88220225 0 81.73988785 0 142.33141385 0 85815
0.28150000 0.28150100 3776.54854914 0 19.74627336 0 285.26073323 0 107.68777034 0 255.80724198 0 85485
0.28250000 0.28250000 3794.84002974 0 40.77605061 0 310.76029729 0 2.32444637 0 220.54963806 0 87220
0.28350000 0.28350400 3756.31941170 0 58.35657723 0 228.21943746 0 112.43945853 0 325.74447447 0 87147
0.28450000 0.28449700 3737.78433995 0 36.27105381 0 211.32196256 0 -6.71092500 0 321.36315554 0 87102
0.28550000 0.28549800 3743.53087653 0 56.57681174 0 215.72210444 0 -1.74044767 0 254.17407407 0 88971
0.28650000 0.28649900 3703.17225257 0 19.54697151 0 245.22874285 0 -0.32071432 0 222.71759926 0 89434
0.28750000 0.28750100 3667.28684783 0 100.37693571 0 217.23347678 0 -64.96830528 0 226.29396018 0 89619
0.28850000 0.28849900 3666.21283233 0 30.75404652 0 277.34512822 0 -53.15900652 0 261.12417236 0 90240
0.28950000 0.28950100 3639.79426531 0 7.75779117 0 336.42705345 0 31.67448889 0 182.40326460 0 91333
0.29050000 0.29050500 3636.11825347 0 80.10063016 0 265.19435896 0 -28.10776089 0 214.57944052 0 92139
0.29150000 0.29150600 3565.28859160 0 112.31544850 0 267.19734252 0 41.85294492 0 127.87427933 0 92370
0.29250000 0.29250200 3538.38284229 0 51.84128914 0 251.17236681 0 41.46153824 0 226.42793531 0 91819
0.29350000 0.29349600 3477.76186391 0 12.87689232 0 259.29613153 0 31.44894563 0 104.38434223 0 93552
0.29450000 0.29450000 3568.23383001 0 -7.80817025 0 233.98479700 0 -38.49116566 0 165.43492681 0 94701
0.29550000 0.29550200 3536.30124523 0 19.55317201 0 205.69168539 0 38.11692108 0 202.72983850 0 95020
0.29650000 0.29650300 3568.14525141 0 21.68603394 0 172.07721447 0 62.41746308 0 281.48949940 0 95151
0.29750000 0.29749800 3553.34155312 0 37.12628018 0 154.72355978 0 114.13352423 0 291.46787853 0 95802
0.29850000 0.29850000 3503.97005676 0 85.80409540 0 219.32614617 0 32.12059285 0 242.32004312 0 97399
0.29950000 0.29950700 3447.26868136 0 122.55181279 0 235.57146114 0 -80.22142922 0 244.36842321 0 97881
0.30050000 0.30050300 3385.76191699 0 100.22136954 0 238.47794641 0 -80.09653340 0 358.81972317 0 97188
0.30150000 0.30149700 3331.62932096 0 48.09574310 0 294.99552121 0 -149.11874896 0 329.40830675 0 98263
0.30250000 0.30249700 3354.85905843 0 32.61043250 0 333.67779520 0 -37.59009987 0 356.08818063 0 100050
0.30350000 0.30350600 3343.54314246 0 27.80437919 0 375.35624028 0 11.01371900 0 259.58401198 0 100779
0.30450000 0.30450500 3325.80527810 0 54.69307712 0 280.79305017 0 78.04173136 0 216.84926711 0 99982
0.30550000 0.30550300 3300.77075169 0 55.57576286 0 261.39433709 0 137.68768082 0 243.74615856 0 101559
0.30650000 0.30649700 3257.62190187 0 22.28216791 0 180.73245078 0 74.92221456 0 211.88665112 0 100935
0.30750000 0.30749800 3252.61721105 0 52.22804545 0 95.32253015 0 60.20786994 0 214.83521122 0 103762
0.30850000 0.30850200 3217.88332809 0 26.81949590 0 110.45695877 0 -30.47801347 0 89.68682754 0 102951
0.30950000 0.30950100 3200.41119953 0 86.23680185 0 81.31282828 0 -63.09010682 0 169.76752751 0 104394
0.31050000 0.31050000 3165.54444868 0 55.20949035 0 123.96574867 0 -77.97507596 0 160.39037563 0 103963
0.31150000 0.31149700 3095.46770490 0 69.28640123 0 162.18630671 0 22.69837660 0 163.00898045 0 105936
0.31250000 0.31250000 3126.47021439 0 29.24499937 0 181.68799241 0 50.22450827 0 198.06617529 0 105717
0.31350000 0.31349800 3100.22880457 0 10.67477300 0 157.95778586 0 54.52887454 0 158.20469871 0 106776
0.31450000 0.31450400 3085.38081699 0 58.68575745 0 129.31921772 0 67.67593159 0 208.96355737 0 108733
0.31550000 0.31549900 3093.88436245 0 50.90346323 0 152.42494515 0 -83.98978425 0 133.59092063 0 105891
0.31650000 0.31650000 3079.22460439 0 41.51092081 0 119.26111785 0 -68.88048980 0 195.08439821 0 111072
0.31750000 0.31750600 3058.87367137 0 43.42089684 0 153.51003298 0 -28.01918229 0 246.76779600 0 108121
0.31850000 0.31849900 3048.85321741 0 -6.77730359 0 69.70006329 0 92.01013346 0 159.23553215 0 110484
0.31950000 0.31950100 3083.14420738 0 -27.32395102 0 2.02242656 0 133.82122499 0 162.10104981 0 110817
0.32050000 0.32049800 3109.27489395 0 15.41356193 0 -42.78744914 0 125.80818352 0 42.26262094 0 111088
0.32150000 0.32149900 3063.62369872 0 52.71412051 0 -111.43741314 0 50.84810160 0 37.64800813 0 112635
0.32250000 0.32250100 3052.00882999 0 68.70787226 0 -135.12997378 0 2.57181317 0 142.21072551 0 113202
0.32350000 0.32350400 2995.29638227 0 63.55215493 0 -129.30039477 0 -13.46151107 0 187.29833940 0 113863
0.32450000 0.32450300 2985.32021760 0 50.49256925 0 -114.00619250 0 43.07366873 0 194.96149541 0 114045
0.32550000 0.32549900 2952.09217082 0 47.79169706 0 -66.32964761 0 -90.22128866 0 169.21391127 0 114828
0.32650000 0.32650300 2918.89734102 0 89.24415599 0 10.13672444 0 -95.38320649 0 137.41087270 0 116431
0.32750000 0.32750400 2884.76136360 0 64.98845691 0 17.65880796 0 -112.72401728 0 146.28534104 0 116442
0.32850000 0.32850400 2874.65233104 0 70.56481186 0 79.77831478 0 -51.75392850 0 151.16159289 0 116955
0.32950000 0.32949800 2836.14278532 0 17.88379760 0 32.32343784 0 -32.98301623 0 133.99727496 0 117028
0.33050000 0.33049700 2840.72672780 0 33.19859440 0 97.35408031 0 18.38625970 0 -5.82275846 0 119061
0.33150000 0.33150100 2841.67894773 0 63.48073844 0 51.35344251 0 7.41170351 0 43.70966307 0 120060
0.33250000 0.33250400 2831.50348122 0 30.93806856 0 41.69748948 0 38.14449117 0 27.98087205 0 119737
0.33350000 0.33350100 2839.26518092 0 -25.67672125 0 10.20691191 0 59.34422861 0 67.56310460 0 120531
0.33450000 0.33450000 2875.99208234 0 2.45569770 0 -16.56685529 0 2.73933745 0 -71.89858410 0 121704
0.33550000 0.33550300 2866.39237673 0 70.77839700 0 29.51372470 0 -23.02534235 0 -11.96154322 0 122761
0.33650000 0.33650300 2830.87235871 0 100.67799222 0 -2.67182949 0 -43.35103047 0 69.84876461 0 122472
0.33750000 0.33749900 2744.97326277 0 92.32148723 0 5.79782359 0 -4.15454665 0 54.84676099 0 122985
0.33850000 0.33849800 2724.94342717 0 37.03183325 0 11.07819315 0 59.75501186 0 80.74337861 0 125380
0.33950000 0.33950300 2698.97882547 0 44.59888148 0 -25.36049566 0 84.61669928 0 75.60869870 0 125223
0.34050000 0.34050000 2679.23687032 0 48.24865191 0 -48.93004278 0 89.60810331 0 63.72366524 0 125178
0.34150000 0.34149900 2641.92313568 0 22.23123522 0 -117.84718197 0 69.09872533 0 116.96028876 0 127059
0.34250000 0.34250300 2657.38010112 0 2.52136766 0 -153.44581350 0 76.68404289 0 130.94131331 0 127957
0.34350000 0.34349800 2670.24614256 0 -13.62383135 0 -208.89823066 0 63.97722148 0 106.97216598 0 126732
0.34450000 0.34449700 2695.52426012 0 27.55004789 0 -199.35610113 0 -40.15378595 0 31.00649553 0 129639
0.34550000 0.34550000 2671.44195364 0 91.70619814 0 -198.07060422 0 -74.38576043 0 40.61240165 0 129826
0.34650000 0.34650400 2599.23932350 0 108.79323125 0 -195.37449312 0 -64.06878961 0 174.31382408 0 130875
0.34750000 0.34750200 2572.69896091 0 35.30288973 0 -196.23370553 0 27.10649056 0 137.63121196 0 130686
0.34850000 0.34850200 2579.97347832 0 -22.42555452 0 -216.47280806 0 108.63024663 0 137.14292244 0 132211
0.34950000 0.34950400 2598.61927331 0 25.37289666 0 -187.92392575 0 68.99276318 0 100.79480524 0 132768
0.35050000 0.35050300 2597.39024526 0 40.56069389 0 -272.55524050 0 41.54978467 0 195.41103179 0 132957
0.35150000 0.35150100 2585.98575069 0 21.61506034 0 -324.53537660 0 37.25593710 0 305.33375090 0 133987
0.35250000 0.35249800 2566.04449370 0 45.87928512 0 -306.92595121 0 63.75754656 0 313.39329613 0 134778
0.35350000 0.35349800 2577.40469896 0 51.92023482 0 -320.57812771 0 -11.43239682 0 286.59494837 0 135699
0.35450000 0.35450100 2507.74870353 0 68.21825406 0 -295.68975598 0 12.81986984 0 263.02861223 0 137380
0.35550000 0.35550100 2489.54580152 0 83.04298976 0 -299.78651616 0 -105.02387971 0 344.51870843 0 136161
0.35650000 0.35649900 2434.38347928 0 65.10803801 0 -204.07180427 0 -81.26399933 0 294.95012468 0 138792
0.35750000 0.35750000 2443.73959375 0 23.02489946 0 -228.59368204 0 -22.43197647 0 328.03201677 0 138097
0.35850000 0.35849800 2459.62837986 0 -9.77443798 0 -200.03040571 0 -1.21053727 0 286.65141723 0 140028
0.35950000 0.35950300 2459.19655920 0 -2.60235065 0 -249.81822149 0 58.58477785 0 255.16504714 0 141099
0.36050000 0.36050500 2506.08785480 0 17.04529044 0 -248.94572229 0 67.59997544 0 265.06149107 0 140821
0.36150000 0.36150200 2500.23059497 0 42.17725332 0 -297.97619105 0 34.42884041 0 163.74418281 0 141756
0.36250000 0.36250400 2465.82888176 0 82.16805465 0 -315.38299290 0 -12.48670359 0 288.52264012 0 142971
0.36350000 0.36349900 2445.06827273 0 75.55621588 0 -274.72209447 0 -113.42157374 0 262.41741990 0 142270
0.36450000 0.36450000 2391.66645013 0 54.69208061 0 -214.16090664 0 -57.34301662 0 318.81873529 0 145311
0.36550000 0.36550300 2415.31693594 0 11.01220209 0 -180.55197189 0 -19.92963106 0 234.10437811 0 145434
0.36650000 0.36650100 2406.48122073 0 26.26311158 0 -196.80835919 0 -30.95844164 0 213.66929542 0 144547
0.36750000 0.36749600 2415.05120014 0 35.22704430 0 -165.30095168 0 25.36713905 0 185.66960042 0 146892
0.36850000 0.36849900 2414.02147394 0 37.81365010 0 -160.61846552 0 -53.40702659 0 132.20688003 0 148113
0.36950000 0.36949900 2380.33946184 0 62.36165857 0 -182.98234719 0 -53.99319547 0 171.96649122 0 147387
0.37050000 0.37049800 2360.24319229 0 53.71262276 0 -156.83837382 0 28.09115240 0 186.44355592 0 149758
0.37150000 0.37150100 2329.00816398 0 36.13353554 0 -238.59863475 0 79.04078723 0 214.45543048 0 150099
0.37250000 0.37250000 2356.43431255 0 18.55123734 0 -309.80032673 0 79.96488346 0 146.21779986 0 150468
0.37350000 0.37349800 2308.56865236 0 61.31787051 0 -283.85897691 0 50.54804160 0 85.65771926 0 150709
0.37450000 0.37449700 2282.82549716 0 81.41447222 0 -330.57200809 0 21.55405183 0 104.60080618 0 153108
0.37550000 0.37550100 2224.92831068 0 44.95673901 0 -341.75062722 0 -32.88757279 0 180.69037595 0 153189
0.37650000 0.37649900 2213.62346704 0 30.26309964 0 -357.81767777 0 31.20347219 0 180.06368236 0 153547
0.37750000 0.37749900 2237.82756910 0 -2.97160161 0 -372.66566535 0 36.35154961 0 61.36359921 0 155424
0.37850000 0.37850200 2217.59843165 0 26.95701417 0 -417.71120441 0 4.18680033 0 109.95305727 0 155313
0.37950000 0.37949900 2236.15564805 0 38.49338013 0 -420.06518067 0 -1.41911773 0 111.09195660 0 156100
0.38050000 0.38050000 2236.32173292 0 45.86278735 0 -411.28482709 0 -36.69468096 0 128.61391063 0 157557
0.38150000 0.38149800 2231.67135650 0 50.58845559 0 -407.53573790 0 -54.97885382 0 26.70235070 0 157692
0.38250000 0.38250100 2187.79173324 0 56.86801388 0 -366.92355770 0 -87.77740513 0 106.13675908 0 159703
0.38350000 0.38350500 2194.18046466 0 61.80903884 0 -335.13269868 0 -43.40738860 0 80.90547745 0 160338
0.38450000 0.38450600 2165.08239504 0 40.71614933 0 -340.84158936 0 -1.22972561 0 124.05875620 0 160167
0.38550000 0.38550000 2134.07988555 0 48.30877463 0 -351.36472686 0 51.20141949 0 109.39014028 0 160033
0.38650000 0.38649600 2139.56068633 0 19.63211769 0 -334.99761632 0 53.43227149 0 81.15072944 0 162444
0.38750000 0.38750200 2125.27738732 0 37.96678036 0 -378.95917478 0 46.66099125 0 119.64311306 0 164307
0.38850000 0.38850400 2107.25164251 0 54.84199989 0 -375.47582139 0 -10.83866555 0 123.78748424 0 163882
0.38950000 0.38950500 2075.97232490 0 68.74795408 0 -355.06731228 0 -14.98041259 0 162.03793756 0 164595
0.39050000 0.39050100 2069.48394255 0 36.01229358 0 -346.36667944 0 2.73754373 0 194.30490654 0 165006
0.39150000 0.39150100 2063.90349085 0 37.86812594 0 -361.65091662 0 8.97039896 0 174.42897626 0 166687
0.39250000 0.39250100 2054.85740147 0 42.70064211 0 -319.22951854 0 -34.91701921 0 253.70017857 0 167256
0.39350000 0.39350100 2073.53641344 0 -6.16164911 0 -366.50059489 0 58.39034782 0 200.31828615 0 167937
0.39450000 0.39449600 2086.70140765 0 -11.01588918 0 -384.77878870 0 46.64803663 0 192.08711988 0 167719
0.39550000 0.39549700 2113.39678278 0 18.55422687 0 -423.87295317 0 50.46344904 0 113.59540924 0 171636
0.39650000 0.39650400 2104.66071850 0 35.68123107 0 -468.80334005 0 -19.65824838 0 104.11760992 0 171093
0.39750000 0.39750000 2054.72453357 0 86.24577043 0 -432.18826911 0 -57.97845734 0 73.47351159 0 170464
0.39850000 0.39849800 2065.63077352 0 54.27155371 0 -466.43607701 0 -64.53006266 0 91.74627996 0 172113
0.39950000 0.39949500 1999.89438107 0 34.85158177 0 -461.48231888 0 39.32779052 0 103.38451130 0 173232
